2292
1886
1472
1235
1059
895
764
608
534
459
340
327
264
265
206
192
206
166
166
161
128
126
140
113
114
103
119
100
100
106
93
87
98
81
93
94
79
96
78
93
71
58
78
79
84
92
95
67
71
78
89
74
68
53
67
76
78
77
67
69
67
66
69
72
67
61
70
69
70
72
69
64
62
68
49
60
66
63
78
62
86
57
65
64
57
55
48
55
58
57
72
52
72
64
67
58
56
61
51
54
53
67
59
69
48
55
56
65
55
59
63
54
49
60
84
57
61
60
68
56
61
59
49
49
65
62
47
52
65
47
60
46
47
52
43
54
41
49
57
42
47
46
58
39
52
50
44
40
45
36
61
38
45
43
54
61
39
50
46
37
45
56
46
38
52
27
44
42
38
45
48
55
32
35
47
48
44
44
41
41
40
40
26
41
39
34
27
47
44
34
47
32
44
31
29
36
54
39
24
36
48
36
45
35
45
33
33
32
44
24
40
38
47
37
29
39
49
39
38
29
38
43
24
42
40
24
28
37
33
35
32
33
36
38
31
29
35
38
37
38
28
33
26
27
24
32
36
39
32
33
30
32
28
34
40
33
14
36
38
27
26
32
30
32
33
40
28
31
26
29
28
27
43
30
30
31
25
29
45
36
27
38
32
26
32
31
48
21
28
28
31
25
38
32
36
36
33
34
28
31
33
30
27
37
33
17
29
20
32
35
27
32
38
39
29
30
29
39
31
43
36
22
18
30
35
34
37
36
37
32
29
30
23
37
23
30
28
23
35
29
34
33
29
35
27
27
22
29
18
32
31
31
38
22
31
28
28
32
28
35
30
33
21
38
30
15
25
24
35
41
31
41
30
31
35
20
34
27
20
30
18
21
14
25
35
26
23
23
27
28
30
28
26
31
19
27
27
22
24
31
23
30
23
34
27
28
21
37
23
24
25
28
32
33
23
22
31
24
20
27
26
43
16
19
28
24
20
27
20
36
21
22
11
16
29
23
17
30
25
20
26
21
23
22
17
22
24
28
28
26
19
24
21
20
25
22
25
28
20
21
23
27
24
24
28
11
20
25
24
23
32
22
21
36
24
23
26
19
24
29
24
25
23
25
28
19
22
30
19
27
25
19
15
22
32
24
28
15
21
25
33
18
22
18
16
24
21
19
23
18
24
20
19
29
23
20
23
26
22
20
23
21
19
19
18
24
27
24
18
22
21
22
19
24
22
28
26
26
27
25
23
18
24
22
26
17
19
25
19
24
30
33
19
16
23
30
20
14
23
19
23
20
21
23
22
26
24
22
22
16
22
17
17
18
17
18
28
23
29
23
20
23
19
19
24
23
29
22
19
25
18
28
20
27
24
22
20
26
19
21
26
15
16
21
15
16
19
26
25
26
16
22
19
19
14
24
19
15
13
28
30
21
24
21
29
18
16
14
21
17
21
16
24
13
17
18
21
21
17
19
12
19
21
25
17
20
14
21
24
22
19
17
27
19
19
18
12
21
14
16
17
15
26
19
23
16
28
14
18
20
15
28
23
20
18
10
24
15
19
18
18
18
17
16
24
24
18
14
22
15
21
17
20
20
14
18
19
18
22
26
20
22
17
19
22
18
17
21
18
18
19
16
13
24
19
15
26
18
21
17
13
13
19
19
16
19
13
18
18
23
11
17
24
15
19
16
20
20
15
24
21
14
17
24
18
19
26
25
17
13
21
23
13
24
20
14
15
24
14
21
22
21
20
22
15
18
9
18
14
12
17
15
15
20
13
16
20
15
18
22
15
23
17
22
20
19
19
14
16
13
21
24
15
19
15
18
22
15
17
26
16
16
24
12
16
23
13
19
25
16
10
15
18
17
18
15
13
12
24
21
20
30
16
17
16
21
19
18
17
15
22
15
16
18
20
11
13
21
17
22
25
17
18
17
17
21
18
27
21
14
11
19
23
19
22
13
17
17
19
18
14
13
15
17
16
12
12
15
15
27
18
23
23
12
15
20
16
22
20
20
25
12
11
16
25
17
21
26
18
8
14
14
17
20
16
18
22
14
23
14
15
19
17
22
21
15
24
15
17
14
21
17
17
19
15
16
16
16
17
19
22
14
13
16
18
12
10
18
18
16
20
16
18
21
14
19
17
17
18
17
15
14
23
17
19
17
12
13
19
24
13
14
11
17
15
19
18
21
20
18
11
13
15
12
16
20
10
21
18
17
14
15
17
14
15
23
17
13
8
15
19
16
19
19
17
17
14
11
16
17
14
18
23
24
14
19
14
21
15
15
10
13
21
22
11
17
20
13
11
17
17
12
23
13
13
16
16
16
26
14
11
15
19
13
17
17
28
16
11
16
17
17
22
10
17
11
18
11
16
16
25
17
15
18
12
17
13
13
17
15
14
18
20
15
18
17
14
19
14
14
21
13
16
20
10
17
16
16
15
9
20
15
14
27
12
13
19
16
17
16
7
16
17
21
10
18
16
23
16
13
12
9
29
18
10
11
14
19
13
12
10
12
16
9
13
16
21
14
14
19
13
13
11
14
12
24
13
13
15
10
18
19
17
21
16
11
21
10
14
23
19
14
16
17
13
8
20
12
23
11
16
11
13
9
12
16
12
11
21
23
23
17
17
15
7
11
19
25
18
13
8
11
14
15
14
9
15
14
13
16
10
16
12
24
7
17
26
18
19
17
16
9
19
19
14
16
13
14
13
10
11
16
9
20
12
17
17
11
14
12
17
16
15
15
6
11
23
15
25
17
13
15
15
18
14
9
12
23
12
10
13
13
22
14
10
13
16
20
16
15
22
19
12
18
10
14
18
17
14
16
11
19
15
20
27
17
15
21
16
13
15
13
21
15
12
13
11
11
15
6
21
20
16
17
16
10
9
18
15
24
7
21
9
22
8
14
13
22
13
9
10
16
12
16
9
9
18
16
21
12
12
19
15
15
17
16
11
9
17
13
13
22
15
17
16
9
10
18
16
16
18
10
13
21
10
19
6
10
11
12
6
10
16
21
13
16
14
17
12
17
16
17
10
24
15
11
12
17
17
10
15
12
17
14
14
10
11
21
10
11
12
16
19
16
17
12
11
13
15
13
12
13
10
12
12
13
9
20
15
12
22
10
16
15
13
9
16
17
13
11
18
15
16
8
18
21
16
11
11
13
17
15
19
5
23
12
13
17
7
7
24
18
12
16
22
16
16
9
13
17
13
12
14
15
19
17
10
11
20
14
11
9
10
15
15
11
10
12
11
10
19
10
12
9
17
16
12
15
16
20
19
14
13
14
12
15
15
3
11
12
13
9
12
16
14
15
23
12
15
11
19
17
12
19
15
5
9
18
18
22
14
15
13
11
12
16
17
11
12
11
17
18
19
10
13
15
9
12
14
9
16
19
11
11
7
10
17
12
14
15
17
12
20
16
13
18
10
16
12
11
15
11
12
9
14
14
6
14
7
4
13
9
20
15
7
12
9
11
7
12
7
13
10
16
10
8
11
14
14
15
13
14
8
10
16
13
13
11
10
18
10
18
10
14
9
15
9
14
12
19
14
5
12
16
13
12
10
9
12
13
9
19
13
13
9
9
10
11
11
14
15
13
14
9
17
12
13
9
10
13
11
6
12
21
13
11
14
10
15
12
12
13
18
12
9
21
11
12
11
10
14
12
14
14
10
8
15
21
12
13
12
11
10
13
19
10
17
14
17
10
11
8
11
15
11
8
9
10
17
9
16
14
20
16
14
16
12
16
12
11
9
17
8
19
9
14
7
19
11
16
12
18
9
8
10
10
14
14
14
15
13
6
13
11
12
10
11
12
22
8
12
11
11
12
6
18
11
14
14
16
15
9
13
12
14
12
16
19
9
12
16
11
11
11
13
13
11
14
12
14
11
9
10
16
13
15
11
9
8
8
6
15
14
12
18
18
12
13
9
13
10
10
16
14
8
15
10
12
13
11
19
11
10
21
15
13
7
10
13
12
10
13
18
18
12
11
13
9
13
11
17
14
8
15
7
11
18
9
11
11
7
9
10
7
8
19
16
15
7
14
16
15
14
9
10
12
10
9
10
15
14
12
16
18
14
14
14
10
16
11
19
11
11
12
18
14
15
9
11
11
12
13
13
16
10
16
4
6
9
12
9
10
10
13
13
16
13
17
13
16
15
11
18
17
6
21
11
11
16
11
13
9
10
7
15
11
10
13
17
15
9
17
7
12
15
13
13
12
8
15
15
6
12
12
15
10
17
11
14
14
9
19
6
18
15
10
8
13
15
17
19
15
10
11
11
12
7
16
11
10
12
10
10
13
13
9
16
14
14
11
14
6
14
12
5
11
8
11
19
9
16
11
10
20
18
11
11
15
21
12
10
13
15
12
10
10
10
10
8
7
10
16
16
14
14
4
11
9
12
7
16
13
13
12
9
8
13
12
8
13
13
12
8
10
14
6
12
9
15
9
14
3
8
9
5
22
13
16
7
9
9
14
6
12
14
10
11
7
6
16
8
12
14
8
13
8
6
9
7
12
15
15
8
18
10
14
10
9
6
11
16
4
15
13
11
10
8
9
12
7
17
9
14
6
14
12
9
9
15
12
13
9
16
8
10
13
11
13
12
13
6
9
10
14
10
10
9
9
6
8
8
9
8
11
8
7
10
17
13
9
11
10
15
12
13
8
17
7
8
9
7
8
14
12
16
16
17
7
12
9
5
7
18
20
10
14
17
14
18
13
9
9
16
9
11
8
10
13
12
11
8
9
4
7
6
16
20
15
10
14
8
6
11
10
10
14
13
19
13
9
7
12
9
13
13
9
10
19
11
16
11
11
10
18
10
13
12
15
18
5
16
9
12
12
10
11
13
16
13
11
16
15
9
14
10
8
12
9
17
14
17
10
14
8
3
22
6
15
12
11
13
10
12
12
9
8
11
9
18
12
12
14
12
7
5
17
14
11
10
8
8
10
7
9
10
8
10
16
10
18
12
10
9
9
16
14
12
5
13
10
8
16
12
18
18
11
11
13
12
11
5
17
19
9
9
12
8
13
4
10
8
12
6
11
5
14
9
16
7
10
11
9
6
11
3
7
14
19
11
7
14
7
9
11
7
8
8
12
6
10
7
17
16
7
16
13
7
11
14
9
11
8
9
17
17
16
13
10
11
10
12
12
15
8
7
12
10
19
15
7
15
10
14
14
11
15
14
13
10
13
4
16
5
10
8
17
12
7
17
11
12
10
14
12
12
18
15
14
9
14
13
8
9
8
14
13
14
13
13
12
7
10
12
8
11
9
9
12
22
16
16
8
4
15
11
10
13
14
18
6
9
5
9
12
16
7
15
16
20
10
6
13
9
11
4
5
17
12
17
12
11
8
17
15
10
11
12
17
14
13
18
14
13
9
14
12
11
9
6
12
14
11
10
12
7
19
14
16
10
5
9
10
13
11
8
12
19
13
6
14
7
9
14
10
14
11
12
11
11
5
9
8
5
13
9
12
6
11
12
11
10
12
19
15
9
11
7
12
8
12
13
9
11
13
13
5
17
13
15
8
9
13
8
15
11
13
13
7
12
7
13
19
7
12
12
12
11
15
11
8
12
12
6
13
17
11
15
13
12
9
11
11
8
6
8
7
14
7
12
14
12
9
10
13
9
9
8
12
15
13
11
13
8
11
3
13
12
7
10
7
9
14
10
13
14
11
15
23
15
6
8
9
8
13
9
10
12
12
12
11
5
14
13
9
6
9
9
9
14
7
10
13
11
7
8
9
12
10
14
6
12
11
7
7
8
10
17
8
6
4
8
11
17
13
8
13
7
11
14
6
12
6
8
11
11
12
9
9
14
8
7
4
11
7
6
9
3
11
14
8
13
8
6
9
12
13
7
12
10
14
7
7
10
5
11
14
6
10
14
12
9
6
13
12
10
11
8
6
4
8
8
16
9
8
9
3
11
8
13
12
18
13
8
10
6
9
5
10
11
11
9
7
8
10
6
13
7
7
14
12
8
9
7
4
5
6
7
6
8
8
13
9
7
7
15
7
8
5
8
9
10
8
14
6
11
11
10
6
7
4
8
13
10
10
2
12
9
13
7
7
8
15
7
4
14
9
14
9
4
11
13
6
7
9
9
13
13
9
11
10
14
8
14
14
14
13
12
6
8
12
9
12
10
7
7
11
13
11
13
12
12
12
11
11
8
3
8
11
6
10
7
6
12
9
12
8
9
9
7
8
16
7
6
9
5
6
8
7
7
8
4
4
6
5
7
8
9
13
4
8
7
10
14
7
4
4
11
9
7
12
8
10
13
13
14
9
8
8
11
8
8
5
18
9
16
9
9
10
6
6
13
6
11
6
6
9
8
13
7
12
6
10
12
5
7
5
8
6
10
5
14
2
7
13
5
11
10
11
12
9
12
9
9
7
8
10
10
11
7
3
9
10
7
6
8
7
7
6
6
6
9
10
10
5
10
7
11
10
9
13
8
12
8
11
5
6
10
10
10
13
8
7
10
5
8
9
6
9
8
4
6
6
10
5
12
10
8
7
10
5
14
11
8
6
7
10
8
8
11
5
7
14
8
9
10
8
12
14
5
14
7
14
16
14
7
10
10
3
9
8
11
10
5
9
7
6
10
9
9
6
9
5
8
8
8
8
10
12
10
9
10
8
12
3
6
9
6
10
6
9
4
11
8
6
11
8
9
11
5
8
11
8
12
10
10
7
6
11
6
8
4
6
4
8
10
13
4
8
7
7
4
10
7
8
3
9
4
15
6
12
13
9
10
7
6
4
6
8
10
7
7
7
8
6
12
12
11
4
8
9
4
8
9
11
14
8
7
7
11
4
6
11
6
9
6
6
4
11
9
6
9
13
9
14
8
6
9
3
7
12
10
8
3
1
5
8
8
8
6
10
9
4
6
4
11
10
1
4
8
8
4
5
5
6
7
5
10
8
7
9
6
7
14
8
5
10
7
7
8
10
8
5
6
11
5
10
4
11
9
10
4
7
12
3
10
9
17
13
11
7
8
3
6
4
6
7
7
5
1
12
11
7
14
8
3
8
5
8
6
7
7
9
8
10
7
6
6
5
7
11
5
8
10
9
7
9
4
12
8
6
4
8
13
9
9
10
2
9
7
7
7
12
4
8
7
9
8
10
8
6
6
3
6
9
9
8
10
6
8
10
6
3
6
4
6
11
7
9
5
11
9
8
10
2
5
6
1
7
8
11
6
5
7
2
6
11
9
6
14
4
10
6
8
8
8
3
3
5
4
5
9
4
14
7
3
10
2
11
3
8
5
8
12
8
8
7
3
5
6
7
4
8
10
12
4
5
5
9
6
5
8
6
5
7
4
7
8
4
9
7
7
3
15
6
11
6
4
6
4
8
8
12
5
8
6
3
6
8
7
5
7
11
9
9
5
5
6
12
7
8
5
4
11
7
14
6
2
7
7
5
6
5
11
7
3
7
8
7
1
12
8
4
3
5
11
3
6
8
5
9
3
6
9
8
7
11
10
10
6
4
6
7
8
4
9
6
7
11
7
6
7
8
7
6
10
5
5
5
5
9
6
5
2
6
5
2
6
9
3
5
5
7
9
9
6
9
10
9
7
8
7
6
6
10
5
5
2
8
13
6
5
6
11
6
5
4
11
5
6
9
5
8
11
5
8
5
9
10
5
10
6
6
8
9
6
6
12
4
6
6
4
12
9
4
8
3
1
14
10
6
8
12
9
6
9
4
9
7
7
5
7
13
5
2
10
8
6
4
11
5
6
5
7
6
11
6
10
4
4
6
7
9
8
8
5
6
11
6
3
4
9
6
4
8
12
5
4
2
5
4
5
6
7
6
9
6
7
5
4
5
9
4
6
9
6
5
7
4
7
5
6
5
9
8
2
7
9
4
4
8
10
8
4
4
5
6
6
8
8
10
8
8
1
11
10
4
9
8
7
5
5
9
1
11
9
7
5
6
5
4
7
8
5
7
9
6
9
5
5
8
3
8
9
4
9
5
5
4
3
8
6
9
10
9
4
6
6
3
5
5
6
6
6
10
6
5
5
8
4
3
8
6
4
8
2
3
5
6
11
0
5
4
6
8
7
4
4
6
3
3
8
10
7
5
5
1
8
7
8
2
5
3
7
8
4
5
4
7
7
6
2
7
5
8
6
10
7
7
7
5
5
5
5
6
8
5
8
6
4
5
4
5
5
3
7
6
5
9
5
6
3
5
8
5
7
4
7
6
6
8
5
5
2
4
11
5
2
11
5
5
2
5
5
6
6
4
6
4
5
5
4
5
5
6
9
5
5
4
2
5
7
5
4
4
5
4
4
4
9
6
12
7
7
4
7
2
3
5
7
6
6
2
3
4
6
5
5
1
5
5
3
6
7
4
7
2
6
4
5
4
7
7
3
10
4
3
4
2
6
4
3
7
4
2
8
6
7
3
6
8
4
8
6
9
5
1
5
3
6
8
6
5
1
3
6
5
4
2
3
5
15
4
6
6
6
5
8
5
2
3
5
8
3
4
2
7
4
6
3
8
4
9
7
5
7
5
6
5
5
5
2
5
3
4
6
7
5
3
3
3
5
3
3
6
6
4
4
2
7
4
5
2
7
4
2
6
5
7
6
4
2
4
6
10
8
9
1
6
6
2
8
10
9
5
3
3
5
10
4
6
7
7
5
6
7
2
7
4
9
2
3
5
2
8
3
3
6
8
3
4
2
3
4
7
7
7
5
5
2
4
5
4
8
5
5
7
4
7
5
5
2
2
9
4
3
4
5
5
4
2
9
3
7
7
5
6
4
5
4
4
4
4
6
5
6
4
3
6
9
6
5
5
1
3
10
9
7
8
4
0
5
9
2
6
2
0
2
4
4
9
1
5
8
8
3
3
5
7
2
7
5
3
8
5
6
0
4
3
2
6
2
7
9
6
4
4
6
5
5
3
5
9
3
2
6
5
2
8
4
11
5
4
2
6
4
2
5
3
2
2
4
5
4
8
2
3
3
3
6
6
11
2
3
7
4
5
8
7
2
2
5
5
3
4
7
5
3
6
5
5
3
5
5
5
8
5
4
6
1
5
5
2
6
6
4
1
9
2
4
3
2
6
3
5
2
0
2
5
3
4
9
8
4
4
4
5
3
4
6
2
7
3
5
1
4
3
6
3
2
7
6
4
7
4
4
3
3
2
6
5
9
4
6
4
8
2
3
4
2
5
6
5
1
5
8
7
4
3
5
3
4
9
8
5
2
3
6
4
3
3
5
2
6
5
3
7
5
3
8
2
1
4
2
4
7
6
3
2
6
7
4
7
2
7
4
5
2
3
4
1
5
2
4
2
3
4
5
6
5
3
3
4
4
7
3
4
4
4
4
3
3
7
9
7
5
6
7
4
6
4
4
5
6
3
1
3
4
6
4
4
2
4
6
5
6
7
2
2
4
1
3
1
4
1
6
2
5
4
9
1
6
3
4
6
7
3
5
4
3
5
4
6
4
5
5
4
6
5
5
4
5
9
3
5
4
0
0
3
3
5
4
3
8
2
2
6
2
6
9
5
4
3
5
7
6
4
3
4
3
4
4
2
1
3
2
6
4
2
3
6
6
3
1
5
5
11
5
6
3
1
1
3
4
4
6
5
6
2
6
1
6
2
3
4
3
5
6
6
2
5
7
8
1
4
6
6
2
4
3
7
5
1
5
3
5
3
6
4
3
3
4
2
2
5
5
5
10
5
5
2
2
1
3
6
5
7
5
3
5
2
2
6
6
2
6
6
4
4
1
5
1
8
4
5
2
4
4
3
2
5
5
5
6
1
4
3
4
3
2
5
3
4
4
4
3
10
1
7
3
4
7
3
5
5
6
1
7
1
9
3
6
1
2
2
5
4
5
5
3
5
6
4
2
6
7
6
6
3
4
2
5
5
3
2
7
7
4
7
4
4
3
2
4
6
3
4
0
6
6
4
3
5
3
4
3
3
4
5
6
3
4
4
7
3
2
5
5
3
4
6
2
4
3
6
2
4
4
8
2
1
6
3
4
3
5
3
5
4
4
4
2
4
3
6
2
6
4
2
3
5
7
4
3
8
6
1
7
5
5
7
4
3
6
4
2
5
1
2
4
6
2
6
6
2
4
1
7
4
7
4
5
7
4
4
7
4
3
3
3
2
6
4
2
1
4
2
6
5
4
4
4
1
6
3
4
4
7
6
1
4
9
4
4
8
7
1
4
3
6
4
4
2
1
7
7
6
3
5
1
6
1
2
2
2
3
4
2
1
3
5
5
5
3
4
3
3
4
1
3
7
0
3
5
6
5
6
1
6
0
5
5
5
2
3
5
2
2
6
4
7
3
3
3
2
3
2
4
2
1
4
2
5
2
4
8
2
4
7
6
4
10
8
8
4
5
4
9
3
6
6
2
2
4
8
4
5
8
4
1
6
8
1
2
3
5
4
1
4
1
3
4
0
2
3
9
2
6
4
4
5
4
2
4
4
2
2
6
4
2
1
6
4
2
2
5
2
10
7
4
4
4
1
8
1
5
3
5
3
5
4
3
8
5
6
2
4
1
4
4
5
0
2
3
4
1
4
3
4
3
5
3
6
5
3
4
5
4
4
3
7
0
5
6
2
3
3
4
3
4
0
5
1
9
5
7
7
5
2
4
7
2
5
5
5
5
1
2
6
3
4
2
4
2
6
1
3
2
8
4
5
2
3
5
5
4
3
4
4
4
7
9
4
3
9
5
5
5
7
3
4
3
5
2
1
3
4
7
6
8
6
4
8
7
6
2
0
3
7
2
4
2
4
5
4
4
6
2
3
6
2
2
5
6
4
7
7
1
3
8
2
5
3
4
2
3
6
4
3
2
4
3
6
4
6
0
5
7
5
2
5
6
4
7
2
5
4
8
5
6
5
4
4
4
1
7
0
6
6
7
5
4
2
7
4
4
8
4
10
4
6
4
4
3
5
1
5
2
4
3
4
6
6
3
1
3
2
8
4
4
4
6
6
4
3
7
3
2
5
2
3
4
3
7
4
2
1
2
7
2
3
7
8
8
4
1
5
4
5
1
5
4
5
5
5
7
6
2
6
3
4
1
7
1
7
5
6
3
5
1
4
9
7
5
3
3
4
6
7
2
4
5
4
2
4
4
5
0
3
5
4
4
6
5
4
0
4
3
6
3
3
5
2
1
5
5
6
4
5
4
2
4
3
4
3
2
3
4
3
6
7
1
9
9
5
2
3
3
2
6
3
2
6
4
9
1
5
4
4
4
4
7
1
5
6
7
2
3
2
1
2
5
14
3
8
7
2
3
3
3
3
4
7
4
5
3
7
2
7
5
6
3
4
6
6
2
3
7
2
6
9
4
9
2
2
2
4
2
5
6
2
3
6
3
4
5
0
10
5
2
5
3
7
4
7
3
7
5
5
6
2
5
10
1
8
7
9
6
4
7
8
8
4
4
8
9
4
8
6
3
2
9
4
4
3
3
5
4
1
7
9
2
0
4
5
4
7
7
6
8
8
5
3
6
5
4
5
6
5
6
7
6
9
3
3
7
10
14
4
8
4
11
8
6
7
9
14
9
6
3
9
7
10
3
11
7
7
10
9
14
9
7
8
10
10
13
12
22
17
22
13
19
14
20
21
16
36
40
40
34
43
44
39
42
28
45
42
50
34
56
46
50
40
49
51
50
46
50
38
42
33
44
39
26
39
29
23
29
26
24
14
16
17
11
14
7
13
20
11
12
8
9
12
6
12
11
3
3
9
3
3
4
3
6
9
1
7
4
1
6
3
4
7
6
5
4
4
3
2
4
4
7
3
0
5
4
3
2
6
4
4
3
4
5
7
2
4
8
4
5
6
3
5
4
8
1
4
3
9
2
7
7
4
1
4
4
6
2
7
2
3
4
4
7
6
9
2
11
5
4
7
3
3
6
5
3
3
3
5
7
3
7
3
2
3
9
4
7
8
8
8
4
3
2
5
9
7
7
4
5
7
2
3
5
2
6
8
5
1
14
1
7
5
3
6
7
3
10
5
4
8
4
7
13
5
6
4
8
7
4
3
5
8
5
8
5
9
9
2
5
4
4
4
7
6
2
11
7
7
6
4
6
8
7
9
8
8
6
10
11
6
15
10
10
13
5
12
14
5
9
7
11
10
10
16
12
4
13
7
12
8
13
9
14
3
5
9
12
10
5
5
6
4
7
5
5
4
9
8
1
4
3
2
3
1
4
1
2
5
4
0
4
3
5
2
0
3
3
4
3
3
4
3
3
3
3
2
0
3
1
4
1
1
2
2
2
1
4
3
4
1
6
2
7
0
1
2
2
2
1
2
2
0
2
1
3
0
5
4
4
7
1
3
3
0
3
3
6
0
0
2
2
1
2
3
3
4
2
1
1
1
2
4
1
3
3
4
1
1
2
1
6
2
1
2
0
2
0
3
1
4
2
1
2
3
2
3
2
4
3
1
1
0
1
2
2
2
0
1
3
0
2
2
0
0
2
1
1
2
4
3
0
5
0
2
2
3
2
3
2
1
0
1
7
1
4
1
1
4
1
1
0
1
4
2
1
3
2
3
2
1
0
2
1
5
3
2
1
1
2
1
6
6
5
5
0
3
4
0
3
3
1
4
5
1
0
2
3
1
5
3
5
4
1
3
4
3
1
3
3
1
0
2
3
0
4
1
4
1
2
2
4
4
3
2
2
1
4
5
0
2
4
4
1
2
3
3
2
0
0
3
2
1
2
3
1
1
4
1
1
1
1
0
1
1
5
3
0
3
1
2
2
3
3
2
2
1
1
2
3
0
4
0
0
2
3
0
2
2
5
3
2
1
2
0
0
1
1
2
1
1
1
2
4
6
1
1
5
4
1
1
3
2
3
2
0
2
0
0
2
3
2
4
3
7
3
1
4
1
1
2
3
3
0
2
4
1
2
1
7
2
1
3
2
3
3
4
2
1
2
2
4
3
1
0
2
1
7
2
1
1
3
2
1
1
2
2
1
2
2
4
2
3
2
2
1
0
2
1
1
4
6
1
2
4
2
1
1
5
3
6
7
4
1
2
1
4
1
3
1
3
3
2
0
1
2
0
6
4
2
4
3
4
1
3
1
4
3
3
1
0
0
1
1
2
2
0
5
0
3
2
1
5
2
0
0
3
3
3
2
2
3
1
1
3
1
4
2
3
1
2
3
0
1
3
1
0
6
1
4
0
0
1
5
3
2
1
2
4
4
1
2
6
2
1
0
1
2
2
3
3
1
0
0
1
0
2
1
2
3
3
6
1
2
3
2
1
3
5
2
0
0
1
3
1
1
0
3
3
2
2
2
3
1
2
3
2
1
2
5
9
2
0
0
3
1
1
3
0
1
4
2
2
7
2
2
2
3
5
4
1
1
0
1
2
1
1
0
2
3
5
3
3
3
2
1
2
1
1
0
2
2
4
0
1
2
1
1
1
2
2
0
0
2
2
4
1
1
1
1
3
2
1
2
1
0
3
2
3
1
1
4
0
4
2
1
3
2
2
0
1
2
3
1
2
1
0
5
1
3
1
1
5
1
2
3
3
1
1
2
1
1
3
2
2
2
2
2
1
2
2
1
2
2
2
4
1
2
3
3
1
5
1
1
3
2
3
2
2
5
3
3
5
1
2
2
1
0
1
3
3
1
3
1
4
3
2
3
1
2
0
1
1
3
0
5
2
4
3
3
2
4
2
3
2
4
4
3
2
1
2
2
3
4
4
4
2
4
1
1
0
1
3
1
3
1
1
3
2
3
2
4
2
1
1
3
1
3
5
1
3
1
2
1
4
3
1
1
2
1
3
5
1
1
4
2
0
1
3
0
2
1
3
3
1
2
2
1
0
1
5
2
3
0
2
1
2
3
2
2
0
1
6
3
1
6
2
2
1
4
3
4
1
2
2
1
3
4
0
4
3
6
2
3
3
2
2
3
2
1
1
2
2
1
5
2
1
2
2
5
5
0
2
2
3
2
2
2
0
2
2
1
1
1
2
0
0
2
1
3
1
1
0
2
1
4
3
4
3
2
1
2
2
3
1
3
0
3
1
0
1
6
1
1
0
0
5
2
4
3
2
1
1
6
2
2
2
2
2
2
1
3
1
1
3
2
4
5
3
3
4
3
3
2
3
2
3
2
4
0
0
2
4
3
2
0
0
0
2
1
2
4
2
1
3
1
3
1
0
2
2
2
1
1
2
3
1
4
3
2
3
1
2
1
1
0
3
5
3
1
3
3
1
4
1
0
1
3
3
0
3
1
3
3
1
1
3
0
1
0
3
1
1
2
5
1
1
1
0
7
1
5
2
1
5
1
1
1
1
3
2
3
1
2
2
3
2
2
1
3
2
1
1
3
4
0
2
2
1
0
3
2
1
1
3
0
2
1
2
0
2
4
0
3
1
0
3
2
1
1
1
2
1
3
2
2
3
5
0
1
1
2
1
1
4
2
1
3
1
3
4
2
0
1
2
1
3
4
1
1
0
1
1
2
2
0
2
3
2
1
4
0
3
2
0
1
2
0
4
3
1
4
3
2
7
4
4
2
2
1
1
2
1
2
1
2
1
3
1
2
3
0
1
2
2
4
3
0
3
4
3
1
1
1
2
1
5
4
3
1
1
2
4
1
1
3
1
4
0
4
2
1
4
1
2
1
0
1
1
2
2
5
2
0
1
3
5
1
3
2
3
0
3
2
2
2
1
4
3
0
4
0
5
5
0
2
2
3
3
2
0
5
0
6
2
2
0
1
1
3
1
1
2
2
4
0
2
2
3
1
4
1
2
3
2
5
2
3
0
4
3
2
1
2
2
3
0
2
2
1
2
5
1
1
3
4
0
3
1
1
2
2
1
1
1
3
2
3
5
1
0
6
0
2
2
2
3
2
1
1
1
3
4
1
1
3
1
0
4
3
1
4
1
1
1
3
2
0
0
5
5
2
2
3
1
2
2
2
1
1
0
2
2
1
2
0
4
1
1
3
5
0
3
4
4
3
3
2
2
4
5
6
1
1
1
1
1
3
1
2
2
2
3
4
2
2
4
1
5
1
0
1
3
2
2
3
1
2
1
2
2
2
1
0
1
3
1
3
0
4
1
3
2
2
1
3
0
4
3
2
3
0
2
2
3
5
0
2
1
6
2
1
1
0
2
4
2
3
2
1
4
1
4
1
0
1
4
3
1
1
1
1
1
5
2
1
3
2
1
0
2
1
2
2
2
3
0
5
2
1
3
0
3
3
6
1
3
6
1
4
0
4
1
1
2
1
1
0
3
1
4
1
2
2
2
2
1
0
3
3
2
3
0
0
0
1
3
5
0
0
2
2
0
2
3
2
1
3
1
3
2
1
1
0
5
4
1
1
1
4
2
5
2
1
1
0
1
3
5
2
1
1
0
2
2
2
1
0
0
1
2
4
1
4
1
4
4
1
3
1
3
3
0
3
2
3
2
1
3
1
4
1
2
4
1
2
4
2
1
0
2
0
0
1
2
1
0
1
3
0
2
4
1
3
4
6
2
2
2
1
0
1
2
2
0
2
0
1
3
3
1
3
1
1
2
2
4
1
0
3
2
3
3
3
2
2
0
2
1
0
0
2
4
2
2
1
0
3
1
1
1
1
0
3
3
0
3
0
1
0
4
4
2
1
3
6
3
1
1
2
0
1
5
1
0
1
4
1
1
2
1
3
3
3
1
1
2
1
0
1
2
2
4
1
1
0
2
2
2
7
3
6
2
0
5
1
2
2
3
3
0
2
3
3
4
2
2
0
0
1
2
1
4
3
3
2
1
2
2
1
3
2
2
2
1
1
2
0
1
1
3
4
2
1
6
2
1
2
1
3
2
3
2
1
2
0
2
1
1
0
1
6
1
1
2
1
4
0
0
4
1
3
2
2
1
1
1
4
1
1
0
1
2
2
6
0
2
2
4
3
2
0
1
0
0
2
2
3
3
2
2
3
3
2
3
2
4
3
1
3
3
0
2
3
1
1
2
3
4
0
4
3
2
2
2
2
3
1
2
2
2
1
0
4
0
2
3
1
1
2
3
2
1
2
2
2
5
0
1
4
1
3
2
1
4
3
0
0
4
1
1
0
0
2
2
1
4
2
2
2
1
2
1
3
1
2
1
1
3
3
3
4
2
0
5
3
1
2
1
5
1
4
4
0
1
3
1
1
1
0
3
1
1
0
2
2
3
3
1
0
0
5
2
3
1
3
1
1
1
1
3
1
0
2
2
3
2
2
1
5
3
1
4
2
5
1
2
3
3
2
4
2
2
0
3
0
2
3
2
3
1
3
1
1
0
1
2
1
1
2
4
1
2
3
1
1
1
0
1
1
1
0
1
1
3
1
1
0
4
2
2
2
1
1
2
4
1
3
3
3
0
0
0
2
1
5
4
0
0
0
1
2
2
3
2
2
1
4
0
1
3
0
2
2
0
2
3
4
0
4
2
3
1
0
2
4
3
0
2
0
2
1
3
1
3
2
3
2
2
1
2
2
2
1
0
1
5
2
2
1
2
2
1
1
4
3
4
3
2
3
4
1
2
3
2
0
2
2
3
2
1
1
0
2
0
2
6
0
2
4
0
1
3
1
2
2
4
4
4
4
1
1
1
3
1
3
1
0
1
3
2
1
2
0
2
2
1
2
4
2
2
0
2
1
4
2
1
1
0
2
1
0
2
2
3
0
3
1
3
3
1
1
3
1
2
1
1
3
0
1
3
0
1
3
1
4
3
5
4
2
3
0
2
5
4
1
1
2
0
3
1
3
2
0
5
3
3
4
3
3
2
0
3
3
1
2
0
1
5
4
3
2
3
0
1
4
2
1
0
4
0
2
2
1
0
2
1
2
3
0
1
2
2
4
3
2
0
0
1
1
1
4
3
6
4
1
1
3
4
1
1
5
1
4
1
2
4
3
3
4
4
3
2
4
5
1
1
4
0
1
0
0
2
2
6
2
0
0
3
1
4
2
4
3
2
1
1
0
3
4
3
1
1
2
1
3
1
3
1
6
2
4
4
1
4
3
1
1
1
2
1
2
2
0
1
4
0
2
0
2
0
2
5
2
4
3
4
0
4
2
1
2
2
1
3
0
1
3
1
3
1
2
3
3
2
0
2
1
3
2
3
1
1
0
0
2
1
3
1
4
1
2
2
2
2
3
5
4
2
4
1
3
0
1
1
2
1
0
4
6
1
1
2
3
3
1
2
2
0
2
4
1
5
2
2
2
1
2
1
3
1
2
4
2
1
3
1
1
0
3
0
0
5
1
2
2
2
2
5
2
4
2
3
2
4
3
0
2
1
2
3
0
3
3
2
5
3
4
3
2
1
0
3
0
5
2
1
2
2
5
3
1
3
0
3
2
4
2
3
0
3
1
4
1
4
1
2
6
1
3
3
0
3
3
2
3
6
0
1
2
2
2
3
3
0
4
4
3
3
2
1
1
0
1
0
6
2
2
2
4
0
3
1
0
2
0
2
2
0
1
3
1
1
6
2
5
4
0
3
0
1
6
2
5
1
0
1
4
3
2
1
1
2
2
3
3
2
2
3
1
0
2
1
2
3
3
3
0
1
4
3
2
3
0
3
2
2
3
2
4
5
1
4
4
0
3
5
1
2
2
1
0
0
0
1
1
0
6
3
0
0
3
3
2
2
3
2
2
2
3
2
1
2
1
0
4
1
3
5
3
3
2
3
2
2
2
3
2
1
2
2
3
2
3
2
2
3
4
4
0
1
0
1
4
0
1
2
3
3
0
2
6
2
5
3
5
2
0
3
4
2
4
0
3
2
3
2
2
1
4
5
1
2
4
1
4
1
4
2
1
4
1
1
3
1
0
0
0
1
5
1
3
2
3
2
2
1
1
1
2
2
1
5
1
3
2
4
0
1
2
2
2
0
2
1
1
2
2
3
0
5
5
1
2
0
2
2
2
0
2
6
1
2
1
1
3
1
1
1
2
2
0
2
1
2
2
4
3
2
0
2
1
1
3
2
3
2
4
4
5
2
2
2
1
0
1
1
0
3
3
3
1
0
1
3
3
2
0
1
4
0
3
2
4
5
4
2
1
2
4
1
2
2
3
4
3
1
5
2
3
2
2
2
0
3
1
2
3
2
1
4
2
1
5
1
3
1
2
3
0
1
3
2
2
1
0
3
4
2
1
0
3
3
5
3
0
2
0
1
3
3
1
2
3
2
2
1
3
2
2
0
2
1
3
4
3
1
1
2
1
2
1
2
6
1
119
159
138
159
161
151
143
194
158
185
183
194
162
182
168
175
204
173
189
193
180
192
185
193
207
209
198
228
213
212
231
230
242
228
282
267
291
309
348
317
343
345
361
360
337
369
361
379
348
396
432
405
443
451
495
476
506
480
509
523
552
575
549
520
625
644
645
655
696
714
676
794
752
844
861
863
872
861
921
966
969
1062
996
1076
1102
1165
1194
1308
1236
1392
1443
1587
1671
1903
2208
2668
3437
4378
6124
8997
13550
20511
30432
43716
61199
81289
103816
126761
146117
160172
167118
165428
155661
140524
121310
102379
83550
67175
54470
44296
36672
31427
27439
24884
22886
21558
20658
19682
