2273
1768
1482
1254
1012
904
749
558
500
427
353
319
277
247
232
194
176
174
149
151
132
126
141
104
115
107
108
97
100
125
99
115
99
89
96
70
82
81
90
102
90
96
88
71
87
92
69
89
89
61
76
71
71
69
66
64
66
75
71
72
68
79
82
60
67
69
61
82
71
64
68
74
78
53
77
74
67
56
62
75
65
70
63
55
74
57
45
58
65
70
76
58
68
58
68
61
44
55
59
44
74
61
60
57
67
59
56
41
74
53
53
69
48
60
56
53
67
57
52
59
48
57
50
54
42
57
46
55
48
50
61
50
48
42
50
51
42
58
55
44
50
42
40
43
43
35
48
57
40
53
55
44
58
43
54
55
35
40
52
47
51
42
43
50
43
38
44
50
57
49
30
49
44
42
32
37
38
46
38
39
45
42
36
46
40
49
36
29
37
33
44
45
36
38
42
43
36
33
40
39
48
44
34
39
39
37
37
34
45
33
47
42
27
34
30
44
26
27
46
36
43
27
26
42
43
34
24
40
42
42
36
33
32
37
34
33
38
41
40
35
29
37
26
33
28
34
31
30
28
34
20
27
34
35
37
27
31
34
42
35
44
35
34
32
32
34
33
33
25
30
32
34
36
30
29
27
40
41
33
39
34
33
31
29
29
34
35
31
25
24
36
33
37
45
29
28
43
24
20
35
32
32
38
31
32
32
32
34
22
36
36
25
46
26
26
25
26
30
21
30
35
37
39
27
32
28
20
29
26
32
31
32
30
29
22
40
28
49
24
22
34
24
33
29
22
31
26
19
38
29
34
38
34
24
28
38
25
28
32
34
24
31
29
34
29
31
25
24
25
27
34
25
32
34
35
23
29
25
26
30
28
22
13
31
16
25
16
27
39
28
26
16
29
35
17
19
19
31
26
28
27
23
26
12
33
29
22
18
30
16
21
25
27
21
21
22
28
27
31
19
31
20
25
32
25
29
24
28
37
21
18
32
28
28
26
20
27
29
29
30
28
22
23
23
21
31
28
30
22
26
18
19
20
23
32
24
18
24
28
33
25
31
16
35
20
22
34
10
21
21
14
23
20
25
19
18
20
28
24
23
18
26
23
30
21
17
28
24
24
10
29
35
18
25
26
23
19
21
25
22
15
26
24
30
14
29
23
28
17
21
17
18
28
30
24
16
27
35
25
24
29
22
27
21
30
22
22
16
36
29
17
30
24
22
18
25
23
17
19
24
22
16
20
28
24
25
33
25
21
23
18
22
19
19
20
23
13
22
16
21
11
24
15
18
23
28
18
23
20
14
27
22
17
23
22
18
25
24
25
17
21
19
20
18
8
23
15
26
16
13
20
20
16
23
22
30
22
27
21
23
16
22
21
23
26
24
21
19
19
21
23
26
29
16
23
12
21
19
26
19
22
27
19
27
19
18
22
19
20
21
25
16
26
23
25
14
18
20
23
20
19
19
16
20
25
19
22
18
19
18
21
16
16
27
11
18
25
16
21
17
17
14
20
16
20
26
23
21
18
25
20
33
21
9
19
28
20
18
17
22
16
27
19
27
19
22
23
17
17
13
27
15
17
24
20
26
22
19
13
23
21
21
23
16
21
22
13
23
24
22
16
17
18
24
19
19
22
18
21
20
21
20
20
22
19
18
24
15
23
16
18
21
22
15
15
21
17
17
16
16
30
10
16
16
14
17
20
18
17
21
24
18
15
20
24
17
20
25
23
16
18
17
21
25
16
26
16
18
24
17
16
18
16
21
17
16
17
16
15
15
20
21
17
24
15
18
21
18
21
14
22
20
13
16
25
14
27
22
28
21
16
20
22
16
16
20
20
19
11
15
18
17
19
19
18
20
28
13
21
20
22
15
19
15
24
14
14
17
17
19
17
26
15
18
20
15
19
21
17
18
20
22
15
19
20
18
17
19
18
21
13
30
19
21
20
17
22
14
25
18
15
15
21
16
19
19
15
18
25
12
24
21
20
17
22
17
12
20
15
21
14
25
21
23
18
18
13
18
12
15
19
13
10
19
21
24
17
12
21
22
29
10
14
11
12
20
24
14
11
19
19
18
20
18
11
21
25
13
15
11
12
18
26
16
21
17
11
16
12
18
14
12
18
12
21
14
12
18
14
15
18
19
14
22
19
21
16
21
18
17
21
18
18
18
22
16
14
18
15
20
16
21
9
12
20
18
18
21
16
14
16
11
19
20
12
13
18
17
22
15
10
19
19
19
15
15
28
14
13
12
15
19
14
19
16
16
20
16
17
21
16
13
20
24
13
16
11
12
9
17
18
23
19
19
13
14
28
15
14
15
15
20
28
19
17
16
26
18
20
17
10
18
12
12
11
20
15
16
25
17
9
19
17
21
14
21
20
14
9
6
20
17
29
17
25
12
20
23
17
13
15
10
19
13
21
19
18
21
17
7
15
18
16
14
21
14
10
14
18
18
13
13
14
15
18
18
14
20
18
13
16
20
25
18
13
16
18
19
22
22
20
14
15
19
16
25
20
13
22
19
23
15
27
13
18
12
16
15
9
18
18
23
15
12
20
31
16
16
19
11
18
11
14
11
18
8
21
18
9
17
10
17
11
12
14
17
18
18
9
16
18
18
11
19
17
11
17
10
14
15
16
22
15
19
21
7
21
14
17
23
9
13
10
22
12
25
17
14
17
12
19
22
14
17
12
9
18
16
19
13
15
16
19
17
14
20
17
17
14
18
12
16
13
16
12
10
13
11
17
10
18
13
17
17
20
21
18
18
13
17
16
14
12
15
14
18
7
15
12
17
7
14
13
16
16
13
25
11
12
20
11
13
15
17
11
12
16
17
17
15
20
16
17
16
12
18
17
18
22
15
8
12
21
21
15
16
17
14
12
14
16
15
16
24
16
20
9
21
11
15
18
9
15
18
12
18
15
20
11
17
14
14
18
9
15
19
12
10
14
19
21
15
10
18
15
21
15
14
12
11
11
17
15
16
18
20
9
7
15
17
15
18
7
12
10
17
13
19
19
18
17
16
10
16
12
16
12
14
11
14
9
14
10
16
10
17
15
16
13
18
17
14
11
18
13
15
21
18
18
18
15
11
12
17
12
10
13
23
10
10
16
6
18
13
16
11
16
9
6
13
13
17
11
10
14
15
11
16
15
12
22
17
14
13
13
12
15
13
18
16
7
10
8
11
18
13
10
12
15
21
10
18
8
15
18
5
10
13
14
14
20
8
13
11
18
7
10
15
17
8
9
19
15
10
10
14
17
12
13
9
15
7
15
17
11
14
17
10
19
15
8
18
18
10
17
11
11
12
21
10
13
16
15
16
15
18
19
8
10
14
14
17
14
14
26
10
13
15
17
10
16
21
14
12
12
10
15
16
9
5
13
20
15
11
17
8
11
11
14
12
19
10
13
11
16
15
5
15
14
16
14
17
11
14
18
18
17
13
15
7
10
8
6
15
14
14
15
18
17
15
10
12
16
17
6
9
10
19
14
10
9
10
10
18
12
17
18
12
11
11
19
10
15
15
12
15
13
11
7
12
14
11
10
9
16
14
9
10
10
17
10
12
18
14
14
21
11
7
14
11
15
8
10
8
16
11
14
19
18
7
17
10
16
4
15
17
15
11
11
12
15
7
14
15
8
12
14
15
11
15
12
14
6
10
15
8
21
11
16
7
15
13
17
16
14
18
12
12
16
13
17
10
18
9
7
12
16
10
15
17
12
14
16
13
21
9
7
14
10
18
13
17
18
12
17
15
14
13
17
13
13
8
13
14
13
19
15
10
11
10
18
9
11
15
21
5
3
17
13
12
9
12
10
14
15
14
13
18
17
10
12
10
13
13
11
15
14
10
12
12
10
15
13
14
16
12
13
15
12
11
9
16
18
7
21
22
12
12
16
11
15
12
15
17
14
12
17
13
20
19
14
12
12
13
9
13
9
6
15
18
12
17
14
14
21
11
9
15
19
12
14
8
12
10
8
17
17
22
8
16
14
10
9
13
11
10
13
7
14
15
13
16
15
6
18
16
11
6
12
16
11
19
19
16
17
14
10
11
17
10
12
10
13
8
14
10
8
12
5
6
7
10
22
8
14
10
14
13
10
11
13
11
10
18
14
13
13
16
9
19
18
12
11
18
11
15
11
16
10
10
12
10
16
10
12
8
16
5
12
10
11
9
16
8
8
11
5
15
9
15
11
10
9
10
14
13
10
14
12
15
12
13
13
15
16
18
18
9
7
14
13
13
19
9
9
10
13
5
20
11
11
12
18
6
14
6
9
11
8
9
15
15
15
15
12
18
12
9
8
14
15
9
11
11
12
10
12
9
5
15
9
14
14
16
9
10
8
16
16
13
16
10
9
14
10
12
13
20
7
18
12
11
13
10
11
10
14
12
11
10
15
9
9
10
6
18
15
10
9
11
8
12
13
9
13
13
5
8
14
12
13
10
8
13
7
8
14
10
13
9
13
8
14
11
14
13
9
12
6
10
11
11
8
10
8
10
8
14
17
12
14
15
12
6
14
4
10
13
13
12
9
11
13
16
16
9
9
5
11
13
11
10
13
12
17
12
12
12
11
10
10
11
15
9
12
22
10
6
9
12
14
20
15
18
10
14
12
5
7
8
13
10
9
13
17
17
9
9
13
12
11
11
10
14
12
11
15
12
12
10
14
9
8
13
10
11
8
8
11
13
9
14
5
8
14
17
10
5
20
10
21
10
12
8
13
9
10
5
13
6
18
8
10
9
8
13
12
12
9
5
18
11
13
9
5
10
9
11
12
10
8
10
10
11
18
14
14
16
18
11
11
12
11
11
15
15
7
12
7
9
8
11
11
10
11
11
6
13
12
12
8
14
13
13
8
7
8
12
11
11
10
11
15
8
15
18
4
9
11
13
12
13
10
9
11
12
10
7
7
9
13
13
10
10
5
8
13
8
11
15
11
11
8
13
13
6
10
9
13
12
11
9
11
15
12
8
9
9
13
9
12
9
9
15
10
13
10
12
19
10
9
10
6
12
10
12
22
13
13
11
15
8
17
15
9
6
15
10
10
11
9
8
9
14
14
11
10
7
11
12
10
14
16
12
8
11
9
15
8
11
3
10
8
6
14
9
8
8
10
15
13
13
10
12
14
13
11
8
13
11
9
10
13
11
6
10
12
11
8
16
11
10
12
10
9
11
10
12
3
8
12
8
11
8
7
20
2
10
12
10
12
10
11
12
10
12
10
16
6
11
7
16
8
8
17
8
8
7
8
19
16
9
6
13
14
12
10
8
15
10
11
12
16
8
12
8
6
7
11
15
9
14
6
6
8
13
8
9
9
8
12
11
7
13
9
9
10
11
10
5
8
13
11
15
10
14
10
9
14
9
10
10
14
15
8
10
8
14
10
8
12
9
10
7
7
9
14
5
6
8
12
8
9
18
11
10
10
7
8
14
11
7
10
7
10
14
5
14
6
11
8
11
10
7
13
5
13
11
13
10
6
6
9
5
5
14
6
9
7
7
6
7
9
5
9
8
12
11
9
8
10
7
6
5
9
10
10
11
12
6
10
2
12
16
8
16
10
11
10
9
10
9
7
9
8
9
10
7
10
11
12
8
12
8
12
13
11
11
13
8
7
12
7
11
8
6
15
8
6
5
11
11
12
5
10
11
12
6
5
10
9
6
19
8
12
10
15
8
9
7
18
10
14
7
19
6
9
14
17
15
13
9
11
6
10
11
8
11
10
12
9
6
8
11
5
13
9
4
15
8
11
14
11
11
8
8
11
7
9
11
7
13
3
10
10
14
10
6
6
9
12
15
5
6
13
10
9
10
8
9
11
13
6
17
5
5
13
12
9
6
8
12
10
10
10
9
12
8
9
11
9
7
9
8
12
7
10
7
9
12
10
10
11
7
10
12
7
9
8
4
7
10
7
9
12
9
17
8
13
11
10
8
7
8
9
7
14
14
8
11
9
5
8
11
7
12
7
14
7
11
8
13
15
10
10
10
5
11
13
16
11
21
7
11
11
6
6
7
17
10
7
7
10
7
7
12
7
15
10
12
6
15
13
6
11
11
11
7
10
8
8
8
6
8
6
10
12
7
9
13
6
9
13
10
15
11
6
6
9
12
9
4
7
7
15
12
7
6
15
12
9
9
8
9
17
4
10
6
7
10
9
5
10
6
5
11
12
13
11
6
13
9
5
7
10
7
7
4
13
7
9
13
8
8
10
7
15
8
7
11
8
14
11
6
12
4
9
10
11
12
14
12
7
10
7
10
15
12
8
10
8
10
6
12
15
9
12
6
14
13
10
9
4
11
9
6
6
3
7
7
9
12
6
7
7
12
7
13
14
11
7
11
6
14
12
7
7
12
8
13
10
9
9
8
12
10
11
9
6
9
10
6
11
9
8
9
12
13
12
3
9
8
9
8
8
10
2
5
2
8
11
6
8
9
14
11
10
6
15
7
9
11
7
5
13
12
6
11
9
6
11
12
7
8
3
15
9
7
9
9
10
12
8
8
10
6
11
11
12
7
8
9
10
16
13
7
7
8
10
13
10
5
6
9
11
12
7
11
15
7
11
4
17
10
14
16
6
10
12
7
8
13
9
9
8
7
6
6
9
10
11
6
9
6
5
14
9
10
9
12
7
8
7
10
4
5
10
9
8
11
9
10
10
8
13
8
10
5
7
9
7
6
11
8
2
5
14
5
5
11
11
9
12
11
11
9
12
14
9
10
11
5
7
10
6
8
14
12
6
10
7
13
7
14
13
14
15
13
11
4
8
10
10
10
13
5
13
10
5
7
10
14
10
13
10
8
8
7
9
18
9
13
14
9
9
9
9
16
8
16
10
10
11
5
20
7
5
4
6
7
6
10
5
8
11
10
8
9
11
10
13
7
8
13
9
13
9
11
13
10
5
11
8
14
16
5
8
15
4
9
8
7
2
10
5
9
11
10
6
8
9
8
11
6
5
13
7
7
16
9
15
8
6
6
2
8
10
12
13
9
11
6
8
12
10
8
7
7
10
10
7
11
15
14
4
12
10
6
10
6
10
5
12
4
4
5
9
9
7
6
11
9
6
5
7
10
7
7
12
13
6
9
7
5
5
10
8
12
11
12
11
9
11
10
18
7
6
8
5
7
7
11
15
8
12
6
11
9
7
4
7
10
9
8
12
10
6
8
8
10
11
8
11
13
8
10
8
10
10
7
5
13
3
5
6
4
14
11
5
11
9
14
7
8
6
5
8
10
10
9
4
6
6
12
5
5
9
3
12
12
12
6
10
7
11
10
10
5
13
4
5
6
7
9
12
9
8
8
12
8
16
9
14
6
11
9
14
5
8
11
4
6
9
5
11
10
18
10
14
9
4
10
6
8
12
7
9
9
5
6
11
9
7
6
10
13
5
9
7
5
3
9
4
5
9
5
12
8
7
7
8
19
8
6
7
16
9
9
11
7
10
9
17
9
8
14
16
5
7
9
5
6
11
7
10
15
9
8
12
9
11
18
10
4
10
4
4
10
10
6
5
8
8
12
14
10
7
6
10
11
5
11
10
3
9
7
6
11
8
5
7
7
7
7
6
6
10
10
13
6
12
11
13
5
10
8
12
9
9
2
13
6
11
7
10
5
12
8
10
10
8
7
12
16
12
8
5
6
5
3
9
3
11
7
6
6
7
10
10
7
7
6
10
10
6
9
8
6
11
6
6
4
7
7
8
13
1
4
4
4
5
13
9
5
10
8
7
3
5
3
7
8
12
11
9
3
12
5
6
8
7
5
6
8
5
5
3
9
9
11
12
7
5
8
8
7
11
8
6
11
6
6
9
7
9
10
9
6
11
5
9
6
10
8
7
9
6
8
12
8
10
9
11
12
10
5
5
4
4
6
15
5
7
6
6
6
5
6
6
11
8
6
8
3
6
8
6
8
5
12
4
8
8
2
3
9
10
3
8
7
10
7
4
10
6
8
5
7
11
8
13
6
8
6
13
8
5
1
7
7
4
9
6
6
4
2
5
6
3
5
10
6
6
5
8
7
8
5
10
11
9
3
8
7
7
5
11
5
7
5
13
4
4
6
6
8
6
6
6
7
10
7
11
6
6
7
5
10
6
6
8
2
4
5
11
8
6
3
6
5
4
6
3
8
7
3
1
9
4
9
5
6
5
5
6
6
8
4
9
8
8
3
5
4
7
4
10
11
7
6
8
7
3
7
3
9
5
8
5
4
6
5
7
5
8
8
8
11
5
4
4
7
10
9
9
8
3
10
7
2
5
4
5
9
8
2
6
8
8
5
7
8
7
9
4
4
10
8
6
7
4
8
7
7
3
7
10
6
3
10
3
4
4
7
0
5
7
7
2
11
6
5
11
7
4
5
6
2
3
3
5
6
3
8
7
4
2
4
6
7
5
3
7
5
5
7
6
10
7
11
7
7
8
3
9
5
8
5
9
6
6
7
4
4
9
10
5
6
4
9
9
12
6
5
8
5
4
8
7
6
5
7
6
5
8
3
6
4
6
8
8
5
5
7
6
6
6
5
5
7
4
5
8
5
3
3
6
9
2
4
2
1
6
6
6
6
5
9
3
3
5
5
4
10
6
4
7
7
9
5
5
3
5
2
1
4
5
2
4
6
5
7
9
2
3
4
7
7
5
5
12
9
6
9
4
6
4
6
2
8
4
4
5
3
2
3
4
4
3
7
4
2
5
5
10
5
4
5
3
3
8
1
6
6
4
7
4
7
7
6
4
5
3
5
6
3
4
3
2
4
4
4
5
8
2
4
4
5
4
7
2
4
7
2
8
4
9
6
8
11
1
4
10
5
0
7
8
5
2
5
4
6
4
3
7
3
4
7
1
6
6
5
3
6
2
13
2
2
4
8
6
6
2
6
2
4
6
7
4
3
5
8
7
7
6
10
3
7
5
6
5
3
3
1
0
10
0
1
8
4
5
6
4
5
5
3
3
6
6
3
2
4
5
3
3
6
5
5
5
8
9
1
5
4
9
3
4
6
8
11
4
2
11
5
3
4
6
3
4
6
8
2
4
6
4
1
7
6
3
6
5
3
6
9
2
2
4
6
5
10
5
6
7
7
8
3
6
7
2
1
3
1
5
7
4
5
4
2
6
2
5
2
2
6
9
3
4
5
5
6
2
6
6
6
3
3
3
6
7
2
5
4
5
6
4
5
6
4
3
3
3
7
4
4
7
2
4
4
2
3
5
5
3
2
3
8
5
6
5
5
4
5
8
3
3
12
5
3
4
10
8
5
6
4
7
5
7
3
5
3
2
3
5
8
6
5
7
5
12
4
3
9
1
4
3
2
4
5
3
8
5
4
0
3
2
4
6
5
2
3
3
6
4
7
4
3
1
3
6
4
3
8
3
5
5
4
4
10
1
3
2
5
3
5
3
7
3
7
4
5
2
5
4
7
4
5
3
5
2
5
7
12
5
6
4
1
5
7
4
6
5
4
3
4
2
3
6
4
5
6
6
3
7
2
5
6
5
2
2
5
7
5
7
6
5
7
5
8
5
3
3
3
6
3
7
5
11
2
4
3
8
6
4
4
4
2
4
5
6
7
2
5
2
5
7
4
5
4
7
4
2
3
6
5
0
6
4
4
6
5
0
2
2
3
2
5
6
3
2
3
2
3
6
2
2
7
7
5
3
5
3
10
8
3
5
4
4
6
1
5
4
2
3
8
5
4
3
2
5
2
5
3
5
5
3
6
4
3
4
8
1
1
3
9
5
7
7
5
4
1
2
6
2
2
5
3
3
2
4
6
9
4
1
2
4
3
6
4
3
4
6
5
8
2
3
3
6
2
4
7
4
6
3
3
6
4
5
4
3
8
4
3
6
9
3
4
5
5
3
4
2
4
4
2
6
6
1
5
2
6
5
6
7
5
4
6
5
7
3
10
2
5
4
6
1
6
6
5
6
5
9
4
4
6
3
4
3
7
3
6
6
10
3
1
6
4
3
1
2
4
3
5
6
5
7
7
5
0
5
0
7
4
5
5
4
2
3
6
8
7
5
2
3
3
3
9
5
5
4
9
4
3
6
4
4
4
5
5
5
5
6
8
3
0
2
3
3
2
3
7
4
3
7
6
6
10
2
6
5
2
5
5
12
6
3
6
2
3
3
3
1
5
5
4
1
2
5
3
4
4
3
7
8
4
2
3
8
2
3
10
4
3
0
6
2
5
1
5
4
10
0
5
6
6
2
3
1
5
4
0
2
3
5
2
2
4
3
5
6
5
5
2
5
2
3
4
4
2
5
6
1
6
3
2
6
3
4
5
2
0
3
5
4
5
3
2
6
4
4
3
6
4
2
2
8
5
3
3
1
1
1
2
4
6
3
3
3
5
6
4
6
2
7
6
7
6
1
8
2
4
1
2
5
7
3
7
7
2
0
2
2
7
3
4
1
5
7
5
6
4
4
4
4
6
1
4
8
3
5
6
3
6
3
5
2
6
4
3
2
4
4
4
3
6
2
6
3
2
4
2
5
4
7
0
4
8
3
0
3
6
5
1
1
4
5
5
6
2
4
3
6
2
4
5
6
4
6
4
6
1
1
6
6
6
7
1
1
3
6
5
5
8
1
6
2
6
3
3
2
1
5
1
6
7
4
4
6
3
7
2
3
0
2
4
1
4
5
5
3
3
2
4
2
1
5
5
3
3
5
9
3
3
4
2
8
5
2
5
6
0
4
8
3
6
4
6
3
6
8
2
3
10
2
6
5
6
4
3
5
4
4
1
5
7
8
3
5
7
2
6
5
2
3
2
3
6
6
1
6
3
4
3
4
4
5
2
5
12
3
4
4
1
5
4
4
3
5
3
3
3
8
7
5
4
2
6
2
3
8
7
5
8
5
4
3
2
5
0
4
6
3
5
4
4
1
4
2
3
6
6
6
6
5
2
4
3
10
2
6
9
1
2
3
8
6
4
3
7
4
5
8
3
4
8
2
2
5
6
3
3
5
4
4
3
2
1
3
6
3
5
8
3
4
2
2
3
6
4
5
0
6
7
4
1
3
5
8
1
6
3
2
2
1
6
4
7
5
2
5
9
3
5
6
5
2
4
3
2
6
7
5
4
1
5
3
1
3
2
9
2
6
4
5
4
4
4
2
3
2
1
4
6
3
5
3
7
4
2
6
5
7
5
1
5
5
2
3
2
8
5
8
6
3
6
1
5
2
7
3
5
5
5
2
4
3
4
3
3
7
3
5
5
5
4
3
3
6
2
5
4
5
5
5
3
8
9
3
4
5
6
4
8
4
4
3
5
2
5
6
4
4
1
2
7
4
3
6
2
4
4
2
7
5
3
7
3
4
6
1
2
5
7
4
4
1
8
6
2
3
6
2
5
3
5
3
3
5
6
1
4
4
2
3
2
4
8
7
4
4
3
7
2
2
6
3
4
8
5
3
10
5
6
9
10
7
3
4
7
1
11
6
9
5
10
3
5
5
8
3
6
7
3
6
2
5
8
6
5
11
10
8
12
3
6
3
7
7
8
3
7
9
3
5
4
9
5
8
8
7
6
11
8
9
10
4
12
7
7
9
5
10
9
9
8
9
5
11
8
7
11
9
12
6
16
14
20
12
15
23
18
17
30
26
23
26
32
31
28
31
47
40
50
51
37
50
47
54
51
47
44
47
41
48
47
33
29
39
35
35
31
31
25
21
34
25
14
18
24
19
11
20
14
18
10
12
4
10
13
6
6
9
4
5
4
4
6
7
2
7
4
0
4
2
0
9
3
2
3
6
4
6
4
4
4
6
4
6
7
2
2
5
7
3
4
3
3
8
4
8
3
4
6
5
4
6
2
4
4
3
2
7
5
5
7
3
6
7
7
4
6
6
4
10
6
3
6
6
4
5
4
5
3
3
2
9
4
2
3
8
3
5
6
4
3
3
4
1
8
3
5
2
2
5
8
4
5
6
5
5
3
4
3
2
5
4
3
2
7
2
12
3
4
8
8
7
6
8
4
10
10
6
5
4
3
6
4
6
6
6
6
3
5
7
6
6
3
8
7
5
5
4
6
6
6
9
7
5
5
5
7
8
10
7
5
2
5
5
8
8
8
6
5
7
10
5
7
3
8
8
9
5
5
12
5
9
3
10
3
14
7
8
8
5
10
12
16
8
10
13
7
13
9
11
8
13
10
10
9
7
7
5
9
7
8
5
5
3
8
11
8
0
5
1
1
2
4
3
3
4
1
3
3
1
7
2
1
3
1
4
4
0
3
0
3
3
3
2
0
0
7
1
1
1
5
3
5
4
3
1
0
4
5
2
4
2
3
3
1
3
4
1
3
4
0
4
5
2
3
5
6
2
2
2
2
6
1
1
0
2
5
1
3
2
1
2
1
2
2
3
1
2
1
2
3
4
3
1
1
1
4
6
2
0
1
3
3
6
2
1
5
4
0
1
1
1
3
0
1
3
2
3
2
3
0
4
1
1
1
2
3
0
2
2
1
2
0
1
2
1
1
4
1
1
4
2
1
5
3
3
1
0
1
2
1
2
3
3
4
1
3
1
1
0
2
1
3
1
3
6
5
2
2
3
2
2
2
3
3
3
5
1
2
1
4
1
1
3
0
3
6
4
1
1
1
1
4
1
2
2
1
5
1
1
0
2
4
3
2
0
2
6
3
4
2
2
3
3
2
6
4
3
1
3
1
0
3
1
3
3
2
4
2
3
1
1
1
2
1
0
0
2
5
0
1
5
7
2
1
5
2
1
0
2
3
1
3
3
3
5
1
2
3
2
5
1
0
0
1
1
1
2
3
0
4
2
4
4
5
1
3
1
1
2
4
1
1
1
0
5
1
4
4
4
2
2
3
1
3
3
0
1
1
1
3
1
4
3
1
3
2
4
3
1
6
0
2
2
0
2
1
2
2
3
1
5
0
5
5
4
1
3
1
0
4
3
2
4
3
0
5
0
3
4
0
1
3
2
0
2
2
7
2
3
3
2
2
1
3
5
1
3
2
1
1
6
3
1
1
0
0
2
3
3
3
4
0
6
0
2
3
2
3
0
1
4
4
1
3
3
1
4
3
0
2
2
5
2
1
2
3
3
2
1
1
3
2
2
1
4
1
3
3
1
4
4
2
7
1
5
1
1
3
0
4
2
2
2
2
0
1
2
2
1
1
1
1
4
4
0
2
1
1
1
2
2
2
1
1
3
1
0
5
3
2
3
5
3
1
3
3
1
2
3
0
0
3
2
0
1
2
1
2
2
4
1
0
3
1
2
5
2
2
3
3
5
3
3
0
2
0
0
3
4
3
1
1
0
2
1
2
6
6
5
0
2
2
2
0
0
1
0
2
5
0
2
1
2
3
3
3
2
0
3
1
2
7
2
5
0
2
6
0
3
1
2
1
3
3
4
1
3
3
1
2
3
2
4
1
1
2
2
0
2
1
5
4
1
2
2
4
1
4
4
6
2
2
5
4
3
4
3
6
1
3
1
2
2
4
4
0
2
5
1
2
1
3
0
1
2
1
4
2
4
3
3
1
3
3
3
4
2
3
2
1
0
2
2
1
2
0
3
2
2
2
3
3
1
2
3
6
2
0
1
4
1
4
4
1
5
4
2
4
3
1
1
0
1
1
2
0
2
3
1
2
1
0
1
5
0
1
3
4
1
6
0
3
3
1
5
1
1
2
1
5
1
1
1
3
1
1
0
1
5
2
3
3
3
1
5
0
4
2
4
3
1
2
3
1
5
3
0
2
5
3
2
1
5
7
3
1
2
2
2
0
0
2
1
1
4
4
1
1
6
0
3
3
9
0
3
0
0
0
1
1
1
3
3
3
2
3
1
3
2
1
1
2
5
2
3
4
2
5
2
3
0
4
2
4
4
1
2
1
5
2
4
3
1
2
1
1
1
3
0
2
2
2
2
0
2
1
4
2
3
1
3
2
1
4
4
3
2
6
4
2
3
3
4
2
2
1
2
6
0
2
4
3
3
2
1
5
0
4
2
1
1
2
2
2
0
3
3
3
6
1
3
1
2
7
0
2
0
2
3
3
0
1
4
2
0
1
3
2
1
0
2
2
0
1
3
2
1
1
3
1
1
1
5
4
3
3
1
4
2
1
4
3
1
5
2
4
3
3
2
5
2
2
1
1
1
2
4
3
1
1
5
0
5
3
2
3
2
2
4
1
2
1
3
1
1
1
0
4
0
5
3
0
3
3
2
4
4
2
1
2
2
1
1
1
2
1
2
1
2
1
1
3
3
2
4
1
1
2
5
1
2
1
3
1
1
3
0
2
1
1
2
3
1
3
2
2
4
2
3
1
1
3
0
1
0
3
2
2
3
3
2
0
0
3
3
1
2
2
0
3
1
1
2
2
2
1
4
3
2
1
1
3
3
3
0
4
0
4
2
2
5
2
1
2
1
2
1
2
1
2
5
2
3
2
5
4
2
1
2
1
2
3
4
3
1
1
5
0
1
0
1
4
1
3
3
0
0
3
4
3
0
1
2
3
5
1
1
0
3
6
3
5
1
3
0
1
4
2
2
0
0
1
2
1
3
1
0
4
4
2
1
4
4
0
2
1
4
9
1
4
3
7
5
2
2
5
0
3
1
2
1
1
3
2
2
5
1
1
2
5
3
0
2
5
0
1
1
3
1
0
1
4
4
3
1
2
5
3
4
3
4
1
1
2
2
1
1
2
4
1
2
2
0
0
0
2
2
0
0
1
4
1
1
0
1
4
1
3
1
1
1
4
2
7
2
2
3
0
0
3
2
3
2
3
2
0
2
1
2
3
4
2
2
2
2
2
4
0
1
3
4
4
2
2
2
5
4
2
3
3
1
1
3
3
2
2
0
1
3
0
0
1
2
1
2
4
1
3
9
1
0
2
1
2
0
2
1
1
1
3
2
2
2
7
3
4
1
3
4
4
0
2
3
0
2
2
1
1
0
2
3
2
3
2
1
1
3
2
1
2
2
1
1
3
2
1
2
3
0
0
3
1
5
2
3
4
2
3
5
3
0
2
2
5
0
5
6
1
3
0
1
3
2
3
1
1
2
1
3
5
1
5
3
2
1
4
3
2
2
1
1
1
1
1
1
1
5
2
2
3
1
4
0
2
2
1
1
3
1
1
5
1
1
2
3
1
1
4
0
6
1
2
2
3
2
3
2
2
1
1
2
0
0
0
2
2
4
1
2
1
5
1
2
0
3
0
4
2
2
2
0
0
2
1
1
0
0
4
0
3
3
3
2
3
1
1
2
1
1
7
3
2
1
3
1
1
3
2
4
1
3
1
1
0
4
3
2
2
0
0
2
2
1
1
2
3
3
2
1
4
0
1
2
3
2
3
1
1
3
3
2
1
5
0
1
3
2
1
2
3
3
2
0
7
1
3
7
1
2
1
4
2
2
1
3
4
3
4
2
2
1
2
2
5
2
2
0
2
2
3
0
6
4
1
1
2
2
4
1
3
1
5
2
1
1
2
0
2
0
1
0
3
4
1
2
1
2
1
3
3
0
1
2
3
2
2
0
1
1
3
3
1
3
2
0
0
2
1
1
2
3
5
3
2
4
2
2
1
1
3
4
5
2
0
3
2
3
3
1
3
3
3
1
2
1
3
3
2
1
2
3
2
3
1
1
3
2
1
1
1
2
2
3
2
4
2
0
3
3
0
1
3
0
2
2
3
3
3
5
2
3
2
2
0
0
1
2
3
1
2
1
1
5
2
5
1
2
2
0
0
2
0
1
2
0
2
3
1
2
6
1
3
1
2
0
4
1
3
2
3
0
6
1
4
1
1
1
2
0
1
3
4
5
3
1
1
0
2
2
2
1
2
2
2
3
1
3
2
4
3
1
5
5
3
4
2
2
2
3
2
1
1
0
4
3
1
2
1
3
0
0
2
0
0
4
1
6
2
1
0
1
0
1
1
2
3
5
2
2
1
3
2
2
5
4
3
2
1
1
2
3
2
2
0
1
3
3
2
1
2
4
3
4
1
1
2
3
0
2
2
2
0
1
1
0
3
2
4
1
0
0
1
1
0
1
2
3
0
4
2
1
2
5
0
1
4
3
0
2
4
2
1
2
3
0
4
1
3
2
1
3
2
1
2
1
3
3
1
1
2
2
0
4
1
3
0
1
1
1
0
7
0
1
0
2
1
2
2
5
0
4
0
1
4
2
0
1
1
4
4
3
3
3
2
2
3
2
1
3
2
2
2
2
2
2
0
1
0
6
0
2
4
4
3
4
1
7
4
1
2
1
1
0
2
1
3
3
3
2
1
2
1
1
4
2
5
1
1
4
1
4
2
1
1
1
2
1
2
2
3
2
3
6
2
4
1
4
2
2
1
2
2
3
0
0
4
2
4
3
5
1
4
2
2
3
1
3
1
3
3
0
3
0
0
1
4
4
2
2
3
0
4
2
1
2
0
1
3
4
3
1
0
3
0
0
1
3
4
1
5
2
2
0
5
1
3
3
1
3
1
3
3
1
1
0
5
2
1
2
1
6
2
2
0
2
0
1
1
3
0
1
3
4
2
1
2
4
1
1
4
2
1
3
2
1
2
1
2
2
0
1
1
2
1
3
1
1
0
4
3
1
0
2
3
2
3
4
2
1
0
3
0
3
2
2
2
2
6
4
2
2
1
0
1
3
1
1
2
1
3
3
1
2
1
0
1
0
2
5
3
1
1
0
1
3
3
1
0
1
1
2
3
1
2
3
3
1
3
1
1
4
0
6
5
1
2
1
2
0
3
2
0
2
0
1
2
2
3
1
0
3
1
2
1
4
2
0
1
3
1
2
0
0
2
2
2
1
0
2
2
2
2
1
1
1
1
3
2
1
4
3
2
3
3
1
0
2
1
1
3
3
3
2
5
1
3
3
3
3
2
3
3
3
3
1
3
3
2
3
3
2
1
1
2
5
0
2
0
0
1
6
1
4
2
1
1
3
1
2
6
2
1
0
2
1
2
1
4
4
3
1
3
1
3
1
3
2
5
1
3
2
1
1
2
1
1
2
2
2
1
0
2
1
2
1
2
0
3
4
2
2
4
7
1
2
2
0
1
3
5
2
0
0
1
1
0
4
1
2
0
3
3
1
0
0
4
4
5
2
2
1
1
1
1
3
1
1
0
2
3
3
2
2
1
1
3
2
1
1
1
3
3
2
1
2
2
2
2
3
1
2
1
0
1
2
1
0
2
1
2
4
3
6
1
2
3
0
1
1
3
3
3
2
2
1
4
3
1
1
2
0
3
3
1
3
2
0
2
3
4
1
3
3
1
3
0
2
2
5
2
2
0
0
4
4
3
3
3
2
0
1
3
2
1
0
2
3
3
3
3
1
4
0
1
1
3
0
1
3
4
2
3
3
4
1
2
3
0
3
3
1
0
1
3
5
4
1
2
1
3
0
3
1
2
4
1
0
1
1
3
2
3
2
1
3
1
1
1
1
5
2
1
1
4
2
3
3
2
0
4
2
2
1
2
2
2
2
1
5
1
5
3
0
1
2
1
0
2
3
2
1
0
1
1
0
2
4
1
1
1
3
1
1
1
2
1
3
3
1
3
2
2
1
3
5
2
1
2
4
1
2
2
2
1
2
4
0
1
6
1
1
2
1
3
1
0
2
0
3
0
6
3
3
2
3
1
0
2
0
1
2
2
1
4
1
2
0
6
1
2
3
3
0
2
3
2
2
2
1
3
0
1
2
1
2
4
2
1
1
2
0
0
2
2
1
1
4
3
0
1
0
3
3
1
1
4
2
1
1
0
3
1
1
3
2
3
2
3
3
1
3
0
1
3
2
5
5
2
5
1
2
3
1
2
2
3
1
3
2
3
1
1
1
2
0
1
1
1
1
0
2
3
1
0
1
2
3
5
0
3
1
1
1
1
2
0
1
3
1
2
3
2
0
0
0
2
6
2
1
3
4
2
5
2
2
2
3
3
3
2
3
1
1
1
1
2
3
3
2
2
0
3
0
0
5
0
0
2
3
1
1
1
4
4
1
3
2
1
1
2
2
5
1
3
1
2
3
2
2
1
3
3
1
0
0
3
2
2
3
4
2
2
1
2
2
2
1
4
2
3
1
4
2
3
3
1
1
1
3
0
1
1
4
3
3
6
0
3
3
0
2
0
6
3
1
2
1
2
2
0
1
1
1
0
4
3
1
4
2
2
0
6
1
0
3
3
2
0
1
0
3
2
0
0
5
3
0
2
2
1
3
0
4
1
3
2
0
5
1
1
163
155
148
155
130
171
163
179
166
148
164
166
145
182
212
199
183
201
211
215
188
191
231
192
225
207
210
224
232
260
219
248
226
263
306
311
294
308
314
309
317
361
371
360
383
408
361
406
406
419
409
457
450
447
464
454
512
512
511
540
585
542
576
645
627
618
664
717
683
710
763
817
818
847
839
931
920
917
921
946
1005
1025
1040
1106
1191
1138
1190
1280
1399
1457
1452
1488
1685
1930
2227
2692
3440
4630
6659
9809
14983
22401
33069
47581
67468
88372
112281
135948
155150
168568
173811
169833
158031
140637
120801
99902
81189
65235
52145
42667
35232
30581
27065
24721
22820
21799
20673
20115
