15
11
25
30
17
14
22
19
25
27
13
23
17
15
16
20
23
16
25
24
17
10
16
14
13
24
18
16
17
24
19
15
18
12
19
17
18
13
17
8
10
13
11
14
11
16
19
16
16
16
8
13
10
10
13
9
12
20
48
84
150
267
352
426
444
497
610
669
825
966
988
1066
1013
915
757
598
512
489
402
413
381
366
377
358
378
343
358
358
361
356
322
317
349
348
372
381
373
352
344
351
391
378
346
370
351
356
345
365
362
354
402
375
366
384
414
383
390
415
384
369
387
386
385
392
372
386
384
380
358
364
401
381
389
379
372
350
394
389
371
340
373
360
388
346
357
375
379
379
382
364
334
364
367
378
388
378
361
375
348
329
349
360
380
381
365
366
336
390
387
363
380
378
384
389
339
329
370
386
355
388
357
360
358
369
347
367
375
358
373
386
368
351
347
349
369
402
420
358
367
363
394
391
389
365
377
368
326
325
344
390
355
380
349
353
347
359
374
373
393
398
369
380
372
377
398
401
366
394
375
327
366
367
358
334
408
370
379
409
373
389
397
377
362
386
352
394
368
383
374
381
367
405
337
396
378
389
382
381
401
400
373
398
389
364
393
389
368
366
399
427
440
421
429
400
413
397
391
409
406
389
406
415
435
442
434
440
444
430
399
417
407
424
393
384
442
429
400
410
437
421
430
432
408
438
451
413
448
424
443
458
443
422
457
421
403
427
419
445
494
411
411
444
407
427
454
441
445
402
454
441
424
421
429
453
445
435
499
448
460
450
450
407
439
457
456
430
482
465
449
455
489
441
460
460
474
460
443
488
456
479
486
477
463
442
504
451
482
526
525
446
508
503
515
483
480
476
495
503
461
484
454
448
428
484
523
519
468
491
473
518
496
491
507
520
530
515
503
514
524
492
504
499
467
501
494
521
511
501
468
521
521
472
509
513
506
530
516
530
534
535
562
520
569
506
532
556
497
525
520
543
513
506
540
514
545
550
526
500
517
548
493
540
550
490
516
535
503
517
530
512
524
558
500
494
511
524
574
496
548
538
507
558
538
502
569
527
509
537
546
517
545
531
521
539
559
530
577
550
538
548
504
490
509
510
610
527
532
524
530
535
552
548
512
536
502
558
500
506
530
568
540
497
533
543
578
511
546
557
556
557
584
585
530
567
555
558
553
524
538
559
557
509
512
502
569
554
577
580
555
577
570
476
490
526
523
558
556
538
548
572
530
529
542
553
518
567
602
545
573
528
552
569
586
545
536
531
555
512
549
548
569
534
511
536
554
572
528
554
531
546
592
560
529
548
548
555
548
531
583
567
551
550
504
585
556
533
530
563
538
538
556
531
524
578
562
579
536
543
542
550
581
513
562
539
544
555
553
549
547
560
562
541
612
527
569
549
592
575
532
540
563
579
537
566
591
555
599
573
598
547
522
553
585
581
587
613
560
578
581
562
602
559
531
572
543
591
565
564
568
597
617
581
538
541
601
592
555
542
540
608
568
629
580
577
603
579
587
583
545
555
549
570
600
593
572
589
555
508
588
570
543
546
629
567
573
565
569
601
594
569
529
588
603
579
568
605
569
560
629
565
592
594
566
599
554
637
564
557
555
557
578
570
549
555
579
560
541
586
638
546
585
536
528
559
575
595
570
582
619
583
633
532
604
523
570
576
579
539
612
542
574
583
602
601
563
580
562
572
561
619
601
584
576
603
613
544
515
550
565
602
543
564
640
586
589
570
593
577
553
570
544
569
554
540
587
589
620
592
584
568
570
567
584
539
613
583
572
590
554
552
530
516
585
618
581
533
589
587
579
566
596
573
569
551
616
571
548
581
589
551
576
548
562
592
550
591
564
569
581
583
568
626
541
591
561
592
579
597
582
556
583
606
592
578
574
537
574
560
609
540
596
578
590
579
582
569
561
559
579
583
539
525
605
573
571
562
610
576
560
573
560
553
554
594
534
572
592
612
555
574
574
566
561
556
577
598
593
624
554
592
561
515
572
578
574
604
564
595
613
565
591
561
551
588
632
530
601
611
619
534
575
596
578
633
593
604
538
593
644
603
588
615
626
630
570
564
597
571
600
584
636
609
566
629
597
623
597
590
589
584
637
617
619
586
645
548
645
637
613
590
625
642
620
628
656
621
646
625
604
627
650
625
593
642
619
632
652
618
656
634
672
625
652
605
662
605
658
617
636
657
658
636
655
682
658
634
654
674
668
688
703
677
678
670
676
649
676
669
613
695
654
656
684
701
660
691
667
638
694
689
670
702
688
672
667
716
750
701
669
675
722
656
711
664
680
694
678
727
726
726
673
692
671
719
635
679
695
679
707
707
700
729
723
706
707
731
686
682
693
773
703
724
656
711
715
711
708
721
706
713
701
683
731
667
736
700
720
722
732
727
720
753
698
725
732
719
678
679
702
687
659
701
701
704
706
676
674
699
694
734
746
654
691
621
693
716
705
652
660
714
724
673
728
703
699
693
692
693
735
661
647
690
686
665
638
644
658
693
682
714
642
683
715
685
695
691
721
663
688
629
685
655
654
639
660
647
684
705
710
652
685
716
676
646
669
632
635
663
684
697
652
668
663
652
656
643
627
665
613
702
659
643
673
651
650
660
630
637
715
658
689
701
659
655
683
664
652
629
670
688
634
622
646
643
680
598
623
644
684
638
654
627
629
666
594
647
691
642
666
632
625
643
640
625
672
624
592
613
601
659
630
655
653
649
614
586
627
609
645
672
673
639
652
639
621
657
571
659
640
645
637
648
603
583
641
628
613
601
621
637
638
595
610
612
660
573
603
623
593
585
629
606
644
628
610
629
631
600
596
599
582
638
603
641
651
598
587
620
596
577
644
614
610
600
588
618
604
603
596
593
630
584
607
636
598
595
623
636
601
635
593
591
604
623
635
598
597
609
617
551
604
600
576
594
561
587
626
588
604
580
552
577
594
553
624
669
586
566
582
603
570
576
600
542
583
608
606
564
592
581
570
578
564
571
561
529
592
553
622
625
566
582
561
604
554
573
634
577
625
571
579
574
563
573
573
565
570
575
575
584
553
596
556
546
548
590
552
559
586
569
529
509
509
564
553
610
558
569
580
566
531
548
508
631
563
515
575
532
548
571
541
559
561
585
568
565
529
553
582
562
525
620
516
555
550
592
551
561
540
611
526
550
552
572
554
539
528
539
547
528
547
530
522
586
543
559
547
525
528
550
532
521
535
544
531
538
517
567
514
511
553
556
537
516
528
486
529
492
539
530
531
545
565
527
535
520
513
560
574
555
550
527
538
554
520
530
511
526
530
527
505
486
500
551
498
509
519
513
514
521
548
532
535
495
529
505
532
527
504
550
514
531
540
505
538
526
478
551
475
494
531
525
529
514
513
521
498
481
533
507
541
507
498
476
511
475
515
485
523
490
498
459
471
476
518
515
474
487
503
512
482
524
500
510
474
474
478
496
475
471
482
459
512
491
494
489
486
505
459
473
505
528
482
513
466
478
495
487
490
447
455
489
492
490
496
516
496
513
504
507
506
490
518
476
452
453
489
527
467
494
500
464
481
469
457
496
528
485
518
509
476
552
441
470
467
504
509
499
510
505
480
478
490
495
495
480
538
503
486
496
466
476
453
487
486
461
467
471
426
508
478
476
486
483
469
503
463
512
527
499
498
455
464
484
476
500
496
491
494
480
486
492
490
437
447
480
503
472
475
485
491
499
487
472
470
445
486
467
470
507
482
470
500
514
473
475
494
474
474
472
527
518
468
478
492
504
488
487
466
480
484
474
487
472
475
510
500
501
513
452
488
499
478
508
467
501
464
472
499
485
488
458
460
462
480
477
457
479
479
461
460
458
500
491
482
491
482
490
508
492
480
511
481
482
501
514
493
444
444
479
469
481
468
484
474
453
462
487
455
477
485
517
475
513
478
490
501
471
456
487
438
461
515
471
413
507
501
498
451
455
496
470
472
516
438
465
461
444
490
491
483
461
456
459
464
465
453
455
466
460
498
468
486
469
504
468
475
484
492
495
476
465
511
468
453
431
500
458
489
483
474
417
457
458
444
449
468
460
481
494
458
491
446
473
436
459
473
467
500
460
484
438
458
469
463
462
414
463
457
461
459
461
443
420
409
468
430
448
446
431
423
444
446
430
484
465
418
450
498
445
412
428
465
440
406
421
474
424
434
405
441
429
438
395
425
460
395
428
411
425
402
378
449
415
419
386
445
426
417
383
418
411
399
393
403
449
403
418
405
370
419
403
416
420
441
395
387
438
421
390
381
400
392
373
386
378
417
372
423
394
415
399
392
371
384
363
351
373
337
414
387
413
365
388
389
358
375
379
357
320
358
334
375
385
357
329
372
367
386
343
360
379
338
383
360
370
352
353
328
347
356
336
363
313
312
330
350
323
316
320
326
330
332
331
349
334
327
336
345
311
335
300
330
333
320
316
322
282
313
284
315
324
305
325
312
298
317
306
282
302
363
298
293
321
290
267
313
301
322
333
271
313
306
321
324
288
310
299
288
314
286
261
285
294
297
269
285
288
270
287
303
282
247
282
294
301
264
312
238
277
307
297
262
268
270
267
270
294
288
278
259
263
266
280
258
270
298
293
268
296
284
292
301
296
275
282
258
267
255
279
250
273
269
274
255
233
240
260
254
255
222
289
243
273
264
260
242
240
252
258
256
247
249
285
225
249
257
242
280
250
246
267
242
234
244
255
252
258
237
232
227
236
250
220
237
226
263
259
271
226
257
243
250
273
258
230
220
219
248
236
243
237
242
267
236
247
197
224
251
244
251
216
243
227
224
230
194
236
208
240
229
227
263
225
225
188
226
249
254
251
262
204
217
205
223
222
225
184
218
228
223
217
226
203
205
238
214
215
218
212
235
229
205
178
208
214
219
216
221
205
250
208
214
206
226
211
231
196
224
228
230
218
208
205
191
221
193
212
187
209
204
190
219
218
220
211
212
217
209
211
214
198
246
178
200
227
202
200
174
225
201
196
232
200
205
185
200
252
206
203
223
190
193
218
203
209
213
210
222
213
201
207
184
222
193
212
209
242
206
232
189
196
204
225
183
198
202
194
189
216
218
187
201
233
152
176
209
201
192
214
200
187
192
224
189
174
207
180
192
194
213
194
203
223
217
197
224
174
203
205
192
195
204
195
202
186
201
178
192
172
183
182
190
223
205
184
191
212
180
180
210
207
174
179
208
197
200
191
199
198
197
202
182
189
196
212
204
187
206
189
173
194
200
191
220
193
172
178
189
190
202
207
156
167
213
192
217
184
196
171
197
197
201
191
177
205
168
190
166
189
188
177
204
213
198
174
194
192
181
181
189
192
183
185
188
195
171
181
189
202
172
189
195
182
199
172
179
191
185
184
180
187
196
183
198
162
177
174
179
185
199
169
180
192
165
191
193
200
186
191
197
175
183
188
177
195
197
218
200
170
199
184
160
190
168
178
164
185
168
195
191
169
180
180
171
171
185
190
204
153
178
186
171
177
173
188
200
181
191
174
170
158
195
182
200
176
191
192
177
198
161
183
172
180
149
178
211
189
174
181
189
168
164
207
186
212
181
192
169
193
191
191
186
172
204
179
224
187
160
210
174
201
161
183
194
169
179
187
195
164
186
178
153
200
199
182
173
187
201
152
178
196
182
150
160
181
172
167
173
178
206
192
177
164
196
200
195
171
177
193
193
178
170
177
174
176
191
204
185
185
176
157
195
169
189
169
182
192
206
200
182
188
171
167
167
169
189
175
205
213
176
170
169
195
185
191
178
192
176
192
171
171
210
166
186
187
197
227
181
183
182
191
184
174
191
171
212
166
165
182
164
169
211
191
186
195
170
198
188
202
213
180
209
178
203
192
183
205
202
187
202
184
193
202
202
197
205
181
193
199
205
168
177
203
188
218
215
210
216
201
225
206
204
183
197
210
196
213
210
194
191
232
209
228
237
222
227
206
223
228
233
217
193
222
214
224
249
255
217
257
250
225
229
259
249
228
246
259
248
252
281
266
296
272
253
257
279
267
280
271
280
284
281
303
270
300
317
299
317
294
312
313
300
290
299
351
303
309
311
320
315
374
372
338
394
351
355
393
396
379
402
384
405
395
402
383
399
378
407
450
401
452
433
445
473
440
469
439
439
463
470
506
514
490
505
494
497
551
543
534
553
546
535
569
544
570
563
596
602
624
587
613
628
600
610
639
687
667
699
740
686
708
679
713
719
743
713
737
753
786
786
822
780
800
839
878
839
876
833
867
884
846
889
907
919
926
998
990
963
970
949
1027
954
1079
1035
992
1064
1045
1040
1108
1162
1061
1109
1132
1150
1094
1232
1117
1187
1232
1253
1207
1280
1276
1157
1280
1307
1285
1330
1364
1337
1350
1309
1367
1410
1410
1488
1411
1427
1451
1465
1471
1556
1490
1510
1533
1533
1521
1587
1636
1651
1594
1709
1671
1657
1730
1664
1712
1707
1763
1798
1833
1826
1786
1815
1892
1835
1847
1944
1884
1850
1959
1906
1984
1982
1843
1951
1931
1972
1947
1997
2026
2073
2076
2103
2155
2037
2053
2145
2152
2149
2164
2185
2212
2324
2166
2253
2213
2247
2237
2196
2310
2290
2251
2239
2312
2353
2315
2353
2355
2431
2415
2401
2440
2445
2496
2463
2430
2482
2510
2458
2490
2481
2516
2513
2570
2460
2550
2577
2522
2539
2597
2535
2594
2602
2581
2548
2645
2626
2712
2581
2706
2631
2695
2679
2659
2737
2696
2659
2681
2713
2673
2660
2738
2745
2684
2674
2727
2758
2708
2662
2656
2817
2799
2669
2815
2670
2734
2738
2765
2763
2709
2768
2749
2756
2797
2768
2680
2745
2766
2732
2780
2685
2765
2716
2815
2702
2760
2678
2688
2723
2739
2671
2663
2659
2686
2629
2686
2699
2647
2743
2728
2686
2686
2585
2545
2712
2666
2628
2532
2533
2493
2553
2629
2581
2566
2517
2653
2481
2491
2590
2460
2500
2495
2570
2607
2604
2384
2444
2494
2482
2366
2433
2409
2375
2452
2419
2405
2334
2244
2406
2283
2271
2331
2275
2237
2268
2238
2235
2112
2197
2182
2209
2139
2095
2100
2096
2116
2106
2120
2039
2049
2037
2046
2006
2063
2048
1936
2026
1940
2015
1984
1943
1953
1861
1870
1896
1830
1873
1831
1784
1795
1778
1784
1777
1743
1783
1792
1704
1778
1676
1692
1696
1598
1693
1605
1609
1543
1488
1602
1573
1548
1461
1501
1498
1438
1493
1433
1414
1393
1438
1439
1357
1410
1393
1335
1372
1346
1276
1308
1319
1274
1246
1198
1262
1187
1167
1178
1165
1235
1186
1133
1146
1130
1132
1056
1051
1087
1034
1017
1027
1078
1000
994
1009
944
990
899
1031
943
900
911
898
839
894
867
827
843
859
800
818
841
822
843
782
790
749
722
743
751
747
719
719
663
700
667
729
664
645
619
675
633
601
617
617
614
610
620
555
583
598
599
565
615
553
560
524
527
521
503
478
496
466
504
505
512
475
476
449
445
441
449
432
457
411
454
399
428
397
373
403
391
384
398
363
368
365
393
371
366
335
350
342
328
335
341
325
302
324
306
296
295
284
289
298
294
290
294
267
297
291
278
312
247
268
266
281
270
262
253
232
234
256
234
240
201
242
255
223
232
244
225
223
218
201
229
222
218
205
244
177
194
200
193
180
223
213
204
198
171
202
164
185
162
194
185
180
164
180
198
164
201
172
186
180
160
178
193
153
154
161
172
173
149
152
159
172
153
164
147
143
146
158
148
141
159
152
127
151
137
115
123
120
127
129
131
132
134
116
136
125
127
142
123
122
142
111
125
124
126
130
109
128
127
135
121
128
127
138
122
118
104
122
126
117
128
107
100
122
107
127
106
97
110
105
126
107
127
117
108
123
120
92
86
129
122
119
106
102
108
101
124
124
108
107
85
105
109
109
102
119
106
97
104
113
102
93
106
86
96
105
111
91
98
96
92
96
111
105
97
102
106
109
85
113
107
99
106
97
90
101
89
103
108
101
95
119
90
94
100
101
92
84
97
107
96
85
85
95
113
110
115
95
89
76
88
90
109
93
82
89
113
104
123
93
87
82
89
94
83
98
105
79
114
89
84
81
121
83
73
94
64
86
97
90
92
77
109
92
103
86
72
80
97
85
83
91
83
95
80
86
88
85
84
88
84
83
89
90
68
92
87
93
70
100
92
98
76
89
98
84
77
76
85
85
82
77
91
91
88
89
78
102
84
92
81
102
90
88
90
79
95
72
65
85
71
107
98
97
78
80
78
67
77
76
76
100
81
96
84
93
94
96
89
78
74
86
85
89
71
98
77
74
78
72
103
82
83
78
100
98
77
110
79
84
78
78
71
70
80
71
80
91
95
94
83
89
90
70
83
90
91
74
90
85
69
82
96
77
80
83
103
75
83
102
86
78
86
72
77
68
102
79
93
94
84
82
62
71
85
68
82
77
100
78
90
86
80
88
89
81
68
86
88
83
84
88
89
81
96
83
82
87
87
79
98
77
72
68
96
88
75
93
86
83
59
73
76
86
69
65
79
77
89
91
82
65
93
86
99
91
84
82
83
102
89
82
74
82
85
85
82
72
102
67
99
85
94
67
89
71
86
76
90
64
83
89
89
88
77
99
94
86
75
79
78
78
74
82
71
91
78
89
95
86
88
87
72
73
78
87
97
92
79
75
86
76
69
81
94
69
62
67
87
70
63
80
75
89
81
79
79
82
87
67
77
81
87
72
88
71
71
80
89
76
62
88
79
78
88
85
82
81
98
95
82
76
91
95
95
84
89
107
85
69
97
92
75
74
96
90
82
92
90
79
66
72
77
77
86
81
93
81
63
89
76
83
93
76
74
86
84
76
71
79
88
79
74
80
81
90
71
87
83
75
77
80
85
84
75
83
87
105
84
82
78
91
91
80
85
74
97
83
79
86
92
96
88
101
85
79
85
83
103
69
66
76
100
87
86
74
89
88
73
79
84
77
91
83
79
88
82
78
86
86
81
88
89
87
76
85
77
76
69
86
71
86
92
94
98
92
58
89
84
72
90
106
90
81
76
92
89
86
77
89
91
80
81
94
73
75
77
80
79
85
90
107
78
83
67
84
97
95
79
89
74
66
81
82
76
79
77
78
73
67
93
63
85
71
89
85
84
83
79
78
90
93
91
76
87
80
78
101
87
74
71
79
97
79
90
95
89
66
99
81
82
94
94
80
92
97
94
83
84
87
70
82
87
74
88
97
80
83
85
97
77
86
79
83
99
85
93
73
87
86
102
106
95
92
68
103
88
88
87
78
95
94
82
70
83
82
100
86
82
94
94
91
84
79
85
73
94
92
63
73
93
88
96
98
79
92
81
98
92
73
94
97
85
82
85
99
80
85
81
81
78
102
91
86
85
76
80
73
109
97
80
78
92
81
79
90
66
84
79
81
78
87
89
82
74
73
67
99
98
78
79
68
81
98
91
79
82
100
77
87
89
80
81
78
70
90
76
90
79
69
90
74
93
78
82
98
81
85
86
86
76
88
91
79
85
79
84
74
87
80
86
78
90
92
77
76
101
83
72
83
83
86
90
94
83
65
85
79
101
73
81
99
92
90
86
74
65
72
86
84
70
72
82
89
76
74
80
78
86
79
87
87
77
98
100
75
83
71
78
90
88
102
89
85
88
79
84
83
84
80
80
86
82
84
89
90
87
68
66
101
84
90
94
98
96
78
77
75
75
80
74
64
85
82
88
84
82
73
72
76
79
88
91
97
76
88
72
80
82
78
75
84
72
80
68
104
79
70
69
84
85
80
81
84
93
78
85
91
95
81
97
86
65
85
87
69
74
89
87
73
83
81
84
84
83
73
73
75
82
79
80
74
76
83
71
77
89
88
92
77
74
78
90
88
88
71
68
94
72
89
102
79
98
87
110
75
87
89
72
64
85
103
89
68
66
70
96
86
89
74
86
78
84
79
82
67
91
59
81
80
99
94
86
89
78
81
66
84
76
83
78
92
77
89
81
60
73
63
79
74
78
90
76
90
77
71
89
69
84
89
75
81
81
91
82
67
72
80
87
75
88
94
72
69
86
80
90
71
81
76
91
81
80
82
87
84
76
81
98
86
73
84
62
82
82
89
82
76
68
77
67
73
117
81
79
88
53
85
81
77
85
69
73
78
79
77
77
82
78
83
93
78
84
93
84
77
87
83
88
77
83
94
91
80
89
83
82
76
78
84
87
89
76
96
92
81
89
94
79
74
90
95
95
82
80
78
87
82
87
92
77
95
90
86
81
76
80
83
89
67
66
99
86
87
68
95
80
70
85
88
78
82
71
88
84
69
90
69
79
84
79
88
63
79
86
95
88
87
76
83
86
80
71
79
86
70
95
108
79
85
92
93
87
70
99
88
101
90
74
77
91
67
94
83
69
86
80
90
75
98
79
81
86
76
91
70
79
95
87
83
80
84
72
89
99
95
70
84
84
67
85
82
78
88
86
88
87
82
77
91
87
84
89
72
74
86
71
85
79
74
91
89
76
82
81
84
74
68
81
74
74
75
98
85
87
78
90
87
85
70
86
67
68
78
78
84
93
76
67
87
74
75
82
73
82
83
85
89
77
84
78
88
80
97
97
84
87
83
77
72
79
73
72
86
81
86
76
73
84
91
85
79
81
84
95
63
99
94
82
86
83
81
89
105
99
92
91
83
80
70
93
84
106
77
82
80
94
80
89
76
76
79
60
69
89
82
77
95
75
80
79
87
84
84
81
90
92
93
78
96
83
85
81
84
68
73
78
68
94
85
83
80
86
91
74
77
66
94
92
84
74
69
77
74
53
94
85
67
96
74
85
91
74
82
82
88
69
84
74
74
79
84
76
95
89
74
72
63
69
75
68
85
79
83
81
81
104
75
99
93
97
77
72
72
60
78
90
98
84
71
71
82
96
77
80
87
98
86
83
95
89
72
82
89
103
73
70
84
71
70
72
83
99
73
75
89
70
71
82
71
75
83
95
82
79
87
83
69
83
72
86
90
76
76
95
81
67
67
71
75
71
82
83
81
82
82
71
80
91
78
78
78
85
84
90
67
86
74
73
93
89
77
83
85
81
76
86
81
64
65
82
101
92
71
72
71
64
96
85
64
73
84
87
77
83
91
87
88
86
69
91
94
76
73
86
80
77
90
84
97
79
80
69
84
68
94
81
92
81
73
106
78
95
68
74
90
55
81
89
79
87
72
83
84
73
104
87
88
80
75
82
73
87
89
76
78
79
98
68
73
89
73
77
96
81
87
75
99
108
80
94
70
90
87
85
93
68
85
81
79
82
81
85
80
93
70
80
79
94
72
89
83
84
87
84
57
67
70
67
90
86
80
70
70
68
74
71
80
67
77
85
75
95
84
83
91
80
87
74
87
89
80
87
82
89
65
85
88
86
77
86
72
91
79
90
78
76
74
91
85
80
88
79
76
86
70
76
86
71
96
66
86
73
87
80
89
68
82
92
94
97
67
88
70
83
75
64
76
75
80
85
81
76
86
90
88
92
80
82
96
94
99
69
76
89
90
63
81
67
81
83
75
70
92
79
76
98
71
101
85
82
81
84
81
97
80
88
84
83
94
78
84
94
89
91
71
78
104
84
100
79
96
86
84
84
85
98
78
79
85
80
82
99
88
85
80
79
94
83
94
80
91
82
87
79
78
89
84
87
106
75
85
78
79
84
74
89
91
88
78
85
73
83
69
86
79
95
74
91
79
79
105
80
90
76
89
75
88
83
78
80
82
86
93
101
96
91
87
95
88
86
85
81
74
104
86
102
100
110
85
79
75
82
83
82
82
85
102
77
77
105
96
80
70
79
96
93
69
92
82
90
99
99
66
92
90
95
97
84
83
93
77
97
78
103
86
101
83
77
73
84
104
85
105
93
80
82
94
77
82
89
88
87
93
88
88
86
88
92
96
81
83
85
94
85
84
86
95
85
95
83
85
97
80
88
93
101
92
108
81
88
77
99
80
86
89
112
80
81
78
92
79
100
89
84
86
82
83
85
101
90
102
94
108
95
90
95
110
79
102
104
91
85
79
97
85
75
108
86
100
89
84
100
98
71
97
94
82
85
86
86
93
87
94
93
81
98
94
103
87
97
95
95
86
100
89
83
104
92
87
81
94
92
102
96
100
91
92
86
88
71
97
90
91
81
84
79
93
102
101
75
95
90
86
88
64
78
102
65
91
101
105
89
87
91
92
95
91
92
104
95
87
98
96
84
85
107
96
78
89
82
91
88
102
82
96
116
109
78
87
88
92
86
94
101
94
104
94
94
85
81
100
79
93
85
96
98
86
89
88
109
87
79
87
83
90
89
85
102
93
80
103
87
90
91
84
106
102
92
91
96
79
95
91
98
96
86
90
97
89
91
83
95
102
89
94
86
98
100
95
104
96
112
84
97
74
98
97
88
86
101
92
89
119
80
86
91
96
105
101
90
96
92
105
90
82
106
87
94
93
95
80
90
100
84
80
108
98
93
97
68
108
100
89
96
93
87
101
80
106
78
85
80
107
100
98
104
77
94
85
92
98
94
99
90
85
121
85
86
82
105
88
92
90
100
108
77
89
106
98
102
96
78
85
95
98
101
83
95
104
104
109
85
97
103
103
91
105
75
93
96
101
89
82
93
94
96
91
105
90
88
100
108
80
95
84
94
103
97
91
95
101
97
99
93
100
94
96
87
108
103
81
90
90
87
99
95
103
110
91
101
105
118
84
80
92
100
105
103
83
90
90
95
103
105
111
94
100
103
105
101
96
91
93
130
92
89
95
111
91
91
109
102
89
86
107
81
109
96
94
104
100
81
91
93
83
86
84
104
88
79
102
76
94
96
84
102
107
103
95
105
92
99
102
89
104
93
114
104
83
97
86
106
93
92
104
88
97
101
92
94
96
95
89
103
89
86
102
99
97
94
95
95
98
104
106
80
116
95
89
90
102
106
90
85
99
99
88
113
100
92
96
85
74
99
81
95
87
113
94
103
97
113
94
106
100
94
92
94
86
91
115
103
96
104
88
99
93
107
101
93
99
106
89
103
104
102
92
97
91
90
84
88
101
90
100
94
82
98
92
103
91
98
91
93
87
99
100
82
101
97
102
86
95
87
101
97
91
95
89
86
95
110
108
92
103
84
92
87
100
104
86
83
84
85
98
100
99
100
79
88
105
99
82
113
95
88
85
67
83
86
87
114
90
115
97
86
87
88
70
85
73
108
83
70
103
95
97
86
94
104
96
89
96
91
92
80
75
91
80
86
85
89
86
70
72
90
86
101
71
92
105
97
96
96
86
87
96
83
97
72
74
85
89
98
93
91
71
80
88
76
91
72
76
86
84
90
87
79
86
83
93
90
74
91
97
68
93
92
96
86
85
73
85
66
84
85
71
85
89
87
94
82
98
80
80
69
88
91
91
85
76
94
86
92
93
70
74
74
69
75
87
86
80
72
68
79
75
69
87
71
91
76
74
78
72
73
79
73
86
83
77
75
72
96
78
71
68
85
91
82
81
73
53
74
73
85
79
57
80
77
88
63
86
66
77
63
67
69
70
66
63
72
62
77
63
82
87
87
70
70
72
78
84
57
68
76
58
70
65
73
75
70
91
86
62
82
60
63
75
73
65
68
53
75
71
78
60
70
55
69
63
62
74
69
54
70
58
66
51
62
55
54
72
59
76
71
60
71
74
54
69
64
72
67
66
49
65
69
55
62
78
58
58
48
54
71
75
58
78
58
47
54
59
60
56
56
71
68
66
53
55
70
75
75
48
72
55
48
68
65
55
61
49
49
71
60
55
59
55
59
50
61
63
66
60
52
65
55
56
59
66
54
68
49
68
56
47
60
50
65
45
55
68
72
56
54
69
55
55
46
51
46
56
37
67
49
62
45
46
54
59
45
68
63
53
37
52
64
72
58
55
44
52
53
56
59
64
61
62
45
52
44
44
52
61
54
34
50
52
48
58
48
51
42
50
49
50
62
42
39
52
58
45
52
34
41
37
47
50
54
54
57
41
46
62
47
41
47
39
56
48
35
45
38
52
32
40
45
47
50
46
43
47
40
50
43
40
47
46
50
48
59
37
52
39
42
31
43
39
24
43
43
48
47
48
48
35
36
35
36
37
61
47
50
42
41
36
37
52
43
44
33
38
47
42
33
37
43
32
46
42
36
39
33
37
32
35
45
43
47
40
45
44
49
47
28
33
41
42
37
43
32
40
38
29
36
36
24
51
40
38
53
40
28
39
22
44
35
42
36
43
39
37
40
32
39
38
42
33
38
35
38
39
34
32
33
40
32
36
35
37
41
34
28
37
31
29
43
40
30
42
43
35
34
45
41
27
40
36
39
42
39
34
35
29
37
42
36
31
36
33
37
28
29
36
24
27
47
47
33
36
35
34
32
32
36
36
35
34
34
38
36
27
28
27
27
25
29
34
36
33
37
20
35
44
32
33
32
26
37
37
32
31
34
33
29
36
33
25
35
23
25
30
29
41
30
36
28
42
25
26
36
25
26
37
25
30
36
23
35
30
35
20
20
19
33
21
21
29
34
33
30
18
26
42
13
36
32
35
25
33
25
33
28
33
27
45
23
26
25
28
33
19
31
24
23
34
36
25
29
29
19
22
17
29
37
32
28
33
26
22
21
21
32
38
23
32
33
26
26
27
19
31
31
21
33
37
29
38
27
27
23
33
26
29
24
26
24
21
33
29
31
31
26
28
27
34
28
44
22
27
27
31
34
20
31
23
25
27
32
20
15
29
23
27
27
19
32
19
33
31
25
21
25
32
25
16
21
26
17
24
27
30
29
31
32
23
29
29
27
25
17
18
21
19
23
21
35
17
24
32
18
23
28
32
19
25
31
21
22
28
24
22
37
24
21
29
30
19
24
21
17
27
21
25
22
25
30
30
19
26
26
21
18
27
16
21
33
30
17
24
26
13
19
29
27
27
29
35
22
20
29
27
22
26
20
31
21
32
33
27
18
30
23
31
27
26
19
19
14
23
40
31
25
35
25
21
15
24
18
28
24
25
19
29
18
24
27
16
22
23
26
39
14
30
16
21
26
26
19
31
22
16
27
27
17
24
24
24
27
22
20
29
20
22
26
28
24
24
27
24
34
26
22
19
22
23
30
26
21
26
20
30
22
27
28
23
27
21
24
27
29
33
22
29
33
29
33
28
26
29
26
36
28
30
26
23
38
28
31
29
24
32
34
25
31
39
36
30
21
37
32
36
28
27
22
29
32
32
42
34
23
39
41
28
37
15
31
23
30
28
34
27
26
35
25
25
24
37
22
37
34
30
27
38
28
33
22
40
41
41
36
38
37
32
37
30
41
32
33
35
27
27
26
42
41
34
32
35
34
37
48
44
57
34
43
46
41
33
32
41
38
45
39
38
44
42
37
53
33
52
40
44
45
39
42
48
56
35
42
49
49
49
41
54
45
44
53
58
49
54
36
56
56
46
58
54
39
41
43
54
53
40
63
60
38
47
50
65
65
55
60
53
46
55
59
56
51
57
64
61
49
75
53
63
57
56
76
74
59
62
59
60
66
64
78
75
61
80
68
60
75
80
75
70
79
72
88
86
75
64
73
83
81
76
79
83
89
88
70
85
97
71
75
78
82
97
84
81
83
92
90
90
80
88
93
108
85
101
96
101
100
101
106
102
108
105
99
90
97
102
84
92
87
102
100
92
97
119
110
111
115
111
109
117
117
110
132
114
128
119
117
133
123
114
114
120
133
143
143
134
125
139
117
157
127
134
136
142
147
84
135
142
139
131
119
129
152
134
135
143
126
151
156
160
150
146
134
160
137
122
154
154
170
167
137
151
161
149
147
154
154
150
170
155
174
145
167
149
155
176
150
173
170
190
174
165
175
184
185
196
192
179
202
190
197
181
188
182
173
192
185
209
186
186
196
169
209
191
202
197
199
213
217
185
245
208
206
224
212
206
225
196
217
187
189
219
230
215
212
196
210
233
224
215
225
217
220
222
223
231
250
224
245
239
196
247
234
229
239
252
241
241
252
270
241
247
268
251
262
264
272
245
234
252
245
245
233
292
291
255
253
255
264
266
266
250
264
262
259
255
289
297
235
290
291
289
306
283
298
291
300
270
275
253
284
305
259
289
264
334
294
306
295
297
270
330
290
302
298
291
285
317
320
324
340
326
336
316
308
329
302
309
301
301
340
322
332
306
321
330
313
319
314
306
320
303
307
331
310
324
323
324
298
330
310
332
315
348
317
315
336
329
321
319
344
328
335
328
359
310
341
329
354
361
326
363
300
334
297
326
321
338
340
366
361
344
359
335
344
383
350
336
337
319
354
369
312
335
328
367
352
323
354
360
321
363
323
344
364
370
322
373
377
341
362
307
384
340
333
318
353
344
361
316
360
342
334
376
355
365
374
366
321
350
369
368
370
339
343
365
353
386
328
361
342
335
357
337
335
343
362
368
357
359
347
352
346
340
380
365
319
367
379
378
360
349
364
356
341
333
356
363
390
356
361
347
340
349
403
410
333
357
324
371
360
318
348
366
334
363
356
372
310
380
348
361
358
367
362
353
310
353
336
352
336
353
374
332
336
365
355
339
337
335
364
342
344
325
336
341
310
342
357
344
340
332
382
310
338
338
303
335
374
345
314
343
354
333
347
358
348
339
330
294
339
297
328
340
339
325
334
299
311
314
317
298
327
314
306
309
308
338
332
328
288
330
310
343
330
338
305
314
314
320
288
298
298
352
276
321
296
301
291
278
289
314
280
274
277
296
323
301
295
287
297
309
295
274
298
282
285
261
289
302
306
302
263
276
281
294
232
302
285
276
281
239
289
266
287
261
265
246
263
262
301
261
298
242
273
259
269
242
269
245
252
230
209
272
259
241
269
245
223
246
190
254
262
225
248
206
213
238
233
235
208
260
236
260
236
220
214
217
221
211
234
222
200
181
232
244
227
209
213
227
232
212
182
220
224
196
218
216
207
217
204
194
241
228
203
195
221
195
237
194
185
195
206
202
191
173
183
193
204
186
203
182
184
192
196
199
187
142
207
172
183
177
176
177
160
189
157
186
184
168
166
182
177
166
164
160
153
153
170
154
156
160
151
192
147
173
180
177
153
151
151
146
146
154
153
169
123
145
153
155
135
149
124
133
128
148
145
138
136
137
142
132
118
132
130
138
142
154
134
122
117
113
146
130
118
124
137
117
114
123
132
121
114
88
113
122
108
126
126
122
123
108
104
96
91
120
120
116
93
109
123
119
105
103
100
106
95
108
103
106
107
97
104
93
94
86
109
87
95
97
85
84
88
91
105
102
102
74
84
80
93
83
94
76
87
88
84
101
94
67
90
74
81
81
94
90
91
75
78
89
88
71
63
89
85
86
80
74
82
66
83
69
70
78
77
71
77
74
73
73
89
109
65
76
53
64
81
78
65
91
86
69
68
74
56
69
64
56
71
60
75
69
63
60
61
67
60
49
55
66
67
55
57
52
64
68
54
69
52
60
53
65
55
56
58
56
48
55
65
50
45
63
63
40
45
43
47
36
54
56
49
51
50
51
53
45
49
47
49
48
45
48
51
44
46
45
43
40
40
49
49
40
37
37
51
60
49
43
60
55
52
47
44
41
33
48
42
44
47
42
50
51
42
36
45
38
35
45
37
38
45
46
43
42
30
42
36
37
36
38
31
38
37
41
37
32
36
38
33
41
37
38
31
34
37
36
30
33
46
38
34
37
36
42
37
26
25
41
23
35
34
40
38
38
28
29
36
32
40
33
34
33
40
37
36
32
43
32
37
29
29
31
34
31
34
20
23
28
32
29
32
34
30
23
34
27
27
21
29
37
32
22
26
35
26
26
24
26
30
22
41
24
27
27
26
22
34
27
26
29
26
26
31
24
30
28
30
21
25
27
20
29
35
40
24
30
27
32
40
24
33
23
27
27
32
27
23
31
23
22
27
27
25
27
24
23
24
24
18
33
20
32
30
27
20
28
19
28
33
28
18
17
21
35
24
16
26
29
31
20
22
19
24
21
24
18
24
26
30
31
17
19
28
25
22
26
22
18
23
29
24
19
19
12
32
29
21
27
33
31
26
16
26
19
19
15
21
17
25
23
18
24
19
14
20
25
22
22
28
31
18
24
20
16
28
21
17
26
26
29
27
22
17
24
24
20
14
28
32
21
12
23
19
19
20
26
20
16
23
28
20
19
19
19
25
18
23
21
24
26
22
29
15
21
22
15
27
21
28
22
21
18
28
19
25
27
25
16
21
25
15
23
22
23
20
18
24
19
26
19
21
13
22
15
19
12
17
13
18
20
18
16
18
20
24
24
18
26
11
17
16
21
23
22
15
17
20
21
23
21
28
23
21
17
20
21
20
21
17
21
23
13
23
23
20
18
28
29
19
15
16
23
27
27
23
20
26
19
28
15
13
25
15
19
14
20
11
24
20
17
14
25
18
25
15
18
16
17
12
24
24
20
25
17
24
25
13
15
13
23
19
18
22
270
278
239
259
216
266
234
242
243
220
249
228
260
228
250
237
243
225
284
234
245
260
259
226
271
249
224
236
236
219
230
239
216
255
226
260
236
221
270
235
228
241
232
229
237
261
247
223
258
252
234
240
252
222
222
237
212
231
239
256
253
246
228
221
255
209
233
204
239
246
227
215
229
230
227
270
237
222
222
237
238
226
230
231
222
255
205
230
185
216
218
216
230
240
199
231
226
242
213
245
267
193
206
196
215
216
224
193
210
233
228
232
204
232
218
188
222
225
220
223
214
230
235
217
222
211
209
110
