0
0
0
0
0
0
0
0
0
0
0
0
0
0
0
0
0
0
0
0
0
0
0
0
0
0
0
0
0
0
0
0
0
0
0
0
0
0
0
0
0
0
0
0
0
0
0
0
0
0
0
0
0
0
1
0
2
5
7
25
25
25
65
129
146
109
115
69
66
64
58
49
62
80
58
93
120
148
160
157
145
114
89
98
77
61
58
64
74
104
124
153
132
146
113
111
78
89
71
86
92
87
109
109
123
159
165
150
116
109
131
106
91
101
106
123
141
151
165
172
166
145
127
120
120
112
129
123
185
459
1244
2257
2495
1754
748
317
220
196
168
152
119
182
134
147
198
200
186
191
186
178
162
184
162
158
158
156
143
137
164
168
173
161
194
149
174
191
160
177
173
184
184
158
174
192
182
172
178
180
196
187
187
184
187
182
198
183
205
184
186
211
183
168
185
201
194
160
192
191
200
221
195
203
218
175
185
204
179
192
205
215
187
189
188
207
182
182
177
210
200
213
191
209
192
193
179
211
197
192
199
181
221
190
208
212
196
213
200
215
190
199
190
195
224
189
216
186
188
181
210
207
167
208
209
169
182
206
195
203
194
183
198
178
215
190
203
211
197
171
201
192
195
188
167
183
211
191
166
173
193
185
212
210
190
188
210
202
180
183
187
192
208
188
184
182
185
194
200
186
197
210
172
169
192
187
194
195
184
198
207
166
196
195
185
174
179
162
151
195
190
175
182
176
189
177
167
178
168
164
176
181
155
173
171
170
169
162
164
168
186
186
152
167
167
169
170
165
151
156
168
161
156
150
147
164
173
141
155
159
152
169
158
145
175
150
155
142
156
147
153
154
164
149
154
147
168
166
166
168
173
146
134
144
117
134
149
128
134
150
144
146
127
119
141
144
147
162
144
139
145
129
119
146
144
145
136
131
164
129
142
148
145
119
137
148
137
162
127
125
133
129
128
127
126
157
142
136
122
102
106
124
134
134
129
115
127
136
137
130
115
111
133
147
132
125
132
129
127
112
124
138
137
115
124
138
130
121
118
128
104
112
117
133
124
109
112
108
107
118
97
129
112
119
123
112
118
117
94
100
108
105
110
122
107
115
108
92
97
106
94
101
95
113
104
97
114
105
94
114
109
125
98
97
116
100
104
113
121
105
114
106
103
89
99
97
94
104
99
102
96
104
104
110
107
108
100
85
103
98
87
104
87
100
91
86
85
92
93
86
101
96
87
95
107
99
111
89
100
79
71
82
87
107
87
70
62
93
105
95
87
101
84
81
91
83
86
80
88
85
85
76
85
74
89
92
77
67
60
101
81
91
70
85
84
82
81
88
90
77
90
101
77
80
78
80
86
73
76
82
74
77
72
68
75
69
78
70
71
94
87
145
155
177
165
160
126
83
90
86
75
84
79
82
74
78
82
61
64
60
75
78
64
69
73
65
64
57
64
57
73
66
66
72
65
59
67
78
58
75
65
59
56
69
57
54
62
59
63
64
73
65
63
46
64
64
56
52
53
58
62
55
59
56
57
57
71
60
56
63
55
46
54
71
57
54
59
62
71
47
61
65
63
51
57
62
59
48
52
59
47
45
55
61
58
62
73
59
65
60
51
49
59
43
77
48
50
46
55
61
41
49
46
55
61
46
67
57
42
50
63
61
50
48
49
47
50
55
28
46
63
41
51
43
51
43
44
35
32
52
43
37
43
51
44
47
47
44
46
49
52
35
51
45
48
38
50
53
44
42
50
60
54
60
64
74
77
81
74
51
39
46
39
37
41
44
47
55
20
47
40
47
45
41
45
41
42
39
44
38
35
45
48
53
33
39
41
48
30
34
27
32
37
43
36
41
34
31
46
32
39
47
32
36
43
46
36
38
37
33
44
36
35
36
28
38
41
34
37
29
23
36
45
29
44
30
36
37
47
41
39
34
32
31
32
40
46
36
34
29
36
28
36
46
38
38
25
32
38
30
43
45
36
34
36
36
39
35
34
36
39
20
37
39
39
37
39
28
31
28
26
30
27
38
38
31
34
33
52
42
59
48
61
29
35
33
31
23
27
21
24
34
40
25
32
29
29
32
25
32
23
36
22
35
29
40
20
37
36
28
22
33
38
30
48
55
51
71
89
65
71
48
41
31
21
29
28
25
27
35
25
34
21
31
34
31
22
28
28
22
29
22
34
33
24
25
25
28
29
29
15
25
27
25
26
29
16
22
28
23
26
26
24
22
26
30
32
23
39
21
29
27
20
24
25
28
22
21
24
24
22
25
14
23
24
29
26
24
16
18
19
26
20
22
25
23
24
11
29
38
28
15
16
22
28
23
24
23
23
29
33
22
22
25
26
31
21
17
16
20
29
21
29
15
18
20
24
24
22
21
22
25
21
22
25
24
23
29
21
26
23
31
21
24
12
19
23
27
21
29
26
23
22
21
24
22
20
18
24
17
19
29
32
13
18
21
27
22
25
18
24
18
26
15
23
16
19
17
22
19
35
28
19
30
20
32
20
20
27
17
24
31
22
24
29
30
26
23
22
21
22
22
22
16
21
18
22
25
17
18
26
19
19
15
21
23
26
21
18
27
21
19
15
18
16
23
22
25
19
15
24
18
23
19
20
21
18
23
20
12
13
17
21
17
18
15
21
24
14
13
19
21
15
19
27
20
26
17
12
20
25
16
22
14
18
24
20
9
15
14
23
18
21
22
21
21
19
23
13
12
11
18
20
7
22
21
15
20
18
13
20
20
15
17
17
14
23
22
11
14
17
27
17
20
12
18
14
13
21
19
19
14
26
17
23
18
21
17
15
13
17
22
17
24
8
22
16
11
17
16
24
15
12
20
13
24
22
24
21
17
22
18
21
11
17
21
16
21
19
11
13
17
19
20
21
26
11
18
10
17
21
14
15
18
19
11
12
24
19
11
21
16
10
19
20
15
22
23
10
22
18
17
15
15
23
16
17
20
10
12
19
16
15
19
18
17
15
19
12
15
16
12
24
7
19
20
23
12
19
12
14
15
22
21
19
17
21
13
17
12
15
15
17
14
14
23
16
11
12
14
12
9
14
20
18
15
11
10
16
13
13
15
14
11
12
13
17
14
12
7
14
13
12
16
18
13
12
17
15
13
9
11
16
14
11
18
14
19
17
25
26
28
31
40
34
28
30
26
29
20
22
20
13
7
22
13
15
12
17
8
17
12
11
21
14
15
20
15
15
21
13
8
11
11
10
8
11
16
15
9
10
13
9
10
19
19
13
17
15
10
13
13
17
7
12
14
15
9
13
15
14
20
17
16
14
6
6
15
12
14
9
19
13
8
19
14
17
11
14
9
10
14
12
11
16
15
16
14
10
8
11
13
10
6
10
12
8
9
17
15
8
11
14
15
3
20
7
11
8
15
11
13
16
9
15
11
8
9
11
9
12
9
14
13
10
13
11
16
20
14
16
8
8
14
15
13
13
16
13
6
16
10
13
13
8
18
15
13
10
13
11
12
14
18
15
17
8
9
13
10
9
16
7
10
11
14
15
13
19
8
17
6
10
13
13
13
12
10
10
9
6
15
14
14
8
6
8
17
14
12
18
8
15
10
16
7
11
16
13
14
13
23
11
9
14
16
19
16
28
33
49
65
54
36
29
17
11
6
9
6
9
6
14
3
18
13
13
12
5
8
17
14
12
9
8
9
10
7
8
11
17
16
10
13
17
14
15
10
12
7
14
12
9
10
13
8
12
11
12
9
16
8
10
6
14
12
7
10
9
11
8
9
19
11
11
20
11
15
13
13
13
21
34
38
44
71
76
59
41
28
14
11
15
13
13
9
11
8
7
7
11
11
8
11
8
11
8
10
9
8
7
14
10
7
5
11
9
9
13
15
12
17
8
10
11
5
12
10
17
8
10
17
8
13
7
5
8
8
16
6
11
14
12
16
7
14
2
12
17
2
12
7
8
10
10
14
19
6
20
11
9
12
8
13
16
8
13
6
11
10
10
4
12
12
12
8
13
11
11
7
5
6
10
9
13
10
4
6
2
5
9
9
7
8
4
8
5
8
7
6
9
13
8
10
8
9
6
8
15
9
7
7
11
12
7
11
4
11
13
9
12
9
7
7
11
5
10
8
11
7
13
8
10
9
9
9
10
11
9
11
14
10
7
3
13
8
5
7
7
10
14
6
7
9
13
10
13
12
9
9
10
8
11
8
4
9
10
8
7
7
6
7
5
6
11
6
8
13
13
5
10
9
9
5
8
5
7
9
6
7
11
8
12
4
6
10
9
14
12
15
9
10
6
6
12
10
7
4
12
4
7
6
4
6
9
7
7
11
9
12
5
16
12
11
11
9
8
14
8
9
12
6
7
4
13
10
14
6
8
11
17
10
9
11
7
7
11
12
8
4
12
10
11
9
4
9
9
12
13
7
5
4
7
11
15
8
11
4
13
6
8
11
10
6
6
9
9
8
7
9
10
6
8
6
10
5
10
11
7
11
5
6
6
11
8
11
6
9
13
6
8
8
15
8
7
8
9
12
10
7
3
5
15
9
9
12
5
9
11
7
11
17
6
21
17
12
14
17
7
10
7
6
7
6
11
13
15
2
7
9
5
7
10
8
12
8
7
9
3
11
6
10
6
6
6
9
6
7
7
11
7
6
4
5
7
8
8
6
4
3
10
5
6
8
5
8
12
6
9
7
14
5
7
5
7
8
6
5
9
12
4
11
5
7
8
11
8
6
5
11
6
6
3
7
5
8
8
12
8
8
4
1
6
7
6
10
5
4
8
5
6
6
9
8
10
8
7
5
5
10
7
6
6
11
5
13
6
8
14
11
13
8
8
11
5
9
10
6
7
7
6
8
11
10
7
10
9
5
6
4
8
6
9
0
11
1
5
5
11
8
5
6
6
8
4
4
5
7
8
11
10
5
14
4
8
6
12
3
11
8
8
8
17
8
3
11
8
7
12
9
7
9
5
4
7
4
4
4
10
10
5
7
11
9
6
8
15
14
9
8
14
8
5
8
3
7
5
6
3
7
5
6
8
10
1
7
4
2
7
14
5
6
6
8
9
12
6
7
9
7
3
5
9
5
6
6
12
13
3
6
3
5
12
4
5
5
6
7
6
6
7
3
9
4
10
4
3
12
9
8
5
5
5
7
2
6
6
10
3
5
4
5
7
8
5
6
5
6
6
4
6
7
9
11
8
11
6
6
13
4
9
9
3
2
5
4
9
6
5
3
4
1
8
6
10
12
6
4
7
10
6
11
7
5
7
10
9
4
6
5
6
7
6
7
14
11
10
5
7
10
7
2
9
7
6
6
4
8
3
4
5
11
6
5
5
6
6
7
7
4
5
6
5
6
8
10
4
5
7
5
7
8
6
4
1
5
7
8
5
4
7
5
8
3
7
2
7
6
6
6
8
9
15
7
10
13
10
14
6
6
7
9
6
7
7
6
7
10
4
5
4
7
6
3
6
4
5
2
6
2
6
4
7
1
3
6
10
11
6
6
5
6
5
7
2
8
10
6
10
6
12
5
4
6
10
7
3
6
6
9
3
2
4
5
4
3
7
8
5
4
10
6
7
6
2
5
5
6
8
5
4
8
5
9
3
7
5
8
8
4
4
12
8
2
7
9
7
5
2
8
5
6
5
5
4
2
5
5
5
2
10
1
5
1
4
8
4
9
5
6
5
6
3
12
2
3
4
5
5
12
6
12
8
5
10
2
9
6
5
3
4
14
3
7
16
18
10
17
17
37
24
30
28
14
9
9
4
9
7
2
5
4
3
7
10
8
1
3
3
5
7
5
4
7
6
6
6
3
5
6
6
5
7
5
4
5
8
4
6
4
6
6
4
3
5
4
7
11
6
2
9
3
5
4
7
1
4
5
5
5
6
5
8
10
7
5
8
3
5
3
6
8
7
5
6
4
8
5
6
5
5
3
6
14
7
3
8
1
2
5
2
4
2
2
3
7
7
4
1
3
5
4
7
7
1
5
8
0
11
10
7
3
8
8
7
7
5
7
5
5
8
1
8
3
6
7
6
3
3
8
1
9
11
7
7
5
7
3
5
2
5
4
2
2
7
4
3
3
9
6
9
10
7
8
6
9
7
13
5
6
10
13
19
17
13
21
25
20
17
1
7
9
6
4
7
4
7
6
5
5
7
4
4
8
7
3
4
4
2
5
3
7
5
9
6
8
9
7
7
7
6
3
4
5
6
1
4
8
8
4
10
2
5
5
5
4
9
2
7
8
6
3
2
6
11
7
9
5
4
5
7
3
5
13
5
6
6
2
3
2
5
3
5
6
2
7
4
1
4
3
7
2
2
5
5
6
7
11
5
7
5
3
8
5
5
4
8
3
2
3
3
7
3
8
6
2
4
4
7
4
6
5
4
7
8
7
3
9
4
3
8
4
7
6
1
6
5
4
9
8
3
2
4
5
2
9
4
7
2
5
4
6
5
5
3
8
2
6
4
5
3
6
6
5
3
1
1
6
3
4
4
3
8
3
6
4
4
6
3
7
7
8
3
4
4
6
6
6
3
2
6
6
7
7
5
4
2
5
6
6
3
10
6
4
7
3
10
5
5
4
6
6
6
5
4
5
5
4
2
6
5
3
9
3
4
5
5
7
5
1
2
6
2
5
4
7
4
3
6
4
2
5
12
9
3
2
8
2
1
5
7
8
7
4
4
3
2
1
2
0
4
2
3
3
4
5
5
3
5
6
2
5
6
4
2
2
11
4
3
2
5
5
3
5
3
10
7
3
5
1
12
4
4
9
3
8
3
4
2
4
3
3
4
6
6
5
5
2
7
8
5
4
4
6
5
6
4
5
8
5
4
5
7
5
5
6
5
7
4
4
3
4
7
5
2
2
5
3
6
4
6
5
7
5
6
8
4
6
4
5
3
3
8
5
4
3
5
3
5
5
11
6
5
8
8
5
6
7
9
5
4
6
3
3
1
9
5
2
10
2
3
5
4
0
5
3
2
3
2
3
1
5
5
5
4
3
3
4
5
5
4
2
6
5
6
10
10
5
6
9
11
3
5
8
5
3
3
6
4
4
4
4
3
5
8
2
2
9
4
6
6
3
5
7
11
7
12
17
14
14
11
15
11
7
9
6
6
2
6
4
2
2
6
7
6
8
3
4
2
4
7
2
3
5
3
5
5
10
2
4
2
4
2
0
5
6
7
5
5
7
3
5
6
6
4
5
3
2
6
2
6
4
7
6
2
10
5
6
5
4
3
6
4
5
4
3
7
8
11
4
4
4
6
3
5
2
3
7
8
8
2
6
7
8
5
3
6
9
7
5
1
2
6
7
6
4
7
5
12
6
3
4
5
5
3
4
1
6
4
2
3
5
10
6
1
5
8
3
7
3
3
6
4
9
5
6
6
2
7
4
6
6
6
8
3
10
7
4
1
7
4
7
5
7
4
2
5
10
12
5
7
7
6
7
7
8
6
4
3
1
6
4
10
4
3
7
6
8
3
6
4
3
4
6
5
8
7
3
5
2
4
4
5
3
2
6
4
9
2
6
6
6
4
5
3
5
5
7
5
1
4
7
7
5
7
3
13
7
4
4
1
7
7
4
8
7
6
6
4
3
5
8
6
10
6
2
4
3
4
8
6
5
5
2
4
5
3
10
4
4
6
5
9
7
6
4
5
7
6
4
3
4
9
6
3
3
4
8
5
5
2
5
5
4
3
7
3
4
7
7
3
3
5
9
9
5
5
5
1
3
5
7
2
4
5
4
5
3
7
6
10
6
4
3
8
6
3
5
3
3
8
2
2
8
3
4
7
3
3
5
5
7
5
9
3
6
4
3
8
2
0
4
6
4
6
2
6
3
8
4
3
3
4
8
8
5
14
7
8
3
9
6
4
4
7
3
2
3
5
4
5
5
6
4
7
5
5
6
5
3
4
5
3
10
4
5
4
4
2
0
7
6
8
4
5
3
2
6
8
3
9
3
3
0
5
5
2
6
4
3
3
4
3
4
3
4
2
2
4
1
5
2
1
6
3
2
4
2
4
3
2
2
3
3
0
1
3
4
3
2
2
2
3
3
3
1
3
2
2
3
1
1
3
5
6
10
8
10
7
11
15
7
5
4
4
4
6
1
3
3
5
1
0
3
3
2
2
2
6
3
5
4
3
0
1
3
1
3
4
2
4
6
5
5
3
1
2
6
2
5
2
0
2
0
4
2
2
1
7
0
3
7
0
5
4
2
2
2
1
4
3
2
0
5
5
1
3
0
2
3
2
1
2
3
0
1
5
2
1
3
3
4
3
5
7
6
2
3
3
2
2
5
7
0
3
2
2
1
4
5
1
1
1
4
5
4
2
4
2
3
2
3
6
3
4
4
2
2
2
2
2
1
3
5
0
5
1
2
4
7
2
2
3
4
6
5
3
3
2
1
2
3
2
3
0
2
2
0
2
4
2
4
4
4
1
0
3
2
4
5
0
3
4
8
4
2
8
6
3
6
1
5
3
2
2
0
3
4
2
5
3
2
4
1
0
2
4
2
1
1
4
1
1
1
3
3
2
1
3
0
2
1
3
3
2
2
2
2
0
0
4
3
2
4
1
2
2
4
3
3
2
7
1
1
0
3
2
2
2
4
3
3
3
0
1
0
1
4
2
2
4
1
0
4
1
1
2
1
4
1
1
1
1
3
2
1
2
6
4
1
3
1
0
3
1
1
0
1
2
2
1
0
0
2
3
1
0
1
1
2
0
0
1
3
2
2
2
2
1
4
0
1
2
6
4
4
5
4
4
1
3
1
0
2
1
2
2
0
3
2
3
0
3
3
2
2
5
1
6
2
0
1
1
3
1
2
3
1
4
2
1
3
3
1
1
1
0
4
0
1
2
3
3
1
3
1
4
1
2
2
0
4
2
5
3
1
1
1
2
1
4
4
0
2
1
3
4
2
4
0
2
1
3
2
1
3
3
2
0
2
2
1
7
0
7
3
2
1
2
3
3
2
0
2
2
1
0
1
0
4
2
1
2
0
1
2
0
0
3
2
1
1
0
1
2
0
1
3
2
1
1
5
3
0
1
0
1
3
2
2
3
4
3
2
1
2
1
3
0
0
1
1
1
1
3
2
0
0
2
1
1
2
1
1
0
2
2
3
3
1
2
1
4
0
3
2
4
3
2
3
1
2
0
1
1
1
0
1
1
1
3
2
2
0
1
1
2
2
3
2
2
3
1
0
3
2
2
1
3
1
3
3
1
0
2
2
3
0
1
0
3
2
1
1
1
3
1
1
2
4
3
2
2
5
6
10
17
22
35
51
73
102
100
125
107
97
80
48
27
10
3
4
1
2
0
0
1
1
1
1
2
0
0
0
2
0
0
0
1
0
2
3
1
3
0
1
2
3
3
2
3
2
0
3
5
4
3
2
0
3
1
2
2
2
1
0
1
0
1
0
0
1
0
1
2
1
1
0
1
2
0
2
1
0
1
1
0
0
2
2
2
4
2
1
3
2
2
4
2
1
1
2
1
0
2
1
2
3
2
3
2
2
4
3
0
2
1
3
1
1
1
0
1
0
2
0
0
2
1
0
0
4
2
4
1
0
0
0
3
2
1
1
0
2
2
2
1
0
4
3
5
4
5
2
2
1
1
3
1
2
3
0
3
4
0
1
0
0
2
1
2
2
1
0
1
2
2
1
1
0
1
1
2
1
0
1
3
0
1
2
1
0
3
2
0
1
0
0
0
1
4
1
1
1
1
1
2
0
1
0
0
2
0
0
3
4
0
1
1
2
5
0
1
1
0
2
0
1
0
1
2
1
3
1
0
1
0
1
1
0
0
2
1
2
2
0
0
1
0
0
1
1
1
2
0
0
2
0
0
2
1
0
3
1
0
0
0
2
0
1
0
1
0
3
0
0
0
2
0
1
1
1
1
1
1
1
0
2
2
0
1
2
2
0
2
1
0
2
0
0
0
0
0
0
0
0
0
0
1
1
0
0
1
0
2
0
1
0
1
1
1
1
0
0
1
2
0
0
0
0
1
2
0
3
0
1
0
2
0
2
1
1
0
1
0
1
1
1
0
0
0
0
3
0
0
3
1
3
0
1
1
0
3
2
0
2
1
2
0
0
1
1
2
3
2
2
3
3
3
5
0
3
2
1
0
1
4
2
5
5
5
4
6
3
3
1
1
1
3
2
0
0
0
0
1
0
0
0
0
1
0
0
1
0
1
2
0
1
0
1
2
4
1
0
0
2
2
0
3
1
1
1
1
0
0
1
1
1
0
0
0
0
0
0
0
2
0
0
2
1
1
0
0
0
0
0
0
1
0
0
1
0
0
0
0
0
5
1
3
3
2
3
2
4
2
1
0
0
0
0
0
0
2
2
0
0
1
1
1
2
1
2
3
3
1
0
1
0
3
4
2
1
0
1
0
1
0
0
0
3
0
2
0
1
1
0
0
2
2
2
1
1
1
3
0
0
2
0
0
2
1
1
0
0
2
0
2
1
1
1
1
1
1
0
0
0
0
0
0
0
1
1
0
0
1
0
4
0
4
1
0
0
0
0
0
2
1
3
1
2
1
0
0
1
0
1
0
0
0
1
2
0
1
1
1
0
0
1
2
1
0
0
1
0
0
1
0
0
1
1
2
2
0
1
0
0
0
1
0
0
1
1
0
3
0
1
0
0
0
1
1
1
1
0
0
1
2
0
0
0
1
0
1
1
0
0
0
1
1
3
0
0
0
1
0
2
0
0
2
0
1
0
0
0
0
0
0
1
2
1
1
0
0
1
0
2
1
1
1
0
2
0
2
2
0
0
0
1
1
2
1
0
1
0
0
1
0
2
0
0
0
0
0
1
0
0
2
0
1
0
0
0
1
0
1
0
2
2
0
1
0
0
1
0
0
0
1
0
1
0
1
1
0
2
1
0
0
1
1
0
0
1
0
0
1
1
0
1
0
2
1
0
0
0
1
0
0
1
0
0
1
0
2
0
1
0
1
2
2
0
1
1
1
0
0
0
2
0
0
0
0
0
0
1
1
1
0
1
1
1
5
4
2
4
0
3
4
0
1
0
1
0
0
0
0
2
0
0
0
0
0
2
0
0
0
1
0
1
2
2
0
0
0
0
0
0
0
0
0
0
0
0
1
0
0
1
2
0
1
1
0
1
3
0
0
1
0
0
0
0
0
0
0
0
0
1
0
0
0
0
2
0
1
1
0
1
1
0
1
1
0
2
1
0
0
0
1
0
0
1
1
1
1
3
2
3
3
4
3
3
5
8
13
6
9
8
5
3
3
2
0
0
0
1
2
0
1
0
2
1
1
0
1
0
0
0
1
1
0
0
0
1
0
1
0
1
0
0
0
0
0
0
2
0
1
0
0
0
0
0
2
1
1
0
2
2
1
0
0
0
1
0
0
1
0
2
0
1
0
0
1
0
1
0
0
0
0
1
1
0
0
0
0
1
1
0
1
0
0
0
0
1
1
0
1
1
0
0
0
1
0
0
0
0
0
1
0
0
0
1
0
1
0
1
0
0
0
0
2
0
0
0
2
0
1
0
0
2
0
0
1
0
1
1
0
0
0
0
0
2
1
1
1
0
1
0
1
1
1
1
0
0
0
1
0
1
1
0
0
0
0
1
1
0
0
0
3
0
1
1
1
0
1
1
1
0
2
1
1
0
1
0
0
0
1
0
0
0
0
1
0
1
0
1
2
2
1
1
0
0
2
3
2
0
2
0
1
0
0
2
1
2
0
0
0
0
1
1
0
1
0
0
0
0
0
0
1
0
1
0
0
1
1
0
0
1
4
1
0
1
1
2
1
2
1
0
0
1
2
1
0
1
0
0
0
0
0
1
0
0
1
2
0
1
1
0
1
0
1
1
0
3
1
1
1
0
0
0
2
0
0
0
0
0
0
0
1
0
2
0
0
0
1
0
0
0
0
0
1
0
0
0
0
0
2
2
0
0
1
1
1
0
1
2
0
0
1
0
0
0
0
1
1
0
2
1
2
0
0
0
0
0
0
1
2
0
0
1
1
1
0
1
1
1
0
1
0
1
2
2
0
0
1
0
0
1
1
0
1
1
0
0
0
0
1
0
1
0
0
1
0
0
1
0
1
0
0
1
0
0
0
0
0
2
0
0
0
0
2
0
0
1
1
0
0
1
1
0
1
1
3
0
1
2
0
0
0
1
0
2
1
0
2
0
0
0
0
1
0
1
1
1
1
0
1
0
1
1
0
0
1
2
1
0
3
2
0
0
3
0
0
1
1
1
1
1
2
2
0
0
0
2
0
0
1
1
0
1
0
0
0
1
0
0
1
0
1
1
0
0
0
1
0
0
0
1
0
1
0
0
0
0
1
1
0
0
1
0
0
1
0
0
1
1
0
1
0
2
1
0
1
1
0
1
1
1
2
0
0
1
1
1
1
2
0
1
1
0
0
1
0
1
1
0
1
4
0
0
0
2
0
0
0
0
0
0
0
0
0
0
0
0
1
0
0
0
0
1
1
0
0
1
2
1
0
0
0
0
0
1
0
0
1
0
1
2
0
2
0
0
0
0
0
1
0
1
0
0
0
0
0
0
0
0
0
0
0
0
0
0
0
1
1
0
1
1
1
1
0
1
0
0
0
0
0
0
0
0
2
0
2
1
1
1
0
0
2
0
0
0
0
0
1
0
0
0
0
0
0
0
0
0
1
2
1
1
0
1
0
0
0
0
0
0
1
0
1
1
0
0
0
0
0
0
0
0
1
0
0
0
0
0
1
0
0
0
0
1
0
0
1
0
0
0
0
0
0
0
1
0
0
0
0
2
0
0
0
0
0
1
0
0
1
1
1
1
1
0
0
2
0
0
0
1
0
0
1
2
2
0
1
0
0
0
1
0
1
1
1
0
1
2
0
0
0
2
0
1
1
2
0
0
1
1
0
0
2
1
1
0
0
2
1
1
1
0
1
0
0
1
0
0
1
1
0
1
0
1
0
0
2
2
1
0
0
1
0
0
1
0
0
0
1
0
0
0
0
0
0
2
0
0
0
1
1
0
1
0
0
1
0
0
0
2
0
0
1
0
1
2
1
1
2
0
0
2
0
1
0
1
0
0
0
0
1
0
0
0
0
1
2
1
1
0
1
0
0
0
0
0
0
0
1
1
0
0
1
0
0
1
0
0
0
0
1
0
1
0
0
0
0
0
1
0
0
1
3
0
0
0
1
0
0
0
0
0
0
1
0
1
0
0
0
0
0
0
0
0
2
0
2
0
0
0
0
0
0
0
1
0
1
1
1
0
0
1
1
2
0
1
0
0
2
1
0
2
0
0
1
0
0
1
0
0
0
0
0
0
0
0
0
0
2
1
0
1
1
0
0
0
1
1
0
1
0
1
0
1
0
0
1
1
1
0
1
0
0
0
0
0
0
0
0
2
0
0
0
0
1
0
0
0
0
1
3
0
4
1
1
2
1
2
4
0
3
2
2
0
1
1
0
0
0
0
0
1
0
1
1
1
1
1
0
1
3
0
2
0
0
1
0
0
0
1
0
3
0
0
0
0
2
0
1
1
3
1
1
2
1
1
0
0
1
0
0
0
0
1
1
1
1
2
2
0
0
1
0
0
2
0
0
0
0
1
0
0
1
0
0
2
1
0
0
1
1
1
1
1
0
0
0
3
0
0
1
0
1
0
0
0
0
0
0
0
0
0
0
0
0
0
2
0
0
0
0
0
1
1
1
2
0
4
2
0
0
2
0
1
0
0
2
0
0
0
1
0
0
1
0
2
1
1
1
0
0
1
1
0
1
0
1
0
0
0
0
1
0
0
1
1
0
0
1
0
0
2
0
1
0
2
0
1
0
0
1
0
1
0
0
0
1
0
0
0
1
0
0
2
0
0
1
0
0
2
1
1
0
1
1
0
1
0
0
1
2
0
1
0
2
0
2
2
3
0
0
1
1
2
0
0
0
1
0
0
1
0
0
0
3
1
0
1
0
2
0
2
1
0
0
0
0
2
1
0
1
0
0
1
0
1
0
1
0
0
0
1
0
1
0
2
2
0
3
0
0
0
1
0
0
1
2
0
0
2
1
2
0
0
0
0
1
2
2
4
3
1
1
3
1
3
3
1
6
2
1
0
0
1
0
1
0
0
2
1
0
0
0
0
0
0
0
0
0
1
0
0
2
0
0
1
0
1
0
0
2
0
1
1
0
0
0
0
1
0
1
2
0
1
0
2
1
0
1
1
0
0
0
0
0
2
0
1
0
0
1
0
0
2
1
0
0
0
1
0
1
0
1
0
0
1
1
0
1
0
0
1
1
2
0
1
0
4
0
0
0
1
0
0
0
0
1
1
1
0
0
1
0
1
0
1
0
0
1
0
0
2
0
1
1
1
1
0
0
0
0
1
1
1
0
0
0
1
1
0
0
0
0
0
3
0
0
0
0
0
0
1
0
0
0
1
0
0
1
1
1
1
0
0
0
0
0
0
0
0
1
1
0
0
0
1
0
0
0
0
0
0
0
0
0
0
0
0
0
0
1
0
2
1
0
0
2
0
1
2
0
0
1
2
1
1
0
0
0
0
0
0
1
0
0
0
0
0
0
0
0
0
0
1
0
0
0
0
1
0
0
1
0
1
1
1
0
0
0
3
0
1
0
0
0
0
2
0
1
0
0
0
0
0
1
0
0
0
0
0
2
1
2
1
1
0
0
0
0
0
0
0
1
1
0
0
0
2
1
1
0
0
1
1
1
1
0
0
1
0
0
1
0
0
0
2
1
0
2
1
0
2
0
0
0
0
0
3
1
1
3
1
0
0
0
1
1
1
1
0
0
2
2
1
2
1
1
1
1
1
0
0
0
1
1
2
0
0
1
0
0
0
0
0
1
1
1
0
0
1
0
0
0
0
0
0
0
0
0
0
1
0
1
1
1
0
1
1
0
0
1
0
0
2
0
0
0
0
0
0
0
1
0
1
0
0
1
1
0
2
0
0
2
1
0
0
0
0
1
1
1
1
0
0
0
1
0
1
0
0
3
0
0
0
1
0
0
0
0
1
1
0
1
0
0
0
0
1
0
1
0
1
0
0
0
2
2
0
0
0
1
0
0
0
0
1
1
2
1
0
0
0
0
0
1
0
1
1
1
1
0
1
0
0
1
2
2
1
0
1
0
2
0
1
1
0
0
0
0
1
1
1
0
1
0
3
0
1
1
1
0
0
1
0
1
1
1
0
0
0
1
0
3
1
0
2
1
0
1
2
0
0
0
1
0
1
1
0
0
1
0
0
1
3
0
0
0
0
1
0
0
1
0
0
0
3
1
0
0
2
0
0
0
1
2
1
1
0
1
2
1
0
0
0
1
1
2
1
0
0
1
1
0
0
1
0
0
0
0
0
0
1
0
0
0
0
0
0
1
1
0
0
2
1
0
0
0
0
1
0
0
0
1
0
0
1
1
1
2
2
1
0
0
0
2
0
0
0
0
3
0
2
0
1
0
0
0
0
0
1
0
1
0
0
1
0
0
1
2
0
0
1
1
0
0
0
1
0
1
0
0
0
0
0
0
1
0
0
1
1
0
2
0
0
0
0
0
0
0
0
0
0
0
0
0
1
0
1
1
1
1
0
0
0
0
0
0
0
0
0
0
1
0
0
0
0
1
1
1
1
0
2
1
2
0
2
1
1
2
1
0
0
2
0
1
1
0
1
0
0
0
0
0
0
0
0
0
0
0
0
0
0
0
1
0
1
0
0
0
0
1
0
0
1
1
0
0
0
0
0
0
0
0
0
0
0
0
0
0
0
0
0
0
0
0
0
1
0
1
1
1
1
0
0
0
0
1
0
0
0
0
0
1
0
1
1
0
0
0
0
0
0
2
0
0
0
0
1
1
0
0
0
0
0
0
0
0
0
0
0
0
0
0
1
0
0
0
0
0
0
0
1
0
2
3
0
1
0
0
0
0
0
0
0
0
0
0
0
0
0
0
0
0
0
0
0
0
0
0
1
0
0
0
0
1
0
0
0
0
1
0
0
1
0
0
0
0
0
0
0
0
0
0
0
0
0
0
1
0
0
0
0
0
0
0
1
0
0
0
0
0
1
0
0
0
0
0
0
0
0
0
0
0
0
0
0
0
0
0
0
0
0
0
0
0
0
0
0
0
0
0
0
0
0
0
0
1
0
0
0
0
0
0
0
0
0
0
0
0
0
1
0
0
1
0
0
0
0
0
0
0
0
0
0
1
0
0
0
0
0
0
0
0
0
0
0
0
0
0
0
0
0
0
0
0
0
0
0
0
0
0
0
0
0
0
0
0
1
0
0
0
0
0
0
0
0
0
0
0
1
0
0
1
0
0
0
0
0
0
0
0
0
0
0
0
0
0
0
0
0
0
0
0
0
0
0
0
0
1
0
0
0
0
0
0
0
1
0
0
0
0
0
0
0
0
0
0
0
0
0
0
0
0
0
0
0
0
0
1
0
0
1
0
0
0
0
0
0
0
1
0
0
1
0
0
0
0
0
0
0
0
1
0
0
0
0
0
0
0
0
1
0
0
0
0
0
0
0
0
0
0
0
0
0
0
0
0
0
0
0
0
0
0
0
0
0
0
0
0
0
0
0
0
0
0
0
1
0
0
0
0
0
0
0
0
0
1
0
0
0
0
0
0
0
0
0
0
0
0
0
0
0
1
0
0
0
0
0
0
0
0
0
0
0
0
0
0
0
0
0
0
0
1
2
4
0
2
8
10
10
17
14
20
20
15
16
16
13
7
2
3
1
1
0
0
0
0
0
0
0
0
1
0
0
0
0
0
0
0
0
0
0
0
0
0
0
0
0
0
0
0
0
0
0
0
0
1
0
0
0
0
0
0
0
0
1
0
0
0
0
0
0
1
0
0
0
0
0
0
0
0
1
0
0
0
0
0
0
3
0
0
1
0
0
0
0
0
2
0
0
0
0
0
0
0
0
0
0
0
0
0
0
0
0
0
0
0
0
0
0
0
0
0
0
0
0
0
0
0
0
0
0
0
0
0
0
0
0
0
0
0
0
0
0
0
0
0
0
0
0
0
0
0
0
0
0
0
0
0
0
0
0
0
0
0
0
0
0
0
0
0
0
0
0
0
0
0
0
0
0
0
0
0
0
0
0
0
0
0
0
0
0
0
0
0
0
0
0
0
0
0
0
0
0
0
0
0
0
0
0
0
0
0
0
0
0
0
0
0
0
0
0
0
0
0
0
0
0
0
0
0
0
0
0
0
0
0
0
0
0
0
0
0
0
0
0
0
0
0
0
0
0
1
0
0
0
0
0
0
0
0
0
0
0
1
0
0
0
0
0
0
0
0
0
0
0
0
0
0
0
0
0
0
0
0
0
0
0
0
0
0
0
0
0
0
0
0
0
0
0
0
0
0
0
0
0
0
0
0
0
0
0
0
0
0
0
0
0
0
0
0
0
0
0
0
0
0
0
0
0
0
0
0
0
0
0
0
0
0
0
0
0
0
0
0
0
0
0
0
0
0
0
0
0
0
0
0
0
0
0
0
0
0
0
0
0
0
0
0
0
0
0
0
0
0
0
0
0
0
0
0
0
0
0
0
0
0
0
0
0
0
0
0
0
0
0
0
0
0
0
0
0
0
0
0
0
0
0
0
0
0
0
0
0
0
0
0
0
0
0
0
0
0
0
0
0
0
0
0
0
0
0
0
0
0
0
0
0
0
0
0
0
0
0
0
0
0
0
0
0
0
0
0
0
0
0
0
0
0
0
0
0
0
0
0
0
0
0
0
1
0
0
0
0
0
0
0
0
0
0
0
0
0
0
0
0
0
0
0
0
0
0
0
0
0
0
0
0
0
0
0
0
0
0
0
0
0
0
0
0
0
0
0
0
0
0
0
0
0
0
0
0
0
0
0
0
0
0
0
0
0
0
0
0
0
0
0
0
0
0
0
0
0
0
0
0
0
0
0
0
0
0
1
0
0
0
0
0
0
0
0
0
0
0
0
0
0
0
0
0
0
0
0
0
0
0
0
0
0
0
0
0
0
0
0
0
0
0
0
0
0
0
0
0
0
0
0
0
0
0
0
0
0
0
0
0
0
0
0
0
0
0
0
0
0
0
0
0
0
0
0
0
0
0
0
0
1
0
0
0
0
0
0
0
0
0
0
0
0
0
0
0
0
0
0
0
0
0
0
0
0
0
0
0
0
0
0
0
0
0
0
0
0
0
0
0
0
0
0
0
0
0
4
2
7
3
6
3
2
3
7
3
5
2
3
7
3
5
3
2
3
2
3
2
4
6
2
2
1
2
1
5
1
4
7
1
4
2
3
4
3
3
2
2
3
2
6
2
7
6
5
1
4
3
8
3
1
5
7
2
1
1
6
3
3
6
6
2
4
2
2
3
3
2
2
0
1
3
4
4
4
3
2
2
0
2
2
1
1
3
2
1
5
2
2
2
4
3
2
4
0
6
5
4
4
4
3
3
1
6
6
3
5
4
4
4
2
3
1
5
10
3
2
4
1
2
2
6
3
3
