5011
4093
3453
2882
2473
2146
1717
1553
1325
1135
1031
938
860
753
711
646
578
552
522
484
489
465
465
413
404
412
413
383
372
365
353
350
351
334
294
350
316
332
284
333
292
318
326
294
334
308
300
307
307
280
321
298
295
285
295
245
278
269
274
267
291
258
301
244
297
265
266
258
268
252
246
268
273
226
253
233
266
256
257
287
249
238
223
251
223
222
223
200
233
230
216
241
232
242
207
230
214
214
217
217
220
232
205
219
207
216
181
214
232
205
206
220
215
228
211
221
207
200
224
216
219
204
218
194
202
197
190
203
179
185
203
192
157
169
191
180
193
199
186
187
185
182
209
167
194
171
180
176
192
199
199
178
195
197
189
140
170
179
170
188
152
175
171
149
152
177
162
158
166
155
186
147
174
158
176
155
145
171
154
159
162
161
176
168
161
164
165
162
159
156
178
145
137
167
142
149
169
155
147
174
160
140
165
153
145
161
133
146
147
161
152
136
137
136
124
136
140
138
129
156
143
131
149
132
146
136
139
124
123
129
143
139
144
128
109
142
117
130
127
101
146
130
118
138
122
134
140
120
115
125
123
120
104
115
113
142
124
119
121
94
138
133
126
109
124
123
141
116
109
117
131
115
120
112
119
127
106
140
133
117
110
109
129
97
116
120
130
136
130
119
113
153
127
129
117
122
113
120
135
129
108
118
129
115
109
116
120
134
106
123
115
119
123
110
124
114
114
125
120
129
125
127
140
115
113
123
111
100
118
103
126
107
100
113
117
124
128
105
118
109
105
116
97
116
113
112
112
120
124
104
108
111
118
108
112
97
103
124
92
86
120
88
119
107
106
119
106
118
96
114
110
125
104
118
116
102
98
101
105
94
105
113
112
98
105
112
104
88
99
103
119
91
98
100
76
110
108
83
126
90
105
106
106
111
101
101
95
89
98
108
88
105
98
111
106
83
109
95
101
98
105
93
84
91
90
105
105
96
111
97
100
97
95
89
82
90
110
94
107
101
103
102
86
102
95
72
86
108
82
95
103
94
96
102
75
84
90
81
109
103
94
87
87
94
95
97
100
71
108
90
72
93
103
99
82
94
78
71
87
110
101
88
77
102
99
94
84
86
86
93
91
86
87
93
93
88
91
79
92
93
93
71
87
86
102
67
64
98
77
87
95
88
85
61
95
92
89
80
73
85
84
81
92
83
97
80
78
93
76
77
75
84
81
83
89
84
75
87
82
63
86
94
78
87
84
92
82
89
71
82
87
85
80
77
84
72
86
71
76
69
67
84
96
76
75
104
67
74
83
66
57
91
88
69
78
65
82
84
86
91
68
81
90
84
77
87
81
69
80
85
72
76
82
73
57
73
64
91
70
68
71
80
85
70
84
76
74
85
59
65
77
89
58
71
76
63
79
76
72
90
63
73
83
61
61
83
76
72
86
75
65
75
80
85
59
67
80
73
60
79
90
82
72
91
73
81
77
74
71
80
80
86
83
74
79
67
73
74
80
62
86
66
62
77
91
78
65
82
67
66
80
74
69
88
83
70
79
65
67
69
75
86
82
71
83
65
66
76
69
63
69
69
71
71
71
64
59
65
61
76
65
91
61
76
82
71
81
81
73
65
82
95
74
64
73
73
69
67
79
88
76
72
68
70
73
69
79
71
63
75
64
59
67
61
83
75
68
73
77
72
84
69
70
58
65
77
70
74
58
72
79
59
65
69
64
71
62
67
88
63
66
68
58
74
69
73
60
62
65
57
68
62
62
55
68
63
60
74
57
54
68
75
75
71
76
62
57
57
70
57
60
55
59
67
64
73
63
73
68
71
63
67
63
74
73
69
65
62
78
64
71
76
73
70
81
61
74
54
76
79
72
73
69
76
63
62
66
66
55
61
98
57
56
63
59
60
55
61
74
58
46
74
63
60
57
82
43
68
62
79
59
66
68
60
84
66
67
61
62
57
53
64
52
65
68
56
62
57
64
60
61
70
55
61
64
67
69
60
50
71
64
73
44
68
54
65
74
54
66
58
63
61
67
63
50
73
68
57
51
74
64
65
52
58
56
60
62
69
67
62
60
72
59
47
70
72
85
65
51
75
54
53
62
52
63
59
63
62
66
63
64
68
70
58
47
59
65
68
70
50
67
59
68
75
52
58
51
60
45
60
61
63
56
60
66
58
56
67
72
65
73
51
67
49
50
59
59
57
45
50
65
58
57
62
54
47
56
55
62
50
58
68
55
50
41
55
71
54
46
65
61
54
62
58
47
77
66
57
63
50
66
63
63
53
53
66
49
52
62
47
58
59
64
51
52
58
67
63
59
63
64
66
45
54
56
69
63
65
47
55
57
53
52
60
62
63
71
54
54
47
74
62
61
44
49
48
63
61
42
52
56
55
43
75
52
49
56
64
65
52
50
64
62
52
46
42
52
50
60
57
59
54
49
52
46
52
82
74
72
52
51
51
59
43
51
57
73
57
65
48
56
54
66
61
53
51
69
58
56
53
51
53
60
62
70
45
57
51
65
60
53
70
56
55
50
64
66
55
65
51
62
61
58
61
48
52
50
62
57
49
71
68
36
62
54
54
73
58
61
56
42
62
50
65
64
62
49
52
51
64
53
51
42
62
49
63
59
53
65
49
49
51
41
54
49
52
50
58
43
43
57
71
59
44
41
49
53
47
43
66
58
57
58
62
43
44
71
56
51
57
63
48
52
55
60
51
49
50
50
53
53
57
57
53
56
59
50
58
51
51
56
46
47
46
53
56
45
37
58
55
58
52
39
48
43
43
43
52
59
57
43
50
59
47
55
43
47
41
43
43
40
56
56
43
39
59
44
52
44
47
49
50
56
45
57
38
32
47
46
52
54
44
40
42
49
50
51
45
53
50
57
57
52
50
50
56
51
53
38
45
52
52
38
39
54
41
51
49
45
53
40
40
37
43
59
41
54
46
33
57
55
41
55
54
57
51
42
51
57
42
51
56
43
54
48
38
57
47
52
43
59
59
40
36
39
43
49
61
37
49
40
51
50
45
31
38
51
42
43
34
38
46
46
50
51
52
57
42
46
46
50
58
50
27
57
35
36
48
34
45
47
49
24
54
45
52
45
55
47
38
35
48
54
52
48
53
33
46
46
44
42
42
34
50
43
40
40
47
58
43
34
51
46
44
37
48
29
33
46
44
33
50
51
52
39
42
47
48
51
40
45
35
39
43
42
45
49
36
39
39
45
44
52
41
56
41
45
45
45
48
50
37
44
41
41
46
36
38
44
44
35
41
39
37
41
38
53
42
37
44
45
42
36
48
32
54
35
33
37
48
43
51
34
34
32
61
42
40
52
45
45
37
45
45
34
49
28
37
54
44
41
45
52
54
47
39
36
28
46
45
54
49
43
49
39
28
40
47
36
45
50
35
33
33
53
53
34
35
40
39
41
40
37
38
44
52
41
44
34
46
35
52
56
43
52
49
39
44
49
44
41
47
44
42
40
38
39
32
57
47
43
43
50
37
56
42
54
40
31
33
28
38
48
32
57
33
37
38
38
40
41
40
31
41
32
36
50
35
39
38
41
37
41
37
40
33
39
45
36
39
52
46
49
36
45
43
50
34
44
34
45
28
25
34
38
37
57
38
36
39
54
45
32
46
42
48
37
47
37
46
40
38
35
42
47
35
39
34
45
58
40
33
41
51
36
39
42
23
42
44
49
43
43
37
39
25
36
47
34
36
33
40
38
43
31
26
44
37
36
52
32
37
47
41
37
48
36
45
31
31
39
42
28
38
42
39
32
47
33
34
47
36
27
36
37
42
22
37
48
38
39
37
38
42
41
46
35
37
35
36
30
34
41
47
38
37
23
33
36
34
33
37
36
42
36
38
38
44
31
30
28
30
32
39
37
46
25
36
32
44
36
42
24
41
39
41
37
40
34
42
40
38
39
42
35
32
23
22
45
40
33
49
31
56
34
34
45
33
41
33
44
42
40
44
38
43
46
27
41
44
47
41
24
48
45
38
34
52
28
22
33
28
31
34
22
35
30
33
31
37
36
37
40
38
42
33
43
33
33
40
37
24
22
48
29
25
36
33
31
31
46
44
46
31
26
45
37
38
34
35
30
31
27
43
25
33
26
26
48
36
33
46
29
29
30
22
41
33
45
26
53
44
31
41
27
35
37
38
32
46
29
45
39
27
29
40
36
38
24
27
36
31
38
28
34
37
33
34
40
34
28
34
35
35
41
34
40
41
30
42
42
27
34
30
36
28
26
27
32
33
32
29
35
29
29
34
41
30
36
35
31
39
34
38
41
33
33
31
40
34
28
26
28
30
39
27
34
38
38
37
31
26
38
34
33
30
32
38
25
32
27
31
43
30
35
34
24
32
40
36
33
34
38
34
41
32
30
23
31
30
35
31
32
29
39
28
40
39
40
34
31
25
30
27
42
29
48
39
29
33
32
44
36
35
35
33
33
37
31
37
26
34
39
29
31
25
36
31
32
24
45
40
35
39
33
40
38
44
24
35
29
35
30
27
37
40
34
35
30
41
29
31
33
31
28
31
30
31
29
40
37
32
34
52
34
31
35
31
26
37
34
26
24
34
20
30
33
33
40
31
38
28
27
27
24
35
29
31
36
32
38
39
33
33
37
30
24
32
31
32
32
23
31
31
34
39
27
24
27
30
30
28
30
28
24
28
31
35
38
27
29
29
36
28
29
33
31
27
35
26
31
35
26
23
26
29
34
23
36
22
44
28
29
44
29
42
30
30
41
36
40
36
21
35
34
34
30
32
35
33
31
33
27
30
31
41
38
32
32
35
39
35
42
33
32
39
26
42
29
24
39
38
27
27
28
27
39
34
25
27
27
23
32
21
28
27
32
41
23
33
23
27
45
34
33
32
26
36
22
24
30
31
21
33
21
28
35
29
33
23
25
34
28
36
30
35
30
22
32
29
28
29
27
30
30
25
26
30
28
38
36
27
32
29
28
24
28
34
22
28
40
38
28
37
26
22
37
35
28
29
20
28
44
33
29
30
33
29
36
33
23
35
31
35
32
27
28
30
27
29
30
26
26
33
31
35
41
24
26
23
24
21
44
19
30
29
32
25
38
26
33
46
31
23
19
31
35
31
35
38
33
24
24
25
27
33
41
34
29
33
36
25
30
26
29
35
27
23
17
26
28
26
31
28
34
24
29
26
33
30
29
30
26
25
21
25
33
25
30
30
25
34
24
32
29
40
26
24
29
33
39
27
24
22
26
24
26
33
33
34
34
32
32
36
37
30
22
32
36
20
20
27
35
31
30
27
29
18
25
33
22
20
32
25
23
30
21
27
24
37
18
24
20
18
34
23
33
26
24
21
29
31
27
40
31
25
30
23
34
36
35
24
30
28
30
39
32
33
29
23
20
31
26
34
33
39
29
26
27
32
19
35
35
29
15
26
31
34
25
22
25
36
26
28
18
20
19
33
36
26
31
30
29
24
20
19
29
28
52
32
35
18
28
24
37
30
25
21
29
30
28
32
31
27
26
35
31
29
27
27
36
23
25
26
25
34
26
25
32
36
36
29
26
28
29
25
26
29
25
19
32
39
21
25
21
24
29
29
31
43
29
25
29
29
23
29
25
30
19
29
32
27
34
28
22
29
19
35
37
24
39
38
38
24
36
32
29
22
31
25
23
23
28
31
30
21
30
26
35
37
28
36
21
23
25
25
16
21
35
31
31
30
21
24
30
23
29
30
28
32
27
24
29
37
31
27
33
31
29
27
25
25
25
33
36
30
27
30
26
29
35
36
26
23
34
32
25
27
27
32
37
38
26
30
21
33
33
18
27
28
38
24
21
30
21
31
22
27
32
27
31
28
30
25
24
25
28
25
33
34
34
24
28
25
23
31
25
31
21
22
29
18
30
23
22
27
25
25
19
27
29
27
25
21
25
20
27
33
32
28
21
27
25
28
27
26
35
27
28
26
25
25
29
24
24
30
21
27
39
22
19
32
23
19
21
28
27
34
27
23
29
32
24
35
36
24
26
32
23
23
17
34
26
19
29
36
20
22
24
22
21
27
24
32
33
25
26
19
41
27
22
26
22
28
18
40
22
38
38
32
24
26
31
26
24
24
31
30
30
23
18
19
22
19
22
20
19
27
26
30
29
23
30
26
25
24
24
27
30
31
22
24
25
24
25
26
23
28
27
22
28
27
24
22
29
28
23
28
25
24
19
29
33
25
19
24
26
23
28
23
23
31
24
25
27
20
28
30
34
27
18
28
31
23
21
31
19
33
24
30
27
35
21
34
32
35
32
21
24
22
22
24
21
25
22
33
27
31
28
22
23
22
40
21
21
24
29
27
25
31
24
26
30
29
32
34
23
22
19
26
27
22
23
20
19
22
21
15
24
25
19
19
25
32
30
37
22
23
31
29
22
27
20
28
29
19
26
23
23
26
28
30
32
26
25
20
25
16
29
26
22
20
23
20
28
21
20
14
24
22
22
26
20
35
22
26
30
19
23
26
23
30
29
23
29
21
29
30
21
25
20
31
25
27
31
26
22
22
19
28
27
26
30
24
30
19
22
30
28
21
23
19
25
30
32
24
23
27
25
25
20
21
33
23
19
13
21
23
32
31
28
27
24
28
24
17
20
23
30
25
20
28
21
27
29
18
22
20
26
28
29
23
26
23
25
30
26
32
35
21
24
25
25
24
18
30
13
26
33
30
17
18
30
25
31
33
23
26
22
24
26
24
30
16
23
28
28
27
18
17
17
21
29
19
27
29
22
26
26
20
33
17
24
19
23
15
26
26
18
28
23
21
20
23
34
24
23
30
17
21
19
27
27
25
31
22
24
14
27
23
33
26
28
12
37
20
17
28
20
26
23
26
24
22
27
24
21
14
25
29
25
35
24
18
23
27
15
18
25
25
21
27
20
16
28
30
26
18
30
29
26
20
20
30
20
28
23
24
26
25
21
36
19
20
19
16
28
29
23
19
26
23
26
27
27
14
32
28
25
17
24
24
29
19
26
23
35
23
26
24
24
31
21
27
22
22
20
26
31
28
27
28
27
21
23
30
38
24
20
22
23
21
22
21
29
15
21
24
13
19
23
27
20
23
30
31
26
22
26
22
21
27
26
19
23
32
27
25
19
22
20
23
20
20
20
15
26
21
24
22
23
17
31
26
16
25
27
25
11
24
24
32
14
17
15
23
31
28
19
24
28
22
22
24
21
26
22
19
25
16
29
22
25
30
17
15
23
21
24
25
24
23
30
34
24
31
19
26
21
14
24
25
19
27
26
26
29
23
17
24
22
21
19
17
25
18
19
24
21
24
29
28
20
26
17
25
25
19
15
25
25
25
26
25
20
23
21
24
34
30
18
20
19
28
19
13
26
31
22
30
33
19
29
27
30
16
21
20
14
18
23
31
30
16
8
25
27
19
17
27
12
35
16
18
15
19
9
22
18
28
23
19
23
27
21
18
16
24
24
18
21
26
20
21
13
18
27
25
28
19
24
24
26
25
22
22
19
21
24
30
25
24
13
25
20
19
22
24
17
14
28
24
26
23
28
29
18
19
24
18
30
19
24
14
22
28
18
19
32
30
13
28
18
26
17
21
24
27
21
23
32
20
28
15
24
29
23
29
15
15
23
18
25
20
15
21
19
21
20
17
21
10
35
21
28
23
32
19
21
32
25
14
27
18
23
25
22
28
17
21
30
19
28
14
25
15
22
26
23
22
23
20
31
15
29
25
26
23
12
20
22
16
22
26
22
17
21
19
19
30
22
20
24
23
19
21
25
28
24
25
20
26
24
27
26
20
27
16
20
26
23
22
24
21
26
31
26
22
24
30
21
16
18
22
19
21
22
18
20
16
27
26
24
20
16
20
22
16
23
21
24
22
13
31
22
24
26
25
22
20
13
23
29
29
25
22
19
18
17
19
20
28
19
19
23
21
25
13
23
24
21
24
24
23
20
26
17
15
25
17
22
19
16
25
28
20
27
21
16
30
14
18
31
21
18
24
15
24
25
22
19
27
25
19
27
17
25
29
27
26
21
19
28
24
24
25
28
27
18
23
24
30
23
14
30
27
35
20
20
22
19
20
20
28
25
26
21
22
20
24
24
22
25
27
25
22
25
15
21
23
15
21
15
28
15
21
25
32
24
16
23
23
29
25
16
18
27
25
19
16
20
24
26
20
21
16
19
14
28
21
22
21
11
33
30
17
18
13
20
18
19
21
29
27
19
17
22
24
21
21
33
23
19
27
18
24
22
24
14
23
26
20
21
21
19
22
16
24
22
20
30
15
20
20
20
38
25
30
20
19
29
21
22
17
28
28
17
20
29
18
22
21
21
25
30
24
21
20
17
18
14
22
23
20
15
20
19
22
20
16
32
18
19
19
20
18
22
24
24
20
25
27
28
29
19
17
22
16
28
23
22
16
26
23
13
24
27
19
24
20
22
26
18
21
31
22
15
13
22
26
26
17
20
28
23
19
20
11
20
24
18
22
22
22
20
19
25
22
17
16
24
19
19
21
22
22
25
18
25
14
22
25
31
24
31
20
24
20
29
18
20
18
19
21
27
26
21
26
26
17
20
24
33
16
18
24
21
17
18
22
16
19
19
17
22
28
30
17
30
23
21
29
20
15
8
17
26
21
26
18
24
22
17
18
18
19
22
29
26
17
24
20
20
21
21
18
20
21
14
17
21
14
24
22
22
26
24
16
22
16
17
15
29
21
23
25
26
24
25
20
20
18
15
20
24
21
17
16
21
20
19
22
22
19
14
11
25
17
19
17
20
28
18
26
23
16
21
26
21
27
30
14
17
19
30
15
23
25
22
21
14
23
27
15
23
28
17
14
19
14
25
24
14
21
22
21
18
19
19
23
24
23
14
10
25
21
29
14
15
16
20
20
23
23
20
29
17
21
27
31
30
21
20
24
25
18
19
19
23
15
29
17
15
29
26
18
25
20
16
18
29
18
23
19
19
15
9
22
21
17
19
17
18
19
17
21
22
19
22
15
22
15
16
18
14
23
17
23
23
16
18
21
16
20
21
25
18
24
23
25
28
21
22
15
25
12
25
23
23
15
24
20
19
24
27
24
19
24
9
22
23
18
19
19
18
22
23
20
14
22
14
20
15
25
22
22
21
20
18
22
18
14
21
23
29
20
21
15
15
18
25
20
23
21
27
16
31
17
13
12
21
25
18
21
19
21
24
17
20
19
23
20
24
11
22
22
14
19
21
17
16
24
28
25
17
18
14
15
21
21
22
16
28
21
18
14
26
20
22
12
23
15
14
26
26
23
25
20
27
24
20
19
26
20
17
27
16
25
27
20
22
20
22
22
20
19
18
23
19
19
18
19
26
23
19
22
20
23
26
23
21
13
17
18
17
16
20
20
21
30
17
26
22
22
14
23
16
17
19
27
25
24
17
18
18
17
22
20
14
23
22
24
16
21
29
21
20
14
26
22
25
27
19
24
18
22
27
15
27
22
22
21
26
16
27
33
20
20
15
27
17
22
18
12
29
19
13
14
31
18
26
19
26
19
20
24
24
20
16
21
25
19
19
21
19
18
21
30
21
16
24
14
20
16
30
18
18
25
12
19
18
19
28
17
15
18
24
23
17
23
17
13
14
8
24
25
25
22
20
17
28
18
21
12
18
20
24
24
15
20
12
19
18
25
31
21
21
22
23
26
12
20
25
19
22
25
24
17
28
18
27
17
16
22
24
24
19
25
15
19
14
14
26
18
18
23
20
29
18
19
11
22
19
13
19
17
24
22
22
19
20
16
14
18
21
21
20
22
24
15
16
13
20
23
25
26
30
18
14
18
21
24
21
17
18
18
24
16
25
18
27
22
20
16
19
16
15
18
20
14
25
18
17
20
25
23
24
17
11
23
26
18
23
18
24
18
21
29
23
18
23
15
15
16
20
18
24
20
23
15
22
27
20
20
21
18
22
22
26
27
21
26
24
23
25
17
25
22
17
23
20
10
16
22
24
19
21
23
25
17
19
19
19
13
18
29
24
17
14
20
23
22
20
23
23
13
16
19
14
18
24
17
11
22
18
21
36
23
17
21
24
21
29
19
24
19
21
21
19
23
20
20
21
24
18
17
23
24
18
21
20
21
23
25
15
26
28
22
21
21
16
15
17
20
24
20
24
11
21
20
26
32
23
18
29
16
27
21
23
24
10
28
15
24
25
18
18
18
18
24
18
28
21
27
28
15
24
26
24
13
20
24
29
22
31
24
20
14
19
30
16
14
21
18
19
22
20
15
22
23
28
17
24
18
24
12
19
21
27
26
15
23
24
13
17
16
18
16
27
23
27
23
31
16
31
19
24
21
24
21
18
26
24
16
23
15
26
15
22
22
20
16
25
28
19
21
22
21
20
19
19
19
20
17
18
25
22
26
19
19
19
25
28
16
28
29
20
25
14
17
16
19
17
15
17
20
25
25
25
24
20
27
25
27
20
32
14
19
25
25
27
27
26
20
19
22
26
22
22
22
20
17
31
24
22
16
23
28
27
21
22
22
28
27
14
20
27
23
16
23
19
17
27
19
16
18
22
15
21
15
23
24
19
14
19
21
16
26
25
21
17
21
19
23
28
28
17
22
11
19
25
29
21
20
22
22
18
17
26
20
23
18
20
27
20
16
22
32
20
23
19
16
24
23
16
22
33
20
23
21
16
20
25
24
17
22
10
18
22
24
21
17
19
27
19
24
16
21
16
18
21
16
20
21
12
14
24
24
19
22
22
30
16
19
20
28
23
18
14
30
18
25
24
16
23
24
23
18
24
22
23
14
20
17
22
23
18
21
18
23
22
26
16
26
22
20
20
16
24
12
24
24
25
17
25
20
22
19
22
19
23
20
16
17
23
25
18
18
21
13
29
22
25
20
20
17
17
23
19
26
20
28
24
19
22
20
23
23
18
25
17
20
17
23
18
26
17
20
23
19
26
16
17
22
19
22
22
16
18
19
16
20
22
13
22
22
27
15
24
25
26
16
25
24
23
21
25
24
19
15
27
23
24
21
19
22
17
14
11
25
19
27
16
10
20
19
28
22
17
25
21
20
17
22
27
23
19
15
15
21
17
22
28
25
13
18
17
16
30
13
17
20
12
20
15
21
20
20
21
12
9
21
18
19
9
15
18
16
23
24
17
15
14
22
24
21
28
25
18
15
16
21
24
24
26
17
15
27
17
17
13
21
21
17
7
15
14
17
16
21
22
18
16
19
21
22
24
23
17
17
19
21
28
17
23
20
17
19
22
20
18
16
21
15
22
22
19
18
17
16
24
27
19
20
22
15
15
16
16
23
26
23
16
23
26
24
17
19
18
14
20
21
26
18
21
24
16
25
20
17
20
23
19
23
26
14
18
13
22
8
24
28
11
18
15
12
20
17
16
24
26
20
14
13
21
16
19
16
16
20
21
23
12
28
23
24
24
12
19
20
18
20
21
18
19
12
18
16
24
15
23
22
10
19
22
18
23
18
18
22
15
17
21
21
19
16
17
21
22
31
15
18
17
22
17
25
28
17
22
17
18
14
18
21
7
19
16
21
17
21
12
15
20
13
8
17
22
9
25
12
12
24
15
19
19
15
19
17
14
22
18
17
25
21
16
27
20
23
13
18
17
15
14
16
17
9
17
16
17
17
20
11
19
19
13
8
15
18
15
19
23
16
14
22
12
23
18
22
16
17
18
12
23
15
16
32
19
17
11
20
26
21
20
16
17
14
13
25
18
14
20
19
17
18
27
19
15
17
21
13
21
17
11
25
17
23
21
15
28
13
17
14
15
15
18
11
20
18
14
15
9
26
12
17
17
16
20
21
25
13
13
14
21
18
20
15
21
14
23
18
25
18
14
24
21
11
17
22
21
10
21
13
11
13
20
21
19
13
14
22
19
18
20
22
20
13
13
14
23
26
17
19
19
20
20
28
9
14
19
10
16
16
21
15
13
22
20
11
16
21
18
13
17
20
12
12
18
21
20
14
19
21
11
14
16
15
17
18
12
16
18
19
9
14
17
16
15
11
15
14
15
16
16
16
13
11
17
17
17
17
19
18
14
20
19
15
16
17
16
20
24
17
18
12
18
13
26
13
21
9
11
16
16
17
20
17
17
18
23
21
18
13
22
18
12
10
16
19
16
13
16
18
13
24
22
19
22
25
18
13
11
24
14
20
13
18
16
17
8
18
22
14
17
27
21
20
17
15
15
16
14
19
12
19
16
15
22
20
18
14
18
20
24
22
22
11
17
17
25
7
18
18
19
15
24
18
9
18
17
18
17
17
25
21
16
18
18
18
22
26
21
25
16
14
20
10
10
15
18
16
9
10
20
17
20
18
25
18
20
16
22
13
20
17
17
12
21
14
17
18
16
30
24
8
15
28
18
18
22
11
16
14
14
16
15
24
24
15
14
15
17
16
18
18
16
10
17
14
14
25
17
21
21
14
19
18
17
18
15
15
27
13
20
15
15
26
28
24
16
15
19
18
13
28
18
13
14
19
14
17
18
13
17
22
10
18
21
13
13
20
23
14
15
15
13
18
17
14
8
15
11
20
22
13
13
27
9
10
22
16
13
9
14
17
16
13
17
17
13
14
14
18
17
13
17
17
18
13
11
14
21
15
15
8
27
23
18
17
16
13
12
20
14
17
10
11
14
7
16
11
19
13
10
18
11
16
20
19
22
26
14
16
26
20
16
7
13
11
16
18
17
16
19
21
18
16
13
12
14
25
13
19
19
13
20
12
15
16
19
13
22
13
16
15
17
18
11
15
12
17
16
14
10
16
13
12
15
14
18
12
11
16
15
17
13
13
13
13
12
13
7
17
13
20
14
15
13
13
14
15
15
10
14
10
11
18
13
16
21
12
5
15
15
13
15
14
16
16
11
12
9
6
4
14
16
9
7
20
18
18
12
18
16
16
8
12
12
14
9
15
20
13
20
14
8
9
13
6
17
14
14
18
12
17
13
15
14
10
13
17
23
14
11
12
18
9
13
24
15
8
14
16
17
12
11
16
8
9
11
17
11
18
8
13
18
15
16
11
11
16
16
14
11
12
15
12
21
19
18
15
16
17
15
19
12
17
12
15
20
14
13
13
11
14
15
14
9
12
12
17
18
14
14
16
16
11
11
16
12
10
16
15
12
19
13
12
15
10
13
15
10
6
18
14
7
8
13
16
15
16
12
15
16
21
17
14
19
13
20
14
7
19
14
21
16
14
17
15
17
15
27
12
13
19
15
10
21
18
21
19
20
19
20
8
21
18
14
17
11
20
14
18
10
18
14
19
9
14
19
21
16
17
12
14
17
17
19
25
12
9
16
16
10
21
22
21
24
20
21
25
27
19
19
27
26
37
40
54
50
61
62
79
88
112
86
103
112
104
84
81
48
65
56
53
35
42
38
30
25
27
22
17
16
13
20
16
17
13
15
12
16
14
12
13
19
7
19
16
6
7
15
11
16
10
8
15
14
9
10
7
14
12
9
10
13
13
8
10
14
15
9
12
13
13
9
16
12
11
10
9
10
9
6
13
10
14
9
14
15
14
16
10
10
11
6
9
10
11
13
11
7
14
11
8
11
13
15
11
13
6
19
14
15
12
13
13
12
11
11
13
9
16
12
10
16
11
13
13
10
9
14
10
12
14
14
12
12
11
11
6
8
6
16
10
14
13
10
11
14
6
11
11
20
15
12
16
13
10
10
17
5
10
11
15
13
9
9
10
12
12
14
11
9
7
14
9
11
11
10
12
16
10
17
6
15
12
15
16
16
15
15
12
15
14
12
18
10
16
9
17
10
15
11
8
14
16
12
14
11
10
14
15
15
19
17
13
17
9
9
19
12
11
19
17
31
19
12
21
26
24
19
16
23
20
22
19
25
23
25
28
36
26
21
22
12
17
14
9
14
11
8
10
9
5
10
7
4
7
9
4
5
5
5
5
8
6
9
5
3
3
7
10
7
2
8
5
6
7
3
6
8
3
3
10
6
2
8
11
5
1
5
3
4
4
3
3
4
2
4
4
7
3
4
6
9
4
4
3
6
4
2
1
5
6
4
7
7
3
4
3
2
1
4
6
5
4
10
2
3
4
3
7
5
5
8
9
9
6
5
6
8
3
4
8
11
3
4
5
7
3
3
3
5
4
4
5
5
3
4
3
10
5
5
7
7
4
6
2
6
6
8
3
6
3
7
6
4
7
1
3
3
5
5
3
2
4
2
3
5
1
5
3
7
5
8
3
3
3
2
2
4
2
3
9
7
3
4
4
1
3
4
3
4
5
6
5
4
4
6
5
1
7
3
4
7
1
5
5
1
5
5
12
6
4
4
7
2
4
2
4
4
3
6
1
2
4
4
5
8
3
4
1
3
4
4
9
7
3
4
5
3
1
6
4
5
4
5
6
4
4
3
6
6
5
5
7
6
3
1
3
9
5
3
8
2
6
4
3
3
7
10
3
8
7
5
6
5
4
5
9
8
3
3
5
7
2
2
2
5
5
3
2
5
0
4
4
0
3
2
3
7
0
5
6
1
5
8
6
3
1
3
4
5
3
2
3
4
2
5
8
3
6
4
2
6
2
4
3
3
2
7
4
4
5
2
2
2
5
3
3
6
3
7
7
6
4
4
6
6
4
8
5
4
4
6
5
2
9
3
8
5
5
0
2
5
4
3
7
2
5
4
2
5
3
3
4
1
1
5
3
5
4
9
3
3
4
4
2
5
6
4
5
7
5
6
5
6
2
6
4
3
5
4
6
6
3
7
4
2
2
2
7
4
5
4
6
5
5
6
5
7
7
8
5
5
3
4
5
7
4
6
8
4
8
4
6
5
3
2
6
2
6
9
7
4
6
5
2
4
2
4
7
3
4
6
4
5
3
7
5
1
5
1
4
5
3
7
5
2
3
6
8
4
6
4
5
5
6
6
6
9
2
6
4
3
6
2
5
9
7
4
9
8
3
4
5
5
5
4
6
6
2
5
5
8
13
7
1
4
5
7
7
5
8
6
7
8
8
7
8
13
6
5
6
10
8
9
10
7
9
12
9
8
3
6
5
6
9
6
6
11
12
9
12
8
9
9
6
15
6
6
6
8
9
8
12
15
17
13
9
14
10
9
17
15
14
10
18
14
8
14
12
12
9
12
12
15
12
15
25
19
17
27
16
14
18
24
19
14
23
22
22
26
20
28
39
46
57
63
74
99
143
157
178
235
219
216
236
211
222
170
177
145
121
89
70
90
67
51
30
45
38
23
15
21
14
15
15
12
10
6
6
5
5
9
12
6
13
6
5
9
7
7
7
6
5
7
5
8
8
2
6
1
4
5
4
6
4
4
5
7
2
5
2
6
7
9
5
5
8
6
3
7
8
3
8
2
4
8
4
5
5
9
1
6
8
5
7
3
6
5
6
10
5
6
7
6
4
9
3
8
2
4
6
6
6
7
6
6
4
5
7
4
2
6
8
9
4
9
5
6
2
5
6
6
6
6
7
9
5
6
4
6
6
4
6
6
3
5
5
4
9
8
6
2
7
6
10
2
6
7
5
4
10
10
5
10
5
5
3
11
5
7
10
12
9
7
6
7
8
8
3
11
3
14
9
6
6
6
4
8
5
11
7
5
9
9
4
5
9
9
7
5
11
8
6
11
9
12
13
7
7
10
5
9
9
6
11
6
12
11
5
9
11
11
6
7
13
12
11
11
14
12
9
14
18
14
26
13
28
14
16
15
13
9
18
9
9
4
14
4
2
7
8
4
2
2
1
1
1
2
0
5
3
1
3
7
2
4
4
0
4
2
0
0
0
1
3
1
3
3
0
1
3
1
0
1
3
0
0
1
1
3
3
1
1
0
0
0
2
3
1
1
1
4
5
4
0
3
1
1
1
0
2
0
1
1
0
2
1
1
2
1
1
4
1
0
1
1
1
1
0
3
1
1
3
0
3
2
4
2
2
1
2
2
2
0
1
2
1
0
0
1
1
0
3
0
0
2
0
1
0
1
1
0
2
2
0
0
1
1
0
1
0
1
1
0
0
0
0
1
3
1
1
1
3
0
0
2
0
2
1
1
1
0
2
1
0
1
1
0
1
1
2
1
0
1
2
2
0
2
1
1
2
3
1
0
0
1
1
0
1
1
0
4
1
1
1
0
2
0
1
0
1
1
3
2
1
0
2
0
0
0
2
2
1
1
1
0
0
2
0
0
2
0
1
3
0
2
2
2
1
2
1
0
1
0
1
1
0
0
1
1
1
1
1
1
0
2
1
2
0
0
2
0
0
1
0
1
0
2
1
0
2
5
4
0
2
0
1
0
0
1
1
0
0
4
0
1
0
0
1
2
4
0
1
1
2
3
1
1
1
1
1
2
2
0
2
0
0
2
0
1
0
0
1
0
2
0
1
2
0
2
1
0
0
2
0
1
2
1
1
0
3
1
0
1
0
1
2
0
2
0
0
2
1
4
0
1
1
1
1
0
1
1
0
0
0
2
1
0
0
0
0
3
1
2
1
2
0
0
0
2
2
2
1
0
1
2
0
2
0
0
0
3
2
1
2
1
1
0
2
0
1
3
0
2
0
1
2
1
1
0
0
1
0
0
1
3
0
1
0
2
2
0
0
0
0
1
1
0
0
3
1
0
0
0
0
0
1
2
0
2
0
2
1
2
0
2
1
1
1
0
1
0
3
3
1
1
0
3
3
0
1
0
0
0
0
0
0
1
0
0
1
0
1
0
0
0
1
0
3
0
1
1
1
0
1
1
0
0
1
2
2
0
0
1
2
4
1
0
3
2
2
0
2
0
1
0
0
0
1
0
2
1
3
1
1
1
1
3
0
3
1
0
2
0
3
0
2
3
0
0
0
0
4
0
1
2
0
1
0
2
1
0
0
0
0
0
3
2
1
0
1
0
3
0
2
0
2
2
0
2
1
1
1
1
0
1
0
0
1
1
0
1
0
1
0
1
0
1
0
4
1
0
0
3
1
0
0
1
0
0
0
0
1
0
1
2
1
0
1
2
0
2
2
0
0
1
0
1
0
1
1
1
1
0
0
2
0
2
1
0
0
0
1
0
0
0
0
0
0
0
2
0
1
0
2
0
2
0
1
0
2
2
1
0
2
0
1
1
1
0
2
0
2
3
0
0
0
0
0
3
1
1
1
1
0
0
2
0
3
2
0
1
2
2
1
1
1
1
0
1
0
1
0
0
2
2
2
0
0
1
0
0
3
0
0
1
1
1
0
3
1
0
0
1
0
0
1
0
0
0
0
0
1
1
0
0
1
1
0
0
1
2
0
0
2
2
2
1
1
1
0
0
0
1
2
1
2
1
1
1
1
1
1
1
1
0
1
2
2
0
2
0
1
0
1
0
0
0
0
1
0
1
1
0
0
1
1
0
0
0
1
0
0
3
2
1
1
2
1
1
1
0
1
2
0
0
0
1
0
0
0
1
0
2
2
0
1
0
0
2
0
0
2
0
1
1
3
0
2
1
1
1
1
2
0
0
3
0
0
0
0
0
2
0
2
2
0
0
1
1
1
1
1
0
0
0
0
2
0
0
1
1
1
0
1
1
1
0
0
2
1
1
0
0
0
0
1
0
1
2
0
1
0
1
0
0
1
1
0
0
0
1
0
0
1
1
1
0
2
1
1
2
0
0
3
0
0
0
0
0
0
2
0
0
3
0
0
0
3
1
0
1
0
1
0
2
0
0
0
0
0
1
1
0
1
2
0
1
0
1
2
3
1
0
1
0
0
1
1
0
1
0
0
0
0
3
0
0
1
0
2
1
0
0
0
0
0
1
1
0
0
2
1
0
0
1
2
1
0
2
2
0
1
0
0
2
0
1
3
2
2
1
0
1
1
1
0
1
0
0
3
1
0
0
2
3
1
0
1
0
1
0
1
0
0
0
0
0
1
0
2
1
0
1
1
0
1
0
0
0
1
0
0
0
2
2
0
2
1
0
0
2
1
0
1
0
2
0
0
0
0
1
1
1
0
2
1
1
2
0
0
0
1
0
1
0
2
1
0
0
0
1
0
2
0
0
0
1
0
1
0
1
2
2
0
0
1
0
0
0
0
1
1
0
0
2
1
0
1
0
1
2
0
1
0
1
1
1
0
2
2
0
2
0
0
0
2
1
1
1
1
0
0
1
0
2
1
1
1
0
0
0
0
0
0
0
0
0
3
0
1
0
0
0
1
2
1
1
0
2
0
0
1
1
0
0
1
2
1
0
0
31
37
46
43
58
45
70
59
74
70
80
79
88
84
97
103
95
129
125
141
158
175
164
180
204
210
217
265
279
305
314
346
373
392
425
476
528
545
587
566
638
603
700
752
739
754
878
907
961
999
1022
1118
1134
1218
1327
1271
1321
1390
1450
1542
1567
1571
1625
1694
1700
1790
1899
1928
2017
2051
2133
2221
2245
2316
2386
2496
2548
2627
2691
2966
2905
2952
3109
3269
3280
3409
3487
3642
3677
3975
4052
4254
4529
4630
4831
4919
5281
5507
5727
6135
6341
6897
7682
9367
12411
19181
33338
59520
98762
143345
179945
194212
184472
156091
125726
99819
80874
67551
57759
49750
43300
37457
32940
29409
26646
24364
22884
21595
