0
0
0
0
0
0
0
0
0
0
0
0
0
0
0
0
0
0
0
0
0
0
0
0
0
0
0
0
0
0
0
0
0
0
0
0
0
0
0
0
0
0
1
0
2
1
2
1
0
1
1
3
0
6
3
4
5
1
1
2
2
2
3
2
2
4
5
2
3
3
2
5
5
8
9
12
13
7
17
16
13
20
20
26
31
50
47
46
74
42
87
98
98
141
154
163
212
260
313
355
421
499
578
654
792
976
1192
1280
1066
893
762
627
442
199
83
84
107
109
109
141
152
156
170
186
217
239
260
297
314
331
356
400
342
409
413
414
369
334
320
309
230
203
166
154
126
138
146
178
206
203
213
270
263
304
355
323
338
318
294
310
254
246
215
179
158
161
204
213
236
271
285
274
289
276
303
294
270
263
242
218
201
220
188
210
241
241
244
288
282
276
281
251
275
223
209
210
227
224
225
227
239
260
256
264
295
291
246
259
245
244
217
204
213
249
251
244
251
255
276
242
285
262
265
256
223
242
228
221
232
267
223
244
256
286
271
263
262
229
215
205
228
215
251
246
245
226
255
253
243
250
259
274
267
259
265
270
262
252
232
262
237
256
241
254
301
264
246
260
229
245
266
242
250
261
263
267
240
233
268
252
249
206
230
259
267
240
245
269
247
238
242
222
264
266
260
290
289
287
248
256
239
268
253
235
251
269
283
286
269
255
246
249
262
255
246
273
244
264
239
241
251
280
258
246
266
252
242
241
244
246
274
284
278
278
246
239
253
279
277
268
258
264
260
237
253
265
268
263
266
281
254
244
249
270
277
247
270
257
253
235
230
274
264
261
267
274
279
253
252
295
268
249
289
281
256
299
269
234
267
267
269
266
267
264
251
265
260
250
285
279
264
254
269
285
268
260
266
264
272
245
280
248
293
276
264
264
266
263
256
269
254
265
272
277
293
274
256
278
272
227
274
275
280
301
253
281
266
213
275
257
259
271
266
277
258
263
275
244
267
262
242
279
290
260
274
265
247
258
304
263
253
256
281
269
261
260
272
265
223
258
280
270
236
259
260
237
272
268
255
294
249
273
238
265
264
264
247
276
248
268
256
250
253
259
251
226
263
258
272
259
271
259
254
256
275
253
240
243
280
263
242
244
273
286
249
253
272
264
240
252
266
230
273
280
260
244
271
294
271
262
264
267
254
288
266
238
261
266
242
283
268
267
254
249
277
262
274
242
262
246
260
254
264
272
264
252
260
269
259
249
278
290
241
263
268
230
273
238
261
244
258
252
234
254
253
264
277
243
253
286
277
283
269
286
245
243
253
240
281
265
267
257
245
250
259
252
243
295
254
262
269
253
254
285
287
256
248
241
267
245
265
265
241
258
243
263
254
220
252
237
239
248
276
255
253
255
260
236
225
275
223
229
239
233
277
245
252
253
271
255
247
230
265
230
254
255
257
231
251
235
238
254
259
260
263
266
251
262
262
222
252
252
240
227
268
276
244
222
237
223
267
255
256
213
219
228
263
231
249
234
256
264
235
235
234
253
260
244
244
247
249
244
233
239
247
240
255
241
232
232
243
241
244
259
255
222
247
234
210
268
262
257
220
249
235
241
241
205
274
261
239
238
235
220
225
256
252
239
224
266
226
241
256
192
233
259
245
242
256
226
198
233
208
255
229
247
203
239
232
252
241
239
241
229
246
247
241
225
227
247
217
211
227
225
203
215
232
227
215
219
199
232
215
219
217
244
228
238
224
221
239
249
218
230
215
241
213
225
215
246
231
244
264
241
254
240
213
198
216
242
215
207
226
240
229
205
234
199
233
236
218
201
227
224
229
222
207
211
258
214
234
252
252
202
247
218
220
232
238
197
218
209
231
218
247
231
216
218
245
232
223
218
230
208
220
225
231
226
220
212
237
203
217
254
224
201
246
209
197
208
233
209
263
213
273
231
235
211
215
242
210
250
237
207
216
204
237
243
235
192
223
243
237
210
216
258
227
231
247
218
241
211
218
231
205
217
231
227
214
211
242
200
233
227
231
254
221
222
210
232
200
201
200
228
225
238
230
255
229
236
232
203
237
212
222
240
222
238
232
252
234
246
209
205
245
247
215
233
237
253
245
220
218
252
225
214
241
256
226
230
213
208
228
229
232
212
223
236
213
219
230
229
245
240
245
242
238
261
204
243
236
233
242
269
248
235
240
222
239
251
249
233
274
284
248
253
262
244
258
284
267
247
238
264
276
233
286
268
267
254
299
300
298
305
280
269
268
323
301
311
300
295
287
313
282
282
279
296
345
285
262
320
302
308
313
290
283
284
326
310
291
312
311
300
279
332
321
276
281
307
286
264
252
269
295
261
244
250
257
237
261
246
259
240
263
252
241
252
244
248
243
238
258
238
232
236
219
249
252
230
204
219
223
253
260
220
222
228
227
190
231
233
216
215
203
234
213
227
203
244
236
223
221
208
201
242
238
225
211
212
217
204
223
236
201
191
200
229
211
248
225
195
215
181
230
219
195
220
222
205
185
222
216
235
215
208
219
200
200
213
212
195
207
180
227
207
221
203
229
240
240
260
233
250
229
203
209
213
228
190
196
220
224
235
218
228
205
216
241
200
214
207
192
219
209
204
205
206
199
211
164
172
193
211
207
197
201
201
215
183
198
166
178
185
190
182
174
209
206
191
186
204
191
211
178
207
185
201
191
196
224
191
193
209
211
185
187
194
209
197
177
187
200
190
188
198
196
188
186
174
208
206
206
204
203
206
199
189
205
182
201
196
174
144
180
192
184
186
193
213
193
183
173
181
192
185
196
188
187
170
198
195
186
205
172
180
174
189
203
158
172
187
182
209
188
184
174
195
166
188
192
213
209
203
188
176
159
186
186
166
179
172
163
181
184
177
182
184
190
173
177
189
179
160
168
187
198
200
193
195
193
213
170
181
184
191
175
206
197
189
193
182
190
184
188
195
200
180
197
172
152
178
169
170
182
165
179
180
176
188
203
164
202
187
187
193
189
186
188
185
197
174
188
182
186
192
178
176
179
171
192
203
161
186
181
173
183
192
175
169
165
174
184
184
160
175
193
163
185
153
179
171
179
186
191
141
190
213
164
163
164
168
187
177
206
161
202
157
183
162
211
185
176
174
185
193
160
182
180
163
190
190
167
195
180
202
174
162
178
182
192
172
194
180
173
163
158
163
161
185
162
177
165
162
169
189
202
193
197
196
175
156
195
197
193
155
182
199
171
180
167
177
185
169
161
170
177
188
153
169
174
160
175
170
160
163
182
183
170
174
168
187
191
168
184
179
185
179
197
191
178
178
165
184
173
158
162
185
183
197
170
176
164
171
132
135
187
181
170
176
166
161
187
175
182
182
176
193
195
178
183
185
159
179
180
180
205
193
216
227
209
166
182
191
197
210
203
168
161
156
156
174
159
163
158
168
181
182
158
161
192
172
188
153
154
158
207
183
157
157
170
150
170
158
156
156
145
184
173
178
159
156
150
155
160
164
163
160
181
178
130
151
159
180
179
162
170
146
184
165
183
177
188
161
181
146
168
193
170
153
160
174
171
197
142
133
170
140
183
179
163
168
169
160
175
175
162
177
152
176
175
172
168
181
168
182
160
140
151
159
168
164
173
160
179
168
153
145
153
196
161
150
155
149
177
177
187
179
162
161
162
159
164
159
165
162
169
166
162
183
144
171
165
165
194
164
194
171
187
181
194
158
161
175
181
159
166
151
172
163
163
153
172
138
166
172
179
151
158
169
147
168
143
193
156
161
148
175
144
164
162
163
152
186
175
165
180
160
188
142
176
178
150
163
160
165
161
159
173
180
153
189
189
144
177
146
161
166
141
171
160
162
171
178
182
166
168
201
164
187
188
167
164
160
151
160
188
163
167
184
163
155
167
167
166
179
166
161
149
157
153
183
170
166
156
163
162
171
159
153
155
133
159
150
166
139
160
156
162
149
140
174
147
169
166
160
170
164
159
151
154
195
164
156
168
150
144
166
154
165
158
158
170
161
152
148
150
163
158
158
160
148
162
167
173
189
156
157
142
171
175
175
166
154
165
167
146
163
155
148
145
159
165
157
169
163
160
153
146
149
147
137
148
160
179
127
162
149
162
152
126
156
167
145
160
175
177
157
182
151
159
178
174
182
157
150
175
160
171
165
145
147
166
161
160
160
129
168
159
141
161
159
142
145
164
173
151
166
169
157
162
141
151
169
167
168
164
139
169
144
166
145
160
175
138
152
145
143
142
140
162
166
170
168
167
145
156
158
151
153
151
175
121
136
163
157
143
168
137
173
146
147
132
145
146
139
167
171
182
144
150
145
168
141
159
155
138
155
170
147
146
148
143
151
165
142
168
150
130
144
145
152
145
160
172
148
165
142
175
154
166
168
159
149
147
164
178
151
152
138
140
163
170
155
163
153
172
147
156
137
127
149
148
157
154
146
150
154
151
145
151
144
170
172
144
169
147
157
141
150
136
135
167
140
163
178
143
149
149
159
168
137
128
167
171
153
129
160
162
159
133
163
165
152
134
146
168
147
158
146
155
161
164
125
139
135
152
144
144
157
139
156
122
154
166
168
125
149
165
157
142
162
140
146
139
173
162
152
160
153
136
164
172
183
150
150
159
148
154
160
158
156
150
127
168
154
152
156
170
142
143
152
160
154
170
157
167
156
151
151
167
146
141
143
172
166
146
156
148
152
154
145
174
163
137
167
141
165
148
146
144
151
134
154
169
128
158
125
162
142
157
144
148
138
157
136
138
165
136
160
159
143
143
139
154
153
125
160
148
152
160
138
156
135
140
155
137
145
154
163
159
148
148
152
154
140
134
150
154
140
137
152
150
137
143
130
142
144
127
138
164
138
149
153
145
146
148
152
147
152
149
181
145
133
160
150
152
143
134
137
124
151
154
160
146
156
140
134
138
136
158
119
150
148
154
146
134
152
125
123
148
123
167
168
141
144
154
148
137
156
150
165
165
147
179
160
137
152
145
119
147
136
144
150
158
135
148
149
138
153
149
147
162
131
146
170
137
162
153
163
143
160
134
162
152
130
144
144
148
142
144
161
133
136
152
140
133
145
146
163
155
134
147
144
145
125
147
128
150
141
141
153
157
163
146
131
141
159
151
171
146
151
150
160
147
145
160
158
130
160
142
145
137
137
155
134
135
158
154
148
134
135
141
151
146
144
154
140
129
136
152
126
146
136
143
151
132
155
131
133
141
145
145
147
132
137
124
159
155
133
136
122
150
145
154
122
143
145
167
159
137
138
134
146
141
149
151
133
137
156
125
148
142
139
158
160
151
160
146
158
142
155
130
128
158
151
134
134
128
136
137
174
139
144
136
141
153
129
147
151
147
136
151
139
130
165
137
155
120
146
144
161
150
142
145
157
129
137
138
143
156
150
149
157
127
167
131
154
156
142
167
145
163
139
141
144
157
144
145
143
157
159
145
149
136
135
124
124
134
137
133
135
134
139
158
135
151
147
135
153
138
147
128
157
135
138
145
162
151
136
144
150
129
143
151
153
134
149
158
146
138
144
132
147
137
141
165
146
140
121
161
122
129
125
151
158
128
131
139
129
145
140
139
154
145
125
123
171
145
172
137
146
166
122
145
120
151
143
151
148
140
143
126
149
139
119
157
127
128
151
142
142
147
128
137
146
149
133
145
132
164
117
137
152
171
137
148
124
172
136
164
136
141
159
127
146
156
154
164
149
167
150
138
143
134
144
159
145
154
149
134
128
153
153
157
160
138
118
147
128
141
153
124
151
142
141
141
128
149
145
154
128
139
146
154
145
147
146
122
144
153
130
141
152
139
154
140
128
134
134
148
142
101
145
139
117
142
154
161
159
129
152
152
131
139
149
135
133
153
150
140
133
146
147
136
152
140
151
143
114
137
150
140
161
144
149
154
139
144
148
157
154
147
143
140
140
158
142
134
171
141
152
142
146
137
157
143
148
132
119
144
131
140
130
140
142
166
165
159
148
121
148
131
130
126
142
136
160
138
154
159
152
139
168
141
132
143
130
141
157
145
136
114
138
129
137
138
132
154
146
149
130
141
128
148
131
132
147
164
150
102
139
150
166
123
164
158
146
124
164
142
161
143
141
132
123
141
140
152
129
115
121
125
145
146
126
145
165
137
126
143
150
120
155
129
121
128
135
143
128
133
150
133
130
145
129
128
149
145
129
144
139
149
152
148
143
141
143
142
146
134
128
140
147
156
152
143
145
153
140
150
137
139
136
157
139
128
132
137
138
143
132
143
142
140
140
155
162
144
157
150
157
123
139
154
131
158
149
133
148
145
142
149
145
138
126
158
142
148
136
139
134
143
156
149
132
145
131
136
135
118
135
142
133
129
137
137
144
150
142
147
142
149
150
118
146
144
148
134
127
131
165
131
142
146
140
134
147
137
145
162
114
143
147
142
131
140
137
152
135
132
148
126
122
141
138
155
130
126
157
139
133
153
151
150
149
156
139
150
119
134
148
133
150
142
135
161
134
164
132
148
151
143
133
167
156
140
156
152
158
165
145
145
149
142
151
130
159
145
135
156
133
156
138
109
135
150
147
141
140
136
123
169
137
146
133
142
165
137
147
131
150
156
154
145
145
145
135
146
121
146
148
136
139
148
151
156
137
119
153
138
142
150
124
131
126
143
131
138
164
147
135
136
143
129
160
113
135
150
147
148
142
155
147
146
139
140
128
128
134
125
160
167
131
155
138
160
143
131
154
124
140
162
147
161
160
128
140
143
117
138
158
141
124
167
136
120
134
118
129
139
155
147
139
144
169
153
112
163
156
136
144
148
162
115
151
141
156
140
154
141
160
176
162
171
168
144
142
168
151
121
149
144
131
151
134
130
120
148
131
138
126
159
138
135
150
129
136
124
135
149
132
152
139
152
130
158
156
128
143
145
158
150
165
153
130
131
175
143
153
128
146
130
145
135
139
134
135
157
157
163
157
148
147
143
140
149
140
139
140
138
133
141
166
120
123
135
141
137
146
142
143
142
137
123
139
131
145
151
160
151
161
132
123
135
158
144
124
150
157
135
157
138
138
142
139
165
141
153
149
146
161
140
156
143
152
146
160
154
151
140
159
157
150
146
139
143
137
134
163
157
134
157
148
142
161
117
146
131
160
149
152
161
130
156
146
142
129
143
134
160
175
163
121
135
162
158
142
137
136
132
142
144
139
141
124
153
133
143
138
156
135
129
120
134
152
132
154
136
141
167
143
160
124
134
156
155
151
138
162
156
147
139
115
144
148
131
155
137
151
168
144
138
147
164
135
151
127
164
130
126
154
143
142
139
136
134
164
133
144
158
164
150
135
153
123
135
152
136
148
137
131
147
139
170
145
147
156
127
145
144
139
135
163
146
155
131
141
140
135
138
129
154
138
146
153
140
157
151
148
150
148
147
143
139
139
152
134
138
137
156
135
159
154
162
156
152
131
133
143
141
153
140
143
118
163
163
137
151
170
146
137
138
159
151
145
140
123
137
163
141
165
163
157
159
151
138
166
149
146
160
162
123
152
137
141
149
150
152
147
141
130
151
166
138
154
138
147
140
145
161
141
141
149
130
175
124
146
143
149
142
150
148
147
155
136
137
144
143
162
174
156
150
160
168
144
165
168
151
138
144
152
123
161
163
142
150
142
155
160
164
158
148
152
149
132
155
147
148
149
138
146
155
148
155
142
141
173
156
159
150
146
136
130
157
157
146
167
144
166
160
130
151
164
154
155
126
152
158
155
144
166
146
157
159
148
128
130
155
168
154
156
144
171
149
152
154
157
154
147
167
147
150
149
145
141
137
136
139
156
160
133
142
156
148
151
154
181
148
160
143
160
168
154
150
142
148
118
150
164
151
169
152
148
146
139
142
145
144
176
157
165
147
156
138
147
173
180
152
135
148
147
132
139
153
135
150
145
145
161
163
157
144
160
137
166
143
148
158
151
157
147
151
140
159
137
142
158
171
160
166
153
148
140
144
135
134
127
130
151
149
162
165
157
152
161
165
168
150
165
166
154
160
156
162
168
132
148
141
148
161
165
154
135
153
152
129
152
150
169
129
146
170
149
141
164
141
151
147
134
147
155
153
170
140
173
158
140
125
144
167
167
150
156
137
167
159
160
156
166
141
161
151
173
140
137
172
149
134
165
139
151
156
152
152
164
150
157
145
126
145
143
126
161
172
181
145
156
167
163
138
153
148
159
140
155
183
131
153
183
142
144
157
132
151
148
161
142
179
144
131
142
168
158
143
151
143
171
146
144
152
141
152
150
168
121
153
156
153
149
130
157
156
158
176
137
137
165
158
154
142
147
164
152
146
169
126
187
162
155
178
162
159
157
169
145
175
165
143
157
157
134
167
138
151
152
157
153
166
174
156
161
166
150
140
139
153
162
165
155
156
151
140
160
153
165
157
151
162
142
153
150
168
160
166
134
154
143
170
162
144
170
161
153
154
165
158
154
153
142
151
167
171
165
151
158
161
165
136
166
172
140
150
152
159
153
166
162
161
142
154
151
165
170
172
151
148
125
172
161
171
168
180
168
159
177
167
183
157
192
165
162
175
177
154
143
158
145
174
138
172
164
180
178
183
131
156
163
176
148
173
160
152
167
153
162
155
153
148
171
182
171
159
145
163
166
163
160
184
145
176
164
177
160
166
133
172
163
161
165
155
163
155
167
166
165
161
156
157
166
176
170
147
140
138
154
168
149
164
157
134
180
145
158
183
164
172
153
189
152
158
161
165
164
169
177
169
167
167
164
143
152
148
173
150
141
175
189
154
171
185
164
137
162
144
168
143
163
183
171
173
139
173
147
155
161
163
161
152
173
165
165
182
169
155
171
160
141
167
173
182
177
163
175
160
158
184
187
161
164
168
187
166
152
157
177
159
157
176
182
163
167
163
164
183
161
164
146
174
179
161
172
154
155
156
152
165
149
179
147
155
164
200
168
156
180
192
160
181
179
166
172
183
169
165
168
159
159
171
183
164
162
164
180
153
179
171
161
170
163
180
178
156
154
166
188
193
162
176
180
175
169
173
168
180
162
159
201
166
173
194
173
157
189
168
196
163
174
187
170
191
155
179
182
163
172
167
187
152
189
161
145
178
198
186
165
161
173
161
153
173
186
160
167
154
173
198
184
178
175
172
164
181
182
181
139
160
170
171
164
175
202
156
185
183
184
182
153
180
198
182
178
169
212
180
157
183
176
160
188
182
162
166
171
186
189
174
197
183
185
168
185
203
187
185
183
175
192
172
197
204
210
191
169
183
196
206
180
185
181
198
180
196
181
197
167
193
196
175
181
181
174
181
177
178
173
187
175
175
171
193
183
188
167
182
172
166
184
173
171
179
193
187
184
182
190
181
213
167
173
173
185
157
191
188
163
181
186
165
175
188
160
209
162
168
189
195
154
153
193
193
192
187
196
189
163
179
159
176
193
199
185
183
166
194
201
161
194
196
173
193
160
179
203
179
181
183
169
203
182
191
213
200
177
184
179
181
176
181
198
180
188
201
169
203
180
190
178
190
188
184
171
189
197
175
202
160
180
196
175
200
208
200
182
201
199
218
196
181
200
197
188
151
155
177
192
190
213
198
197
184
159
194
156
180
180
173
194
199
185
196
199
184
170
178
195
177
158
181
186
196
189
185
189
180
185
223
170
200
225
178
221
202
185
177
191
173
203
188
196
185
187
180
151
194
212
184
187
218
185
221
191
203
180
207
178
197
195
182
181
200
187
202
216
213
196
158
227
215
182
203
197
188
208
188
223
210
204
208
206
212
192
211
190
196
226
207
190
193
210
220
180
218
168
191
179
217
187
186
166
196
216
215
205
198
195
190
194
191
186
197
192
216
173
219
229
212
227
202
185
209
180
183
224
196
202
193
189
227
167
183
205
203
194
207
198
183
212
195
194
195
222
208
206
202
198
215
217
200
204
190
205
202
221
178
203
194
191
184
203
195
215
212
213
189
189
208
206
226
198
207
193
199
182
187
214
206
200
205
219
205
225
228
203
226
219
227
204
221
178
210
223
212
212
208
219
204
221
221
211
211
202
182
204
229
242
219
215
234
211
214
194
212
218
225
212
210
219
199
218
181
232
196
208
202
198
214
195
201
212
220
245
227
215
229
234
223
221
211
229
227
207
205
199
208
217
224
234
197
220
230
219
196
204
226
178
202
207
231
228
198
205
218
199
195
211
215
219
240
241
188
209
234
236
217
233
223
212
222
233
213
220
226
209
204
212
219
222
224
205
211
230
233
218
230
242
218
218
224
250
222
203
225
211
227
245
245
239
234
216
247
247
252
252
250
222
219
210
223
233
203
224
227
215
230
230
260
217
206
251
236
221
205
207
231
229
246
235
240
232
224
265
235
271
240
230
246
220
216
225
217
218
203
215
251
228
224
246
227
238
236
232
228
237
220
221
248
234
218
225
259
229
220
247
208
232
244
243
251
223
230
213
243
216
253
225
233
210
243
230
229
232
215
230
250
264
241
227
229
234
242
248
224
249
216
272
231
268
235
255
263
251
257
230
239
289
233
244
242
239
233
250
248
257
234
237
227
271
271
228
253
276
247
216
217
268
192
271
254
235
246
256
242
261
241
247
251
241
251
217
229
242
235
245
242
235
220
224
251
238
238
239
248
224
230
260
256
256
219
267
257
245
243
226
251
264
244
231
241
205
224
269
244
224
227
249
248
248
252
255
260
290
260
235
238
235
283
235
266
246
253
225
284
264
275
220
240
275
250
239
260
247
264
247
248
263
262
234
238
282
250
262
229
250
280
266
254
257
260
251
256
272
229
252
260
241
238
253
266
241
233
272
243
275
256
245
251
241
266
254
229
241
243
272
234
255
236
233
237
257
206
242
258
232
217
240
239
228
214
229
229
252
253
250
203
230
224
191
221
221
186
243
236
253
228
208
218
203
240
187
170
218
223
218
201
212
210
205
200
190
204
193
217
209
208
184
205
216
215
205
208
212
205
209
181
208
181
201
197
208
213
193
215
182
167
187
190
214
195
187
193
201
207
198
209
198
198
189
182
170
200
210
185
207
195
167
187
186
217
206
194
196
224
193
185
180
186
185
172
197
204
179
185
180
179
192
182
206
185
185
193
155
172
188
184
163
204
166
183
178
192
171
169
162
179
185
193
179
191
173
198
168
207
215
179
178
183
218
172
189
189
185
177
167
183
156
193
174
174
178
181
178
152
180
191
171
173
167
190
171
194
189
164
173
166
195
176
179
170
210
184
171
186
196
177
177
170
167
172
172
186
183
189
200
204
186
167
176
182
155
180
179
205
174
190
183
169
187
171
176
187
183
190
186
208
188
187
193
192
176
175
178
173
183
175
182
175
208
166
165
184
192
191
153
173
151
184
195
173
223
189
185
164
190
215
182
173
172
160
167
159
178
171
186
170
164
171
178
173
202
180
191
173
188
169
171
168
181
177
163
178
168
189
180
189
177
176
160
196
183
163
182
173
175
161
182
187
152
162
167
165
186
177
197
182
187
148
174
173
158
154
194
166
178
211
181
168
185
182
176
177
166
172
191
165
181
160
167
180
169
182
171
150
172
168
156
178
163
151
188
147
170
162
171
164
164
175
164
166
165
193
186
174
164
178
175
167
175
177
184
177
178
171
181
165
181
175
160
148
169
174
176
161
175
165
186
156
164
169
166
175
161
179
135
152
184
164
159
176
184
181
175
157
196
152
164
151
173
167
167
159
162
147
162
166
154
162
190
167
152
172
167
162
146
155
158
194
175
154
194
163
145
171
165
186
170
175
151
167
164
147
171
153
176
176
175
166
180
164
146
174
174
150
178
163
145
146
158
158
164
173
182
173
157
156
155
148
182
160
154
179
154
175
162
156
157
163
168
185
165
167
151
145
164
152
164
186
168
143
176
159
149
164
162
172
154
163
156
171
179
164
149
163
166
150
204
165
151
155
179
183
171
152
151
160
149
140
150
146
161
150
170
156
149
171
150
154
165
163
164
162
163
164
142
159
177
159
162
161
136
162
167
174
157
154
178
192
172
142
149
171
156
170
146
175
144
162
167
156
177
177
166
171
167
162
165
173
163
157
167
166
156
144
162
171
181
177
156
174
185
147
160
169
162
155
176
166
151
170
151
152
174
159
178
141
149
157
156
148
161
134
152
170
187
136
181
151
142
164
171
150
166
150
142
157
167
171
143
165
172
143
173
153
180
155
148
163
151
165
160
158
142
170
184
166
172
148
145
168
165
178
150
152
157
165
184
166
155
159
155
153
144
193
138
162
160
160
150
173
153
159
164
159
167
154
145
161
157
179
172
169
159
167
163
153
136
175
165
155
181
189
147
168
185
181
149
166
163
189
166
161
142
171
143
168
186
144
161
159
140
184
143
152
190
158
176
174
156
182
170
162
151
152
159
192
144
158
151
150
150
169
157
155
140
154
142
167
164
166
157
177
167
189
187
144
168
178
169
151
172
147
161
187
169
174
155
162
162
152
177
168
169
192
160
144
161
193
171
172
146
153
159
148
171
169
169
148
151
148
150
179
159
162
150
169
171
165
167
168
159
164
171
167
171
177
155
157
149
170
150
160
173
166
157
154
135
154
155
166
166
135
164
171
154
150
169
178
129
170
175
145
163
153
145
149
160
164
177
151
157
142
170
159
173
177
156
150
152
138
158
150
141
129
151
138
129
145
134
132
142
125
130
129
148
129
137
121
140
138
125
122
128
124
118
116
112
120
110
116
115
101
112
126
99
98
134
94
102
98
96
130
109
120
108
95
117
119
114
96
113
105
107
100
101
105
83
86
98
116
105
95
113
114
109
105
116
107
89
108
86
96
107
104
102
116
96
85
106
104
111
122
94
89
83
108
91
90
95
96
105
113
103
99
101
102
116
88
118
95
97
124
125
96
99
103
97
98
98
94
105
94
87
94
91
105
100
96
102
77
97
89
93
95
94
88
90
83
83
109
78
98
111
88
97
81
98
106
92
90
97
94
99
104
95
112
110
91
115
97
95
98
83
73
91
105
85
102
103
88
96
97
119
92
111
91
102
93
95
85
85
91
88
82
97
96
68
99
114
99
97
77
104
101
82
107
110
96
96
113
98
80
111
79
94
107
86
94
109
96
93
108
117
110
105
100
105
102
107
101
110
119
121
124
93
105
117
104
116
102
132
125
117
113
111
121
127
128
121
108
129
119
143
115
141
122
122
114
130
147
120
128
123
116
152
164
132
152
138
159
135
126
155
156
146
161
147
173
168
166
173
170
176
165
175
168
172
166
183
175
172
180
201
242
261
334
413
711
1069
1686
2505
3556
4622
6047
7057
7848
7966
7551
7142
6086
5014
3881
2940
2331
1691
1305
1050
822
610
536
419
331
238
210
185
153
114
116
76
103
97
91
72
61
68
63
59
66
73
69
63
66
65
78
59
58
61
58
51
52
60
66
61
55
56
55
57
64
46
60
44
46
53
65
74
50
55
65
43
49
70
54
58
43
60
49
54
58
59
51
55
64
52
70
49
47
55
77
51
47
59
48
55
58
54
41
59
47
62
62
61
53
55
55
52
58
52
54
60
49
50
45
49
51
55
54
60
47
49
47
49
43
49
37
49
48
56
47
38
48
41
47
46
45
33
41
58
53
38
48
41
53
50
48
45
40
45
47
42
39
53
50
43
52
50
43
38
36
46
45
51
45
39
45
44
43
45
51
35
47
34
43
43
58
33
32
41
45
40
40
46
42
44
43
52
33
35
52
44
34
38
25
43
49
49
38
42
38
34
47
26
30
31
45
31
51
37
43
42
45
27
39
43
25
31
44
32
22
44
39
33
29
25
35
29
33
28
29
31
35
30
37
32
25
44
29
38
30
33
33
25
31
37
39
30
19
37
28
38
33
31
37
26
28
29
35
30
31
33
25
30
31
32
28
26
29
27
27
37
28
42
30
31
20
34
23
23
46
26
40
25
31
21
32
31
27
30
24
25
21
34
32
22
30
29
31
28
28
25
27
28
31
26
30
23
31
22
33
32
24
23
33
25
25
14
29
18
17
20
34
20
25
24
23
18
20
22
27
23
22
22
13
32
28
29
28
29
29
35
26
23
17
25
14
29
22
32
20
21
20
21
21
24
24
33
20
19
26
33
21
26
28
19
23
21
19
24
20
26
22
17
22
21
25
18
11
23
21
19
21
13
22
19
23
15
19
21
16
22
22
27
21
11
18
17
16
30
22
23
25
23
25
30
13
9
10
22
16
25
23
20
18
18
20
21
26
17
24
19
12
17
13
26
18
17
16
19
21
20
24
19
18
18
21
19
16
23
19
20
22
14
16
17
21
19
24
18
22
13
23
18
19
16
17
14
13
16
15
21
18
20
22
19
21
12
19
28
20
25
21
16
14
13
18
13
15
28
24
13
22
25
22
17
20
15
12
18
17
16
32
22
24
16
22
20
11
22
22
21
11
17
14
11
21
21
23
15
19
19
19
14
16
19
22
21
27
10
19
26
18
16
14
25
29
20
17
20
26
18
17
18
16
13
16
11
27
22
14
10
25
12
16
17
13
20
20
15
16
16
20
17
15
20
12
21
21
23
17
14
22
23
18
20
19
13
19
13
28
17
19
18
21
21
14
12
21
25
14
9
22
18
17
22
16
18
20
15
18
20
18
20
21
21
14
19
20
17
25
17
17
16
15
13
14
15
15
17
18
18
21
18
16
21
17
16
14
18
11
24
11
15
20
14
25
9
5
15
20
17
16
25
21
18
16
19
13
25
20
21
15
11
16
21
20
9
26
19
10
19
16
19
14
14
12
21
22
22
17
15
17
15
8
22
15
11
16
10
16
19
20
26
13
12
16
23
20
17
17
13
20
19
17
10
20
23
24
18
14
14
15
19
18
17
12
13
13
19
15
15
12
18
16
21
21
16
13
14
20
19
21
14
17
26
20
18
22
26
28
24
26
21
20
20
29
23
22
28
19
27
23
30
35
42
29
29
28
34
37
31
46
35
35
42
49
34
54
39
35
45
41
49
58
52
38
43
47
45
55
49
49
50
48
42
57
63
55
59
52
72
52
45
61
66
58
67
82
75
64
70
85
80
69
79
72
69
72
80
82
90
82
98
96
88
100
104
96
105
114
117
99
154
132
154
175
213
327
437
694
1189
1696
2493
3503
4449
5505
6161
6705
6916
6676
5931
5146
4163
3312
2597
2039
1441
1155
861
640
538
328
290
237
170
134
106
77
56
49
37
23
29
22
18
13
8
8
3
8
10
8
9
5
8
6
7
3
8
10
5
8
5
2
6
6
9
2
5
10
7
9
8
5
3
4
7
2
3
7
5
4
4
6
9
7
6
1
4
6
9
1
6
4
9
6
8
3
4
0
3
4
5
4
3
4
8
6
3
11
4
2
5
5
4
3
5
8
1
2
1
3
2
2
5
2
3
4
5
3
7
6
4
6
7
6
1
4
4
4
1
1
3
8
2
4
7
7
3
3
8
6
3
3
7
6
5
1
5
3
4
2
6
6
4
4
3
3
3
3
1
1
6
3
8
5
5
2
4
5
3
3
5
5
3
5
3
2
4
1
6
1
2
4
4
7
8
6
6
4
4
2
4
1
3
4
4
4
7
3
5
6
4
5
3
2
6
2
5
8
5
3
4
5
3
4
5
1
4
4
7
7
4
1
3
1
1
6
7
3
2
3
4
4
3
5
4
3
4
6
2
6
8
2
8
3
5
5
6
2
3
3
3
2
9
5
2
2
4
3
4
7
5
5
2
4
5
8
1
4
4
5
4
3
6
3
3
3
5
2
4
2
4
4
7
5
4
6
4
4
4
6
3
0
2
3
11
1
3
4
3
2
2
5
1
7
2
6
3
0
5
5
7
5
1
4
5
4
2
5
3
5
1
5
5
6
7
4
3
3
7
2
2
3
6
4
4
3
3
3
2
4
1
2
2
8
4
7
2
5
4
1
3
2
0
6
3
2
4
4
6
8
4
4
5
2
5
4
4
2
3
4
8
2
7
6
4
1
2
1
8
3
4
4
1
2
7
8
3
4
4
5
6
5
3
2
6
5
4
4
3
5
2
4
8
0
1
3
3
6
4
2
5
3
4
10
3
1
8
3
4
1
6
3
4
5
1
7
7
5
6
7
3
3
1
1
4
2
1
4
2
1
2
1
3
2
4
2
1
2
2
3
6
3
1
3
4
1
3
4
2
1
3
1
2
2
4
3
2
5
3
2
3
2
5
4
6
3
4
6
6
4
2
1
4
5
5
4
1
3
1
7
2
3
3
1
5
3
6
2
3
3
4
2
3
2
3
4
3
5
2
3
6
5
1
3
3
2
3
2
6
4
3
2
1
3
0
3
3
3
2
6
2
3
3
2
0
6
8
1
1
5
2
4
1
2
7
0
2
3
4
0
5
2
2
1
6
2
2
2
2
3
2
3
6
2
3
3
3
5
1
1
8
8
3
4
2
3
2
3
5
3
3
0
2
7
6
7
4
4
5
2
5
3
3
3
5
1
3
9
6
7
3
1
0
4
3
1
0
3
4
0
4
4
3
3
7
3
2
3
7
5
3
1
3
7
3
2
4
4
3
4
8
8
1
5
2
4
4
4
2
5
2
4
5
4
5
6
3
8
5
15
15
23
25
38
56
71
53
60
59
50
52
45
34
35
20
15
15
12
6
7
5
4
7
5
4
5
1
1
4
6
4
0
2
2
3
0
3
5
2
4
5
1
3
4
4
3
2
2
6
4
4
4
2
1
0
3
1
2
1
4
2
3
4
3
2
4
2
0
2
3
1
2
7
1
4
1
3
2
2
0
0
0
3
3
4
2
1
2
3
3
3
0
3
4
2
2
4
1
1
4
3
3
2
5
4
1
6
4
4
5
2
3
1
9
1
5
1
2
5
5
5
4
2
1
2
4
2
6
2
4
1
6
2
2
5
0
2
2
4
6
2
5
3
4
1
4
2
2
5
8
6
5
3
1
3
2
1
2
1
1
6
3
2
0
4
2
1
5
1
2
3
1
4
4
3
3
1
3
1
2
6
2
3
11
2
0
2
6
6
2
0
5
3
4
3
6
1
2
4
2
4
6
4
2
1
1
1
1
2
6
1
5
2
3
3
0
3
1
3
2
3
2
2
5
4
5
3
3
0
1
1
4
3
6
3
4
1
0
1
1
3
2
3
1
2
9
2
4
4
7
5
4
4
2
3
3
4
6
4
1
5
5
4
2
1
1
3
4
2
1
0
7
4
2
1
2
6
1
1
3
3
1
2
0
1
2
2
5
2
3
4
2
5
2
2
1
4
8
2
0
0
1
1
2
3
2
1
4
7
3
2
3
5
2
1
4
5
0
4
1
3
3
3
1
4
2
3
6
3
4
2
5
4
3
1
3
1
3
5
3
4
2
3
4
5
0
3
2
2
4
1
2
1
4
4
4
0
2
1
5
4
3
1
1
2
3
1
4
4
3
4
2
1
1
4
4
2
0
2
5
1
2
4
2
4
3
2
1
2
3
3
3
1
1
2
1
4
7
1
2
2
3
0
3
2
3
4
4
4
4
0
3
4
3
2
3
3
6
3
3
2
3
2
1
2
2
3
1
2
3
1
5
1
2
4
3
0
2
2
4
5
6
2
2
4
4
0
2
1
3
3
6
2
3
3
4
1
0
3
1
2
0
3
3
1
2
1
1
1
1
0
2
2
3
1
2
3
2
4
4
1
1
2
2
2
3
1
2
3
2
4
0
1
3
5
0
2
1
1
3
0
1
2
1
1
3
5
0
1
1
4
2
1
1
3
1
3
5
2
5
2
3
2
2
3
0
1
1
4
1
0
8
1
2
0
3
3
1
4
1
1
1
1
5
1
4
2
1
3
2
3
2
2
1
0
3
3
3
2
3
0
1
3
2
2
0
4
2
4
0
1
2
1
0
2
2
2
3
0
3
2
2
2
4
2
2
1
0
2
4
2
1
4
5
4
4
1
2
0
1
3
1
2
0
2
2
1
0
4
3
2
1
2
6
1
1
3
1
3
1
3
3
2
2
3
3
4
3
0
1
3
1
3
2
2
1
1
2
0
2
2
1
2
3
2
0
1
3
3
2
1
2
5
4
3
4
4
3
0
2
1
3
3
4
0
4
1
3
3
4
0
2
3
2
2
3
7
1
2
2
1
2
3
3
0
1
0
3
3
1
2
1
1
0
3
2
0
3
5
1
3
1
1
2
2
6
1
0
5
0
2
2
2
3
0
46
45
50
62
53
42
53
63
54
58
61
55
62
53
62
55
45
53
56
48
51
60
64
54
53
56
52
49
46
51
60
51
47
43
43
58
50
53
48
50
43
43
51
53
61
45
56
41
59
40
35
40
56
59
47
45
39
46
40
44
52
54
55
53
64
57
51
40
49
50
58
38
63
44
56
57
40
35
48
45
55
50
44
52
52
39
65
55
61
46
53
47
51
53
42
52
49
63
51
39
51
56
46
46
39
42
41
48
50
42
45
48
43
39
45
48
41
43
47
53
41
55
52
40
57
53
49
24
