1331
1155
991
749
649
627
505
426
376
301
297
256
207
225
196
170
170
157
137
126
138
149
127
123
118
109
110
103
104
109
88
93
106
86
77
95
83
87
97
108
82
88
84
103
71
87
90
72
83
85
88
80
88
89
81
66
98
89
75
91
64
80
91
70
57
78
71
62
82
50
79
56
73
68
65
75
80
82
59
71
64
66
75
63
66
78
58
64
66
67
68
54
63
47
61
52
59
53
58
80
67
71
76
54
63
54
56
52
49
77
50
58
52
57
63
64
59
66
61
75
53
61
61
66
51
49
46
52
48
56
50
51
54
50
58
53
63
47
55
52
56
49
57
58
47
54
68
49
46
47
55
44
50
54
39
43
54
61
41
44
59
51
37
50
42
46
48
49
54
34
45
48
43
42
42
38
53
52
46
46
51
40
47
45
41
39
42
43
39
43
40
50
42
45
49
51
43
35
43
48
41
47
44
30
50
44
40
46
38
48
47
33
48
40
35
48
33
42
43
47
36
39
35
29
32
50
45
45
37
46
34
38
39
35
32
34
38
42
41
42
33
36
34
32
35
34
42
36
30
28
27
41
44
23
33
36
29
39
35
27
36
37
39
50
41
30
40
31
37
29
43
18
38
22
32
29
34
28
24
22
39
38
40
31
32
34
30
35
29
34
33
28
32
35
30
43
38
34
31
39
37
34
36
28
26
27
27
37
34
33
27
25
30
33
32
30
31
48
23
28
33
28
27
33
32
39
34
31
35
28
32
40
30
30
31
32
33
26
30
21
33
36
26
37
28
29
26
38
25
21
26
31
26
25
24
31
35
30
40
33
21
30
27
27
35
28
32
28
15
29
26
32
28
18
24
26
29
26
35
27
26
23
24
33
23
33
33
26
40
19
28
31
29
31
27
23
26
31
26
31
29
27
22
22
22
31
34
21
27
37
22
19
18
34
28
29
38
23
31
23
25
31
35
28
43
18
25
28
32
29
34
23
24
29
29
32
20
21
22
33
28
18
23
26
29
21
26
28
19
36
30
27
33
25
24
22
31
32
21
29
24
25
23
23
22
23
21
28
38
26
26
19
32
25
30
21
23
28
25
25
21
18
24
30
25
28
32
24
22
24
33
25
35
24
25
19
29
14
27
28
21
24
40
29
28
27
26
34
25
42
35
27
24
29
23
31
25
23
13
27
23
27
27
32
18
28
23
29
20
24
26
19
23
23
20
23
23
21
28
17
19
28
28
28
17
21
29
20
22
18
26
23
15
22
32
31
17
19
19
17
22
26
24
20
23
31
27
21
27
20
16
10
20
25
26
16
18
26
25
19
18
17
19
28
18
27
15
15
28
24
24
13
26
32
25
19
33
18
13
14
27
29
17
22
25
24
23
29
26
16
20
23
22
28
20
22
22
21
15
18
25
20
19
26
17
19
27
24
21
23
24
18
23
22
19
29
20
24
23
17
20
17
22
23
19
27
23
13
21
17
20
21
24
32
18
25
25
24
17
18
24
30
19
18
19
25
27
19
11
27
31
24
13
23
19
20
31
22
26
24
22
13
12
26
15
23
21
22
19
17
19
17
19
25
23
26
23
14
15
19
23
18
27
23
18
20
24
13
20
20
20
20
22
19
19
13
24
17
18
25
13
21
15
19
15
14
20
16
31
21
25
23
14
17
19
20
19
21
17
27
25
15
20
22
17
12
23
15
25
19
14
19
26
14
11
15
13
26
20
17
20
22
18
22
21
18
18
20
13
22
28
18
25
30
13
14
13
17
24
16
27
22
20
12
23
23
15
21
19
20
28
17
20
23
19
11
21
22
13
22
19
21
21
13
16
29
17
24
15
17
24
21
16
16
20
13
21
22
18
20
18
22
24
19
12
21
23
17
18
19
12
16
23
12
21
23
16
17
18
16
22
16
20
18
18
17
17
24
18
11
16
18
23
23
22
26
16
19
19
19
22
15
16
23
14
20
18
19
22
11
20
17
19
19
19
15
15
19
14
17
10
24
22
19
26
19
18
27
12
22
18
17
16
18
13
20
14
13
11
24
16
20
14
19
12
18
24
14
20
12
21
14
15
23
26
17
16
15
14
25
18
20
22
28
19
17
18
21
15
17
14
16
17
11
16
14
13
21
13
9
13
17
12
22
18
18
23
19
21
15
23
21
17
9
21
15
14
19
16
17
17
16
18
12
18
14
14
17
12
18
22
12
11
11
15
13
15
18
18
17
14
15
15
15
16
20
14
18
19
19
16
15
16
17
14
18
8
17
19
19
18
14
15
16
12
14
8
17
14
15
11
17
15
13
21
17
12
22
15
21
21
14
6
13
18
27
12
18
18
16
15
19
17
21
13
9
16
14
10
14
13
21
10
14
24
23
13
24
15
17
20
15
26
12
17
13
23
12
17
14
21
14
21
15
17
23
14
10
18
13
15
21
15
14
16
17
12
16
16
13
17
20
12
13
15
14
18
18
16
16
15
16
16
12
15
18
15
12
17
7
10
14
13
11
16
16
16
16
15
12
12
18
13
12
11
19
16
15
14
14
16
15
14
14
18
23
17
18
11
15
16
14
15
13
15
13
15
13
16
14
10
18
15
25
29
16
17
11
17
22
12
17
20
15
15
17
14
14
14
16
18
25
11
19
23
9
15
12
12
11
11
11
12
18
11
10
13
17
14
13
19
15
8
10
21
12
10
14
10
17
11
14
15
25
10
18
16
10
11
19
16
13
16
8
16
13
22
16
11
18
14
14
16
18
8
14
21
20
15
20
11
14
20
19
16
19
21
15
13
20
10
11
17
15
13
18
16
17
10
11
16
24
20
18
12
20
16
15
9
12
17
14
21
20
21
8
14
11
15
14
7
16
19
14
16
16
11
17
16
14
12
11
10
14
14
21
7
9
15
5
4
9
19
17
8
10
12
14
10
6
8
16
13
10
15
12
5
22
18
15
11
9
13
16
12
14
13
15
9
18
13
18
11
14
10
13
14
12
14
12
9
8
19
13
13
13
12
12
11
9
16
11
10
21
7
10
11
7
24
15
11
15
8
7
19
9
16
13
12
14
12
11
18
17
18
13
18
11
12
19
9
12
19
14
7
10
12
14
12
9
9
4
8
7
14
13
8
14
13
10
11
11
17
18
12
11
19
16
16
13
14
12
10
7
13
9
9
11
12
11
12
16
15
10
12
10
9
12
16
14
11
12
11
12
10
12
9
12
10
15
10
10
14
14
13
14
11
9
9
7
11
7
9
13
16
13
17
11
17
10
6
11
12
5
12
15
14
14
11
12
13
9
13
13
14
11
12
15
8
16
20
11
11
16
8
12
15
16
8
11
19
18
11
8
14
8
8
11
13
13
15
17
14
11
14
6
9
6
8
10
12
14
9
8
9
12
14
17
10
11
8
10
8
14
16
10
11
18
8
8
12
8
15
13
13
12
15
12
14
10
12
10
12
14
13
6
13
9
17
18
13
11
12
11
22
8
18
11
6
11
10
12
8
10
7
16
10
7
16
12
13
11
10
10
8
14
10
12
13
7
5
6
11
9
9
10
9
9
12
8
17
12
4
10
11
16
7
14
11
15
16
13
12
11
10
11
13
15
18
8
9
8
6
7
14
12
14
14
10
11
13
11
14
9
17
10
12
11
12
10
12
11
13
12
13
9
9
13
11
17
6
13
9
9
12
12
11
15
7
5
11
12
9
11
17
7
13
8
10
6
15
12
15
12
11
9
10
10
7
13
6
10
8
5
13
10
6
10
5
11
12
9
13
9
13
14
16
4
20
16
12
8
16
8
9
10
7
6
9
9
7
11
15
7
11
6
10
7
5
8
8
5
5
9
12
6
8
14
14
12
7
11
11
11
10
11
9
8
14
9
9
14
10
8
10
15
15
9
19
14
12
7
8
10
10
7
17
7
15
5
7
8
4
10
8
10
12
12
10
11
11
10
7
11
6
7
13
10
10
14
8
8
12
12
8
13
7
14
11
10
11
14
11
19
4
11
14
9
11
6
12
9
8
12
8
10
6
8
8
4
8
14
7
9
11
11
9
7
6
10
6
6
10
7
6
9
11
8
10
6
7
8
10
11
11
10
8
5
7
13
7
26
8
13
3
12
11
12
11
6
2
4
10
4
10
6
6
10
13
5
11
15
11
6
14
7
17
4
12
8
11
6
7
12
9
6
9
15
9
14
13
9
14
20
8
8
7
9
12
9
10
9
13
6
9
7
13
14
11
9
8
6
8
8
10
10
9
6
12
13
14
9
11
13
11
4
10
8
9
16
13
7
4
9
7
7
15
11
11
11
18
10
11
12
9
8
12
13
9
12
13
9
5
14
15
14
13
8
5
11
8
5
12
15
13
8
12
6
11
8
6
13
13
10
8
9
8
15
10
12
14
8
9
9
11
9
7
9
10
13
11
9
12
6
6
10
10
10
4
14
7
7
7
9
16
9
11
7
11
6
9
6
6
6
13
12
8
8
5
11
11
15
8
14
11
8
3
6
9
8
9
13
5
5
7
8
14
14
9
11
5
7
8
11
8
9
7
10
13
5
8
10
7
9
12
8
4
8
8
11
14
8
12
13
12
8
7
7
7
9
11
12
7
9
11
5
7
8
5
8
9
12
8
9
7
9
11
9
8
8
13
8
4
10
14
10
13
11
14
6
10
8
6
9
7
10
9
6
11
14
8
11
8
12
9
10
5
11
12
4
15
7
11
5
9
7
8
11
8
5
11
6
9
5
8
13
6
10
3
7
9
15
6
13
10
8
8
4
6
7
14
10
10
8
6
9
6
10
8
9
7
3
6
11
8
7
14
5
3
11
10
5
7
5
10
13
6
11
9
8
8
6
5
8
9
13
7
13
2
8
9
9
8
14
13
9
8
9
12
12
12
5
11
8
14
5
9
12
4
9
14
6
7
7
6
10
7
5
12
8
7
5
5
9
10
8
8
12
12
11
8
9
11
8
14
7
6
6
8
14
7
11
8
8
7
10
8
13
8
9
1
10
10
5
7
7
8
3
16
8
5
9
9
11
12
10
2
5
9
13
11
10
6
7
4
10
4
6
4
4
4
9
7
8
5
8
7
6
12
5
9
6
4
6
18
3
7
6
9
3
12
5
6
13
7
5
10
9
6
6
9
7
9
4
6
4
11
7
10
14
7
8
6
8
8
9
7
4
7
8
8
9
4
4
7
7
5
11
8
3
9
13
10
5
7
8
7
5
6
7
13
6
5
8
5
10
11
7
8
7
8
10
17
10
11
8
11
17
5
7
9
12
9
11
10
5
5
10
8
4
8
9
7
11
7
6
8
12
9
7
10
5
6
7
8
10
11
5
7
11
7
7
11
9
10
5
11
10
16
9
4
9
5
8
8
8
10
12
5
6
7
8
7
10
13
7
14
13
9
9
3
11
7
10
7
10
3
9
2
8
4
7
6
8
7
6
14
9
4
7
9
9
7
10
11
9
7
8
4
9
4
8
9
6
10
8
6
5
7
7
7
12
10
11
5
8
6
8
8
8
4
4
3
6
7
11
18
5
13
10
5
7
10
8
9
10
13
11
10
6
6
4
8
6
7
11
6
6
5
10
6
5
11
15
11
10
8
10
6
10
4
7
7
5
4
5
5
10
7
9
8
6
14
15
10
9
7
9
7
9
7
4
6
10
3
4
7
6
5
9
9
7
5
11
10
11
7
5
7
9
12
4
8
7
10
9
5
4
4
4
11
9
5
5
10
7
8
10
4
5
6
8
7
7
8
8
6
7
6
6
8
9
5
5
9
10
11
8
9
7
10
6
6
10
5
12
8
8
6
8
4
7
9
5
10
3
7
4
10
9
5
6
9
8
6
8
6
10
0
9
7
7
6
8
13
5
8
5
3
7
7
7
7
4
12
13
7
6
6
7
13
10
8
6
9
9
7
7
15
8
5
9
7
8
7
7
9
6
7
3
5
8
7
10
5
9
5
9
11
3
4
7
6
12
9
10
3
4
4
12
6
7
4
5
8
5
6
6
4
9
15
8
6
7
6
4
7
5
8
3
10
6
8
6
10
7
4
8
9
13
6
6
8
8
8
7
5
10
2
8
4
8
9
12
10
5
8
8
9
5
3
7
5
9
8
12
6
6
3
10
6
8
5
10
6
5
10
7
11
9
8
1
8
5
6
13
8
6
7
7
7
7
5
3
7
9
7
7
13
6
6
9
4
4
8
9
4
3
11
9
4
6
5
11
10
8
4
12
13
6
10
8
10
5
1
9
10
5
8
9
10
10
5
11
6
7
9
10
6
7
4
9
8
5
6
8
5
7
10
11
6
12
12
10
9
12
10
5
9
6
11
12
5
3
6
4
7
6
4
10
7
7
9
5
7
4
5
11
9
4
5
5
2
10
9
8
6
13
3
7
9
2
4
8
7
16
6
14
7
7
3
6
12
3
4
11
9
5
12
4
7
4
10
10
7
9
5
7
7
9
12
9
5
8
6
5
10
7
7
5
8
8
2
3
5
6
6
4
11
4
9
3
3
9
10
4
7
1
10
10
5
7
6
7
6
5
8
8
8
4
4
15
4
11
5
5
10
8
7
9
6
5
9
11
7
9
6
6
9
13
6
6
3
8
5
7
8
12
5
6
4
10
6
4
6
4
7
6
5
8
11
9
5
8
8
3
7
8
10
11
5
6
8
7
4
11
11
4
5
8
3
5
11
5
5
2
7
7
5
7
2
5
6
7
4
5
9
4
5
7
10
6
7
5
3
9
3
4
6
8
8
8
11
3
10
9
3
9
10
9
5
3
5
5
5
5
7
5
6
4
10
8
7
5
5
11
9
10
3
3
8
4
4
4
11
2
8
8
4
9
9
5
5
2
3
7
4
4
2
6
10
8
5
8
4
5
3
5
7
5
9
4
4
4
4
9
10
7
12
2
7
7
4
7
8
6
5
8
10
1
6
9
8
9
7
8
9
4
11
5
6
9
8
5
7
11
9
4
6
2
7
3
3
0
4
5
3
5
8
7
8
5
6
8
7
2
9
5
8
7
5
9
10
14
10
8
4
7
10
4
6
7
4
8
5
5
6
8
6
7
10
2
9
11
7
8
9
5
6
5
7
8
7
2
8
5
3
5
5
8
5
4
4
6
2
9
7
9
8
9
3
5
7
5
5
5
8
2
6
6
6
9
6
7
13
11
8
11
7
3
10
8
5
7
7
4
11
11
5
1
6
7
2
10
10
4
2
5
9
10
1
6
6
13
12
9
2
7
5
8
3
10
8
14
7
3
9
5
6
6
6
3
2
3
4
6
7
5
6
6
4
8
5
14
4
5
6
5
8
7
6
9
6
4
5
1
9
5
5
4
11
5
4
5
7
3
5
5
8
5
6
9
8
11
8
4
4
3
8
10
7
3
6
11
8
6
7
6
10
5
7
10
12
6
6
3
5
3
7
6
6
10
4
8
7
7
6
12
9
3
8
5
11
8
4
6
9
8
8
15
7
4
7
4
6
3
7
5
10
9
5
7
6
5
6
7
8
12
11
1
5
4
4
5
4
7
7
6
9
8
7
10
7
6
11
7
7
6
8
6
9
7
3
5
11
6
8
8
4
10
11
10
4
11
4
5
14
10
6
6
8
5
4
7
9
6
7
2
6
7
2
3
7
6
7
3
6
10
8
6
7
4
8
10
8
7
4
3
6
2
9
6
6
7
6
4
7
12
10
10
4
6
1
6
14
6
1
10
2
4
6
5
4
7
7
6
8
6
9
6
6
7
8
2
5
5
15
3
6
7
10
6
6
5
7
5
9
6
3
8
3
9
10
2
7
9
5
13
7
8
3
7
9
9
7
9
7
6
6
6
4
9
11
6
6
3
8
8
6
7
10
3
3
4
6
6
12
5
4
7
6
1
2
7
3
7
4
6
6
4
4
12
4
8
8
1
11
5
4
5
7
6
6
5
3
5
8
2
7
4
6
7
5
6
6
7
4
7
6
3
7
6
11
11
9
4
6
5
4
3
7
6
1
9
7
8
5
6
6
6
4
5
5
9
4
7
3
5
4
2
5
7
6
5
10
9
8
4
6
6
6
6
9
5
8
5
4
8
6
5
9
12
4
11
7
8
7
7
8
7
4
6
5
4
3
5
5
6
5
4
3
4
9
5
6
6
5
6
8
5
3
5
9
7
4
3
7
7
3
4
5
6
7
11
8
5
8
6
8
8
9
5
7
9
2
5
3
9
2
6
9
5
5
5
3
4
5
6
6
5
10
4
2
9
8
5
5
9
4
3
7
7
9
8
6
8
8
7
10
7
9
5
9
7
7
8
5
5
8
4
3
5
10
4
5
11
7
5
4
8
11
9
9
7
3
12
9
6
5
6
9
2
2
3
5
5
4
8
3
5
4
10
6
5
4
5
7
11
5
6
3
8
6
3
3
5
10
6
8
3
6
5
4
7
10
5
3
14
6
8
6
7
4
5
6
8
5
6
4
10
9
7
4
6
3
4
5
3
7
4
2
4
3
7
2
4
3
10
6
4
6
5
6
4
6
8
5
6
6
6
4
5
5
11
3
3
8
7
8
4
9
4
7
5
6
5
9
3
12
4
5
5
10
5
3
5
4
5
5
7
6
3
7
6
2
10
8
3
7
4
6
9
8
7
7
4
5
6
8
4
5
8
6
9
5
6
12
3
8
6
5
6
10
4
3
4
6
7
4
5
3
3
5
9
5
8
6
5
3
6
3
3
5
4
5
4
6
6
5
9
6
6
8
8
5
10
10
11
6
2
5
1
6
10
7
3
5
11
7
3
9
8
7
7
7
6
8
2
6
6
2
2
7
3
4
10
8
3
7
3
4
4
7
4
2
11
10
5
8
4
6
7
5
5
7
7
6
8
10
7
8
6
9
8
7
8
8
7
6
9
6
8
11
5
6
7
1
6
8
14
9
5
3
7
3
8
6
13
5
6
5
6
10
1
5
10
5
3
8
5
7
9
7
4
8
9
3
5
5
5
6
13
4
4
7
4
9
9
5
17
5
4
4
7
6
7
0
2
8
4
4
9
7
9
8
5
3
3
7
3
9
5
2
6
6
10
5
9
2
2
11
5
4
6
4
1
4
10
9
5
3
6
10
7
14
7
2
8
4
9
4
4
9
6
5
4
12
4
6
4
4
7
6
6
8
5
4
4
7
4
7
6
7
3
4
9
6
8
2
6
11
4
3
5
9
5
3
6
1
12
4
7
11
6
4
9
9
6
5
4
6
4
2
2
7
5
7
8
8
5
5
5
9
5
7
11
4
9
7
5
8
2
11
6
5
10
5
6
7
10
1
4
5
9
4
6
8
4
4
7
7
1
6
5
3
6
8
3
5
6
4
8
7
4
5
5
8
2
8
12
4
4
1
5
2
5
5
7
4
4
4
6
4
8
9
4
8
10
9
6
6
7
6
3
2
4
8
4
6
10
7
3
5
9
3
5
3
10
3
3
6
5
4
9
5
5
9
5
6
7
6
2
5
13
3
4
7
7
10
6
9
6
3
8
3
10
4
3
10
3
6
11
5
8
6
3
0
4
7
2
5
5
6
7
8
8
8
9
3
7
5
7
6
6
6
3
6
8
6
7
4
6
6
9
2
5
4
9
3
8
5
6
5
9
9
8
10
10
5
4
5
8
9
7
3
5
6
6
3
10
5
7
8
9
6
4
12
4
10
5
8
7
5
4
5
8
7
3
6
5
4
4
5
8
6
6
4
2
3
4
3
5
3
8
8
5
11
3
8
10
7
4
6
5
4
3
4
8
5
4
5
5
3
8
6
2
6
8
9
4
13
8
11
5
2
6
9
3
9
9
4
7
6
6
1
4
5
8
5
4
4
5
5
3
4
4
1
9
5
10
9
3
7
2
2
3
5
6
8
2
12
7
6
6
7
4
5
5
5
9
5
8
3
4
5
11
6
8
6
8
6
6
5
9
9
9
12
6
11
5
6
5
5
12
3
5
9
2
6
3
3
6
3
4
3
3
8
5
4
9
5
6
10
3
1
12
12
6
6
3
7
5
3
4
5
8
4
11
7
3
2
7
2
7
2
3
9
3
7
9
2
5
8
0
6
2
5
7
5
6
7
9
5
6
9
3
4
5
5
8
14
9
6
8
1
6
2
9
2
2
6
5
2
5
10
6
12
6
6
6
4
7
6
4
7
10
4
3
6
7
7
5
7
3
5
5
5
2
5
4
8
6
5
10
4
7
3
7
6
6
2
6
11
10
6
3
7
5
4
6
9
4
3
0
3
6
6
2
4
8
8
2
2
6
6
10
6
5
4
2
8
6
5
10
5
3
3
7
11
5
1
4
3
4
4
8
9
4
8
4
8
6
6
5
3
7
3
7
5
6
1
4
8
7
2
4
9
6
7
9
7
5
5
4
10
6
5
9
3
5
7
10
6
8
5
7
6
4
4
5
4
4
4
4
4
4
9
8
9
6
7
9
8
2
9
7
7
3
6
9
3
7
7
5
6
7
10
7
4
4
2
6
5
6
4
4
6
8
5
2
3
6
7
6
12
6
4
4
9
8
8
2
7
5
8
3
3
4
5
4
6
7
5
2
7
6
5
4
9
6
4
7
9
5
8
10
5
4
4
6
9
8
4
10
4
5
5
7
9
8
5
3
4
8
3
9
8
4
7
7
4
2
6
3
11
7
1
3
3
6
3
3
7
2
2
7
11
7
6
6
7
8
4
4
7
3
6
6
3
6
4
9
3
3
4
8
8
7
8
2
6
4
3
3
8
9
14
9
8
9
7
4
8
9
8
6
4
4
4
4
11
3
4
1
5
2
3
3
7
4
5
3
6
6
3
5
5
12
7
7
8
4
8
4
5
3
7
1
4
8
3
5
8
5
4
2
6
7
0
6
6
5
6
4
6
8
5
5
6
7
6
9
3
9
7
10
2
12
8
7
3
7
11
10
5
6
6
2
5
6
8
4
7
8
3
3
5
7
4
4
5
5
4
4
7
7
3
5
4
2
9
4
7
8
5
3
6
10
4
6
11
3
3
8
7
13
7
6
3
6
9
6
4
8
6
6
5
6
4
4
3
3
3
3
5
5
2
2
3
4
6
3
4
8
5
7
3
3
7
8
4
8
7
4
7
7
6
3
3
10
5
4
8
8
2
7
8
3
8
3
6
6
6
6
5
3
12
8
2
4
3
8
5
5
6
2
5
5
7
4
4
3
3
1
5
5
9
7
8
7
5
1
4
7
7
2
2
8
5
3
7
5
2
4
5
7
6
3
2
6
5
6
4
6
3
3
1
2
1
7
7
7
2
10
3
8
5
8
5
7
5
5
2
5
2
5
7
3
4
6
3
7
8
7
4
4
2
3
4
4
2
7
7
4
7
6
2
5
4
4
5
5
8
5
4
5
9
4
7
4
1
3
6
8
0
4
3
9
5
5
9
3
4
5
7
5
5
3
7
6
2
3
8
3
4
6
6
1
6
4
4
0
5
6
6
5
6
7
6
8
5
1
3
4
8
7
4
9
6
3
7
5
6
11
4
5
2
2
5
7
4
6
3
9
6
6
6
7
6
9
7
3
7
2
5
7
3
3
5
3
4
4
3
9
8
4
6
8
6
2
2
6
4
8
5
7
2
5
5
7
4
5
4
3
7
8
3
6
7
4
8
4
5
5
3
0
2
4
5
1
4
4
6
1
3
8
7
5
5
4
3
5
5
5
8
5
5
5
6
8
2
4
6
2
4
4
7
3
5
10
3
5
3
5
4
9
5
2
7
7
3
5
6
4
3
4
4
3
7
11
5
3
6
7
3
6
6
3
5
5
5
4
0
4
7
5
6
5
2
7
6
2
4
4
1
3
4
5
2
5
3
1
2
4
5
9
3
4
2
8
4
6
1
5
5
2
2
4
3
2
4
6
8
9
6
3
1
6
7
6
5
1
3
6
3
2
5
4
5
4
5
4
3
5
2
5
1
2
2
3
3
3
4
6
3
4
3
3
5
3
3
3
5
4
5
3
0
5
2
5
4
4
6
4
1
7
3
5
6
4
7
5
3
2
6
7
4
5
4
8
4
4
7
4
6
4
7
6
3
4
4
8
3
7
4
6
5
2
5
8
2
3
3
3
3
3
6
5
3
3
6
5
3
4
2
6
5
4
3
7
8
3
6
3
7
2
1
2
2
6
6
10
5
6
6
5
8
10
3
2
3
9
3
7
5
4
7
7
8
5
8
5
4
4
2
3
4
3
5
9
5
4
5
7
7
5
7
4
3
2
5
7
5
2
3
6
3
4
0
5
6
5
4
7
1
8
2
3
5
4
6
4
1
3
7
8
7
6
3
1
5
6
1
2
6
3
4
3
4
6
1
5
6
6
3
4
4
2
5
6
7
4
4
6
3
6
4
3
4
7
3
6
3
3
8
3
6
3
9
3
3
2
6
4
5
7
6
8
2
3
6
2
4
5
2
2
6
5
3
3
4
4
5
5
3
9
5
3
3
4
5
4
8
6
4
4
4
6
1
3
3
7
2
4
6
6
6
3
6
3
3
2
6
4
4
5
7
3
5
5
4
9
11
7
7
6
6
4
5
3
5
4
3
2
9
6
9
5
1
3
3
6
6
6
2
4
5
1
4
6
5
2
5
4
4
5
8
6
2
3
5
8
4
4
8
5
3
3
4
2
7
2
4
8
5
6
0
5
0
7
6
5
6
4
2
5
1
2
3
7
5
3
2
7
3
7
4
4
6
5
7
5
5
3
4
9
2
6
4
2
3
6
4
8
3
1
2
3
7
2
5
0
5
5
1
3
3
1
4
7
7
8
2
4
3
2
4
5
5
7
4
4
8
2
7
2
4
3
0
3
6
5
7
7
4
5
3
3
2
3
4
6
0
4
3
5
5
4
9
3
5
3
4
7
4
4
4
5
2
4
3
5
8
4
5
6
3
4
3
1
8
5
5
4
6
5
2
4
4
6
3
0
2
3
7
4
1
5
6
0
6
8
2
5
6
5
3
8
4
2
2
5
4
4
4
4
4
1
4
0
5
5
2
2
3
3
8
5
5
4
7
4
3
6
3
1
4
4
6
6
3
1
4
4
2
3
0
5
3
2
2
7
1
5
7
7
5
6
6
4
2
0
9
1
9
2
3
3
4
4
1
8
5
1
3
6
2
1
3
2
4
1
5
3
7
7
3
4
4
4
5
2
7
5
5
1
4
3
7
4
5
7
5
3
7
2
3
5
8
3
6
5
5
9
2
5
3
6
4
4
3
2
1
2
4
6
8
7
4
5
7
7
6
7
1
7
8
4
4
3
4
5
3
8
6
3
3
8
7
9
5
5
5
10
12
5
15
18
20
18
21
16
18
35
28
28
28
27
27
24
16
32
15
21
14
14
11
11
10
8
4
3
4
2
5
5
0
4
3
4
3
2
2
4
6
4
3
2
3
4
3
4
1
2
4
2
1
2
4
1
2
3
3
4
2
1
5
2
2
3
3
2
1
4
3
4
2
4
2
0
0
2
2
4
1
7
1
4
3
4
4
3
2
3
1
1
2
4
6
2
5
2
4
5
0
3
2
5
2
4
1
1
2
2
1
0
3
3
2
3
4
3
3
1
4
3
5
6
5
4
3
4
0
2
2
2
1
3
4
5
3
1
2
5
4
1
4
2
2
2
6
2
5
1
1
2
5
6
5
2
3
4
4
4
3
1
5
3
5
6
3
8
3
3
8
4
2
3
5
2
6
3
7
1
7
2
5
7
4
4
3
6
3
3
3
4
6
5
4
7
1
4
5
5
5
1
2
12
1
5
3
2
2
4
9
3
2
4
2
6
3
3
5
5
8
3
4
6
8
5
5
3
8
7
6
6
5
3
8
10
9
4
7
5
5
4
2
4
5
0
1
0
3
0
2
3
3
1
0
3
0
2
3
3
2
3
2
1
3
2
1
2
1
1
0
1
3
0
1
4
0
4
0
1
1
1
0
1
0
2
1
4
0
1
2
1
1
0
0
1
1
1
1
0
3
1
2
2
0
3
0
1
1
2
1
1
1
0
0
4
0
1
2
3
0
3
0
0
3
1
1
0
0
0
1
2
1
1
1
2
2
1
2
2
2
2
1
0
2
1
0
2
0
0
0
4
0
1
0
2
2
2
1
2
1
1
3
3
2
0
3
0
0
1
1
4
1
3
2
1
0
1
0
4
0
3
0
3
2
0
2
2
3
2
2
1
0
1
1
1
0
2
2
3
1
2
1
1
1
0
0
2
1
2
4
1
2
4
0
1
0
0
0
1
2
1
2
3
2
3
1
2
2
1
2
3
0
1
0
2
0
0
1
1
0
2
3
0
1
1
5
1
0
4
0
1
1
3
3
0
1
0
2
2
0
3
0
1
2
2
2
0
1
0
1
2
4
1
1
3
2
1
2
0
1
1
3
0
2
0
2
1
0
4
2
0
1
0
0
1
0
3
0
1
0
0
2
1
3
1
1
1
1
1
2
1
0
1
0
0
1
0
2
2
1
0
2
1
0
1
2
2
1
0
2
1
1
2
0
0
1
1
0
1
2
1
2
3
2
1
0
2
1
0
0
1
0
0
1
0
1
3
3
0
1
1
2
4
1
6
1
1
1
0
1
3
3
3
2
2
1
0
2
3
0
1
0
1
0
0
3
4
1
1
1
0
3
2
0
2
3
1
0
1
2
2
0
0
0
0
3
3
0
2
0
2
0
0
1
1
2
1
2
1
0
0
1
0
1
0
1
2
3
1
3
1
0
2
0
2
1
2
2
0
0
0
1
2
2
2
1
2
1
0
1
3
0
0
2
1
2
0
3
1
2
0
2
1
3
2
0
1
1
1
4
4
1
0
2
3
1
2
0
0
1
2
0
3
3
0
1
1
0
0
0
1
0
2
0
0
2
2
5
3
2
2
2
4
0
3
5
0
2
1
1
3
2
3
2
1
1
2
1
0
0
1
2
3
1
2
0
2
0
4
0
0
2
1
3
1
2
3
3
3
3
5
4
0
3
2
4
1
1
0
2
4
2
3
0
2
1
3
2
5
3
2
3
1
0
2
3
1
3
1
2
2
0
7
2
8
4
5
1
3
3
5
2
4
2
3
4
3
1
4
4
4
7
3
8
5
3
1
1
9
8
6
5
3
2
3
10
8
5
5
4
9
11
13
17
11
12
29
40
47
52
58
57
56
59
60
68
58
42
26
40
29
23
18
17
7
9
7
9
2
6
3
8
3
3
3
0
2
6
4
3
3
1
0
1
1
1
4
2
2
0
1
1
0
0
1
3
0
0
1
2
2
0
3
2
0
0
1
2
2
0
0
0
2
0
2
3
2
2
2
2
2
0
1
1
2
2
1
1
3
1
0
2
2
4
1
3
0
1
3
2
2
2
0
5
1
2
1
2
3
4
1
2
2
1
3
0
1
1
1
2
4
1
1
0
1
1
1
0
1
0
6
1
0
2
0
3
2
1
1
4
1
0
0
0
3
3
0
1
4
0
0
1
4
0
0
2
2
1
3
4
3
0
0
1
0
1
4
2
1
6
2
3
1
1
2
1
3
3
2
3
0
1
3
0
4
4
2
2
1
1
1
1
4
0
1
1
4
2
3
2
4
5
2
1
3
4
2
3
1
2
3
2
1
2
4
1
2
2
3
3
2
3
2
2
5
2
0
4
2
7
5
3
6
5
6
4
4
4
5
5
3
2
0
3
3
1
0
0
1
1
0
0
0
1
0
1
1
0
0
1
0
0
0
0
0
1
2
0
0
0
0
0
0
0
0
0
0
1
1
0
1
0
1
0
0
0
0
0
1
0
0
0
0
0
1
0
1
0
0
0
0
0
0
0
0
1
2
0
1
0
0
0
0
0
0
0
1
0
1
0
0
0
0
0
0
1
0
1
0
0
0
0
1
1
1
1
0
0
0
1
0
0
0
2
0
0
0
0
1
0
0
0
0
0
0
0
0
2
0
0
1
2
1
0
0
0
0
0
0
0
1
2
0
0
0
0
0
0
1
0
0
0
0
0
0
0
1
0
0
0
0
0
1
1
1
0
0
0
1
0
0
0
0
0
0
0
1
0
1
1
2
0
0
0
0
0
0
0
0
0
0
0
0
0
1
0
0
1
1
1
0
0
0
0
1
0
0
2
1
0
0
2
0
0
0
0
0
1
1
0
1
1
1
0
0
0
0
1
1
1
0
0
0
0
0
0
0
0
0
0
0
0
1
0
0
0
1
0
1
0
0
0
1
0
0
0
0
1
0
0
0
0
0
2
0
0
0
1
0
1
0
0
1
0
1
0
1
0
0
0
1
0
0
0
0
1
1
1
0
0
0
0
0
1
0
0
0
0
0
0
0
0
0
0
0
0
0
0
0
0
0
0
1
0
0
0
0
0
0
0
0
1
0
0
0
0
0
0
0
0
0
0
0
0
0
0
0
0
0
0
0
0
0
0
0
1
1
0
0
0
0
0
0
1
1
1
0
0
0
0
0
0
0
0
0
0
1
0
0
0
0
0
0
1
0
0
0
1
0
1
1
1
0
1
0
1
1
0
1
0
1
0
0
1
0
0
0
0
1
0
0
0
0
0
0
0
0
0
0
0
0
0
0
1
0
0
2
0
0
0
0
0
0
0
1
1
0
0
2
0
1
1
0
2
2
0
0
0
0
1
0
1
0
0
0
0
0
0
0
0
0
0
0
0
0
0
0
0
1
0
0
1
2
0
0
0
0
0
1
0
0
0
0
0
0
0
0
0
0
0
0
0
1
0
0
1
0
0
0
0
0
0
0
1
0
0
0
1
0
0
0
0
1
0
0
0
0
1
0
0
0
1
0
0
0
0
0
0
0
0
0
0
0
0
1
0
0
0
0
0
0
0
0
0
0
0
0
0
0
1
2
0
0
0
0
0
0
0
1
0
0
1
0
0
0
0
0
0
0
0
0
0
0
0
0
1
0
0
0
0
0
0
0
1
0
0
0
0
0
1
0
0
0
0
0
0
0
0
0
0
0
0
0
0
0
2
0
0
0
0
0
1
1
0
0
0
0
1
0
1
0
0
0
0
0
1
0
0
0
0
0
0
0
0
0
2
0
0
0
1
1
0
0
0
0
0
0
0
0
0
1
0
0
0
0
0
0
0
0
0
0
0
0
1
1
1
0
1
0
0
0
1
2
1
0
1
0
0
1
0
0
0
0
0
0
0
0
0
0
0
0
0
0
1
0
0
0
0
0
1
0
1
0
0
0
1
0
0
0
0
0
0
0
1
0
0
0
0
0
0
0
0
0
0
0
1
0
0
0
1
0
0
0
1
0
0
0
2
0
0
0
1
1
0
0
0
1
0
0
1
0
0
1
0
0
0
0
1
0
0
0
0
0
0
0
0
0
0
0
0
0
0
0
0
1
0
0
2
0
0
0
0
0
1
0
1
0
1
0
0
0
0
0
0
0
0
1
0
0
1
0
0
0
0
0
0
0
0
0
0
1
0
0
0
1
0
0
0
0
0
0
0
0
0
0
0
1
0
0
0
0
0
0
0
0
0
0
0
0
0
0
0
0
0
0
0
0
0
0
0
0
0
0
0
1
0
0
0
0
0
0
0
1
0
0
0
1
0
0
0
0
0
0
0
0
1
1
0
0
0
1
0
0
0
0
0
1
1
0
0
0
0
0
1
1
0
0
1
0
0
1
0
0
1
0
0
0
0
0
1
0
0
0
0
0
2
1
1
0
0
0
0
0
0
0
0
0
0
0
0
0
0
0
0
0
0
0
1
0
0
0
0
0
0
0
0
0
0
0
0
0
0
0
0
0
0
1
0
0
0
0
0
0
0
0
0
0
0
1
0
0
0
1
0
0
0
0
0
0
0
0
0
0
0
0
0
0
0
1
0
0
0
0
0
0
0
0
0
0
0
0
0
0
0
0
0
0
0
0
0
0
0
0
0
0
0
0
1
0
0
1
0
0
0
2
0
1
0
0
0
0
0
0
0
0
0
0
0
0
1
0
0
1
0
0
0
0
0
1
0
0
0
1
0
1
0
0
1
0
0
0
0
0
0
0
0
0
1
0
0
0
0
1
0
1
1
0
0
1
0
0
0
0
0
0
0
0
0
0
0
0
0
1
0
0
0
1
0
0
1
0
0
0
0
0
1
0
0
0
0
1
0
0
0
0
0
0
1
0
0
1
0
0
1
0
0
0
0
0
12
12
17
16
18
15
26
12
19
23
23
20
23
30
21
28
34
38
41
49
41
47
53
64
45
68
61
77
75
83
95
98
130
125
121
149
151
157
172
149
183
194
210
194
215
241
227
247
248
281
314
317
316
301
370
349
422
370
403
412
395
469
443
477
497
544
488
548
600
574
613
682
587
682
670
687
708
711
737
810
830
875
896
860
904
967
948
990
1034
1040
1187
1149
1204
1270
1283
1415
1459
1538
1557
1798
1851
1885
2035
2338
3061
4681
8196
15503
26959
40344
51432
55047
51750
43197
33668
26452
21289
17809
15449
13251
11727
10205
8838
7886
7109
6630
6111
5784
