10
7
9
9
17
6
12
6
5
8
5
6
3
6
7
8
5
8
7
8
7
6
5
9
3
7
9
3
1
6
7
4
6
1
7
4
5
2
2
3
3
2
3
7
4
4
5
5
6
5
8
7
13
8
18
46
156
257
328
463
782
1102
1354
1356
1458
1389
1514
1484
1590
1617
1726
1829
1866
1769
1852
1764
1906
1805
1884
1858
1874
1829
1878
1845
1836
1847
1841
1784
1772
1787
1739
1791
1862
1816
1817
1852
1743
1818
1724
1770
1788
1728
1673
1709
1674
1630
1699
1762
1749
1744
1663
1797
1749
1795
1731
1768
1788
1780
1747
1764
1852
1893
1811
1803
1857
1794
1853
1948
1865
1834
1912
1837
1869
1815
1877
1855
1886
1850
1851
1849
1843
1836
1797
1779
1866
1833
1765
1818
1827
1754
1819
1833
1840
1814
1848
1820
1837
1771
1832
1834
1771
1817
1791
1781
1797
1810
1838
1878
1735
1852
1809
1806
1899
1797
1768
1843
1853
1862
1835
1936
1845
1886
1875
1829
1767
1773
1858
1874
1891
1820
1773
1827
1826
1886
1906
1835
1891
1883
1912
1778
1882
1873
1936
1902
1890
1919
1909
1888
1920
1813
1878
1842
1926
1945
1905
2030
1900
1902
1973
1902
2033
2003
2027
1991
2044
2023
2101
2070
2096
2070
2112
2143
2100
2087
2175
2073
2270
2121
2115
2162
2216
2162
2173
2178
2172
2141
2170
2092
2131
2183
2205
2172
2207
2218
2210
2265
2119
2230
2116
2171
2241
2186
2072
2207
2133
2093
2196
2093
2183
2080
2048
2016
2037
2052
2078
1998
2050
2019
1953
2047
2051
1983
2085
1969
2061
2076
1992
2027
1941
1902
1944
1912
1959
1963
1910
1969
1997
2024
1968
1954
1919
1859
1955
1841
1931
1911
1922
1897
1869
1941
1876
1853
1851
1847
1877
1873
1867
1827
1863
1855
1795
1839
1816
1884
1814
1763
1761
1774
1807
1833
1730
1773
1747
1800
1763
1828
1700
1752
1784
1719
1718
1783
1647
1736
1715
1713
1730
1686
1642
1659
1646
1632
1633
1684
1695
1579
1592
1630
1666
1648
1659
1652
1633
1669
1633
1695
1618
1586
1578
1587
1564
1556
1594
1564
1567
1540
1625
1552
1520
1531
1545
1544
1543
1516
1548
1566
1468
1529
1566
1605
1527
1556
1540
1537
1520
1507
1533
1526
1448
1452
1503
1510
1508
1457
1484
1446
1545
1474
1491
1469
1512
1458
1501
1457
1406
1424
1457
1446
1421
1417
1434
1426
1429
1413
1494
1392
1525
1426
1479
1465
1492
1393
1400
1433
1427
1441
1414
1358
1451
1390
1432
1415
1441
1466
1439
1448
1386
1370
1418
1347
1379
1372
1393
1395
1380
1399
1318
1350
1352
1398
1358
1435
1314
1386
1340
1343
1336
1349
1387
1340
1344
1273
1377
1300
1277
1373
1321
1287
1271
1351
1300
1413
1303
1283
1183
1266
1287
1244
1301
1253
1318
1252
1244
1208
1239
1213
1225
1216
1183
1259
1183
1169
1171
1099
1146
1147
1155
1081
1099
1064
1078
1098
1101
1093
1125
1053
1096
997
964
984
1041
1002
988
1000
1004
911
930
977
918
939
891
891
910
984
939
846
887
873
893
851
855
837
865
834
787
801
837
798
743
839
743
793
808
730
757
740
749
741
717
754
754
720
703
676
711
659
750
737
715
755
672
751
651
722
714
715
692
674
655
653
638
674
704
683
634
644
669
645
665
645
647
634
650
676
670
629
616
630
617
629
614
588
642
598
576
630
583
653
643
626
618
604
567
613
567
589
584
577
606
584
595
587
587
567
575
595
626
559
573
570
612
571
555
631
565
565
599
550
544
516
597
592
590
557
531
550
597
606
596
625
602
616
622
574
606
584
594
594
634
634
604
600
653
655
620
644
655
644
659
701
687
722
744
714
733
697
761
723
791
775
815
777
793
848
792
850
847
855
895
935
903
979
1000
989
980
1077
1016
1071
1075
1108
1080
1119
1142
1149
1185
1184
1202
1246
1215
1308
1322
1401
1343
1392
1425
1382
1377
1385
1428
1436
1454
1496
1439
1533
1513
1562
1568
1543
1575
1633
1628
1527
1622
1685
1605
1628
1660
1643
1685
1717
1762
1771
1751
1886
1775
1779
1815
1905
1886
1855
1868
1928
1942
1924
2028
1941
1944
2059
2032
2082
2212
2196
2218
2256
2356
2417
2331
2401
2465
2490
2619
2603
2661
2748
2747
2796
2870
2896
2961
3079
3062
3126
3354
3343
3463
3567
3621
3769
3841
3864
3908
4060
4062
4251
4401
4422
4550
4627
4714
4870
4910
5000
5022
5171
5349
5434
5387
5584
5592
5683
5771
5922
6022
5842
6161
6254
6150
6414
6355
6437
6471
6531
6500
6622
6745
6662
6612
6715
6719
6800
6856
6863
6797
6718
6716
6795
6793
6788
6721
6553
6520
6513
6465
6528
6420
6259
6260
6091
6132
6023
5967
5983
5691
5672
5688
5472
5416
5298
5183
5002
5010
4935
4749
4786
4538
4342
4229
4081
4067
3915
3932
3694
3589
3481
3418
3313
3059
3108
2960
2760
2724
2614
2612
2465
2478
2308
2224
2108
1988
1937
1849
1795
1771
1681
1614
1562
1478
1435
1353
1278
1287
1238
1131
1122
1142
1039
1030
986
945
883
901
867
816
766
724
736
671
680
629
655
632
616
553
565
523
537
520
541
507
488
436
445
444
453
408
426
375
418
404
393
414
392
394
376
333
348
359
405
385
337
310
320
327
350
315
341
285
330
329
366
286
295
341
302
292
307
310
279
276
294
261
278
307
316
296
301
265
254
247
276
261
283
265
253
262
268
255
246
264
224
273
248
257
272
259
258
252
248
267
236
260
262
269
241
259
239
249
247
289
261
248
258
283
236
277
255
248
251
263
245
239
273
237
253
252
249
246
264
221
254
236
224
275
235
233
262
233
236
247
233
237
242
271
256
254
232
227
262
225
227
212
232
226
211
249
252
259
198
243
273
253
243
234
235
217
232
252
258
197
240
248
246
264
212
236
224
264
211
230
239
223
232
226
234
232
233
226
227
257
242
267
239
227
224
227
247
244
222
239
221
231
224
234
220
229
227
236
264
248
261
272
224
243
263
243
244
251
254
225
226
262
210
214
240
234
244
253
216
233
258
213
231
266
215
256
237
230
226
210
214
200
244
235
251
249
227
219
239
246
246
270
241
247
214
235
262
235
257
253
239
245
255
238
249
240
243
237
232
236
233
252
273
254
229
234
223
277
244
234
253
230
242
258
237
250
265
249
242
260
264
214
236
238
249
224
249
276
235
228
246
238
240
245
246
246
235
260
255
270
225
233
238
228
236
254
257
223
259
250
226
219
258
239
235
250
259
220
260
268
238
235
250
244
234
230
202
224
232
220
233
232
224
234
250
223
227
230
216
242
227
230
247
239
231
225
245
224
241
215
248
239
265
236
218
236
216
213
251
227
231
228
255
241
247
229
249
230
262
215
192
245
253
253
240
226
250
212
237
238
267
228
232
261
223
264
248
235
226
261
266
241
232
277
247
236
235
243
210
228
214
253
264
228
213
248
234
228
221
219
231
230
232
235
228
216
247
241
251
265
260
244
261
210
244
255
250
266
241
234
259
272
219
257
245
237
234
258
239
212
232
237
228
237
210
226
217
254
230
254
248
221
253
231
215
249
228
228
221
241
240
218
230
270
231
237
223
244
247
231
265
227
274
249
251
239
260
229
245
259
261
218
234
210
275
246
224
239
214
225
246
258
255
219
220
240
242
225
224
248
232
231
228
262
268
264
274
252
239
238
243
234
252
222
230
232
233
254
262
228
214
267
244
255
258
252
229
248
276
224
225
262
243
247
255
247
271
233
266
230
270
262
247
222
244
261
255
263
226
230
243
246
246
233
268
253
264
275
248
249
235
243
255
277
226
262
261
268
257
245
255
250
239
243
257
238
266
288
259
273
252
243
253
267
244
265
268
275
273
239
256
251
230
241
244
234
250
226
234
267
234
256
274
236
247
246
259
243
244
266
237
254
281
244
273
248
291
240
242
237
257
253
235
263
247
262
258
263
261
252
264
243
283
261
238
254
219
271
223
230
252
223
239
276
241
292
249
263
248
240
237
265
257
288
264
253
252
247
243
257
260
247
258
241
259
232
242
312
258
265
276
242
258
243
227
258
261
276
259
255
250
265
256
235
253
251
271
250
271
302
261
284
245
254
240
251
233
248
239
225
279
274
253
255
267
240
293
263
247
249
270
253
255
248
286
282
244
251
263
276
243
247
264
261
268
262
278
259
257
245
246
242
256
262
276
260
254
253
265
249
240
249
265
235
233
235
240
217
218
245
253
242
251
235
255
220
246
255
255
259
250
269
272
261
247
239
234
250
249
258
247
212
243
244
226
223
245
260
200
215
237
220
259
226
214
227
221
248
214
231
228
214
216
202
226
220
213
207
235
229
222
209
223
214
206
204
217
205
203
201
203
209
183
205
210
203
183
203
190
189
186
195
183
164
196
197
179
182
190
191
175
206
197
182
192
182
166
159
190
187
175
172
178
179
184
185
150
176
145
177
166
198
172
162
167
179
148
149
169
154
153
145
176
150
179
159
154
174
149
155
139
141
157
166
144
141
146
141
148
136
167
158
139
170
136
158
165
153
159
172
146
165
180
163
140
173
141
145
141
164
142
152
155
177
186
135
129
177
173
149
189
155
152
173
180
149
178
167
184
177
165
171
189
170
142
169
159
174
179
163
159
180
192
173
207
177
177
179
195
187
185
189
174
195
184
188
168
185
174
159
187
169
195
197
189
193
180
183
186
191
182
181
173
193
174
211
188
201
183
187
183
202
186
197
181
215
181
174
179
195
211
164
154
185
203
199
183
194
182
188
202
209
204
176
200
185
199
192
195
171
180
174
198
171
211
208
178
220
205
182
166
184
179
190
161
192
207
191
181
179
166
181
185
188
181
191
178
207
167
196
179
214
206
169
185
204
177
171
216
197
175
190
197
203
197
194
164
197
200
197
196
181
175
178
194
182
194
167
188
205
193
191
199
166
182
173
181
216
203
201
187
190
198
183
251
192
181
181
198
203
210
205
190
213
231
213
215
190
231
229
247
208
242
240
246
225
251
211
242
234
238
239
269
232
285
265
268
274
279
248
264
275
272
295
284
288
266
304
277
326
312
332
342
369
339
374
325
364
349
385
384
386
373
364
407
421
419
391
415
424
451
455
482
457
507
473
506
514
503
547
499
532
539
555
589
546
569
555
574
625
603
595
630
663
603
619
630
619
644
651
691
666
683
694
696
731
707
717
739
761
736
721
829
770
791
753
779
767
826
826
800
857
857
820
855
783
818
872
870
872
901
857
961
833
880
894
932
867
906
920
923
919
917
872
925
891
843
922
896
914
916
888
920
878
939
890
929
912
906
962
877
851
918
884
884
917
886
879
869
911
833
859
823
866
792
888
842
833
853
830
857
835
769
837
863
727
807
770
783
784
744
743
763
710
738
740
726
675
660
674
660
696
633
641
637
635
663
581
626
618
614
559
577
589
571
528
517
514
563
502
519
511
504
474
481
488
483
474
478
444
425
389
379
421
384
382
370
390
371
388
352
360
397
348
325
329
327
321
259
299
273
296
269
258
231
278
243
212
260
242
235
232
236
228
210
239
245
200
204
214
195
209
169
217
163
186
160
193
169
165
150
171
145
156
147
130
147
134
140
125
134
118
121
145
129
130
111
132
116
107
113
110
124
113
98
110
100
108
104
116
112
106
70
98
83
86
95
89
103
70
92
87
96
82
78
73
73
97
74
85
67
73
78
77
75
74
69
75
80
72
80
82
73
63
71
77
66
74
75
74
54
57
71
66
57
67
67
58
64
59
76
73
61
65
52
53
55
70
63
61
69
43
57
65
63
52
52
64
54
53
58
52
63
60
40
53
51
63
48
47
58
49
67
59
54
49
46
51
52
43
52
55
48
47
58
45
47
49
60
45
40
60
44
40
53
53
59
50
42
49
45
42
54
57
65
49
39
49
40
52
52
37
48
25
46
42
41
59
45
48
48
48
48
42
43
54
34
43
43
46
38
41
36
57
46
41
48
41
50
51
42
44
50
45
53
41
37
51
41
26
41
48
50
38
48
34
47
44
55
38
43
43
49
30
49
38
46
32
40
46
40
53
59
37
46
24
33
34
36
40
39
42
33
27
43
36
39
46
44
36
45
36
41
46
44
32
39
39
37
35
42
39
46
42
38
49
32
32
33
26
30
41
32
45
48
32
33
40
47
45
42
41
40
42
37
31
32
36
30
26
36
27
32
38
27
36
22
29
30
35
30
29
25
30
31
24
39
39
38
18
26
41
30
29
23
31
29
28
33
28
35
44
29
24
38
33
31
29
26
37
35
25
31
19
39
30
29
33
29
27
31
25
41
34
35
32
29
23
27
26
31
34
19
32
35
36
22
36
26
36
33
24
27
32
24
26
21
20
27
20
31
24
30
34
31
27
33
26
26
28
18
30
32
28
28
26
24
21
23
22
35
25
18
28
18
24
24
28
26
27
21
30
23
25
24
27
30
22
18
31
25
32
24
27
24
25
31
17
25
24
27
27
23
27
20
26
33
24
26
24
26
21
26
23
22
22
21
29
20
28
27
17
16
27
26
21
26
17
16
19
16
14
22
20
24
19
22
19
19
15
20
22
13
15
21
16
19
13
20
20
24
22
18
16
35
25
26
22
19
17
15
15
14
14
23
23
19
16
20
15
22
13
17
17
20
22
13
15
19
14
18
9
17
11
17
14
20
14
21
21
15
23
21
25
15
15
8
16
21
21
19
17
19
13
19
15
14
15
11
17
13
16
9
10
12
24
12
15
11
11
22
13
13
15
13
9
14
9
16
17
9
9
8
14
16
12
12
13
11
22
10
23
13
13
14
18
12
10
11
13
14
15
13
15
12
15
14
5
7
12
16
21
16
5
12
12
14
14
16
13
14
22
12
10
9
16
14
21
14
10
11
18
12
10
7
14
10
11
15
18
9
7
20
9
15
12
15
17
9
11
10
10
11
8
11
10
9
18
15
22
6
16
10
11
16
15
17
15
15
19
19
10
10
11
16
10
19
12
16
10
20
24
15
10
9
22
13
13
15
20
9
21
19
11
21
13
13
12
16
23
16
16
21
15
22
15
13
12
15
20
23
16
24
18
21
16
23
18
21
23
11
24
15
22
23
16
21
20
22
27
25
13
10
19
21
13
24
28
23
19
24
17
20
19
29
16
19
22
21
26
29
19
19
41
19
22
22
22
28
23
31
19
26
22
28
29
30
29
41
30
25
35
25
27
31
32
43
27
32
31
39
37
27
26
32
34
31
30
38
25
26
29
31
32
40
26
36
37
32
31
36
35
29
33
38
24
35
31
37
31
39
30
33
45
27
36
31
27
36
31
27
38
22
33
37
36
33
40
30
33
21
28
35
22
41
37
33
23
31
27
29
25
27
38
28
29
36
24
34
28
33
33
30
34
25
31
31
22
42
35
34
23
32
30
24
35
39
26
26
30
38
27
24
34
35
23
24
26
30
26
36
32
38
24
19
28
26
23
21
28
23
23
27
28
20
27
22
17
28
22
22
19
22
17
18
18
20
23
16
21
24
23
16
20
17
17
19
15
18
10
17
16
15
20
14
17
18
20
20
15
14
18
12
10
12
16
14
12
12
11
9
9
12
18
16
8
16
9
15
15
14
11
13
10
12
10
8
9
5
11
8
13
12
6
7
8
11
5
7
8
12
6
7
6
3
8
10
4
10
7
10
6
12
3
5
8
6
3
7
9
4
5
11
2
6
5
7
5
1
3
8
6
0
4
4
7
3
7
4
8
4
7
4
3
3
4
1
8
1
4
4
4
3
5
1
2
4
6
4
1
2
2
6
4
2
1
4
4
7
1
4
3
3
3
4
3
4
4
1
1
5
1
3
3
4
5
0
3
4
2
3
2
0
5
4
4
2
1
5
5
2
1
1
1
4
2
2
2
5
3
2
1
1
1
0
3
0
5
4
2
3
3
2
1
1
2
1
1
4
1
2
3
1
3
2
4
3
2
4
2
0
3
3
1
5
4
1
2
2
2
5
1
2
4
4
1
1
2
1
4
0
1
2
2
3
4
1
1
0
0
1
1
7
2
3
4
3
3
1
0
3
0
1
5
5
1
2
4
0
1
2
2
2
3
3
2
3
2
1
1
1
3
5
5
1
1
1
1
2
2
1
3
4
7
1
3
0
1
2
3
1
3
5
4
2
2
0
3
0
1
4
0
0
1
4
4
3
1
1
1
2
0
3
2
5
2
3
1
1
2
3
2
4
2
0
3
0
0
3
1
2
1
0
1
2
1
3
3
1
5
3
3
1
4
0
2
0
2
1
2
4
1
1
2
1
2
2
1
8
2
0
1
2
3
5
2
0
1
2
1
2
3
4
1
4
3
4
0
2
3
3
3
3
2
4
0
1
1
2
0
3
3
1
1
3
4
2
3
0
3
2
0
2
4
1
5
4
1
2
0
2
5
1
2
2
4
1
4
4
2
2
1
0
4
3
0
2
2
1
2
2
5
3
2
4
1
1
3
1
1
3
3
1
3
3
0
2
3
0
1
3
2
1
4
3
2
0
1
1
2
1
0
1
1
2
1
2
0
1
1
2
2
1
2
3
1
4
3
2
3
2
4
0
3
4
4
2
2
3
1
0
2
2
3
2
3
3
4
3
3
5
0
3
1
3
3
1
2
2
4
1
2
2
3
1
2
0
4
1
0
3
4
0
1
3
1
1
4
0
2
3
3
2
2
5
0
2
3
0
1
2
0
5
2
2
2
2
0
2
1
3
1
2
6
3
2
1
1
1
1
0
4
1
0
2
1
3
1
3
1
1
2
1
1
3
2
0
2
1
1
0
2
0
3
2
0
0
1
0
1
1
3
2
1
3
3
5
1
1
2
1
1
1
0
1
2
4
1
2
1
3
3
1
2
0
3
2
1
3
3
3
3
1
0
1
2
1
1
1
2
3
0
6
3
2
3
0
1
2
1
2
1
1
0
2
1
0
3
5
0
0
3
4
2
3
1
2
3
1
2
1
1
3
2
0
1
1
3
2
3
4
1
4
1
3
1
0
3
0
0
2
0
1
0
3
2
5
1
3
0
3
2
1
1
3
1
1
1
1
4
3
2
0
1
1
1
2
1
5
2
0
4
0
0
2
2
0
2
2
0
3
2
2
2
1
1
1
1
5
3
1
3
2
2
1
2
3
5
3
0
1
4
1
4
1
1
1
1
1
1
2
1
2
1
3
1
2
2
0
4
0
2
1
1
2
2
0
1
0
3
2
1
5
3
2
1
1
4
1
0
5
0
1
0
2
3
3
0
2
1
1
2
2
2
1
2
3
3
0
2
1
0
1
2
0
1
1
1
1
3
1
2
1
2
1
1
1
1
3
2
3
0
1
1
1
0
2
1
1
0
1
1
2
1
0
2
1
0
2
0
0
2
4
0
2
0
2
2
0
1
1
0
3
0
1
1
1
0
1
1
0
1
1
1
2
1
1
3
0
0
1
4
1
1
2
1
1
1
0
0
3
1
1
4
2
1
0
2
8
0
2
1
2
0
3
0
1
0
1
3
0
1
1
2
0
2
1
0
0
1
0
1
1
0
0
2
1
2
4
1
1
0
1
1
1
4
1
0
0
1
0
0
0
0
1
2
0
1
1
2
0
1
1
0
0
2
1
0
2
0
1
1
1
1
0
2
1
1
0
1
1
1
3
0
1
1
1
1
0
0
0
0
2
0
0
2
1
0
2
0
1
0
3
0
1
0
0
2
1
2
0
1
0
1
2
0
1
0
2
1
1
1
2
1
2
0
0
2
0
1
2
2
0
0
1
1
0
2
1
0
1
4
0
2
1
0
0
0
0
0
0
2
1
1
2
1
1
0
0
0
2
0
1
1
1
1
2
0
2
0
1
0
0
2
1
1
1
3
1
1
1
2
1
1
1
0
1
0
3
2
2
0
1
3
1
1
0
1
1
1
0
1
0
1
0
1
2
1
1
0
3
1
2
2
1
2
1
1
2
1
1
0
0
3
1
1
0
0
1
0
1
0
0
1
1
2
3
1
0
2
3
1
2
7
1
1
3
2
3
0
1
5
1
2
3
1
4
1
2
1
5
1
1
0
0
0
1
2
2
3
3
5
0
0
1
3
1
1
1
2
1
4
3
1
1
2
3
0
2
2
2
0
6
0
3
2
2
1
3
1
1
1
4
0
3
2
1
2
2
2
3
2
3
1
1
3
2
2
1
1
0
2
2
1
2
6
1
4
3
2
4
1
1
3
2
2
4
2
2
3
3
2
3
2
2
2
1
1
1
5
1
3
2
0
1
3
1
3
3
0
1
1
1
3
3
2
2
4
2
4
4
0
0
0
0
0
2
4
3
1
2
1
4
3
0
4
2
0
3
1
1
1
4
3
1
1
1
0
0
0
4
2
1
1
2
5
2
1
1
3
4
0
3
1
2
0
4
3
0
1
2
1
2
1
4
0
1
2
2
1
2
1
1
0
4
1
1
0
1
0
1
2
0
3
0
1
0
1
2
0
1
2
2
1
2
4
1
3
1
2
2
2
1
2
1
1
0
1
2
1
2
1
1
1
0
1
2
0
3
1
2
1
3
2
2
2
0
0
1
1
3
1
0
1
0
1
1
3
0
1
1
2
2
0
1
2
3
2
0
0
0
1
1
1
0
0
0
2
1
1
0
0
3
0
2
0
1
0
1
0
1
1
1
0
0
1
0
0
0
1
1
0
2
0
0
1
3
0
0
0
2
1
1
0
1
3
0
2
1
1
1
0
0
0
0
1
1
1
0
1
0
1
0
0
0
1
2
0
2
3
1
0
1
0
1
0
1
0
1
0
0
1
1
1
2
1
0
0
0
0
0
0
0
2
1
1
0
0
1
2
1
1
1
0
0
1
0
0
0
0
0
1
0
0
0
0
0
1
0
0
0
0
0
1
0
0
1
0
0
0
1
0
0
1
0
0
0
0
1
0
1
0
0
1
1
1
0
1
1
0
0
0
0
0
0
0
0
0
0
0
1
0
0
0
0
0
0
2
1
1
0
0
0
0
0
0
0
0
1
0
1
0
0
1
0
1
0
1
0
0
0
0
0
0
0
0
0
0
0
0
0
0
0
0
1
0
0
0
0
0
0
0
0
0
0
0
0
0
0
2
0
0
0
1
1
1
0
1
1
0
0
0
0
0
1
0
0
1
0
0
0
0
2
0
0
0
0
0
1
1
0
0
2
0
0
0
0
0
0
0
0
1
0
0
0
0
0
0
0
0
0
0
0
0
0
0
0
1
1
0
0
0
0
1
0
0
0
0
0
0
2
1
1
0
0
0
1
0
0
0
0
0
0
0
1
0
0
0
0
0
0
0
0
0
0
0
0
0
0
0
0
0
1
0
1
0
0
0
0
0
1
0
0
0
0
0
0
0
0
0
0
0
0
0
0
0
0
0
0
0
0
0
0
0
0
0
0
0
0
0
0
1
0
0
0
0
0
1
0
0
0
0
0
0
0
0
0
0
0
0
0
0
1
0
0
0
0
0
1
0
0
0
0
0
0
0
1
0
0
0
0
0
0
1
0
0
0
0
0
0
0
0
0
0
0
0
1
0
0
0
0
0
0
0
0
0
0
0
0
0
0
1
0
0
0
0
0
0
0
0
0
0
0
0
0
0
0
0
0
0
0
0
0
0
0
0
0
0
0
0
0
0
0
0
0
0
0
0
0
0
0
0
0
0
0
0
0
0
0
0
0
0
0
0
0
0
0
1
0
0
0
0
0
0
1
0
0
0
0
0
0
0
0
0
0
0
0
0
0
1
0
0
0
0
0
0
0
0
0
1
0
0
0
0
0
0
0
0
0
0
0
0
0
0
0
0
0
0
0
0
0
0
0
0
1
0
0
0
0
0
0
0
0
0
0
0
0
0
0
0
0
0
0
0
0
0
0
0
0
0
0
0
0
0
0
0
0
0
0
0
0
0
0
0
0
0
0
0
0
0
0
0
0
0
0
0
0
0
0
0
0
0
0
0
0
0
1
0
1
0
0
0
0
0
0
0
0
0
0
0
0
0
0
0
0
0
0
0
0
0
0
0
0
0
0
0
0
0
0
0
0
0
0
0
0
0
0
0
0
0
0
0
0
0
0
0
0
0
0
0
0
0
0
0
0
0
0
0
0
0
0
0
0
0
0
0
0
0
0
0
0
0
0
0
0
0
0
0
0
0
0
0
0
0
0
0
0
0
0
0
0
0
1
0
0
0
0
0
0
0
0
0
0
0
0
0
0
0
0
1
0
0
0
0
0
0
0
0
0
0
0
0
0
0
0
0
0
0
0
0
0
0
0
0
0
0
0
0
0
0
0
0
0
0
0
0
0
0
0
0
0
0
0
0
0
0
0
0
0
0
0
0
0
0
0
0
0
0
0
0
0
0
0
0
0
0
0
0
0
0
0
0
0
0
0
0
0
0
0
0
0
0
0
0
0
0
0
0
0
0
0
0
0
0
0
0
0
0
0
0
0
0
0
0
0
0
0
0
0
0
0
0
0
0
0
0
0
0
0
0
0
0
0
0
0
0
0
0
0
0
0
0
0
0
0
0
0
0
0
0
0
0
0
0
0
0
0
0
0
0
0
0
0
0
0
0
0
1
0
0
0
0
0
0
0
0
0
0
0
0
0
0
0
0
0
0
0
0
0
0
0
0
0
0
0
0
0
0
0
0
0
0
0
0
0
0
0
0
0
0
0
0
0
0
0
0
0
0
0
0
0
0
0
0
0
0
0
0
0
0
0
0
0
0
0
0
0
0
0
0
0
0
0
0
0
0
0
0
0
0
0
0
0
0
0
0
0
0
0
0
0
0
0
0
0
0
0
0
0
0
0
0
0
0
0
0
0
0
0
0
0
0
0
0
0
0
0
0
0
0
0
0
0
0
0
0
0
0
0
0
0
0
0
0
0
0
0
0
0
0
0
0
0
0
0
0
0
0
0
0
0
0
0
0
0
0
0
0
0
0
0
0
0
0
0
0
0
0
0
0
0
0
0
0
0
0
0
0
0
0
0
0
0
0
0
0
0
0
0
0
0
0
0
0
0
0
0
0
0
0
0
0
0
0
0
0
0
0
0
0
0
0
0
0
0
0
0
1
0
0
0
0
0
0
0
0
0
0
0
0
0
0
0
0
0
0
0
0
0
0
0
0
0
0
0
0
0
0
0
0
0
0
0
0
0
0
0
0
0
0
0
0
0
0
0
0
0
0
0
0
0
0
0
0
0
0
0
0
0
0
0
0
0
0
0
0
0
0
0
0
1
0
0
0
0
0
0
0
0
0
0
0
0
0
0
0
0
0
0
0
0
0
0
0
0
0
0
0
0
0
0
0
0
0
0
0
0
0
0
0
0
0
0
0
0
0
0
0
0
0
0
0
0
0
0
0
0
0
0
0
0
0
0
0
0
0
0
0
0
0
0
0
0
0
0
0
0
0
0
0
0
0
0
0
0
0
0
0
0
0
0
0
0
0
0
0
0
1
0
0
0
0
0
0
0
0
0
0
0
0
0
0
0
0
0
0
0
0
0
0
0
0
1
0
0
0
0
0
0
0
0
0
0
0
0
0
0
0
0
0
0
0
0
0
0
0
0
0
0
0
0
0
0
0
0
0
0
0
0
0
0
0
0
0
0
0
0
0
0
0
0
0
0
0
0
0
0
0
0
0
1
0
0
0
0
0
0
0
0
0
0
0
0
0
0
0
0
0
0
0
0
0
0
0
0
0
0
0
0
0
0
0
0
0
0
0
0
0
0
0
0
0
0
0
0
0
0
0
0
0
0
0
0
0
0
0
0
0
0
0
0
0
0
0
0
0
0
0
0
0
0
0
0
0
0
0
0
0
0
0
0
0
0
0
0
0
0
0
0
0
0
0
0
0
0
0
0
0
1
0
0
0
0
0
0
0
0
0
0
0
0
0
0
0
0
0
0
0
0
0
0
0
0
0
0
0
0
0
0
0
0
0
0
0
0
0
0
0
0
0
0
0
0
0
0
0
0
0
0
0
0
0
0
0
0
0
0
0
0
0
0
0
0
0
0
0
0
0
0
0
0
0
0
0
0
0
0
0
0
0
0
0
0
0
0
0
0
0
0
0
0
0
0
0
0
0
0
0
0
0
0
0
0
0
0
0
0
0
0
0
0
0
0
0
0
0
0
0
0
0
0
0
0
0
0
0
0
0
0
0
0
0
0
0
0
0
0
0
0
0
0
0
0
0
0
0
0
0
0
0
0
0
0
0
0
0
0
0
0
0
0
0
0
1
0
0
0
0
0
0
0
0
0
0
0
0
0
0
0
0
0
0
0
0
0
0
0
0
0
0
0
0
0
0
0
0
0
0
0
0
0
0
0
0
0
0
0
0
0
0
0
0
0
0
0
0
0
0
0
0
0
0
0
0
0
0
0
0
0
0
0
0
0
0
0
0
0
0
0
0
0
0
0
0
0
0
0
0
0
0
1
0
0
0
0
0
0
0
0
0
0
0
0
0
0
0
0
0
0
0
0
0
0
0
0
0
0
0
0
0
0
0
0
0
0
0
0
0
0
0
0
0
0
0
0
0
0
0
0
0
0
0
0
0
0
0
0
0
0
0
0
0
0
0
0
0
0
0
0
0
0
0
0
0
0
0
0
0
0
0
0
0
0
0
0
0
0
0
0
0
0
0
0
0
0
0
1
0
0
0
0
0
0
0
0
0
0
0
0
0
0
0
0
0
0
0
0
0
0
0
0
0
0
0
0
0
1
0
0
0
0
0
0
0
0
0
0
0
0
0
0
0
0
0
0
0
0
0
0
0
0
0
0
0
0
0
0
0
0
0
0
0
0
0
0
0
0
0
0
0
0
1
0
0
0
0
1
0
0
0
0
0
0
0
0
0
0
0
0
0
0
0
0
0
1
0
0
0
0
0
0
0
0
0
0
0
0
0
0
0
0
0
0
0
0
0
0
0
0
0
0
0
0
0
0
0
0
0
0
0
0
0
0
0
0
0
0
0
0
0
0
0
0
0
0
0
0
0
0
0
0
0
0
0
0
0
0
0
0
0
0
0
0
0
0
0
0
0
0
0
0
0
0
0
0
0
0
0
0
0
0
0
0
0
0
0
0
0
0
0
0
0
0
0
0
0
0
0
0
0
0
0
0
0
0
0
0
0
0
0
0
0
0
0
0
0
0
0
0
0
0
0
0
0
0
0
0
0
0
0
0
0
0
0
0
0
0
0
0
0
0
0
0
0
0
0
0
0
0
0
0
0
0
0
0
0
0
0
0
0
0
0
0
0
0
0
0
0
0
0
0
0
0
0
0
0
0
0
0
0
0
0
0
0
0
0
0
0
0
0
0
0
1
0
0
0
0
0
0
0
0
0
0
0
0
0
0
0
0
0
0
0
0
0
0
0
0
0
0
0
0
0
0
0
0
0
0
0
0
0
0
0
0
1
0
0
0
0
0
0
0
0
0
0
0
0
0
0
0
0
0
0
0
0
0
0
0
0
0
0
0
0
0
0
0
0
0
0
0
0
0
0
0
0
0
0
0
0
0
0
0
0
0
0
0
0
0
0
0
0
0
0
0
0
0
0
0
0
0
0
0
0
0
0
0
0
0
0
0
0
0
0
0
0
0
0
0
0
0
0
0
0
0
0
0
0
0
0
0
0
0
0
0
0
0
0
0
0
0
0
0
0
0
0
0
0
0
0
0
0
0
0
0
0
1
0
0
0
0
0
0
0
0
0
0
0
0
0
0
0
0
0
0
0
0
0
0
0
0
0
0
0
0
0
0
0
0
0
0
1
0
0
0
0
0
0
0
0
0
0
0
0
0
0
0
0
0
0
0
0
0
0
0
0
0
0
0
0
0
0
0
0
0
0
0
0
0
0
0
0
0
0
0
0
0
0
0
0
0
0
0
0
0
0
0
0
0
0
0
0
0
0
0
0
0
0
0
0
0
0
0
0
0
0
0
0
0
0
0
0
0
0
0
0
0
0
0
0
0
0
0
0
0
0
0
0
0
0
1
0
0
0
0
0
0
0
0
0
0
0
0
0
0
0
0
0
0
0
0
0
0
0
1
0
0
0
0
0
0
0
0
0
0
0
0
0
0
0
0
0
0
0
0
0
0
0
0
0
0
0
0
0
0
0
0
0
0
0
1
0
0
0
0
0
0
0
0
0
0
0
0
0
0
0
0
0
0
0
0
0
0
0
0
0
0
0
0
0
0
0
0
0
0
0
0
0
0
0
0
0
0
0
0
0
0
0
0
0
0
0
0
0
0
0
0
0
0
0
0
0
0
0
0
0
0
0
0
0
0
0
0
0
0
0
0
0
0
0
0
0
1
0
0
0
0
0
0
0
0
0
0
0
0
0
0
0
0
0
0
0
0
0
0
0
0
0
1
0
0
0
0
0
0
0
0
0
0
0
0
0
0
0
0
0
0
0
0
0
0
0
0
0
0
0
0
0
0
0
0
0
0
0
0
0
0
0
0
0
0
0
0
0
0
0
0
0
0
0
0
0
0
0
0
0
0
0
0
0
0
0
0
0
0
0
0
0
0
0
0
0
0
0
0
0
1
0
0
0
0
0
0
0
0
0
1
0
0
0
0
0
0
0
0
0
0
0
0
0
0
0
0
0
0
0
0
0
0
0
0
0
0
0
0
0
0
0
0
0
0
0
0
0
0
0
0
0
0
0
0
0
0
0
0
0
0
0
1
0
0
0
0
0
0
0
0
0
0
0
0
0
0
0
0
0
0
0
0
0
0
1
0
0
0
0
0
0
0
0
0
0
0
0
0
0
0
0
0
0
0
0
0
0
0
0
0
0
0
0
0
0
0
0
0
0
0
0
0
0
0
0
0
0
0
0
0
0
0
0
0
0
0
0
0
0
0
0
0
0
0
0
0
0
0
0
0
1
0
0
0
0
0
0
0
0
0
0
0
0
0
0
0
1
0
0
0
0
0
0
0
0
0
0
0
0
0
0
0
0
0
0
0
0
0
0
0
0
0
0
0
0
0
0
0
0
0
0
0
0
0
0
0
0
0
1
0
0
0
0
0
0
0
0
0
0
0
0
0
0
0
0
0
0
0
0
0
0
0
0
0
0
0
0
0
0
0
0
0
0
0
0
0
0
0
0
0
0
0
0
0
0
0
0
0
0
0
0
0
0
0
0
0
0
0
0
0
0
0
0
0
0
0
1
0
0
0
0
0
0
0
0
0
0
0
0
0
0
0
0
0
0
0
0
0
0
0
0
0
0
0
0
0
0
0
0
0
0
0
0
0
0
1
0
0
0
0
0
0
0
0
0
0
0
0
0
0
0
0
0
0
0
0
0
0
0
0
0
0
0
0
0
0
0
0
0
0
0
0
0
0
0
0
0
0
0
0
0
0
0
0
0
0
0
0
0
0
0
0
0
0
0
0
0
0
0
0
0
0
0
0
0
0
0
0
0
0
0
0
0
0
0
0
0
0
0
0
0
0
0
0
0
0
1
0
0
0
0
0
0
0
0
0
0
0
0
0
0
0
0
0
0
0
0
0
0
0
0
0
0
0
0
0
0
0
0
0
0
0
0
0
0
0
0
0
0
0
0
0
0
0
0
0
0
0
0
0
0
0
0
0
1
0
0
0
0
0
0
0
0
0
0
0
0
0
0
0
1
0
0
0
0
0
0
0
0
0
0
0
0
0
0
0
0
0
0
0
0
0
0
0
0
0
0
0
0
0
0
0
0
0
0
0
0
0
0
0
0
0
0
0
0
0
0
0
0
0
0
0
0
0
0
0
0
0
0
0
0
0
0
0
0
0
0
0
0
0
0
0
0
0
0
0
0
0
0
0
1
0
0
0
0
0
0
0
0
0
0
0
0
0
0
0
0
0
0
0
0
0
0
0
0
0
0
0
0
0
0
0
0
0
0
0
0
0
0
0
0
0
0
0
0
0
0
0
0
0
0
0
0
0
0
0
0
0
0
0
0
0
0
0
0
0
0
0
0
0
0
0
0
0
0
0
0
0
0
0
0
0
0
0
0
0
0
0
0
0
0
0
0
0
0
0
0
0
0
0
0
0
0
0
0
0
0
0
0
0
0
0
0
0
0
0
0
0
0
0
0
0
0
0
0
0
0
0
0
0
0
0
0
0
0
0
0
0
0
0
0
0
0
0
0
0
0
0
0
0
0
0
0
0
0
0
1
0
0
0
0
0
0
0
0
0
0
0
0
0
0
0
0
0
0
0
0
0
0
0
0
0
0
0
1
0
0
0
0
0
0
0
0
0
0
0
0
0
0
0
0
0
0
0
0
0
0
1
0
0
0
0
0
0
0
0
0
0
0
0
0
0
0
0
0
0
0
0
0
0
0
0
0
0
0
0
0
0
0
0
0
0
0
0
0
0
0
0
0
0
0
0
0
0
0
0
0
0
1
0
0
1
0
0
0
0
0
0
0
0
0
0
0
0
0
0
0
0
0
0
0
0
0
0
0
0
0
0
0
0
0
0
0
0
0
0
0
0
0
0
0
0
0
0
0
0
0
0
0
0
0
0
0
0
0
0
0
0
0
0
0
0
0
0
0
0
0
0
0
0
0
0
0
0
0
0
0
0
0
0
0
0
0
0
0
0
0
0
0
0
0
0
0
0
0
0
0
0
0
0
0
0
0
0
0
0
0
0
0
0
6
5
7
4
3
4
9
9
7
8
7
7
4
9
2
1
6
5
2
2
4
3
9
5
6
7
6
5
6
5
7
5
7
9
3
5
7
6
7
7
3
7
9
5
11
7
9
7
9
7
2
6
2
8
6
12
6
4
4
3
9
8
6
7
5
7
7
8
2
8
6
4
2
10
7
6
8
6
2
4
6
1
4
4
4
4
11
5
4
6
8
6
4
2
1
4
5
4
8
5
5
2
4
5
3
9
6
7
2
7
8
3
6
4
8
3
4
6
11
5
6
6
10
15
8
6
12
10
