4913
4010
3350
2715
2365
2009
1643
1422
1311
1114
1003
938
837
740
670
580
571
533
505
466
444
450
419
392
431
392
387
335
331
358
359
353
359
308
287
309
311
323
299
314
307
300
280
287
311
295
286
290
303
281
243
323
284
275
267
254
258
273
254
280
277
261
260
268
248
271
279
237
286
231
263
233
252
258
238
241
236
273
244
198
219
233
233
217
226
226
231
183
225
219
218
213
253
222
213
215
227
203
239
200
226
226
226
213
206
196
202
193
221
201
195
182
212
210
201
224
225
222
185
216
187
169
180
188
176
177
188
185
169
161
196
172
187
169
189
188
172
182
169
173
199
172
160
189
177
169
174
198
151
185
161
162
158
177
147
171
137
168
190
176
186
175
160
173
172
177
167
168
140
175
159
165
151
160
173
155
176
158
164
162
153
165
152
160
155
151
162
153
142
167
167
155
121
170
146
146
142
144
147
152
145
141
130
153
136
136
132
124
152
154
154
143
153
140
138
132
124
130
122
127
147
130
110
152
127
129
122
137
143
114
125
129
106
109
122
117
107
112
138
116
115
122
102
118
130
108
114
111
129
117
121
127
145
138
99
121
140
96
125
115
106
118
107
123
136
137
137
92
129
122
127
107
105
129
126
112
129
119
112
118
116
110
114
115
115
127
129
118
126
123
120
115
111
140
120
139
119
128
132
115
115
109
109
106
113
118
117
120
98
115
119
114
129
115
113
97
102
118
108
107
111
95
122
98
97
112
117
109
128
99
124
122
116
119
92
99
106
97
100
109
107
96
83
123
102
112
86
106
110
107
100
87
112
108
107
103
113
102
119
102
114
105
114
94
111
111
108
99
95
121
91
97
96
85
97
106
98
103
83
107
103
61
84
101
95
104
84
95
117
98
88
102
99
97
88
117
90
89
84
86
116
112
84
101
67
108
99
121
106
86
93
101
107
89
96
87
87
90
106
94
95
93
102
122
83
108
106
85
83
101
95
101
76
97
100
88
88
113
107
90
94
93
99
84
88
105
86
85
95
87
100
96
84
100
97
82
87
90
91
78
98
99
84
72
100
100
81
88
76
84
99
78
98
85
78
92
95
84
78
80
86
76
73
85
86
76
82
75
94
106
91
95
89
89
62
85
89
99
80
81
88
95
85
75
95
78
78
81
94
94
81
87
88
77
91
94
87
69
103
77
92
75
80
82
91
88
87
65
97
84
88
76
79
70
88
68
87
81
89
83
89
67
75
79
66
70
80
73
96
71
75
78
77
72
76
72
85
88
67
75
68
86
78
69
77
83
84
95
69
88
79
85
83
84
93
85
92
64
72
68
74
87
86
78
80
73
78
69
68
87
77
72
88
75
89
79
89
73
62
75
89
85
70
72
60
60
67
95
74
78
73
82
71
79
86
77
83
67
61
58
66
83
80
80
79
76
79
79
66
79
84
72
91
75
72
55
63
70
80
85
74
62
66
84
70
72
75
67
62
79
84
70
72
68
63
74
68
63
72
72
81
86
93
63
66
85
75
67
72
73
75
62
82
66
52
66
64
59
60
73
56
76
70
80
58
68
68
56
72
65
68
60
68
66
80
62
66
72
70
66
72
58
55
64
65
74
77
65
56
63
68
77
73
73
65
65
73
74
69
74
74
69
66
69
72
74
78
47
75
68
73
67
58
62
73
54
56
65
70
61
66
70
65
54
51
57
65
47
69
65
56
70
58
67
67
61
63
57
79
66
62
78
54
63
71
68
63
69
66
80
64
60
58
63
71
65
66
64
61
61
78
64
58
69
82
54
63
70
65
77
79
63
55
73
50
66
56
63
70
61
57
61
54
53
57
61
64
71
62
65
62
65
61
71
57
75
61
72
73
74
59
61
68
56
65
79
68
65
65
48
51
68
54
64
65
55
67
52
63
55
74
67
57
80
44
55
65
50
67
73
57
74
57
75
45
71
65
55
65
57
48
52
69
70
66
59
53
56
67
59
72
66
61
57
62
50
52
66
58
48
67
65
53
54
74
64
62
71
69
58
68
62
60
50
52
60
68
63
57
61
67
68
66
71
46
68
68
67
67
60
58
61
54
56
57
51
55
41
63
54
56
65
61
64
56
58
63
50
56
56
44
67
52
55
52
46
51
56
49
57
57
70
61
62
57
62
45
59
55
60
49
65
65
63
52
53
75
55
68
51
59
61
61
59
62
56
59
64
69
64
59
53
63
55
50
43
59
64
53
60
63
63
66
67
54
56
54
60
52
60
48
71
58
55
52
52
66
60
51
59
68
54
65
57
51
39
48
67
46
57
63
46
54
49
56
65
54
48
59
63
61
63
61
56
56
51
54
53
61
56
65
62
56
49
57
64
55
64
59
50
54
46
51
44
57
64
47
43
48
57
59
47
55
58
45
70
55
47
42
45
69
66
59
52
53
50
58
53
45
69
55
55
48
54
65
50
61
60
59
55
56
48
53
51
64
55
56
58
52
53
63
52
51
53
53
47
51
56
36
46
44
59
43
57
65
53
67
52
66
62
43
45
53
44
60
51
57
46
63
55
73
52
47
66
58
55
67
46
50
43
54
46
52
45
45
53
66
55
56
59
52
63
54
60
49
53
47
66
58
45
57
48
47
45
53
57
48
67
65
50
59
58
63
50
52
57
54
43
43
46
70
77
67
59
58
51
57
60
60
56
53
48
37
59
49
55
52
54
43
50
60
69
54
44
49
46
51
43
59
49
58
44
53
61
59
44
39
51
50
56
52
59
46
52
45
45
54
56
51
52
49
54
53
51
52
46
53
46
40
38
39
43
48
53
54
51
45
40
58
53
61
50
43
47
56
51
56
49
54
51
41
61
41
48
47
55
51
66
47
51
39
54
44
55
51
41
43
36
48
55
57
51
46
58
54
51
44
38
45
49
43
55
55
57
48
48
45
48
66
53
39
49
39
48
40
34
37
42
44
45
46
46
41
33
47
60
46
42
32
49
41
46
51
36
43
45
53
35
63
52
50
45
47
46
60
42
47
52
49
38
46
42
42
39
42
47
60
55
48
40
48
45
29
33
51
58
42
41
47
40
45
41
39
44
45
48
50
32
50
36
40
45
39
36
41
52
48
41
34
46
50
47
56
39
46
40
38
56
47
36
40
43
42
49
44
46
32
35
40
33
36
35
44
40
52
43
47
30
33
42
42
38
56
52
45
45
55
47
50
50
55
33
41
47
46
37
27
37
42
40
43
48
49
53
44
40
41
37
35
37
39
42
41
39
44
46
38
24
43
39
41
42
41
40
43
36
44
49
34
35
47
41
38
47
29
36
43
37
38
47
43
42
33
48
36
46
47
59
43
40
49
48
29
45
50
47
44
35
38
56
46
44
55
37
44
40
45
40
38
44
41
32
30
36
36
48
38
43
43
47
41
45
46
46
36
44
50
29
26
42
29
45
42
46
38
41
43
38
41
43
38
29
39
44
41
24
40
28
38
55
36
38
30
49
32
37
34
46
33
48
37
34
46
52
42
36
35
44
35
44
48
52
49
35
37
47
33
41
39
37
40
29
39
44
51
40
39
43
41
43
34
33
43
41
40
44
35
42
36
42
38
34
37
42
34
51
37
34
35
37
42
23
28
36
41
41
37
45
38
38
28
32
43
35
33
34
48
36
34
37
32
38
33
38
38
48
32
39
44
29
32
43
45
50
43
37
29
41
34
37
45
25
33
30
27
41
41
38
35
52
38
44
28
24
35
30
35
34
40
31
35
44
41
36
46
42
37
38
40
50
39
31
30
37
24
38
40
37
43
34
38
34
37
43
44
29
37
30
33
29
44
34
41
41
37
32
32
49
38
39
29
30
26
43
37
35
35
37
37
38
40
42
42
32
37
35
34
37
39
43
39
48
30
34
32
46
31
34
32
33
49
36
40
30
44
27
36
38
36
34
39
47
36
45
30
25
50
41
40
41
33
24
42
47
33
38
36
33
39
29
27
26
35
36
34
25
39
27
30
34
31
30
39
42
29
28
41
27
32
41
27
32
38
39
30
36
23
35
35
36
32
35
37
30
37
32
39
34
35
29
27
38
43
35
42
32
40
34
35
36
24
41
50
40
36
32
33
24
36
45
30
33
23
38
26
35
36
29
45
28
27
28
25
23
40
38
34
25
32
47
29
26
24
36
33
27
30
31
26
25
43
30
31
34
35
41
25
34
39
44
40
40
38
36
31
23
37
31
38
30
23
38
27
36
33
30
28
23
33
28
39
30
24
32
28
25
37
31
38
40
40
35
27
29
42
38
30
33
28
28
25
29
23
37
35
24
32
17
27
36
40
34
35
38
29
26
42
35
44
31
28
30
39
29
43
35
40
47
40
33
31
30
30
37
18
26
33
28
33
37
36
27
29
36
25
45
29
30
38
38
34
36
34
35
42
32
35
39
34
28
39
33
33
44
30
25
36
32
30
31
35
26
31
35
28
38
33
36
32
29
29
27
34
35
23
27
31
32
31
24
35
29
32
24
23
23
25
41
41
39
34
30
27
47
27
29
31
30
38
36
25
29
34
37
45
24
40
23
36
47
24
31
28
42
44
39
35
28
31
30
36
32
27
37
22
45
25
31
34
29
28
36
45
30
18
28
37
32
21
30
29
31
28
29
32
28
34
29
40
25
33
24
43
29
34
33
35
25
22
26
32
35
25
30
40
35
32
32
20
29
24
48
26
34
31
24
28
30
31
28
38
24
36
31
33
33
32
26
32
37
32
36
34
28
29
36
32
32
30
29
29
29
24
29
36
26
41
26
39
41
27
38
31
25
36
23
36
32
33
33
24
25
26
26
28
25
34
32
25
30
34
31
29
30
31
39
33
33
27
26
21
40
30
38
32
26
38
33
26
40
34
33
35
31
35
29
27
27
27
35
32
35
31
33
40
26
29
34
22
33
28
33
42
28
22
31
28
33
26
35
31
30
19
28
28
31
36
28
32
18
30
23
25
28
32
37
34
34
20
27
32
28
31
23
29
29
31
31
32
29
20
38
27
17
33
25
30
27
25
34
25
35
26
32
32
27
33
24
27
40
39
29
33
28
29
25
25
36
21
24
24
25
30
29
30
19
34
26
29
30
26
34
38
23
33
30
29
27
33
36
38
29
29
36
20
26
27
28
36
27
29
31
23
24
32
25
40
30
28
29
30
20
24
28
30
30
28
33
28
19
21
28
26
32
23
20
21
28
25
27
32
31
35
25
25
33
37
27
33
31
21
24
30
29
25
32
23
24
30
28
36
27
28
24
29
32
42
26
30
39
24
33
23
27
27
22
22
28
33
36
19
25
30
29
30
37
23
35
28
35
28
23
30
23
32
19
27
25
30
28
31
26
24
35
24
17
23
25
37
34
35
35
35
21
29
29
26
37
25
35
20
26
31
25
20
28
28
31
31
23
26
24
33
28
34
28
26
33
25
38
31
26
27
23
31
26
20
20
29
32
32
33
23
27
25
20
29
26
24
31
24
22
24
23
23
31
28
25
33
20
21
29
30
22
35
31
23
24
22
25
26
36
25
20
22
28
30
23
32
27
23
28
24
26
28
28
29
27
24
23
39
33
31
28
30
30
23
28
35
24
28
20
22
32
24
29
25
35
20
20
23
32
33
25
24
24
21
32
31
29
29
29
25
23
31
25
36
26
23
25
23
20
24
26
19
26
24
35
38
27
25
23
24
28
22
27
32
26
37
21
26
32
36
32
25
30
29
29
23
34
23
16
31
28
31
30
25
24
30
26
28
25
20
21
30
22
31
26
18
26
48
26
18
27
22
36
28
24
36
27
28
24
22
23
31
27
27
24
26
26
21
25
23
26
23
28
32
33
14
23
30
21
18
23
28
18
22
28
32
25
35
27
23
27
22
30
23
24
33
27
25
25
29
24
20
33
30
22
31
24
30
25
30
26
30
27
26
39
28
31
20
24
31
27
21
31
25
27
19
20
35
29
22
28
27
18
30
32
18
20
22
21
29
25
17
23
28
33
32
12
15
30
23
18
24
27
25
26
29
22
20
29
23
36
35
24
28
26
26
28
21
32
22
21
35
25
30
23
18
24
21
19
25
25
27
24
21
29
28
24
26
23
24
23
27
30
24
31
23
22
28
38
23
30
25
24
27
35
23
27
31
32
34
23
33
22
33
32
24
28
22
28
25
27
22
34
19
22
21
19
35
18
23
33
23
20
24
27
31
26
29
28
18
21
27
27
29
21
14
17
32
24
25
27
20
21
38
21
21
22
25
24
30
22
24
23
25
28
23
29
27
32
29
23
29
30
30
19
30
24
29
22
30
25
37
23
16
21
32
15
25
32
18
22
24
28
28
17
29
22
26
30
22
33
21
14
28
22
35
27
21
21
27
21
26
26
21
23
24
23
17
30
24
23
26
28
27
16
19
18
18
13
20
27
21
20
23
16
17
32
21
29
31
28
26
31
26
23
27
17
24
21
29
19
19
29
19
25
21
18
20
12
19
25
27
22
22
17
31
25
22
18
22
16
22
25
31
24
24
22
22
26
31
21
24
23
22
26
24
31
21
38
25
28
23
25
32
24
25
14
22
29
19
24
38
25
26
14
17
25
23
19
26
16
12
31
21
20
29
19
23
25
29
27
25
24
28
33
27
27
19
17
22
22
28
23
22
15
29
28
17
16
27
21
28
22
29
22
31
32
29
28
13
22
25
32
19
27
22
19
23
30
20
25
23
30
20
12
18
21
27
25
26
22
27
25
27
18
27
24
20
19
21
15
25
20
36
18
28
20
27
28
23
22
19
18
19
26
24
24
23
18
25
18
29
24
22
15
24
26
25
23
25
23
22
28
26
24
22
29
23
33
25
27
29
25
21
28
21
24
25
20
24
16
18
29
17
19
24
18
28
29
30
23
16
24
27
23
19
10
20
23
32
29
24
37
15
12
23
22
21
25
25
25
33
33
28
30
16
30
20
18
23
25
25
27
22
12
26
21
20
23
30
21
32
24
12
23
15
27
17
23
18
18
21
23
23
15
29
21
20
22
21
20
30
33
25
17
25
19
17
25
18
19
25
22
22
25
30
25
20
28
20
24
20
12
20
15
33
17
24
24
24
19
25
26
20
19
20
28
21
16
26
22
23
24
23
14
25
19
35
27
28
23
22
29
29
17
16
17
24
20
21
25
19
19
28
19
29
19
18
26
20
31
32
14
30
17
20
23
21
16
16
15
22
16
30
24
22
24
22
24
26
19
17
24
23
26
19
22
21
19
22
20
22
25
23
18
38
19
20
30
24
34
26
20
18
18
17
21
20
19
12
24
22
22
12
24
21
30
18
27
19
28
24
19
23
22
28
28
25
21
23
25
23
25
22
17
25
23
13
23
22
22
24
20
34
22
33
23
22
21
24
19
17
16
23
28
23
22
28
24
24
32
22
18
27
17
28
20
17
19
25
20
22
27
19
20
24
16
22
21
18
17
17
25
22
27
25
20
23
29
25
26
24
19
26
19
20
22
29
18
24
24
27
24
22
18
27
21
16
21
33
29
21
26
35
28
26
21
22
25
22
26
24
17
22
18
22
16
25
22
22
30
31
24
21
27
27
29
18
21
27
26
19
17
27
26
12
28
20
21
22
22
16
18
22
23
21
19
20
18
22
29
20
14
22
19
27
37
17
21
19
18
18
20
18
36
24
16
22
26
19
21
19
28
27
20
26
25
26
25
13
26
13
22
27
21
22
30
22
19
26
20
23
15
29
14
25
17
24
25
19
24
22
27
17
21
18
31
14
25
16
20
19
20
18
21
20
21
20
17
14
14
22
24
22
21
19
31
18
26
25
20
18
19
23
24
15
18
20
29
12
23
23
14
20
15
22
23
27
26
26
18
27
22
27
31
24
21
12
17
21
21
19
28
38
30
25
30
18
20
15
21
29
16
15
14
26
18
28
15
22
16
22
21
23
26
28
21
14
20
23
25
29
19
20
24
19
22
22
16
28
23
17
27
31
20
19
29
19
23
19
20
27
16
17
15
17
23
20
16
24
17
13
17
21
21
15
11
15
14
24
15
25
22
18
18
18
17
15
25
10
21
21
17
22
18
26
18
21
28
19
32
19
19
20
17
22
13
24
21
31
27
27
22
14
21
27
15
15
27
21
17
13
23
31
23
25
18
20
23
15
29
21
16
20
15
14
22
20
20
14
21
28
19
20
13
13
18
26
13
9
24
19
31
21
23
22
25
18
14
17
12
14
15
15
26
23
30
21
22
23
18
14
22
26
26
29
19
25
21
16
23
31
21
11
21
13
25
25
32
24
19
20
23
18
22
23
28
17
22
25
26
17
19
20
23
22
17
25
19
19
11
15
27
24
19
18
14
11
20
23
24
22
20
13
14
11
23
24
17
20
13
22
28
23
15
24
19
19
12
24
19
18
19
19
23
18
19
19
19
27
20
23
19
29
22
15
29
16
20
24
19
23
15
10
11
17
15
17
19
22
21
16
28
20
15
22
18
13
23
23
17
25
25
17
20
24
22
25
23
19
28
22
30
24
12
17
19
19
25
16
17
21
23
20
19
16
20
18
24
18
29
18
18
21
13
18
13
17
16
20
26
25
26
23
22
13
21
21
28
25
28
21
21
33
25
21
21
12
20
30
25
14
20
17
28
14
22
22
19
20
14
29
21
25
22
18
21
30
20
19
26
16
25
24
14
20
25
19
22
16
26
13
20
26
19
20
23
15
26
23
17
13
27
21
20
27
14
26
15
17
22
15
24
31
18
21
32
15
10
17
18
21
18
18
18
28
17
22
28
20
15
30
26
15
20
24
20
22
25
13
23
21
23
19
22
26
21
20
23
22
26
16
25
12
16
19
18
19
24
31
22
14
20
18
19
18
25
22
11
16
18
20
15
35
22
14
20
13
20
29
21
30
20
26
13
21
19
14
21
20
22
20
16
22
16
20
20
23
26
26
16
21
20
18
17
22
16
18
16
22
17
19
16
22
26
20
24
23
18
22
17
18
19
15
10
17
20
16
17
10
20
19
22
18
18
22
28
18
15
20
20
26
15
22
12
21
20
21
23
29
25
23
28
25
13
16
17
13
18
15
25
23
28
19
8
21
25
20
23
20
18
13
37
20
20
23
20
18
21
24
19
18
25
26
15
16
14
21
16
22
14
17
30
20
20
19
20
23
17
28
22
20
31
25
19
17
29
29
22
22
17
26
14
19
23
21
20
20
21
23
21
26
13
25
21
23
25
22
21
21
19
29
18
23
19
21
26
11
16
21
24
14
18
17
19
24
18
17
21
25
17
15
24
14
14
21
23
18
18
18
20
21
27
16
19
21
23
16
17
15
21
18
31
15
15
18
19
16
13
22
16
27
17
23
22
22
11
25
18
23
21
19
18
26
14
13
24
24
19
17
16
24
31
19
24
23
14
25
23
16
24
27
16
13
21
23
27
18
24
21
12
20
17
20
22
17
17
23
17
14
15
20
17
18
21
18
23
22
20
14
21
10
13
20
18
17
17
18
20
11
18
20
14
14
29
14
21
22
12
20
22
21
23
18
15
16
22
16
24
16
16
22
22
17
12
21
25
25
20
23
19
19
25
20
19
19
18
13
24
23
10
17
7
18
22
16
25
18
18
13
24
17
22
17
17
27
16
22
18
15
17
24
22
23
21
22
21
22
17
21
14
29
15
26
15
26
16
23
19
16
17
15
22
12
21
21
27
22
20
26
21
22
20
20
15
15
18
27
26
14
16
19
13
23
15
20
23
20
20
20
16
16
17
13
14
29
23
23
23
18
15
20
25
18
31
20
19
17
18
23
28
15
15
15
20
20
18
20
13
17
17
20
17
22
20
23
20
16
17
25
14
23
18
19
20
23
17
22
20
14
18
24
18
17
11
14
14
21
18
25
18
23
24
8
22
13
23
14
17
22
15
22
17
15
13
13
18
22
22
18
19
16
20
18
17
17
23
17
20
18
18
19
22
10
16
26
22
22
13
14
24
14
24
22
18
14
22
18
21
20
18
17
23
18
19
17
23
20
12
18
16
19
17
13
21
18
15
16
16
15
21
17
27
19
19
22
21
21
19
12
22
12
11
18
29
20
14
11
25
18
14
16
12
22
22
31
21
29
21
14
12
22
18
15
20
16
15
26
21
18
16
16
22
26
19
31
24
20
24
12
17
28
22
16
26
28
23
21
17
20
19
17
22
20
16
26
21
19
20
24
9
16
22
15
15
21
19
20
18
18
16
19
17
21
26
15
19
19
27
18
28
33
16
14
21
18
19
19
13
31
20
19
21
20
20
26
21
16
17
25
19
21
21
17
18
19
22
24
23
19
18
21
24
20
19
24
17
23
24
20
19
22
18
29
11
29
24
16
18
12
20
13
15
16
21
23
22
20
11
15
22
18
17
20
18
19
26
18
22
20
21
19
21
20
21
17
33
18
17
13
18
20
27
23
21
16
21
25
13
23
17
18
18
27
17
23
19
19
18
16
17
20
17
31
19
23
19
18
17
26
20
22
23
26
18
18
27
23
21
19
17
29
17
22
17
28
22
19
33
18
25
27
16
14
29
26
22
15
24
18
23
21
26
23
16
28
18
14
26
33
15
16
22
19
17
16
12
17
26
24
20
20
25
25
17
16
20
22
19
21
20
21
15
29
19
16
20
21
16
19
14
21
27
22
18
16
19
19
18
23
20
20
20
15
17
22
18
15
18
17
15
22
17
28
21
27
21
15
21
19
23
16
25
20
25
23
18
26
25
16
8
16
18
19
22
19
21
18
14
25
28
21
13
28
19
25
19
17
17
19
18
19
17
19
21
16
24
23
15
26
15
20
12
27
20
22
20
23
22
15
31
22
17
25
26
25
18
11
22
19
11
21
17
19
21
15
18
23
18
16
15
20
20
23
24
22
24
18
22
21
27
27
17
33
22
20
23
14
24
18
13
20
18
14
27
16
21
22
23
21
16
32
17
19
9
32
26
17
13
22
12
16
25
19
21
12
18
13
26
12
13
14
22
15
17
27
15
16
20
29
21
32
15
15
19
20
18
19
15
15
27
20
20
18
23
13
14
16
18
19
27
18
21
28
20
11
20
23
13
15
19
20
25
19
23
20
21
15
25
16
11
19
24
17
23
27
24
15
18
21
13
15
23
18
17
9
17
19
27
22
17
17
18
16
18
15
12
15
13
20
14
18
13
17
28
19
21
14
14
19
21
18
17
11
16
13
13
12
22
21
14
20
23
8
17
20
20
22
15
16
11
10
15
15
16
15
17
16
21
24
15
14
23
23
20
24
13
9
19
13
17
19
18
15
13
15
15
17
26
21
9
24
17
18
10
19
20
21
18
20
24
15
20
18
18
19
14
23
14
23
16
20
16
13
17
19
27
9
17
19
14
15
14
22
25
17
22
15
12
19
12
24
16
21
6
19
21
15
16
16
18
15
28
24
7
17
18
13
14
18
17
17
13
19
15
18
22
22
16
25
20
18
13
13
24
14
14
14
11
16
21
20
17
12
20
15
19
17
16
24
15
16
15
17
20
13
15
13
23
16
14
16
10
18
17
20
14
13
14
12
19
13
19
13
16
15
11
24
16
13
18
20
26
20
15
14
20
9
17
20
19
15
14
15
19
12
21
17
16
22
14
16
20
18
17
20
10
14
25
15
17
14
9
8
27
18
18
11
15
19
17
27
24
16
15
14
18
15
14
14
14
13
24
9
16
11
18
15
19
18
23
21
11
18
23
17
16
17
22
13
22
16
14
11
22
8
14
17
12
14
20
20
17
19
15
13
20
16
18
21
11
17
16
22
23
18
15
12
13
9
5
17
13
16
15
22
13
10
12
15
18
24
22
17
15
22
14
12
17
15
12
14
18
17
18
18
13
14
13
17
14
13
16
17
19
7
18
14
15
21
12
10
19
17
17
19
17
12
15
20
18
14
16
10
11
9
11
18
16
20
21
14
15
14
20
16
19
12
19
15
12
18
18
19
15
17
20
16
18
12
20
15
16
16
26
18
12
18
10
18
17
14
17
10
17
17
14
18
18
19
14
11
14
13
17
11
20
12
22
13
14
14
10
14
22
19
14
10
19
17
15
16
16
26
26
12
20
13
15
22
16
14
13
26
16
14
9
14
19
16
13
13
17
22
19
16
23
16
15
12
15
10
13
18
11
10
17
15
19
16
18
17
19
20
19
18
15
17
20
17
17
16
12
12
19
13
19
13
13
15
14
16
11
11
14
12
21
17
19
21
14
21
16
18
18
13
25
18
21
18
15
19
14
14
23
24
19
25
12
12
17
17
23
15
18
11
23
19
21
13
22
11
15
14
15
12
13
10
11
17
15
16
18
7
10
15
14
15
11
18
17
17
13
14
13
21
11
15
10
18
17
21
16
19
16
16
22
14
13
21
11
10
11
9
21
23
11
17
9
16
17
17
22
19
14
12
17
13
22
25
15
15
17
17
21
23
17
13
20
11
19
23
16
16
14
11
17
17
15
15
8
12
14
20
16
15
20
16
10
12
19
18
13
14
24
13
14
19
14
14
14
18
15
15
12
9
16
25
13
18
12
20
20
20
15
13
13
17
13
18
21
10
20
15
16
22
14
14
16
15
13
19
17
20
13
19
13
13
11
11
13
20
18
13
14
17
17
13
11
20
12
19
14
6
19
12
13
18
12
16
15
15
14
14
14
12
20
11
12
10
20
17
14
16
15
11
15
15
14
16
18
12
14
17
19
18
16
13
17
14
9
14
17
23
12
18
7
17
7
12
17
13
8
19
18
10
9
15
15
10
11
15
13
10
21
11
13
15
15
14
12
20
11
15
15
5
14
17
11
10
23
16
18
16
17
18
13
12
13
14
10
11
13
14
16
14
14
9
7
14
9
13
13
12
13
9
10
9
14
15
13
9
8
16
9
12
20
8
14
8
12
11
10
10
17
8
10
19
15
13
13
10
10
12
10
11
13
11
13
14
10
14
9
13
15
11
17
17
15
14
18
12
8
12
13
15
7
11
15
9
10
15
17
14
13
15
13
11
14
13
12
15
17
12
17
11
19
14
12
17
14
13
17
12
20
13
8
12
10
7
13
13
11
12
12
7
11
9
14
13
12
12
9
13
18
10
13
15
14
13
13
14
20
14
13
16
20
12
17
9
13
8
19
14
12
12
10
12
11
8
12
15
8
14
19
11
11
13
10
8
12
9
10
9
9
10
13
13
15
14
6
21
14
13
10
18
10
9
18
14
16
19
16
14
7
18
15
13
18
18
21
21
14
18
18
12
13
16
13
16
13
14
15
18
21
14
19
13
18
20
20
11
15
28
15
25
21
17
19
13
20
20
21
20
18
19
14
20
26
37
27
26
27
45
30
29
52
61
78
90
83
83
120
121
103
115
83
80
77
54
70
53
47
43
38
39
22
19
32
23
21
17
11
11
16
9
20
10
18
14
9
9
10
7
12
13
12
17
10
11
8
12
9
7
9
10
10
11
6
10
2
12
18
8
8
9
7
9
10
9
16
8
6
12
11
11
5
11
10
14
12
6
9
9
10
9
12
15
11
6
7
13
9
12
6
11
17
14
14
9
14
14
13
13
8
9
11
10
5
11
11
16
8
7
10
8
8
4
15
7
13
10
9
10
9
15
12
9
8
8
18
9
18
11
9
14
16
9
11
9
12
14
14
8
14
6
13
9
16
18
16
15
12
16
11
13
11
17
13
13
13
8
7
9
14
9
8
6
14
15
9
10
12
15
6
10
16
9
13
11
4
9
6
14
12
14
11
13
12
19
15
15
12
16
12
13
15
12
13
10
6
19
16
14
10
13
10
16
17
17
15
15
12
11
9
13
20
16
21
9
15
22
12
16
23
7
15
27
21
18
11
13
20
25
23
21
18
26
18
14
23
18
20
12
9
13
14
8
8
7
5
6
4
4
10
5
7
3
6
6
8
4
4
4
5
2
5
4
4
2
2
3
4
4
7
8
6
6
6
6
3
3
8
7
7
5
8
5
6
3
5
7
7
6
3
2
3
6
5
5
4
2
2
6
4
5
2
8
4
4
2
6
4
3
4
8
6
9
4
5
4
4
3
3
4
6
6
9
3
5
2
3
2
4
7
4
4
5
3
5
7
6
7
1
8
6
3
5
2
1
5
4
4
6
3
5
5
3
5
0
6
6
10
5
5
9
4
5
5
4
0
5
10
6
5
7
5
5
5
8
3
4
1
1
4
5
2
4
2
1
5
5
5
5
6
6
2
5
2
4
4
2
6
5
3
3
1
2
5
3
6
7
6
4
2
3
5
2
5
3
8
4
2
9
7
4
7
6
4
6
0
3
3
7
3
4
4
5
3
5
6
2
4
6
7
5
3
4
4
6
5
4
5
2
6
4
4
5
8
6
7
3
1
2
6
3
6
3
2
4
4
4
4
3
5
3
3
5
4
4
8
4
6
5
7
2
2
6
5
9
3
2
6
3
2
1
2
9
6
8
3
7
10
2
5
6
5
7
4
1
5
4
4
2
4
5
5
8
7
3
2
4
3
4
5
3
3
5
6
4
3
4
1
5
1
5
3
4
7
4
4
6
3
3
3
3
0
2
2
6
2
3
3
3
3
9
2
2
2
6
6
3
8
2
10
6
4
4
6
2
4
4
4
9
5
2
6
4
4
5
1
5
3
4
5
3
9
4
7
3
3
7
7
5
2
5
4
5
4
6
7
4
8
2
4
6
2
3
5
3
3
6
4
4
9
4
3
6
4
0
8
2
7
3
3
8
5
4
4
3
5
5
3
3
5
5
5
2
6
5
3
1
5
4
3
4
7
6
5
1
7
3
6
6
7
4
2
2
5
3
3
3
3
3
4
3
2
4
7
5
3
4
6
4
1
7
2
11
3
2
9
4
8
5
4
6
5
6
3
4
4
2
3
7
2
7
8
5
5
5
3
4
6
2
3
10
3
5
3
4
9
4
9
8
3
7
2
4
4
8
9
4
7
4
4
9
4
7
8
10
7
7
5
6
14
5
10
6
10
2
7
5
8
5
5
5
5
2
7
12
6
8
11
10
7
8
5
8
7
10
4
8
8
3
12
7
5
9
8
11
4
7
8
10
10
11
7
6
12
8
7
6
15
10
11
16
18
9
7
13
16
18
12
15
10
9
16
11
16
13
15
13
21
15
8
13
12
16
11
12
22
26
33
37
25
39
51
60
78
117
130
139
183
201
203
234
207
190
184
168
152
130
116
95
70
62
61
37
39
36
30
23
21
12
17
11
8
14
8
8
10
3
6
4
4
8
4
3
3
2
2
3
7
5
3
5
2
1
4
4
6
10
7
3
2
7
6
6
1
6
4
5
6
3
3
3
4
6
4
6
7
6
1
6
2
4
9
9
5
7
1
4
6
7
6
6
5
6
4
3
2
9
7
0
3
4
8
5
6
5
1
5
8
13
1
5
2
4
8
2
6
3
1
3
4
3
7
8
6
6
6
10
4
4
8
3
3
3
8
1
9
1
8
9
3
5
6
2
7
7
7
5
4
6
6
5
7
5
4
0
5
8
4
5
5
5
4
5
3
6
4
6
3
8
8
8
3
7
10
4
4
2
11
7
4
4
11
3
6
9
9
6
14
12
11
7
8
5
6
5
8
6
7
6
7
6
9
2
8
5
11
9
7
8
11
6
18
4
10
5
6
9
9
13
6
9
14
8
10
14
14
8
15
20
12
18
18
12
22
11
17
6
9
12
4
2
12
1
2
2
2
1
2
2
2
0
3
1
1
1
1
0
1
2
0
0
2
1
0
0
2
1
0
2
3
1
1
2
1
2
2
0
1
0
3
0
1
2
1
0
0
0
0
2
2
2
1
1
3
2
0
3
0
2
1
3
2
2
0
3
0
1
0
1
1
1
1
0
3
1
2
0
1
0
0
0
1
1
1
0
2
1
3
1
2
2
3
2
0
0
1
1
0
4
0
1
0
0
1
0
1
1
1
1
0
2
0
0
2
0
0
1
2
3
1
3
1
1
1
1
1
0
1
0
0
5
0
3
0
3
0
0
0
3
0
1
1
1
1
2
0
3
0
0
0
0
2
1
2
1
1
1
1
3
0
0
3
0
2
0
3
3
1
2
1
2
0
0
1
1
1
4
0
3
1
1
1
1
3
1
0
0
0
1
2
1
0
2
1
0
0
1
0
0
1
0
0
1
2
0
0
3
0
1
1
0
1
2
1
0
1
0
1
1
2
2
0
0
1
4
0
2
1
2
0
2
1
1
0
0
3
0
0
3
1
0
2
1
1
1
0
0
0
1
0
1
1
3
1
0
1
0
3
0
0
0
1
1
0
1
0
0
0
0
0
0
1
0
2
1
0
0
1
0
0
0
2
3
2
0
2
0
0
0
0
0
0
3
1
0
1
1
1
0
1
2
1
4
0
1
0
1
0
0
1
3
1
2
1
2
0
1
0
0
1
0
0
1
0
1
0
0
0
1
4
4
1
1
1
4
2
1
0
0
0
1
0
1
0
2
1
1
1
1
1
0
1
0
0
0
0
1
1
1
0
2
1
2
0
0
2
0
0
1
0
0
0
1
0
0
2
2
2
0
0
1
0
1
1
0
2
0
0
1
0
0
1
0
0
0
0
0
0
0
0
2
0
0
1
2
3
0
0
3
0
2
0
0
1
2
1
0
1
1
0
1
4
1
1
1
1
2
0
1
0
1
2
1
0
0
2
0
2
0
0
1
0
0
0
1
2
1
0
0
1
2
0
1
2
0
1
0
2
0
2
0
0
0
0
2
1
1
1
0
2
1
1
2
1
1
1
0
1
0
3
3
0
1
2
0
2
0
2
1
1
4
0
1
0
0
0
1
0
0
1
2
0
0
1
0
0
0
1
1
0
0
0
0
1
2
0
1
3
1
2
2
0
0
2
0
0
0
0
1
1
2
1
0
2
1
1
0
0
1
0
0
1
2
0
2
2
1
1
1
3
0
0
1
1
0
0
0
1
0
0
1
2
0
1
0
0
1
1
2
0
0
0
0
1
1
1
0
1
0
1
0
0
0
2
2
0
1
0
0
3
1
0
4
1
1
0
1
3
1
2
0
0
1
0
1
2
1
0
0
0
0
0
1
1
0
0
0
0
1
1
0
2
0
0
1
0
2
1
1
0
1
0
2
0
1
0
0
1
1
0
1
0
1
0
0
1
1
0
0
2
0
2
0
1
1
0
0
0
2
1
0
1
1
1
1
0
1
0
1
3
0
0
0
0
0
0
0
0
1
0
1
1
0
1
0
1
0
0
1
0
0
1
0
0
0
0
0
1
0
2
0
0
0
1
1
1
0
0
1
0
0
1
0
0
2
0
4
0
1
0
0
0
1
1
0
1
2
2
0
1
1
0
0
1
1
1
0
0
1
1
2
0
1
0
0
0
1
0
2
2
1
1
0
1
0
0
0
0
0
0
0
2
0
0
2
2
2
0
1
2
1
1
0
1
0
1
0
0
0
0
1
0
0
0
0
0
0
0
1
0
0
1
1
0
1
1
0
0
0
2
0
1
0
0
0
2
2
0
2
1
0
1
1
1
0
1
0
0
0
0
1
2
0
0
0
1
0
0
1
1
0
0
0
1
1
1
0
0
3
1
0
0
0
0
1
0
1
2
0
1
0
0
0
0
1
0
0
0
0
0
2
0
0
0
0
0
1
0
0
0
1
0
1
2
0
2
1
0
1
1
0
1
1
0
2
1
0
2
1
1
0
2
0
1
0
0
1
0
1
1
2
0
1
0
0
1
0
2
0
0
0
0
0
0
0
0
0
0
1
1
0
0
1
2
1
0
1
1
0
1
1
0
0
1
2
1
1
0
2
0
0
1
0
0
1
0
0
0
1
1
0
1
2
0
0
1
0
1
2
2
2
0
2
2
0
0
2
0
0
1
1
1
0
0
2
0
0
1
0
1
0
1
0
1
0
0
2
0
0
0
0
1
1
1
0
0
0
1
0
0
0
0
1
0
0
0
0
0
0
2
1
0
0
0
0
0
1
2
0
0
0
0
0
0
2
1
1
0
0
0
1
1
1
0
0
0
0
1
0
0
0
0
0
0
1
0
0
1
0
0
0
0
1
0
3
0
1
0
0
0
1
1
1
0
0
0
0
0
0
1
0
0
1
1
1
1
0
0
1
0
1
2
0
1
0
1
1
1
2
0
0
0
0
0
0
0
0
0
2
0
0
0
0
1
1
0
16
43
39
38
46
47
48
61
42
63
46
74
69
74
87
74
124
113
112
124
151
155
152
174
189
196
216
198
283
271
335
290
384
424
367
437
472
515
501
525
596
594
599
695
734
771
832
822
889
914
962
1039
1047
1101
1168
1271
1273
1326
1351
1318
1412
1517
1540
1642
1599
1680
1801
1838
1876
1967
2050
2081
2107
2187
2262
2373
2425
2526
2528
2654
2786
2840
2986
3021
3056
3208
3328
3366
3537
3695
3784
4039
4247
4403
4594
4688
5150
5270
5417
5741
5992
6421
7165
8465
10744
16327
27557
49352
83910
126832
165860
185413
182245
159516
128818
102128
81917
68399
57583
49637
42888
36995
32632
28664
25941
23895
22003
20807
