0
0
0
0
0
0
0
0
0
0
0
0
0
0
0
0
0
0
0
0
0
0
0
0
0
0
0
0
0
0
0
0
0
0
0
0
0
0
0
0
0
1
0
0
2
5
20
17
16
14
27
17
24
22
35
33
40
28
40
39
34
53
42
56
40
36
59
45
51
69
56
49
62
58
63
68
67
72
73
77
72
79
75
70
75
93
94
99
105
108
109
142
170
172
204
228
272
362
411
517
609
769
958
1167
1616
2287
2795
1564
906
661
512
281
175
162
134
135
146
148
133
160
148
177
191
194
237
265
298
306
345
337
398
427
444
475
464
518
543
589
574
638
670
627
635
668
642
564
422
287
283
240
207
230
222
245
252
289
348
351
411
472
456
521
573
559
602
593
618
594
523
472
371
330
299
273
291
310
351
323
390
442
457
468
541
552
532
586
540
471
433
429
347
356
343
341
358
380
437
457
519
477
531
582
588
535
555
527
457
487
429
465
397
416
415
401
439
465
503
458
470
520
514
557
493
512
558
546
533
508
542
492
417
456
471
486
494
483
495
479
479
477
503
522
532
562
592
580
546
612
531
554
519
558
538
541
558
554
536
539
499
521
540
529
501
518
486
506
586
568
561
573
600
541
591
542
586
527
591
578
594
530
577
522
596
547
560
551
609
582
585
530
591
527
541
632
594
598
586
616
592
576
544
588
583
573
575
561
638
607
548
550
639
594
578
618
620
623
615
584
590
646
584
615
609
614
615
638
657
607
642
592
618
599
658
614
628
587
655
620
600
625
621
620
641
599
632
617
678
653
610
658
636
609
606
665
620
618
612
636
634
591
642
625
621
614
648
641
607
624
600
634
635
616
627
578
633
576
617
620
653
626
677
627
624
628
637
621
660
592
645
673
606
610
641
610
639
634
580
686
640
630
668
599
627
666
611
643
678
682
618
669
676
640
632
608
641
647
620
589
641
689
641
652
648
649
708
629
646
674
693
640
666
683
627
645
654
634
633
667
675
622
632
637
613
678
649
645
654
646
720
644
643
623
680
671
623
611
640
707
627
629
701
635
637
675
686
645
681
674
607
685
652
653
696
662
671
651
670
652
629
659
702
647
609
709
681
610
692
635
639
664
643
702
672
674
665
674
686
687
680
639
637
651
647
624
640
704
632
621
664
689
681
696
676
617
679
623
667
654
641
619
691
717
689
658
688
703
666
702
681
643
687
669
648
643
682
685
713
629
681
635
663
674
705
730
673
662
653
682
670
690
706
684
701
664
700
657
664
692
647
670
661
625
697
662
690
673
660
670
676
666
678
701
658
692
714
683
675
682
647
639
666
657
674
673
687
690
619
588
646
635
659
676
675
641
685
646
675
605
664
644
628
657
658
704
689
686
648
634
670
682
643
664
687
711
686
598
680
697
688
709
673
697
691
641
646
657
651
710
658
729
672
706
679
697
699
658
663
657
623
644
684
673
694
693
670
671
694
680
693
662
654
698
693
719
720
663
679
644
676
720
667
659
698
673
662
693
763
724
658
698
654
718
743
701
739
697
659
710
631
733
706
687
699
684
706
691
744
714
706
738
758
729
759
721
731
741
738
728
681
752
716
717
720
749
693
759
781
739
765
768
764
769
762
795
764
758
800
767
758
787
825
810
784
820
776
808
811
800
815
796
811
775
821
798
795
797
860
778
787
762
808
827
812
819
813
846
827
847
848
813
783
783
810
802
887
811
836
774
857
824
809
857
843
857
792
797
843
846
805
799
818
821
869
796
852
756
870
819
792
759
809
810
818
795
844
839
833
807
801
861
834
817
777
777
770
791
815
781
780
801
774
773
812
813
790
833
797
760
751
831
803
779
785
732
798
835
813
796
801
796
795
819
759
806
785
776
802
778
838
776
721
741
843
765
804
795
729
750
761
793
734
827
767
784
781
766
798
761
814
764
731
730
723
715
781
714
799
745
733
737
717
800
753
786
777
721
719
713
690
686
746
749
730
764
742
717
743
727
722
748
734
678
698
714
704
732
724
719
725
763
736
749
712
709
731
736
681
709
730
699
708
768
732
777
675
737
727
706
725
732
669
700
718
676
701
704
715
718
686
727
662
664
681
705
743
722
669
715
699
698
669
672
712
702
699
699
726
733
684
739
714
686
656
663
649
635
693
680
687
701
689
699
650
708
687
673
650
717
720
636
752
672
676
696
667
649
670
666
730
647
729
658
671
663
644
703
644
692
684
694
659
686
652
683
638
674
686
619
672
629
641
630
662
642
685
691
654
620
634
616
644
668
661
642
625
635
633
633
600
675
657
675
621
692
575
669
625
636
629
611
608
613
599
632
602
629
620
631
665
652
599
658
630
613
630
628
612
623
642
612
575
586
623
609
609
630
583
629
579
629
577
641
608
635
623
602
617
599
600
611
601
538
600
600
585
637
593
589
561
618
625
620
554
592
598
582
552
601
582
552
579
604
581
605
566
603
575
569
545
558
576
612
594
540
573
619
552
559
595
599
552
540
563
612
589
577
613
535
550
574
538
538
587
580
578
539
532
637
609
569
566
528
550
606
576
578
595
571
541
553
553
574
540
539
561
571
540
602
516
536
549
516
576
560
544
554
577
537
508
551
544
542
592
556
541
562
561
554
558
543
518
504
598
538
555
541
569
528
525
514
558
553
574
541
563
577
564
547
546
571
532
505
530
523
530
551
506
617
535
509
572
550
534
536
533
534
572
554
546
586
517
576
548
514
502
522
585
493
570
516
535
540
510
573
502
537
514
547
550
560
572
553
554
505
535
522
539
564
524
541
537
519
541
530
546
518
530
546
540
572
505
514
542
513
541
534
547
492
515
566
541
553
519
519
585
521
540
577
579
548
519
547
512
553
524
527
509
501
538
515
552
520
535
549
532
498
532
583
547
523
555
544
553
533
536
547
524
499
570
529
518
556
559
549
571
544
525
538
571
515
525
545
514
560
530
540
494
530
554
512
525
496
540
532
494
546
504
482
518
572
516
471
540
542
515
521
558
557
555
516
517
501
534
518
503
512
527
542
493
501
522
561
484
532
519
522
520
507
502
494
490
522
511
485
521
476
489
536
498
510
515
492
507
523
479
485
490
512
494
443
473
483
469
470
482
468
454
496
455
450
461
470
444
476
460
498
475
438
420
447
461
440
456
457
476
510
477
489
463
434
443
467
474
424
439
437
423
414
476
430
416
419
390
444
489
429
390
424
401
396
410
405
402
436
395
387
427
397
389
429
368
396
429
362
406
387
387
371
391
406
386
352
362
360
357
373
343
380
365
347
329
357
357
371
348
379
322
338
360
377
374
356
346
344
365
343
376
331
326
330
340
309
343
333
324
377
355
334
349
297
325
328
302
305
323
350
336
311
327
313
303
304
311
310
344
317
284
276
298
285
289
295
299
295
326
294
306
299
280
288
284
311
305
298
275
294
314
306
304
288
300
328
292
305
306
277
311
290
259
278
279
303
269
280
235
295
264
277
285
273
300
258
272
266
265
265
271
268
287
241
288
240
264
264
293
260
255
254
267
251
240
269
256
263
260
262
268
279
250
250
254
237
239
255
269
244
265
263
262
271
230
267
277
257
235
253
254
220
266
263
222
273
241
226
235
219
263
257
242
234
232
233
244
253
260
209
239
216
215
238
258
252
250
203
234
222
263
246
240
242
238
265
234
242
257
252
246
225
247
251
203
241
255
223
212
222
245
223
216
242
216
236
249
238
233
190
218
235
226
210
223
245
195
217
232
232
222
222
228
211
223
213
212
250
219
229
231
229
217
205
223
218
222
206
237
214
199
215
214
216
224
214
213
215
206
198
215
217
204
222
200
212
200
212
235
221
201
252
211
227
206
204
200
206
199
212
206
203
190
213
216
211
196
218
199
208
229
204
190
216
192
207
232
231
231
195
183
178
233
193
204
223
203
213
190
203
181
228
191
201
208
207
194
202
226
197
198
222
190
223
189
216
203
208
203
206
186
207
196
210
205
191
196
208
212
216
174
198
208
181
203
201
188
201
213
181
179
171
184
200
189
201
220
181
219
200
206
213
207
186
227
198
177
213
180
198
164
188
175
202
183
197
176
185
203
195
195
174
202
197
185
175
188
188
186
201
208
192
194
181
191
195
206
203
183
179
181
209
197
178
162
179
197
192
193
173
185
198
200
186
203
192
201
176
203
177
205
193
184
196
189
184
161
172
186
184
210
191
193
198
186
199
181
199
196
198
174
181
190
195
191
176
203
168
191
188
199
192
187
191
203
200
179
200
175
190
178
199
182
195
188
182
202
187
204
178
169
197
177
178
200
181
183
178
196
176
182
190
192
194
190
175
204
185
167
169
204
203
213
173
179
193
184
195
196
167
198
166
191
176
170
182
191
185
182
214
186
185
209
198
204
176
199
177
197
193
199
183
206
211
201
187
205
193
202
195
197
200
199
204
173
193
193
209
203
234
213
197
205
204
214
182
217
213
216
208
216
233
256
217
228
224
233
251
269
210
233
249
265
258
250
251
284
264
288
258
262
301
272
282
263
241
264
257
308
300
278
321
324
293
314
339
307
340
345
323
396
354
360
378
342
410
344
393
407
419
435
429
456
479
471
486
456
478
488
502
540
505
520
523
535
522
536
544
567
624
629
617
592
668
636
684
661
691
703
716
685
709
725
751
753
775
765
855
823
783
819
846
933
947
894
942
895
939
957
970
1004
1032
1087
1178
1034
1105
1138
1106
1162
1219
1223
1238
1279
1262
1266
1249
1317
1265
1351
1385
1370
1434
1433
1455
1460
1496
1453
1523
1619
1509
1662
1590
1602
1697
1766
1786
1638
1859
1816
1824
1798
1864
1996
1907
2027
1992
2089
2018
2107
2027
2054
2147
2152
2228
2184
2262
2323
2310
2299
2306
2380
2415
2364
2414
2395
2420
2544
2517
2493
2599
2555
2440
2607
2659
2628
2719
2685
2743
2766
2672
2805
2771
2796
2839
2862
2890
2991
2856
2966
3042
3095
3053
2934
2975
3102
3096
3080
3097
3063
3275
2973
3154
3235
3217
3179
3329
3159
3235
3172
3223
3297
3130
3118
3277
3186
3230
3451
3220
3319
3358
3269
3190
3309
3416
3387
3330
3358
3347
3408
3376
3342
3344
3348
3373
3406
3348
3319
3361
3190
3221
3297
3306
3321
3213
3252
3240
3242
3262
3151
3208
3251
3152
3194
3197
3118
3137
3112
3115
3145
2975
3063
3024
2931
3071
3020
2986
3112
2986
2821
2836
2936
2989
2881
2791
2810
2852
2798
2740
2742
2664
2687
2601
2566
2756
2620
2594
2449
2562
2485
2552
2474
2469
2382
2360
2392
2422
2237
2221
2250
2243
2207
2196
2141
2084
2156
2016
2093
1948
1979
1954
1899
1922
1948
1820
1881
1822
1782
1766
1757
1752
1640
1668
1634
1684
1573
1580
1496
1508
1567
1519
1431
1490
1394
1393
1376
1349
1313
1342
1282
1319
1293
1250
1198
1167
1129
1185
1161
1136
1059
1101
1042
997
1020
985
1021
1021
972
942
911
890
842
837
844
800
815
809
807
814
754
734
745
701
737
674
672
686
693
647
672
582
600
576
565
571
577
517
548
571
513
531
528
482
525
507
477
450
487
519
461
445
440
446
414
398
379
415
391
392
394
374
385
351
338
345
325
318
324
336
324
324
328
287
301
272
302
289
339
265
283
251
292
265
254
244
250
262
229
208
262
250
238
228
249
216
225
229
224
234
218
213
225
186
204
197
200
195
185
200
175
189
194
180
190
189
192
196
187
168
152
179
183
173
156
160
161
162
177
196
163
170
159
169
131
168
152
166
156
180
150
142
144
148
142
146
147
136
142
151
148
140
166
156
147
149
137
151
144
141
138
103
134
132
135
141
137
144
129
121
140
148
116
148
108
109
134
136
132
148
111
124
114
139
108
122
120
122
119
125
117
126
122
105
121
109
102
93
116
110
115
115
113
118
120
109
122
108
117
110
111
111
103
120
119
105
115
115
132
118
105
116
111
88
105
103
113
116
101
111
90
103
113
113
107
95
109
105
116
112
118
119
95
118
107
88
108
107
98
100
97
117
95
91
103
105
103
95
120
111
107
97
124
102
89
102
83
99
101
112
101
97
111
90
96
110
108
109
82
101
109
101
85
97
99
99
105
103
91
110
98
121
101
99
99
119
72
101
91
110
90
104
106
107
94
97
106
94
83
100
101
80
86
121
78
94
92
93
91
99
88
110
104
104
92
98
93
91
119
107
115
106
104
95
95
109
110
73
100
115
115
118
105
105
95
96
93
88
100
97
88
82
84
89
95
99
99
97
111
72
113
102
100
89
81
117
104
96
80
86
89
100
99
84
88
99
101
117
91
112
83
98
94
98
81
92
103
85
97
99
88
97
85
102
103
106
93
111
87
100
96
88
91
99
116
103
94
73
88
116
107
103
105
94
98
86
89
107
98
83
92
97
97
103
93
96
87
92
103
109
85
96
90
84
92
91
105
93
112
101
79
93
95
87
103
99
98
82
94
97
105
84
94
103
88
81
76
90
92
97
92
88
88
81
109
93
106
104
80
91
83
85
84
88
96
99
99
113
91
99
87
90
95
92
71
100
104
96
86
101
85
97
99
109
102
106
116
82
111
93
103
78
98
89
87
93
91
78
88
91
91
94
112
75
95
97
84
106
81
106
99
101
93
102
86
109
93
107
102
71
100
95
83
77
93
108
91
75
103
94
97
83
88
95
111
114
86
96
108
113
78
105
95
93
90
89
106
83
92
95
95
98
116
93
79
97
85
103
99
98
101
102
94
96
103
121
94
91
108
88
87
103
96
82
101
93
87
93
110
95
94
96
118
92
116
93
108
105
95
92
85
96
117
84
78
84
115
96
119
123
82
90
108
93
108
87
75
71
105
84
100
97
101
79
97
73
93
87
97
115
73
106
95
95
95
108
102
90
98
107
95
94
82
98
98
103
89
81
101
101
96
90
85
111
101
81
86
82
88
99
97
102
95
98
95
104
93
91
109
93
102
98
92
106
85
97
102
98
84
102
97
107
88
84
90
99
96
83
92
101
82
102
84
105
94
100
107
86
96
99
93
99
93
94
109
81
100
93
110
75
73
96
94
97
100
99
92
100
97
85
101
91
103
107
100
85
106
119
106
110
98
83
79
86
100
79
90
97
106
94
94
94
94
101
100
94
121
92
98
108
98
82
87
93
110
96
93
81
110
95
105
95
86
90
103
101
103
102
93
97
92
109
82
86
91
118
105
86
85
90
87
92
98
78
82
91
94
90
91
77
115
99
93
110
106
89
85
85
84
91
81
102
107
89
83
99
95
83
92
94
85
94
105
86
74
86
79
105
76
76
102
101
83
102
92
104
97
62
92
90
85
100
84
92
99
97
112
93
96
77
99
99
87
104
89
86
94
103
94
104
86
107
86
104
85
99
93
76
99
103
104
88
91
95
100
94
103
91
94
92
101
90
87
108
85
81
76
74
91
108
98
89
88
94
100
93
93
85
94
91
84
99
82
92
86
105
103
89
106
92
90
84
91
86
96
97
91
88
104
98
89
114
90
103
84
116
103
85
88
99
82
94
115
86
97
98
101
70
95
89
89
95
87
95
93
95
98
85
95
91
97
93
76
93
87
80
102
83
84
84
89
107
89
100
89
95
89
96
98
97
97
84
94
95
103
90
105
96
108
97
88
88
83
79
91
81
73
105
95
96
105
80
122
108
97
105
101
104
93
86
95
78
81
89
102
99
80
84
90
115
90
90
75
79
92
97
88
79
97
88
112
97
94
89
80
109
91
93
91
82
93
88
92
77
96
116
86
96
77
98
90
92
113
105
89
108
87
95
111
89
92
86
91
94
93
93
99
103
92
97
82
90
82
118
85
90
85
92
89
87
110
83
93
115
83
77
85
84
84
115
101
104
111
89
82
100
93
93
82
94
117
103
98
97
106
104
92
89
84
84
89
103
92
106
102
101
103
102
86
94
99
78
95
100
99
111
74
78
86
95
98
84
73
90
102
91
107
111
103
103
89
86
82
114
91
96
82
72
86
112
95
107
78
75
88
78
97
87
84
113
95
104
90
106
119
87
81
97
112
77
98
84
93
97
93
90
98
94
88
87
91
94
93
102
87
80
88
104
71
100
86
108
88
95
84
71
82
77
85
84
87
81
79
92
104
89
104
87
69
88
90
86
88
74
83
103
91
89
93
95
88
81
96
108
74
79
110
101
98
73
90
108
105
81
80
80
97
89
77
108
89
86
117
101
88
82
91
99
61
83
100
97
98
94
105
115
79
99
103
100
82
103
103
99
99
82
92
100
90
69
81
86
94
69
97
101
100
99
85
66
112
83
86
78
79
81
81
102
86
84
84
87
84
82
92
93
89
86
83
101
102
94
95
94
82
64
98
88
103
88
90
71
90
84
93
94
90
91
91
105
77
93
89
95
80
80
91
123
97
91
87
86
98
73
83
87
82
88
99
89
88
89
88
87
105
104
100
84
87
88
93
78
97
103
85
102
86
110
98
83
83
90
89
90
88
109
99
94
97
110
110
101
87
85
79
104
85
85
85
79
87
108
83
84
77
89
114
98
93
94
87
96
91
95
93
120
89
94
91
78
105
96
67
103
84
91
96
77
85
92
105
97
94
97
94
90
84
98
94
97
94
71
88
110
83
85
101
108
107
101
93
90
90
106
80
78
98
98
107
103
76
84
96
90
83
95
80
81
84
120
107
93
105
98
85
123
79
90
93
92
116
81
105
79
100
78
107
103
93
93
112
104
84
108
98
105
93
96
95
97
102
110
101
102
96
92
78
100
102
103
105
85
93
108
87
78
82
91
103
80
106
75
98
90
97
100
117
71
90
88
78
87
77
94
100
76
107
88
108
103
106
94
90
94
91
97
85
101
94
111
96
121
108
83
104
104
89
98
80
95
97
105
96
95
87
108
92
96
95
91
112
106
114
96
109
78
91
95
86
97
88
116
96
101
104
88
91
104
99
113
82
96
96
81
109
99
97
86
93
85
86
88
106
80
85
98
110
103
110
94
95
87
87
112
92
114
91
103
107
95
96
105
98
95
87
125
77
112
100
89
95
103
90
121
100
101
93
82
95
97
76
91
112
105
119
112
115
87
97
95
101
100
111
106
95
108
109
116
104
99
85
107
104
97
109
108
77
95
86
104
113
93
94
124
90
118
106
104
106
115
97
85
90
90
83
113
95
114
104
99
107
107
89
75
98
104
103
108
103
115
89
110
108
102
97
114
88
101
103
100
94
102
101
91
110
98
95
122
103
104
117
69
94
101
123
98
102
98
100
104
107
104
120
100
115
114
97
100
99
111
107
102
107
103
85
99
101
85
90
105
109
102
122
123
95
86
97
117
110
112
79
113
109
105
105
107
120
109
103
102
120
126
92
77
95
122
84
101
113
102
89
118
108
93
124
103
107
108
96
104
114
113
118
112
121
92
106
109
95
103
111
104
92
94
110
94
80
93
88
111
94
106
118
121
93
96
99
113
91
118
97
86
104
112
98
119
103
111
100
102
118
108
116
118
106
85
104
117
112
122
93
115
110
98
130
107
95
121
118
104
114
120
117
100
113
103
112
95
108
102
109
113
111
91
104
103
123
95
111
88
112
109
123
114
102
107
111
99
100
107
114
93
105
112
89
107
106
113
113
121
79
102
104
128
108
106
108
112
97
99
88
103
103
93
116
94
91
94
99
108
112
105
123
112
108
117
118
124
118
105
107
111
114
116
106
98
106
109
116
119
114
111
122
114
98
105
102
114
119
122
101
114
102
102
102
105
113
101
114
107
109
104
106
90
109
112
113
106
106
101
107
104
108
107
101
111
99
116
104
108
93
116
102
108
92
123
112
108
116
115
99
114
98
114
105
93
116
122
114
111
124
96
115
101
113
105
116
93
125
104
128
108
97
107
88
120
114
87
120
92
99
114
97
97
116
89
99
104
105
98
102
99
92
99
94
112
98
98
117
110
109
92
116
107
80
109
104
109
103
100
103
120
98
107
102
101
91
121
105
80
101
96
96
113
99
87
118
112
93
97
102
79
82
86
83
96
108
92
89
99
108
110
86
81
83
90
110
104
90
95
87
99
99
97
91
93
95
84
97
98
94
97
100
91
102
84
102
98
90
85
101
83
101
86
83
85
80
90
94
87
87
82
76
86
109
76
97
94
93
83
83
78
96
80
85
87
83
82
81
85
76
89
79
76
69
76
80
72
81
57
91
76
81
70
63
88
96
85
92
71
99
84
77
89
78
75
76
71
87
71
76
70
71
75
69
77
81
70
80
63
81
76
66
72
70
79
88
83
78
78
83
73
76
76
67
67
76
82
69
73
61
52
74
67
59
71
63
79
74
66
64
63
76
67
61
73
74
60
50
83
65
72
70
62
51
59
58
82
71
68
60
60
74
62
54
67
65
58
68
69
65
68
54
54
55
57
59
45
59
53
53
55
71
63
74
60
48
50
59
71
54
68
58
55
47
59
55
63
60
56
62
56
56
59
51
50
80
56
52
54
58
59
47
58
60
46
52
55
52
45
46
56
59
52
62
46
53
49
44
65
52
42
42
50
47
57
47
59
46
43
46
56
41
40
37
39
58
46
40
50
58
43
42
49
40
38
51
49
51
43
40
50
56
41
38
56
47
54
41
43
42
46
46
38
31
39
37
52
56
47
42
44
52
39
56
34
35
31
42
35
35
50
36
37
42
35
30
35
33
52
38
52
41
48
34
42
42
46
44
38
52
52
50
47
41
46
23
35
46
28
30
45
38
48
42
38
35
40
43
44
41
40
37
44
44
38
47
30
45
40
42
37
41
35
41
43
40
47
35
30
46
46
47
36
44
35
45
30
38
30
45
37
31
39
32
32
33
29
38
38
33
34
35
42
19
28
40
44
36
34
28
30
35
32
34
31
41
27
34
26
27
30
39
29
46
45
40
28
27
41
41
28
30
39
32
27
38
25
31
23
31
28
31
43
36
25
28
34
23
41
41
32
37
11
36
37
28
26
28
33
33
31
37
32
35
36
36
33
31
34
37
36
36
23
24
26
31
30
31
37
36
32
31
25
36
31
25
26
28
29
27
34
34
26
35
39
26
36
34
31
24
25
31
23
22
21
27
27
31
33
34
28
23
29
21
29
27
30
28
24
33
23
25
23
26
23
21
31
32
30
37
24
26
28
22
22
30
30
35
25
28
25
31
28
24
37
29
34
29
24
28
24
24
26
29
27
25
28
29
26
20
30
27
20
26
35
18
24
30
26
32
24
25
23
30
24
20
32
26
31
26
25
22
25
21
24
22
29
27
32
23
23
16
23
24
33
20
24
25
22
27
28
24
24
22
21
30
33
24
23
21
33
20
22
21
24
21
25
23
20
28
19
31
24
30
28
25
23
22
35
19
12
16
25
29
22
27
25
27
19
32
18
21
23
23
29
19
26
21
21
30
29
17
29
29
24
27
25
23
32
20
16
29
20
28
32
25
20
25
19
22
19
25
35
22
23
33
24
26
27
32
21
18
23
31
24
21
27
30
26
36
19
35
23
22
28
28
34
29
24
27
27
40
31
37
31
24
52
32
19
25
17
29
28
23
25
31
28
24
23
32
27
34
27
29
30
28
42
28
41
33
36
38
37
38
39
33
28
41
32
29
27
30
22
30
40
33
42
33
36
32
30
28
32
36
38
37
33
39
32
40
39
30
38
44
32
33
42
38
45
32
46
35
44
47
50
38
42
48
45
47
43
45
52
44
49
39
48
55
50
48
38
45
58
47
55
56
60
69
73
52
53
62
59
56
53
54
65
57
67
45
64
60
57
65
80
64
62
66
55
68
83
78
76
88
67
77
72
88
83
72
96
99
85
95
94
85
73
105
105
71
99
100
81
91
92
98
99
97
99
110
97
110
85
109
105
112
103
121
105
122
126
119
122
102
127
124
126
141
116
151
119
131
107
143
142
134
138
132
156
166
140
155
132
156
147
175
150
170
158
139
166
168
178
161
152
148
193
175
166
172
190
170
192
200
189
182
203
194
197
188
183
221
219
209
199
193
200
210
234
237
209
224
244
246
220
220
221
220
231
222
247
253
236
245
262
255
261
238
266
263
278
254
266
267
269
261
255
279
286
287
291
255
285
283
298
299
289
295
293
322
333
332
307
300
338
320
310
360
316
348
306
333
345
305
340
331
368
364
336
370
334
365
363
376
366
336
356
383
358
361
364
356
386
370
385
362
393
366
377
411
398
413
402
391
403
405
387
414
405
401
400
398
444
404
404
425
446
415
437
413
442
416
433
433
415
429
432
435
425
445
454
452
403
428
483
437
449
431
458
431
457
445
435
444
442
443
464
420
441
460
466
444
442
480
446
479
447
464
479
471
493
438
454
463
461
462
481
539
472
489
499
469
456
498
486
437
452
464
486
459
484
475
498
510
497
463
504
466
444
484
442
459
450
455
447
485
474
483
483
458
438
464
444
459
468
451
474
468
492
447
477
455
476
430
468
453
472
479
417
424
447
452
433
469
482
441
430
467
387
451
462
450
454
454
457
439
473
456
420
454
402
435
402
456
443
446
422
414
441
446
427
423
419
434
349
414
378
386
417
422
442
386
425
428
380
401
378
412
440
391
406
392
407
371
387
381
357
400
375
362
368
396
366
360
395
330
361
349
341
365
340
347
377
352
352
320
364
305
311
328
329
310
321
315
334
333
317
332
338
308
308
298
296
277
314
311
326
278
287
287
270
304
271
286
314
263
280
304
249
279
265
239
256
276
279
245
237
236
219
238
246
234
241
262
227
211
245
219
236
242
242
224
213
240
208
220
214
220
218
183
190
186
227
203
209
155
211
163
182
185
176
189
175
213
185
195
173
171
183
172
186
174
161
171
192
165
185
159
150
141
158
154
154
149
163
150
171
159
160
148
141
140
135
142
144
137
132
134
139
125
125
132
116
110
113
114
132
157
110
129
136
113
120
117
109
115
133
110
109
108
102
127
102
108
111
102
94
97
104
95
96
119
86
112
119
85
108
77
120
99
91
70
79
96
80
97
85
95
89
83
93
107
84
70
92
88
72
71
78
79
90
79
83
86
70
71
77
71
67
78
78
71
57
59
71
63
72
78
65
66
69
64
60
72
61
62
58
66
56
55
60
64
60
57
71
60
63
63
60
56
64
65
61
57
61
58
67
45
59
65
43
59
61
69
47
34
38
60
68
64
55
49
47
48
54
45
48
58
49
59
45
50
48
48
44
29
51
34
48
52
43
40
55
50
38
42
40
31
37
52
44
41
53
49
33
49
48
55
45
31
51
39
37
32
48
42
32
45
40
38
35
33
44
33
39
45
38
35
41
46
39
36
39
32
42
23
35
35
48
33
21
46
46
43
41
45
37
34
37
33
42
26
40
33
34
30
42
30
49
44
43
36
25
38
27
29
30
37
33
34
30
29
29
41
17
31
34
27
30
27
30
36
29
37
37
28
24
38
32
27
23
32
22
33
34
34
27
32
28
27
28
30
34
29
27
25
29
27
25
28
22
25
21
29
31
22
27
21
31
31
19
24
29
27
22
26
26
25
28
27
37
19
28
23
21
35
25
25
22
22
26
16
24
22
22
33
24
31
29
30
21
31
31
25
26
27
17
24
26
22
30
30
20
25
32
38
22
18
30
22
30
30
23
26
26
25
19
24
18
19
23
25
25
23
29
13
22
27
18
21
25
20
27
19
33
26
25
19
24
17
21
25
24
19
27
21
19
28
18
22
20
18
22
14
26
17
27
28
15
22
27
25
19
14
25
18
13
24
26
23
24
14
24
17
13
19
22
23
16
24
18
24
19
31
23
14
18
24
13
17
21
15
28
19
16
20
23
25
18
24
14
20
18
19
23
20
27
21
13
22
20
22
23
21
18
21
29
16
22
25
26
31
21
19
18
21
15
19
22
21
11
24
28
20
25
19
24
16
29
20
28
19
23
16
22
19
15
22
26
23
21
18
24
21
12
15
19
26
28
19
22
14
17
26
19
20
20
17
21
19
25
30
22
20
28
24
23
22
22
27
21
21
27
23
22
25
24
15
23
23
17
22
29
13
26
22
22
17
25
16
24
13
15
16
21
28
18
20
24
21
21
22
16
23
19
21
23
24
21
24
24
13
19
18
27
14
20
28
23
34
22
19
18
21
29
22
19
21
18
25
25
29
22
25
22
30
14
19
28
25
24
25
21
26
27
21
22
20
26
23
26
26
22
16
27
22
13
22
17
25
17
19
31
20
25
17
18
21
20
22
16
21
25
20
19
14
18
28
30
17
21
17
20
26
16
17
17
19
14
17
21
20
23
21
18
17
25
21
22
22
24
22
26
19
20
19
16
20
24
18
30
21
23
17
24
16
24
12
10
24
25
22
23
21
22
18
21
12
12
17
27
20
20
22
12
16
20
21
14
25
18
27
25
22
19
20
17
19
18
20
17
26
16
18
7
16
10
15
21
18
21
12
22
22
21
13
15
14
19
17
18
18
19
19
18
16
19
12
19
16
14
15
13
20
15
16
14
19
25
15
18
19
19
21
20
8
20
13
16
16
16
10
15
18
18
23
12
17
23
15
25
15
12
14
22
18
23
17
18
16
24
29
16
13
17
12
22
17
13
13
22
20
16
11
29
25
14
19
17
14
22
16
16
15
11
19
13
19
14
23
11
8
15
21
14
17
13
18
11
11
16
16
16
33
13
21
14
16
21
14
15
13
25
19
15
10
11
11
16
9
11
13
15
16
13
22
21
10
19
18
10
16
12
12
28
13
9
13
16
7
14
17
17
13
13
18
13
17
15
11
10
18
13
11
19
9
12
14
10
17
15
10
16
22
6
12
12
17
12
9
7
15
18
15
20
12
9
13
18
7
19
22
16
19
11
16
20
11
7
17
9
17
16
15
21
16
15
13
11
11
12
18
15
16
13
8
17
16
6
15
11
12
18
18
19
14
12
10
10
10
12
17
22
17
9
8
10
12
20
9
9
15
16
10
10
11
10
10
17
10
15
18
11
20
12
14
15
12
14
19
25
10
14
7
14
10
16
13
13
12
13
15
14
21
10
11
11
9
13
14
16
13
9
11
12
11
17
17
9
9
14
14
19
8
8
15
10
17
11
12
12
13
7
8
12
9
6
7
20
10
11
17
20
11
13
8
13
13
12
13
11
12
13
13
16
9
20
17
15
16
14
10
10
10
13
13
13
17
16
15
12
18
16
12
10
11
10
12
20
13
9
11
14
14
14
9
15
11
12
10
15
11
9
11
9
15
11
14
15
6
13
14
19
11
10
7
10
13
12
9
9
10
7
10
11
8
11
13
20
8
12
10
10
9
10
12
10
8
9
9
10
7
8
13
10
10
10
14
9
8
9
8
12
9
10
9
7
9
15
7
9
10
12
5
7
11
12
9
9
9
9
12
9
17
12
12
10
9
8
6
7
11
7
13
10
4
8
12
8
6
7
17
8
10
3
10
9
11
4
6
9
11
15
6
7
8
7
8
5
12
8
14
7
10
6
8
7
10
7
10
5
2
11
13
3
6
6
5
11
15
6
5
13
8
7
15
12
9
7
9
3
8
8
6
8
5
8
5
8
3
11
10
5
10
13
9
6
12
6
11
9
6
7
7
8
10
8
8
8
8
5
9
6
10
3
10
1
8
5
8
7
6
5
13
5
12
8
7
7
8
11
6
4
10
6
10
11
10
4
8
7
5
10
7
10
7
7
5
6
14
8
6
7
6
10
5
6
7
11
10
7
7
11
11
6
6
6
10
9
8
7
8
9
7
9
8
6
4
6
4
6
7
10
10
3
6
9
5
3
9
6
7
7
12
8
7
7
8
6
2
9
5
9
3
13
4
7
8
5
7
6
4
7
5
9
10
8
8
8
3
9
6
3
6
7
8
6
5
6
5
4
5
3
8
6
4
4
9
6
6
5
4
5
6
8
2
2
4
5
4
5
5
4
5
3
3
4
10
1
2
8
7
5
3
2
4
10
3
6
9
4
6
5
4
4
4
5
7
4
5
6
4
4
9
7
9
7
7
5
10
9
6
5
6
3
5
5
8
9
11
8
6
3
6
2
7
6
1
3
5
6
8
2
5
12
6
4
1
8
2
3
8
6
7
5
2
5
10
4
7
7
7
6
2
5
9
8
4
5
5
7
7
5
8
7
4
7
7
6
7
2
2
4
7
6
5
6
6
3
2
4
4
5
5
5
1
8
5
1
7
2
5
2
5
3
9
5
8
2
7
5
5
7
3
6
7
0
4
3
4
10
7
2
7
3
7
7
8
4
7
11
5
6
7
5
10
5
3
5
6
2
6
3
5
1
7
5
1
2
4
9
5
8
5
4
1
8
5
4
5
8
0
2
6
9
4
1
1
8
3
7
5
0
5
4
3
2
7
5
5
3
5
6
4
5
3
3
3
5
8
7
8
3
4
5
10
5
2
5
3
3
5
7
5
2
2
2
5
3
4
6
5
6
5
4
5
4
6
3
6
1
7
2
8
6
1
9
2
3
4
8
2
1
3
1
7
7
5
4
10
4
4
3
3
3
8
2
1
7
5
5
8
8
7
5
8
3
3
7
2
2
3
9
4
5
3
8
5
5
9
6
4
1
3
8
4
4
5
3
6
4
7
8
4
8
7
8
12
7
6
7
8
6
3
2
9
9
4
8
4
5
4
6
6
7
11
3
12
8
7
3
4
5
8
5
6
8
4
4
8
6
8
13
5
4
2
8
5
5
5
9
6
11
10
8
7
7
3
7
6
5
5
10
8
10
10
4
10
6
5
5
13
8
6
8
13
5
4
6
3
12
8
7
2
11
6
6
3
12
5
12
6
4
9
5
7
2
9
9
6
9
7
10
10
14
10
13
8
5
10
6
9
6
15
12
6
4
8
13
15
17
8
9
11
15
10
7
4
14
8
12
8
10
7
11
7
3
11
9
13
10
20
15
10
8
9
9
14
9
10
9
11
11
9
14
16
15
15
10
13
7
10
3
13
7
7
13
10
8
11
13
10
14
9
12
9
17
13
8
14
5
11
9
11
7
15
20
15
12
9
13
8
10
15
4
18
12
14
20
15
12
11
16
15
10
16
17
18
13
13
17
10
10
14
14
14
15
16
19
11
20
10
14
16
18
14
11
18
16
21
20
19
12
11
15
18
15
22
24
20
20
15
18
12
20
16
13
20
21
10
10
10
19
18
24
19
24
12
15
28
19
12
19
18
18
19
19
18
19
12
23
18
17
13
16
14
19
18
17
21
13
20
18
23
17
11
11
25
14
21
21
14
22
24
16
21
18
15
20
16
17
23
19
9
20
18
25
23
14
21
8
15
17
23
21
17
22
26
16
30
22
23
23
17
19
20
13
11
24
15
18
28
22
22
30
25
18
16
25
16
21
18
24
19
14
14
20
23
17
28
24
18
17
21
22
16
26
33
19
20
17
27
18
14
19
27
16
16
25
20
13
21
26
24
24
13
12
22
18
22
21
20
20
22
16
19
13
24
20
18
19
19
19
21
14
16
28
19
16
21
14
16
11
24
19
18
17
6
14
25
18
19
16
21
19
12
10
17
20
20
14
16
21
17
13
18
10
21
23
18
15
17
20
18
13
14
18
20
20
17
18
17
20
23
23
17
13
18
24
14
13
17
16
22
16
16
5
12
15
16
15
13
15
11
12
14
16
18
11
15
16
11
18
13
16
13
18
19
14
16
15
13
15
18
12
17
15
13
22
9
12
16
12
10
13
15
14
9
8
14
16
11
9
9
12
6
15
15
13
20
12
9
13
20
15
17
17
10
10
10
8
9
12
12
8
14
6
12
13
13
9
13
7
11
7
5
15
6
7
11
11
9
16
7
12
5
13
8
12
13
8
11
13
8
12
17
8
13
8
13
11
14
10
12
12
10
9
8
9
13
6
9
12
10
15
9
7
13
12
6
8
11
11
6
8
8
9
8
2
7
11
10
7
8
4
7
10
7
7
4
7
11
1
7
10
6
2
10
8
5
9
8
3
9
2
5
6
7
5
11
6
5
4
9
12
10
8
6
6
6
4
3
4
4
5
4
7
2
6
5
8
7
9
6
7
5
9
3
5
6
5
5
9
4
6
3
6
8
7
5
6
5
5
2
1
4
2
3
3
10
5
4
3
7
2
6
2
6
3
5
6
3
4
2
7
1
5
2
8
2
3
3
2
5
2
7
4
1
5
5
2
7
0
6
1
3
4
4
4
4
4
3
3
4
2
0
5
3
1
3
3
1
6
5
2
1
3
3
2
2
6
4
1
1
1
2
4
4
2
1
1
3
5
0
1
1
2
1
4
1
5
3
4
3
1
2
0
0
4
4
3
3
4
8
3
1
4
3
2
1
1
2
2
1
2
3
2
4
5
2
2
1
1
0
2
4
1
2
3
0
3
2
3
5
1
2
3
2
2
31
30
38
29
26
29
30
29
22
19
29
34
36
32
32
33
25
29
37
20
34
33
36
26
25
40
29
30
23
36
28
30
30
36
24
21
38
36
23
31
30
25
29
21
25
34
25
31
37
18
22
23
27
32
23
20
26
38
31
29
42
26
27
29
30
29
34
19
27
25
31
31
30
27
22
31
33
35
29
34
34
25
27
25
34
28
29
29
18
27
23
30
27
33
24
28
28
19
29
25
28
30
34
33
24
42
27
21
30
31
21
23
36
38
27
31
23
19
23
29
23
28
30
27
28
23
25
14
