4806
4125
3345
2806
2341
1998
1678
1410
1328
1124
1016
876
795
696
671
617
529
543
501
487
432
447
419
374
393
385
373
387
356
370
328
366
341
330
328
300
341
287
296
278
294
311
330
314
305
311
273
262
289
293
268
274
256
294
271
296
280
242
271
249
272
251
234
245
246
223
267
256
265
229
250
259
246
234
242
223
226
215
222
206
227
220
230
256
244
216
218
222
235
197
206
203
220
224
237
214
240
201
206
204
188
198
227
200
192
189
198
203
207
208
187
201
216
198
205
224
192
214
203
219
218
213
230
165
193
202
170
200
208
189
185
170
196
200
176
166
166
165
181
168
163
191
177
182
169
201
156
175
166
198
177
167
178
173
183
172
162
155
160
165
158
139
193
157
157
146
150
153
174
175
156
136
160
150
165
151
181
175
151
157
159
171
167
153
152
139
157
160
145
149
133
147
124
155
136
137
146
160
128
174
147
140
150
148
123
112
144
122
157
125
153
135
150
140
128
120
136
148
137
122
123
125
127
152
116
130
117
121
111
115
117
113
133
99
114
117
125
126
114
138
118
114
98
120
114
124
130
108
138
113
113
115
128
114
126
112
139
111
122
126
112
118
110
118
121
101
123
116
135
114
122
133
107
116
139
126
134
124
113
125
123
131
117
138
126
117
134
115
118
108
107
116
107
114
100
127
109
98
116
118
101
139
125
128
110
105
100
121
121
113
119
118
126
114
115
120
127
109
107
118
117
121
102
122
104
102
105
104
103
98
99
115
115
112
107
97
95
127
119
98
101
103
104
109
89
92
104
94
117
88
102
116
100
105
114
115
110
105
113
111
93
96
97
91
99
85
99
109
101
111
90
102
115
82
112
91
103
100
111
98
96
111
92
102
90
80
95
105
114
98
101
96
85
102
80
89
92
80
100
102
94
100
110
91
88
89
91
97
102
92
93
91
89
101
99
116
97
89
95
100
94
83
96
104
90
98
77
98
99
94
103
97
76
112
83
80
84
84
92
91
76
98
104
88
87
99
92
100
77
98
97
108
76
91
90
89
76
84
95
80
93
78
80
89
93
83
99
82
79
79
79
72
75
90
90
91
75
68
75
91
67
87
82
87
95
82
81
85
84
81
85
84
94
78
113
64
92
94
74
86
66
91
71
98
87
87
71
74
87
79
77
95
86
80
72
73
88
88
76
85
70
85
92
82
76
77
73
87
78
92
68
83
89
77
67
85
92
74
75
81
76
83
84
83
74
85
76
69
95
61
80
84
74
95
83
62
80
84
95
79
86
85
73
99
75
85
67
67
64
84
77
79
65
70
90
68
74
68
80
75
71
79
61
79
67
74
76
82
69
90
96
65
83
63
73
54
88
76
75
76
89
61
81
79
81
94
85
75
66
84
78
76
87
63
64
74
68
73
82
58
70
75
63
77
82
74
69
72
76
73
62
79
60
75
79
78
62
75
87
82
72
58
56
84
59
90
84
79
60
57
60
65
66
84
63
79
71
73
74
64
86
83
79
70
48
81
73
80
69
81
74
67
74
57
58
71
75
66
83
87
70
84
82
59
76
76
73
91
82
55
58
73
80
78
72
54
70
62
74
70
67
68
71
69
68
78
61
72
64
81
71
64
79
44
68
65
67
51
70
61
70
68
81
78
65
55
85
59
62
61
66
57
74
65
74
69
62
71
63
63
64
65
72
60
69
59
79
65
61
73
62
52
58
73
53
64
45
65
57
58
66
67
56
75
74
68
64
66
58
59
72
55
67
68
71
63
80
54
54
69
75
70
55
68
46
64
60
57
56
72
64
59
61
62
57
56
68
65
83
68
68
58
63
53
60
64
61
62
53
70
80
67
57
65
62
52
73
55
66
69
62
66
54
51
61
63
67
54
62
56
75
61
60
62
51
71
61
72
63
56
68
68
66
78
61
67
62
59
80
56
73
54
54
51
60
58
53
66
64
60
65
59
51
81
50
60
75
54
65
50
57
60
48
81
60
58
60
56
59
57
65
67
57
64
60
56
53
67
51
72
74
59
69
65
66
43
52
58
62
55
61
45
64
74
64
44
46
52
58
70
53
61
59
55
67
67
77
68
55
60
69
68
57
54
53
59
51
68
63
64
38
48
58
68
61
59
56
70
75
63
58
61
65
64
59
48
62
51
50
68
60
55
61
51
56
66
54
56
62
74
51
52
52
69
45
59
48
56
60
61
66
54
52
60
62
66
71
48
57
57
54
60
53
69
58
66
65
66
54
42
58
46
70
64
52
63
66
54
54
54
54
56
61
57
60
46
58
60
57
64
63
61
62
50
50
58
58
68
60
55
61
59
50
54
49
68
61
46
41
51
58
65
55
58
50
51
63
48
51
61
66
51
52
60
57
51
64
54
52
54
50
52
43
60
60
50
46
48
58
64
55
58
56
59
49
57
53
59
44
43
51
51
65
47
55
69
60
39
55
57
46
65
58
54
40
69
45
51
52
52
46
47
43
56
50
70
55
60
53
37
47
43
60
60
45
54
73
59
68
50
51
54
55
54
44
59
50
50
48
52
55
51
50
57
58
55
47
54
63
50
62
48
62
49
51
54
40
49
64
71
58
61
53
58
40
55
70
53
50
63
53
59
46
59
53
42
45
61
64
61
55
48
70
47
61
48
53
52
63
49
49
50
68
50
55
61
55
57
53
54
47
46
51
51
54
59
54
44
54
49
49
45
48
44
43
51
45
54
52
50
53
60
50
59
58
57
54
56
49
58
56
50
50
51
41
49
52
47
53
56
63
50
66
55
55
34
39
49
45
55
35
54
40
55
51
46
46
47
56
48
56
41
52
48
56
56
59
44
52
38
44
52
50
55
50
43
50
40
48
62
55
42
51
41
45
43
42
39
56
37
44
39
45
52
45
49
43
39
48
49
45
44
40
48
52
45
48
51
45
52
43
55
35
43
43
52
54
50
59
46
61
53
39
42
41
51
46
46
56
55
44
36
51
42
44
40
37
52
35
44
47
54
39
49
48
37
48
35
51
39
45
50
40
48
67
44
54
40
58
39
38
50
48
54
43
59
50
49
51
58
45
55
60
41
48
39
28
44
60
40
39
39
57
52
36
57
34
42
45
41
35
52
48
40
40
53
42
51
47
43
49
49
38
47
45
47
37
55
41
44
37
41
39
48
63
42
53
34
39
42
44
41
43
37
42
35
35
50
51
30
44
51
45
52
46
46
42
47
42
34
44
51
43
29
49
45
32
51
32
38
30
40
44
46
37
51
38
41
53
31
29
41
43
42
46
42
46
59
40
36
50
39
37
36
38
34
40
50
41
45
33
33
36
50
33
42
45
51
37
41
36
33
35
46
37
38
40
43
34
41
37
30
41
40
65
38
41
41
43
35
37
42
35
40
39
36
34
33
41
40
50
41
38
40
34
47
37
52
22
37
34
45
46
33
31
33
41
40
41
35
33
33
31
31
37
32
32
41
31
40
48
45
31
41
33
30
44
31
39
38
48
33
37
36
37
45
37
34
38
38
41
47
38
39
36
23
47
33
46
45
30
43
41
33
33
36
34
41
40
53
38
38
42
47
41
41
36
36
42
36
33
38
51
41
37
26
45
41
36
36
38
29
47
41
48
43
34
41
32
41
36
40
42
34
33
43
34
31
36
31
37
42
44
42
48
38
42
38
30
28
45
44
30
39
33
23
25
32
33
28
36
41
34
40
26
37
40
32
37
37
26
36
46
38
34
35
40
26
25
35
41
37
35
43
39
35
40
31
36
34
39
36
35
39
30
29
44
29
31
45
35
45
44
32
43
49
40
42
35
40
40
38
25
30
35
34
27
47
40
27
21
36
32
28
34
46
30
23
27
27
31
31
43
34
30
44
36
31
34
32
36
42
33
36
33
29
45
29
36
33
39
40
30
32
35
38
27
32
46
34
31
29
47
31
31
30
29
36
34
36
36
39
45
41
37
43
38
28
31
43
40
33
38
35
32
37
36
28
32
35
35
41
34
35
30
36
31
34
31
34
28
32
37
27
36
30
30
36
37
28
33
44
35
28
35
28
33
37
34
40
36
33
48
34
26
25
31
32
31
33
31
34
33
28
31
31
26
39
27
27
37
37
39
31
36
30
33
37
36
39
33
38
31
36
27
29
36
34
32
36
34
29
38
34
31
28
41
25
34
35
38
32
33
30
22
28
35
36
29
31
27
32
36
32
41
24
33
36
23
32
28
34
41
36
30
24
28
36
40
31
28
29
33
21
29
33
32
26
25
28
33
33
32
26
30
29
34
36
33
37
33
30
31
28
38
24
31
32
33
28
34
37
34
33
42
36
32
28
40
30
42
21
36
41
33
36
35
23
36
29
36
28
35
29
42
48
29
31
34
28
25
30
41
41
25
36
36
29
30
30
39
25
38
29
31
23
45
32
36
33
32
29
40
28
38
33
40
32
32
18
29
34
39
32
26
26
31
39
29
35
37
24
37
27
21
26
32
30
27
35
33
29
33
23
29
41
32
37
31
21
21
35
23
31
36
27
27
31
29
27
20
31
36
35
25
27
31
32
35
29
29
30
28
35
31
31
29
29
32
22
29
23
36
26
34
36
33
23
32
26
28
22
35
33
29
26
31
32
30
42
28
30
29
41
27
33
23
31
26
22
30
27
34
29
26
41
31
34
35
37
27
19
28
31
23
36
40
29
26
26
37
27
37
37
25
21
16
28
22
25
26
24
29
26
40
37
45
28
27
37
29
28
28
29
40
24
22
27
29
37
29
23
34
35
22
36
29
18
27
23
31
29
28
27
29
28
33
27
25
41
28
46
32
23
36
31
28
26
26
21
37
27
28
26
33
30
29
30
38
31
25
20
36
28
25
28
31
33
31
20
34
18
23
25
26
38
28
35
29
33
36
28
24
30
32
29
34
24
30
27
30
34
26
17
29
25
26
41
28
32
34
28
32
26
32
31
23
32
26
33
30
22
21
27
21
20
27
27
28
16
33
41
25
31
31
28
32
25
30
34
34
30
27
33
40
24
31
36
31
29
24
24
31
28
25
31
28
22
32
40
33
27
26
30
36
30
33
23
29
24
21
26
34
20
24
30
19
32
39
28
19
28
26
26
29
23
32
24
29
37
23
24
31
36
24
30
23
28
29
27
27
28
32
36
37
37
28
31
32
16
36
31
29
35
29
23
30
25
30
22
32
36
24
31
25
23
36
31
31
34
21
23
25
32
30
22
31
32
37
30
25
33
26
22
27
26
35
24
32
28
22
23
27
33
33
27
28
27
25
33
37
25
29
34
31
28
36
25
37
27
26
23
25
34
31
30
30
28
33
29
25
21
26
26
28
27
25
20
23
30
30
19
25
32
28
30
28
24
31
23
25
26
30
33
28
39
25
27
32
31
27
22
28
30
33
26
26
18
17
23
31
31
17
26
30
29
24
32
30
29
27
23
22
30
21
27
29
34
24
34
20
27
33
22
25
20
34
24
31
30
13
29
29
24
27
26
23
31
23
29
29
19
35
26
30
34
29
25
20
24
26
21
36
23
33
31
19
31
20
29
28
20
21
25
27
21
20
18
32
26
33
22
28
26
27
31
28
34
33
19
15
28
17
21
27
26
21
32
31
28
30
26
30
31
30
29
26
38
28
27
31
36
27
37
25
19
26
22
21
21
27
18
29
26
28
39
20
25
28
27
30
27
23
24
20
31
22
26
31
24
25
29
20
28
22
21
26
29
22
27
24
30
26
24
26
19
31
25
23
25
15
24
22
33
26
29
26
21
28
35
36
27
23
24
21
29
36
22
32
26
23
31
23
28
26
25
28
12
25
29
27
20
16
35
13
36
27
19
26
20
26
39
23
29
24
27
31
26
29
26
27
25
25
20
22
28
27
23
22
22
30
28
19
31
27
21
22
23
26
20
24
25
16
35
33
25
34
21
30
18
33
26
28
23
24
35
24
16
34
29
17
28
26
24
26
31
25
34
21
25
15
37
27
32
25
27
24
29
33
28
24
27
24
31
21
30
29
30
32
18
28
28
25
16
25
17
16
31
19
25
21
31
20
29
36
23
25
39
22
23
27
21
23
25
20
18
29
35
25
32
23
31
27
18
22
23
19
26
28
27
24
30
23
30
15
25
31
29
27
30
26
31
20
21
15
25
23
26
24
20
21
29
21
30
24
36
31
24
20
19
14
22
24
22
27
23
26
29
29
26
27
21
29
18
15
22
26
22
20
24
20
24
24
33
25
22
21
10
15
24
33
17
25
25
29
24
25
27
21
31
27
23
22
18
25
24
32
16
20
19
27
32
15
30
31
22
23
30
30
32
20
24
23
22
24
21
27
28
23
28
28
25
24
27
23
27
22
21
28
23
22
14
16
29
22
24
22
26
21
26
29
22
27
31
29
20
28
31
24
21
20
30
24
17
24
29
24
24
22
27
22
19
26
26
25
24
35
22
26
28
20
26
32
20
23
21
22
23
24
18
22
26
32
23
24
21
26
28
26
26
25
20
17
15
22
24
35
17
23
21
26
23
30
31
25
19
16
26
23
27
27
18
29
20
24
25
31
26
12
19
21
19
22
30
32
19
17
33
24
31
21
28
22
32
21
24
30
31
29
17
32
35
27
24
21
25
23
30
17
23
19
18
22
18
25
20
23
26
27
26
16
20
27
23
26
32
26
20
25
31
28
23
23
19
23
10
19
25
20
18
15
23
13
28
24
30
27
26
17
14
25
29
14
19
29
20
28
24
21
20
17
26
21
19
23
26
19
30
21
19
17
31
19
20
39
20
22
23
24
28
27
27
18
24
21
20
21
24
28
18
24
27
16
17
23
20
29
28
19
18
29
26
26
25
21
24
17
27
21
27
22
26
18
29
27
31
19
28
14
23
26
21
24
18
22
19
19
21
28
23
23
18
27
17
30
16
31
30
20
27
26
28
23
15
24
28
18
15
29
17
25
24
25
24
20
21
23
21
24
20
21
30
25
24
25
22
24
29
20
27
28
19
16
25
21
28
25
22
20
37
20
13
29
24
25
36
29
18
27
21
21
20
29
22
25
26
20
20
28
17
26
21
17
20
22
17
19
16
16
24
15
23
23
28
25
16
23
22
21
25
17
25
20
24
21
30
27
18
25
32
19
25
17
23
25
23
22
19
33
18
19
19
26
22
21
28
22
22
26
38
26
28
28
25
21
23
12
16
17
18
28
21
26
16
18
23
19
19
18
20
21
14
20
22
14
21
25
24
20
25
15
24
30
23
18
29
25
14
26
31
23
19
26
13
27
21
19
26
19
22
27
18
21
25
26
18
23
20
17
18
25
21
24
30
21
23
22
26
12
26
25
19
23
26
23
27
31
21
30
18
25
25
15
19
29
21
23
26
29
21
21
24
23
24
25
25
29
22
26
17
20
13
28
23
20
14
21
26
23
15
25
13
17
17
23
29
24
20
15
27
14
26
22
27
26
24
21
23
27
18
23
29
21
18
22
27
26
24
22
19
18
21
14
24
23
20
25
39
19
25
20
24
23
19
21
16
14
12
23
14
25
19
16
24
24
17
27
17
23
14
24
21
13
24
19
21
24
35
28
27
19
27
21
14
29
23
19
21
19
23
18
23
24
25
23
26
19
29
17
29
22
26
20
18
26
22
26
19
23
18
27
24
20
12
23
21
28
26
18
26
15
29
24
23
29
19
16
20
28
19
20
18
23
23
27
21
24
23
23
17
24
21
17
15
29
33
28
32
20
19
26
21
14
25
13
25
15
24
19
20
25
20
18
13
19
18
14
22
21
25
24
25
26
31
15
19
18
24
22
19
14
26
25
19
21
24
20
21
21
20
19
25
24
21
16
26
16
19
23
23
18
15
23
22
18
25
11
18
27
14
18
27
27
19
19
13
22
17
20
20
14
20
22
18
31
24
21
24
24
23
22
23
33
25
19
17
25
22
20
18
26
23
21
15
22
27
16
30
31
23
10
21
19
24
15
16
23
22
25
21
17
23
15
20
18
26
21
16
24
16
21
17
21
18
21
18
22
35
23
20
27
21
19
20
19
23
21
21
22
28
23
19
25
22
27
20
21
21
11
18
24
21
20
26
19
22
18
23
16
24
20
19
16
29
26
24
26
24
16
27
18
17
25
24
26
10
22
21
23
27
25
23
22
20
17
22
21
26
20
20
19
27
23
17
16
14
20
23
27
16
21
15
20
26
19
21
29
17
16
17
16
21
24
23
22
19
19
29
24
17
22
25
28
19
18
27
22
17
16
15
26
15
20
17
17
15
7
22
23
21
16
30
35
23
24
21
14
22
15
23
29
28
12
20
29
20
30
17
18
20
13
25
18
19
14
11
25
20
13
17
25
21
15
25
22
17
28
18
27
23
24
21
22
20
19
15
21
25
20
19
19
22
24
26
20
23
19
19
19
19
23
21
25
23
18
18
29
17
17
24
20
18
13
17
17
23
22
19
23
15
17
16
12
23
16
23
20
29
27
21
23
24
26
22
13
20
21
18
18
23
18
26
14
20
22
21
15
21
18
23
13
16
11
16
22
12
19
28
15
19
22
21
27
25
23
19
18
16
18
20
12
18
28
24
21
20
17
25
21
24
30
20
19
18
21
20
23
17
22
23
14
23
24
20
20
21
26
17
18
20
25
21
29
21
25
16
10
20
25
21
19
22
26
24
26
21
19
29
11
20
24
21
19
21
16
26
14
19
18
19
20
23
14
21
20
18
23
16
30
21
18
19
21
16
15
17
12
15
23
25
21
20
14
23
24
23
21
19
28
18
17
19
23
31
27
19
22
21
18
17
18
21
27
20
13
19
16
20
15
15
24
28
29
20
14
21
22
25
22
20
22
16
25
16
16
21
23
25
25
20
17
27
13
23
25
15
19
28
15
20
23
22
17
25
27
17
17
23
18
17
18
17
18
20
26
16
15
16
14
16
19
20
27
15
18
26
18
17
18
16
14
22
25
21
26
27
22
26
27
27
20
17
27
17
14
21
21
18
19
21
20
22
23
15
17
11
18
14
22
20
24
16
22
24
24
15
22
16
16
11
15
19
16
18
22
15
21
22
20
19
24
20
25
17
26
18
17
10
18
17
20
19
23
24
18
18
16
15
19
15
14
19
25
17
11
25
13
25
22
26
20
20
19
20
16
17
17
24
27
14
20
21
11
24
11
12
17
22
21
14
18
19
17
21
27
15
19
24
14
15
22
14
22
15
17
21
14
23
26
20
33
20
22
18
18
20
14
16
17
19
21
20
18
20
29
21
16
24
19
21
19
26
24
21
23
14
22
27
16
22
11
19
23
22
22
15
18
17
12
16
23
19
28
11
18
26
17
17
16
22
17
20
14
22
16
18
24
18
28
21
15
18
28
22
26
13
22
23
16
23
20
17
14
26
14
18
16
21
19
20
19
21
25
22
15
19
20
20
17
28
17
15
15
23
26
20
21
17
26
23
20
20
24
16
20
21
24
7
19
16
18
21
21
18
19
25
17
16
17
21
23
10
21
16
19
16
27
12
21
32
23
21
23
19
24
16
23
33
26
8
16
17
23
17
24
26
31
15
18
21
17
21
19
22
21
20
20
19
24
17
20
27
26
23
13
24
15
14
21
23
21
16
19
25
21
16
13
20
17
17
10
20
16
17
25
18
15
27
19
25
26
19
24
15
18
28
14
24
16
18
28
13
25
12
19
19
18
32
21
18
21
17
22
15
19
19
21
22
17
19
20
19
19
20
27
22
22
20
14
17
16
21
27
23
12
17
19
23
16
16
23
18
27
18
24
23
22
21
20
13
22
20
23
23
19
19
13
20
26
17
21
25
18
27
29
18
20
26
16
14
14
11
26
20
20
19
22
21
22
24
17
11
13
15
23
22
20
14
23
11
18
20
14
23
26
13
20
19
25
17
16
21
20
23
20
21
29
16
18
21
16
21
11
17
15
22
21
18
15
23
20
16
20
13
18
23
16
19
21
22
29
19
19
26
15
17
25
15
28
23
20
20
16
13
24
19
18
20
21
18
16
13
14
15
31
12
19
15
20
18
21
20
20
17
14
24
26
22
20
13
11
18
23
21
24
20
22
25
21
21
24
20
18
21
11
18
11
18
23
22
19
19
21
19
20
21
27
27
27
27
14
28
10
21
19
21
26
17
31
19
19
20
19
22
20
18
14
27
18
28
19
18
21
31
19
27
24
17
16
34
8
13
18
24
27
17
20
16
19
20
25
20
28
14
21
16
14
23
19
18
20
21
15
19
21
19
10
19
18
27
14
23
27
18
14
16
17
19
18
15
22
19
17
11
13
20
23
17
24
20
20
18
25
18
20
25
22
22
11
23
18
21
21
24
17
22
19
17
15
22
17
22
32
20
12
27
24
14
23
17
27
18
17
24
23
15
19
17
25
19
19
18
19
11
23
22
22
13
21
19
18
14
23
24
28
22
21
21
30
24
18
16
29
21
10
21
16
23
22
25
28
22
14
18
18
18
14
16
23
23
26
21
21
19
24
17
13
18
14
22
22
22
23
21
26
18
26
20
29
27
23
21
10
13
20
15
18
26
19
24
23
28
20
14
19
21
23
22
23
25
20
19
15
20
14
18
24
11
22
15
19
26
11
18
21
13
20
18
18
16
19
20
25
23
24
29
16
22
32
21
18
21
17
18
20
24
14
32
18
23
17
27
21
17
19
14
21
13
30
19
18
25
22
21
17
25
12
18
18
20
24
19
23
18
22
15
14
29
26
14
19
20
20
20
24
27
15
20
15
19
20
22
20
23
26
15
16
20
17
18
22
7
19
18
18
15
23
15
22
15
14
18
21
17
21
24
20
19
23
26
19
19
18
20
24
24
17
25
23
21
30
20
18
21
17
18
19
19
24
23
19
17
19
17
26
23
23
22
19
25
13
18
23
20
16
14
21
23
12
21
11
22
23
17
23
13
29
21
23
15
22
12
13
13
24
25
18
20
17
22
14
16
16
19
26
21
26
15
19
14
23
11
18
20
21
21
19
16
21
12
19
15
17
14
26
11
24
18
16
24
12
16
17
15
25
24
22
16
10
15
17
24
12
22
22
16
20
18
23
17
23
25
17
19
26
22
20
22
23
22
28
18
13
12
21
21
20
21
16
20
18
21
16
22
22
22
17
16
18
22
24
15
21
22
19
17
13
19
15
21
17
19
19
10
16
8
20
26
22
23
16
19
15
16
17
25
19
13
16
12
25
15
14
17
18
16
24
23
15
15
18
10
22
17
26
19
13
20
13
18
24
16
12
25
23
14
14
14
25
8
16
13
18
15
16
24
21
26
26
23
16
15
17
21
19
27
25
9
15
14
25
16
10
12
19
20
14
19
15
13
13
17
16
19
19
13
20
18
11
17
21
14
17
10
19
16
13
21
15
21
22
16
24
14
22
30
11
16
14
24
22
12
18
15
24
20
15
12
16
22
15
22
16
20
11
10
16
12
13
19
14
13
20
16
21
16
19
18
19
12
19
23
13
17
21
16
15
17
15
19
19
13
16
20
18
17
19
11
22
20
14
21
23
15
13
16
15
12
18
12
21
18
18
16
16
17
13
24
14
13
7
22
12
17
14
22
12
23
20
21
17
17
19
21
16
13
17
16
21
20
20
20
24
15
16
24
18
16
21
15
16
20
20
15
24
17
14
10
19
24
16
16
17
13
22
10
20
15
20
19
16
13
20
21
19
17
21
13
17
13
16
10
15
12
13
13
23
16
19
21
16
21
15
20
14
19
13
14
22
19
11
16
18
16
21
11
19
13
20
15
19
14
13
15
17
22
13
20
19
20
15
16
21
15
24
9
19
19
16
11
14
15
16
14
11
24
12
17
22
24
19
18
14
21
14
9
13
13
15
11
20
14
15
15
14
15
19
13
20
6
11
13
17
11
20
13
18
11
20
12
16
28
24
12
15
18
20
10
16
18
11
16
19
14
14
12
14
15
8
21
12
15
12
14
13
9
13
15
21
19
18
16
22
19
25
20
19
15
13
17
21
26
15
21
22
14
16
15
15
17
18
15
20
16
13
14
15
7
17
18
32
18
20
12
14
17
16
19
17
16
10
30
13
11
22
15
20
10
14
10
14
12
13
12
20
19
20
10
21
22
17
10
21
18
20
12
18
13
15
16
11
13
18
19
16
17
23
17
12
15
23
22
20
13
10
17
20
14
12
13
21
13
17
14
15
13
13
19
10
14
10
15
18
20
18
15
16
15
15
16
11
18
14
11
16
21
14
13
20
9
11
9
13
22
17
12
17
12
15
23
17
15
16
15
14
19
22
15
15
14
9
11
15
20
16
14
18
11
14
12
15
16
25
10
25
16
12
10
13
20
11
14
12
15
16
19
15
16
12
15
7
13
14
18
15
17
13
21
25
13
23
17
19
18
17
12
15
24
16
8
14
19
14
18
13
12
24
23
9
8
12
20
17
19
21
18
22
16
20
15
20
20
17
13
8
10
13
15
15
14
13
19
13
19
9
10
13
23
18
17
21
21
24
20
24
12
14
11
13
14
18
20
14
17
23
14
21
18
17
13
17
13
22
17
7
16
19
15
20
14
15
16
14
15
19
21
21
22
10
6
15
21
12
16
11
22
19
15
15
25
13
31
16
23
12
16
18
18
16
17
19
19
22
15
13
16
13
19
17
20
19
21
15
22
14
10
14
18
12
13
15
15
20
10
18
12
19
8
11
24
15
17
16
15
18
5
17
11
18
15
15
14
13
20
14
17
14
18
12
12
12
16
11
10
17
16
14
16
20
18
15
7
6
9
16
16
6
15
15
13
15
16
10
18
12
16
6
16
7
16
15
8
11
21
15
14
13
11
15
9
19
13
15
22
7
5
13
8
18
9
13
21
13
16
15
15
11
15
15
17
9
14
9
13
14
15
14
14
17
19
16
13
18
16
14
14
14
10
17
14
9
12
16
7
16
9
13
8
9
13
16
16
9
10
20
13
21
9
14
11
15
15
8
21
9
12
14
16
16
13
12
13
11
15
15
13
20
17
13
14
15
11
9
16
4
11
14
18
9
14
16
13
12
10
12
16
14
21
12
7
17
9
14
14
11
15
15
17
3
10
12
11
16
7
13
7
12
14
21
13
12
5
17
14
11
11
18
7
16
15
11
10
12
11
20
12
8
11
11
9
16
8
20
13
11
14
18
12
18
16
14
15
13
5
20
20
19
15
21
11
12
6
14
15
17
16
21
9
12
10
15
9
16
15
14
17
13
19
16
19
18
17
12
11
20
16
13
7
17
21
13
18
17
12
22
14
19
18
18
16
10
24
6
15
16
16
21
22
11
14
14
11
20
21
15
28
17
23
21
13
16
18
18
33
21
29
39
28
28
50
57
66
81
81
89
92
107
91
93
97
92
71
72
68
54
41
46
31
33
41
28
23
20
23
15
30
12
9
14
20
10
14
12
11
18
12
10
8
15
14
10
17
7
9
9
15
7
16
9
13
15
14
9
15
7
10
10
12
14
8
12
12
12
14
11
11
13
9
9
9
7
7
13
10
8
10
11
10
10
8
10
10
13
12
11
5
16
7
14
10
10
9
8
9
17
12
11
11
15
11
9
7
15
8
13
11
11
17
10
12
14
6
12
12
9
11
7
15
6
7
11
14
9
12
12
6
15
20
9
21
17
10
14
13
10
5
13
13
16
10
13
9
11
14
11
13
6
9
16
13
12
12
11
13
13
12
10
11
8
10
14
11
14
9
13
8
14
10
10
20
10
8
12
11
9
7
13
16
7
8
8
12
11
7
16
10
13
12
11
16
17
12
13
12
16
16
12
15
11
8
11
13
14
9
15
12
12
20
18
14
10
17
11
25
18
12
20
14
14
15
27
17
8
23
12
32
30
23
17
30
27
25
23
12
14
16
9
13
8
18
5
5
12
9
8
7
8
5
5
8
3
3
2
5
7
9
1
5
7
4
10
8
3
2
5
2
2
3
4
1
4
5
3
5
10
6
7
8
4
6
4
4
6
3
4
1
5
5
9
5
5
7
5
2
5
5
5
6
2
4
7
4
4
2
5
6
7
8
8
3
3
4
4
2
8
4
7
3
7
6
4
5
9
7
2
8
6
4
3
4
5
2
7
9
4
3
4
6
7
3
4
7
3
4
3
2
6
5
3
3
4
5
3
6
7
8
1
1
5
5
3
5
5
6
5
6
7
4
6
4
5
5
4
5
5
5
4
3
4
2
6
5
5
2
9
1
5
4
4
9
5
5
3
4
4
11
9
8
2
3
2
3
3
3
5
4
5
2
6
1
3
5
8
2
5
5
4
2
5
3
4
2
4
7
5
6
4
5
5
4
4
8
5
3
1
4
3
7
3
9
2
4
6
6
4
5
6
3
8
5
6
4
2
3
6
7
8
4
7
4
5
4
4
1
6
4
2
5
4
6
5
3
8
3
3
7
2
4
7
8
3
3
1
3
4
6
2
7
6
5
2
4
9
0
7
3
3
2
4
4
5
2
6
6
7
4
6
9
4
5
8
4
6
5
5
3
4
7
3
5
6
6
3
4
2
5
8
7
4
4
5
4
2
5
2
4
6
4
2
5
4
5
4
3
1
5
4
3
4
2
3
7
2
5
2
2
5
6
6
4
3
4
2
3
4
3
5
0
3
2
3
5
5
8
2
6
4
2
6
4
0
6
3
3
5
2
1
6
4
6
4
6
6
1
7
5
5
3
2
5
4
3
4
7
4
3
4
6
4
3
5
6
2
5
3
2
5
3
4
10
9
0
5
3
7
5
4
4
7
2
3
10
7
6
6
8
3
3
8
8
4
3
3
2
4
6
4
9
7
5
5
4
5
4
3
3
5
6
2
2
5
6
3
2
7
5
5
4
7
3
4
4
5
5
5
3
3
4
7
6
5
8
4
5
6
9
5
4
7
8
5
5
5
6
4
8
6
4
5
3
9
10
3
7
4
2
4
5
6
4
3
4
5
5
9
4
3
8
10
6
8
4
6
8
8
2
3
9
7
5
3
5
4
2
7
5
3
6
4
11
10
7
10
11
4
7
11
6
8
8
7
7
4
10
6
8
13
8
9
9
5
10
6
13
20
14
10
7
13
14
11
13
10
7
12
15
10
11
15
10
14
14
11
14
7
13
10
17
15
10
10
8
20
14
12
13
20
14
21
18
17
17
28
23
20
29
25
37
42
47
66
61
74
114
125
155
191
229
208
217
190
199
195
149
122
96
85
79
58
53
51
42
32
31
31
25
17
14
8
12
11
7
5
9
9
10
3
7
5
6
8
7
9
6
5
6
3
3
3
8
5
6
7
6
2
5
4
3
4
5
7
8
4
7
3
4
3
4
7
3
5
8
4
1
10
5
8
4
3
2
7
5
5
10
3
6
6
1
4
5
4
4
2
4
4
5
3
6
5
4
2
4
6
6
2
3
8
2
0
3
4
5
3
3
8
4
8
5
5
4
7
3
7
5
8
6
9
6
9
10
5
3
1
6
5
4
2
6
6
5
5
5
6
7
7
6
9
6
6
2
5
6
4
5
4
4
10
9
5
7
5
6
9
7
7
7
5
4
4
11
12
5
5
7
5
7
3
8
9
3
8
5
16
7
3
7
4
8
6
10
8
5
7
4
4
6
9
5
10
6
7
11
10
6
3
14
9
14
10
10
8
7
6
11
12
8
11
8
12
7
17
6
11
12
13
12
21
11
19
11
7
14
9
9
18
21
12
5
4
2
3
5
2
4
0
3
3
4
3
6
2
3
1
0
3
1
1
1
1
2
3
2
5
3
2
4
4
2
2
2
1
0
2
1
1
0
3
2
2
1
0
1
2
0
1
1
3
1
3
0
1
2
2
0
1
2
1
3
1
2
0
2
0
4
1
2
1
0
0
1
1
3
1
0
0
1
0
0
2
0
0
0
2
1
2
0
1
2
0
0
0
0
2
1
2
1
2
0
1
0
2
0
0
0
0
4
1
0
4
2
2
0
1
0
2
1
4
1
3
1
0
0
0
1
1
3
3
1
0
1
1
2
0
1
0
2
2
2
0
1
1
0
1
0
0
2
2
2
0
0
0
2
0
3
0
0
1
0
1
1
1
3
0
0
2
2
4
1
1
0
1
1
0
0
0
0
0
1
1
1
0
0
0
1
0
1
2
1
1
1
3
0
1
2
1
2
2
1
2
1
0
1
1
2
1
1
1
0
1
0
2
1
0
2
1
1
0
1
1
1
1
1
0
0
1
3
0
0
2
2
2
1
2
0
1
1
1
0
0
1
0
1
1
0
0
1
3
1
0
1
1
1
2
1
1
0
0
1
0
1
0
4
3
0
1
0
0
0
1
2
3
1
2
1
2
1
0
0
0
1
4
0
0
0
2
1
1
0
0
1
1
1
2
2
0
1
1
2
1
1
2
2
0
0
0
0
0
0
0
1
0
0
1
2
0
0
2
1
1
3
0
0
1
2
1
1
0
1
0
0
0
1
0
2
3
0
1
1
1
0
1
0
1
0
0
0
2
0
2
0
1
1
0
1
0
1
0
2
2
0
0
2
0
1
1
0
0
1
0
1
0
1
0
1
0
0
2
1
0
0
2
4
0
2
1
1
0
1
1
1
0
1
0
2
0
0
0
0
1
0
1
0
0
1
1
0
2
1
1
1
0
2
0
1
1
1
1
0
2
1
0
2
3
0
0
2
0
1
1
1
0
0
0
0
0
0
1
2
1
1
1
1
1
1
1
0
0
0
0
1
0
0
0
0
0
1
2
1
1
2
1
1
1
0
2
1
3
1
1
0
0
3
0
0
1
0
1
1
0
0
1
0
0
0
0
0
0
1
0
0
0
0
0
3
1
1
1
0
2
0
1
1
0
0
1
1
0
1
0
2
1
1
0
1
1
0
0
2
1
0
1
2
0
1
0
0
0
1
1
0
0
0
1
1
1
2
0
2
1
1
0
0
0
2
1
0
1
2
1
0
1
0
1
0
0
1
0
1
0
1
1
1
2
3
1
0
1
0
2
0
2
0
0
0
0
1
0
0
0
0
0
0
0
0
2
0
1
1
0
0
0
1
1
0
0
1
1
1
2
0
0
0
2
1
0
0
0
0
0
0
0
2
0
0
0
0
0
2
2
0
1
1
1
0
1
1
0
1
1
0
1
1
2
0
0
1
0
0
0
0
0
1
0
1
1
1
0
0
2
1
1
1
0
1
1
0
0
0
1
0
1
1
1
0
0
0
2
1
0
1
0
0
1
0
2
2
0
1
1
1
1
1
1
0
0
0
0
0
0
3
0
0
1
2
1
0
1
3
1
1
0
3
0
1
0
1
2
0
0
1
0
2
0
0
0
1
1
2
2
0
0
0
1
0
0
1
2
0
1
1
2
0
0
1
0
0
0
0
0
1
2
0
0
0
1
1
0
1
0
0
1
0
0
0
0
0
0
1
0
0
0
0
0
0
2
0
1
0
1
0
1
1
1
1
2
1
2
2
0
0
1
0
0
0
0
0
0
1
0
0
3
0
1
1
1
0
0
0
1
2
1
1
0
1
0
1
0
1
1
1
1
0
1
1
0
0
0
1
2
1
0
0
0
0
1
0
0
0
1
1
0
0
2
1
3
2
0
2
0
0
1
0
2
0
1
0
2
0
0
0
1
0
0
0
0
1
0
1
0
1
1
1
1
1
0
1
1
0
2
0
0
1
0
0
1
1
1
1
0
0
0
0
0
1
1
0
2
1
0
1
1
1
1
1
0
1
0
2
0
0
0
1
0
1
1
1
1
0
0
1
0
2
1
2
0
0
0
1
1
1
0
0
1
1
2
0
0
0
0
0
2
0
1
1
1
0
0
1
0
1
0
1
1
0
0
0
0
1
0
1
1
0
1
0
0
1
0
2
0
1
3
0
2
0
1
0
1
1
0
0
0
0
2
1
0
0
2
0
1
3
0
0
1
1
0
0
0
0
0
0
1
0
1
1
2
0
0
0
1
0
0
0
1
0
2
0
0
2
1
1
0
1
0
1
1
0
1
1
0
2
0
0
2
0
0
0
1
0
1
0
0
1
0
2
1
1
1
1
0
2
0
1
0
2
0
1
0
0
0
0
0
0
0
2
1
2
1
0
1
1
2
0
0
0
0
0
0
0
1
1
0
0
0
1
0
0
2
1
1
0
0
0
0
0
2
1
0
0
1
1
1
0
0
1
0
1
0
0
0
0
0
0
0
0
22
39
50
48
61
50
61
51
63
62
75
79
73
76
79
74
104
97
116
129
153
161
159
175
178
191
202
193
256
257
300
332
377
375
415
432
479
489
533
574
587
624
629
687
711
735
776
850
893
926
1040
986
1080
1107
1167
1236
1210
1325
1383
1385
1437
1555
1477
1674
1704
1716
1786
1811
1841
1988
2035
2051
2190
2142
2304
2317
2425
2580
2567
2665
2694
2802
2959
2988
3102
3243
3351
3373
3580
3730
3780
4044
4133
4256
4624
4724
4923
5272
5457
5874
6043
6573
7126
8389
10612
15536
26674
47587
81698
124961
164474
187308
184594
161370
130937
103129
83387
68141
58137
49761
42846
37106
32244
28752
26056
23748
21965
20771
