0
0
0
0
0
0
0
0
0
0
0
0
0
0
0
0
0
0
0
0
0
0
0
0
0
0
0
0
0
0
0
0
0
0
0
0
0
0
0
0
0
0
0
0
0
0
0
0
0
0
0
0
0
0
0
0
0
0
0
0
0
0
0
0
0
0
0
0
0
0
0
0
0
0
0
0
0
0
0
0
0
0
0
0
0
0
0
0
0
0
0
0
0
0
0
0
0
0
0
0
0
0
0
0
0
0
0
0
0
0
0
0
0
0
0
0
0
0
0
0
0
0
0
0
0
0
0
0
0
0
0
0
0
0
0
0
0
0
0
0
0
0
0
0
0
0
0
0
0
0
0
0
0
0
0
0
0
0
0
0
0
0
0
0
0
0
0
0
0
0
0
0
0
0
0
0
0
0
0
0
0
0
0
0
0
0
0
0
0
0
0
0
0
0
0
0
0
0
0
0
0
0
0
0
0
0
0
0
0
0
0
0
0
0
0
0
0
0
0
0
0
0
0
0
0
0
0
0
0
0
0
0
0
0
0
0
0
0
0
0
0
0
0
0
0
0
0
0
0
0
0
0
0
0
0
0
0
0
0
0
0
0
0
0
0
0
0
0
0
0
0
0
0
0
0
0
0
0
0
0
0
0
0
0
0
0
0
0
0
0
0
0
0
0
0
0
0
0
0
0
0
0
0
0
0
0
0
0
0
0
0
0
0
0
0
0
0
0
0
0
0
0
0
0
0
0
0
0
0
0
0
0
0
0
0
0
0
0
0
0
0
0
0
0
0
0
0
0
0
0
0
0
0
0
0
0
0
0
0
0
0
0
0
0
0
0
0
0
0
0
0
0
0
0
0
0
0
0
0
0
0
0
0
0
0
0
0
0
0
0
0
0
0
0
0
0
0
0
0
0
0
0
0
0
0
0
0
0
0
0
0
0
0
0
0
0
0
0
0
0
0
0
0
0
0
0
0
0
0
0
0
0
0
0
0
0
0
0
0
0
0
0
0
0
0
0
0
0
0
0
0
0
0
0
0
0
0
0
0
0
0
0
0
0
0
0
0
0
0
0
0
0
0
0
0
0
0
0
0
0
0
0
0
0
0
0
0
0
0
0
0
0
0
0
0
0
0
0
0
0
0
0
0
0
0
0
0
0
0
0
0
0
0
0
0
0
0
0
0
0
0
0
0
0
0
0
0
0
0
0
0
0
0
0
0
0
0
0
0
0
0
0
0
0
0
0
0
0
0
0
0
0
0
0
0
0
0
0
0
0
0
0
0
0
0
0
0
0
0
0
0
0
0
0
0
0
0
0
0
0
0
0
0
0
0
0
0
0
0
0
0
0
0
0
0
0
0
0
0
0
0
0
0
0
0
0
0
0
0
0
0
0
0
0
0
0
0
0
0
0
0
0
0
0
0
0
0
0
0
0
0
0
0
0
0
0
0
0
0
0
0
0
0
0
0
0
0
0
0
0
0
0
0
0
0
0
0
0
0
0
0
0
0
0
0
0
0
0
0
0
0
0
0
0
0
0
0
0
0
0
0
0
0
0
0
0
0
0
0
0
0
0
0
0
0
0
0
0
0
0
0
0
0
0
0
0
0
0
0
0
0
0
0
0
0
0
0
0
0
0
0
0
0
0
0
0
0
0
0
0
0
0
0
0
0
0
0
0
0
0
0
0
0
0
0
0
0
0
0
0
0
0
0
0
0
0
0
0
0
0
0
0
0
0
0
0
0
0
0
0
0
0
0
0
0
0
0
0
0
0
0
0
0
0
0
0
0
0
0
0
0
0
0
0
0
0
0
0
0
0
0
0
0
0
0
0
0
0
0
0
0
0
0
0
0
0
0
0
0
0
0
0
0
0
0
0
0
0
0
0
0
0
0
0
0
0
0
0
0
0
0
0
0
0
0
0
0
0
0
0
0
0
0
0
0
0
0
0
0
0
0
0
0
0
0
0
0
0
0
0
0
0
0
0
0
0
0
0
0
0
0
0
0
0
0
0
0
0
0
0
0
0
0
0
0
0
0
0
0
0
0
0
0
0
0
0
0
0
0
0
0
0
0
0
0
0
0
0
0
0
0
0
0
0
0
0
0
0
0
0
0
0
0
0
0
0
0
0
0
0
0
0
0
0
0
0
0
0
0
0
0
0
0
0
0
0
0
0
0
0
0
0
0
0
0
0
0
0
0
0
0
0
0
0
0
0
0
0
0
0
0
0
0
0
0
0
0
0
0
0
0
0
0
0
0
0
0
0
0
0
0
0
0
0
0
0
0
0
0
0
0
0
0
0
0
0
0
0
0
0
0
0
0
0
0
0
0
0
0
0
0
0
0
0
0
0
0
0
0
0
0
0
0
0
0
0
0
0
0
0
0
0
0
0
0
0
0
0
0
0
0
0
0
0
0
0
0
0
0
0
0
0
0
0
0
0
0
0
0
0
0
0
0
0
0
0
0
0
0
0
0
0
0
0
0
0
0
0
0
0
0
0
0
0
0
0
0
0
0
0
0
0
0
0
0
0
0
0
0
0
0
0
0
0
0
0
0
0
0
0
0
0
0
0
0
0
0
0
0
0
0
0
0
0
0
0
0
0
0
0
0
0
0
0
0
0
0
0
0
0
0
0
0
0
0
0
0
0
0
0
0
0
0
0
0
0
0
0
0
0
0
0
0
0
0
0
0
0
0
0
0
0
0
0
0
0
0
0
0
0
0
0
0
0
0
0
0
0
0
0
0
0
0
0
0
0
0
0
0
0
0
0
0
0
0
0
0
0
0
0
0
0
0
0
0
0
0
0
0
0
0
0
0
0
0
0
0
0
0
0
0
0
0
0
0
0
0
0
0
0
0
0
0
0
0
0
0
0
0
0
0
0
0
0
0
0
0
0
0
0
0
0
0
0
0
0
0
0
0
0
0
0
0
0
0
0
0
0
0
0
0
0
0
0
0
0
0
0
0
0
0
0
0
0
0
0
0
0
0
0
0
0
0
0
0
0
0
0
0
0
0
0
0
0
0
0
0
0
0
0
0
0
0
0
0
0
0
0
0
0
0
0
0
0
0
0
0
0
0
0
0
0
0
0
0
0
0
0
0
0
0
0
0
0
0
0
0
0
0
0
0
0
0
0
0
0
0
0
0
0
0
1
0
0
0
0
0
0
0
0
0
0
0
0
0
0
0
0
0
0
0
0
0
1
0
0
0
0
0
0
0
0
0
0
0
0
0
0
0
0
0
0
0
0
0
1
1
0
0
1
0
0
1
0
0
0
1
0
0
0
1
0
0
0
1
0
0
0
0
0
0
0
0
0
1
0
0
1
0
0
0
1
1
0
0
0
1
0
1
0
0
0
0
0
1
0
0
1
1
0
0
0
0
0
1
1
0
1
0
0
1
0
0
2
0
0
0
0
1
0
0
1
0
0
1
0
0
0
0
1
1
1
0
1
1
0
0
0
0
1
2
2
1
0
3
1
0
0
1
1
2
0
2
0
0
2
1
2
2
1
0
2
4
4
1
2
4
7
4
2
3
3
4
6
6
4
4
5
5
7
5
7
8
7
2
3
4
11
8
10
4
9
10
2
9
10
10
18
17
6
13
14
12
9
13
20
17
10
15
17
20
12
13
19
18
22
20
29
19
29
22
25
25
15
29
32
23
27
26
23
23
32
47
32
19
23
36
21
24
35
33
23
33
36
35
25
38
36
36
41
37
37
28
32
38
35
34
31
51
33
36
34
41
34
38
29
32
29
35
42
38
37
44
49
50
32
37
35
39
32
39
36
27
35
41
37
48
29
36
34
42
32
26
40
50
46
32
35
41
48
36
46
48
33
53
38
40
51
36
43
32
37
41
42
31
34
34
42
31
39
49
38
39
38
41
33
39
29
42
39
43
33
42
38
36
40
53
30
34
34
47
50
56
35
38
35
36
38
41
34
42
50
38
36
59
52
40
41
51
38
31
37
40
48
51
47
60
37
39
43
39
41
41
55
41
34
36
30
34
43
33
55
43
47
44
47
44
33
39
40
35
41
61
41
50
46
43
62
38
41
36
58
44
48
42
38
45
41
25
44
32
39
67
49
43
36
42
48
43
41
53
47
48
40
40
39
47
48
41
41
37
45
56
49
38
45
52
47
41
51
50
46
58
48
38
52
51
59
45
56
47
48
50
42
37
52
58
56
42
62
51
38
62
56
44
36
38
49
40
57
44
41
42
52
34
43
49
61
58
42
50
42
50
51
40
44
28
48
49
55
50
49
45
55
56
50
50
41
39
48
45
43
51
35
51
51
55
47
41
54
48
57
43
52
46
43
56
50
42
41
47
41
48
45
45
44
58
51
52
42
49
58
52
41
45
44
36
50
57
47
47
69
51
48
49
42
58
39
49
45
50
48
42
47
53
49
46
46
57
45
40
47
44
49
48
51
40
48
52
52
48
42
48
51
51
44
57
38
43
40
39
55
44
50
48
49
45
64
49
52
57
62
50
46
47
40
58
59
57
50
40
46
42
49
38
47
42
41
53
47
39
37
49
53
64
54
58
60
53
56
46
44
36
43
50
59
44
51
46
48
50
40
49
56
39
39
55
48
60
43
39
40
48
60
52
38
37
55
48
47
45
40
47
38
46
46
50
49
40
53
44
44
39
50
39
59
60
55
43
41
45
52
57
41
49
45
39
54
46
60
46
45
47
59
53
57
41
47
43
48
47
42
61
64
49
51
52
54
49
40
47
56
40
46
52
49
45
52
66
41
47
50
55
39
61
26
44
50
52
52
50
52
53
54
42
59
51
54
55
57
45
44
54
53
47
47
51
45
46
54
44
47
50
41
54
52
50
47
62
44
61
45
41
49
43
48
42
51
53
33
50
48
55
49
44
57
39
54
51
55
49
46
54
47
52
49
41
45
58
57
43
37
52
49
48
44
52
42
41
44
40
67
58
46
50
54
59
54
39
36
48
56
38
53
47
60
44
47
50
47
45
58
52
43
44
51
45
61
49
54
52
48
56
56
52
52
52
56
54
67
49
41
51
43
41
45
60
37
55
63
64
52
54
48
54
59
49
62
43
48
55
44
58
50
42
59
43
53
49
44
45
51
64
46
59
56
52
50
48
48
56
53
54
66
55
46
44
43
49
41
56
56
55
46
47
43
49
59
56
54
49
61
43
57
41
56
57
57
58
52
53
58
53
59
37
63
51
69
50
50
49
43
53
54
49
53
44
47
36
53
61
61
53
62
52
64
55
51
58
48
66
44
52
37
36
53
51
44
62
50
63
45
59
59
52
53
60
62
50
48
57
52
47
54
46
55
55
70
56
59
65
55
66
47
58
52
54
49
59
59
60
56
70
52
64
66
60
56
46
53
60
61
53
58
62
65
63
51
65
63
71
69
69
62
59
55
69
58
65
67
61
67
48
58
68
49
55
63
77
69
59
72
56
66
81
64
69
63
58
73
60
57
62
68
65
71
60
70
72
62
74
64
65
55
62
65
69
74
71
73
80
78
79
68
76
61
82
81
57
72
82
83
79
56
75
83
72
78
71
81
88
74
86
83
72
97
97
104
108
92
93
80
82
102
111
114
96
110
92
101
88
112
109
109
102
87
106
104
114
111
98
110
89
118
98
121
110
99
100
123
127
107
138
120
131
150
137
145
157
117
138
149
140
135
154
132
151
145
163
139
166
157
158
164
166
161
130
176
158
165
155
190
196
180
155
181
182
169
190
185
200
186
203
220
162
200
201
204
199
208
226
205
239
205
255
201
229
204
238
223
258
242
223
255
245
232
259
260
240
243
267
256
277
271
294
268
259
242
289
285
293
274
346
302
294
303
300
288
274
320
300
335
325
329
368
343
312
323
368
340
319
344
339
363
383
377
364
335
362
371
379
357
387
421
383
370
362
379
417
419
382
398
401
466
424
402
397
451
407
418
424
416
446
447
459
482
460
503
470
492
479
480
485
517
501
537
496
543
512
481
486
512
510
563
526
510
503
543
526
531
514
591
567
573
580
540
562
573
527
531
529
554
549
603
562
587
606
591
594
608
646
636
590
575
638
637
619
633
616
620
608
632
605
624
611
636
618
660
635
674
636
630
715
681
657
741
699
692
685
683
680
684
724
688
694
724
695
687
717
678
703
753
707
718
740
774
701
693
697
781
741
649
731
744
786
706
729
689
686
758
779
702
715
737
699
717
725
757
692
721
746
757
748
745
762
734
759
797
746
779
749
754
765
763
782
760
724
744
715
740
734
816
730
784
721
756
699
750
757
761
726
735
779
706
743
701
726
743
769
711
731
724
755
718
735
757
708
686
697
740
734
717
709
762
727
738
687
667
702
709
735
665
673
657
690
684
686
695
693
638
674
706
674
678
670
690
638
629
682
626
625
647
680
649
654
658
632
660
618
614
666
637
617
613
587
618
617
593
602
616
594
584
546
565
580
546
554
574
545
542
517
551
525
554
551
503
493
549
547
518
499
490
493
545
521
512
453
496
480
442
481
494
438
465
432
461
447
469
449
442
468
445
426
429
436
424
389
400
409
378
413
390
385
379
396
400
354
354
387
392
359
382
377
357
372
310
354
330
355
323
343
328
299
316
301
318
325
309
310
298
322
326
286
298
293
274
283
255
306
264
274
287
291
287
263
247
256
285
255
254
229
265
232
247
256
205
241
200
202
228
227
229
190
191
200
226
182
216
204
196
176
206
188
182
185
221
186
164
166
188
156
199
181
166
152
163
181
163
155
161
163
145
170
148
150
150
131
150
157
139
147
146
149
149
125
145
126
113
150
115
137
117
120
115
114
141
130
104
105
110
123
119
110
110
94
121
102
107
97
112
111
110
111
107
81
96
90
114
87
94
86
85
100
76
91
74
89
88
67
77
93
81
88
75
71
74
80
84
87
84
78
86
98
63
88
67
69
68
70
73
66
50
74
74
62
58
57
75
59
58
76
64
61
69
72
57
57
85
66
59
71
63
56
48
55
39
51
49
58
66
67
52
50
50
66
45
62
52
32
52
48
64
50
59
57
60
55
49
54
54
59
59
48
59
42
46
42
51
30
51
43
49
55
55
46
47
48
55
54
40
57
45
50
50
48
41
38
42
50
43
51
49
41
43
38
47
49
54
37
38
49
44
29
31
42
42
46
39
44
33
36
42
37
50
43
43
39
46
55
33
47
52
43
37
39
43
40
40
39
32
32
41
43
43
39
30
33
37
29
29
43
37
46
31
36
27
33
36
35
38
41
36
39
42
28
36
42
46
46
29
42
34
32
32
39
37
45
40
35
39
41
33
25
35
32
36
41
38
45
36
18
35
37
37
50
34
23
26
43
31
40
24
37
43
31
39
41
36
35
32
29
31
32
38
34
35
29
31
31
27
30
36
28
36
42
34
28
27
30
47
27
25
20
42
32
24
29
30
28
30
42
27
32
27
29
29
29
27
36
38
23
28
44
34
40
39
29
23
32
40
31
25
32
37
27
28
37
33
26
25
26
36
31
34
35
32
38
23
39
26
33
32
28
23
42
37
27
36
34
26
29
33
34
36
36
29
38
22
28
36
27
24
31
37
43
31
25
32
32
29
37
32
32
37
33
38
21
30
21
31
33
34
29
31
43
37
24
29
30
33
32
27
34
29
27
16
31
22
42
25
38
37
33
24
32
29
24
23
23
32
37
30
32
31
36
29
24
34
32
29
28
28
27
34
26
20
39
33
38
21
27
25
30
25
28
25
18
28
31
29
32
24
38
33
32
26
29
15
32
18
37
37
40
25
28
25
29
25
25
24
30
31
30
29
27
34
32
27
23
31
39
29
30
29
23
23
31
27
27
16
34
30
32
34
21
35
34
24
31
28
33
28
29
26
39
27
28
22
24
38
28
29
25
28
27
18
27
28
38
27
32
28
25
24
32
31
29
31
25
20
36
29
25
31
22
24
26
24
17
23
22
27
24
30
22
27
23
30
29
38
28
25
22
33
26
39
21
26
21
28
31
27
25
29
22
36
23
26
32
25
28
35
15
27
34
24
26
36
30
26
30
27
31
31
27
42
20
24
27
30
32
28
26
25
43
24
33
36
24
22
26
18
30
16
38
32
33
33
26
28
36
27
29
30
24
28
22
28
27
34
25
43
26
23
16
22
29
35
36
37
15
24
24
23
28
31
29
27
31
26
32
31
26
36
24
23
15
26
32
23
27
20
29
33
29
27
38
30
25
31
28
29
24
27
34
26
20
18
25
26
24
30
25
19
34
23
15
26
28
28
21
38
32
25
18
27
25
28
30
28
32
24
29
21
35
24
32
30
36
19
25
18
24
30
25
21
29
25
29
24
26
20
36
22
27
26
37
28
23
26
36
29
28
23
29
26
25
24
25
29
24
30
29
32
25
24
33
30
30
38
27
22
23
26
22
28
22
32
13
31
25
27
27
33
33
35
20
23
31
28
24
25
27
26
18
29
25
30
24
21
39
21
30
19
29
14
25
25
25
17
31
26
31
26
20
25
19
37
28
26
19
20
19
26
26
41
35
30
18
30
28
15
23
29
26
26
32
30
33
45
17
26
32
25
22
24
23
26
19
33
24
25
24
26
25
22
22
22
22
20
22
21
26
34
33
28
32
19
26
26
29
18
38
24
21
25
28
28
20
19
22
18
25
23
26
32
30
34
26
30
31
28
29
26
21
25
25
33
28
29
20
25
23
23
33
28
30
22
32
20
25
27
26
26
22
28
27
19
24
26
15
22
25
23
18
32
26
29
26
38
22
21
25
22
16
26
26
31
26
40
26
29
26
35
17
36
24
25
22
24
15
29
23
26
23
33
27
23
21
21
31
28
19
19
24
26
33
27
31
33
33
25
31
31
22
30
22
33
21
25
27
36
24
26
22
21
24
26
27
33
18
24
19
20
27
31
24
26
23
28
30
24
21
28
27
19
25
26
17
33
25
27
28
24
30
29
26
28
28
22
27
31
26
26
28
18
26
31
31
33
30
30
23
24
29
28
30
29
34
22
28
28
28
38
25
24
22
17
20
24
24
25
24
35
34
28
27
23
28
22
30
25
17
34
26
29
16
27
29
24
21
17
28
25
26
23
35
32
34
36
24
25
30
28
31
21
10
29
29
28
20
23
25
28
30
21
19
24
23
26
33
26
26
29
30
23
18
19
28
31
32
27
32
29
21
35
28
23
23
28
17
25
30
20
29
19
30
20
28
21
25
24
21
29
19
20
28
19
21
26
38
22
27
29
25
30
22
16
35
20
23
27
23
35
30
31
26
20
32
28
20
30
31
36
26
18
27
28
31
22
30
28
28
27
35
29
26
20
27
26
32
27
29
18
20
27
23
25
24
24
34
20
22
23
37
28
23
21
17
23
20
25
22
18
29
29
35
24
16
25
35
27
20
21
25
26
31
27
17
23
35
23
24
30
28
26
33
30
23
23
28
23
23
32
30
20
32
23
15
27
27
24
26
27
20
30
30
18
22
26
24
23
23
29
26
34
30
28
23
23
27
23
30
18
25
22
30
22
26
26
30
33
26
25
24
24
18
20
24
26
30
29
21
19
27
24
28
22
30
18
22
31
28
17
19
28
36
35
22
21
33
25
32
23
25
33
29
25
30
27
28
24
25
29
24
32
19
28
22
27
32
21
15
24
29
26
28
31
21
30
29
25
36
21
25
22
17
19
29
21
28
26
25
31
29
22
23
22
31
35
30
22
29
17
16
36
18
22
32
20
33
28
23
23
37
30
30
26
35
24
34
32
29
21
37
25
30
31
34
27
25
29
35
33
21
25
28
36
26
25
29
29
29
26
18
23
32
17
29
17
24
35
25
27
31
29
28
22
20
19
22
23
31
25
26
27
28
27
20
13
32
25
38
24
24
23
29
29
28
24
35
27
26
22
22
17
21
20
29
23
29
24
31
26
34
22
35
27
28
36
29
20
26
33
23
21
28
17
27
27
30
27
24
40
24
23
27
17
26
17
22
29
24
23
27
19
36
24
21
28
25
22
27
26
24
20
22
16
22
11
19
18
13
19
19
16
24
16
21
15
19
13
18
23
10
11
25
20
12
18
15
12
15
9
14
7
7
12
14
13
6
10
11
4
8
10
7
7
5
5
7
5
8
3
5
6
7
2
2
8
8
5
3
2
3
3
2
2
5
1
1
2
1
2
3
1
2
1
1
0
0
2
0
1
1
0
2
0
2
0
0
2
1
0
0
0
0
0
0
0
1
0
0
1
0
0
1
1
2
0
0
0
0
0
0
0
0
0
1
0
1
0
1
0
0
0
0
1
0
0
0
1
0
0
0
0
0
0
0
0
0
0
0
0
1
1
0
1
0
0
1
0
0
0
0
0
0
0
0
0
0
0
0
0
0
0
0
0
0
0
1
0
0
0
0
0
0
0
0
0
0
0
0
1
0
0
1
0
0
0
0
0
0
0
0
0
0
0
0
0
0
0
0
0
0
0
0
0
0
0
0
0
0
0
0
0
0
0
0
0
0
0
1
0
0
0
0
0
0
0
1
0
0
0
0
0
0
0
0
0
0
0
0
0
1
0
0
0
0
0
0
0
0
0
0
0
0
1
0
0
0
1
0
0
0
0
0
0
0
1
0
0
0
0
0
0
0
1
0
0
0
0
0
0
0
0
0
3
0
0
0
0
0
0
0
0
0
0
0
0
0
0
0
0
0
0
0
0
0
1
0
0
1
0
0
0
0
1
0
0
0
0
0
0
0
0
0
0
0
0
0
0
1
1
0
0
0
1
0
0
0
0
0
1
0
0
1
0
0
0
1
0
0
0
0
0
0
0
0
0
0
0
0
0
0
0
0
1
1
0
0
0
1
0
1
0
1
0
0
0
1
0
0
1
0
1
0
0
0
0
0
0
0
0
0
0
0
0
0
0
0
0
0
0
0
0
2
1
0
0
1
0
0
0
1
0
0
0
0
0
0
1
0
0
0
0
0
0
0
0
0
0
1
0
0
0
0
0
0
0
0
0
0
1
0
0
0
0
1
0
0
0
0
1
0
0
0
0
0
0
0
0
0
0
0
0
1
1
0
0
0
0
0
0
0
1
0
0
0
0
0
0
0
0
0
0
0
0
0
0
1
0
1
0
1
0
0
0
0
0
0
0
0
0
0
0
0
0
0
0
0
0
0
0
1
0
0
0
0
1
0
1
0
0
0
0
0
0
0
0
0
0
0
0
0
0
1
0
0
0
0
1
0
0
0
0
0
0
0
0
0
0
0
0
1
0
0
1
0
0
0
0
0
0
0
1
0
0
0
0
0
0
0
0
0
0
0
0
0
0
0
0
0
0
0
1
0
1
0
0
0
0
1
0
1
0
0
0
0
0
1
0
0
0
0
0
0
0
1
0
0
0
0
0
0
0
0
0
0
0
1
0
0
0
0
0
0
0
0
0
1
0
1
0
0
0
0
0
0
0
0
0
0
0
0
0
0
1
0
0
0
0
0
0
0
0
1
0
0
0
0
0
0
0
0
0
0
0
0
0
0
0
0
0
0
0
0
0
0
0
0
0
0
0
0
0
1
0
0
0
0
0
0
1
0
0
0
0
0
0
0
0
0
0
0
0
1
0
0
0
0
0
0
0
0
0
1
0
1
0
0
0
0
0
1
0
0
0
0
0
1
0
0
0
0
0
0
0
0
0
1
0
0
0
0
0
0
0
0
0
0
0
0
0
1
0
1
0
0
0
1
1
0
1
0
0
0
0
0
0
0
0
0
0
0
0
0
0
0
0
0
1
0
0
0
0
0
0
0
0
0
1
0
0
0
0
0
0
0
0
0
1
0
0
0
0
0
0
0
0
1
0
0
0
0
0
0
0
0
0
0
0
0
0
0
0
0
1
0
0
0
0
0
0
1
0
1
0
0
0
0
0
0
0
0
0
0
1
0
0
1
0
0
0
0
0
1
0
0
0
0
0
0
0
0
0
0
0
0
0
0
0
0
0
0
0
0
0
0
0
0
0
1
0
0
0
0
0
0
0
0
0
0
0
1
0
0
0
0
0
0
0
0
0
0
1
0
0
0
0
0
0
0
0
0
0
0
0
0
0
1
0
0
0
0
0
0
0
0
0
0
0
0
0
0
0
0
0
0
0
0
0
0
0
0
0
0
0
1
0
0
0
0
0
0
0
0
0
0
0
0
0
0
0
0
0
0
0
0
0
0
0
0
0
0
1
0
0
1
0
0
0
1
0
0
0
0
0
0
0
0
0
0
0
0
0
0
0
0
0
0
0
0
0
0
0
0
0
0
0
0
0
0
0
0
0
0
1
0
0
0
0
0
0
0
0
0
0
0
0
0
0
0
0
0
0
0
0
0
0
0
0
0
0
0
0
0
0
0
0
0
0
0
0
0
0
0
0
0
0
0
0
0
0
0
0
0
0
0
0
0
0
0
0
1
0
0
0
0
0
0
0
0
0
0
0
0
0
0
0
0
0
0
0
0
0
1
0
0
0
0
0
0
0
0
0
0
0
0
0
0
0
0
0
0
0
0
0
0
0
0
0
0
0
0
0
0
0
0
0
0
0
0
0
0
0
0
0
0
0
0
0
0
0
0
0
0
0
0
0
0
0
0
0
0
0
0
0
0
0
0
0
0
0
0
0
0
0
0
0
0
0
0
0
0
0
0
0
0
0
0
0
0
0
0
0
0
0
0
1
0
0
1
0
0
0
0
0
0
0
0
0
0
0
0
1
0
0
0
0
0
0
0
0
0
0
0
0
0
1
0
0
0
0
0
0
0
0
0
0
0
0
0
0
0
0
1
0
0
1
1
0
0
0
0
0
0
0
0
0
0
0
0
0
0
0
0
0
0
0
0
0
0
0
0
0
0
0
0
0
0
1
0
0
0
0
0
0
1
0
0
0
0
0
0
0
0
0
0
0
0
0
0
0
0
0
0
0
0
0
0
0
0
0
0
0
0
0
0
0
0
0
0
0
1
0
0
0
0
0
0
0
0
0
0
0
0
0
0
0
0
0
0
0
0
0
0
0
0
0
0
0
0
0
0
0
0
0
0
0
0
0
0
0
0
0
0
0
0
0
0
0
0
0
0
0
0
0
0
0
0
0
0
0
0
0
0
0
0
0
0
0
0
0
0
0
0
0
0
0
0
0
0
0
0
0
0
0
0
1
0
0
0
1
0
0
0
0
0
0
0
0
0
0
0
0
0
0
0
0
0
0
0
0
0
0
0
0
0
0
0
0
0
0
0
0
0
0
0
0
1
0
0
0
0
0
0
0
0
0
0
0
0
1
0
0
0
0
0
0
0
0
0
0
0
0
0
0
0
0
0
0
0
0
0
0
0
0
0
0
0
0
0
0
0
0
0
0
0
0
0
0
0
0
0
0
0
0
0
0
0
0
0
0
0
0
0
0
0
0
0
0
0
0
0
0
0
0
0
0
0
0
0
0
0
0
0
0
0
0
0
0
0
0
0
0
0
0
0
0
0
0
0
0
0
0
0
0
0
0
0
0
0
0
0
0
0
0
0
0
0
0
0
0
0
0
0
0
0
0
0
0
1
0
0
0
0
0
0
0
0
1
0
0
1
0
0
0
0
0
0
0
0
0
0
0
0
0
0
0
0
0
0
1
0
0
0
0
0
0
0
0
0
0
0
0
0
0
0
0
0
0
0
0
0
0
0
0
0
0
0
0
0
0
0
0
0
0
0
0
0
0
0
0
0
0
0
0
0
0
0
0
0
0
0
0
0
0
0
0
0
0
0
0
0
0
0
0
0
0
0
0
0
0
0
0
0
0
0
0
0
0
0
0
0
0
0
0
1
0
0
0
0
0
0
0
0
0
0
0
0
0
0
0
0
0
0
0
0
0
0
0
0
0
0
0
0
0
0
0
0
0
0
0
0
0
0
0
0
0
0
0
0
0
0
0
0
0
1
0
0
0
0
0
0
0
0
0
0
0
0
0
0
0
0
0
0
0
0
0
0
0
0
0
0
0
0
0
0
0
0
0
0
0
0
0
0
0
0
0
0
0
0
0
0
0
0
0
0
0
0
0
0
0
0
0
0
0
0
0
0
0
1
0
0
0
0
0
0
0
0
0
0
0
0
0
0
0
0
0
0
0
0
0
0
0
0
0
0
0
0
0
0
0
0
0
0
0
0
0
0
0
0
0
0
0
0
0
0
0
0
0
0
0
0
0
0
0
0
0
0
0
0
0
0
0
0
0
0
0
0
0
0
0
0
0
0
0
0
0
0
0
0
0
0
0
0
0
0
0
0
0
0
0
0
0
0
0
0
0
0
0
0
0
0
0
0
0
0
0
0
0
0
0
0
0
0
0
0
0
0
0
0
0
0
0
0
0
0
0
0
0
0
0
0
0
0
0
0
0
0
0
0
0
0
0
0
0
0
0
0
0
0
0
0
0
0
0
0
0
0
0
0
0
0
0
0
0
0
0
0
0
0
0
0
0
0
0
0
0
0
0
0
0
0
0
0
0
0
0
0
0
0
0
0
0
0
0
0
0
0
0
0
0
0
0
0
0
0
0
0
0
0
0
0
0
0
0
0
0
0
0
0
0
1
0
0
0
0
0
0
0
0
0
0
0
0
0
0
0
0
0
0
0
0
0
0
0
0
0
0
0
0
0
0
0
0
0
0
0
0
0
0
0
0
0
0
0
0
0
0
0
0
0
0
0
0
0
0
0
0
0
0
0
0
0
0
0
0
0
0
0
0
0
0
0
0
0
0
0
0
0
0
0
0
0
0
0
0
0
0
0
0
0
0
0
0
0
0
0
0
0
0
0
0
0
0
0
0
0
0
0
0
0
0
0
0
0
0
0
0
0
0
0
0
0
0
0
0
0
0
0
0
0
0
0
0
0
0
0
0
0
0
0
0
0
0
0
0
0
0
0
0
0
0
0
0
0
0
0
0
0
0
0
0
0
0
0
0
0
0
0
0
0
0
0
0
0
0
0
0
0
0
0
0
0
0
0
0
0
1
0
0
0
0
0
0
0
0
0
0
0
0
0
0
0
0
0
0
0
0
0
0
0
0
0
0
0
0
0
0
0
0
0
0
0
0
0
0
0
0
0
0
0
0
0
0
0
0
0
0
0
0
0
0
0
0
0
0
0
0
0
0
0
0
0
0
0
0
0
0
0
0
0
0
0
0
0
0
0
0
0
0
0
0
0
0
0
1
0
0
0
0
0
0
0
0
0
0
0
0
0
0
0
0
0
0
0
0
0
0
0
0
0
0
0
0
0
0
0
0
0
0
0
0
0
0
0
0
0
0
0
0
0
0
0
0
0
0
0
0
0
0
0
0
0
0
0
0
0
0
0
0
0
0
0
0
0
0
0
0
0
0
0
0
0
0
0
0
0
0
0
0
0
0
0
0
0
0
0
0
0
0
0
0
0
0
0
0
0
0
0
0
0
0
0
0
0
0
0
0
0
0
0
0
0
0
0
0
0
0
0
0
0
0
0
0
0
0
0
0
0
0
0
0
0
0
0
0
0
0
0
0
0
0
0
0
0
0
0
0
0
0
0
0
0
0
0
0
0
0
0
0
0
0
0
0
0
0
0
0
0
0
0
0
0
0
0
0
0
0
0
0
0
0
0
0
0
0
0
0
0
0
0
0
0
0
0
0
0
0
0
0
0
0
0
0
0
0
0
0
0
0
0
0
0
0
0
0
0
0
0
0
0
0
0
0
0
0
0
0
0
0
0
0
0
0
0
0
0
0
0
0
0
0
0
0
0
0
0
0
0
0
0
0
0
0
0
0
0
0
0
0
0
0
0
0
0
0
0
0
0
0
0
0
0
0
0
0
0
0
0
0
0
0
0
0
0
0
0
0
0
0
0
0
0
0
0
0
0
0
0
0
0
0
0
0
0
0
0
0
0
0
0
0
0
0
0
0
0
0
0
0
0
0
0
0
0
0
0
0
0
0
0
0
0
0
0
0
0
0
0
0
0
0
0
0
0
0
0
0
0
0
0
0
0
0
0
0
0
0
0
0
0
0
0
0
0
0
0
0
0
0
0
0
0
0
0
0
0
0
0
0
0
0
0
0
0
0
0
0
0
0
0
0
0
0
0
0
0
0
0
0
0
0
0
0
0
0
0
1
0
0
0
0
0
0
0
0
0
0
0
0
0
0
0
0
0
0
0
0
0
0
0
0
0
0
0
0
0
0
0
0
0
0
0
0
0
0
0
0
0
0
0
0
0
0
0
0
0
0
0
0
0
0
0
0
0
0
0
0
0
0
0
0
0
0
0
0
0
0
0
0
0
0
0
0
0
0
0
0
0
0
0
0
0
0
1
0
0
0
0
0
0
0
0
0
0
0
0
0
0
0
0
0
0
0
0
0
0
0
0
0
0
0
0
0
0
0
0
0
0
0
0
0
0
0
0
0
0
0
0
0
0
0
0
0
0
0
0
0
0
0
0
0
0
0
0
0
0
0
0
0
0
0
0
0
0
0
0
0
0
0
0
0
0
0
0
0
0
0
0
0
0
0
0
0
0
0
0
0
0
0
0
0
0
0
0
0
0
0
0
0
0
0
0
0
0
0
0
0
0
0
0
0
0
0
0
0
0
0
0
0
0
0
0
0
0
0
0
0
0
0
0
0
0
0
0
0
0
0
0
0
0
0
0
0
0
0
0
0
0
0
0
0
0
0
0
0
0
0
0
0
0
0
0
0
0
0
0
0
0
0
0
0
0
0
0
0
0
0
0
0
0
0
0
0
0
0
0
0
1
0
0
0
0
0
0
0
0
0
0
0
0
0
0
0
0
0
0
0
0
0
0
0
0
0
0
0
0
0
0
0
0
0
1
0
0
0
0
0
0
0
0
0
0
0
0
0
0
0
0
0
0
0
0
0
0
0
0
0
0
0
0
0
0
0
0
0
0
0
0
0
0
0
0
0
0
0
1
0
0
0
0
0
0
0
0
0
0
0
0
0
0
0
0
0
0
0
0
0
0
0
0
0
0
0
0
0
0
0
0
0
0
0
0
0
0
0
0
0
0
0
0
0
0
0
0
0
0
0
0
0
0
0
0
0
0
0
0
0
0
0
0
0
0
0
0
0
0
0
0
0
0
0
0
0
0
0
0
0
0
0
0
0
0
1
0
0
0
0
0
0
0
0
0
0
0
0
0
0
0
0
0
0
0
0
0
0
0
0
0
0
0
0
0
0
0
0
0
0
0
0
0
0
0
0
0
0
0
0
0
0
0
0
0
0
0
0
0
0
0
0
0
0
0
0
0
0
0
0
0
0
0
0
0
0
0
0
0
0
0
0
0
0
0
0
0
0
0
0
0
0
0
0
0
0
0
0
0
0
0
0
0
0
0
0
0
0
0
0
0
0
0
0
0
0
0
0
0
0
0
0
0
0
0
0
0
0
0
0
0
0
0
0
0
0
0
0
0
0
0
0
0
0
0
0
0
0
0
0
0
0
0
0
0
0
0
0
0
0
0
0
0
0
0
0
0
0
0
0
0
0
0
0
0
0
0
0
0
0
0
0
0
0
0
0
0
0
0
0
0
0
0
0
0
0
0
0
0
0
0
0
0
0
0
0
0
0
0
0
0
0
0
0
0
0
0
0
0
0
0
0
0
0
0
0
0
0
0
1
0
0
0
0
0
0
0
0
0
0
0
0
0
0
0
0
0
0
0
0
0
0
0
0
0
0
0
0
0
0
0
0
0
0
0
0
0
0
0
0
0
0
0
0
0
0
0
0
0
0
0
0
0
0
0
0
0
0
0
0
0
0
0
0
0
0
0
0
0
0
0
0
0
0
0
0
0
0
0
0
0
0
0
1
0
0
0
0
0
0
0
0
0
0
0
0
0
0
0
0
0
0
0
0
0
0
0
0
0
0
0
0
0
0
0
0
0
0
0
0
0
0
0
0
0
0
0
0
0
0
0
0
0
0
0
0
0
0
0
0
0
0
0
0
0
0
0
0
0
0
0
0
0
0
0
0
0
0
0
0
0
0
0
0
1
0
0
0
0
0
0
0
0
0
0
0
0
0
0
0
0
0
0
0
0
0
0
0
0
0
0
0
0
0
0
0
0
0
0
0
0
0
0
0
0
0
0
0
0
0
0
0
0
0
0
0
0
0
0
0
0
0
0
0
0
0
0
0
0
0
0
0
0
0
0
0
0
0
0
0
0
0
0
0
0
0
0
0
0
0
0
0
0
0
0
0
0
0
0
0
0
0
0
0
0
0
0
0
0
0
0
0
1
0
0
0
0
0
0
0
0
0
0
0
0
0
0
0
0
0
0
0
0
0
0
0
0
2
0
0
0
0
0
0
0
0
1
0
0
0
0
0
0
0
0
0
0
0
1
0
0
0
0
0
0
0
0
0
0
0
0
0
0
0
1
0
0
0
0
0
0
0
1
2
0
0
0
0
0
0
0
0
0
0
0
0
0
0
0
0
0
0
0
0
0
0
0
0
0
0
0
0
0
0
0
0
0
1
0
0
0
0
0
0
0
0
0
1
0
0
0
