0
0
0
0
0
0
0
0
0
0
0
0
0
0
0
0
0
0
0
0
0
0
0
0
0
0
0
0
0
0
0
0
0
0
0
0
0
0
0
0
0
0
0
0
0
0
0
0
2
2
1
2
1
1
4
3
1
5
4
7
3
2
3
6
5
5
7
1
3
7
8
7
13
9
8
9
19
17
19
19
29
30
33
33
34
55
45
59
78
92
94
120
118
149
180
193
235
278
345
358
389
518
593
667
777
919
1138
1230
1145
882
721
595
481
261
105
90
78
108
116
125
171
167
202
200
213
216
259
278
329
349
342
365
367
378
410
395
403
331
338
312
240
198
211
169
152
152
159
171
224
231
262
273
303
274
321
321
369
348
323
306
276
236
219
208
189
198
206
219
250
245
280
283
300
327
307
274
275
290
250
232
195
233
212
214
248
230
217
276
252
255
290
294
291
254
221
254
194
223
220
243
240
248
257
262
275
277
274
240
222
280
228
231
227
223
241
243
263
275
266
274
229
264
229
241
246
224
243
250
244
214
256
228
277
252
281
271
261
231
228
242
248
265
212
219
260
240
240
260
282
275
242
294
287
258
265
256
279
249
263
258
225
263
246
275
260
263
276
246
255
275
252
265
245
271
227
278
240
246
238
266
246
248
253
252
273
252
263
261
241
242
280
244
270
275
276
255
269
237
248
288
284
290
238
267
251
253
283
243
261
273
269
273
241
259
244
255
249
241
244
247
253
249
282
259
251
236
263
263
285
261
272
266
265
229
255
272
245
247
250
244
247
266
274
254
248
240
271
262
295
279
265
247
256
243
244
273
256
285
276
276
250
273
266
237
297
273
281
254
260
280
281
257
247
276
256
246
283
269
281
272
295
268
288
248
267
276
281
277
266
264
248
280
281
266
248
255
271
283
285
260
288
259
283
252
270
255
252
248
275
259
302
242
299
273
264
262
266
240
229
265
278
260
282
284
262
237
288
254
259
254
266
257
239
268
269
303
258
231
282
245
273
277
240
246
242
284
257
264
252
268
252
266
267
275
251
276
253
267
278
268
259
279
260
263
264
278
271
259
309
281
264
273
291
269
300
277
271
257
270
236
276
235
253
254
244
252
272
259
254
270
261
279
262
273
265
285
269
249
277
271
270
265
267
244
243
262
238
259
260
228
255
252
222
243
255
245
270
257
260
278
232
258
270
251
260
234
247
258
275
230
260
276
251
278
251
235
246
281
246
261
272
250
283
247
258
237
248
263
279
289
267
268
256
255
276
217
257
260
266
263
278
278
268
249
261
267
249
257
275
264
268
271
251
245
262
268
271
253
255
258
245
279
275
238
262
261
240
221
281
257
300
254
273
264
235
270
257
256
265
251
250
262
261
247
234
259
245
240
267
248
237
246
269
224
252
259
271
218
250
227
262
283
244
253
285
253
227
253
266
231
248
276
259
248
236
240
232
268
251
257
268
267
214
272
227
260
261
260
260
255
256
250
210
253
250
221
243
254
262
225
253
222
256
244
243
275
263
239
266
236
259
239
226
237
225
256
237
252
239
222
261
268
239
255
265
245
267
247
227
243
251
265
232
260
240
273
235
243
224
236
227
268
240
226
225
224
212
244
230
245
220
228
250
251
240
257
227
217
227
267
228
236
204
239
267
249
220
263
236
230
206
231
259
267
191
191
232
237
250
248
227
240
222
258
248
223
241
227
218
220
235
222
229
241
244
271
242
238
226
217
232
226
251
232
235
214
257
245
233
233
223
239
237
206
211
222
200
228
239
235
234
235
225
225
255
247
241
223
237
232
228
248
230
233
222
215
241
215
215
237
220
237
223
240
224
216
222
248
219
206
246
238
230
253
218
223
229
220
219
204
243
230
230
225
250
256
220
245
235
228
237
233
213
244
212
237
213
235
227
222
223
235
228
261
228
219
231
216
270
242
201
197
227
224
234
209
248
212
237
253
231
206
242
241
213
246
269
223
224
262
244
228
214
218
211
233
236
228
253
213
209
226
227
248
235
222
213
201
228
238
222
227
215
227
207
214
219
223
212
215
218
214
212
222
219
215
214
232
220
224
209
247
219
239
208
225
256
218
232
216
191
236
210
216
245
218
225
243
231
218
223
241
228
241
237
251
206
229
250
247
235
240
223
215
216
238
220
254
235
227
253
239
248
233
263
238
246
246
241
237
253
252
248
239
239
242
228
223
252
235
245
234
239
228
257
250
253
261
229
252
247
278
259
259
282
263
298
296
254
280
319
271
282
285
291
255
277
313
289
324
314
309
317
343
280
302
317
300
312
322
311
306
317
316
329
289
309
334
304
294
292
304
322
296
316
294
306
287
296
298
297
263
285
286
275
288
264
294
277
255
260
267
252
261
283
278
271
247
256
250
252
247
247
231
229
241
252
239
224
217
239
205
260
207
259
241
234
242
222
224
207
212
229
214
223
215
228
231
240
201
211
214
214
248
198
220
210
201
240
225
225
189
236
198
208
196
214
235
202
234
227
232
193
232
219
214
238
230
198
214
196
206
240
224
217
202
204
204
219
199
243
193
200
219
245
228
199
209
229
232
265
256
260
255
214
260
206
224
201
216
205
229
227
227
215
217
211
228
210
194
217
181
207
193
197
221
208
192
198
207
185
193
214
214
210
200
213
206
197
214
194
214
191
168
188
167
196
237
215
213
173
189
208
212
216
191
211
185
184
188
197
234
186
183
186
182
203
182
217
200
186
217
182
225
218
180
194
195
207
193
197
179
174
219
206
213
204
181
184
186
209
163
162
175
195
205
182
203
221
194
186
189
168
197
202
217
185
169
171
226
194
192
227
194
199
177
205
162
197
192
177
204
189
209
207
182
212
192
180
198
217
208
189
182
171
165
188
188
208
197
180
209
210
202
183
175
215
165
179
194
175
164
192
200
182
191
185
168
169
160
209
190
201
189
207
188
187
191
217
177
192
183
186
201
185
193
174
180
208
182
183
190
186
197
170
200
177
164
179
185
187
182
190
189
205
176
168
185
181
181
177
198
179
178
183
184
155
191
162
198
202
157
195
169
182
191
188
172
174
194
181
181
161
202
161
166
183
174
173
191
192
197
182
181
189
167
182
183
201
200
210
194
179
176
185
204
169
204
195
181
180
172
180
162
183
191
176
155
195
179
187
173
175
195
186
156
182
186
182
181
210
175
201
178
173
197
194
161
182
184
160
196
182
177
183
183
174
179
195
198
202
202
186
218
213
172
165
177
212
190
188
177
181
192
169
173
154
157
179
174
171
164
155
171
173
153
173
167
157
166
174
162
190
167
164
182
170
185
183
171
157
174
200
161
158
154
171
167
166
183
174
168
190
185
181
168
181
175
144
168
173
157
185
180
202
195
164
181
213
163
162
167
170
156
194
170
199
204
203
201
230
191
178
182
157
201
168
158
158
174
179
163
180
183
171
177
178
180
161
178
173
182
164
162
185
168
167
166
139
183
188
164
179
181
175
205
165
173
175
163
172
158
179
162
164
178
176
146
160
163
160
179
174
181
184
173
166
190
186
147
161
146
196
166
166
173
160
181
187
165
156
163
174
166
155
158
184
206
184
164
164
160
154
181
176
181
183
130
179
194
152
154
170
165
141
166
165
151
187
184
201
211
161
153
155
199
165
155
173
163
168
173
190
169
162
170
177
187
169
168
174
165
175
163
169
155
197
166
136
161
143
153
179
155
153
168
158
177
159
171
177
175
176
166
186
169
182
149
181
169
162
180
166
158
157
160
155
150
156
186
161
155
149
163
176
156
168
176
161
178
168
153
167
191
179
155
154
170
158
179
149
158
157
153
182
167
176
155
185
166
153
185
166
158
161
169
150
157
198
147
185
175
171
173
146
183
183
212
202
184
213
197
173
182
168
156
164
173
173
151
158
156
150
164
169
168
177
175
139
182
150
175
152
170
168
172
152
176
156
164
161
173
163
193
157
155
151
180
177
148
183
179
196
185
168
158
114
167
170
171
178
155
171
164
167
173
163
176
150
168
151
157
181
155
178
152
170
161
161
179
173
161
167
175
169
138
139
149
163
142
143
176
170
163
149
152
150
143
152
148
166
171
157
148
175
136
151
167
187
169
170
160
161
164
171
163
144
164
152
158
130
154
132
161
165
142
154
155
177
148
154
158
143
171
171
161
132
145
157
185
142
141
160
156
170
154
158
137
149
165
168
162
166
164
152
149
171
161
163
168
170
159
160
181
139
161
146
143
181
162
127
138
178
163
153
150
145
162
141
150
142
146
161
148
152
164
160
189
160
158
148
182
176
150
154
163
151
156
158
139
169
164
138
160
162
159
162
143
151
152
169
165
132
142
147
163
156
140
130
149
179
145
142
147
156
149
152
149
149
150
148
175
195
175
143
164
152
146
152
147
148
152
145
165
144
158
151
147
136
162
171
148
157
151
156
154
151
168
164
163
176
152
149
160
151
161
157
179
146
144
149
152
137
178
136
158
152
163
158
141
159
156
152
149
139
147
146
164
159
142
163
136
142
161
178
143
168
170
138
149
166
151
139
159
155
137
149
154
147
145
134
150
155
159
137
156
141
139
155
153
146
157
160
155
147
138
151
157
139
164
149
156
161
149
161
145
158
164
146
139
172
148
162
166
154
168
159
168
143
148
143
143
162
131
177
147
153
130
154
139
147
174
152
141
145
151
146
164
177
160
162
157
159
140
157
159
147
146
144
153
148
148
159
148
164
151
136
159
153
143
172
184
146
133
160
139
161
176
129
152
170
149
157
148
142
145
169
162
146
173
135
173
156
131
149
143
159
159
155
161
148
133
134
148
156
156
170
143
130
133
148
177
160
156
144
162
161
194
146
155
165
156
130
146
149
160
138
159
142
140
147
160
124
152
159
171
147
134
138
154
164
142
154
175
126
139
135
152
127
148
158
126
163
152
139
121
144
132
137
148
143
158
125
147
143
146
158
165
140
143
149
140
149
134
157
130
156
158
148
166
154
161
163
159
155
162
142
156
150
151
129
150
174
147
157
151
131
144
170
145
171
163
126
140
142
140
144
151
147
149
143
143
155
155
150
142
131
147
163
144
158
134
143
144
138
130
153
136
187
128
148
130
168
145
172
156
157
145
159
118
132
160
132
147
113
153
146
159
141
150
156
154
153
133
129
153
149
141
149
151
149
164
148
159
164
142
168
171
143
145
153
135
128
157
156
148
138
155
138
159
156
141
159
134
153
138
134
152
119
131
146
138
149
142
147
140
140
154
151
135
153
173
150
140
137
144
166
148
144
158
152
155
154
156
174
147
149
158
134
161
162
144
146
150
166
130
140
144
137
143
149
139
161
139
126
136
140
163
138
145
137
133
142
132
135
143
144
145
150
125
129
141
132
127
138
156
155
164
152
135
158
162
168
165
134
138
157
154
127
154
146
141
131
161
151
116
125
174
119
156
141
139
160
147
161
151
140
141
148
150
129
154
146
141
153
160
126
138
128
137
135
138
144
156
118
137
153
122
137
143
154
161
150
121
145
146
154
139
136
146
144
156
143
147
156
126
147
162
148
141
168
158
137
138
164
140
145
132
157
128
118
142
137
154
150
144
154
154
133
146
136
140
145
134
112
153
142
155
147
146
125
137
141
125
158
154
157
143
136
147
162
173
147
145
143
165
160
139
153
130
142
151
153
143
174
135
155
139
158
150
139
151
150
158
138
145
150
152
157
169
189
143
159
154
133
150
162
137
167
148
147
159
139
160
140
139
127
143
148
126
149
145
135
146
163
139
140
140
143
143
151
142
147
164
130
142
122
117
141
126
146
173
150
162
135
143
142
124
141
132
150
147
151
145
153
138
142
156
143
140
137
130
126
146
151
134
149
133
140
132
142
133
152
131
166
154
169
155
155
156
142
131
132
128
131
161
128
128
137
139
135
146
152
155
152
146
145
143
132
130
129
171
136
140
149
140
163
141
140
142
138
125
155
155
134
139
143
137
149
143
149
158
150
128
141
130
138
142
126
126
138
134
147
110
129
111
126
173
147
138
140
111
138
141
138
126
132
143
148
129
139
164
154
147
140
125
145
148
146
152
160
141
147
150
154
115
131
140
132
125
147
128
128
140
130
135
146
144
170
141
139
160
149
161
151
137
141
133
136
140
117
123
154
131
131
134
145
143
137
133
154
134
139
143
120
127
153
131
130
140
133
139
140
154
140
145
132
135
144
140
141
140
149
148
115
158
160
159
145
155
133
141
126
104
148
132
142
121
132
142
153
165
172
149
148
140
144
141
144
125
141
136
135
156
129
150
139
158
142
135
165
114
139
149
140
118
140
145
136
150
148
132
124
141
128
119
129
130
165
134
156
129
157
148
125
152
144
146
122
136
138
124
145
145
138
133
127
137
137
137
128
139
137
131
160
137
153
143
134
142
145
141
103
152
131
138
133
137
145
130
147
115
132
147
162
166
115
160
162
151
135
145
130
148
137
145
136
122
150
149
144
157
144
147
115
155
131
116
153
129
121
154
149
138
147
177
151
144
147
148
147
148
159
135
155
172
145
163
142
147
143
157
162
132
153
130
134
162
130
164
160
138
134
135
140
135
142
126
135
133
153
148
153
122
155
147
131
155
144
132
138
152
142
134
156
163
136
154
122
168
140
125
134
149
144
160
147
153
126
154
124
129
133
144
167
144
145
137
138
150
116
138
137
143
151
132
143
128
125
148
149
131
148
126
157
151
160
156
147
146
149
126
153
131
118
138
157
161
179
133
177
148
137
126
133
152
161
141
156
125
123
129
162
152
145
142
127
143
155
152
168
139
139
135
146
135
155
143
145
144
157
166
155
166
140
122
148
147
159
178
151
147
162
164
161
145
152
154
158
139
157
155
136
137
129
117
123
161
147
141
142
167
131
151
151
142
136
140
142
151
160
160
144
159
146
181
132
145
144
137
129
154
133
140
142
146
165
154
154
117
127
149
141
145
135
130
169
143
148
125
134
153
125
148
133
125
146
179
144
146
148
126
145
140
155
170
140
132
137
154
124
151
162
122
129
142
148
107
120
119
127
173
123
141
122
148
142
138
151
150
153
155
135
162
139
138
152
161
133
148
133
153
132
137
160
119
140
150
148
137
156
147
137
148
129
160
134
121
149
133
144
172
129
143
154
148
155
131
145
147
150
137
149
152
165
112
157
149
145
156
150
149
164
134
148
150
148
142
143
140
167
144
137
160
153
148
144
151
115
130
147
146
143
150
144
157
146
126
150
126
140
130
154
156
158
138
150
143
132
141
146
133
148
149
158
151
132
163
138
152
161
149
120
153
144
140
152
135
145
141
146
157
147
160
145
128
159
148
146
159
132
131
134
134
106
165
130
128
171
137
150
129
141
157
140
161
152
153
130
149
147
136
130
137
165
116
156
160
164
150
152
138
147
146
160
133
148
162
178
140
161
151
158
147
175
140
147
159
157
149
146
133
151
143
146
138
131
157
138
128
137
148
139
150
153
137
147
163
120
163
143
149
144
150
153
131
134
138
139
139
150
134
135
123
145
143
160
140
154
148
157
135
148
126
166
139
140
137
160
156
144
152
168
136
151
152
143
131
160
144
137
167
145
140
141
139
161
134
159
139
154
137
149
143
145
162
160
164
173
143
158
144
150
146
144
132
156
158
137
155
174
152
149
163
147
150
168
153
150
158
123
141
143
162
156
144
140
132
169
170
171
135
140
145
165
162
146
133
154
149
151
133
143
151
142
133
150
160
142
140
150
132
169
156
157
118
162
153
160
156
128
166
148
144
146
161
134
147
149
123
143
164
142
126
141
163
156
143
161
153
146
165
127
164
130
165
141
142
150
153
146
156
134
138
153
146
147
155
166
135
173
145
167
164
149
142
140
164
145
147
129
128
136
145
150
150
148
135
157
146
153
151
148
143
153
140
136
132
144
151
149
158
141
143
149
159
146
161
139
143
141
154
162
155
133
148
148
128
154
160
125
154
164
162
150
187
152
141
152
138
157
164
130
147
135
143
152
162
151
151
155
168
161
145
163
149
170
152
123
160
147
140
143
172
169
156
154
163
155
157
130
157
157
153
148
154
140
137
153
162
156
134
136
147
149
142
149
169
177
147
162
157
152
142
167
152
145
133
152
171
151
155
176
164
152
165
151
168
142
140
149
141
130
161
137
139
150
165
158
157
164
158
154
157
158
157
135
152
141
161
143
167
155
177
164
158
153
157
168
149
188
156
164
159
142
147
162
151
145
148
149
150
155
183
169
137
145
153
160
165
149
155
164
135
141
147
159
165
181
162
170
156
156
152
155
174
151
175
169
159
151
174
133
160
167
169
155
178
162
159
142
157
152
158
163
149
143
156
164
166
161
169
133
150
151
187
178
141
157
150
187
160
158
157
162
153
151
149
170
142
172
159
173
141
169
163
171
152
171
154
169
172
164
164
146
184
165
157
152
153
149
165
174
157
170
147
136
166
181
162
165
157
166
165
154
163
174
150
147
158
151
140
138
166
176
156
147
140
156
171
170
163
153
166
164
160
175
155
158
170
158
154
163
179
168
166
163
145
139
161
136
162
165
162
160
166
167
156
158
157
145
176
153
171
155
159
148
167
162
174
153
144
166
147
165
168
164
188
144
148
177
187
164
163
163
148
169
148
169
175
153
183
163
145
159
164
154
188
172
137
164
148
161
165
161
182
159
161
176
168
136
171
186
153
153
155
167
160
163
177
175
163
141
167
188
146
152
178
173
164
189
142
175
158
165
151
150
177
186
141
174
163
161
152
139
185
154
165
169
128
148
158
190
177
181
157
162
157
141
144
144
157
153
146
164
167
180
161
177
158
165
186
191
167
155
175
163
164
168
168
174
149
165
193
144
184
141
151
169
143
162
188
162
173
170
119
164
166
169
193
157
175
174
176
171
152
167
170
163
150
161
162
153
195
182
168
162
148
163
155
176
177
203
179
173
172
186
173
167
146
169
159
149
159
159
157
176
170
143
178
193
180
174
186
142
159
157
172
171
180
169
144
179
192
178
176
166
164
178
163
183
152
130
173
204
178
189
168
163
160
135
173
194
189
149
178
182
169
152
172
174
163
162
171
154
170
177
176
177
166
173
167
177
177
189
173
177
207
161
175
162
159
199
183
156
168
176
190
185
178
167
187
173
196
175
173
184
168
178
171
191
170
175
181
156
168
183
174
166
184
158
164
155
190
168
180
154
168
175
193
180
190
178
179
174
164
176
174
207
171
174
195
170
169
160
197
157
193
194
196
160
184
180
170
187
188
199
200
189
197
202
200
188
191
206
197
192
217
202
176
178
174
194
193
184
185
190
184
192
168
183
175
175
168
180
182
194
184
175
201
208
177
193
180
181
199
194
183
206
172
184
195
195
166
177
200
197
203
198
170
166
162
193
201
166
187
196
191
214
173
196
167
163
203
189
177
168
186
187
181
208
197
190
187
188
180
189
167
169
162
199
195
182
160
196
194
179
191
202
197
188
190
189
164
190
166
187
192
180
160
209
179
195
148
156
180
196
188
181
166
191
159
176
196
195
178
160
194
195
211
179
181
183
186
193
194
184
186
184
180
174
187
182
211
180
183
188
177
185
181
180
193
209
199
175
193
189
188
180
178
185
205
189
188
186
176
158
202
193
179
191
190
206
168
172
189
179
193
189
202
181
205
187
186
207
185
180
181
193
204
210
164
173
192
205
181
209
193
183
186
194
199
189
163
221
187
194
173
186
188
214
196
233
198
222
226
194
201
195
194
202
199
192
217
203
197
191
206
190
206
189
181
194
199
202
207
202
181
207
184
184
210
211
204
180
215
199
192
195
203
211
165
192
210
205
204
209
219
168
171
214
212
206
218
187
204
212
182
202
192
209
216
207
233
186
197
187
197
198
207
188
212
203
209
193
213
204
199
192
199
177
163
192
219
189
207
205
205
191
209
230
194
204
176
190
189
196
202
185
200
196
196
190
204
201
236
212
181
189
164
232
217
227
215
198
191
189
224
226
205
196
226
228
216
215
244
234
218
214
213
200
224
223
189
226
230
221
213
197
209
197
227
249
224
207
220
200
205
212
199
226
176
188
211
213
192
211
204
210
208
218
212
232
208
213
216
191
208
202
224
223
211
249
197
237
211
227
207
235
197
225
201
192
206
201
240
219
210
204
196
241
222
228
204
233
186
200
213
223
210
201
236
220
213
218
210
206
193
223
210
210
226
225
230
218
218
244
236
241
227
213
240
219
209
222
215
208
198
217
239
231
249
223
224
205
201
200
221
214
222
192
203
216
230
233
218
211
235
209
241
253
237
249
214
216
222
217
239
277
225
260
223
261
220
210
233
230
210
185
218
241
235
216
241
214
226
237
217
283
246
241
257
230
230
223
239
238
236
232
220
228
201
252
218
224
239
214
251
233
214
233
253
240
244
237
234
214
226
243
242
201
258
226
229
224
235
240
258
235
248
219
233
214
263
250
253
211
218
251
210
229
225
246
235
220
231
212
254
228
234
245
248
236
235
220
237
271
257
254
224
230
236
233
245
248
227
262
254
202
242
240
263
258
233
234
260
212
254
239
244
247
247
248
247
254
237
229
231
262
240
242
252
258
253
244
246
263
233
235
232
238
220
226
251
259
278
232
267
241
234
232
265
254
244
232
217
251
248
278
250
236
243
249
223
252
236
256
227
247
241
242
243
265
220
234
250
260
236
254
272
238
234
284
261
232
225
278
231
253
228
257
276
231
234
255
235
219
254
263
264
217
232
236
230
247
224
252
257
271
253
246
250
244
222
248
275
263
268
271
256
270
271
218
207
243
269
265
234
242
234
258
248
234
223
213
242
250
281
267
267
247
248
234
238
229
260
213
239
249
266
233
231
260
267
274
268
227
237
247
260
249
213
252
242
230
234
252
241
226
229
213
245
219
219
226
220
220
229
237
240
217
230
222
193
219
219
208
213
220
243
190
234
199
200
201
203
202
208
203
202
197
211
218
229
221
205
192
206
214
230
210
213
236
201
218
190
202
192
171
191
200
201
176
199
173
204
179
184
190
195
162
187
187
210
171
173
196
190
187
201
189
184
185
187
193
187
195
204
201
208
196
178
195
176
187
185
208
190
165
179
188
189
196
178
194
180
186
171
201
173
181
201
178
166
188
178
188
176
168
171
195
176
182
188
192
178
174
175
201
175
193
150
193
176
176
165
178
158
183
173
217
178
198
190
168
196
200
187
205
204
179
192
198
187
211
165
152
190
155
189
156
172
196
186
200
188
193
163
187
169
168
189
166
188
184
178
165
176
185
195
182
183
202
185
183
188
170
161
176
181
165
181
162
161
157
184
167
189
165
172
185
209
174
197
179
207
205
162
178
187
177
163
157
184
191
169
166
185
171
168
192
164
180
198
178
176
189
175
188
172
178
200
158
181
187
199
187
190
168
163
157
175
193
179
159
159
186
190
191
192
191
204
184
202
180
162
188
168
160
166
167
185
182
169
161
166
156
162
206
169
187
183
166
175
178
177
167
162
164
158
185
168
175
202
156
185
192
175
161
166
170
185
176
144
184
197
196
188
183
185
170
173
176
198
163
159
161
179
187
172
160
174
169
164
176
179
182
150
162
186
180
153
178
172
160
183
191
163
200
173
179
190
182
170
171
162
170
163
164
173
173
168
185
157
171
162
161
166
193
159
185
172
159
169
165
174
162
148
181
161
170
183
191
167
199
171
170
154
188
182
140
146
164
197
168
176
186
152
166
159
144
181
178
146
170
171
163
173
156
159
158
183
161
159
176
178
161
144
167
205
178
151
165
185
159
174
163
153
167
159
155
175
145
164
143
165
159
165
187
145
170
176
163
185
152
171
152
176
165
168
144
197
167
170
159
127
141
158
169
153
177
156
155
174
163
157
140
174
171
171
165
160
165
167
191
178
158
162
158
164
159
151
164
151
156
144
160
166
156
158
166
171
141
167
135
162
155
173
163
154
151
166
186
146
168
151
150
143
177
139
162
159
195
154
151
172
162
154
140
171
176
162
158
166
157
158
161
162
173
141
161
154
168
156
170
160
144
160
143
162
143
158
162
164
169
166
160
164
159
153
164
187
181
182
146
166
184
163
155
175
168
142
156
156
172
186
147
147
147
154
162
166
160
153
152
132
176
150
154
181
158
186
145
145
144
183
150
155
154
186
148
153
138
150
180
162
175
162
158
154
161
145
152
182
164
163
144
156
183
151
166
143
161
148
161
169
168
171
167
177
191
151
165
134
168
171
135
167
142
178
150
159
166
163
150
168
142
149
148
150
170
172
171
147
134
151
163
156
176
149
152
172
162
157
159
166
165
187
143
144
151
146
150
142
160
160
138
180
144
161
174
153
150
167
166
142
177
164
149
153
173
153
164
132
157
170
159
161
155
168
139
157
155
155
167
160
167
152
180
155
166
165
144
150
165
167
175
163
164
178
167
163
159
155
145
147
140
164
153
145
148
157
181
157
162
172
179
150
168
174
169
153
145
174
173
159
181
152
171
175
160
178
154
168
139
161
134
143
171
176
161
157
181
155
146
172
190
168
186
160
143
157
155
175
167
166
184
174
146
161
166
159
189
150
178
161
153
155
142
168
175
139
169
140
160
166
160
164
173
156
160
154
148
171
156
150
152
159
138
158
157
169
164
159
146
172
158
150
157
142
148
129
138
155
139
156
159
130
155
130
146
145
144
124
122
154
157
132
135
138
125
130
159
123
119
136
139
119
119
123
108
108
111
108
113
120
121
121
102
110
103
104
125
104
102
121
107
107
105
118
127
112
107
113
103
111
113
113
94
108
100
132
104
105
98
103
108
103
87
109
99
97
107
102
104
102
102
100
101
92
101
125
93
102
117
92
122
117
114
75
100
97
85
97
111
109
104
92
99
93
101
99
92
95
110
90
108
109
100
93
88
122
98
96
102
72
92
90
103
93
93
107
108
95
96
91
100
107
83
106
91
110
98
86
94
100
104
104
94
93
98
105
89
90
77
88
98
104
84
109
77
91
88
97
95
99
99
87
90
95
104
83
90
86
76
83
81
81
93
83
102
91
97
91
100
95
76
101
80
82
95
83
85
97
97
99
83
79
92
100
100
73
96
104
88
96
95
95
107
111
95
101
94
87
108
95
109
102
120
106
89
108
101
83
112
123
92
107
98
112
114
110
115
126
115
123
138
132
125
111
122
118
135
111
126
123
128
128
129
134
122
132
133
136
119
131
136
137
105
129
134
140
124
142
161
148
128
136
131
163
145
121
145
149
145
145
139
171
170
167
168
170
154
173
183
182
192
206
183
208
219
213
205
229
295
309
489
698
1070
1685
2503
3617
4643
5956
6779
7658
7861
7779
7019
5961
4882
3865
2977
2205
1749
1323
968
784
636
473
404
317
249
237
167
136
125
110
104
88
67
75
76
76
71
87
60
80
50
65
71
72
51
66
51
47
56
64
68
57
51
76
61
64
58
52
51
59
61
52
58
57
55
63
53
48
64
66
64
57
59
62
72
52
68
54
45
57
62
49
50
57
54
50
61
55
49
54
58
57
61
64
52
59
44
54
58
61
35
39
46
49
60
51
61
49
46
38
54
69
57
49
49
57
52
48
56
48
43
56
51
52
46
47
55
35
53
43
54
60
51
43
53
48
48
37
40
49
47
55
57
47
37
48
58
51
62
47
51
51
42
43
47
45
33
55
43
39
35
49
58
34
45
49
39
41
45
46
48
54
42
38
53
42
44
46
36
40
42
46
52
43
37
36
40
38
43
38
35
36
31
45
29
36
39
37
46
34
42
36
42
53
38
53
36
30
30
35
37
42
35
34
30
32
39
40
37
34
47
36
39
37
32
29
47
39
28
28
23
22
37
30
34
36
42
36
26
34
36
28
20
32
32
31
24
25
25
35
42
22
25
26
35
35
29
25
41
24
37
29
32
23
23
27
38
31
33
27
32
32
18
33
28
33
23
35
35
28
24
30
24
20
19
35
22
35
24
24
26
21
31
31
28
27
25
26
24
16
28
25
30
16
32
25
22
25
22
28
25
21
29
28
18
26
23
18
32
32
31
25
29
28
27
31
20
21
19
19
20
27
25
24
22
28
17
21
18
23
25
22
22
24
25
18
29
30
29
22
17
23
23
31
21
28
24
22
25
25
12
30
30
21
28
24
17
25
20
16
14
15
17
20
19
22
29
18
31
27
16
20
19
23
20
17
17
15
21
22
30
22
17
20
30
27
24
13
16
24
18
11
21
17
14
16
22
20
19
18
23
26
18
21
18
12
16
20
21
19
14
20
9
15
16
18
23
23
17
18
25
24
21
15
17
19
13
24
16
20
21
23
14
22
18
20
28
13
21
17
11
17
20
17
14
14
13
21
21
13
16
16
14
21
21
25
27
21
14
20
14
8
20
18
16
23
19
7
19
19
23
23
15
20
11
16
12
24
16
10
20
25
18
21
17
16
22
14
19
19
16
24
23
20
22
21
23
27
16
23
18
17
14
14
23
16
18
20
21
18
22
16
21
22
24
20
19
20
19
15
19
19
20
17
18
22
15
15
22
19
12
12
15
17
15
16
8
15
16
12
20
22
16
15
19
16
20
16
15
17
14
20
16
17
16
16
21
18
20
14
20
20
19
11
15
14
10
16
24
20
15
17
23
16
24
16
17
14
16
18
16
20
24
12
18
15
14
8
13
10
15
7
13
14
15
13
19
17
14
14
13
17
17
16
18
17
8
26
19
20
10
16
14
11
19
21
11
17
16
14
21
18
10
14
11
21
19
24
17
13
15
16
18
16
15
15
16
10
14
13
17
16
12
13
16
16
16
19
17
11
11
21
15
7
14
19
13
13
13
17
18
23
21
15
14
16
11
18
10
17
15
17
22
21
10
16
13
13
24
25
17
15
20
15
18
20
17
13
18
17
24
23
13
15
12
12
19
18
12
21
22
22
29
20
19
20
28
20
24
25
22
26
26
21
24
24
23
21
29
25
26
35
20
25
25
33
36
40
37
35
38
44
36
35
51
39
50
40
49
48
34
42
45
50
47
38
45
38
53
47
48
37
63
55
60
51
65
52
57
50
51
53
70
60
66
68
54
84
57
50
54
70
70
73
74
66
84
81
95
91
83
78
94
99
101
86
105
114
112
128
114
115
119
135
152
169
218
311
492
721
1135
1734
2515
3475
4472
5356
6192
6697
6868
6612
5741
5015
4287
3217
2557
1843
1374
1134
874
674
523
414
278
256
183
121
89
91
64
54
43
34
17
15
19
18
13
8
6
8
6
11
9
5
7
9
9
9
8
11
5
9
8
2
4
4
3
4
5
7
5
7
5
8
9
8
5
4
3
2
5
2
5
5
7
5
7
6
4
3
4
4
4
7
8
2
6
4
4
1
6
1
5
9
1
5
0
5
4
4
9
3
2
4
6
2
6
1
5
7
2
4
5
5
3
3
4
5
4
8
10
6
6
3
3
7
3
5
6
0
2
0
3
7
7
4
4
4
6
6
7
5
3
4
4
2
6
4
1
2
5
8
5
1
5
7
1
10
4
5
7
0
5
2
5
3
8
6
3
2
1
5
3
1
6
1
1
4
5
5
4
4
4
4
5
2
4
10
8
4
2
4
5
2
2
6
5
3
6
4
6
4
3
5
7
6
3
3
6
4
4
1
4
5
2
0
4
5
1
2
3
5
4
3
6
1
4
5
2
4
3
8
3
6
3
4
6
4
4
1
5
5
4
5
4
4
3
2
4
4
6
3
6
5
5
6
7
3
5
4
3
2
3
3
5
4
1
4
6
3
2
4
6
2
3
3
2
6
7
3
4
3
3
4
5
6
2
1
3
2
5
3
1
10
2
5
5
3
3
2
4
3
6
2
2
2
5
3
3
7
6
5
3
3
3
4
1
7
3
6
4
6
2
3
6
3
2
6
3
5
4
3
3
4
9
2
3
6
4
6
2
4
4
3
7
3
4
2
5
1
5
4
3
4
9
4
8
4
5
4
5
1
3
2
3
0
3
5
2
3
6
2
3
3
3
3
5
5
3
5
1
1
1
2
7
2
3
8
5
3
8
5
3
1
5
2
3
5
4
3
1
6
2
5
3
2
4
5
6
4
2
1
5
7
5
1
7
4
4
4
1
2
2
5
2
4
2
2
3
3
6
2
0
1
1
5
2
3
1
3
8
5
4
4
6
3
2
3
5
1
2
4
3
2
0
1
3
3
2
3
1
3
4
6
5
2
5
3
4
4
3
3
7
7
2
0
5
2
5
4
3
2
3
1
3
3
3
3
4
3
4
4
4
7
4
4
2
2
4
7
4
8
5
3
1
3
4
6
4
2
3
4
4
6
0
1
4
6
4
2
3
4
2
3
2
4
6
4
4
1
4
6
5
3
2
2
4
6
4
2
2
5
5
2
2
3
3
2
5
5
4
1
5
2
4
5
4
2
3
4
3
7
4
5
2
0
7
2
0
5
3
5
6
2
4
3
4
3
5
1
4
7
3
5
5
3
2
6
3
9
1
6
8
2
1
4
1
6
2
3
2
8
7
4
1
1
5
5
3
5
1
5
5
2
6
4
5
5
0
1
3
3
2
2
3
2
3
8
2
9
4
4
3
1
6
6
2
1
5
3
3
4
7
5
4
5
6
7
3
11
9
10
26
32
32
41
45
53
62
75
65
54
61
39
41
19
18
20
9
15
7
6
11
6
5
7
7
5
1
3
2
3
3
4
3
4
3
2
2
3
4
3
3
6
5
5
4
3
2
2
0
1
5
5
2
2
1
2
1
2
2
3
3
2
2
2
8
1
4
1
3
3
1
1
3
4
3
4
5
3
5
6
1
3
4
0
3
4
3
4
4
4
3
2
2
2
1
7
5
5
2
2
0
1
3
2
3
3
5
2
1
3
4
0
4
1
7
2
2
2
3
1
3
2
2
10
3
3
3
1
3
1
3
0
3
0
3
3
2
2
1
1
3
0
2
1
3
4
7
1
3
1
2
1
2
4
2
4
1
6
6
5
2
5
4
1
2
6
0
0
6
1
4
4
4
2
0
2
2
2
3
5
2
2
3
3
3
2
2
3
3
1
6
4
0
3
0
3
1
0
5
3
3
3
0
1
4
0
4
4
2
1
1
5
2
7
2
4
3
2
5
4
2
3
1
2
0
1
4
1
1
2
7
3
3
2
5
4
2
2
2
1
6
3
7
1
9
3
3
2
3
3
4
3
7
2
1
3
5
1
4
3
3
3
1
4
4
4
4
4
2
5
4
2
2
5
5
0
4
1
2
3
0
1
0
2
0
4
4
0
4
0
5
1
0
0
4
1
2
2
1
3
5
2
0
1
2
3
4
3
2
1
2
1
1
5
5
1
2
4
3
2
5
0
2
3
4
2
2
3
4
3
2
6
2
6
2
3
4
5
2
1
2
1
3
3
8
1
4
2
1
4
6
2
4
2
3
3
4
0
3
0
1
2
1
2
5
4
4
2
3
2
2
2
3
3
2
2
0
2
5
2
4
1
3
2
1
5
1
2
5
1
2
1
7
5
3
2
1
2
5
0
3
6
1
3
2
2
1
1
5
1
4
3
2
4
1
1
6
4
2
5
1
1
4
1
5
1
4
3
3
4
2
1
3
2
2
5
0
3
4
3
7
4
0
5
4
4
2
4
2
2
2
1
3
4
6
1
0
0
3
5
0
2
4
2
0
2
2
2
2
5
3
2
2
2
3
3
2
2
0
3
1
2
1
1
1
5
2
1
1
4
1
2
3
1
3
3
2
2
4
1
1
2
3
1
5
5
0
4
6
5
6
4
4
4
4
4
1
5
2
3
2
1
3
1
3
2
0
4
1
0
3
1
1
3
5
2
3
6
1
0
4
1
0
4
1
2
3
3
1
2
2
1
2
3
3
3
4
1
3
3
6
2
1
8
0
1
0
3
3
2
4
3
1
1
1
3
1
2
1
4
3
2
4
2
1
6
2
0
0
4
4
2
2
1
2
2
1
0
4
3
3
4
5
1
4
0
1
2
1
1
5
4
4
0
1
8
0
4
3
2
5
4
3
1
5
3
4
2
2
4
2
3
5
1
3
3
1
3
3
1
3
3
2
5
2
5
1
5
8
2
2
5
4
3
2
1
3
0
2
3
3
3
2
7
4
2
4
3
1
7
2
1
8
5
3
1
4
3
2
1
1
0
1
4
1
4
2
2
2
3
3
4
3
0
1
1
0
3
1
3
4
3
1
4
1
2
0
1
3
3
2
3
2
4
55
66
48
57
45
58
51
44
46
44
57
39
64
78
41
63
56
47
45
53
47
59
52
52
46
59
38
61
59
51
52
57
58
50
47
51
53
59
61
54
59
55
36
58
57
66
34
61
61
66
47
50
48
59
58
58
51
43
60
60
52
46
53
49
46
54
48
53
54
53
60
49
51
53
43
37
45
29
46
62
40
57
48
48
59
58
44
48
45
44
43
52
50
48
58
48
38
50
45
46
43
41
56
48
40
55
45
39
48
39
51
44
46
43
62
48
68
44
55
40
55
45
42
43
40
58
54
14
