19685
16427
13953
11706
10067
8597
7363
6289
5621
4898
4328
3838
3541
3193
2958
2660
2490
2371
2166
2050
2036
1831
1870
1745
1724
1638
1531
1546
1476
1517
1482
1457
1408
1322
1363
1322
1351
1328
1318
1375
1225
1277
1205
1220
1278
1259
1241
1198
1213
1209
1159
1231
1252
1159
1178
1122
1133
1171
1123
1070
1093
1037
1076
1065
1122
1012
995
1007
993
1089
995
1012
1026
1013
961
968
961
940
1004
1023
992
969
989
1001
995
911
943
915
924
971
929
927
905
903
917
927
894
909
889
888
901
876
881
861
920
858
858
829
836
855
898
923
851
887
840
907
917
850
825
865
863
852
782
771
803
839
835
797
844
733
747
754
816
762
771
785
771
752
755
781
766
713
734
690
748
732
759
753
772
752
771
747
729
688
716
670
727
706
716
697
744
682
667
692
685
659
742
670
708
694
652
656
682
706
655
710
689
625
659
645
679
648
673
665
625
633
670
637
651
614
628
655
665
674
567
622
653
638
635
608
642
642
632
573
617
557
594
596
620
578
602
589
633
613
627
569
569
609
539
565
587
589
620
598
599
580
572
586
548
564
535
590
556
566
573
543
512
537
563
519
547
538
525
537
531
522
514
495
543
560
471
479
458
483
497
484
504
546
513
519
479
501
517
472
495
527
505
464
550
497
474
480
503
506
504
539
511
536
470
492
542
505
481
494
491
525
503
507
485
511
494
442
504
460
529
490
470
501
492
464
467
449
508
479
482
463
507
482
525
475
458
489
464
519
476
480
462
465
495
497
446
461
502
489
470
452
462
485
433
449
462
445
461
443
421
474
442
439
435
450
455
459
442
448
437
460
481
449
453
449
418
474
431
427
419
419
467
442
455
373
441
386
383
426
454
467
426
396
473
425
398
501
413
451
448
424
443
426
442
424
432
441
453
410
462
452
393
432
457
418
450
418
417
438
392
436
404
417
420
383
410
394
398
408
388
404
373
400
393
376
391
379
371
380
379
397
425
398
399
387
398
382
393
405
388
389
398
397
382
422
425
401
390
397
397
372
384
391
359
392
374
422
374
399
365
380
405
359
408
409
333
348
376
411
380
391
402
386
391
368
371
380
376
350
403
378
360
350
368
348
346
381
388
359
410
389
367
377
354
374
352
371
381
343
365
382
375
401
356
340
363
393
399
358
344
333
370
335
375
386
360
378
358
370
377
363
359
304
340
318
357
352
335
393
382
350
322
377
368
356
332
334
330
339
356
337
331
331
366
334
308
347
337
353
378
358
318
366
361
392
362
306
354
337
365
371
321
345
356
345
358
355
381
344
366
326
394
334
333
301
325
329
310
319
338
331
301
338
330
305
326
328
289
324
334
332
357
353
365
348
324
350
324
328
326
334
316
325
337
296
357
307
355
339
351
322
341
324
332
329
302
325
334
329
318
305
325
323
306
309
330
332
308
289
298
330
335
307
316
293
305
312
300
304
309
302
312
302
335
278
326
295
319
312
308
288
302
282
311
297
320
319
302
284
302
315
300
307
310
310
300
269
316
325
331
298
304
334
307
303
288
314
303
314
311
301
279
282
284
322
292
328
287
305
285
295
303
272
303
286
323
293
305
312
248
281
333
275
294
293
320
284
279
283
304
291
263
268
320
312
257
298
322
308
280
308
258
267
283
313
316
273
264
272
308
265
293
282
284
253
276
299
283
276
262
273
281
257
298
325
275
281
279
283
277
298
257
306
295
283
292
285
295
270
298
290
317
290
293
291
264
310
295
271
284
285
286
256
275
284
254
273
286
287
282
268
271
266
326
275
285
273
276
278
313
254
284
279
278
286
293
270
276
278
287
274
288
233
275
251
283
270
276
288
272
253
263
302
274
266
263
309
272
276
245
260
258
258
263
267
242
264
255
274
290
325
278
252
276
288
237
252
269
249
279
280
268
237
253
279
254
275
283
251
269
246
251
264
263
273
247
258
244
265
280
272
254
245
290
296
264
274
261
271
254
225
260
262
251
243
257
286
256
249
268
232
262
261
244
234
234
287
260
261
264
259
234
266
266
247
256
243
260
258
275
255
275
234
266
261
240
266
255
255
270
254
243
239
270
246
263
264
232
249
269
258
236
260
250
302
247
237
261
231
239
254
257
252
274
240
260
260
246
249
257
235
232
272
228
244
251
244
273
228
271
243
247
247
220
239
249
244
231
269
278
273
265
260
248
231
240
269
248
249
220
252
267
215
269
266
232
264
269
232
232
232
239
259
245
234
236
245
248
247
257
253
263
249
217
231
268
243
249
217
241
245
253
241
270
273
233
256
245
236
247
212
259
229
244
263
256
258
271
248
246
237
252
236
232
256
249
237
243
223
251
255
231
244
251
246
243
250
242
242
207
228
265
243
237
215
230
242
239
241
227
213
228
217
240
251
235
232
253
230
242
215
260
222
225
244
236
239
239
252
231
236
252
222
216
238
235
238
234
211
242
261
259
230
208
263
209
266
232
228
254
224
238
242
230
248
241
221
252
275
227
253
201
224
238
216
224
244
230
241
209
203
258
221
237
238
269
225
259
224
240
247
232
253
254
236
250
249
278
224
218
268
229
218
239
233
251
212
219
223
221
248
226
210
226
239
219
249
245
242
236
230
226
242
249
237
247
242
213
236
233
225
209
223
207
238
219
240
220
234
217
233
232
223
228
224
196
208
233
189
219
212
210
233
221
220
224
222
203
209
223
232
217
244
209
216
206
219
189
215
210
215
208
210
234
231
218
214
190
225
228
242
230
198
235
192
211
226
195
232
224
200
191
218
216
196
208
219
202
218
220
211
195
236
236
187
207
212
175
231
223
197
211
175
205
220
232
172
178
202
199
201
216
206
193
219
205
215
210
195
227
213
185
183
189
227
220
190
229
210
186
208
182
228
207
201
209
186
192
166
193
200
199
217
234
182
184
188
204
192
200
180
200
170
199
196
217
184
186
187
198
188
193
211
186
187
209
188
203
212
222
183
193
178
224
200
185
206
189
183
194
240
205
196
194
207
219
198
186
191
177
190
190
186
184
194
195
208
184
198
179
202
198
194
200
202
214
204
179
210
195
193
208
194
187
200
169
216
210
184
176
181
209
187
206
165
164
181
212
204
176
183
208
201
198
171
197
223
184
176
172
178
185
202
209
173
182
166
195
163
187
193
183
191
174
189
182
172
187
192
188
187
189
173
211
195
170
208
183
197
183
174
166
168
175
189
172
176
184
211
200
191
165
162
173
182
192
180
173
165
171
185
194
151
181
197
183
164
157
170
194
190
203
192
197
184
207
191
182
194
175
183
180
167
138
182
170
166
171
188
195
180
162
180
158
141
172
180
178
180
167
172
180
179
189
169
152
191
202
189
172
178
177
179
191
176
195
155
174
161
187
170
198
167
168
179
164
161
176
178
156
174
178
165
167
163
160
183
132
178
178
178
166
169
171
170
168
160
165
174
167
208
152
156
159
166
144
169
174
173
154
161
165
186
167
199
173
206
179
176
168
158
198
161
172
185
175
174
176
150
185
169
154
161
163
174
180
160
152
150
166
159
179
157
167
144
166
171
162
162
150
173
162
170
173
190
157
154
146
143
181
141
146
171
172
160
173
159
161
155
158
176
160
167
163
179
170
164
172
151
170
165
157
164
161
164
168
171
174
151
147
164
187
171
139
158
154
169
175
146
150
135
159
170
150
137
146
150
168
165
169
139
164
176
146
172
141
161
159
154
156
161
170
155
166
170
171
170
154
151
145
140
172
141
175
168
184
171
155
142
164
157
162
158
151
144
151
155
163
168
149
158
165
168
168
149
177
146
146
161
169
170
175
152
159
137
150
140
174
144
163
150
166
163
155
154
164
175
152
160
164
151
175
147
152
144
174
154
163
178
150
156
152
162
155
160
155
153
158
148
145
168
167
130
144
162
126
122
155
152
135
176
172
149
148
157
157
155
129
144
160
165
140
147
159
142
153
156
141
160
168
148
153
145
154
134
142
179
160
186
149
145
168
141
175
135
159
148
173
142
119
156
148
146
171
130
147
161
147
153
152
162
161
142
145
155
137
119
140
159
136
146
152
162
162
138
153
141
173
143
166
145
150
128
141
141
156
139
129
148
165
153
136
165
155
138
144
143
161
140
138
153
146
145
148
159
163
148
147
140
131
114
105
138
155
150
147
150
139
142
137
130
159
157
147
149
145
133
123
150
150
128
131
139
167
149
145
152
144
132
141
162
133
144
128
138
173
138
147
123
145
149
134
155
146
139
142
142
151
137
129
142
160
143
147
145
145
126
156
144
151
149
134
147
153
161
128
139
152
146
130
174
132
134
160
146
141
148
137
158
141
128
134
137
170
158
141
138
158
149
137
140
143
145
144
160
146
139
151
158
137
139
158
151
137
128
147
144
145
126
148
119
118
137
129
147
158
112
144
156
151
125
122
146
145
142
132
142
160
149
155
115
148
155
131
116
132
124
151
128
136
142
134
141
153
125
125
128
134
137
116
147
131
120
139
120
141
132
134
128
139
109
141
129
152
141
136
131
138
139
133
148
141
126
126
126
145
118
117
156
121
154
120
145
127
149
128
129
147
143
114
125
138
131
133
119
133
132
144
146
130
129
128
121
127
131
164
135
160
146
137
122
135
118
134
152
144
137
117
137
124
137
145
138
118
128
127
112
124
153
137
147
131
134
134
140
152
137
126
150
162
137
128
116
134
134
166
109
134
153
132
142
145
116
136
151
133
129
123
139
137
136
142
123
127
127
133
164
143
142
125
149
135
140
133
139
137
122
133
125
132
128
117
146
119
142
130
116
125
129
124
134
120
139
138
144
138
114
139
129
130
136
125
125
144
103
144
118
132
131
101
133
150
122
138
141
125
149
141
140
124
129
130
142
143
146
107
112
129
109
131
122
128
160
126
137
121
150
129
135
132
117
114
127
142
116
123
110
115
140
117
130
124
117
135
108
110
132
143
121
124
138
145
119
110
149
122
112
137
122
134
138
113
149
113
140
120
112
144
106
121
119
136
124
130
128
138
144
108
121
125
119
143
127
118
120
132
144
130
116
125
117
113
122
129
131
109
139
126
144
144
116
96
117
135
124
143
113
98
120
140
127
119
126
130
123
135
126
138
137
113
122
115
135
125
122
112
139
114
104
139
118
149
133
135
134
122
103
134
104
125
115
123
135
117
119
102
123
102
114
121
120
123
106
131
112
121
111
118
116
124
117
109
105
100
114
110
130
132
133
133
130
120
141
109
137
123
125
108
130
130
134
107
121
125
131
128
131
128
120
118
134
114
97
121
121
128
117
132
139
110
109
122
125
112
113
113
131
133
117
120
124
109
107
107
132
113
114
119
108
106
132
117
115
108
129
147
104
137
129
116
105
112
138
131
132
110
123
118
123
125
107
116
122
104
116
120
120
118
125
98
111
118
120
121
125
110
135
123
119
120
133
109
108
111
116
120
112
140
116
131
119
136
111
115
136
103
136
116
123
145
115
116
129
121
121
121
118
114
114
97
122
133
104
113
105
116
104
123
132
110
108
115
121
132
130
117
126
113
104
122
126
132
143
126
109
131
111
120
125
114
116
132
130
122
112
120
114
111
108
131
121
114
124
119
114
128
120
106
102
89
125
118
117
114
128
118
116
108
122
113
115
105
96
119
116
114
121
108
127
119
131
131
113
121
110
107
106
96
97
116
95
108
121
115
119
118
109
126
117
120
121
131
131
115
135
118
107
111
95
112
118
125
103
117
108
97
125
113
117
111
109
106
114
120
102
111
102
129
124
123
119
117
108
113
111
101
118
111
134
116
119
143
131
104
110
124
94
108
112
103
96
108
131
114
130
106
118
142
128
103
124
126
110
107
129
111
112
109
114
121
106
118
113
115
110
117
106
122
120
111
113
120
114
106
118
117
109
101
108
121
117
104
104
125
106
102
111
117
90
96
103
123
113
98
103
103
97
101
116
98
105
104
94
115
122
123
123
103
124
117
109
119
113
123
122
95
104
125
120
102
104
112
118
129
101
106
112
105
126
96
122
109
107
131
122
94
88
105
126
105
117
129
99
123
122
90
113
116
106
109
111
127
109
93
109
106
115
101
97
108
102
101
120
124
93
101
92
122
110
111
107
114
117
124
114
124
110
108
104
125
92
110
94
114
109
112
103
99
104
113
126
114
100
99
112
98
92
103
108
103
109
109
130
88
97
105
100
108
110
101
102
111
109
105
124
104
99
92
107
115
111
103
105
109
86
105
101
122
93
108
103
100
92
124
111
115
104
105
115
132
122
108
109
111
88
104
105
97
102
124
109
119
85
83
105
117
108
97
104
110
113
111
122
106
115
120
113
108
117
109
122
95
102
113
110
121
109
119
111
103
91
107
125
114
92
108
120
102
96
107
105
120
107
107
104
107
111
126
103
97
119
104
119
104
102
124
121
104
104
117
102
92
95
98
98
104
102
117
103
108
114
109
108
99
110
101
93
112
110
122
105
91
111
96
101
93
98
85
114
108
98
105
113
96
90
85
94
121
97
114
114
92
122
98
116
96
116
104
113
95
84
123
93
86
103
111
100
108
104
86
104
106
94
98
114
94
112
110
106
119
109
99
124
99
92
108
111
97
105
101
107
119
108
121
106
108
109
79
101
106
108
95
79
104
95
111
107
91
117
108
84
95
113
104
102
91
92
100
114
114
94
96
101
99
89
98
102
94
103
96
80
109
119
106
95
95
98
96
111
97
106
100
88
104
124
95
111
95
84
119
111
104
93
95
114
97
102
110
84
81
103
104
94
101
96
106
97
95
98
96
113
104
92
100
115
105
105
103
119
98
116
90
110
103
94
101
94
92
95
104
95
117
97
113
81
97
87
103
84
92
92
89
106
100
103
100
102
109
107
100
103
99
89
111
102
106
99
99
99
106
99
99
91
102
107
98
116
113
113
97
89
108
103
109
99
118
94
86
85
96
116
109
97
98
104
103
106
109
111
92
93
91
96
88
104
85
116
92
96
82
99
87
109
117
79
95
88
103
82
104
115
84
93
99
100
82
79
100
88
113
100
80
103
103
90
93
98
114
86
104
94
105
101
119
98
86
95
115
91
97
96
93
87
93
92
106
104
111
83
101
94
97
106
93
82
98
96
101
86
90
102
102
100
99
99
93
96
79
99
86
81
102
91
105
88
87
91
94
91
99
111
109
84
86
81
82
98
95
111
89
96
92
94
95
107
91
93
113
101
102
92
105
90
93
94
107
99
93
80
96
85
90
103
117
108
104
113
90
105
93
112
103
101
121
90
102
113
112
95
104
108
107
102
93
93
90
87
89
95
110
89
96
106
94
89
89
93
101
114
94
102
102
85
98
86
102
111
102
77
93
102
91
88
98
92
86
79
93
93
106
104
92
105
95
85
100
96
112
96
86
88
96
92
99
67
98
89
82
102
102
93
92
97
109
110
104
100
109
91
77
103
106
95
90
81
72
87
107
109
101
107
94
106
87
100
89
83
99
98
82
95
77
82
88
99
124
97
88
92
86
90
113
83
71
92
75
105
83
101
91
81
90
115
93
98
97
101
91
89
95
90
94
111
91
95
84
95
88
101
91
90
87
91
91
84
80
91
88
107
88
95
98
102
99
99
84
99
89
103
86
107
96
89
74
108
99
87
90
87
99
117
98
93
85
92
93
79
75
99
96
87
90
87
91
101
103
98
110
91
89
83
100
99
88
102
80
81
95
89
82
100
100
90
88
112
88
118
99
80
96
83
92
100
86
92
83
76
86
77
96
89
94
105
112
86
86
96
89
82
114
103
86
86
97
83
110
102
93
104
82
88
91
94
104
88
81
90
103
101
80
103
104
87
95
99
84
92
72
87
95
86
91
102
88
90
75
96
84
92
90
80
96
87
101
110
98
91
93
86
84
78
95
89
90
95
97
82
91
94
73
76
108
87
101
94
96
69
79
103
91
92
80
83
100
100
72
97
95
94
77
78
90
80
91
94
100
98
82
88
73
102
107
101
78
85
81
83
107
87
106
90
94
106
88
104
90
88
100
82
87
101
108
97
104
83
95
88
88
102
83
89
85
79
94
90
89
99
89
107
92
94
105
87
87
98
93
82
85
89
90
89
90
79
114
77
96
75
98
102
81
97
92
97
91
88
76
87
100
87
72
88
103
90
84
85
96
102
94
104
116
89
96
68
93
102
81
85
97
85
88
95
89
90
81
81
107
84
97
91
96
91
95
112
99
91
108
90
89
82
90
97
100
86
88
87
97
95
86
78
93
80
98
89
92
100
87
95
85
96
104
88
94
90
75
79
84
108
79
93
83
97
91
79
78
78
102
96
86
108
70
77
87
92
97
85
90
81
99
89
109
94
86
95
89
83
95
80
89
79
81
99
85
88
79
87
77
87
87
92
88
91
94
94
94
93
82
89
73
69
92
71
82
79
94
88
80
97
85
88
86
80
80
81
91
94
79
92
96
88
94
92
83
95
86
91
86
93
76
81
97
87
88
80
97
87
94
95
86
83
79
88
88
75
85
77
89
104
81
96
89
79
77
80
86
95
114
92
83
90
83
97
80
95
78
104
97
97
64
111
93
90
84
88
85
74
78
81
78
89
82
93
93
77
106
83
94
90
97
81
70
85
92
86
78
90
87
88
100
98
95
79
75
67
101
79
95
98
80
68
88
86
98
97
75
75
81
86
85
92
82
95
107
77
95
82
72
77
89
76
82
106
93
86
92
89
85
103
92
83
98
103
77
72
93
89
78
91
95
85
80
91
81
87
81
84
78
86
106
96
87
95
100
92
89
97
81
101
85
91
87
72
87
85
99
93
89
103
90
83
93
93
98
88
88
98
82
91
78
88
83
94
87
101
90
93
102
89
74
88
77
92
71
94
80
81
84
91
72
92
96
96
83
87
102
96
80
87
98
74
88
70
87
82
92
91
92
77
78
82
80
91
79
71
83
91
78
81
90
60
105
88
87
74
82
92
90
84
106
98
103
77
93
77
83
76
73
95
86
86
85
87
82
75
85
104
96
76
93
92
98
85
90
86
75
94
94
80
81
75
80
89
93
93
65
88
79
95
91
76
90
92
91
89
90
92
98
89
86
81
107
103
69
79
91
88
89
80
101
97
81
79
88
96
90
104
78
94
103
97
101
100
86
76
94
86
88
86
95
82
77
101
83
83
92
90
85
89
77
63
86
66
84
98
86
86
86
92
95
73
75
83
92
76
76
72
83
99
85
89
72
75
85
102
80
93
97
85
97
91
84
97
90
79
81
102
83
88
81
95
87
75
85
83
95
78
63
85
99
86
94
106
88
85
73
102
91
104
84
82
86
81
89
77
86
80
76
116
97
89
100
112
96
74
98
88
100
95
92
92
64
96
69
87
76
91
98
91
107
77
91
101
86
88
87
80
95
95
92
87
81
102
104
74
89
93
82
89
72
91
74
93
93
85
101
90
90
80
79
71
78
84
102
79
102
82
99
92
84
86
89
90
89
103
82
88
65
80
91
87
90
93
73
67
70
88
72
84
83
92
100
88
82
83
96
89
74
81
78
88
74
88
89
75
113
79
91
91
95
84
89
77
87
92
90
84
87
75
82
90
85
81
83
79
83
91
92
90
95
103
84
99
85
95
78
100
72
72
88
81
82
85
91
77
80
90
81
90
84
85
83
95
79
80
81
83
89
82
83
84
96
89
100
76
84
105
87
108
82
74
94
86
85
95
82
76
81
81
90
90
92
78
99
81
77
100
97
84
67
84
85
80
91
85
74
85
90
94
77
99
93
102
84
96
81
84
103
74
75
80
80
95
89
84
91
67
77
82
113
80
86
87
86
75
62
80
81
87
95
115
89
82
91
77
85
88
96
84
62
63
83
84
82
94
110
97
100
81
83
82
92
84
84
75
65
111
70
90
96
89
88
91
82
90
96
74
78
90
78
95
94
82
81
74
93
91
86
92
82
94
90
98
81
85
85
78
78
73
88
88
70
87
97
98
94
85
90
87
84
73
90
83
89
68
84
95
85
95
77
90
74
92
101
82
94
75
81
82
98
73
71
80
90
83
85
78
102
86
100
83
80
88
84
91
102
102
92
103
92
97
109
86
84
91
79
88
77
71
99
83
79
73
87
90
72
84
80
99
78
96
87
79
79
62
87
78
82
95
77
87
76
85
95
79
92
92
88
82
91
88
90
68
97
73
87
88
82
95
79
70
82
91
104
78
83
67
94
85
83
90
81
82
79
92
99
100
92
94
87
85
98
79
77
73
74
80
95
96
87
73
82
84
94
82
89
95
98
88
85
90
112
101
94
106
106
80
94
91
102
82
93
92
76
88
99
84
87
77
77
90
88
93
77
92
80
91
90
86
80
80
98
84
78
80
77
99
88
88
80
87
96
97
104
99
77
87
90
86
98
83
103
75
88
88
80
55
95
91
101
96
74
87
92
92
106
87
91
83
98
96
89
91
73
97
90
80
90
87
89
97
91
89
94
93
96
88
86
74
97
76
93
76
70
96
87
76
74
80
87
97
84
99
91
80
73
68
81
94
91
92
92
72
66
80
97
87
93
73
95
86
82
96
70
88
77
122
83
75
73
98
93
80
87
95
92
76
81
92
88
84
76
91
95
103
80
89
98
103
90
77
74
81
72
74
91
84
96
75
113
97
75
92
103
81
76
60
67
85
77
84
92
80
88
93
102
101
88
87
92
100
75
82
92
80
89
106
104
84
82
72
76
77
91
83
97
104
91
75
92
90
87
80
64
91
83
73
93
85
91
99
82
83
71
79
91
86
95
77
87
73
83
94
87
100
105
87
88
97
81
93
79
88
94
87
84
112
105
89
96
85
87
94
84
98
72
68
87
82
86
92
90
86
95
87
88
89
80
83
84
76
95
76
89
94
122
97
80
83
81
83
86
82
98
72
69
83
79
87
88
91
101
89
70
77
83
85
93
98
93
87
79
85
96
79
75
93
85
93
80
81
86
79
78
79
95
66
91
98
73
83
66
88
80
80
70
85
85
95
92
94
68
80
82
84
78
94
68
78
84
90
98
73
80
69
96
75
82
74
84
87
72
78
84
85
104
83
86
71
85
69
83
86
81
72
78
109
78
100
77
98
71
84
77
79
81
81
97
90
94
86
82
80
82
74
79
73
71
66
73
77
74
76
72
76
98
72
89
68
89
66
81
75
78
74
73
67
67
88
74
75
82
82
82
83
81
79
86
80
89
82
72
88
72
63
80
69
76
77
91
64
70
66
85
77
79
78
76
69
77
80
61
65
75
84
76
70
72
90
89
60
90
66
66
79
88
71
75
79
101
65
101
84
75
74
85
82
83
75
85
80
61
72
73
85
89
94
78
73
80
80
76
80
82
76
75
85
65
91
88
72
95
74
74
78
82
68
88
60
71
74
81
78
75
63
71
85
71
69
75
74
73
82
61
58
74
82
63
79
65
67
65
72
58
84
81
75
83
85
70
81
92
63
72
90
86
73
63
64
63
85
62
62
79
73
85
57
69
80
86
50
83
85
71
78
65
79
60
79
88
74
64
77
79
66
67
70
73
96
86
73
76
74
81
54
71
63
69
77
85
69
62
80
75
66
65
74
63
73
80
76
83
67
84
81
78
84
74
78
69
74
63
76
59
75
75
73
70
73
75
69
69
79
87
66
67
72
78
89
79
73
78
92
79
69
65
66
72
72
67
79
92
68
58
67
57
58
82
72
76
86
68
65
73
83
86
69
70
62
83
67
74
66
70
70
67
64
85
75
69
79
73
77
70
75
64
69
69
77
58
61
78
52
48
68
74
70
54
77
75
80
71
72
77
73
79
73
64
76
59
73
65
66
83
78
61
72
76
62
61
67
75
71
70
69
70
70
78
76
70
75
70
65
69
72
78
57
77
66
61
69
68
74
85
62
61
59
77
62
69
63
62
70
61
84
76
67
76
80
74
85
68
72
72
63
61
66
58
59
69
73
90
89
73
60
87
83
70
69
84
60
75
77
58
72
52
70
72
60
61
73
67
65
68
74
61
66
74
77
67
79
50
70
63
60
67
60
52
73
64
72
75
68
72
55
83
78
62
67
64
58
71
64
64
56
65
60
66
64
63
72
66
71
75
67
57
63
68
69
71
67
81
70
67
71
83
73
76
64
54
79
66
58
50
65
74
58
77
54
64
75
67
76
79
72
88
61
65
67
71
65
55
58
65
64
75
79
68
88
70
62
66
71
62
70
59
75
61
75
67
63
70
64
73
55
59
63
63
50
85
77
77
74
70
62
65
67
78
70
76
74
58
68
72
70
79
61
84
70
75
69
79
68
81
60
88
57
67
74
65
73
67
87
67
82
66
83
65
64
56
71
82
73
63
74
63
77
53
78
59
75
86
76
83
62
74
78
88
63
67
78
68
80
68
68
68
64
69
62
75
77
70
70
85
64
70
60
72
66
74
70
68
68
70
71
57
70
72
76
73
72
75
64
73
62
59
75
85
72
71
64
81
71
69
73
74
63
73
66
71
74
71
80
69
71
60
69
67
80
67
81
61
73
73
91
58
70
66
78
71
56
89
69
63
77
77
67
68
68
81
73
75
69
58
81
87
69
70
73
74
61
54
81
71
75
74
64
71
64
53
61
79
71
59
69
63
65
62
56
63
62
77
73
65
66
73
52
99
61
63
81
65
68
74
74
70
64
56
72
72
69
74
70
69
46
68
67
66
76
67
74
64
57
55
60
75
41
64
69
78
75
62
63
79
54
66
60
70
66
64
82
63
78
65
65
73
75
71
69
66
65
60
74
75
78
58
58
61
69
63
64
54
66
62
57
58
61
52
77
58
48
65
55
52
56
77
60
57
54
51
62
57
68
54
49
59
64
49
62
67
61
63
63
62
68
61
47
46
54
60
53
73
51
53
68
46
70
53
72
69
43
64
57
66
53
61
56
50
65
42
58
60
56
68
56
53
61
57
65
51
47
64
57
54
59
42
59
46
55
62
43
49
70
71
54
59
60
58
57
44
51
54
57
62
65
56
64
59
59
57
53
66
57
52
60
62
51
58
56
58
65
55
61
51
64
56
53
71
73
63
63
49
42
56
58
53
61
58
45
53
65
48
70
59
62
57
60
61
53
58
57
61
62
56
71
53
47
77
58
58
48
67
51
54
57
49
56
52
62
42
49
51
51
49
64
68
64
56
63
59
48
56
50
59
59
57
53
48
51
56
42
59
52
50
62
56
65
43
45
71
66
51
56
60
69
55
57
45
61
61
64
68
58
55
63
71
64
74
69
53
79
68
58
60
75
66
58
64
77
68
71
74
61
62
65
83
67
91
53
85
77
73
62
81
61
77
73
76
68
62
78
82
66
67
69
79
72
72
85
86
92
122
107
99
111
103
99
106
159
163
191
182
292
282
320
406
433
429
383
438
383
386
353
304
259
201
219
184
147
144
133
113
104
101
69
90
80
75
60
60
50
67
54
64
50
48
50
47
46
45
46
42
62
54
44
51
53
53
46
58
43
55
50
54
50
61
38
36
50
51
46
47
54
47
41
44
51
54
41
54
48
49
44
56
45
53
51
30
49
45
43
47
38
52
51
53
54
41
39
56
37
47
51
37
40
43
37
48
54
59
64
52
41
35
39
37
43
44
37
39
49
48
45
49
49
48
54
54
32
51
39
43
35
44
47
54
44
44
44
56
43
45
44
50
51
45
44
56
42
42
58
30
37
40
53
52
54
48
59
47
45
49
60
52
47
67
41
54
49
46
55
51
59
57
57
50
47
59
33
44
48
62
66
58
49
53
55
56
66
36
42
34
53
45
54
47
49
40
58
48
57
55
47
57
58
49
56
53
45
60
60
48
61
70
50
63
73
66
40
65
64
48
61
67
52
64
50
70
82
65
61
62
66
60
82
78
82
86
71
93
103
85
119
104
106
83
112
83
63
60
62
56
44
57
48
44
32
40
22
26
31
34
25
27
24
25
14
29
23
15
22
19
14
26
31
26
20
20
18
25
19
28
24
15
28
18
30
22
24
27
30
22
13
21
26
19
16
17
19
22
17
21
20
38
21
17
25
16
19
22
16
24
20
16
20
23
18
19
15
28
22
19
23
18
30
25
22
20
25
23
19
16
19
22
23
28
22
19
13
21
14
18
18
19
29
15
13
13
15
16
22
17
14
26
18
16
14
13
20
22
29
27
23
17
22
21
25
20
23
26
15
23
13
19
21
12
15
25
25
19
20
17
26
21
17
19
22
28
14
20
16
13
19
12
25
15
29
21
15
19
15
17
25
29
25
21
20
10
16
8
17
18
14
13
13
14
15
17
22
20
28
21
13
11
19
21
14
21
15
21
20
25
16
15
13
20
24
18
12
16
12
17
20
17
16
20
21
13
30
16
17
13
23
15
18
13
20
24
18
12
21
10
12
21
18
23
19
10
26
15
20
20
21
12
16
15
20
25
22
19
22
16
11
18
20
13
15
8
17
19
21
20
15
22
25
25
18
25
21
18
13
18
15
20
16
14
20
18
18
13
25
17
20
15
16
18
24
28
17
8
23
27
16
22
15
26
17
28
18
19
17
22
16
19
17
16
20
22
12
17
10
18
22
22
20
9
14
18
17
16
25
14
21
12
12
17
18
17
15
15
15
17
22
20
23
17
12
23
20
23
13
27
26
21
30
12
20
21
14
18
19
15
14
19
22
15
13
16
18
23
26
20
31
21
20
23
19
22
19
21
25
20
34
13
25
23
18
24
17
22
16
20
24
14
17
19
25
16
21
23
24
17
21
12
24
17
20
26
18
16
23
7
22
12
22
21
12
17
27
24
24
18
22
11
23
19
18
23
19
20
17
11
18
16
16
15
28
15
24
19
29
16
16
32
25
25
19
23
17
30
23
17
29
18
31
17
25
19
17
15
14
21
20
31
18
22
21
17
25
27
19
24
20
22
20
18
14
32
21
20
17
20
20
15
17
19
25
20
14
16
19
27
22
17
26
12
28
21
29
11
25
25
29
21
27
28
34
21
29
21
18
26
27
16
25
19
23
26
23
21
31
27
26
32
21
37
27
30
27
31
29
34
27
25
28
32
36
39
36
38
29
31
26
47
39
35
42
43
48
34
55
53
48
34
42
38
43
37
55
48
58
39
45
53
54
50
42
54
60
49
50
56
57
41
54
61
44
48
55
52
68
61
50
56
63
72
71
83
64
67
58
78
90
86
77
85
111
113
133
150
182
260
335
433
516
612
749
881
950
1013
992
946
882
778
744
618
473
416
350
303
292
214
190
153
128
98
83
96
77
45
57
34
32
37
28
42
25
37
31
29
25
21
25
20
14
28
12
31
18
14
22
21
23
20
14
19
20
25
16
28
13
19
22
23
17
12
17
25
21
29
22
21
18
20
13
29
31
17
20
23
13
17
20
19
26
24
17
15
19
18
25
32
18
21
25
23
24
18
23
20
25
24
23
26
22
21
22
17
18
20
19
18
23
24
24
19
22
18
21
24
25
29
25
19
22
31
24
19
29
25
19
18
27
31
28
15
21
25
26
21
22
27
26
26
24
25
17
19
27
22
29
23
32
21
24
29
25
17
31
26
22
23
33
24
29
20
30
22
29
20
27
28
21
22
32
32
30
28
18
26
28
24
26
38
29
25
27
22
19
27
22
35
27
31
27
28
34
41
30
28
34
36
26
32
22
16
38
41
37
26
39
30
36
28
35
45
29
31
39
46
38
28
58
55
44
49
54
63
60
55
69
72
67
73
77
67
67
59
58
47
47
47
34
30
30
18
25
20
19
7
3
19
13
5
3
8
10
7
9
10
4
4
4
9
5
7
6
7
3
4
9
9
5
5
6
7
8
4
6
6
6
5
5
5
3
5
9
3
5
7
6
5
2
7
3
3
4
3
9
5
1
7
0
6
2
5
10
5
6
2
5
3
7
4
2
7
6
4
4
5
10
2
6
3
3
4
7
2
4
5
1
5
4
8
5
6
2
4
5
4
5
5
3
7
2
3
4
4
4
4
3
3
3
4
4
7
2
4
8
4
0
8
5
6
8
8
2
4
4
5
4
7
5
3
4
3
4
3
3
6
6
8
3
3
4
5
2
4
6
7
5
4
4
3
3
7
1
1
2
8
4
6
7
3
2
9
5
5
3
6
4
2
1
6
2
4
1
3
4
3
4
3
3
3
6
2
5
3
7
11
6
5
5
2
3
7
5
5
4
8
3
6
4
4
8
7
3
2
4
3
6
3
4
6
5
4
9
5
1
2
4
2
4
7
4
3
3
4
5
7
4
4
3
9
6
2
6
6
2
6
3
3
1
4
1
2
4
7
0
4
6
4
3
8
8
3
3
2
4
4
6
6
6
4
7
7
8
2
6
3
3
3
5
3
5
1
5
4
0
2
1
3
6
3
5
3
3
5
3
5
2
6
3
5
2
3
4
3
5
7
5
7
3
4
4
5
2
7
6
1
2
4
3
3
3
2
1
2
6
1
3
0
4
5
2
1
8
2
1
3
2
4
7
0
1
8
3
3
7
3
5
6
4
3
7
2
1
0
2
3
3
4
9
3
1
3
1
9
7
6
2
6
8
4
2
6
5
4
2
2
3
4
3
5
2
7
1
3
1
1
5
1
4
5
4
4
3
2
5
5
4
5
2
3
5
4
3
8
4
5
2
2
4
1
5
5
2
3
4
2
3
4
5
2
4
2
0
2
3
4
6
8
3
3
1
6
3
3
2
2
4
4
6
5
5
7
1
2
6
3
2
3
4
1
3
9
3
3
5
4
2
5
2
4
4
5
4
2
1
0
1
4
4
3
3
5
4
1
2
4
4
2
5
3
4
1
2
4
1
3
2
5
3
4
2
8
4
4
6
5
2
2
3
1
4
2
3
2
2
1
5
2
2
6
5
3
4
2
1
4
3
2
2
6
1
2
2
5
1
3
4
7
1
2
4
4
1
6
3
4
1
1
3
4
3
2
4
3
4
1
3
6
3
5
3
5
5
1
2
5
2
3
7
6
2
3
6
1
2
1
2
3
4
3
4
3
5
5
4
3
4
4
4
6
4
2
3
1
6
6
5
1
4
3
3
3
4
7
3
3
2
5
5
0
4
3
4
2
1
0
2
2
4
1
1
1
2
2
1
6
1
4
0
4
2
8
3
6
1
3
1
4
3
5
5
2
4
5
12
2
6
3
4
2
4
1
2
2
5
4
2
3
5
3
4
2
4
1
4
7
2
3
3
2
2
7
0
3
3
1
3
5
7
1
7
6
2
4
1
1
4
2
4
3
2
2
6
2
3
4
3
6
4
4
2
4
0
2
3
2
3
2
1
2
5
1
2
0
2
1
5
3
5
3
4
3
5
2
3
3
4
2
1
4
1
7
3
4
2
3
3
2
3
3
3
2
2
2
3
3
4
1
4
4
2
1
2
2
4
3
2
3
5
2
2
3
3
3
2
0
1
0
1
4
5
3
3
0
4
4
1
3
0
3
4
1
4
1
3
4
3
0
2
3
3
4
3
1
1
3
1
1
2
1
3
5
3
2
1
1
2
3
1
2
5
3
3
4
4
1
3
2
6
1
2
4
2
6
2
2
3
3
6
2
1
1
4
3
3
3
2
5
3
0
1
4
3
2
1
1
1
1
1
4
2
1
3
4
2
4
3
4
6
1
2
4
1
4
4
3
2
3
1
4
3
4
2
2
4
2
1
6
4
1
2
3
2
3
1
0
1
4
1
1
2
4
1
1
1
1
3
3
1
1
3
3
6
3
3
5
1
2
3
2
3
3
6
2
1
6
3
3
4
1
2
0
1
1
3
2
6
0
2
3
5
5
0
0
1
7
1
3
3
0
4
2
1
5
2
3
4
1
6
5
1
3
2
2
1
0
0
3
3
3
2
4
5
2
1
3
1
1
2
1
3
3
3
2
4
2
3
3
4
4
0
1
0
1
3
1
3
1
1
3
1
5
0
1
2
0
2
3
3
3
2
2
1
2
3
4
1
1
3
1
2
3
2
5
4
3
3
1
3
4
3
5
3
1
3
3
1
3
0
2
2
3
4
3
2
0
0
2
2
5
4
4
4
3
4
4
4
3
0
7
1
3
1
1
4
4
5
3
1
3
2
1
4
2
3
3
3
3
3
6
4
3
1
6
0
1
3
2
2
2
2
1
3
3
2
2
3
3
5
1
3
2
2
1
4
1
1
1
1
1
1
0
6
1
3
2
4
2
4
2
3
2
3
1
2
1
1
3
2
4
3
3
0
1
2
2
1
101
202
196
221
238
242
251
259
301
292
322
337
344
378
429
455
514
609
640
622
692
788
831
868
997
1041
1182
1232
1320
1471
1579
1711
1728
1841
1922
2074
2191
2302
2397
2556
2747
2992
3105
3154
3327
3566
3806
3893
4090
4396
4464
4648
4895
4978
5308
5521
5639
5914
6060
6350
6540
6763
7010
7229
7406
7664
7749
8295
8505
8826
9115
9336
9669
9822
10249
10543
10909
11087
11747
11887
12253
12910
13068
13591
14217
14381
14974
15487
15925
16564
16991
17803
18681
19413
20337
21329
22552
23761
24710
25998
27133
29383
32521
38799
53920
89721
167135
303284
492737
681784
803917
807368
709349
574390
448805
355380
294000
251209
219012
190188
165768
145445
127898
114753
105117
97679
92278
87142
