0
0
0
0
0
0
0
1
0
0
1
0
0
0
0
0
0
0
0
0
0
0
0
0
0
0
0
0
0
0
0
0
0
0
0
0
0
0
0
0
0
0
0
0
0
0
0
0
2
1
4
4
6
7
17
28
51
52
73
85
106
149
167
191
228
226
223
240
257
270
263
272
258
295
267
306
305
298
282
302
300
282
298
342
344
362
337
358
348
404
373
392
412
418
467
417
439
488
472
505
470
508
585
503
573
607
687
737
903
1138
1515
2186
3238
5224
8187
12800
18954
23298
22549
19532
18439
18140
17589
14602
9571
5509
3394
2401
1882
1686
1493
1560
1696
1733
2018
2272
2579
2869
3311
3772
4314
4771
5464
5970
6566
7272
7516
8062
8222
7784
7138
6281
5414
4637
3924
3190
2589
2159
2003
2074
2305
2586
3022
3475
4164
4750
5516
6115
6513
6720
6662
6464
5734
5169
4461
3678
3115
2882
2711
2757
3096
3489
3901
4433
5147
5634
6061
6004
6085
5497
4945
4455
3867
3508
3170
3136
3304
3632
4091
4592
4954
5451
5763
5859
5442
5170
4594
4056
3840
3424
3395
3520
3872
4102
4670
5024
5265
5553
5509
5309
4918
4513
4262
3886
3756
3785
3826
4094
4334
4768
4969
5248
5301
5241
5142
4783
4481
4173
4064
3878
3922
4108
4368
4608
4738
4823
4987
5089
5033
5015
4958
4685
4735
4549
4310
4310
4263
4349
4419
4667
4561
4787
4764
4746
4978
4986
4942
4795
4903
4707
4836
4697
4737
4540
4545
4662
4591
4559
4542
4683
4658
4831
4804
4873
4780
5000
4859
4985
4889
5007
4914
4921
4815
4837
4916
4793
4792
4810
4756
4877
5092
4914
4998
5114
5018
5174
5035
4952
5003
5101
5077
5078
5067
5048
4964
5169
5099
5039
5042
5152
5170
4998
4959
5066
5231
5249
5282
5164
5267
5182
5166
5363
5194
5219
5187
5340
5432
5270
5357
5389
5542
5407
5350
5356
5515
5466
5618
5547
5574
5583
5589
5708
5690
5576
5758
5683
5700
5693
5709
5758
5823
5690
5620
5872
5885
5812
5890
5912
6023
5960
5962
6037
6114
6117
5974
6035
6077
6139
6095
6272
6139
6285
6153
6143
6370
6291
6250
6360
6291
6373
6455
6552
6416
6433
6318
6463
6586
6521
6641
6478
6613
6670
6602
6659
6605
6735
6688
6888
6874
6716
6801
6807
6937
7028
6982
6992
6960
6911
6895
6910
6938
7110
7011
7254
7206
7127
7233
7094
7391
7273
7242
7250
7305
7301
7321
7612
7392
7523
7364
7535
7467
7324
7374
7527
7482
7600
7492
7429
7643
7660
7474
7497
7689
7625
7643
7356
7447
7580
7470
7541
7535
7583
7540
7556
7553
7585
7450
7444
7569
7454
7465
7384
7358
7216
7164
7122
7091
6976
6921
6923
6780
6721
6638
6870
6544
6595
6419
6596
6544
6534
6312
6375
6475
6378
6513
6318
6466
6391
6505
6470
6386
6303
6419
6376
6339
6434
6292
6433
6462
6377
6431
6401
6432
6370
6291
6500
6526
6249
6600
6315
6432
6475
6465
6509
6559
6413
6488
6433
6457
6496
6368
6424
6586
6599
6551
6476
6514
6699
6650
6741
6728
6635
6823
6710
6721
6792
6878
6832
7022
6878
7076
7069
7047
7016
7045
7083
7165
7113
7181
7099
7083
7314
7125
7167
7117
7013
7194
7050
6912
6883
6897
6893
6898
6937
6832
6939
6961
6908
7131
6941
6844
7132
7293
7434
7887
8435
8960
9543
10323
11220
12034
12839
13252
13373
13598
12920
12095
11133
10025
9030
7920
6998
6362
5730
5121
4776
4384
4093
3915
3853
3646
3572
3506
3434
3367
3365
3268
3269
3322
3245
3198
3264
3288
3225
3269
3335
3426
3271
3313
3361
3341
3355
3404
3334
3552
3482
3526
3540
3630
3703
3697
3839
3765
3793
3980
3935
3977
4038
4062
4176
3906
4207
4263
4320
4234
4275
4370
4391
4320
4493
4573
4521
4583
4617
4536
4597
4577
4763
4666
4734
4773
4961
5195
5441
5759
6235
6596
7296
8014
8883
9668
10328
10708
10824
10749
10455
9570
8764
7996
6848
5928
5193
4509
3826
3497
3081
2759
2564
2471
2119
2056
2022
1900
1914
1856
1850
1752
1776
1705
1675
1697
1693
1613
1656
1611
1699
1640
1576
1585
1623
1557
1573
1592
1555
1541
1535
1574
1637
1578
1563
1500
1509
1558
1531
1524
1495
1469
1451
1466
1488
1501
1402
1420
1475
1505
1480
1431
1456
1415
1469
1444
1475
1502
1416
1440
1330
1414
1385
1459
1359
1438
1445
1433
1381
1463
1415
1367
1344
1418
1373
1354
1391
1342
1377
1302
1324
1297
1307
1370
1303
1295
1366
1393
1366
1339
1326
1348
1347
1276
1336
1307
1366
1322
1363
1294
1341
1276
1343
1365
1312
1309
1283
1285
1254
1335
1258
1288
1303
1237
1406
1313
1352
1372
1270
1339
1272
1260
1239
1241
1356
1275
1285
1262
1277
1194
1206
1261
1297
1256
1265
1216
1263
1216
1226
1237
1271
1230
1200
1221
1248
1236
1311
1265
1204
1157
1141
1186
1258
1238
1229
1220
1193
1243
1266
1154
1231
1180
1206
1218
1153
1207
1270
1235
1160
1156
1198
1186
1199
1192
1244
1209
1163
1186
1192
1123
1132
1118
1163
1132
1178
1196
1181
1139
1205
1181
1155
1164
1118
1152
1181
1138
1144
1142
1104
1113
1211
1173
1128
1124
1148
1146
1180
1161
1093
1114
1032
1161
1106
1136
1089
1141
1117
1090
1105
1081
1094
1163
1073
1028
1127
1112
1074
1100
1099
1083
1158
1033
1074
1053
1083
1083
1130
1071
1024
1106
1048
1103
1076
1063
1088
1040
1024
1040
1064
1018
1005
1023
1008
1066
1027
1048
1047
1085
1047
1012
1061
958
1055
1021
1035
991
984
1028
1038
1053
998
963
998
1002
932
1010
939
984
986
942
1004
993
995
984
933
939
1044
1019
968
946
1017
1002
1021
966
956
935
942
1035
1000
966
1002
940
933
976
961
962
964
955
953
908
947
882
916
897
941
894
891
945
925
883
900
924
859
928
904
900
904
926
906
899
887
913
847
938
873
877
880
879
902
877
885
848
866
870
890
890
827
887
904
890
869
866
810
844
908
821
837
839
838
893
836
891
808
789
793
824
756
823
776
783
820
835
866
793
821
817
819
761
750
844
812
820
782
749
766
814
788
735
784
746
783
721
741
762
794
754
727
726
740
717
772
772
712
737
744
775
681
747
706
753
685
745
748
727
729
695
751
692
721
723
707
676
698
711
648
715
693
682
682
667
688
707
676
693
638
757
674
656
658
664
656
649
618
667
636
636
661
691
701
665
650
664
644
628
669
606
620
629
586
577
607
626
599
598
629
624
584
552
597
556
611
547
623
610
622
579
625
612
581
568
575
537
591
597
600
586
568
582
545
565
540
539
567
557
563
558
525
544
508
553
553
570
531
565
534
516
545
516
513
511
510
499
516
525
496
493
545
486
458
477
475
506
506
519
457
445
495
494
467
444
467
492
498
444
451
430
461
458
440
424
424
414
446
408
406
407
389
423
407
428
447
394
392
367
389
372
411
381
358
426
416
373
366
387
344
346
352
383
370
342
355
341
327
347
367
305
370
320
323
347
308
288
333
323
349
373
329
311
328
305
305
314
288
305
333
311
322
307
317
291
305
293
323
299
282
323
289
329
322
289
318
303
316
321
277
305
301
305
274
324
302
301
267
322
322
310
272
272
303
300
298
306
268
285
278
301
317
286
290
320
299
299
327
313
330
354
358
348
339
315
368
385
395
369
330
276
247
251
283
226
253
209
217
214
207
206
222
187
196
198
174
178
171
202
195
175
169
165
196
189
197
185
159
181
168
166
174
198
188
177
163
185
179
200
166
150
162
179
151
161
185
162
171
178
149
167
152
168
168
157
169
143
164
168
182
151
150
163
167
160
152
167
168
168
166
155
158
157
144
177
159
157
155
168
152
169
141
152
139
152
152
158
147
127
137
139
128
121
141
117
145
123
121
125
129
121
122
135
126
122
125
117
127
113
119
105
135
115
125
128
114
132
118
116
122
108
115
113
126
112
113
142
100
131
110
123
120
113
113
106
113
105
93
129
136
130
110
126
95
110
121
117
95
99
106
98
101
127
88
104
86
115
100
95
123
123
99
103
111
93
103
118
101
87
95
102
88
111
104
90
99
101
103
99
81
90
92
90
91
98
94
92
106
106
107
108
103
85
89
92
86
76
104
94
86
100
91
91
100
87
92
102
93
87
83
85
85
85
93
95
102
84
88
90
106
90
77
97
104
78
91
74
80
80
77
87
87
100
84
66
85
85
94
85
81
99
94
71
73
82
68
76
87
80
84
69
74
75
73
93
86
80
85
80
72
78
63
77
66
82
65
77
74
64
72
72
70
77
72
63
80
71
79
62
79
78
86
63
56
81
76
68
62
64
69
62
62
65
60
71
68
68
63
66
65
68
59
78
63
69
64
68
81
56
55
85
54
55
57
73
52
73
53
59
61
66
58
65
56
62
53
57
64
65
65
67
70
56
66
42
47
63
55
49
47
56
54
61
58
66
46
64
53
53
47
50
44
54
56
49
46
47
59
52
58
51
52
45
50
44
53
52
41
54
46
54
49
63
52
43
51
52
41
52
46
47
40
43
47
36
44
38
44
41
53
40
39
36
32
31
45
51
37
37
45
49
41
33
61
37
43
37
51
41
41
41
47
38
32
43
43
42
41
30
33
38
28
31
33
32
37
39
33
31
24
37
34
36
33
30
26
47
29
35
28
38
35
32
40
34
33
31
24
40
42
37
30
25
34
32
22
39
28
26
28
27
37
38
32
41
37
26
34
31
40
31
20
31
31
25
26
30
23
35
33
32
26
15
28
36
36
25
27
33
35
28
34
31
22
29
33
31
19
20
36
25
40
33
26
25
33
25
24
26
23
29
19
32
23
27
28
30
22
30
16
37
28
21
16
20
35
25
23
21
16
17
33
20
29
20
18
18
24
28
21
12
21
18
22
14
29
18
22
18
19
19
12
24
21
16
22
18
27
20
22
18
16
15
27
14
24
19
25
13
15
15
26
15
17
18
16
29
14
25
15
16
14
16
13
22
16
18
19
16
20
16
13
13
14
18
15
23
15
13
13
14
14
17
18
21
18
15
16
19
15
15
16
14
12
9
14
13
22
9
16
13
14
11
20
14
12
11
16
15
9
21
15
13
15
9
12
11
14
12
11
15
9
10
18
10
8
13
14
12
11
11
16
17
6
12
11
10
12
12
9
10
6
10
7
12
9
10
3
6
8
12
9
13
6
6
13
10
16
6
7
8
8
6
12
18
3
9
6
18
10
8
10
12
8
11
6
7
15
11
9
15
5
5
11
7
5
21
8
6
10
9
4
6
8
8
6
10
11
11
8
5
13
10
5
13
6
6
5
5
7
9
4
6
9
11
6
8
3
7
14
13
10
9
2
7
4
7
5
8
6
11
9
3
6
10
5
7
6
7
11
7
5
7
7
8
4
7
10
8
7
10
2
6
7
13
2
4
5
9
2
3
5
7
2
6
4
6
6
4
7
7
6
5
10
1
7
4
3
9
7
7
1
4
6
9
5
5
6
7
4
5
8
5
6
8
12
5
4
11
7
6
5
3
7
4
5
5
5
8
4
2
7
2
5
7
5
4
8
3
6
4
5
4
3
3
5
6
3
4
6
5
4
4
4
7
8
5
6
1
3
1
4
3
5
6
4
6
3
3
3
5
1
3
1
2
1
3
5
4
4
3
6
4
5
6
6
6
4
4
2
4
0
4
2
3
2
2
6
3
11
0
7
3
5
6
2
0
4
1
2
6
2
4
3
4
2
2
3
2
0
1
0
2
2
1
2
1
2
0
3
1
5
4
3
4
2
2
4
2
4
2
4
2
2
7
2
0
2
1
0
3
0
4
6
2
5
3
0
3
3
2
5
4
0
1
0
4
3
3
1
5
2
2
1
3
1
2
2
2
2
0
3
5
3
2
5
5
1
1
3
2
1
0
6
3
2
0
2
2
2
0
3
1
4
2
1
3
1
1
2
1
1
2
1
4
4
2
3
2
2
1
4
2
2
3
0
1
1
3
2
2
1
2
4
2
0
1
0
3
2
2
1
2
6
2
2
0
2
2
3
1
3
1
1
2
0
1
3
2
2
1
0
2
2
1
3
2
2
3
3
3
3
2
2
2
1
0
2
1
4
2
1
2
0
2
4
3
2
2
0
2
1
2
2
4
3
0
0
1
1
1
0
0
1
2
4
1
2
0
0
3
1
0
3
1
2
1
2
2
2
3
2
2
1
2
1
1
4
1
2
2
0
0
0
1
1
3
1
2
2
1
2
0
1
0
3
2
0
2
1
1
1
2
0
0
0
0
1
2
1
1
1
0
0
0
0
0
0
2
2
2
1
1
0
0
1
2
3
2
0
1
2
1
2
2
3
2
1
1
0
0
2
2
1
1
2
0
0
1
2
0
1
2
2
2
0
5
1
2
2
1
1
2
2
0
0
2
1
2
1
0
0
0
1
1
1
1
0
1
0
1
1
1
1
1
0
1
0
0
2
2
1
1
2
0
0
0
0
0
1
0
0
2
1
1
3
0
1
1
0
0
0
0
0
1
0
1
0
1
1
0
0
0
1
0
3
0
1
0
0
1
0
0
0
1
0
0
0
0
1
1
0
0
0
0
0
0
0
0
1
0
0
0
0
0
0
0
0
0
0
0
0
1
1
1
0
1
1
2
0
1
0
0
0
2
2
0
0
1
1
0
0
0
1
1
0
0
0
0
0
2
0
1
0
0
0
0
0
0
4
1
0
1
1
0
0
0
1
0
0
0
1
0
0
0
0
0
0
1
0
0
0
0
1
0
0
1
1
0
2
1
1
1
0
0
1
0
1
1
0
0
0
1
1
0
0
1
2
0
0
0
0
0
0
0
0
0
0
0
0
1
1
0
0
0
0
0
0
2
0
0
0
0
1
0
0
0
1
1
0
0
0
1
0
0
0
0
0
0
2
0
0
0
0
0
1
0
1
0
0
0
1
0
0
1
1
0
0
0
1
2
0
0
0
1
0
0
0
0
1
0
0
0
0
0
0
1
0
0
0
1
0
0
1
0
0
0
0
0
0
0
0
0
0
0
0
0
0
0
0
1
0
1
1
0
0
1
0
0
0
1
0
0
0
1
0
0
0
0
0
0
0
0
1
2
0
0
0
0
0
0
0
0
0
0
0
1
0
0
0
0
0
0
0
0
0
0
0
0
0
0
2
0
0
0
0
0
1
0
0
0
0
0
0
0
0
0
0
0
0
0
0
1
0
0
0
0
0
0
0
0
0
0
0
0
0
0
0
0
0
0
0
0
0
1
0
0
0
0
0
0
0
0
1
0
1
0
0
0
0
0
0
0
1
0
0
0
0
0
1
0
0
1
0
0
0
1
0
0
0
0
0
0
0
0
0
0
0
0
0
0
0
0
0
0
0
0
0
0
0
0
0
0
0
0
0
0
0
0
0
0
0
0
0
0
0
0
0
0
0
0
0
0
0
0
0
0
0
0
0
0
0
0
0
0
0
0
0
0
0
0
0
0
0
0
0
0
0
0
0
0
0
0
0
0
0
0
0
0
0
0
0
1
0
0
0
0
0
0
0
0
0
0
0
0
0
0
0
0
0
0
1
0
0
1
0
0
0
0
0
0
0
0
0
0
1
0
0
0
0
0
0
0
0
0
0
1
0
0
0
0
0
0
0
0
0
0
0
0
0
0
0
0
0
0
0
0
0
0
0
0
0
0
0
0
0
0
0
0
0
0
0
0
0
0
0
1
0
0
0
0
0
0
0
0
0
0
0
0
0
0
0
0
0
0
0
0
0
0
0
0
0
0
0
0
0
0
1
0
0
0
0
0
0
0
0
0
0
0
0
0
0
0
0
0
0
0
1
0
0
0
0
0
1
0
0
0
0
0
0
0
0
0
0
0
0
0
0
0
0
0
0
0
0
0
0
0
0
0
0
0
0
0
0
0
1
0
0
0
0
0
0
0
0
0
0
0
0
0
0
0
0
0
0
0
0
0
0
0
0
0
0
0
0
0
0
0
0
0
0
0
0
0
0
0
0
0
0
0
0
0
0
0
0
0
0
0
0
0
0
0
0
0
0
0
0
0
0
1
0
0
0
0
0
0
0
0
0
0
0
0
0
0
1
0
0
0
0
0
0
0
0
0
0
0
0
0
0
0
0
0
0
0
0
0
0
0
0
0
0
0
0
0
0
0
0
0
0
0
0
0
0
0
0
0
0
0
0
0
0
0
1
0
0
0
0
0
0
0
0
0
0
0
0
0
0
0
0
0
0
0
0
0
0
0
0
0
0
0
0
0
0
0
0
0
0
1
0
0
0
0
0
0
0
0
0
0
0
0
0
0
0
0
0
0
0
0
0
0
0
0
0
0
0
0
0
0
0
0
0
0
0
0
0
0
0
0
0
0
0
0
0
0
0
0
0
0
0
1
0
0
0
0
0
0
0
0
0
0
0
0
0
0
0
0
0
0
0
0
0
0
0
0
0
0
0
0
0
0
0
0
0
0
0
0
0
0
0
0
0
0
0
0
0
0
0
0
0
0
0
0
0
0
0
0
0
0
0
0
0
1
0
0
0
0
0
0
0
0
0
0
0
0
0
0
0
0
0
0
0
0
0
0
0
0
0
0
0
0
0
0
0
0
0
0
0
0
0
0
0
0
0
0
0
0
0
0
0
0
0
0
0
0
0
0
0
0
0
0
0
0
0
0
0
0
0
0
0
0
0
0
0
0
1
0
0
0
0
0
0
0
0
0
0
0
0
0
0
0
0
0
0
0
1
0
0
0
0
0
0
0
0
0
0
0
0
0
0
0
0
0
0
0
0
0
0
0
0
0
0
0
0
0
0
0
0
0
0
0
0
0
0
0
0
0
0
0
0
0
0
0
0
0
0
0
0
0
0
0
0
0
0
0
0
0
0
0
0
0
0
0
0
1
0
0
0
0
0
0
0
0
0
0
0
0
0
0
0
0
0
0
0
0
0
0
0
0
0
0
0
0
0
0
0
0
0
0
0
0
0
0
0
0
0
0
0
0
0
0
0
0
0
0
0
0
0
0
0
0
0
0
0
0
0
0
0
0
0
0
0
0
0
0
0
0
0
0
0
0
0
0
0
0
0
0
0
0
0
0
0
0
0
0
0
0
0
0
0
0
0
0
0
0
0
0
0
0
0
0
0
0
0
0
0
0
0
0
0
0
0
0
0
0
0
0
0
0
0
0
0
0
0
0
0
0
0
0
0
0
0
0
0
0
0
0
0
0
0
0
0
0
0
0
0
0
0
0
0
0
0
0
0
0
0
0
0
1
0
0
0
0
0
0
0
0
0
0
0
0
0
0
0
0
0
0
0
0
0
0
0
0
0
0
0
0
0
0
0
0
0
0
0
0
0
0
0
0
0
0
0
0
0
0
0
0
0
0
0
0
0
0
0
0
0
0
0
0
0
0
0
0
0
0
0
0
0
0
0
0
0
0
0
0
0
0
0
0
0
0
0
0
0
0
0
0
0
0
0
0
0
0
0
0
0
0
0
0
0
0
0
0
0
0
0
0
0
0
0
0
0
0
0
0
0
0
0
0
0
0
0
0
0
0
0
0
0
0
0
0
0
0
0
0
0
0
0
0
0
0
0
0
0
0
0
0
0
0
0
0
0
0
0
0
0
0
0
0
0
0
0
0
0
0
0
0
0
0
0
0
0
0
0
0
0
0
0
0
0
0
0
0
0
0
0
0
0
0
0
1
0
0
0
0
0
0
0
0
0
0
0
0
0
0
0
0
0
0
0
0
0
0
0
0
0
0
0
0
0
0
0
0
0
0
0
0
0
0
0
0
0
0
0
0
0
0
0
0
0
0
0
0
0
0
0
0
0
0
0
0
0
0
0
0
0
0
0
0
0
0
0
0
0
0
0
0
0
0
0
0
0
0
0
0
0
0
0
0
0
0
0
0
0
0
0
0
0
0
0
0
0
0
0
0
0
0
0
0
0
0
0
0
0
0
0
0
0
0
0
0
0
0
0
0
0
0
0
0
0
0
0
0
0
0
0
0
0
0
0
0
0
0
0
0
0
0
0
0
0
0
0
0
0
0
0
0
0
0
0
0
0
0
0
0
0
0
0
0
0
0
0
0
0
0
0
0
0
0
0
0
0
0
0
0
0
0
0
0
0
0
0
0
0
0
0
0
0
0
0
0
0
0
0
0
0
0
0
0
0
0
0
0
0
0
0
0
0
0
0
0
0
0
0
0
0
0
0
0
0
0
0
0
0
0
0
0
0
0
0
0
0
0
0
0
0
0
0
0
0
0
0
0
0
0
0
0
0
0
0
0
0
0
0
0
0
0
0
0
0
0
0
0
0
0
0
0
0
0
0
0
0
0
0
0
0
0
0
0
0
0
0
0
0
0
0
0
0
0
0
0
0
0
0
0
0
0
0
0
0
0
0
0
0
0
0
0
0
0
0
0
0
0
0
0
0
0
0
0
0
0
0
0
0
0
0
0
1
0
0
0
0
0
0
0
0
0
0
0
0
0
0
0
0
0
0
0
0
0
0
1
0
0
0
0
0
0
0
0
0
0
0
0
0
0
0
0
0
0
0
0
0
0
0
0
0
0
0
0
0
0
0
0
0
0
0
0
0
0
0
0
0
0
0
0
0
0
0
0
0
0
0
0
0
0
0
0
0
0
0
0
0
0
0
0
0
0
0
0
0
0
0
0
0
0
0
0
0
0
0
0
0
0
0
0
0
0
0
0
0
0
0
0
0
0
0
0
0
0
0
0
0
0
0
0
0
0
0
0
0
0
0
0
0
0
0
0
0
0
0
0
0
0
0
0
0
0
0
0
0
0
0
0
0
0
0
0
0
0
0
0
0
0
0
0
0
0
0
0
0
0
0
0
0
0
0
0
0
0
0
0
0
0
0
0
0
0
0
0
0
0
0
0
0
0
0
0
0
0
0
0
0
0
0
0
0
0
0
0
0
0
0
0
0
0
0
0
0
0
0
0
0
0
0
0
0
0
0
0
0
0
0
0
0
0
0
0
0
0
0
0
0
0
0
0
0
0
0
0
0
0
0
0
0
0
0
0
0
0
0
0
0
0
0
0
0
0
0
0
0
0
0
0
0
0
0
0
0
0
0
0
0
0
0
0
0
0
0
0
0
0
0
0
0
0
0
0
0
0
0
0
0
0
0
0
0
0
0
0
0
0
0
0
0
0
0
0
0
0
0
0
0
0
0
0
0
0
0
0
0
0
0
0
0
0
0
0
0
0
0
0
0
0
0
0
0
0
0
0
0
0
0
0
0
0
0
0
0
0
0
0
0
0
0
0
0
0
0
0
0
0
0
0
0
0
0
0
1
0
0
0
0
0
0
0
0
0
0
0
0
0
0
0
0
0
0
0
0
0
0
0
0
0
0
0
0
0
0
0
0
0
0
0
0
0
0
0
0
0
0
0
0
0
0
0
0
0
0
0
0
0
0
0
0
0
0
0
0
0
0
0
0
0
0
0
0
0
0
0
0
0
0
0
0
0
0
0
0
0
0
0
0
0
0
0
0
0
0
0
0
0
0
0
0
0
0
0
0
0
0
0
0
0
0
0
0
0
0
0
0
0
0
0
0
0
0
0
0
0
0
0
0
0
0
0
0
0
0
0
0
0
0
0
0
0
0
0
0
0
0
0
0
0
0
0
0
0
0
0
0
0
0
0
0
0
0
0
0
0
0
0
0
0
0
0
0
0
0
0
0
0
0
0
0
0
0
0
0
0
0
0
0
0
0
0
0
0
0
0
0
0
0
0
0
0
0
0
0
0
0
0
0
0
0
0
0
0
0
0
0
0
0
0
0
0
0
0
0
0
0
0
0
0
0
0
0
0
0
0
0
0
0
0
0
0
0
0
0
0
0
0
0
0
0
0
0
0
0
0
0
0
0
0
0
0
0
0
0
0
0
0
0
0
0
0
0
0
0
0
0
0
0
0
0
0
0
0
0
0
0
0
0
0
0
0
0
0
0
0
0
0
0
0
0
0
0
0
0
0
0
0
0
0
0
0
0
0
0
0
0
0
0
0
0
0
0
0
0
0
0
0
0
0
0
0
0
0
0
0
0
0
0
0
0
0
0
0
0
0
0
0
0
0
0
0
0
0
0
0
0
0
0
0
0
0
0
0
0
0
0
0
0
0
0
0
0
0
0
0
0
0
0
0
1
0
0
0
0
0
0
0
1
0
0
0
0
0
0
0
0
0
0
0
0
0
0
0
0
0
0
0
0
0
0
0
0
0
0
0
0
0
0
0
0
0
0
0
0
0
0
0
0
0
0
0
0
0
0
0
0
0
0
0
0
0
0
0
0
0
0
0
1
0
0
0
0
0
0
0
0
0
0
0
0
0
0
0
0
0
0
0
0
0
0
0
0
0
0
0
0
0
0
0
0
0
0
0
0
0
0
0
0
0
0
0
0
0
0
0
0
0
0
0
0
0
0
0
0
0
0
0
0
0
0
0
0
0
0
0
0
0
0
0
0
0
0
0
0
0
0
0
0
0
0
0
0
0
0
0
0
0
0
0
0
0
0
0
0
0
0
0
0
0
0
0
0
0
0
0
0
0
0
0
0
0
0
0
0
0
0
0
0
0
0
0
0
0
0
0
0
0
0
0
0
0
0
0
0
0
0
0
0
0
0
0
0
0
0
0
0
0
0
0
0
0
0
0
0
0
0
0
0
0
0
0
0
0
0
0
0
1
0
0
0
0
0
0
0
0
0
0
0
0
0
0
0
0
0
0
0
0
0
0
0
0
0
0
0
0
0
0
0
0
0
0
0
0
0
0
0
0
0
0
0
0
0
0
0
0
0
0
0
0
0
0
0
0
0
0
0
0
0
0
0
0
0
0
0
0
0
0
0
0
0
0
0
0
0
0
0
0
0
0
0
0
0
0
0
0
0
0
0
0
0
0
0
0
0
0
0
0
0
0
0
0
0
0
0
0
0
0
0
0
0
0
0
0
0
0
0
0
0
0
0
0
0
0
0
0
0
0
0
0
0
0
0
0
0
0
0
0
0
0
0
0
0
0
0
0
0
0
0
0
0
0
0
0
0
0
0
0
0
0
0
0
0
0
0
0
0
0
0
0
0
0
0
0
0
0
0
0
0
0
0
0
0
0
0
0
0
0
0
0
0
0
0
0
0
0
0
0
0
0
0
0
0
0
0
0
0
0
0
0
0
0
0
0
0
0
0
0
0
0
0
0
0
0
0
0
0
0
0
0
0
0
0
0
0
0
0
0
0
0
0
0
0
0
0
0
0
0
0
0
0
0
0
0
0
0
0
0
0
0
0
0
0
0
0
0
0
0
0
0
0
0
0
0
0
0
0
0
0
0
0
0
0
0
0
0
0
0
0
0
0
0
0
0
0
0
0
0
0
1
0
0
0
0
0
0
0
0
0
0
0
0
0
0
0
0
0
0
0
0
0
0
0
0
0
0
0
0
0
0
0
0
0
0
0
0
0
0
0
0
0
0
0
0
0
0
0
0
0
0
0
0
0
0
0
0
0
0
0
0
0
0
0
0
0
0
0
0
0
0
0
0
0
0
0
0
0
0
0
0
0
0
0
0
0
0
0
0
0
0
0
0
0
0
0
0
0
0
0
0
0
0
0
0
0
0
0
0
0
0
0
0
0
0
0
0
0
0
0
0
0
0
0
0
0
0
0
0
0
0
0
0
0
0
0
0
0
0
0
0
0
0
0
0
0
0
0
0
0
0
0
0
0
0
0
0
0
0
0
0
0
0
0
0
0
0
0
0
0
0
0
0
0
0
0
0
0
0
0
0
0
0
0
0
0
0
0
0
0
0
0
0
0
0
0
0
0
0
0
0
0
0
0
0
0
0
0
0
0
0
0
0
0
0
0
0
0
0
0
0
0
0
0
0
0
0
0
0
0
0
0
0
0
0
0
0
0
0
0
0
0
0
0
0
0
0
0
0
0
0
0
0
0
0
0
0
0
0
0
0
0
0
0
0
0
0
0
0
0
0
0
0
0
0
0
0
0
0
0
0
0
0
0
0
0
0
0
0
0
0
0
0
0
0
0
0
0
0
0
0
0
0
0
0
0
0
0
0
0
0
0
0
0
0
0
0
0
0
0
0
0
0
0
0
0
0
0
0
0
0
0
0
0
0
0
0
0
0
0
0
0
0
0
0
0
0
0
0
0
0
0
0
0
0
0
0
0
0
0
0
0
0
0
0
0
0
0
0
0
0
0
0
0
0
0
0
0
0
0
0
0
0
0
0
0
0
0
0
0
0
0
0
0
0
0
0
0
0
0
0
0
0
0
0
0
0
0
0
0
0
0
0
0
0
0
0
0
0
0
0
0
0
0
0
0
0
0
0
0
0
0
0
0
0
0
0
0
0
0
0
0
0
0
0
0
0
0
0
1
0
0
0
0
0
0
0
0
0
0
0
0
0
0
0
0
0
0
0
0
0
0
0
0
0
0
0
0
0
0
0
0
0
0
0
0
0
0
0
0
0
0
0
0
0
0
0
0
0
0
0
0
0
0
0
0
0
0
0
0
0
0
0
0
0
0
0
0
0
0
0
0
0
0
0
0
0
0
0
0
0
0
0
0
0
0
0
0
0
0
0
0
0
0
0
0
0
0
0
0
0
0
0
0
0
0
0
0
0
0
0
0
0
0
0
0
0
0
0
0
0
0
0
0
0
0
0
0
0
0
0
0
0
0
0
0
0
0
0
0
0
0
0
0
0
0
0
0
0
0
0
0
0
0
0
0
0
0
0
0
0
0
0
0
0
0
0
0
0
0
0
0
0
0
0
0
0
0
0
0
0
0
0
0
0
0
0
0
0
0
0
0
0
0
0
0
0
0
0
0
0
0
0
0
0
0
0
0
0
0
0
0
0
0
0
0
0
0
0
0
0
0
0
0
0
0
0
0
0
0
0
0
0
0
0
0
0
0
0
0
0
0
0
0
0
0
0
0
0
0
0
0
0
0
0
0
0
0
0
0
0
0
0
0
0
0
0
0
0
0
0
0
0
0
0
0
0
0
0
0
0
0
0
0
0
0
0
0
0
0
0
0
0
0
0
0
0
0
0
0
0
0
0
0
0
0
0
0
0
0
0
0
0
0
0
0
0
0
0
0
0
0
0
0
0
0
0
0
0
0
0
0
0
0
0
0
0
0
0
1
0
0
0
0
0
0
0
0
0
0
0
0
0
0
0
0
0
0
0
0
0
0
0
0
0
0
0
0
0
0
0
0
0
0
0
0
0
0
0
0
0
0
0
0
0
0
0
0
0
0
0
0
0
0
0
0
0
0
0
0
0
0
0
0
0
0
0
0
0
0
0
0
0
0
0
0
0
0
0
0
0
0
0
0
0
0
0
0
0
0
0
0
0
0
0
0
0
0
0
0
0
0
0
0
0
0
0
0
0
0
0
0
0
0
0
0
0
0
0
0
0
0
0
0
0
0
0
0
0
0
0
0
0
0
0
0
0
0
0
0
0
0
0
0
0
0
0
0
0
0
0
0
0
0
0
0
0
0
0
0
0
1
0
0
0
0
0
0
0
0
0
0
0
0
0
0
0
0
0
0
0
0
0
0
0
0
0
0
0
0
0
0
0
0
0
0
0
0
0
0
0
0
0
0
0
0
0
0
0
0
0
0
0
0
0
0
0
0
0
0
0
0
0
0
0
0
0
0
0
0
0
0
0
0
0
0
0
0
0
0
0
0
0
0
0
0
0
0
0
0
0
0
0
0
0
0
0
0
0
0
0
0
0
0
0
0
0
0
0
0
0
0
0
0
0
0
0
0
0
0
0
0
0
0
0
0
0
0
0
0
0
0
0
0
0
0
0
0
0
0
0
0
0
0
0
0
0
0
0
0
0
0
0
0
0
0
0
0
0
0
0
0
0
0
0
0
0
0
0
0
0
0
0
0
0
0
0
0
0
0
0
0
0
0
0
0
0
0
0
0
0
0
0
0
0
0
0
0
0
0
0
0
0
0
0
0
0
0
0
0
0
0
0
0
0
0
0
0
0
0
0
0
0
0
0
0
0
0
0
0
0
0
0
0
0
0
0
0
0
0
0
0
0
0
0
0
0
0
0
0
0
0
0
0
0
0
0
0
0
0
0
0
0
0
0
0
0
0
0
0
0
0
0
0
0
0
0
0
0
0
0
0
0
0
0
0
0
0
0
0
0
0
0
1
0
0
0
0
0
1
0
0
0
0
0
0
0
0
0
0
0
0
0
0
0
0
0
0
0
0
0
0
0
0
0
0
0
0
0
0
0
0
0
0
0
0
0
0
0
0
0
0
0
0
0
0
0
0
0
0
0
0
0
0
0
0
0
0
0
0
0
0
0
0
0
0
0
0
0
0
0
0
0
0
0
0
0
0
0
0
0
0
0
0
0
0
0
0
0
0
0
0
0
0
0
0
0
0
0
0
0
0
0
0
0
0
0
0
0
0
0
0
0
0
0
0
0
0
0
0
0
0
0
0
0
0
0
0
0
0
0
0
0
0
0
0
0
0
0
0
0
0
0
0
0
0
0
0
0
0
0
0
0
0
0
0
0
0
0
0
0
0
0
0
0
0
0
0
0
0
0
0
0
0
0
0
0
0
0
0
0
0
0
0
0
0
0
0
0
0
0
0
0
0
0
0
0
0
0
0
0
0
0
0
0
0
0
0
0
0
0
0
0
0
0
0
0
0
0
0
0
0
0
0
0
0
1
0
0
0
0
0
0
0
0
0
0
0
0
0
0
0
0
0
0
0
0
0
0
0
0
0
0
0
0
0
0
0
0
0
0
0
0
0
0
0
0
0
0
0
0
0
0
0
0
0
0
0
0
0
0
0
0
0
0
0
0
0
0
0
0
0
0
0
0
0
0
0
0
0
0
0
0
0
0
0
0
0
0
0
0
0
0
0
0
0
0
0
0
0
0
0
0
0
0
0
0
0
0
0
0
0
0
0
0
0
0
0
0
0
1
0
0
0
0
0
0
0
0
0
0
0
0
0
0
0
0
0
0
0
0
0
0
0
0
0
0
0
0
0
0
0
0
0
0
0
0
0
0
0
0
0
0
0
0
0
0
0
0
0
0
0
0
0
0
0
0
0
0
0
0
0
0
0
0
0
0
0
0
0
0
0
0
0
0
0
0
0
0
0
0
0
0
0
0
0
0
0
0
0
0
0
0
0
0
0
0
0
0
0
0
0
0
0
0
0
0
0
0
0
0
0
0
0
0
0
0
0
0
0
0
0
0
0
0
0
0
0
0
0
0
0
0
0
0
0
0
0
0
0
0
0
0
0
0
0
0
0
0
0
0
0
0
0
0
0
0
0
0
0
0
0
0
0
0
0
0
0
0
0
0
0
0
0
0
0
0
0
0
0
0
0
0
0
0
0
0
0
0
0
0
0
0
0
0
0
0
0
0
0
0
0
0
0
0
0
0
0
0
0
0
0
0
0
0
0
0
0
0
0
0
0
0
0
0
0
0
0
0
0
0
0
0
0
0
0
0
0
0
0
0
0
0
0
0
0
0
0
0
0
0
0
0
0
0
0
0
0
0
0
0
0
0
0
0
0
0
0
0
0
0
0
0
0
1
0
0
0
0
0
0
0
0
0
0
0
0
0
0
0
0
0
0
0
0
0
0
0
0
0
0
0
0
0
0
0
0
0
0
0
0
0
0
0
0
0
0
0
0
0
0
0
0
0
0
0
0
0
0
0
0
0
0
0
0
0
0
0
0
0
0
0
0
0
0
0
0
0
0
0
0
0
0
0
0
0
0
0
0
0
0
0
0
0
0
0
0
0
0
0
0
0
0
0
0
0
0
0
0
0
0
0
0
0
0
0
0
0
0
0
0
0
0
0
0
0
0
0
0
0
0
0
0
0
0
0
0
0
0
0
0
0
0
0
0
0
0
0
0
0
0
0
0
0
0
0
0
0
0
0
0
0
0
0
0
0
0
0
0
0
0
0
0
0
0
0
0
0
0
0
0
0
0
0
0
0
0
0
0
0
0
0
0
0
0
0
0
0
0
0
0
0
0
0
0
0
0
0
0
0
0
0
0
0
0
0
0
0
0
0
0
0
0
0
0
0
0
0
0
0
0
0
0
0
0
0
0
0
0
0
0
0
0
0
0
0
0
0
0
0
0
0
0
0
0
0
0
0
0
0
0
0
0
0
0
0
0
0
0
0
0
0
0
0
0
0
0
0
0
0
0
0
0
0
0
0
0
0
0
0
0
0
0
0
0
0
0
0
0
0
0
0
0
0
0
0
0
0
0
0
0
0
0
0
0
0
0
0
0
0
0
0
0
0
0
0
0
0
0
0
0
0
0
0
0
0
0
0
0
0
0
0
0
0
0
0
0
0
0
0
0
0
0
0
0
0
0
0
0
0
1
0
0
0
0
0
0
0
0
0
0
0
0
0
0
0
0
0
0
0
0
0
0
0
0
0
0
0
0
0
0
0
0
0
0
0
0
0
0
0
0
0
0
0
0
0
0
0
0
0
0
0
0
0
0
0
0
0
0
0
0
0
0
0
0
0
0
0
0
0
0
0
0
0
0
0
0
0
0
0
0
0
0
0
0
0
0
0
0
0
0
0
0
0
0
0
0
0
0
0
0
0
0
0
0
0
0
0
0
0
0
0
0
0
0
0
0
0
0
0
0
0
0
0
0
0
0
0
0
0
0
0
0
0
0
0
0
0
0
0
0
0
0
0
0
0
0
0
0
0
0
0
0
0
0
0
0
0
0
0
0
0
0
0
0
0
0
0
0
0
0
0
0
0
0
0
0
0
0
0
0
0
0
0
13
26
18
14
15
18
19
19
16
25
21
21
28
22
18
25
29
17
20
21
24
21
22
21
9
20
24
28
30
24
19
18
14
23
23
22
24
24
28
28
24
23
25
24
17
26
23
20
22
21
19
17
19
24
26
36
27
15
16
27
23
23
18
29
20
16
14
25
27
23
17
25
22
23
26
18
16
24
21
20
24
20
24
26
23
21
24
27
28
26
18
23
28
25
25
23
21
30
28
29
19
15
14
26
24
26
24
24
18
26
26
21
32
29
23
28
20
29
23
28
27
22
25
25
16
29
19
30
