0
0
0
0
0
0
0
0
0
0
0
0
0
0
0
0
0
0
0
0
0
0
0
0
0
0
0
0
0
0
0
0
0
0
0
0
0
0
0
0
1
0
0
0
2
3
0
2
0
6
1
5
0
2
3
2
5
4
0
3
3
1
1
2
7
1
5
2
3
5
4
5
5
4
7
7
12
10
10
15
13
14
16
18
27
26
27
47
52
56
60
87
111
118
143
159
204
262
309
366
407
512
630
738
846
1038
1321
1358
1140
1005
844
681
445
178
80
81
94
93
108
95
152
154
170
207
201
266
251
336
336
369
337
373
401
432
427
418
405
367
362
306
251
188
169
168
158
147
143
164
210
243
279
257
306
302
341
347
363
320
371
319
311
221
194
174
204
180
206
205
202
261
297
315
317
328
297
279
310
262
238
220
241
202
200
186
249
230
234
285
256
286
294
280
284
243
227
211
219
196
235
195
224
224
255
293
303
283
261
263
293
228
214
218
232
232
216
254
253
253
290
275
270
272
243
244
237
236
221
233
264
224
260
257
237
258
268
273
271
238
254
255
249
235
208
239
244
233
258
255
274
268
256
248
255
256
287
265
237
236
237
219
234
231
243
265
244
256
251
229
291
239
257
253
244
249
280
262
298
251
229
251
257
264
267
247
240
238
271
264
249
263
255
274
287
262
273
232
236
261
249
240
250
256
256
227
295
240
254
266
281
251
270
296
249
260
248
292
257
251
269
229
284
239
250
270
258
283
255
252
253
253
264
255
241
238
265
269
289
245
259
266
247
272
252
270
243
271
278
258
259
287
316
270
269
273
292
277
267
278
282
261
242
266
254
286
260
271
255
274
290
276
278
254
281
269
276
273
281
285
269
268
274
276
270
286
255
248
286
266
272
245
298
278
277
287
268
278
271
276
290
263
264
261
258
276
257
268
268
287
276
265
255
298
279
270
260
292
270
276
257
280
272
278
262
256
283
294
279
259
269
272
253
272
286
258
273
265
260
295
267
268
257
270
241
277
290
256
289
304
275
277
279
276
263
259
245
258
280
269
259
255
260
256
285
280
262
270
296
280
262
254
270
275
269
266
265
269
245
283
257
271
269
248
296
242
284
280
299
273
264
254
258
280
268
289
278
255
286
285
290
290
244
315
280
264
294
287
304
250
273
266
272
270
282
283
274
273
264
271
273
258
297
268
284
291
279
279
278
282
248
313
272
299
261
266
256
279
248
296
282
283
305
276
259
234
270
271
294
266
282
270
282
278
283
310
295
298
292
301
295
257
263
288
276
288
288
293
255
306
259
255
293
275
266
286
314
255
283
286
275
284
316
293
267
291
261
279
265
274
256
260
278
243
308
285
288
268
283
258
279
236
260
263
256
269
272
260
259
267
257
262
259
241
286
252
290
264
257
287
266
297
266
293
278
291
278
275
287
282
279
263
266
274
276
253
251
272
265
268
262
283
270
271
253
275
244
270
264
247
257
276
255
252
258
264
248
252
261
248
255
270
275
289
277
236
263
288
233
266
253
262
260
259
259
243
268
258
252
256
278
273
287
290
269
240
264
286
235
275
244
224
278
279
262
262
263
243
281
297
255
230
283
255
265
258
266
222
271
236
245
281
251
273
256
246
280
278
270
232
248
239
266
270
242
252
251
235
270
244
265
230
294
273
280
239
257
246
276
286
276
282
233
265
307
270
258
239
236
263
248
240
282
263
272
272
263
256
272
275
258
270
253
267
239
278
250
236
255
259
248
229
245
242
248
282
252
233
255
256
256
253
288
246
286
260
257
240
283
272
251
272
267
257
252
228
276
284
255
255
275
243
248
262
238
241
248
251
223
211
256
249
232
236
267
253
230
262
234
235
228
275
249
257
253
259
238
239
243
269
252
237
246
243
246
242
226
282
249
246
274
230
246
259
267
279
242
261
226
242
232
250
249
269
268
249
215
247
247
259
249
255
230
253
247
250
240
238
240
278
239
233
263
242
242
249
261
256
239
242
235
284
245
253
252
262
224
250
246
254
240
246
273
263
256
254
219
249
245
233
274
228
264
254
225
265
237
242
282
261
276
228
228
242
239
235
253
205
259
255
234
247
228
258
250
248
244
244
249
251
269
261
260
254
237
266
237
267
247
240
226
275
258
216
265
239
262
243
245
259
270
234
243
245
238
247
242
246
251
216
227
235
259
262
269
258
265
265
273
259
241
261
262
275
283
272
253
268
300
258
301
304
280
291
283
311
285
282
324
294
315
313
265
302
288
302
297
301
301
306
330
314
309
278
305
296
319
309
296
309
294
316
281
323
342
262
293
299
313
316
320
309
298
294
311
303
292
295
287
295
286
256
316
264
277
276
299
274
255
279
282
267
253
277
268
266
284
252
257
288
243
273
290
255
243
270
277
252
253
210
295
251
256
210
243
235
221
231
238
231
279
255
267
228
256
248
217
243
235
241
243
247
245
234
282
256
241
252
223
234
217
236
223
251
240
222
246
252
242
195
244
252
234
248
221
240
196
256
236
217
225
214
222
214
216
229
214
207
254
233
215
225
266
201
217
232
234
210
234
256
258
266
272
276
227
250
234
242
225
188
244
226
208
243
237
218
223
223
214
251
218
235
194
238
214
216
220
242
195
202
216
223
202
203
219
218
214
204
207
216
212
211
213
220
193
203
197
230
208
193
229
222
237
208
200
200
212
200
226
209
221
227
194
250
212
192
190
210
247
190
213
208
211
193
186
212
237
217
174
213
201
220
187
183
206
187
192
186
213
179
221
222
214
230
206
221
208
195
212
219
207
217
236
206
191
193
190
192
198
198
175
190
178
213
186
207
209
189
209
197
201
216
203
188
188
206
190
207
193
187
205
229
215
187
205
185
211
207
214
212
194
202
203
175
179
192
222
189
212
205
173
176
193
227
206
226
212
205
196
199
177
187
201
213
185
204
207
213
204
195
197
169
215
215
195
188
180
186
178
175
181
200
179
193
180
198
191
223
194
196
207
192
190
190
193
194
194
196
193
212
197
172
188
172
189
179
211
193
221
196
203
186
184
199
198
193
187
182
171
160
206
180
212
200
187
212
196
186
178
172
202
172
209
178
191
189
197
188
181
187
184
189
181
190
201
196
195
185
203
165
174
164
178
196
193
191
157
172
186
186
178
158
202
167
183
174
181
183
192
188
206
164
198
219
196
188
211
198
196
182
165
195
202
169
181
184
171
199
192
188
203
179
202
190
207
181
181
191
182
183
187
183
199
196
187
163
170
166
192
176
178
195
191
197
180
190
183
180
199
175
172
171
173
183
202
204
149
186
182
183
173
184
184
175
193
184
180
199
194
182
165
186
192
181
180
197
195
186
165
213
166
203
176
203
171
171
165
182
199
172
155
179
171
168
187
182
201
207
210
218
208
191
190
193
185
168
173
198
195
179
169
169
178
182
161
191
171
181
162
158
163
204
166
166
186
174
159
178
191
166
193
187
186
165
179
184
166
159
169
170
165
169
195
187
179
163
176
181
153
178
190
190
172
170
167
179
201
158
174
184
177
190
166
178
184
173
192
175
212
216
162
169
180
170
184
156
192
175
158
196
200
190
180
170
181
194
180
174
161
165
199
218
188
163
186
192
187
190
193
184
201
198
177
151
168
205
178
180
186
185
187
181
180
149
160
178
193
163
196
167
179
180
184
188
193
192
189
168
192
168
168
178
185
203
169
196
154
189
192
178
187
191
194
171
186
171
186
164
163
191
175
172
164
170
158
176
192
191
184
189
158
159
173
172
179
172
164
169
165
185
164
178
172
167
164
191
188
187
167
154
173
171
193
182
174
162
183
162
176
157
179
199
171
175
164
147
173
175
153
157
148
206
190
158
152
199
174
177
178
218
214
184
191
201
199
186
178
172
170
177
172
152
138
161
174
180
164
181
195
162
163
179
179
186
164
151
136
143
165
170
173
159
126
164
160
182
177
195
191
141
166
154
162
157
162
181
177
165
174
150
153
171
175
166
177
169
182
182
159
181
156
158
188
155
162
165
177
161
171
172
164
166
176
154
154
158
154
165
164
144
165
149
171
164
167
149
170
176
168
145
183
152
164
167
172
158
158
182
157
155
184
161
186
155
177
156
154
193
162
150
151
157
175
151
185
159
142
187
176
170
165
170
187
160
148
167
165
176
174
172
149
163
161
177
182
162
159
170
184
168
143
160
176
172
170
157
140
143
139
186
145
174
165
167
162
141
173
174
148
192
154
170
170
192
165
153
157
165
166
147
161
173
155
167
181
166
149
157
166
169
168
148
154
169
169
178
171
173
174
163
135
169
169
159
148
146
175
159
171
164
143
170
153
182
146
151
181
183
170
183
178
163
176
173
171
162
158
157
190
155
186
174
189
178
156
164
175
182
148
157
166
147
149
173
158
152
154
165
160
148
162
165
182
168
151
172
150
178
167
144
160
171
147
192
155
157
163
144
153
177
159
157
179
162
137
148
169
160
151
138
144
168
149
168
148
162
162
179
147
154
163
170
154
158
178
149
173
145
153
158
175
152
141
149
151
159
164
125
158
154
162
138
152
166
158
166
169
149
152
138
165
140
158
152
154
133
154
161
160
140
146
160
148
163
166
159
181
157
168
177
187
138
154
138
137
148
159
146
177
150
153
158
143
131
156
173
149
147
172
151
173
154
153
141
158
154
160
151
152
180
168
164
167
160
148
157
153
163
165
147
188
164
166
157
154
159
161
175
168
148
144
165
151
155
164
145
159
158
137
159
149
183
176
144
150
155
161
164
171
154
145
151
143
147
167
150
146
162
154
160
151
160
161
154
153
167
171
159
155
163
155
153
188
182
184
147
146
150
141
136
152
170
151
144
138
167
161
141
160
167
153
160
156
128
149
151
151
147
130
162
168
150
156
165
137
132
152
158
153
164
168
164
174
155
142
154
173
141
173
143
179
163
138
149
173
150
139
169
144
150
158
126
160
151
162
160
141
151
157
167
140
144
135
161
145
136
150
158
165
152
145
163
158
136
137
151
144
150
154
121
148
159
155
165
143
182
156
161
151
142
140
144
133
179
155
151
161
127
127
137
133
160
165
157
163
131
154
163
148
147
172
143
152
146
142
164
173
152
144
144
162
144
168
142
135
143
149
164
146
136
146
163
161
150
171
128
140
129
155
145
141
159
157
167
144
159
155
146
145
148
138
152
143
168
135
128
141
156
145
157
171
160
147
146
153
144
167
153
157
146
160
149
152
133
174
158
144
144
163
159
141
147
148
151
168
154
149
157
146
137
148
142
155
143
158
139
161
140
177
152
133
140
148
150
133
154
113
133
152
155
166
159
144
172
141
159
138
163
168
142
153
175
145
157
149
125
169
146
159
132
143
142
136
140
156
125
187
164
133
140
169
150
162
154
152
137
131
150
143
152
180
152
141
138
138
146
153
148
129
149
147
149
159
142
142
133
152
126
159
152
138
133
143
151
141
144
140
156
155
147
135
162
168
156
162
140
190
155
142
163
130
145
148
151
144
142
156
131
137
141
139
138
147
140
167
173
146
141
140
142
153
143
139
168
144
132
155
149
143
136
127
143
144
145
164
143
135
163
166
146
163
158
155
174
153
155
146
171
154
138
137
158
149
151
149
150
139
154
135
144
140
128
145
158
142
160
161
136
156
157
174
130
163
144
142
148
161
148
147
161
162
155
162
180
158
161
193
171
172
198
186
207
194
210
196
189
166
165
160
170
192
158
148
143
165
147
124
150
142
145
158
157
145
155
151
155
149
169
121
132
157
136
148
145
152
141
141
177
150
128
131
150
144
139
118
160
139
129
148
138
138
144
158
136
139
157
151
176
145
157
162
146
157
145
140
136
155
125
155
155
138
153
135
152
146
162
130
162
160
134
145
136
165
143
125
134
139
127
148
154
123
110
152
144
141
127
144
121
142
130
164
144
166
158
136
146
141
138
129
148
164
140
137
151
147
137
128
123
151
153
150
149
156
143
129
147
132
125
155
156
142
153
133
140
136
146
145
142
159
147
149
149
153
157
153
154
152
150
134
152
150
159
120
140
139
142
161
152
143
130
151
151
139
140
136
138
136
138
145
127
151
125
150
150
161
132
148
159
147
147
125
144
157
129
159
159
126
162
156
147
153
144
130
148
152
143
135
143
155
136
151
144
154
128
155
127
153
136
153
135
141
133
137
145
131
173
142
132
131
172
142
134
149
134
151
143
161
144
167
147
160
142
150
167
155
142
148
130
152
158
143
153
143
134
143
135
163
130
144
130
161
141
136
142
146
157
151
166
132
150
159
151
138
148
136
144
136
153
137
144
164
170
150
148
119
149
152
148
120
134
157
144
132
134
119
161
152
143
150
144
143
147
148
140
156
167
127
144
150
160
140
141
137
148
146
120
161
154
155
129
122
146
153
139
143
156
161
155
145
153
145
158
146
185
147
131
146
144
154
138
130
145
161
134
131
138
144
170
142
158
167
146
142
156
136
142
147
167
155
149
148
155
156
147
153
144
125
127
129
132
143
153
137
143
133
160
152
160
152
146
176
178
127
163
168
149
140
129
153
143
150
134
148
146
169
139
146
149
156
139
143
147
167
148
157
139
131
149
149
139
148
159
143
158
152
149
151
164
169
138
149
149
147
151
140
132
165
145
134
133
138
127
157
144
143
166
125
142
151
150
159
145
149
162
136
183
150
142
147
139
141
138
136
162
157
132
138
150
132
142
136
145
134
139
136
156
142
140
160
161
137
160
150
139
138
147
153
137
130
164
141
137
158
166
141
152
139
147
122
133
127
149
123
145
148
134
131
159
149
135
143
152
158
153
153
147
141
129
152
141
159
195
173
190
162
152
176
165
138
146
143
180
153
160
125
143
134
160
149
138
128
126
130
152
139
136
136
147
144
146
146
140
122
166
146
150
132
125
126
141
125
130
117
134
141
152
155
143
151
153
129
138
160
151
136
153
144
146
145
142
142
124
152
151
144
150
155
141
133
136
155
153
128
151
154
125
150
144
154
131
142
148
133
136
128
141
141
134
147
137
136
102
132
174
140
134
134
161
145
142
130
133
142
160
159
159
151
147
133
142
160
141
142
146
152
153
144
146
148
146
144
142
146
136
172
143
149
144
145
136
138
159
155
162
126
147
157
157
151
144
138
129
118
152
130
147
139
157
132
123
140
147
137
135
135
159
141
147
156
135
162
161
161
161
141
165
155
176
159
144
155
119
134
134
117
143
145
140
161
149
139
155
138
151
135
138
121
146
140
153
143
158
137
145
156
135
154
157
164
140
161
164
128
172
153
167
136
140
168
129
167
164
157
126
151
164
152
166
159
140
161
132
144
127
166
150
147
147
148
145
145
132
144
150
161
154
153
138
151
131
161
135
136
167
146
175
135
150
131
140
143
147
145
142
133
156
128
125
126
152
154
135
139
172
139
163
154
128
143
145
154
127
144
159
170
142
144
174
154
147
162
156
154
160
169
168
143
151
154
152
148
171
131
141
127
140
153
154
153
158
140
134
152
134
165
138
135
141
115
153
152
140
147
154
146
144
153
131
147
148
158
158
131
158
134
158
150
118
150
149
163
136
166
148
149
141
142
143
163
150
131
154
122
136
157
158
144
140
152
128
170
155
149
126
159
142
131
166
125
149
154
132
153
152
146
143
162
139
139
142
122
158
149
164
148
138
147
138
134
157
151
147
144
145
123
144
158
160
155
166
130
147
155
159
133
125
138
138
128
176
165
141
146
151
149
140
163
150
154
155
151
174
164
159
158
134
151
142
139
142
134
153
149
134
164
148
156
127
141
167
132
138
138
148
150
135
167
145
132
143
161
138
148
150
125
143
113
146
138
132
143
144
131
142
140
153
162
140
125
132
143
164
147
121
137
148
157
173
136
152
150
154
156
137
171
166
150
138
155
135
143
132
138
146
153
151
140
143
173
148
137
168
149
132
163
131
131
161
167
161
149
145
153
157
131
133
161
140
132
166
150
143
143
159
138
174
138
168
138
150
156
167
131
122
155
176
152
115
155
163
152
140
155
152
161
147
157
144
133
147
166
139
154
147
149
185
132
165
130
162
148
147
136
157
142
153
161
129
145
135
167
138
155
152
136
145
161
155
161
150
149
156
161
182
155
132
141
134
153
157
127
150
158
128
142
142
145
141
138
125
155
127
144
152
159
163
154
150
179
166
152
120
157
166
156
150
146
167
154
189
194
142
168
158
148
155
141
157
150
168
143
151
167
164
150
162
157
135
153
134
139
136
159
161
160
147
159
168
158
144
148
129
156
133
133
146
164
156
179
156
160
130
148
163
188
162
146
160
153
163
146
160
152
154
145
170
171
177
140
152
163
171
145
160
163
150
145
177
176
172
162
154
139
142
130
132
148
138
144
147
151
148
152
160
151
167
156
158
156
144
141
149
149
139
147
149
145
163
172
138
185
162
140
164
169
144
149
132
176
142
157
171
160
155
177
133
144
134
157
142
170
180
137
150
167
142
139
166
166
185
154
148
145
160
160
162
130
147
149
155
158
156
142
142
156
150
156
161
138
149
169
148
117
156
121
157
143
171
152
147
158
168
149
163
156
137
154
165
155
137
148
193
157
139
168
157
171
195
155
144
164
150
162
154
143
170
152
153
163
153
162
142
164
175
136
147
133
155
156
171
171
151
153
164
155
153
158
167
154
165
140
155
138
145
136
142
158
156
164
167
160
147
148
138
173
149
172
151
161
151
126
170
129
159
182
162
159
162
156
163
166
163
160
157
157
158
156
157
153
141
146
170
202
167
178
154
180
148
163
140
158
146
153
171
163
164
141
171
131
174
157
171
156
147
168
150
162
162
171
170
161
143
152
138
147
175
171
161
162
177
168
179
170
163
163
141
154
153
177
150
149
161
145
152
152
169
156
154
158
167
157
173
160
178
166
157
157
162
157
150
173
175
155
156
148
152
143
173
154
156
150
184
155
178
176
150
170
151
168
174
163
161
163
145
158
166
166
182
179
160
174
183
149
178
149
165
157
168
159
179
165
156
147
173
161
159
178
156
160
156
175
158
154
163
158
155
176
159
151
177
154
159
157
164
152
163
147
162
168
149
142
157
185
154
165
148
182
166
164
153
180
145
161
169
151
164
170
152
184
157
139
157
165
168
166
151
169
167
163
183
172
174
157
182
157
155
179
173
157
183
171
170
154
166
164
139
151
163
163
157
160
180
157
160
153
169
156
164
157
153
176
147
152
154
184
164
168
171
178
171
187
150
139
174
155
182
156
156
194
169
166
164
196
171
183
185
174
181
181
202
189
174
192
174
180
158
170
175
153
192
178
173
174
162
183
172
173
165
177
163
195
175
171
159
188
183
157
163
187
179
159
179
181
159
184
151
165
161
156
179
182
160
167
159
165
187
183
175
159
146
191
163
181
160
173
163
174
173
153
165
163
164
177
169
165
159
166
226
178
168
167
194
157
173
169
188
161
184
169
171
154
174
183
169
172
168
150
168
156
189
163
189
175
155
199
171
181
180
182
179
182
173
168
184
175
171
164
193
163
169
167
194
173
180
184
156
175
144
167
166
189
168
172
181
183
167
185
175
162
192
181
170
191
178
182
172
173
164
182
181
158
181
187
172
170
158
175
169
184
172
177
179
157
174
177
164
173
177
194
171
191
179
190
185
175
185
146
183
180
163
202
199
157
180
174
172
172
165
186
178
170
158
169
166
184
190
186
148
171
168
187
199
184
183
156
176
210
167
182
182
198
174
195
177
181
199
193
170
169
164
193
190
175
161
183
193
178
187
156
176
201
187
197
167
168
179
193
178
179
194
202
193
195
174
175
185
185
195
197
185
184
190
177
169
181
200
200
196
207
188
194
182
212
188
200
179
178
192
177
176
163
197
207
155
183
206
177
178
195
183
202
176
186
206
192
189
178
203
173
193
204
177
180
180
198
200
206
180
190
184
182
193
196
204
192
201
208
205
173
184
229
176
181
182
189
169
181
209
197
213
178
170
171
170
162
197
165
200
185
192
229
185
181
184
218
226
204
210
193
180
206
182
204
178
191
220
202
191
170
183
206
212
183
191
200
193
195
189
206
198
192
192
193
182
201
206
204
205
199
179
198
192
181
189
201
185
199
196
199
203
197
195
194
209
190
218
199
219
198
198
172
204
211
200
210
211
203
235
193
186
184
205
219
195
203
175
193
197
196
208
183
217
206
220
205
180
194
208
190
193
211
217
189
191
211
196
228
218
202
178
215
205
217
217
202
211
214
197
191
207
192
225
211
220
208
207
202
205
212
187
228
196
200
218
228
211
211
215
187
222
222
202
203
228
227
217
215
202
194
235
202
212
217
222
218
206
214
206
216
234
206
225
205
191
234
206
206
192
222
166
214
198
200
194
210
211
194
216
233
201
228
228
220
200
198
230
179
222
242
222
206
187
210
192
202
251
221
243
235
203
207
237
215
192
201
251
228
200
206
215
220
220
212
223
232
195
221
220
238
206
236
197
222
223
196
209
218
217
193
216
249
240
221
229
229
226
222
212
231
233
218
202
224
219
211
199
213
199
216
205
199
269
222
230
250
229
226
213
242
222
240
222
252
218
252
207
239
225
219
210
215
244
209
241
232
218
228
216
238
225
239
223
190
229
221
233
210
235
251
217
211
208
245
201
239
218
222
205
219
225
227
220
195
244
213
192
250
233
204
251
234
208
224
243
240
238
223
207
217
245
219
224
238
233
226
245
227
208
202
247
200
251
220
208
209
228
219
246
243
238
248
277
213
222
248
230
232
234
219
210
197
226
235
228
252
237
247
243
236
233
224
232
199
230
249
224
207
230
217
222
227
216
236
218
220
250
210
224
199
214
213
224
241
209
239
212
244
251
220
233
239
224
220
196
231
221
233
217
217
216
214
215
213
216
201
207
206
177
221
201
208
229
229
183
195
194
187
203
191
180
203
186
175
197
176
173
173
217
180
209
209
186
197
173
201
182
218
186
196
189
204
173
181
198
192
180
211
191
172
172
169
180
185
175
168
177
193
158
174
167
175
165
177
167
154
176
181
179
211
188
188
190
194
168
197
177
187
175
186
148
178
175
164
175
190
179
152
156
163
174
185
177
184
163
171
172
148
201
150
182
151
173
163
168
165
184
158
161
152
169
168
182
172
166
161
159
173
189
169
180
170
179
166
173
168
158
183
175
172
185
171
187
157
185
166
156
168
173
155
186
179
185
196
154
182
152
187
179
165
167
176
174
164
153
172
175
174
170
171
165
167
175
175
164
146
183
171
163
171
153
163
159
187
187
165
187
178
183
172
175
158
176
160
187
165
161
169
173
153
151
175
168
179
173
158
177
169
174
164
155
144
174
154
170
161
169
173
152
182
154
163
170
178
164
176
159
156
166
173
145
166
149
155
156
145
151
164
170
156
141
158
150
170
176
163
155
177
167
160
175
149
160
145
154
151
161
166
169
149
169
148
163
170
165
157
169
170
164
150
171
175
194
157
152
161
144
155
161
168
147
180
153
150
159
140
146
167
160
150
172
150
171
154
171
163
162
165
173
144
159
191
165
151
169
160
182
188
152
167
152
152
151
172
167
146
146
184
196
161
172
143
154
156
157
147
177
158
167
163
162
176
152
146
154
151
160
143
167
150
177
156
149
145
150
134
155
174
163
158
164
168
146
150
150
153
135
155
154
163
147
169
183
160
135
167
174
151
149
160
158
161
158
155
144
148
155
153
148
148
174
150
176
176
156
166
135
162
146
157
165
165
142
153
146
158
143
154
163
178
167
158
174
142
147
151
156
136
172
187
159
159
146
187
141
151
164
165
143
177
165
141
162
162
138
169
144
149
161
153
128
160
167
144
134
137
171
141
151
140
144
141
170
152
152
151
155
141
146
147
168
165
149
139
148
162
145
138
144
144
149
135
155
185
148
136
139
139
167
138
166
157
144
143
144
150
148
142
144
144
161
132
153
151
129
166
152
160
160
159
165
151
156
151
158
141
161
158
150
158
142
145
143
155
165
141
132
146
130
157
133
146
144
141
137
155
160
153
147
151
151
155
141
170
146
156
152
154
131
152
172
167
143
129
151
145
135
154
140
142
149
141
165
152
130
144
149
157
151
155
136
137
163
145
162
136
151
177
135
144
149
154
150
148
133
138
164
156
135
121
150
136
164
149
136
150
133
151
133
174
127
164
144
159
153
160
138
162
144
121
171
147
165
155
145
167
134
171
151
124
142
174
153
152
148
152
156
154
136
129
146
137
142
147
144
148
137
149
162
136
175
161
140
146
159
146
161
145
145
168
137
153
150
142
162
149
160
174
163
159
146
139
157
160
151
148
157
150
145
148
147
127
157
156
146
143
154
155
170
151
155
145
161
135
145
146
167
148
164
163
166
141
153
136
129
159
170
144
146
159
163
145
152
134
147
144
162
144
157
147
148
131
149
154
142
146
156
145
138
163
150
142
152
152
135
192
141
131
156
151
168
143
158
162
157
157
146
127
153
166
143
148
156
141
167
145
135
138
140
151
156
152
134
134
160
129
131
139
152
138
133
144
168
144
143
156
127
153
158
151
138
127
145
166
149
180
157
145
150
139
122
136
152
150
148
151
175
123
129
134
119
147
153
134
144
141
146
147
145
156
139
146
131
139
143
149
147
147
153
135
145
113
122
112
132
126
121
149
122
141
149
128
118
131
131
124
132
144
124
119
121
123
113
132
128
101
134
121
121
131
116
106
117
124
101
104
122
114
102
113
111
131
132
90
100
113
102
89
117
100
100
106
98
97
116
85
108
90
110
89
93
96
87
99
88
102
91
94
107
104
114
104
85
113
93
100
96
88
91
93
108
84
98
97
105
105
81
95
88
107
92
94
109
93
98
88
91
77
81
94
108
104
93
94
91
104
102
101
110
84
101
94
76
107
80
76
90
98
100
74
77
88
90
89
78
105
84
106
103
104
71
82
106
85
80
84
86
96
86
93
90
86
82
89
97
101
94
77
92
82
84
96
90
81
84
93
94
86
90
104
92
95
102
91
89
86
80
65
75
100
86
76
70
77
99
85
80
82
79
94
76
83
79
93
91
94
92
101
95
92
94
79
76
107
63
92
85
90
89
91
93
82
95
74
87
107
98
109
107
95
94
97
80
91
107
86
89
80
83
109
103
112
115
99
121
88
118
115
93
112
109
104
92
102
92
91
119
104
122
115
115
98
105
107
115
102
114
124
119
136
134
138
121
123
115
129
118
125
117
121
125
97
140
138
136
122
134
153
149
151
145
144
169
146
144
145
157
163
168
169
162
162
176
217
206
249
299
443
656
1000
1523
2264
3112
4142
5273
6361
6849
6998
6740
6249
5321
4446
3538
2719
2024
1455
1142
869
667
560
445
375
278
203
191
163
122
116
116
77
81
81
75
64
64
73
57
64
58
67
63
69
65
55
65
51
52
58
42
70
68
45
50
51
54
57
57
50
47
72
53
51
43
61
68
74
60
52
45
58
59
55
58
47
47
45
61
50
53
50
49
48
47
60
61
62
50
47
58
66
60
48
47
49
46
45
58
61
48
51
55
50
59
48
52
50
47
56
64
48
47
55
37
53
38
42
45
43
45
53
55
58
53
47
48
57
53
34
57
50
36
46
39
44
41
41
43
42
55
39
40
37
54
43
40
41
64
41
52
40
38
37
32
37
32
38
46
41
48
38
38
42
43
28
36
49
40
37
39
48
40
38
45
35
44
41
37
39
42
48
49
36
37
42
40
52
39
36
39
34
37
36
39
35
38
41
41
42
43
46
35
29
35
37
34
36
33
35
30
23
35
37
43
42
34
42
26
37
32
44
45
29
40
30
33
35
45
35
34
43
33
36
37
34
42
32
33
37
35
26
29
33
33
35
32
33
44
45
38
44
35
31
33
37
19
31
27
27
28
42
28
33
26
30
31
29
38
25
22
27
31
27
30
31
20
28
30
29
29
34
29
26
23
36
23
25
40
34
28
22
35
26
27
28
21
24
23
31
27
25
19
35
31
25
26
29
23
23
28
29
21
19
30
26
24
29
30
32
24
26
21
21
28
25
23
26
31
25
31
32
22
27
26
17
24
19
28
20
29
34
35
24
25
19
24
26
21
30
23
29
22
21
22
22
33
18
21
19
27
25
27
18
24
9
20
32
21
21
28
20
23
23
23
21
24
17
25
25
20
20
22
18
35
21
23
21
18
26
15
13
16
28
21
27
25
20
18
22
21
28
12
15
18
16
19
16
25
26
20
34
20
22
26
23
29
16
16
28
24
15
19
18
32
19
25
25
25
25
24
18
20
38
22
21
20
16
13
21
23
20
17
15
10
21
20
15
22
30
12
13
24
20
22
14
23
22
15
14
13
13
19
24
15
16
20
16
22
21
17
15
21
17
20
14
13
23
16
13
13
21
18
18
26
19
23
23
20
20
16
21
18
20
15
16
22
17
17
20
20
23
20
12
21
9
22
15
15
24
18
14
18
17
22
27
16
22
15
15
22
22
29
34
22
42
28
35
29
17
32
18
14
12
15
13
16
17
16
20
23
22
16
21
18
17
14
23
20
15
13
15
22
20
12
18
13
17
18
11
12
18
20
16
13
20
23
17
15
14
18
25
19
18
15
13
19
17
20
13
17
20
15
24
12
12
24
17
21
20
9
17
18
16
26
15
17
20
13
20
25
11
13
20
22
20
19
16
14
15
12
15
14
11
16
18
21
11
12
18
18
12
15
17
19
19
21
25
22
18
25
23
20
12
13
15
17
14
24
16
15
15
20
19
20
25
14
21
19
23
16
18
21
19
8
16
17
12
15
14
16
20
13
13
13
15
18
14
9
14
18
15
20
14
9
13
15
17
18
17
9
21
19
12
19
17
16
17
16
17
13
22
16
21
14
15
13
14
11
19
12
23
16
17
20
19
15
16
18
13
17
14
20
12
20
18
21
18
11
20
19
29
16
21
24
18
23
23
28
34
26
25
22
32
27
26
33
38
36
27
42
44
33
43
32
34
34
35
36
32
44
37
38
54
47
45
35
51
51
52
47
48
42
38
51
36
51
47
39
49
46
58
53
41
48
50
60
57
56
54
52
59
68
67
55
55
61
67
77
76
84
66
95
63
83
72
96
71
93
103
97
103
99
107
108
134
149
201
339
455
692
1157
1627
2322
3228
3983
5012
5512
6187
6057
5830
5159
4431
3613
2873
2195
1735
1327
965
734
551
404
344
273
176
141
113
81
54
54
48
28
25
21
14
18
15
11
7
14
6
10
6
6
10
10
3
4
5
5
4
8
2
6
2
2
5
2
4
7
7
4
7
7
5
5
3
10
4
2
4
7
4
2
5
6
5
7
3
2
4
4
2
3
4
1
7
3
3
4
4
10
5
2
5
7
6
4
4
1
4
2
6
4
6
6
4
7
8
7
3
6
3
3
5
3
3
3
4
5
2
0
5
4
6
5
6
3
5
5
2
5
7
6
0
3
3
7
6
2
3
4
3
5
3
2
4
2
1
4
7
2
4
9
5
5
2
3
1
2
6
4
3
3
5
2
2
4
6
5
4
4
0
3
3
5
0
4
3
3
5
3
1
6
4
1
7
3
8
3
4
7
4
5
2
2
5
3
5
4
4
3
1
9
3
5
3
5
2
2
5
2
3
3
5
0
4
3
0
4
2
3
2
1
3
4
2
2
4
2
5
3
2
4
3
5
2
3
6
6
3
3
3
5
2
2
5
3
5
3
0
3
1
1
3
2
3
6
0
2
5
4
2
5
8
7
3
5
5
2
7
0
0
5
1
1
5
4
2
7
4
8
7
4
4
3
2
6
5
2
5
4
5
2
3
5
4
7
5
4
3
4
1
5
5
4
4
6
3
2
2
3
2
2
6
2
4
4
2
4
3
3
7
5
3
3
5
3
2
6
1
5
4
3
6
7
1
1
4
2
3
6
5
4
0
2
4
2
4
2
3
7
2
7
1
1
5
3
4
3
7
5
6
5
4
5
1
4
4
5
5
5
3
7
1
8
4
2
2
1
2
3
3
4
1
4
6
5
4
5
3
5
0
3
3
0
2
6
2
3
6
1
2
0
2
3
6
4
5
4
4
3
3
3
4
4
2
6
4
4
2
6
5
5
2
1
5
2
5
4
4
4
5
4
2
2
5
4
4
3
2
3
2
5
6
3
5
1
4
1
5
2
0
3
1
4
2
6
5
2
4
5
4
3
2
1
3
2
4
4
5
5
5
1
2
2
2
3
3
3
7
3
3
4
4
4
5
3
2
1
5
0
2
3
3
5
2
2
8
1
5
4
5
2
5
3
2
2
3
2
3
1
6
3
2
2
4
4
2
0
3
1
4
4
6
2
2
5
4
5
4
6
6
2
1
5
3
6
4
3
3
3
4
1
2
5
6
3
2
2
3
5
2
2
4
1
0
2
6
4
4
2
4
3
2
4
3
1
3
3
4
5
8
1
4
6
3
4
4
2
2
2
4
1
2
6
4
2
7
2
6
4
2
3
3
0
4
2
5
3
3
1
6
3
1
4
3
3
5
5
3
3
5
3
2
4
4
4
2
3
5
6
3
3
2
7
3
6
2
1
4
5
3
0
4
5
5
4
2
5
5
2
3
7
6
5
3
5
7
9
8
11
12
26
30
33
41
39
47
47
70
61
46
43
34
30
34
25
11
12
14
9
11
5
5
2
5
4
3
2
4
2
3
4
2
2
1
3
2
4
1
5
3
2
1
3
2
4
3
1
4
0
0
0
0
0
2
2
0
3
2
4
0
2
2
1
3
1
6
5
3
0
3
2
3
3
1
6
1
1
0
5
1
1
1
0
2
1
5
5
3
3
3
3
4
4
4
3
6
4
0
5
2
2
4
6
2
4
0
1
4
3
4
3
5
5
2
1
0
1
4
3
2
7
2
3
3
3
5
4
3
2
3
3
3
2
3
0
6
1
1
7
1
2
5
4
3
4
6
2
1
3
4
5
3
6
6
5
0
4
2
0
1
6
0
4
3
1
1
3
2
2
0
2
2
1
2
4
3
6
3
2
2
5
4
3
3
4
2
4
5
3
3
0
3
1
3
1
2
3
3
3
2
6
2
1
3
1
1
2
4
4
5
4
0
5
5
4
5
0
3
1
3
3
0
7
3
2
4
1
3
3
1
3
1
2
5
5
6
3
2
1
3
1
2
2
2
1
0
1
2
4
6
7
3
4
1
4
0
2
3
3
2
2
0
0
5
3
5
5
6
3
2
4
3
1
4
4
6
1
2
4
1
2
2
5
1
3
1
0
6
0
2
6
3
3
2
1
1
2
1
2
3
2
2
3
1
1
0
1
2
3
3
3
3
4
4
5
3
3
0
0
2
4
1
0
1
2
1
0
3
7
2
3
2
2
3
2
5
1
2
1
3
0
2
2
0
1
0
5
4
2
2
0
1
2
4
5
1
4
2
3
2
1
4
2
0
1
2
0
3
1
2
8
3
4
4
2
3
4
1
0
6
2
4
1
0
5
3
3
1
2
3
3
3
2
2
4
3
3
3
3
1
3
3
2
6
3
1
2
2
1
2
1
1
2
4
3
3
1
3
2
4
3
3
3
1
1
2
0
3
0
4
0
2
5
0
1
2
2
3
4
1
3
5
4
3
2
3
2
2
1
3
3
2
3
1
8
3
4
6
2
2
3
3
3
3
2
3
5
3
3
3
2
1
2
4
1
1
1
1
2
2
2
2
4
0
0
1
1
1
1
6
2
1
6
3
2
1
4
2
6
4
2
4
1
3
4
1
0
1
0
4
0
1
0
3
1
1
2
2
3
3
2
4
2
3
2
3
1
1
2
2
3
3
4
3
3
3
0
4
1
0
2
5
2
6
1
0
1
0
2
2
0
4
0
1
4
4
1
2
2
1
1
0
4
3
2
2
3
0
1
2
1
1
1
0
2
4
2
5
3
3
5
2
1
1
3
0
3
5
4
3
2
1
5
2
4
3
0
3
1
2
4
3
5
3
1
3
3
2
1
1
3
1
5
2
0
2
1
4
3
2
1
1
0
3
3
1
2
5
4
0
3
3
2
2
2
2
0
1
4
3
2
2
5
3
1
3
4
3
2
3
0
3
2
2
3
2
2
0
7
5
2
0
0
3
1
3
4
8
2
5
1
4
7
5
2
1
4
2
4
3
1
1
1
4
0
4
1
2
3
4
5
5
4
6
1
1
2
2
2
1
1
1
1
1
2
4
3
2
7
5
1
3
2
1
2
4
44
53
47
52
34
57
42
35
44
36
52
59
35
46
44
42
41
55
43
57
51
45
41
45
42
54
35
44
61
44
42
55
42
42
52
44
47
46
57
49
35
46
42
40
43
52
43
40
39
54
45
44
48
40
34
45
42
37
41
55
58
45
39
45
32
36
47
31
43
32
56
41
42
47
44
35
54
39
55
46
47
43
33
41
55
44
35
42
33
57
42
47
54
42
46
46
50
55
53
42
42
56
43
50
42
49
65
45
45
59
40
49
53
46
36
61
48
47
45
52
52
47
44
38
42
38
38
27
