3
1
0
0
0
0
1
0
1
2
2
0
2
0
3
0
1
3
0
2
3
1
1
2
0
3
1
3
1
0
1
1
1
4
1
1
0
1
1
1
2
1
0
1
0
0
0
0
0
0
0
0
1
1
0
1
15
50
64
87
138
123
149
167
163
160
152
142
148
153
182
150
141
138
139
118
115
117
110
106
111
97
103
117
124
115
115
120
117
139
133
122
119
125
139
124
100
120
129
128
131
112
119
115
103
117
120
107
97
101
101
109
90
129
100
87
103
102
110
105
97
113
121
107
96
97
90
107
111
98
103
105
122
93
116
98
104
118
104
107
122
117
97
89
111
112
114
108
109
105
111
110
111
115
114
103
119
112
106
109
93
126
105
119
124
133
140
117
131
117
112
111
116
129
147
123
103
137
118
123
154
124
126
127
123
145
139
118
118
139
128
124
145
148
145
117
126
152
141
147
126
143
154
157
149
144
169
157
176
177
136
158
177
160
145
146
168
168
153
162
198
142
156
153
167
163
180
173
177
151
161
203
168
182
165
201
193
182
195
195
194
178
152
191
180
215
198
210
187
195
199
203
208
196
206
184
204
219
219
206
229
221
217
233
223
212
229
226
242
214
240
220
243
234
237
231
212
251
245
225
265
248
252
234
258
208
264
239
262
224
245
255
247
242
251
259
249
267
263
254
259
272
286
270
250
275
299
264
265
260
274
262
269
265
307
281
263
300
291
305
256
256
312
294
282
306
288
298
288
297
299
267
308
292
257
324
312
308
309
315
311
311
284
291
294
295
288
292
280
300
258
328
293
294
291
306
308
297
290
337
315
320
312
341
293
293
297
326
357
312
315
328
288
306
284
287
330
307
336
332
349
323
318
306
304
313
298
325
322
313
350
317
307
316
336
335
301
324
325
328
323
305
309
302
347
344
302
324
328
313
332
335
293
318
330
341
333
306
304
303
346
324
326
336
336
337
331
319
319
337
286
316
333
340
344
310
334
332
325
295
324
305
315
322
316
305
319
319
307
311
333
320
344
312
307
307
308
358
286
341
315
337
328
314
307
316
285
340
335
319
310
325
300
354
347
298
328
297
301
316
354
350
319
325
326
307
352
312
320
286
350
332
313
311
304
352
329
295
352
344
324
319
311
366
339
339
297
329
326
308
334
322
301
337
333
328
357
332
354
316
324
337
302
299
322
318
347
334
324
361
316
315
318
344
292
322
337
278
349
355
305
340
319
312
333
341
363
336
339
302
309
351
335
311
327
295
292
333
303
318
314
308
316
325
317
322
366
314
351
336
297
315
318
348
316
334
287
294
333
291
326
315
292
299
329
316
306
287
308
312
308
299
322
342
341
342
311
308
319
305
312
312
300
324
282
302
332
329
299
315
287
327
299
290
282
284
310
291
276
311
305
303
295
314
277
297
302
303
340
336
295
287
296
304
281
254
303
325
283
317
286
313
315
298
300
274
287
265
301
285
279
298
311
292
281
314
295
286
309
268
303
265
313
292
291
300
308
295
283
274
276
258
255
287
293
263
292
272
272
249
282
275
297
265
257
272
286
247
282
259
302
277
299
292
305
273
286
281
261
301
277
249
255
291
285
306
284
279
292
289
262
263
292
285
266
292
264
302
277
274
303
269
256
257
293
284
280
268
287
221
276
260
247
271
261
253
242
249
284
309
231
260
306
248
259
237
252
281
282
286
258
259
258
272
286
283
264
217
258
270
267
267
268
266
262
269
256
245
213
251
282
235
274
260
263
240
278
279
243
295
239
264
232
250
282
251
252
222
284
236
277
237
256
245
259
266
279
210
240
269
270
251
248
257
247
246
254
259
239
257
257
274
233
253
250
245
272
237
238
250
242
263
256
250
259
243
266
266
259
259
247
255
241
268
234
253
268
225
272
258
241
242
238
227
209
251
256
237
246
231
233
274
252
235
239
259
252
258
273
244
230
241
247
222
274
232
238
268
263
228
263
238
221
216
249
235
263
240
215
216
258
251
237
209
213
256
232
222
235
220
240
232
239
211
250
202
229
215
210
268
247
247
229
240
228
225
237
231
243
229
240
257
212
249
240
223
224
223
238
228
228
245
235
234
260
240
257
245
218
237
230
235
234
242
230
231
245
209
226
249
209
241
240
254
220
220
229
225
241
248
244
238
230
222
229
230
243
239
215
215
251
243
219
254
244
257
256
250
215
227
237
285
246
246
214
221
248
260
237
257
224
238
213
241
239
254
239
241
240
241
231
258
233
231
273
243
258
254
260
245
245
230
249
269
225
227
257
234
246
248
240
253
276
231
259
215
239
260
236
265
242
262
265
252
238
241
237
249
255
241
251
234
217
241
269
224
261
266
233
249
237
264
253
251
263
263
257
259
275
251
255
252
235
243
234
268
234
246
261
238
237
266
263
241
227
249
242
235
217
252
266
279
240
214
254
225
251
229
234
230
236
224
252
262
233
247
247
240
254
223
254
204
234
246
252
216
230
244
222
241
224
226
263
224
223
238
231
226
219
217
241
214
252
235
245
215
217
223
233
220
197
227
227
200
197
220
244
206
243
211
214
215
238
204
223
221
221
217
189
214
205
215
214
222
216
215
223
221
205
213
218
196
199
221
199
174
197
186
193
220
201
203
195
223
200
195
180
176
189
223
213
215
221
192
173
209
196
171
208
182
188
193
178
202
182
183
177
186
198
184
160
180
216
187
185
181
189
178
211
179
173
180
210
144
210
182
179
189
168
198
189
195
176
197
181
174
202
174
159
160
152
186
183
168
144
172
152
188
158
181
177
162
183
172
177
158
176
159
187
164
181
160
168
163
174
165
152
173
175
193
189
165
153
163
176
160
154
176
182
187
162
172
157
165
172
179
160
181
206
168
156
176
146
141
163
149
160
165
172
177
140
176
162
158
170
141
160
154
167
160
160
165
142
145
163
162
162
149
155
155
158
147
164
143
149
155
140
157
149
172
160
158
154
183
162
154
161
140
138
162
149
153
152
159
136
127
162
143
156
132
150
133
164
168
135
155
159
143
159
131
143
138
165
144
147
152
133
151
137
141
125
155
150
139
131
143
150
133
140
144
148
155
146
146
149
137
148
127
157
145
129
138
128
147
145
151
167
128
150
137
117
136
129
132
127
145
127
142
147
132
141
138
129
125
137
143
117
143
143
132
132
140
142
120
135
142
141
115
123
125
147
129
140
119
157
151
140
141
133
113
138
136
140
143
118
121
124
128
117
114
141
124
144
141
145
125
119
144
140
125
126
131
151
132
150
131
119
121
126
132
138
114
110
133
146
145
112
120
134
119
137
120
129
138
128
130
131
123
104
131
113
118
119
133
136
104
129
107
129
107
133
106
97
114
117
122
117
128
149
115
135
106
124
120
123
133
112
135
120
121
122
120
108
106
96
133
138
121
127
134
123
113
136
116
140
143
121
136
124
98
107
109
105
125
140
118
104
129
89
107
123
115
118
121
112
98
124
126
112
120
123
127
134
106
107
129
111
105
96
136
110
103
108
96
105
115
124
102
92
118
113
117
119
113
121
97
121
125
112
135
106
114
110
123
123
135
106
127
101
111
132
104
110
114
126
107
108
107
108
99
109
115
116
102
122
112
121
124
130
109
109
108
106
98
108
102
108
119
104
127
111
112
112
117
131
115
112
99
119
123
116
114
120
102
101
123
99
121
94
116
101
101
105
101
127
108
112
111
99
117
90
136
113
118
105
117
101
88
109
97
88
113
100
102
98
126
126
108
120
106
112
91
101
97
91
127
80
100
94
107
81
102
117
114
113
101
87
121
98
100
98
101
113
102
80
97
99
102
103
106
98
108
84
104
114
96
105
97
103
121
108
114
105
101
122
103
118
108
100
99
109
97
81
96
86
109
109
109
108
100
87
121
103
97
84
89
106
90
93
101
106
111
86
76
92
99
97
94
94
101
112
98
77
94
104
96
83
110
98
102
96
110
98
91
84
93
124
113
78
68
108
119
104
97
81
87
87
95
82
98
93
107
89
97
94
102
100
78
93
85
115
80
88
117
93
115
104
89
96
95
83
84
83
90
82
93
92
94
82
113
83
84
86
99
87
90
90
76
93
89
96
79
84
92
79
94
79
89
78
97
78
75
94
94
105
83
83
77
86
82
93
92
80
86
79
90
95
79
75
104
87
94
113
86
77
107
91
92
89
87
69
97
83
97
90
71
77
88
80
89
92
98
91
85
70
84
84
93
80
80
76
89
84
91
91
104
90
84
91
86
85
91
95
89
78
79
75
79
91
99
76
67
78
81
93
79
86
83
78
77
96
88
99
97
74
67
101
85
90
93
89
82
86
76
77
86
73
70
87
85
102
81
85
91
77
72
64
93
86
79
77
87
91
80
73
76
87
91
65
81
81
91
97
61
80
89
84
70
90
74
80
76
97
92
93
77
73
75
82
80
82
95
86
78
66
75
80
89
76
85
83
67
84
76
79
78
84
84
84
72
79
80
79
84
63
68
86
77
94
75
75
91
66
81
84
68
89
76
84
86
74
101
84
78
100
81
67
85
75
70
77
75
80
84
73
72
78
92
70
94
64
87
82
75
69
73
96
78
82
84
91
77
72
65
78
73
76
82
67
68
74
75
61
76
79
94
90
86
75
83
76
78
61
64
76
74
91
84
61
87
69
80
77
62
77
81
86
70
65
62
83
74
71
88
79
78
68
73
88
77
79
60
67
57
95
80
66
74
90
86
63
71
77
78
73
72
80
93
76
80
87
77
79
77
82
58
75
71
69
70
73
65
71
68
74
80
71
74
77
72
78
64
84
67
76
98
77
78
81
75
78
57
89
75
91
88
91
91
72
73
69
87
63
62
70
73
61
81
89
66
71
85
64
73
75
67
75
69
56
69
69
73
71
82
76
75
71
70
77
81
80
69
83
69
77
78
64
74
74
80
51
79
85
60
82
70
66
82
59
72
49
75
61
71
60
69
63
57
80
69
63
65
68
78
64
79
72
66
60
75
72
62
87
74
71
72
58
70
49
73
85
75
68
75
87
63
83
78
58
50
67
82
76
69
92
74
80
78
70
55
70
77
76
68
57
80
66
64
66
82
62
72
73
72
72
55
74
84
72
90
70
66
82
68
78
74
73
77
69
78
65
69
82
64
47
67
80
62
63
86
70
53
68
77
70
61
77
62
61
60
72
66
64
69
74
69
78
65
57
94
76
75
54
80
54
59
80
66
75
73
69
70
76
68
65
84
62
80
62
50
65
71
65
57
59
69
72
70
73
79
76
69
72
71
75
77
69
66
54
50
66
77
70
63
66
72
65
63
61
85
62
83
69
54
68
78
73
61
67
81
83
77
66
68
80
74
62
70
75
68
60
73
61
66
72
71
74
75
64
70
76
83
73
88
62
87
65
62
74
69
71
60
83
68
56
69
61
64
63
76
84
67
70
61
81
87
80
72
65
73
68
62
64
70
69
69
72
73
63
79
80
72
58
71
61
77
70
82
76
63
65
77
68
73
68
73
78
57
72
67
60
85
71
62
61
64
63
70
63
59
72
66
64
70
56
70
64
74
69
63
47
69
68
84
76
61
80
68
54
68
60
67
71
63
60
74
66
70
67
75
59
69
60
61
78
72
69
62
59
68
72
68
64
75
76
69
65
66
75
66
61
53
80
71
66
82
77
69
72
65
66
67
60
62
49
64
61
68
44
55
63
70
73
61
72
68
48
68
69
57
68
69
64
65
58
67
77
59
70
84
63
66
59
57
72
52
68
54
58
55
67
60
59
60
52
59
63
61
49
66
61
78
73
58
55
74
57
61
78
58
50
63
59
59
60
69
62
59
74
52
65
65
69
66
51
59
68
58
58
64
60
43
52
68
60
52
60
62
62
67
54
62
68
62
53
54
60
65
64
58
62
56
73
67
60
50
41
70
72
59
48
67
46
54
55
51
61
61
57
82
59
68
54
69
57
58
73
57
64
83
60
58
55
64
62
61
51
71
51
62
58
62
63
55
61
73
63
67
68
61
59
52
45
67
48
65
46
46
55
54
70
63
60
62
62
52
60
55
61
50
60
53
57
71
58
44
56
73
62
42
57
61
55
66
71
55
55
66
58
52
72
64
64
58
54
70
55
70
54
65
62
60
59
58
51
57
63
45
62
53
72
48
69
47
57
59
54
57
56
53
45
75
49
64
59
53
52
61
63
65
57
52
63
69
59
58
61
66
50
60
51
53
48
65
55
61
64
61
54
58
57
71
67
67
63
49
61
51
61
60
62
61
56
66
69
45
68
60
60
58
72
52
69
59
60
59
60
49
64
66
48
68
60
56
57
55
66
45
78
50
54
52
45
71
65
55
57
61
52
68
76
55
56
68
57
48
58
57
61
56
70
63
70
61
68
62
74
74
69
64
61
69
56
60
62
55
62
78
53
64
69
71
59
67
63
56
71
49
65
69
53
55
50
61
68
58
54
66
64
59
47
74
63
73
56
61
51
60
54
51
59
60
55
53
60
61
52
58
49
55
50
65
75
60
47
54
68
52
72
64
64
56
58
54
59
65
57
56
57
48
61
71
68
52
72
50
53
54
57
55
67
62
62
57
51
71
57
58
55
63
64
62
71
64
66
54
62
75
80
60
58
64
54
60
59
65
63
66
78
59
60
62
52
81
55
65
64
60
53
58
52
58
53
57
66
50
50
65
55
60
57
53
43
47
57
58
53
58
49
58
42
44
57
64
57
62
66
57
59
56
59
49
55
56
51
55
69
51
59
56
64
61
50
49
53
67
56
47
44
52
64
55
40
56
48
56
56
75
51
52
55
53
45
55
45
65
47
72
52
46
54
50
52
65
58
52
50
61
47
68
52
54
56
68
69
64
52
59
56
57
56
50
54
36
47
46
55
62
49
54
49
52
58
39
46
41
69
59
50
58
57
48
48
47
64
65
50
53
52
44
52
61
55
53
57
54
45
52
65
45
51
47
62
47
47
54
42
48
53
52
52
45
53
47
56
67
63
56
62
45
60
44
50
44
61
50
44
50
51
52
65
57
51
58
52
49
60
48
55
46
50
51
56
56
53
49
51
56
63
68
60
47
44
55
43
61
58
55
54
39
46
58
48
53
56
58
52
45
64
44
54
54
59
56
52
59
48
49
55
64
42
49
50
62
42
53
57
54
51
50
46
50
53
49
47
49
47
48
52
60
59
49
56
48
56
56
52
42
50
54
60
50
45
51
57
50
55
51
64
46
52
57
56
49
51
56
45
55
48
66
53
46
57
36
55
51
55
53
61
50
44
49
48
60
54
42
44
47
40
45
52
45
53
44
56
52
58
56
47
52
42
40
65
52
34
46
51
59
55
48
52
47
53
36
58
53
60
56
63
44
59
50
43
57
53
57
51
61
58
48
49
53
52
47
53
50
44
52
53
44
45
42
63
52
42
51
65
33
44
46
54
59
36
46
48
72
62
36
60
42
46
57
45
44
53
59
49
60
50
55
55
56
50
56
57
47
57
50
48
39
54
53
54
43
31
59
60
50
54
48
50
53
54
49
52
66
47
52
54
41
53
36
61
47
57
60
51
48
59
55
61
60
56
60
43
46
51
47
41
49
50
47
46
40
53
62
44
45
41
52
39
40
39
44
48
48
47
51
35
40
51
41
45
50
47
47
59
45
50
56
65
56
47
56
44
52
39
53
52
53
48
43
57
50
55
44
52
60
55
43
47
61
49
62
51
55
55
46
68
65
61
70
59
56
61
51
60
58
48
52
68
65
57
56
51
61
44
64
52
52
53
41
61
45
56
60
44
48
51
49
57
45
56
45
45
48
47
58
54
55
39
57
49
64
53
52
52
57
51
54
38
50
60
48
61
53
50
49
49
65
58
59
36
46
51
46
42
45
47
51
60
53
48
63
60
57
46
53
59
60
47
68
67
54
53
37
56
49
52
40
52
60
59
45
50
52
43
41
48
56
72
62
62
44
68
46
51
52
57
37
50
54
49
46
64
47
59
57
47
49
47
36
65
52
53
37
58
46
42
46
41
53
51
53
42
51
61
52
50
51
61
62
39
61
43
44
51
54
51
63
57
48
42
47
48
67
63
57
55
63
47
42
60
54
44
50
48
45
49
68
51
46
48
59
42
55
47
36
62
71
55
45
53
37
54
43
60
62
44
68
58
38
47
62
64
62
47
54
54
51
48
45
59
55
47
53
54
59
41
56
39
41
33
53
41
49
47
54
48
44
37
42
48
53
53
45
43
48
48
62
55
59
60
47
60
52
46
44
60
41
59
54
46
46
43
52
45
53
51
47
52
43
53
63
46
53
57
54
63
61
57
53
47
64
52
47
50
37
49
47
58
58
60
51
62
50
55
49
54
55
46
36
58
59
57
56
54
58
45
47
63
53
49
57
55
53
56
45
49
55
53
58
43
55
61
60
51
57
55
53
48
40
56
58
42
52
51
38
55
52
49
54
52
54
49
63
45
47
39
58
47
56
47
65
43
65
38
45
48
60
66
66
50
53
52
54
49
45
55
52
55
42
48
50
60
62
65
59
60
52
44
55
59
45
49
58
39
55
60
62
67
51
55
71
58
56
50
50
59
56
58
55
53
52
55
40
43
50
62
56
55
49
44
44
52
68
56
54
60
61
49
47
52
49
57
46
68
68
42
49
42
62
52
72
43
58
53
57
46
60
54
51
53
41
50
53
52
54
53
60
60
55
53
54
51
49
64
60
62
50
50
64
48
46
47
66
60
51
46
53
49
51
43
46
57
57
52
56
54
46
53
57
46
65
47
49
55
42
61
46
41
54
74
58
53
50
53
53
44
54
57
49
49
51
41
44
46
40
48
40
51
55
79
37
66
72
61
56
63
52
54
56
57
54
63
40
63
52
57
65
57
59
56
61
49
45
48
54
52
69
36
50
71
60
50
52
40
63
51
61
48
60
55
55
68
50
57
51
39
64
37
66
54
61
56
58
61
60
47
48
40
53
53
46
54
51
60
53
64
47
57
59
52
60
56
51
66
50
70
41
67
71
44
49
60
59
54
54
68
60
42
51
55
49
54
47
52
69
61
59
46
56
63
47
68
45
53
64
59
64
54
47
51
60
54
59
55
63
62
53
39
62
57
63
63
51
53
55
52
52
54
63
49
50
64
50
56
62
55
65
53
55
49
55
60
58
50
49
46
65
50
67
62
44
50
53
71
55
52
61
40
45
47
45
71
71
50
49
59
61
35
55
66
43
57
60
55
64
53
52
67
51
65
54
57
56
53
53
50
50
69
66
55
64
52
66
61
52
58
63
60
48
48
51
63
73
56
61
54
61
56
64
63
67
53
48
74
58
60
59
47
58
58
63
46
62
64
69
53
51
58
45
54
64
73
53
62
50
58
45
63
65
60
49
58
50
48
44
54
68
62
59
69
65
51
53
58
51
70
64
55
55
61
63
61
59
41
55
53
59
51
54
53
47
58
57
49
57
67
59
52
47
51
58
66
44
59
59
66
75
60
65
60
54
57
49
39
74
59
52
54
44
60
67
44
59
64
58
46
67
73
54
59
56
66
50
61
47
68
56
66
57
52
57
56
61
59
40
53
56
58
49
56
59
52
63
56
53
52
68
69
62
55
56
57
65
48
66
56
53
54
62
66
57
59
69
56
54
68
60
79
57
56
59
51
57
53
51
67
60
43
54
42
63
46
52
68
59
48
54
53
62
63
63
51
52
57
59
66
57
65
66
66
45
54
48
56
51
55
54
50
56
51
52
45
60
42
65
51
43
59
58
67
63
50
59
57
53
56
64
61
48
65
53
51
49
43
55
50
56
62
59
51
48
49
55
61
51
66
53
53
39
60
46
50
42
63
56
42
48
52
57
40
55
50
41
52
61
58
54
47
55
42
50
37
61
53
53
48
53
47
40
58
45
70
61
62
54
39
39
44
55
54
60
54
55
47
50
57
49
60
41
56
71
43
57
45
39
48
53
50
55
49
46
59
55
54
37
57
56
63
51
48
51
50
55
46
54
62
41
56
53
55
50
48
55
39
67
46
46
45
56
45
57
54
56
47
49
63
64
37
55
54
49
48
59
33
57
48
50
53
40
33
51
38
46
39
44
62
46
39
39
40
42
41
57
50
55
53
54
50
47
55
51
58
41
50
59
47
42
48
53
48
37
47
52
43
54
41
50
55
45
45
40
46
55
49
52
44
58
46
43
43
46
49
50
43
45
44
37
44
52
55
29
49
37
44
39
39
34
45
47
52
57
44
51
36
46
43
44
31
34
54
49
37
45
50
35
49
39
44
45
32
36
48
44
37
45
33
50
44
40
45
39
43
42
39
46
48
45
48
57
51
44
47
48
45
34
53
44
36
34
48
41
47
45
38
32
34
35
44
44
38
34
45
30
39
52
45
46
39
31
31
37
47
31
36
40
43
45
34
41
26
46
54
44
29
37
37
51
35
50
37
40
43
36
35
52
48
39
61
49
39
51
30
41
43
36
32
39
39
42
31
41
22
24
40
34
54
39
32
33
30
50
34
36
58
47
31
40
37
35
34
44
42
41
41
45
36
41
51
44
45
49
38
48
37
44
54
41
55
41
36
42
40
40
30
46
33
41
37
31
46
34
43
47
51
44
41
45
38
39
39
28
34
38
36
48
55
30
37
33
26
40
32
38
43
34
46
31
42
36
44
33
42
39
38
39
39
40
45
40
38
36
37
34
39
46
47
37
42
43
41
31
26
44
36
36
38
46
38
37
30
36
37
41
39
36
35
36
31
41
36
30
43
30
35
33
28
40
31
35
45
48
38
47
43
34
34
41
39
34
36
37
34
46
42
42
42
44
26
37
39
37
28
42
36
45
42
32
26
34
34
36
40
36
33
34
34
40
47
31
39
35
33
39
44
39
46
28
43
31
37
27
33
31
33
40
39
42
37
31
37
37
35
37
25
37
41
32
25
31
33
32
33
38
37
46
37
22
41
34
28
40
28
38
32
29
38
33
30
41
43
38
35
34
39
40
33
37
35
47
39
31
40
33
41
36
39
31
26
35
40
31
38
43
37
26
41
37
34
32
35
34
44
30
42
27
35
31
38
32
31
32
30
33
39
26
38
38
34
23
46
39
41
42
30
44
33
34
37
27
37
41
36
39
27
30
47
33
37
34
26
38
35
40
32
36
32
36
31
36
38
35
38
36
27
35
42
41
28
51
23
34
41
34
27
35
38
33
35
31
28
27
34
34
36
31
34
31
27
33
29
26
29
32
35
32
32
31
45
35
39
31
33
33
36
42
32
42
32
28
40
36
26
30
39
25
33
30
34
31
36
37
32
23
45
22
25
29
42
25
32
29
38
29
34
28
36
37
34
39
43
26
35
32
35
36
41
48
29
37
28
39
28
34
24
29
31
20
29
42
34
28
28
32
24
37
30
31
24
28
32
32
20
32
31
35
36
33
37
26
25
26
32
28
33
36
24
25
40
34
27
30
32
33
34
32
26
29
37
24
30
17
31
35
27
31
26
22
41
45
26
30
29
42
32
37
26
40
27
25
37
27
35
31
20
26
37
38
29
26
36
24
31
27
32
24
34
17
29
19
35
23
19
28
28
38
34
18
29
25
31
22
26
38
36
28
26
30
21
33
49
25
22
26
18
27
23
26
29
34
25
29
31
33
35
29
28
34
27
41
34
31
26
34
31
33
32
32
29
26
20
33
23
28
33
30
31
22
23
28
38
25
23
32
26
21
20
34
37
38
35
32
35
29
30
36
30
32
30
42
25
26
40
36
25
36
32
46
35
40
39
34
33
30
32
31
44
36
38
26
37
40
41
41
33
39
35
44
36
42
31
35
47
43
34
31
41
56
36
43
30
34
45
42
43
46
47
49
27
32
39
31
42
31
40
44
40
50
59
31
59
37
45
44
55
48
51
44
51
46
49
51
54
40
50
55
48
57
53
57
57
46
55
57
54
60
57
43
52
56
58
55
54
65
59
68
63
60
66
50
70
59
70
62
52
51
44
74
67
75
59
56
80
70
59
61
69
59
58
69
69
71
73
65
73
67
80
80
63
73
62
79
71
69
79
60
73
66
81
90
77
87
84
77
79
94
80
76
84
104
121
101
84
111
86
88
104
89
88
111
104
91
90
94
109
100
98
102
114
99
111
107
111
86
96
111
103
102
115
99
96
94
105
112
123
116
109
111
106
120
118
112
108
113
138
125
113
106
111
125
121
135
126
125
117
132
117
123
122
129
138
133
146
136
141
138
121
105
132
126
157
110
128
113
158
137
142
136
138
130
142
140
138
126
135
143
152
122
153
138
149
164
119
127
144
156
145
141
154
141
182
170
177
153
121
141
150
152
144
169
141
170
143
157
139
142
154
171
142
137
138
136
139
137
146
137
129
161
130
137
147
170
139
133
166
149
152
142
146
171
138
160
163
168
147
159
165
153
188
153
149
167
128
165
144
146
158
153
153
165
151
160
126
156
168
166
171
155
149
177
155
182
128
159
159
146
159
139
160
154
150
147
172
158
143
161
157
170
152
136
168
147
171
142
160
152
143
155
133
151
156
148
142
160
152
172
160
140
160
149
145
153
156
143
127
123
154
159
154
137
138
115
150
134
108
144
143
123
141
152
139
128
144
132
148
130
129
111
138
134
128
132
128
132
135
131
114
113
112
123
129
131
118
113
111
120
119
104
98
116
109
120
103
106
137
113
107
131
107
113
100
114
123
130
111
106
119
85
113
109
104
91
87
92
118
102
112
89
102
87
93
109
101
93
106
99
86
90
102
96
79
109
103
83
99
94
89
96
89
121
82
84
87
79
71
94
84
84
89
90
73
84
71
85
71
66
82
91
79
70
73
63
86
75
81
72
73
83
77
75
78
64
66
69
68
51
61
70
71
58
56
68
80
63
74
60
53
72
59
54
78
83
53
48
49
55
78
57
58
56
57
58
59
73
64
52
53
55
51
57
50
70
54
47
53
56
42
40
57
65
46
49
49
43
49
63
40
58
28
47
45
51
50
45
38
42
40
47
43
51
56
43
45
40
40
43
37
35
39
56
48
45
35
38
36
49
33
36
35
30
43
55
28
40
30
36
43
33
36
49
37
40
32
47
32
33
40
30
27
35
44
25
43
29
30
39
42
27
34
31
27
34
33
35
29
26
43
31
29
29
32
27
34
30
31
43
20
29
28
30
26
41
35
25
31
39
28
30
31
19
28
33
30
27
28
24
31
25
23
31
36
33
31
34
28
33
28
28
38
28
26
32
21
35
24
26
34
27
36
28
28
26
23
38
26
31
32
22
33
29
21
26
36
31
22
30
26
25
35
25
21
28
30
30
32
27
20
28
43
27
25
28
28
29
17
30
25
29
29
30
29
29
33
31
20
25
25
31
36
23
31
25
27
31
25
24
28
31
34
30
31
25
27
39
26
31
22
34
36
27
25
26
30
39
29
26
34
42
26
38
35
34
39
40
32
23
31
35
42
41
30
24
45
42
41
38
33
31
34
39
40
46
26
43
46
50
33
50
44
40
41
32
39
37
43
46
44
52
65
40
45
34
44
43
49
46
50
40
45
46
50
50
43
40
52
40
45
44
53
58
51
52
56
56
61
48
62
65
51
33
52
56
50
52
35
54
64
68
61
48
69
50
45
61
44
62
49
51
61
68
60
55
55
69
66
63
49
52
66
61
58
66
68
66
68
66
70
70
68
72
90
60
70
80
74
67
81
83
68
69
76
79
74
80
81
96
84
53
55
86
81
89
69
104
89
73
100
83
96
87
82
80
78
74
82
84
81
90
88
91
81
93
91
100
104
102
88
84
91
89
108
85
83
96
90
90
78
121
94
111
108
94
99
90
108
96
110
108
96
100
101
111
121
105
103
103
114
90
124
100
112
115
97
108
130
111
99
120
105
107
128
107
121
111
124
106
127
114
114
126
107
105
119
130
110
118
106
110
90
102
129
121
107
90
110
115
109
135
120
136
115
138
124
121
124
130
96
119
127
126
134
122
129
124
127
115
148
144
126
138
122
161
120
119
128
130
124
122
125
128
128
111
148
114
126
147
114
124
127
137
134
128
128
134
132
131
135
115
115
122
124
130
121
116
119
123
138
124
126
143
120
114
117
135
120
136
119
138
126
119
114
127
113
121
129
144
105
116
115
128
119
115
139
106
111
120
116
110
149
152
116
131
128
115
115
137
135
110
123
98
105
109
105
114
133
112
145
132
137
123
107
108
105
100
102
103
109
102
127
116
122
121
123
104
94
113
115
100
94
91
125
117
109
112
120
123
104
122
114
106
131
95
102
105
109
107
87
95
83
82
114
102
110
105
88
107
98
98
86
95
112
96
98
104
101
112
91
88
66
88
97
84
88
84
81
92
78
95
90
82
82
87
83
112
82
97
81
83
83
65
84
73
82
81
87
86
82
74
85
81
85
73
86
84
69
81
72
88
73
76
78
66
72
83
83
66
81
78
61
56
79
63
65
50
48
76
64
74
67
69
57
72
65
56
59
47
57
75
73
62
60
52
63
56
59
57
73
44
48
47
58
65
52
54
67
61
56
49
46
47
50
55
50
57
55
48
48
60
51
45
52
48
51
47
43
40
47
44
63
35
46
51
49
44
43
48
50
39
56
36
42
45
38
43
42
49
39
35
30
26
52
46
45
30
40
33
48
32
25
37
32
30
29
30
34
39
35
27
38
31
50
31
39
35
34
26
34
27
30
28
27
25
28
25
26
42
33
32
27
33
34
20
27
28
31
29
41
38
27
26
24
30
20
28
26
27
27
31
36
26
21
23
34
22
26
24
22
25
20
25
33
21
19
26
20
21
32
24
22
26
21
33
31
27
25
27
18
14
32
27
15
20
19
29
29
21
23
19
18
25
20
23
24
26
24
15
26
17
20
26
13
18
17
19
24
19
19
20
18
27
26
19
14
18
23
20
16
21
20
16
29
19
16
17
18
18
20
25
16
15
21
24
21
19
14
24
22
15
9
11
16
29
22
15
18
13
24
20
23
22
18
16
14
18
20
17
9
19
19
16
15
28
16
22
22
19
17
20
20
14
14
23
16
24
17
23
19
19
21
21
11
17
13
26
13
25
15
13
21
20
11
14
24
17
15
20
16
15
15
18
14
21
13
18
18
18
12
16
22
22
16
17
23
15
23
16
19
21
19
14
15
18
21
13
21
12
16
14
14
21
16
13
18
13
15
11
18
11
18
17
11
19
18
12
11
18
14
13
21
21
19
19
12
15
12
21
12
15
23
14
11
16
15
14
15
19
14
11
11
13
14
25
18
14
18
11
12
14
15
19
14
17
18
14
12
10
19
11
20
14
14
19
12
17
20
14
22
8
10
15
14
5
16
17
8
19
14
17
12
13
17
12
14
18
17
13
15
14
22
11
16
15
12
24
12
8
13
13
7
13
11
9
16
14
11
7
9
13
11
21
12
13
11
7
10
12
10
23
13
14
8
13
16
10
10
14
8
21
14
16
8
11
17
9
12
16
14
6
16
12
13
8
9
14
7
10
15
13
7
14
11
15
6
8
15
2
11
15
11
9
13
9
12
15
6
16
7
10
8
11
16
9
5
13
10
11
7
12
9
14
4
8
16
5
10
12
5
7
5
13
12
10
7
11
10
13
15
10
8
10
13
15
11
8
16
10
14
11
7
8
12
6
13
8
9
3
4
5
7
7
11
10
5
10
9
14
12
9
10
9
11
7
8
3
8
8
9
6
8
8
5
15
5
9
9
6
12
7
7
8
7
8
4
5
9
5
6
8
7
3
5
7
8
12
7
4
8
8
7
10
11
6
5
5
8
5
7
7
8
6
3
4
7
2
9
4
5
5
5
11
6
8
4
6
4
2
5
9
3
3
4
9
6
4
4
10
5
5
6
3
4
2
4
4
5
5
3
6
8
6
5
3
4
2
4
6
5
4
4
2
1
1
4
2
5
0
6
3
7
3
4
6
2
8
3
2
3
4
6
4
10
5
1
5
7
7
7
4
5
2
6
3
5
9
0
0
5
3
6
5
1
2
3
4
3
2
9
5
6
3
2
5
2
3
6
4
7
2
2
2
3
2
2
9
2
1
1
2
2
3
3
1
3
7
4
4
1
1
2
5
3
3
3
1
7
4
1
4
3
1
2
2
2
1
4
6
2
5
4
4
2
3
1
2
5
0
1
0
3
3
0
4
2
4
2
2
2
2
1
0
2
2
2
5
0
2
1
3
2
3
5
2
0
2
1
5
0
1
2
3
3
1
2
2
2
4
4
3
2
3
5
3
6
3
1
3
5
2
4
2
1
2
5
2
3
2
4
5
5
0
1
2
1
6
3
0
4
4
5
2
3
1
2
0
3
1
3
2
2
2
0
0
2
2
3
3
3
2
2
1
3
1
2
3
2
6
1
3
2
3
4
5
1
2
2
1
4
3
3
0
2
2
7
2
1
1
4
1
5
3
3
1
3
1
1
1
4
4
0
3
3
1
1
3
2
1
3
4
0
0
4
1
1
5
1
1
2
2
6
4
1
2
3
2
1
3
1
4
4
3
1
3
1
1
3
3
1
2
4
6
1
2
0
1
2
2
3
2
3
1
1
1
1
2
2
1
1
4
2
2
1
1
3
1
1
3
1
1
0
1
5
2
2
2
1
4
1
0
4
1
2
3
1
4
3
3
1
1
2
0
3
2
0
2
0
2
2
1
4
3
1
2
2
1
1
5
3
2
1
3
2
2
0
2
3
0
1
0
2
6
2
1
2
0
4
2
2
0
4
3
0
2
1
3
0
3
2
3
7
1
2
4
3
2
0
1
6
3
2
1
1
1
1
1
1
1
2
1
1
0
0
0
3
2
3
1
1
4
1
6
2
3
3
3
1
2
0
2
3
1
4
2
3
0
3
3
2
2
2
4
2
1
4
0
3
1
1
1
1
1
0
3
1
4
3
1
0
0
1
5
1
0
5
2
3
1
1
2
2
1
1
1
1
4
3
1
2
0
2
0
1
0
2
0
0
2
2
3
3
1
1
1
2
3
1
1
2
0
1
0
2
1
1
0
1
2
5
2
2
1
2
1
1
2
1
3
1
1
0
0
1
0
0
1
3
1
1
0
0
1
1
0
0
2
0
2
3
1
0
1
3
0
4
0
0
0
1
0
2
4
1
0
2
3
0
1
1
2
1
1
1
3
1
2
1
1
1
2
1
1
0
2
2
1
1
0
1
0
2
0
2
2
1
3
3
0
0
2
1
3
1
4
2
3
2
1
1
1
0
0
3
0
0
2
3
3
0
0
3
0
0
0
1
0
0
0
1
0
0
1
1
1
2
0
2
2
1
0
0
1
1
1
0
2
0
0
1
1
2
3
1
3
0
7
2
1
0
0
0
1
0
3
1
0
0
1
1
3
0
2
1
2
1
3
1
2
3
3
0
1
1
0
1
0
1
0
0
3
0
0
3
2
0
0
1
0
1
1
0
0
0
0
1
0
0
1
2
0
1
0
3
0
1
2
2
1
1
2
2
0
1
2
0
2
0
1
1
1
1
0
1
1
0
2
0
1
0
1
1
1
0
0
4
4
1
0
0
1
2
0
2
1
1
1
0
0
0
0
0
0
1
1
1
1
0
2
2
0
1
1
2
0
0
0
2
0
2
0
0
0
2
0
0
1
1
0
1
1
2
0
0
0
0
0
0
1
2
0
2
2
0
1
1
0
2
0
1
3
1
1
0
0
0
0
0
1
1
0
2
1
1
1
1
1
0
0
2
2
1
1
0
2
3
1
2
1
0
1
0
2
1
2
1
1
0
1
1
0
1
1
2
1
0
2
3
0
2
0
1
0
1
2
2
1
0
0
1
2
1
0
0
1
0
0
0
2
2
4
0
1
1
0
1
2
1
1
3
2
4
1
3
0
1
0
0
1
2
2
0
0
1
0
3
1
1
0
0
1
1
2
0
1
2
0
1
1
0
0
0
2
1
3
0
0
0
1
0
2
0
1
2
2
1
2
1
1
0
0
4
3
4
1
1
1
2
2
0
1
1
0
1
1
3
1
0
1
0
1
0
0
2
0
1
2
0
1
0
0
1
2
1
1
1
0
1
1
2
1
1
2
1
0
1
1
3
1
0
0
0
0
1
1
2
2
1
0
3
1
3
1
0
0
0
0
4
1
1
0
2
3
1
1
1
0
1
1
1
2
0
0
2
0
1
2
2
2
0
1
2
0
3
2
31
31
20
18
25
31
35
23
31
36
29
25
24
24
36
27
24
29
30
28
27
33
26
16
30
24
31
29
27
27
26
37
28
33
35
26
27
18
32
20
30
27
31
26
25
23
31
21
22
27
34
27
27
30
31
28
27
27
35
36
18
27
29
22
23
24
36
28
28
37
33
30
22
17
27
30
28
33
29
30
30
28
20
23
26
33
30
22
27
27
29
32
29
26
20
22
27
30
24
25
34
20
27
27
20
27
20
24
23
30
27
32
29
29
28
28
21
22
26
26
21
31
24
17
25
34
54
12
