0
0
0
0
0
0
0
0
0
0
0
0
0
0
0
0
0
0
0
0
0
0
0
0
0
0
0
0
0
0
0
0
0
0
0
0
0
0
0
0
0
1
1
1
1
1
0
1
3
4
3
1
3
1
4
4
5
3
5
4
6
4
6
5
7
7
5
10
13
7
15
16
13
11
18
20
21
23
23
25
31
44
42
50
54
65
77
72
82
100
130
106
158
185
164
198
242
283
298
306
360
407
423
545
602
712
774
792
694
667
573
454
350
172
85
89
88
110
136
132
119
156
179
155
174
196
189
256
265
250
254
291
292
259
299
314
275
281
256
249
175
191
183
177
122
145
144
164
156
185
193
223
234
253
227
266
252
254
264
248
226
196
204
172
165
174
176
160
199
206
217
210
219
218
208
240
224
234
217
169
182
157
159
169
179
220
199
194
235
218
235
222
205
208
172
172
169
164
192
207
183
213
201
197
210
209
238
207
210
202
224
214
175
203
185
183
174
216
222
224
201
213
201
230
202
203
203
189
191
188
219
190
209
202
233
213
214
223
221
242
209
218
186
198
204
189
191
235
205
228
198
225
197
229
216
233
237
227
228
197
195
206
221
212
206
220
194
201
224
226
202
218
235
219
238
205
196
216
231
181
205
223
219
233
214
211
201
221
223
217
216
219
210
258
226
223
220
213
269
251
199
216
205
248
238
239
245
264
215
198
212
244
224
223
220
217
209
229
218
224
221
223
228
230
204
227
249
218
239
237
219
221
228
239
229
241
245
247
233
243
224
242
265
237
218
215
241
201
242
228
255
247
239
241
244
235
242
226
223
243
220
250
225
229
228
214
241
243
265
242
235
264
228
228
228
240
245
241
241
240
261
228
252
238
246
240
259
263
226
242
241
249
241
249
263
262
244
259
260
234
244
257
268
233
247
244
248
245
245
236
237
277
248
239
249
267
248
276
235
250
291
243
244
254
240
260
228
237
247
251
241
265
238
233
241
287
255
250
253
248
275
262
253
228
234
242
253
269
250
248
239
249
249
227
264
257
248
243
271
256
280
279
238
261
262
252
275
256
262
233
274
264
232
230
261
225
242
270
258
257
256
261
266
282
237
252
230
268
238
256
268
245
249
247
252
250
207
228
244
263
255
251
268
255
291
274
249
287
270
284
232
270
241
268
275
254
257
254
261
287
252
245
273
263
282
268
261
252
264
260
260
250
251
243
284
270
257
213
244
248
267
259
249
273
256
246
250
280
248
273
269
246
243
272
252
242
264
239
275
251
244
281
262
231
281
282
285
270
255
272
261
256
254
268
252
258
277
262
269
256
239
271
272
245
281
235
261
242
237
253
269
252
251
253
275
246
258
278
251
247
288
239
260
263
273
249
300
236
261
249
287
277
255
249
269
259
227
263
256
258
259
245
243
264
287
256
287
271
248
273
258
235
262
235
261
243
253
243
216
230
229
271
237
254
243
257
265
238
240
268
246
250
279
242
223
210
230
271
273
251
254
254
215
240
247
231
258
252
242
272
255
230
229
247
272
234
258
253
257
258
234
245
258
259
228
197
234
244
239
239
266
235
235
222
222
203
218
201
230
269
245
244
244
216
236
222
224
240
220
257
245
240
221
224
218
237
256
245
244
250
243
243
214
215
230
219
244
214
207
224
215
197
229
204
273
221
218
220
269
251
255
215
238
228
234
234
204
226
226
233
234
242
247
218
219
241
249
218
241
234
220
193
191
234
227
187
234
224
216
238
198
250
222
223
194
241
203
204
220
222
223
242
214
191
218
204
247
231
225
210
201
216
240
210
214
217
215
204
182
215
203
233
231
221
215
222
213
239
199
222
235
253
235
239
209
209
202
207
179
223
224
202
217
217
219
220
211
204
209
175
193
215
217
211
219
209
216
231
231
203
251
213
241
204
223
227
205
190
199
198
214
222
206
201
213
209
230
199
184
228
243
202
200
231
228
191
231
221
203
190
198
203
208
227
244
184
207
198
235
194
229
193
201
203
197
220
213
231
220
192
217
200
212
216
186
244
198
202
207
212
225
199
191
210
206
230
182
228
213
200
235
198
210
224
214
201
193
234
173
218
206
198
222
194
197
210
192
197
207
205
188
234
192
222
193
218
176
209
189
209
205
219
174
206
200
215
224
195
194
217
196
209
191
217
200
208
216
212
195
213
198
209
209
208
202
216
206
186
209
205
204
211
205
191
218
210
199
226
204
203
202
222
216
214
237
212
218
243
263
216
217
224
203
232
211
229
223
208
242
235
234
214
219
237
239
231
232
212
251
229
224
232
219
229
263
232
247
226
226
236
257
245
222
232
225
257
230
241
267
217
235
213
228
228
221
221
224
220
222
216
205
202
224
214
194
235
204
226
210
211
216
204
210
172
189
217
226
192
186
210
217
217
203
198
190
196
200
211
213
206
202
160
200
193
184
194
193
205
183
207
167
210
173
169
162
206
199
193
180
187
196
179
173
211
196
165
198
159
188
185
155
182
170
168
171
177
179
177
200
170
159
174
178
170
192
165
194
168
184
161
198
151
188
194
183
195
183
196
205
219
206
218
199
202
174
153
187
179
198
167
211
161
177
168
179
171
190
188
198
189
178
166
158
175
185
198
156
152
171
177
171
174
185
173
172
182
179
173
169
153
196
163
181
164
156
177
177
174
168
156
168
160
178
162
157
164
160
170
154
182
187
178
162
167
163
164
190
182
192
147
149
152
149
184
164
167
151
158
164
169
165
162
191
171
167
147
168
159
175
162
163
169
195
141
175
172
154
151
163
172
170
187
182
161
173
179
177
167
144
164
174
160
163
150
155
156
162
171
171
171
167
170
164
155
144
165
156
134
168
160
162
177
159
145
150
146
159
174
152
157
157
172
172
148
153
169
142
174
163
151
178
142
188
149
179
136
145
150
169
162
180
147
170
140
165
146
148
164
162
145
158
146
172
144
160
153
179
161
168
151
159
133
131
152
131
145
150
172
148
145
141
172
143
153
173
151
162
150
142
151
162
141
147
145
148
152
153
155
154
142
135
137
152
140
124
147
154
139
157
144
148
163
161
135
148
172
142
142
140
141
157
133
140
137
140
137
122
149
153
141
145
146
143
155
146
148
143
158
175
151
150
161
171
166
150
136
127
162
133
138
135
130
142
149
151
130
154
133
146
150
126
161
148
148
146
135
141
150
156
131
136
129
138
150
144
156
141
112
140
148
140
160
138
128
148
157
141
149
147
146
140
140
134
150
151
122
147
122
140
146
153
143
151
146
137
154
143
129
133
117
141
127
133
140
140
150
125
146
132
134
124
150
133
133
133
143
159
167
144
125
131
136
125
113
162
148
121
156
152
155
148
107
122
114
152
129
120
151
153
143
144
142
133
133
146
130
158
154
155
158
148
148
128
126
125
152
139
126
108
119
143
131
144
119
141
125
138
145
138
145
126
142
110
155
139
159
133
128
120
146
123
127
124
118
137
119
134
134
147
128
146
144
154
134
136
124
130
142
139
138
130
130
134
132
142
144
145
128
141
128
124
114
116
131
116
110
141
145
136
148
134
154
133
134
124
124
124
135
143
142
123
154
137
124
118
130
151
131
127
143
146
119
140
147
139
101
126
132
114
134
119
114
157
129
135
140
138
152
132
142
151
129
129
141
133
153
124
121
134
129
112
128
150
132
126
129
135
143
121
131
128
144
131
137
131
110
134
143
156
136
133
161
106
108
123
116
123
139
130
137
128
107
132
123
147
115
145
122
122
116
133
130
120
146
124
117
128
124
131
136
142
117
105
121
130
132
120
135
141
125
121
139
134
133
127
136
146
129
117
138
128
113
129
123
111
127
121
120
104
107
134
125
115
136
140
131
145
142
166
147
136
115
144
121
130
125
116
133
122
123
138
122
97
124
124
112
144
130
129
118
126
105
115
148
118
116
117
109
95
113
124
118
120
127
136
116
113
117
117
130
117
114
123
116
133
104
113
129
125
101
116
130
100
131
125
138
105
121
103
116
115
119
111
136
111
117
116
132
117
131
128
119
129
114
113
113
107
100
125
124
119
118
126
113
125
112
127
123
105
104
123
107
113
134
106
110
121
121
149
101
93
115
132
121
108
109
141
119
140
107
120
100
110
97
134
111
113
130
111
105
134
113
102
123
103
113
104
117
119
132
102
113
113
118
104
99
111
123
115
109
113
113
109
110
116
131
119
119
120
125
108
120
131
106
127
137
112
97
120
116
114
133
118
115
111
95
109
115
125
113
124
109
135
112
112
116
106
109
104
119
112
116
101
114
109
111
97
115
127
98
114
116
102
110
119
107
121
101
103
93
111
140
122
100
110
113
107
119
110
116
105
90
116
104
131
121
102
104
109
106
116
112
108
113
114
104
104
110
122
103
104
100
102
95
104
109
101
119
84
108
96
103
110
105
103
109
93
102
89
104
106
108
113
97
102
121
111
101
109
111
109
105
115
97
83
105
106
121
115
86
93
107
96
89
109
125
102
105
103
90
118
121
108
115
112
124
106
111
115
103
119
98
112
100
106
124
91
95
127
102
124
113
104
124
118
106
109
103
87
108
108
84
104
116
93
94
108
98
98
106
111
110
96
102
102
103
123
103
103
114
104
104
105
102
117
124
105
95
112
109
112
108
100
95
117
99
125
102
101
115
103
93
101
100
115
108
87
125
120
95
118
97
127
107
98
101
92
89
108
89
91
97
99
89
104
112
87
95
99
106
116
89
108
101
89
124
85
105
101
99
109
107
131
93
119
104
119
93
107
96
112
114
105
106
117
104
98
106
95
102
111
110
95
111
89
110
111
104
123
95
105
99
87
83
110
124
90
93
109
93
93
99
103
112
91
113
95
101
111
104
109
100
134
121
107
101
73
105
94
102
107
87
87
95
121
86
103
98
102
91
113
108
94
92
89
112
120
114
114
89
106
108
107
98
96
82
109
115
84
106
93
112
98
122
95
105
101
110
110
104
111
104
103
101
97
91
115
112
99
91
95
91
125
104
93
103
104
92
109
89
118
106
92
102
87
120
102
102
90
93
81
100
96
107
105
106
84
94
82
107
118
97
103
106
76
89
94
91
95
101
104
94
128
87
105
80
103
113
97
89
91
102
107
106
106
95
94
90
120
113
104
124
117
117
91
110
119
102
120
101
85
109
106
110
118
92
100
97
93
93
92
84
111
86
112
107
105
89
108
101
101
92
105
98
80
97
105
88
102
106
93
112
81
98
78
98
87
105
108
111
95
94
81
96
104
107
93
109
99
102
101
99
95
105
109
99
99
86
108
91
104
96
85
87
91
100
108
100
74
96
93
100
104
90
88
103
104
96
84
89
95
103
95
111
91
125
105
113
90
95
100
101
105
85
92
96
100
104
94
94
101
97
102
105
91
101
83
109
94
104
101
90
117
98
97
98
83
93
109
93
105
89
104
96
100
84
108
100
100
99
118
89
78
109
116
79
105
98
101
117
93
88
80
95
99
96
100
111
108
101
90
114
97
75
99
87
77
93
85
91
91
103
93
105
100
87
81
87
101
99
106
87
95
109
100
94
97
106
113
84
107
88
91
105
81
91
94
91
102
96
121
97
99
93
87
76
93
77
87
85
101
85
102
95
81
91
94
95
81
81
96
99
92
87
102
83
91
102
77
106
102
97
87
94
110
92
98
108
115
123
90
112
110
87
134
109
125
131
139
119
136
131
123
122
121
113
126
113
98
100
116
82
93
91
105
94
105
82
92
91
97
70
108
104
89
95
76
86
92
80
109
103
102
84
94
98
101
71
88
87
89
78
87
98
86
102
92
96
79
83
90
94
95
85
102
85
97
99
92
93
76
92
97
91
97
104
88
121
106
100
87
82
78
98
92
97
78
90
77
95
95
104
81
81
96
82
85
129
81
103
90
85
95
112
97
100
93
110
96
85
70
84
97
105
111
96
99
109
75
84
107
78
93
88
94
75
91
82
90
83
99
93
93
110
90
75
93
95
92
77
104
89
95
78
75
97
94
81
86
81
83
87
87
74
89
106
83
81
72
80
85
96
91
98
91
95
101
87
96
78
92
96
97
109
98
100
85
89
83
96
88
98
104
90
85
91
86
91
99
85
82
87
97
96
78
88
87
90
122
114
95
85
101
85
104
91
88
91
85
97
81
84
103
76
85
92
84
83
85
107
85
85
90
92
92
92
79
92
105
97
102
96
84
78
76
96
98
76
82
101
91
85
93
92
86
87
96
95
89
83
93
96
102
80
75
83
94
98
91
92
95
96
99
82
77
79
92
91
103
95
80
95
100
88
104
104
93
104
80
85
92
86
68
86
97
83
96
83
91
89
99
85
92
94
103
75
88
70
90
86
84
93
86
88
104
81
77
77
97
87
109
59
81
86
79
88
64
85
101
76
87
88
88
88
74
86
95
98
71
79
95
84
89
87
88
94
98
93
88
96
85
90
97
90
83
99
85
73
69
87
82
78
90
88
75
82
105
87
100
70
94
87
73
97
82
78
70
101
94
75
88
84
104
101
115
99
99
108
122
94
106
100
88
105
107
105
98
84
86
87
102
102
98
81
81
96
105
96
78
80
91
80
78
93
92
99
92
86
82
108
90
105
83
87
99
89
85
75
95
104
101
88
88
81
95
79
93
91
116
96
83
67
90
90
85
87
93
92
84
97
94
104
103
96
85
93
76
88
94
85
85
69
87
89
91
82
78
96
84
86
74
85
74
90
85
93
101
93
87
124
87
114
90
77
106
100
90
90
87
94
96
80
102
88
84
82
102
74
93
82
87
87
83
93
81
88
81
97
77
102
72
112
88
81
75
96
97
93
101
106
120
92
108
120
101
105
97
74
97
86
89
81
82
76
71
84
92
87
76
82
86
88
92
96
85
87
102
91
81
84
100
77
93
82
93
92
113
84
100
87
86
84
90
79
87
84
83
76
61
102
75
83
71
83
96
95
92
102
107
88
88
82
90
78
95
90
84
79
72
79
87
93
109
90
91
93
89
100
96
97
92
84
81
82
75
76
88
92
78
82
84
93
87
87
109
91
88
93
88
84
97
85
100
80
87
106
87
92
88
74
93
101
99
74
96
93
94
84
91
83
81
85
93
92
77
86
84
88
85
89
82
95
114
107
84
99
87
76
89
88
89
95
87
95
73
84
91
88
89
89
88
90
78
88
80
83
90
89
90
103
82
64
93
99
89
94
90
93
80
83
77
87
74
68
84
100
106
82
84
96
96
87
91
89
91
84
87
79
104
96
89
90
90
90
88
98
93
84
77
92
85
77
90
85
95
102
88
81
83
85
82
78
105
82
80
85
89
75
74
84
91
90
85
87
85
84
86
87
96
88
83
90
88
89
108
100
77
89
68
83
97
89
93
82
90
87
80
86
91
67
99
86
75
85
83
86
74
91
79
87
79
96
88
103
90
91
86
87
73
89
88
94
96
92
101
103
83
81
106
80
75
77
76
81
75
91
96
100
91
89
101
97
89
92
80
88
90
81
86
83
82
93
85
110
106
86
89
90
67
72
98
96
98
84
105
97
83
89
89
72
81
89
83
88
81
97
96
108
95
95
91
96
92
84
80
92
91
100
81
77
74
82
86
76
94
93
88
92
93
97
92
82
74
101
93
100
85
83
85
80
79
91
64
92
79
91
75
105
85
86
73
95
93
82
101
77
79
94
69
100
96
78
82
81
100
83
78
99
97
92
94
96
91
80
84
99
94
85
93
96
78
88
98
77
85
90
94
84
95
68
103
83
76
77
96
85
79
79
87
81
94
88
85
79
74
98
86
87
102
88
103
84
83
86
95
87
92
75
90
86
89
95
80
78
78
89
97
91
66
85
83
80
84
71
94
80
82
83
89
79
86
100
88
88
96
85
87
84
96
76
86
97
73
77
82
87
87
95
72
103
81
99
74
88
90
94
93
93
72
70
94
79
97
91
86
103
93
101
89
96
85
99
84
91
69
83
83
65
101
85
87
94
90
79
84
71
102
80
108
75
81
86
79
79
103
88
83
94
88
106
90
71
88
80
87
83
85
86
91
80
77
97
88
85
95
80
82
90
85
84
81
94
97
92
85
109
81
81
104
78
97
72
91
90
86
90
85
86
88
96
92
87
104
89
83
106
89
97
74
84
103
99
82
78
86
88
74
87
97
74
88
89
74
91
88
86
75
96
86
93
90
106
90
99
89
77
94
85
82
96
87
90
87
88
94
73
75
74
95
89
83
86
99
78
90
74
94
94
97
74
83
80
74
82
96
82
92
87
69
85
94
76
85
75
88
90
89
87
78
100
97
91
79
90
79
92
73
99
90
107
109
83
66
91
69
90
81
94
99
89
79
91
89
100
92
99
73
92
73
77
115
99
67
99
90
75
94
84
70
87
78
85
87
83
98
100
101
95
92
90
102
89
111
103
77
115
79
92
77
86
84
87
84
94
94
86
92
92
75
90
91
85
88
102
90
92
111
91
87
97
85
98
88
80
100
100
100
89
92
102
85
78
86
79
89
101
95
93
105
85
90
88
102
91
90
85
78
73
98
89
93
87
79
102
93
90
81
83
110
92
82
92
81
97
96
108
92
90
77
96
91
89
94
67
85
92
93
90
71
110
96
82
74
87
87
83
76
85
99
95
86
77
98
84
92
83
75
83
90
93
92
78
107
97
90
77
74
91
99
86
86
97
91
126
86
79
108
92
92
104
94
78
94
84
82
92
75
94
87
91
90
88
77
83
107
77
90
87
78
100
87
91
97
90
93
99
97
96
85
84
112
82
100
88
74
89
89
108
96
82
86
72
93
93
95
88
105
90
90
115
85
90
101
103
81
84
101
83
96
90
100
92
95
83
87
85
97
81
97
94
96
111
88
106
100
102
88
85
99
84
93
82
83
87
73
98
87
94
71
94
95
91
76
81
84
83
78
85
87
88
96
100
89
78
85
113
85
104
89
83
96
90
102
81
89
83
89
75
74
94
85
96
102
70
94
93
75
89
79
100
94
68
82
92
82
92
96
78
94
76
112
93
86
96
90
98
110
79
95
100
90
81
98
83
88
84
89
90
91
97
101
100
87
107
82
94
83
86
95
80
104
91
99
70
80
97
101
100
73
89
95
107
95
98
87
118
94
101
90
90
106
98
97
81
108
94
97
86
96
89
89
92
99
106
83
91
89
86
91
96
97
95
103
97
85
89
89
93
77
91
79
78
87
105
106
96
95
104
94
82
92
93
95
94
101
87
98
97
85
96
102
81
83
96
84
95
109
91
95
87
111
98
93
99
85
111
93
94
109
106
109
98
92
96
106
82
100
95
104
96
92
101
81
82
103
82
114
92
87
99
106
89
81
85
99
87
103
99
99
92
75
82
117
95
96
89
83
93
111
94
88
93
106
93
109
89
99
99
105
78
112
108
86
103
89
106
101
91
107
95
97
81
98
96
103
100
97
107
85
118
99
107
96
109
91
99
83
105
91
97
106
91
101
109
88
91
92
99
94
112
103
99
86
95
92
98
117
115
102
99
96
84
82
80
102
89
96
120
99
80
93
119
121
98
93
93
96
110
84
99
88
92
91
99
100
81
92
92
70
94
106
84
89
108
118
92
118
117
109
101
106
105
105
96
89
119
91
96
91
101
91
93
79
93
116
103
103
102
100
91
82
103
106
105
92
100
118
108
96
83
104
110
95
88
108
106
86
126
77
97
106
97
99
92
112
89
101
119
112
106
104
104
101
98
100
113
91
110
96
113
114
97
87
89
83
103
89
100
83
94
112
132
105
94
112
91
107
101
111
94
109
91
121
106
103
101
116
87
97
114
103
87
102
98
92
106
96
112
95
101
103
101
129
123
99
97
107
112
88
99
113
86
113
113
116
112
129
94
104
112
100
111
116
102
96
89
106
96
108
96
116
102
90
81
105
118
97
94
112
103
94
104
105
103
92
103
96
110
85
98
101
91
87
125
141
111
128
109
95
116
96
111
95
111
105
101
108
102
96
91
111
105
99
122
117
103
81
109
125
135
114
96
119
109
94
113
125
111
105
107
111
99
127
123
123
104
135
100
122
98
118
103
116
101
105
89
116
87
114
109
104
102
108
102
99
116
110
136
105
99
106
120
95
112
96
107
107
130
129
95
106
98
91
122
119
136
110
105
107
122
97
131
109
114
103
122
122
113
120
108
96
116
130
122
119
102
127
103
92
109
110
99
102
97
104
103
103
131
105
119
125
133
137
119
108
131
119
109
99
96
104
110
96
129
114
106
130
107
106
115
102
119
114
102
107
123
115
99
107
119
110
111
124
116
129
125
124
135
97
106
119
116
121
116
109
112
117
121
113
104
100
129
119
129
116
142
100
118
123
114
111
114
99
117
128
114
120
119
110
112
116
118
129
129
118
131
124
109
114
113
120
104
118
133
128
106
128
131
120
124
104
103
130
121
106
113
110
102
108
103
118
105
104
113
122
116
136
123
117
139
106
140
127
141
122
117
100
111
100
118
113
114
108
122
127
118
112
124
112
112
113
118
134
99
110
128
114
122
112
127
111
114
139
113
121
103
114
125
125
128
120
115
120
111
118
118
114
124
104
139
116
118
111
119
116
140
133
106
122
112
117
105
109
125
118
122
130
136
135
146
119
122
143
122
117
121
111
114
131
130
127
106
120
132
130
113
139
127
124
126
127
126
105
131
127
114
113
134
93
145
121
132
113
138
118
120
153
153
147
120
130
136
113
128
138
132
117
140
138
104
125
153
125
126
112
126
119
137
136
125
123
109
138
150
113
117
124
104
130
113
121
121
119
155
136
139
117
146
117
107
120
128
116
124
129
132
134
130
107
125
123
126
110
117
120
137
111
129
129
129
125
139
123
116
105
119
108
120
115
124
126
117
121
109
136
119
116
112
137
123
119
103
97
141
112
123
103
97
128
111
121
112
128
107
103
111
108
103
103
111
100
102
133
96
104
90
97
93
98
108
93
103
115
122
99
101
100
99
95
85
109
118
125
97
83
99
95
106
97
102
99
104
88
94
79
95
79
96
95
115
80
89
93
94
79
88
85
88
97
104
96
100
112
86
83
82
100
84
99
104
90
91
96
98
87
88
78
97
69
95
88
100
102
84
91
99
101
88
84
97
92
83
107
85
108
80
84
97
87
96
85
106
90
90
100
94
92
98
87
85
87
105
94
93
78
89
84
92
90
94
83
101
86
90
75
90
81
117
81
85
104
96
101
92
103
71
77
105
108
92
102
85
101
87
72
100
63
87
118
97
95
91
94
106
88
104
87
98
104
96
77
104
89
87
94
92
102
90
92
76
101
79
77
92
86
98
91
95
99
85
85
94
92
93
88
77
93
84
90
101
86
82
78
85
101
94
78
96
102
80
94
87
83
97
88
88
91
96
88
79
92
110
76
101
111
103
68
98
98
90
91
95
82
90
91
91
90
75
77
95
105
93
97
84
86
90
107
93
83
87
99
80
78
95
81
96
87
89
90
94
91
81
81
90
78
68
85
100
89
80
87
86
93
79
86
75
91
83
86
81
95
97
77
77
76
98
85
85
68
92
91
98
92
92
83
97
76
95
121
87
87
81
76
82
103
97
93
86
94
84
82
86
98
90
87
79
79
89
82
86
91
87
81
101
62
98
90
87
67
77
79
78
91
83
82
82
94
91
67
79
78
71
71
91
77
76
93
81
97
91
89
91
77
79
86
78
84
82
83
111
78
67
80
81
106
81
78
90
86
93
79
100
78
82
89
84
95
95
98
101
78
104
83
71
96
90
95
80
87
86
84
76
77
80
74
87
90
88
97
92
83
87
93
88
77
77
78
84
92
90
99
92
86
85
92
85
83
100
80
95
82
77
80
70
83
73
91
83
91
67
87
77
76
89
96
66
79
88
96
87
70
85
85
88
77
77
96
83
82
83
100
85
73
81
91
103
82
83
82
80
83
81
83
91
62
62
108
88
92
82
68
81
94
88
80
84
86
78
96
92
77
95
77
86
85
88
74
89
86
85
86
90
94
96
72
63
92
98
103
68
93
92
94
99
81
82
84
70
78
81
83
82
93
85
97
67
82
102
95
76
76
82
89
71
83
93
81
87
79
94
84
66
73
67
53
76
75
84
92
83
88
94
94
103
72
77
88
94
68
82
81
82
85
79
75
74
78
94
71
89
75
84
92
88
83
71
95
101
73
79
98
93
93
86
65
101
100
74
96
82
100
68
83
75
79
69
89
93
88
82
90
80
101
74
89
81
59
93
93
69
88
89
82
90
95
86
79
76
95
71
76
85
85
86
91
68
76
66
85
91
77
64
90
71
66
65
70
87
82
68
75
105
81
71
88
72
77
89
93
88
71
75
79
85
94
87
107
70
85
65
82
75
86
73
91
74
71
72
83
73
79
87
75
72
91
92
78
68
87
90
88
86
79
86
90
80
71
79
87
71
83
71
75
79
81
94
96
84
71
73
93
67
69
79
82
84
81
93
90
93
91
84
74
83
67
75
89
66
84
74
89
66
73
89
79
82
82
82
74
74
80
78
71
77
83
74
87
91
81
84
95
99
87
92
83
81
82
77
71
72
89
89
75
72
77
88
79
76
84
91
75
82
76
88
62
80
77
60
84
103
78
78
79
82
72
81
76
65
66
76
77
81
78
86
63
75
65
79
75
64
63
69
70
69
80
64
84
75
62
72
81
65
72
63
62
69
60
74
89
58
68
83
85
67
51
66
66
63
66
56
69
56
54
55
66
66
59
63
68
41
56
61
56
53
66
51
57
61
63
53
49
62
66
68
54
49
51
60
60
61
53
65
53
53
62
48
42
61
58
61
52
57
46
57
53
49
50
33
63
50
68
46
67
67
46
75
56
61
46
52
47
45
62
45
36
50
54
68
44
51
56
71
51
38
56
64
68
71
46
50
48
50
56
42
55
51
42
67
55
50
46
54
46
54
53
60
41
46
53
43
55
62
53
56
40
59
40
56
50
36
46
36
40
53
34
50
43
43
58
45
42
70
43
40
42
39
53
41
43
49
45
56
40
46
47
51
44
62
39
39
45
61
57
45
49
63
44
47
61
41
47
49
55
35
47
37
45
49
44
42
59
34
50
46
57
53
50
44
45
41
49
48
47
49
50
59
42
33
53
65
55
59
45
45
65
43
72
36
39
50
49
45
69
65
53
59
57
64
52
54
60
55
52
55
47
49
48
55
52
59
51
44
62
67
58
52
38
48
54
66
60
45
69
55
65
55
48
62
65
62
71
55
66
58
63
80
57
67
55
77
67
63
59
86
64
76
74
91
77
85
80
80
126
127
193
301
463
765
1117
1678
2297
2923
3388
3804
4039
4020
3627
3053
2551
1950
1463
983
735
502
417
286
213
172
131
104
81
76
64
48
43
41
37
41
37
42
41
33
36
42
30
29
24
26
28
31
22
32
42
35
37
41
27
42
21
33
40
35
23
35
34
47
32
32
40
40
36
32
32
28
29
29
25
30
25
25
34
30
35
30
36
43
23
35
34
25
25
29
28
37
28
26
35
30
33
38
35
28
32
31
30
23
31
29
20
29
31
24
23
34
25
34
23
26
24
34
27
27
28
23
31
26
28
24
21
29
23
22
27
27
28
24
30
23
23
37
24
25
33
32
23
29
24
20
31
22
24
21
26
20
24
26
23
21
26
26
24
18
27
30
19
30
26
18
24
33
19
23
25
26
22
31
20
35
26
18
21
20
23
18
31
19
29
31
21
23
21
19
19
22
22
23
30
27
18
17
30
22
15
22
13
22
26
12
20
24
15
20
24
19
21
23
20
22
18
20
19
18
13
9
17
16
13
16
23
24
28
21
18
17
21
28
18
21
22
23
19
19
17
29
25
16
21
24
21
17
23
24
21
22
22
22
22
17
14
19
21
18
15
19
22
10
20
27
13
18
23
22
16
23
14
20
15
16
17
18
17
16
17
18
10
13
20
10
10
16
21
15
16
13
17
20
15
16
12
16
10
20
13
25
15
22
20
15
12
17
17
10
21
9
14
16
13
18
20
11
16
15
18
6
17
15
15
16
16
14
21
15
20
12
15
11
13
13
14
14
12
14
20
13
12
14
11
18
14
13
15
20
13
7
20
17
15
12
17
13
8
17
18
17
14
16
12
9
15
13
12
12
14
20
12
15
18
14
13
18
14
15
22
18
5
18
16
19
12
16
9
16
7
17
13
14
8
10
16
8
12
14
13
7
11
9
15
11
11
15
9
4
8
10
6
15
12
4
13
14
8
21
11
19
9
12
11
15
9
7
7
13
10
14
13
16
14
10
5
18
8
10
16
6
10
13
11
13
15
8
7
14
15
15
12
8
12
10
9
15
14
5
8
14
11
15
11
6
6
10
15
13
13
10
10
8
20
18
12
15
10
9
10
11
11
12
14
11
9
10
9
11
14
12
8
3
12
10
13
5
15
12
9
10
12
7
6
12
11
7
13
5
11
12
14
4
10
8
10
13
13
16
7
15
14
19
28
23
21
24
26
24
20
21
13
26
14
11
14
17
11
12
13
16
12
11
9
8
13
10
12
11
9
13
5
8
9
8
6
14
5
11
11
13
13
9
12
13
6
10
12
10
12
12
6
11
11
9
10
8
6
10
10
8
10
14
11
12
10
8
9
17
11
16
11
13
10
15
13
9
9
15
8
6
7
7
11
8
8
10
18
7
15
8
7
7
7
16
7
11
7
7
12
13
17
4
8
1
14
13
10
11
9
6
12
9
6
8
13
9
10
6
7
5
16
5
5
12
8
12
12
10
8
10
9
15
12
6
6
4
11
8
8
5
9
10
5
15
10
11
5
10
8
13
6
6
6
9
11
10
11
9
13
12
7
7
10
6
8
5
8
4
6
6
8
3
10
6
10
7
13
10
12
7
16
12
5
3
7
9
8
9
7
9
12
8
12
8
9
6
12
9
12
5
18
11
10
11
12
7
7
13
11
11
11
14
13
11
8
20
14
10
13
9
11
9
14
11
17
9
12
17
16
17
10
14
18
16
15
17
16
14
20
24
13
23
18
21
18
22
21
16
13
22
18
25
26
19
16
20
25
23
24
14
29
26
30
26
16
31
24
23
26
31
31
23
23
30
33
43
36
32
31
32
45
41
34
37
42
74
48
81
94
119
198
338
548
818
1215
1669
2250
2768
3176
3441
3524
3367
3011
2645
2097
1644
1243
883
657
447
298
220
180
110
77
67
44
37
28
15
13
16
7
7
10
2
5
5
6
3
4
5
2
4
0
3
3
2
4
2
4
4
5
3
0
4
3
3
6
1
3
1
5
0
2
1
5
5
2
2
4
3
1
2
4
1
1
2
2
2
4
2
4
1
2
0
0
2
5
3
3
2
2
3
0
4
1
0
0
1
1
5
2
2
4
1
1
1
0
3
3
2
1
1
1
1
3
1
2
2
3
0
2
0
2
2
2
1
1
2
1
2
1
3
1
1
4
0
2
2
3
1
1
3
1
3
2
4
5
2
5
4
1
2
1
3
1
3
2
3
1
1
3
2
2
1
2
2
1
3
2
4
3
0
2
2
0
2
0
2
4
2
3
1
0
3
4
0
4
0
1
1
1
0
1
2
2
4
2
2
2
2
1
1
2
1
0
1
3
1
0
3
1
2
0
3
2
1
3
2
3
3
3
0
1
0
3
1
2
4
3
5
3
4
4
3
4
6
4
2
6
2
4
3
1
2
1
4
1
3
0
1
2
2
3
5
4
2
3
2
2
0
1
1
2
1
1
2
0
3
1
2
1
2
2
3
1
2
3
3
3
4
5
2
2
3
4
1
0
1
3
0
3
3
1
2
1
2
0
2
1
1
3
0
1
0
3
2
3
2
3
2
1
2
1
0
1
5
2
2
1
0
2
0
1
2
1
4
2
2
0
1
3
3
2
0
0
1
4
0
0
2
3
0
4
2
2
2
2
2
2
0
1
4
0
4
1
2
2
3
0
2
4
2
0
3
2
3
0
1
2
2
1
2
2
0
3
2
2
3
0
3
0
3
2
1
1
1
1
2
1
2
3
5
2
5
0
2
2
3
0
0
2
2
2
1
3
1
1
0
1
0
1
4
0
3
1
2
1
1
4
3
2
0
1
0
1
2
5
3
1
1
3
0
1
1
1
4
5
0
2
0
1
1
1
2
2
4
1
1
2
1
2
2
6
1
1
4
1
2
0
4
1
3
0
4
0
5
0
1
1
2
2
3
1
4
0
2
0
6
3
2
0
5
0
4
1
1
4
1
1
1
3
2
0
3
3
1
6
3
0
0
1
1
2
1
0
2
2
2
2
1
0
2
4
1
3
1
2
2
1
1
1
2
2
2
5
4
2
0
2
0
0
1
1
2
1
2
3
1
4
3
1
2
1
1
3
2
1
2
3
1
2
4
1
0
0
1
1
0
3
0
1
2
1
0
0
0
3
0
0
3
4
2
1
1
0
3
1
2
2
4
2
0
1
1
3
1
0
2
1
4
0
2
3
1
2
1
1
0
1
2
0
0
1
1
1
2
1
3
2
1
4
3
2
2
2
0
1
3
2
3
1
0
2
4
2
0
1
2
1
0
3
2
3
2
2
1
0
2
3
0
1
4
0
2
3
2
1
4
6
12
3
9
12
21
23
34
38
45
54
47
54
55
42
35
27
31
20
14
13
8
6
6
3
4
3
2
2
4
1
0
2
1
3
0
1
0
1
0
0
0
3
2
0
1
4
1
2
0
3
3
2
2
0
3
0
3
0
1
3
3
1
1
0
1
5
2
3
1
1
0
1
3
2
2
2
0
1
2
1
2
2
0
1
0
0
1
1
3
3
2
1
2
2
1
1
1
1
0
0
1
0
2
1
2
2
2
1
1
0
0
1
2
1
2
1
1
1
1
0
1
2
2
1
2
1
0
0
0
1
1
1
1
2
2
2
1
2
6
2
0
2
1
1
0
1
4
1
1
1
1
0
0
0
2
2
0
1
2
3
2
3
1
1
2
0
3
1
0
5
1
0
0
1
0
1
1
1
1
2
3
0
1
6
1
0
0
1
0
1
0
0
2
2
1
1
0
1
1
2
4
0
2
0
0
0
1
2
4
1
2
0
2
1
0
1
0
0
2
1
0
3
1
0
1
1
3
2
0
0
2
0
0
0
3
0
1
0
0
2
2
0
0
1
0
1
0
2
2
2
1
2
3
1
0
3
1
0
1
1
2
2
2
0
0
1
1
0
3
1
3
1
0
0
2
1
2
0
0
1
0
0
2
1
1
2
2
0
2
0
0
0
1
2
1
0
1
2
0
0
0
0
1
1
3
0
3
1
1
0
1
0
1
1
0
1
2
1
0
1
1
0
3
4
1
0
2
1
1
1
3
1
1
1
1
2
1
1
0
2
1
1
0
2
1
2
1
1
1
1
1
0
0
1
0
1
1
2
1
2
1
2
4
0
0
0
3
0
2
0
1
1
2
1
0
1
0
1
1
0
1
0
5
2
1
1
2
3
3
1
1
1
1
0
0
1
0
1
0
1
0
2
1
1
0
0
2
1
0
0
2
1
0
0
1
0
1
0
0
0
1
2
0
0
1
0
0
0
1
3
1
1
0
1
2
0
0
0
0
0
3
2
1
1
1
1
0
2
2
1
2
0
0
1
1
1
2
2
1
2
0
1
0
1
0
2
2
1
0
1
3
3
0
1
2
0
0
2
2
1
2
1
0
0
2
1
2
0
0
0
0
0
3
0
2
2
0
2
0
0
0
4
0
0
3
0
3
0
0
0
2
1
0
1
2
1
0
1
0
3
2
0
2
1
0
0
1
1
0
0
2
1
2
2
0
2
0
1
1
1
1
0
1
0
1
1
1
1
1
1
0
1
0
3
1
0
0
1
1
2
2
0
2
2
1
1
0
0
0
1
1
1
1
1
1
0
2
1
2
1
0
1
2
0
3
1
1
2
0
1
1
1
2
1
1
0
2
1
2
0
2
1
1
1
1
1
0
1
1
0
3
3
3
0
1
1
1
3
3
1
0
2
1
0
2
1
1
1
1
1
1
1
1
2
1
0
0
0
1
0
1
1
1
1
2
1
2
1
4
0
1
1
1
2
2
1
2
3
3
0
1
1
2
2
2
0
0
1
5
0
3
0
0
1
3
2
1
2
1
1
1
3
1
2
0
0
3
0
1
1
2
3
0
1
1
0
1
1
3
0
0
0
0
1
1
1
1
0
2
2
2
1
0
1
1
2
1
2
0
29
18
24
21
25
34
15
20
13
33
24
15
19
22
22
17
19
18
17
27
20
27
23
25
20
21
18
27
24
23
22
12
22
24
31
21
28
27
27
25
18
23
22
15
25
22
25
20
22
22
21
20
17
23
17
28
15
22
16
33
26
15
30
23
20
24
17
21
18
19
13
14
22
25
23
18
22
22
21
18
20
26
17
19
15
23
16
22
20
22
21
15
28
24
19
20
33
24
21
18
15
24
24
23
18
22
19
19
23
17
16
17
22
14
10
21
20
26
21
21
27
18
22
16
23
25
28
10
