0
0
0
0
0
0
0
0
0
0
0
0
0
0
0
0
0
0
0
0
0
0
0
0
0
0
0
0
0
0
0
0
0
0
0
0
0
0
0
0
0
0
0
0
0
0
0
1
2
4
5
3
1
1
3
4
2
2
4
1
3
2
4
5
5
3
5
4
7
7
1
10
9
10
8
10
9
14
8
23
21
30
33
41
39
56
59
67
85
70
85
102
129
179
179
207
242
251
327
368
408
498
557
660
755
850
1098
1293
1151
944
755
637
469
268
112
80
99
103
114
143
130
191
201
203
245
260
269
292
275
339
342
381
347
400
381
398
381
376
325
289
238
211
178
160
150
150
158
183
210
240
246
284
287
320
332
343
328
339
393
290
268
251
220
216
182
191
168
215
247
252
262
313
312
294
299
296
264
250
241
252
217
189
225
213
230
248
264
251
266
259
266
268
250
258
239
214
235
225
240
238
237
288
280
249
290
266
284
268
231
230
243
234
200
241
243
227
242
270
270
265
254
261
274
236
223
238
256
238
250
233
248
254
281
246
260
254
258
264
246
255
248
246
220
229
200
273
252
251
233
257
256
270
263
244
267
266
245
231
242
242
238
242
222
253
237
260
241
254
244
253
261
258
276
276
251
271
249
242
249
257
224
252
233
229
248
254
232
308
257
275
264
291
264
251
249
263
260
252
232
264
253
252
268
251
254
260
230
270
252
268
266
296
263
267
254
293
294
243
271
263
224
257
248
242
259
271
263
264
253
243
272
271
244
263
265
257
262
304
247
271
264
270
264
265
247
268
286
286
251
285
251
277
254
260
250
259
262
271
276
265
283
281
257
252
250
261
249
250
258
266
290
278
275
276
263
266
277
269
242
257
255
283
281
276
299
245
253
264
274
268
289
287
246
280
276
267
230
279
273
260
263
249
265
257
290
277
252
286
258
263
284
229
232
256
263
243
284
258
252
247
266
272
273
286
264
260
263
267
235
270
283
273
277
272
251
255
259
298
261
293
238
262
251
252
244
258
268
241
278
275
277
235
269
267
250
247
241
240
283
229
255
253
236
259
257
269
260
280
261
269
267
250
252
251
278
240
259
262
283
264
252
272
260
257
249
232
265
256
285
231
287
237
252
270
256
267
272
251
285
245
284
290
270
259
278
282
235
256
255
254
240
269
272
261
267
257
248
261
236
248
242
260
236
248
248
231
254
233
246
260
240
269
253
274
254
269
281
277
249
288
255
263
289
240
247
244
252
275
248
281
264
251
277
231
274
248
266
269
258
267
238
277
274
270
246
255
256
259
258
239
254
270
264
250
263
244
236
280
265
263
261
308
246
257
247
250
261
252
257
260
269
270
239
271
254
254
253
259
253
269
244
226
278
247
290
237
260
269
260
246
251
238
249
254
263
234
265
269
266
229
256
233
217
250
296
249
258
269
246
239
260
264
257
231
269
251
271
248
248
220
248
261
238
231
283
234
239
237
259
248
229
236
267
217
241
253
294
239
247
263
228
236
244
270
252
247
242
254
237
254
276
245
264
225
248
235
257
270
254
241
232
267
266
242
296
294
257
272
231
271
234
228
235
215
250
240
225
235
253
254
241
248
240
198
215
199
244
203
237
220
255
244
260
259
213
233
232
264
246
206
229
210
239
220
223
262
251
232
246
228
235
241
249
229
237
251
228
232
237
212
246
266
231
204
249
247
199
241
239
235
250
222
234
244
267
211
224
238
227
221
253
230
238
226
225
235
244
211
249
221
226
263
227
230
213
239
222
235
230
248
233
244
268
226
206
215
228
221
240
230
273
235
244
221
230
231
216
263
244
233
219
211
247
220
226
237
225
219
201
216
248
238
220
246
230
201
211
207
263
234
238
248
220
234
222
225
215
235
217
242
246
218
230
228
222
240
223
208
216
223
228
207
216
235
219
242
228
217
225
227
230
247
233
196
234
201
219
211
221
227
225
252
209
218
236
227
210
228
219
213
252
223
237
234
227
243
217
240
223
233
211
214
217
224
208
220
245
232
224
220
233
258
220
250
223
225
187
220
208
231
222
230
241
220
218
241
234
224
221
235
232
229
238
242
216
221
245
221
236
239
222
258
219
245
197
241
219
231
206
245
198
236
233
233
214
253
254
232
222
256
232
233
233
199
215
229
235
255
242
231
246
247
263
234
237
241
223
266
203
224
263
224
228
237
234
236
259
236
254
234
235
237
231
262
239
255
229
275
265
278
268
263
262
286
256
272
267
287
323
275
328
283
263
265
280
301
288
273
284
287
297
325
306
283
286
304
309
295
292
298
318
314
304
329
301
291
292
307
330
301
304
288
298
293
290
336
306
294
271
287
298
268
310
267
249
299
284
284
270
260
262
254
255
267
234
273
234
254
255
267
268
238
234
247
237
238
233
219
221
243
241
253
237
234
211
214
237
244
240
221
220
249
261
187
233
235
237
229
231
234
225
231
220
221
233
208
200
216
232
211
201
206
211
220
204
230
222
225
218
220
228
220
178
211
203
209
206
205
193
200
225
211
213
220
198
204
240
201
204
233
195
207
220
208
208
204
203
208
223
265
270
297
278
228
227
210
223
220
226
219
209
203
218
207
205
198
210
233
205
220
179
227
213
218
221
228
243
194
206
192
207
176
190
200
196
193
190
183
178
185
200
195
212
197
176
205
203
228
213
204
194
182
171
226
191
207
182
183
179
200
210
176
193
198
174
193
190
208
181
217
192
208
226
230
187
185
204
173
194
199
188
165
194
214
191
194
194
190
214
179
185
185
181
196
186
208
201
183
186
189
205
185
191
177
183
189
174
196
195
185
194
155
177
167
186
176
176
202
163
171
185
190
183
185
192
179
205
174
186
190
210
165
152
209
184
184
193
178
182
203
207
193
176
163
183
184
183
201
189
203
167
194
182
193
188
199
189
219
166
188
169
185
194
178
185
197
168
179
200
189
194
176
176
213
179
193
204
187
181
190
176
169
178
212
172
163
202
190
164
203
179
184
163
170
172
205
209
203
175
203
188
161
191
162
196
178
194
143
191
168
188
168
200
184
189
174
188
198
176
173
190
196
162
183
169
192
192
194
161
192
181
154
163
175
200
161
171
174
152
175
181
184
171
173
166
183
209
161
166
153
191
184
179
187
184
157
178
181
162
188
202
177
187
170
175
172
172
173
175
181
158
192
187
196
178
187
180
181
186
171
175
197
189
182
178
173
170
192
183
188
200
247
197
196
202
187
203
176
182
180
156
148
169
169
189
187
175
184
171
185
170
186
162
163
188
195
170
179
200
158
171
182
174
200
187
171
183
198
161
142
148
169
167
183
178
180
173
201
174
169
182
180
167
154
173
173
154
192
199
217
163
147
188
197
161
177
181
171
150
189
166
168
184
160
157
188
183
220
186
195
220
221
203
171
157
176
163
191
166
151
176
172
188
192
181
145
160
160
172
161
192
180
172
176
200
170
163
181
170
165
162
161
178
155
173
183
173
155
158
178
176
173
153
190
160
178
172
171
173
148
151
171
146
176
169
170
163
173
156
170
175
164
185
158
168
172
192
165
140
163
165
171
181
172
176
168
161
182
176
186
177
172
143
172
170
184
166
173
172
144
172
179
162
172
154
176
163
193
169
166
158
171
162
162
166
158
159
166
157
157
171
166
174
137
179
152
171
167
168
152
173
165
185
167
180
172
160
138
158
180
164
182
165
172
161
157
166
159
179
176
197
154
144
185
180
176
178
181
161
172
155
182
162
170
153
166
150
158
158
148
160
176
151
195
164
159
163
162
156
160
168
162
178
165
138
187
160
163
160
171
165
158
161
159
159
172
148
165
149
169
164
164
156
162
155
170
176
151
160
198
181
162
144
139
179
186
152
192
172
200
193
188
188
163
159
141
172
140
178
150
185
175
166
180
163
152
163
150
179
144
172
150
182
143
164
172
174
178
160
161
159
168
163
181
154
149
163
176
176
174
157
177
177
157
159
163
157
167
154
168
158
175
159
139
152
161
163
201
157
150
163
156
146
148
158
154
163
163
174
148
151
175
136
164
150
157
183
157
173
148
168
155
167
164
147
138
155
170
144
164
156
181
173
150
151
169
158
178
142
169
167
158
143
146
152
181
157
172
150
166
157
172
161
144
149
159
159
148
158
152
167
161
159
146
159
161
162
144
138
164
174
154
174
158
173
173
168
127
136
163
160
133
184
167
158
174
174
160
141
141
183
148
161
161
162
161
147
160
177
162
148
166
153
152
174
174
161
153
160
141
161
160
164
144
144
163
160
148
143
168
143
138
151
155
158
150
149
148
153
178
168
150
177
154
163
169
150
155
151
174
153
141
173
158
167
163
162
151
171
165
160
156
165
192
148
157
142
136
144
162
155
144
151
154
144
146
152
146
145
168
154
157
163
163
155
147
174
143
161
157
141
133
177
162
124
164
158
140
166
142
172
128
166
158
161
148
147
151
133
158
165
156
139
154
159
134
156
160
136
151
171
152
131
156
162
154
150
148
161
151
156
148
171
135
140
159
156
159
148
182
151
144
143
143
184
154
150
149
157
165
170
154
167
160
133
144
154
172
127
127
146
170
177
149
172
165
140
167
141
138
155
136
171
138
139
156
157
167
158
168
143
162
156
165
157
166
141
156
140
144
183
161
162
139
153
146
173
122
136
156
150
165
172
174
152
170
140
149
135
157
152
172
153
172
159
177
137
165
146
147
135
147
133
144
133
156
141
154
153
144
142
150
145
160
149
144
172
156
150
142
147
143
173
154
148
149
147
157
172
135
149
156
163
171
143
103
170
138
146
167
155
155
121
130
150
150
122
165
152
151
158
136
142
160
145
136
164
133
148
139
151
145
161
142
137
141
145
162
165
137
145
156
147
142
142
156
144
159
131
144
107
164
127
148
146
152
160
124
147
157
143
136
130
148
152
140
151
150
136
136
157
145
159
144
149
147
151
139
129
172
125
152
134
166
151
134
154
154
153
136
163
151
147
131
145
153
137
147
148
172
124
145
153
130
139
168
135
150
147
151
155
149
137
144
146
160
161
139
164
140
144
136
144
165
156
163
151
118
134
156
155
148
155
138
121
145
153
155
132
136
153
144
154
154
167
135
137
144
159
157
167
138
166
157
140
133
130
149
133
146
139
143
156
145
145
147
152
143
159
137
139
143
142
149
127
146
143
124
121
140
130
143
147
140
160
143
142
139
157
150
143
145
143
153
154
159
154
140
144
125
139
130
146
157
149
148
145
147
154
131
116
147
145
144
143
128
133
157
160
132
123
128
138
137
149
148
136
145
148
145
139
125
131
148
130
141
139
164
147
155
161
153
143
152
136
138
134
118
149
144
152
148
168
140
169
155
133
130
136
139
146
150
152
157
135
140
146
144
144
130
148
175
143
173
138
164
147
146
141
153
160
141
143
148
152
140
135
157
162
152
123
147
145
131
145
157
123
145
144
153
142
120
133
150
145
139
163
154
144
148
127
144
155
159
142
136
135
142
138
138
149
132
136
155
160
136
132
142
143
130
136
147
157
127
141
170
158
138
150
134
145
149
135
139
135
130
125
157
152
155
143
141
124
150
124
150
131
142
144
149
141
145
141
153
140
127
140
144
149
132
145
143
119
132
150
138
125
131
152
130
125
119
129
125
160
153
140
130
142
141
139
150
125
149
151
149
129
136
156
156
137
144
149
148
155
133
149
145
159
158
168
177
156
154
174
169
158
150
146
146
143
130
142
128
148
139
142
142
142
173
142
171
143
122
136
125
141
146
121
161
144
137
145
149
166
149
136
149
149
141
132
140
181
152
143
160
134
150
146
155
137
134
149
147
129
149
133
153
131
143
156
134
135
150
123
140
138
137
138
127
128
144
132
128
132
140
118
141
147
130
139
159
149
157
136
151
124
166
147
136
148
145
156
178
151
137
139
149
146
132
137
137
157
136
135
144
148
144
151
130
147
137
144
140
127
135
161
150
159
133
138
148
160
140
137
133
134
133
132
135
123
158
140
121
160
148
136
123
128
133
145
120
151
170
155
131
154
144
155
137
148
126
137
141
136
161
133
143
126
143
133
148
143
148
141
149
148
122
115
148
146
160
125
162
155
137
150
154
156
137
147
144
122
142
153
117
140
122
139
136
153
134
145
144
153
138
144
121
129
126
164
135
138
142
127
138
132
126
137
147
158
131
158
146
136
135
128
135
129
143
133
139
133
148
159
140
136
146
138
167
144
141
125
150
142
151
143
159
150
113
119
127
137
149
145
156
136
132
139
144
159
150
149
129
143
137
146
149
129
137
144
149
140
153
148
113
148
140
151
154
141
158
134
130
151
170
131
141
158
155
148
138
125
157
136
156
149
133
135
129
154
134
124
147
144
132
127
136
152
142
134
125
152
137
125
115
140
153
156
138
115
152
146
153
164
159
163
130
118
160
120
130
162
153
148
141
139
143
138
158
149
130
146
145
123
128
145
154
134
145
138
127
124
132
135
156
149
141
162
140
159
143
145
159
139
129
134
142
139
149
147
185
127
133
171
119
174
145
171
125
175
156
155
145
143
123
151
156
156
159
154
143
143
146
136
133
122
168
129
145
133
160
144
137
138
155
146
140
148
142
131
123
121
109
158
140
131
138
153
162
147
140
159
125
143
130
145
135
124
149
165
130
145
140
148
132
105
143
146
141
159
146
166
141
129
131
146
147
131
148
138
139
146
138
152
153
116
159
143
158
148
142
125
155
152
118
145
136
127
153
142
132
155
115
140
144
149
152
133
137
136
137
135
139
164
166
144
142
138
161
159
152
142
150
158
143
133
115
158
146
161
130
141
129
171
148
151
135
136
156
161
154
166
169
159
173
146
161
125
123
147
140
138
143
140
145
145
136
133
143
156
146
134
175
167
138
136
108
150
155
143
159
154
135
134
152
141
164
143
138
150
142
127
149
158
173
159
164
151
139
145
153
149
148
162
148
160
177
126
151
146
139
123
148
132
147
125
125
154
129
155
154
159
128
153
123
153
145
111
139
139
133
131
126
131
147
143
142
166
141
134
134
133
152
160
124
137
121
136
124
140
130
157
160
131
129
150
127
138
144
143
152
134
126
144
149
162
146
156
127
138
144
148
139
150
144
133
137
131
131
127
165
139
125
155
143
130
139
138
149
159
137
142
149
141
143
153
151
156
125
136
140
133
167
138
156
133
159
168
156
134
147
150
128
133
146
159
136
144
130
152
147
137
135
158
154
118
146
149
123
154
157
153
142
167
148
135
144
154
128
141
143
152
146
147
149
135
124
146
158
125
140
126
162
140
142
158
151
156
166
135
131
153
124
150
121
149
148
157
135
127
153
143
145
142
143
134
172
143
136
156
155
152
125
144
145
158
116
169
135
131
143
150
147
140
121
130
163
147
165
163
134
124
152
133
137
144
164
156
150
148
126
128
145
141
147
160
130
135
159
153
148
163
147
139
144
158
182
146
160
164
135
146
140
125
154
136
148
153
114
170
133
189
137
168
128
126
137
150
153
160
149
143
148
156
142
137
163
146
126
138
148
154
173
145
121
143
137
142
172
156
154
147
149
155
174
141
150
172
144
162
135
166
151
160
137
146
139
160
141
134
158
148
156
111
161
175
157
109
148
177
149
153
138
135
152
133
149
160
140
152
157
158
169
161
134
168
154
147
141
127
128
136
153
153
143
159
151
146
139
133
134
149
141
151
144
152
152
155
144
141
137
142
158
151
147
135
123
148
147
158
150
141
163
149
152
147
172
130
154
148
146
155
140
152
153
144
148
132
136
180
144
137
146
145
160
157
162
155
143
123
137
148
132
172
155
164
160
125
144
140
143
122
140
130
145
174
167
154
153
158
168
136
151
129
147
156
134
136
165
155
162
147
147
142
154
141
138
147
153
130
144
166
129
149
135
144
142
138
145
150
147
143
171
175
135
153
163
157
136
134
176
148
156
122
133
148
151
153
167
142
137
154
155
168
145
144
158
144
138
137
141
131
169
157
164
153
145
149
158
130
121
135
154
161
148
158
176
154
170
134
144
165
157
159
143
183
161
140
140
145
153
143
121
155
145
157
147
158
161
158
158
144
169
145
128
156
135
142
150
165
147
155
124
146
154
146
152
158
158
170
164
164
143
154
158
158
137
171
161
146
167
148
159
162
157
149
140
167
142
143
151
160
150
172
123
166
151
148
150
175
160
174
155
155
166
177
135
153
163
135
159
138
177
145
158
148
150
170
172
140
157
166
150
152
132
140
165
167
151
158
152
134
145
139
151
149
166
143
165
148
159
178
167
183
153
166
168
179
161
155
154
141
144
164
149
165
176
168
129
144
136
168
168
179
178
162
157
158
165
139
151
135
184
159
155
137
163
171
152
148
130
155
152
149
166
163
167
150
148
163
151
136
145
146
158
168
160
170
156
167
148
163
152
148
149
145
172
186
140
152
135
143
175
179
161
138
164
153
178
131
162
151
153
169
163
144
160
155
160
175
160
163
167
168
151
144
144
166
154
169
133
167
155
169
172
178
165
149
155
155
139
163
157
150
159
169
166
154
160
158
152
133
164
166
165
167
152
153
160
170
146
163
148
158
146
152
178
155
146
148
161
172
130
160
175
151
154
178
167
160
161
136
160
168
156
164
172
152
165
145
149
170
173
141
159
153
168
148
150
153
151
154
155
163
163
163
147
180
166
159
161
169
172
176
139
184
158
168
153
167
154
172
171
152
172
180
152
152
171
155
162
163
185
157
188
181
141
172
156
167
144
158
177
151
149
161
144
187
166
167
157
150
162
165
195
174
135
164
167
170
152
154
144
167
162
153
159
164
163
148
185
146
185
151
173
172
157
162
179
164
170
156
151
148
160
165
166
173
157
143
180
162
159
135
181
186
163
162
165
161
162
154
172
182
155
165
151
171
176
162
184
141
165
180
165
159
162
162
169
166
168
162
158
154
171
138
156
191
156
160
158
161
181
178
171
174
157
170
172
172
157
166
147
151
182
161
156
179
181
168
172
159
160
144
164
168
151
172
173
171
165
173
149
164
149
158
176
176
162
167
155
166
155
165
165
179
162
169
157
173
184
181
163
166
165
166
176
172
157
172
149
178
170
162
179
155
166
170
162
173
148
176
168
148
195
174
168
183
185
161
177
159
167
158
180
154
187
187
182
152
165
158
167
185
183
192
208
186
183
149
169
181
175
171
170
215
155
185
187
153
174
196
194
164
167
168
159
188
169
179
172
179
191
170
169
158
199
180
160
163
182
180
162
176
191
164
187
162
188
185
195
180
185
195
188
198
180
205
177
209
196
188
178
179
157
193
192
208
182
178
181
184
164
194
182
187
177
171
165
197
181
202
156
173
178
167
181
174
175
158
183
178
180
190
180
170
181
186
177
182
182
174
161
174
194
198
193
153
182
190
196
185
168
166
160
179
165
185
150
182
202
205
197
195
184
187
177
197
190
205
156
188
200
197
184
191
173
184
195
199
167
171
176
194
192
184
190
172
179
170
171
179
179
197
176
168
189
192
193
196
187
173
172
198
173
171
203
194
171
189
187
169
180
194
185
185
173
170
208
177
182
175
185
162
187
204
178
202
173
202
160
143
196
199
185
184
202
182
174
191
176
192
178
186
184
195
191
187
188
174
197
194
217
198
177
191
204
194
190
198
223
200
195
177
203
189
188
211
172
196
177
180
194
168
179
175
195
184
187
194
179
180
171
170
188
190
177
208
178
186
201
201
185
172
220
195
181
187
166
202
179
186
199
191
175
208
198
192
191
194
180
190
179
171
196
176
218
216
208
203
176
183
208
186
169
205
182
196
202
188
181
182
191
190
194
199
199
190
182
206
191
192
201
180
210
207
196
203
205
209
208
213
202
176
168
200
189
186
191
210
224
195
212
180
204
186
204
197
237
180
205
198
219
230
184
183
180
237
201
186
190
201
182
193
204
193
202
239
213
207
200
176
192
217
237
183
195
196
191
187
217
185
220
206
193
213
211
188
200
183
199
218
191
191
183
228
193
221
228
214
205
199
194
212
229
207
204
220
192
188
196
217
210
197
202
208
215
182
214
204
203
221
204
200
195
217
218
214
247
228
193
209
215
206
204
216
211
191
200
200
198
230
205
191
209
222
213
198
215
185
200
221
211
216
227
209
227
208
218
204
224
216
211
220
241
240
205
208
199
202
203
240
225
228
212
210
189
225
202
244
196
196
209
227
242
207
211
225
213
232
200
216
236
210
205
229
241
226
216
206
190
223
219
227
224
208
217
203
228
238
207
224
232
218
215
225
232
192
208
242
236
213
219
251
252
206
261
237
238
261
256
261
214
228
217
219
229
246
225
219
211
212
227
196
231
209
220
215
246
231
223
233
220
219
225
221
244
217
239
206
233
200
234
244
229
247
227
232
217
233
246
245
230
224
225
210
224
239
231
217
234
243
263
241
220
255
249
254
246
216
236
211
244
253
241
228
225
216
254
257
225
215
210
228
258
240
245
237
235
226
243
225
227
210
234
239
222
242
269
241
227
235
231
259
233
236
246
241
255
225
254
237
229
233
268
220
251
248
252
247
261
236
261
256
239
261
222
254
251
238
232
242
224
243
214
234
241
262
242
252
270
264
242
232
215
243
252
247
248
248
227
255
242
255
280
259
226
248
252
248
268
245
234
235
236
262
240
233
261
235
247
249
244
265
226
248
266
236
259
222
235
210
225
230
220
232
248
255
254
247
231
247
256
245
245
243
269
240
245
242
233
247
233
241
232
285
234
274
255
232
237
263
246
249
250
241
247
249
265
280
249
257
262
237
228
236
243
258
243
235
249
265
243
221
246
254
261
241
228
248
251
250
244
234
241
245
242
217
246
274
230
250
236
260
252
269
225
274
235
227
243
243
244
270
224
249
226
249
230
243
210
246
244
213
241
234
237
207
222
226
221
202
220
221
217
210
223
213
216
185
204
198
190
195
195
221
198
205
202
204
209
201
200
222
179
189
226
197
173
212
201
196
212
188
176
204
180
185
188
178
176
191
197
174
174
187
176
185
205
182
210
193
197
191
189
191
181
192
196
177
156
186
190
197
196
196
201
187
179
162
189
206
205
209
178
196
197
204
159
183
188
194
160
184
185
192
173
204
208
178
205
181
198
183
199
204
173
198
168
207
174
173
212
163
196
189
169
166
189
198
165
193
198
182
202
172
181
171
174
174
175
168
167
157
187
218
196
182
194
192
179
172
198
182
201
164
165
163
199
203
176
191
186
168
183
162
183
189
187
189
180
161
181
171
167
191
195
176
195
199
185
196
175
178
187
180
198
190
182
182
154
188
166
205
168
165
175
188
172
173
184
183
154
209
183
182
172
156
160
168
180
172
165
163
188
180
176
177
184
186
181
179
172
175
142
162
176
168
177
174
181
173
170
175
198
191
167
169
193
174
181
188
177
143
164
166
190
197
168
173
167
179
199
179
194
162
172
180
161
160
171
189
177
173
176
168
156
218
164
151
174
194
166
173
174
166
158
174
166
171
163
169
153
180
177
159
175
181
161
166
181
154
157
170
170
177
175
178
165
175
177
165
197
174
178
160
162
164
173
150
142
164
184
159
156
186
167
158
184
171
178
173
175
172
173
187
162
171
163
183
165
162
141
187
169
165
166
183
174
156
177
196
175
171
142
159
166
178
164
167
181
186
163
184
185
176
169
184
142
162
141
166
150
162
162
150
158
175
162
165
148
166
170
154
198
158
148
163
174
160
172
167
164
153
161
171
173
179
147
169
171
161
189
170
164
150
163
172
189
150
168
166
158
164
153
159
171
174
182
178
170
191
167
157
146
142
164
159
160
169
169
168
171
166
159
172
191
168
159
150
177
147
152
144
145
160
144
171
155
161
166
145
167
132
151
159
170
135
148
179
160
144
155
152
145
147
170
167
157
140
173
148
150
163
165
157
154
131
159
135
166
151
153
170
171
168
161
163
145
170
190
153
132
162
161
154
142
157
166
147
146
152
146
146
167
170
159
144
157
166
167
162
146
166
144
165
140
151
175
139
152
148
172
159
171
141
172
158
142
168
178
152
164
149
182
166
173
159
157
153
139
152
140
164
187
144
120
165
170
165
166
161
156
135
133
153
164
180
138
141
156
157
161
149
157
167
166
148
144
148
138
179
167
182
157
155
186
136
127
153
138
155
151
148
155
162
141
167
165
137
154
159
148
173
168
141
181
173
146
160
150
157
152
148
143
159
144
163
158
173
159
184
168
136
176
174
154
146
162
164
136
168
144
160
149
170
154
145
151
184
165
153
167
148
152
180
156
155
168
128
152
148
163
161
134
163
151
170
149
150
127
144
158
176
162
147
164
175
145
161
178
163
159
138
170
162
158
140
147
155
149
139
163
158
169
168
148
141
158
182
146
162
165
174
158
159
184
164
192
169
183
140
152
177
171
151
154
172
148
181
163
165
147
148
168
189
165
179
179
168
157
167
179
176
195
154
156
170
170
175
134
176
150
168
158
146
126
134
152
156
182
154
142
181
158
135
142
162
162
157
145
164
163
167
158
170
155
178
168
165
133
160
170
173
135
170
184
174
165
177
161
159
161
156
169
178
153
143
155
144
137
157
161
147
155
163
168
154
166
145
156
149
166
145
153
150
160
164
148
156
142
132
157
151
140
127
160
150
150
132
148
137
139
138
138
145
138
155
141
151
145
129
129
138
140
151
142
122
136
142
122
125
109
132
123
133
137
142
106
141
134
125
126
102
114
140
131
116
118
135
122
127
106
126
119
121
96
114
122
121
104
111
112
109
106
123
108
94
113
102
106
104
112
102
87
108
112
101
109
108
93
94
96
122
107
98
92
102
90
97
115
108
114
94
108
89
92
115
121
90
83
98
102
101
93
109
110
96
113
95
107
92
111
112
98
104
96
102
102
104
89
86
103
108
89
108
92
95
86
87
90
101
100
85
97
102
106
83
104
91
99
104
95
106
86
102
89
91
101
106
87
93
93
92
92
100
107
72
79
95
92
84
113
93
91
76
88
90
94
97
101
93
88
81
83
93
88
84
82
90
85
92
100
80
91
81
90
86
87
82
100
91
93
94
82
89
98
91
100
90
111
90
95
92
92
101
103
96
84
99
90
96
97
97
106
93
83
92
89
113
100
107
90
111
95
106
102
122
119
105
103
106
114
104
118
123
110
121
106
110
116
128
119
111
129
127
133
135
129
126
103
124
126
128
134
108
106
118
114
126
139
128
137
136
139
134
137
122
143
150
157
137
156
142
157
134
159
161
153
166
152
154
193
180
172
163
206
173
180
193
200
224
201
270
341
491
704
1083
1651
2523
3541
4867
5967
6829
7478
7819
7579
6795
5904
4851
3766
2886
2119
1630
1306
970
759
599
487
362
333
247
218
161
127
117
130
99
96
94
73
86
90
86
71
65
69
61
52
71
67
74
58
60
70
67
61
59
51
78
58
65
63
61
58
56
62
53
75
57
53
49
70
68
56
56
50
39
48
65
44
50
56
46
69
56
53
67
53
59
56
48
62
51
51
34
59
53
61
52
63
59
46
57
60
78
57
65
51
44
54
64
37
50
53
59
46
50
48
49
42
42
43
54
51
43
56
47
61
55
50
52
51
52
51
48
52
37
66
44
58
42
46
53
45
55
53
47
52
45
46
41
54
52
34
42
55
36
40
39
40
50
48
30
48
47
43
51
43
44
51
38
45
44
47
47
36
56
48
37
39
44
54
34
39
39
39
32
44
30
52
41
31
39
51
39
31
39
43
45
48
29
35
42
33
40
30
34
41
43
23
35
34
46
34
40
35
32
44
40
41
25
37
32
37
28
34
32
42
30
29
34
33
31
29
35
35
48
34
42
31
38
34
43
35
27
28
32
28
26
34
30
36
30
28
27
30
33
38
28
44
23
41
34
25
30
31
44
33
24
26
22
25
26
28
28
36
26
27
29
38
14
27
26
32
30
25
26
31
21
31
38
33
28
24
32
20
26
23
27
25
18
25
25
23
29
22
30
21
18
35
30
32
19
21
21
33
20
32
27
25
24
26
23
27
35
22
22
23
14
21
14
18
27
20
20
27
26
17
21
21
23
30
32
30
26
21
23
23
22
30
25
26
20
24
22
20
23
16
19
26
19
17
14
22
16
18
20
16
16
21
16
21
13
17
23
19
26
17
20
19
22
23
21
25
15
23
23
18
21
20
17
16
22
22
27
12
18
20
18
19
30
24
22
19
17
21
26
15
27
16
29
25
16
31
17
16
15
19
20
23
24
21
17
24
26
29
16
15
14
19
17
20
22
14
22
20
19
23
14
18
13
18
14
15
27
15
25
22
23
20
12
20
13
21
16
24
14
16
14
20
23
19
11
15
16
24
18
14
18
21
11
18
17
18
29
19
22
15
25
17
31
9
20
16
23
10
17
11
23
16
16
17
11
22
20
15
24
21
19
18
20
24
21
14
10
21
18
21
18
17
22
13
13
24
14
16
21
23
15
15
15
20
20
21
21
15
20
18
24
23
25
13
24
14
16
12
22
19
16
20
14
22
10
19
17
13
23
14
23
15
19
22
13
19
15
15
18
19
19
10
18
22
18
16
14
20
15
16
17
14
5
22
19
16
21
12
14
22
16
15
15
20
22
22
13
12
17
14
15
18
9
16
20
14
16
22
20
13
11
16
10
18
20
23
16
14
17
9
22
16
18
15
17
15
20
24
14
17
33
18
17
20
18
16
14
18
16
22
21
17
16
18
10
15
13
20
11
18
25
10
21
22
24
13
17
17
17
19
16
21
23
8
14
10
15
19
11
17
11
16
19
15
9
22
11
17
20
18
14
15
15
20
14
14
19
25
15
19
18
16
12
10
11
25
21
31
20
18
12
13
19
20
16
19
12
25
13
25
13
16
15
16
22
12
13
17
17
23
18
14
22
19
14
22
18
18
19
26
13
21
17
23
28
19
25
29
26
24
24
16
21
19
26
21
31
25
31
34
28
26
38
31
29
44
28
42
40
28
43
37
37
44
46
46
37
32
41
46
38
45
49
60
41
54
46
43
50
43
53
39
42
52
53
43
59
54
57
59
66
60
69
73
54
67
72
68
97
76
66
83
80
76
75
75
72
92
89
75
96
93
94
86
91
99
114
100
134
110
120
128
151
172
205
359
518
784
1238
1800
2545
3388
4553
5591
6228
6644
6726
6449
5770
4924
4127
3160
2421
1868
1385
1029
803
630
473
402
281
203
165
126
86
82
63
40
41
29
31
15
12
17
5
15
10
9
3
9
7
2
8
8
4
4
6
5
8
7
5
10
3
6
5
7
4
6
8
8
9
5
7
5
3
4
8
3
3
5
6
3
7
7
4
6
5
3
10
5
4
7
6
6
3
5
1
5
6
8
2
6
3
5
4
4
4
3
5
3
6
8
3
3
5
2
4
4
7
4
1
8
5
3
4
2
4
2
6
5
4
4
7
7
2
2
1
4
5
5
3
4
7
5
1
2
4
3
4
7
3
6
1
2
4
4
5
4
7
7
2
3
3
2
3
6
3
3
8
5
3
3
8
4
2
3
4
6
6
3
3
5
5
3
2
3
3
7
2
8
1
2
6
5
3
4
7
4
5
4
2
5
4
2
5
5
4
4
5
3
7
2
8
4
10
3
1
9
3
6
2
4
2
3
5
4
7
2
2
5
6
2
5
2
5
4
4
4
9
5
7
1
3
4
6
2
4
3
5
3
4
3
5
5
3
1
3
3
2
2
4
7
4
3
1
1
3
2
5
4
3
4
9
5
0
3
4
4
2
2
4
3
3
2
0
4
3
3
5
5
4
4
4
2
3
4
2
1
4
4
3
3
4
2
6
4
6
2
1
2
5
2
4
2
5
2
4
2
6
0
5
4
5
4
2
3
4
3
1
6
1
5
3
4
4
2
4
4
3
4
5
5
6
3
5
3
3
6
4
5
1
4
2
3
1
3
8
3
5
4
5
2
4
6
1
1
2
9
7
3
5
2
1
1
3
3
6
3
4
2
4
2
9
6
2
2
6
4
0
7
5
1
7
3
5
6
4
2
7
2
5
3
3
6
2
2
4
3
2
2
3
1
4
2
3
2
3
1
5
1
3
4
2
6
3
5
9
2
3
3
3
0
2
2
4
3
3
2
3
2
4
3
7
2
4
2
2
2
2
4
3
0
5
2
5
3
3
1
7
3
1
6
5
3
4
4
4
0
7
8
3
2
1
3
3
1
3
4
5
3
3
3
3
6
3
2
4
4
3
4
3
1
1
2
6
6
1
4
2
1
3
4
3
3
4
4
3
5
4
4
4
2
4
1
2
2
3
3
1
4
4
7
1
2
1
3
3
2
6
5
3
1
1
6
5
4
2
2
6
4
8
2
3
4
3
2
2
7
2
3
5
2
3
4
5
4
3
3
0
3
3
3
5
3
5
3
4
2
2
3
3
6
6
3
5
3
0
3
4
0
5
7
3
3
2
5
6
2
3
7
7
7
6
9
5
3
4
6
4
2
4
0
6
2
4
5
2
4
4
1
4
5
4
2
3
5
2
0
5
0
1
6
5
3
4
2
2
7
1
2
3
4
3
5
2
3
3
2
5
3
1
1
3
2
2
2
4
7
5
6
2
4
4
6
6
3
5
8
6
15
14
22
32
50
47
57
63
58
73
37
39
32
33
26
25
6
11
4
11
13
6
5
3
4
2
1
5
6
3
0
2
3
2
1
3
7
3
1
2
3
1
1
1
5
3
3
4
2
8
2
3
5
1
2
4
3
3
0
3
4
1
5
4
2
2
4
4
1
4
3
5
0
2
2
2
1
2
4
2
3
1
4
3
1
2
0
6
3
2
2
2
2
3
3
3
1
2
1
6
4
4
2
2
1
7
5
4
6
2
4
2
4
6
5
3
1
3
3
4
1
4
3
5
3
3
3
4
4
4
2
1
2
2
1
2
3
3
1
0
4
2
7
4
2
3
5
1
7
3
2
2
6
2
1
1
2
2
1
2
3
1
1
2
2
1
1
2
2
0
3
3
3
1
1
3
0
3
6
3
3
2
2
4
1
2
4
3
4
3
3
0
2
6
3
5
3
1
3
3
3
3
3
5
1
2
4
5
3
2
2
5
3
3
3
2
2
4
3
3
2
4
2
9
2
3
4
6
1
3
1
1
2
2
0
2
3
6
3
5
4
3
3
2
3
2
2
1
0
1
2
4
4
4
4
1
2
3
2
0
2
1
3
3
3
0
2
2
5
1
6
4
4
4
3
6
3
3
3
4
3
1
4
2
2
2
4
5
3
0
0
1
1
1
0
0
2
0
2
3
3
2
1
1
3
1
2
6
3
0
0
1
2
0
1
1
3
5
6
1
3
1
2
3
3
3
2
3
0
2
1
3
0
4
6
5
1
0
3
3
0
3
4
4
5
2
0
3
3
3
5
4
3
3
3
5
3
2
2
1
2
2
2
3
3
4
3
4
3
4
3
2
2
2
4
3
3
2
2
1
2
4
2
5
2
1
2
0
6
2
1
3
3
4
3
1
0
2
3
1
6
3
8
1
1
1
3
4
3
2
2
1
0
3
0
4
0
3
1
4
0
4
1
4
2
2
2
4
4
0
2
0
2
3
5
6
1
6
4
1
1
4
6
2
1
2
0
2
1
2
3
3
4
1
4
2
0
1
3
1
1
3
2
3
3
1
1
3
4
3
3
3
1
3
2
2
2
6
2
0
4
1
3
2
1
2
3
5
4
3
5
1
4
5
3
1
3
2
2
2
4
1
2
3
1
3
3
1
3
3
3
2
4
4
2
1
1
3
1
5
5
3
3
1
2
2
2
2
2
3
3
2
1
2
2
1
3
2
1
2
2
3
4
1
0
2
3
1
3
5
3
2
1
3
2
1
2
6
1
1
3
4
3
1
2
2
0
1
1
5
3
2
0
2
2
1
0
4
3
1
2
2
4
0
1
4
1
2
3
5
0
3
3
2
2
3
2
3
4
1
7
4
1
2
3
3
0
2
1
2
3
1
1
3
2
1
4
3
3
2
3
3
2
1
6
2
2
1
3
3
3
7
5
1
4
5
2
3
0
2
5
3
0
3
3
8
2
3
4
1
5
1
6
2
1
7
5
2
5
2
1
8
4
3
3
3
5
2
3
3
5
5
0
5
3
6
5
7
4
2
3
5
5
3
5
2
1
1
1
5
0
3
0
2
0
3
1
1
2
2
4
4
4
3
3
0
0
1
0
4
4
4
2
5
2
49
46
56
51
41
50
51
39
59
42
54
53
56
43
53
52
51
51
43
57
47
50
65
54
44
58
49
64
62
63
62
66
62
45
52
53
45
48
56
49
61
49
65
49
40
49
35
46
56
49
58
53
52
49
42
38
41
42
51
54
47
50
54
37
41
53
46
53
40
50
48
57
47
46
40
53
56
47
58
46
62
52
46
49
49
51
37
46
53
54
53
40
54
53
44
49
51
42
49
57
56
51
51
53
52
45
51
41
45
37
46
51
50
46
48
47
49
47
47
46
50
44
57
43
54
42
62
18
