0
0
0
0
0
0
0
0
0
0
0
0
0
0
0
0
0
0
0
0
0
0
0
0
0
0
0
0
0
0
0
0
0
0
0
0
0
0
0
0
0
0
1
0
1
1
2
2
1
1
3
2
4
3
0
1
2
5
1
0
2
5
4
8
6
5
2
2
5
7
3
6
7
4
5
14
13
9
21
23
15
20
34
27
36
36
47
58
72
56
69
87
120
129
196
172
221
273
294
382
391
468
617
672
771
879
1073
1165
1075
926
805
716
416
189
95
84
79
87
137
144
137
173
152
202
223
230
270
279
281
323
303
350
344
388
406
357
354
317
293
313
269
193
188
153
158
123
150
227
173
201
241
256
311
302
295
337
330
340
282
302
249
258
243
217
213
186
183
190
205
249
255
266
264
307
242
259
258
250
246
218
211
179
206
201
241
257
240
255
253
308
277
256
243
237
225
231
211
189
210
214
213
262
269
281
238
261
269
263
255
248
201
200
217
222
223
238
242
242
244
259
234
219
237
242
240
216
211
226
216
243
239
227
235
248
252
274
261
256
250
250
231
254
248
242
200
229
211
235
258
235
225
251
253
245
223
213
248
226
218
257
231
248
208
210
206
251
242
263
215
248
242
238
239
261
248
215
225
229
242
226
233
224
240
242
251
265
228
255
257
255
246
209
249
256
246
227
244
229
247
242
244
226
224
259
251
232
245
255
265
209
261
243
259
231
235
280
253
256
215
254
253
225
230
233
254
260
225
232
249
255
231
220
287
250
263
249
233
241
268
265
244
262
236
252
226
242
237
238
229
281
266
234
268
243
267
275
269
229
235
231
260
226
273
250
216
248
229
254
275
264
262
258
253
262
219
274
242
248
252
228
269
271
248
260
291
226
284
288
296
277
237
264
270
280
265
243
226
237
281
272
247
238
277
254
262
267
254
258
248
247
264
251
285
258
261
261
252
282
255
255
255
261
257
258
264
260
279
246
262
257
266
267
252
254
273
276
260
259
231
255
222
272
258
231
244
244
294
267
252
284
286
265
259
271
259
258
257
275
251
274
240
250
241
250
246
265
264
275
264
274
287
259
276
239
258
273
250
248
273
268
245
276
245
267
264
285
290
266
249
261
277
274
251
289
319
277
292
267
291
287
266
278
260
257
263
280
287
269
239
256
288
262
273
260
284
271
273
277
266
279
262
257
246
286
282
288
271
256
273
287
287
266
287
270
265
273
301
260
272
275
301
265
289
263
258
256
265
299
250
262
299
255
323
263
277
256
289
268
248
283
258
295
255
282
297
253
270
272
264
276
271
281
239
272
295
274
272
301
273
270
274
257
268
258
274
274
280
292
297
294
303
279
283
285
261
290
274
290
284
251
261
261
304
278
259
226
256
282
253
298
303
270
252
286
275
290
267
270
237
269
263
263
300
310
276
264
275
262
262
299
314
280
277
309
293
282
256
283
242
287
263
282
305
291
258
289
256
262
251
291
294
256
276
261
251
258
284
265
278
282
312
268
284
277
263
258
246
254
259
261
262
276
254
255
270
248
273
266
266
261
249
269
283
282
285
298
281
264
273
267
278
306
260
258
232
249
259
257
249
268
239
242
257
268
260
273
264
265
285
268
288
274
250
259
278
264
257
247
254
267
277
268
278
250
286
287
244
256
265
254
257
269
245
248
270
244
246
242
254
270
277
266
236
252
251
256
271
266
253
261
235
253
274
254
260
284
262
274
229
261
245
267
254
266
279
242
246
270
277
289
257
257
255
262
221
262
214
273
237
226
249
253
231
243
272
262
247
271
279
259
260
230
275
249
253
255
234
234
258
280
257
255
231
228
242
241
232
240
240
262
272
224
221
217
250
239
227
231
296
247
261
239
238
247
268
258
219
259
220
234
245
239
205
272
236
246
248
243
244
263
241
232
253
234
254
259
267
270
233
243
234
249
233
226
246
254
256
227
255
241
260
236
267
228
277
244
258
249
267
245
226
235
258
236
241
217
267
217
234
249
230
254
210
233
268
261
230
263
232
266
222
269
223
295
252
252
241
252
251
276
261
241
229
247
233
243
248
240
250
264
238
236
231
246
261
242
234
237
245
208
242
237
246
250
236
245
251
236
258
212
269
242
230
238
245
253
239
240
261
241
223
246
233
250
248
248
251
221
266
239
235
230
251
252
242
253
256
270
257
262
262
226
263
251
273
237
269
254
250
253
256
248
255
271
265
278
240
254
283
252
252
279
281
288
269
271
293
262
271
288
281
283
304
296
272
281
296
319
302
296
302
286
320
312
300
286
300
320
313
323
322
304
278
330
307
278
301
296
291
276
302
286
288
288
284
295
299
277
281
300
259
269
284
300
271
287
282
280
267
291
278
233
244
250
258
275
275
223
238
271
270
242
237
256
254
250
266
230
229
228
232
230
231
236
280
248
225
258
233
260
239
224
232
235
219
232
214
226
233
238
194
228
213
223
210
242
241
267
218
225
212
213
230
232
209
209
207
195
232
186
213
215
212
218
207
234
244
229
230
223
219
213
217
213
230
207
217
208
195
219
243
215
215
194
224
217
213
212
235
235
247
246
253
244
219
214
216
197
206
234
219
222
193
204
202
198
233
196
197
193
208
194
184
212
226
204
218
171
212
210
202
209
194
206
212
193
205
189
207
207
203
187
241
205
204
202
195
197
195
193
192
187
214
211
199
200
209
217
183
165
207
184
195
206
182
213
192
177
197
215
201
226
182
183
207
206
200
206
181
188
202
199
199
202
187
201
181
208
204
175
187
225
204
169
198
202
193
187
189
215
169
173
174
189
204
191
183
204
178
204
191
203
179
178
174
184
179
197
182
196
217
185
208
184
202
185
211
192
213
190
203
172
210
198
197
213
214
199
161
193
179
175
207
181
173
180
202
196
164
183
181
180
175
184
207
176
201
175
203
150
179
192
175
196
184
196
187
186
167
177
168
154
177
179
176
174
174
180
168
179
180
168
193
184
180
176
180
169
187
172
181
171
192
167
189
184
186
177
186
172
186
176
175
186
177
168
165
185
157
186
188
186
181
160
184
196
178
190
166
184
193
157
192
196
174
185
185
183
189
163
178
163
170
169
175
180
174
161
169
171
201
161
194
174
178
162
163
158
156
178
194
176
204
190
161
181
162
162
169
167
171
172
154
196
166
199
164
172
197
188
178
171
162
155
177
154
165
175
182
167
173
167
185
165
177
165
187
198
175
190
192
181
163
188
184
194
162
183
175
148
180
169
162
180
178
167
166
195
166
169
171
185
191
177
178
186
167
187
180
152
183
168
165
173
179
171
177
170
160
170
171
171
172
161
152
176
156
193
163
151
179
164
178
189
174
147
190
183
161
178
173
182
167
175
176
194
164
174
175
164
181
175
203
171
192
197
184
187
192
189
170
197
177
165
145
155
160
179
152
178
162
185
186
154
177
175
168
163
179
180
159
150
147
168
162
163
157
177
143
162
175
179
146
141
162
158
163
178
174
174
155
174
162
187
156
159
164
171
161
174
159
173
180
148
161
165
162
159
148
150
178
184
171
154
168
153
151
180
159
153
157
170
158
163
169
166
147
179
148
165
168
180
158
146
162
171
169
166
156
148
136
167
157
155
135
165
157
151
159
171
152
150
179
149
182
167
142
172
182
177
157
179
150
163
178
169
164
157
143
182
145
158
153
148
161
167
182
163
169
167
153
168
137
159
166
161
152
186
168
180
193
168
174
156
166
148
174
153
158
164
162
167
160
165
173
182
167
147
171
152
154
145
168
152
163
166
155
176
141
161
160
155
160
159
161
170
168
166
162
137
168
186
162
161
179
182
158
175
173
154
153
172
163
161
154
180
157
143
162
160
162
173
161
156
157
166
165
189
219
179
188
175
154
170
151
147
164
153
171
155
157
157
137
164
136
157
146
153
153
150
143
151
150
165
158
152
150
158
159
169
150
144
163
145
170
162
140
168
161
172
150
150
172
143
160
162
177
149
144
178
175
142
139
146
153
160
137
133
153
147
166
160
155
143
159
166
132
162
127
152
147
147
138
161
167
127
152
181
144
164
144
167
137
162
143
165
169
148
147
137
142
142
153
149
149
132
140
126
160
146
145
140
162
166
150
150
155
157
169
154
150
166
159
140
141
150
128
150
145
143
144
149
142
151
142
171
135
126
156
138
150
136
158
162
143
157
158
141
172
142
152
181
159
160
144
160
152
145
145
148
156
131
177
157
161
136
160
141
167
153
172
161
146
150
136
141
171
136
163
150
149
132
132
156
153
146
161
156
150
144
134
152
127
154
150
172
147
150
153
168
140
144
146
141
155
146
139
138
157
145
141
137
179
162
105
143
165
158
140
131
141
135
158
146
132
146
145
141
153
150
149
136
143
142
159
144
138
160
157
136
136
137
139
165
136
151
144
168
159
150
144
138
140
137
147
158
151
166
154
145
150
171
157
155
153
158
181
144
142
141
144
149
148
128
149
140
135
148
138
157
162
145
126
153
157
153
133
169
143
134
137
136
146
152
152
150
174
126
147
139
130
148
156
146
131
161
165
138
149
148
128
159
151
132
143
134
143
152
151
145
162
155
139
141
149
150
152
150
143
146
139
150
126
162
129
168
131
152
154
150
141
154
143
133
160
136
149
124
162
160
137
164
143
159
178
167
121
137
125
157
145
145
167
134
146
141
157
133
138
145
152
120
155
144
139
164
148
146
157
159
147
159
144
133
119
142
148
161
156
149
137
136
132
133
139
145
134
142
148
153
128
148
133
147
138
151
150
148
113
125
135
165
146
154
156
151
136
135
125
146
139
121
137
149
129
143
131
135
143
144
136
138
139
146
151
127
153
137
136
143
141
152
130
147
124
136
156
152
152
147
133
133
159
134
117
132
144
139
134
149
144
134
135
146
147
130
156
137
138
146
121
152
126
127
136
150
137
151
141
141
149
142
136
147
151
162
147
135
123
117
150
145
119
137
134
129
151
149
134
130
127
125
154
117
139
136
130
153
143
122
164
131
145
161
136
144
143
144
142
128
157
126
136
148
142
158
126
142
164
163
135
142
133
137
145
149
147
140
137
131
139
125
132
141
135
145
144
144
154
108
159
141
122
140
147
131
146
153
164
148
148
119
115
120
125
123
162
128
147
134
145
139
147
126
141
132
143
120
155
129
133
149
124
131
121
154
141
130
135
146
150
127
118
140
148
123
142
139
144
129
145
137
143
124
152
135
142
118
136
135
139
150
137
133
167
152
157
150
176
139
146
139
160
156
166
146
150
127
153
144
140
141
130
131
133
132
139
128
157
137
139
130
131
144
128
124
124
118
157
158
172
126
137
138
145
152
156
131
130
154
128
127
122
123
152
130
132
136
174
146
139
137
144
110
124
131
138
117
147
135
124
135
138
141
133
128
168
150
123
154
130
153
117
133
121
136
135
120
130
134
134
138
145
145
154
134
117
135
157
142
158
135
142
136
149
145
142
124
125
115
142
141
153
146
123
146
128
147
134
139
135
134
143
133
132
146
122
137
127
162
144
133
132
137
119
144
134
146
140
129
138
137
143
138
136
132
131
131
141
130
123
135
118
129
116
138
149
131
160
135
125
138
124
129
133
146
141
148
132
135
149
133
133
155
143
146
139
122
160
125
137
115
146
148
137
132
148
150
123
137
138
115
128
129
140
135
150
148
153
134
147
154
168
153
157
164
137
143
173
169
176
152
175
159
163
157
164
143
171
146
144
169
138
159
141
129
124
141
141
132
116
168
144
113
125
117
145
136
155
129
129
124
131
120
121
146
129
142
143
115
119
139
142
120
141
121
139
122
139
136
143
117
143
132
124
124
108
146
115
128
139
141
128
135
143
145
100
127
133
121
129
128
132
121
122
142
134
135
126
124
129
126
132
156
111
126
143
127
133
132
142
135
129
131
125
126
113
150
130
133
138
126
149
125
151
117
139
143
133
142
132
153
133
122
123
131
131
139
130
146
119
141
123
143
122
134
134
128
145
109
132
136
118
136
126
131
144
117
123
110
123
122
136
146
136
121
131
131
117
123
140
126
123
130
115
141
140
144
124
139
143
134
122
126
129
125
121
128
132
132
124
147
144
122
155
129
115
128
126
131
142
136
126
134
108
143
114
120
159
142
171
143
141
109
127
119
132
143
136
126
147
137
123
124
132
155
141
110
124
117
131
139
127
133
129
144
125
142
124
133
132
137
142
134
122
131
119
140
126
126
146
126
143
143
125
127
134
116
144
137
136
149
133
122
146
107
102
138
139
139
116
126
135
148
137
129
135
121
142
121
149
108
124
127
136
129
135
132
143
123
138
129
141
133
122
128
144
139
134
124
141
130
152
130
118
136
145
130
115
132
140
109
138
123
135
123
151
124
118
133
137
132
144
147
117
138
133
145
132
137
147
124
143
134
129
127
119
123
128
140
133
153
136
100
136
127
126
148
115
133
120
118
131
137
124
148
136
125
107
119
110
120
129
117
124
137
119
136
130
147
137
140
141
123
149
116
125
115
126
132
112
142
131
127
155
142
144
131
149
122
142
155
136
136
145
135
133
133
147
130
126
122
120
122
130
137
118
132
137
106
111
142
147
137
118
128
127
130
109
133
140
124
145
140
140
127
152
136
116
129
124
135
123
146
128
108
137
134
133
152
122
127
128
125
128
117
150
130
117
137
136
127
116
134
131
132
123
132
137
119
143
125
131
127
145
135
127
136
121
135
129
126
138
141
128
129
132
125
132
135
147
113
120
124
127
129
128
124
125
120
122
120
116
113
131
142
142
137
135
141
115
120
129
138
120
103
119
123
120
141
127
135
131
148
148
148
134
124
155
123
133
164
160
160
141
135
127
134
134
121
131
119
130
125
132
147
146
130
149
137
133
133
134
118
124
130
115
126
144
136
146
135
140
128
136
124
114
121
142
123
125
102
129
118
129
108
132
137
112
122
128
120
122
127
147
135
145
135
138
151
128
107
109
126
120
140
125
117
135
117
128
127
142
128
109
131
156
113
134
130
132
144
113
139
120
126
116
134
116
147
124
137
142
145
136
134
120
134
128
116
135
145
126
124
130
114
111
127
132
108
118
125
134
126
131
136
114
142
127
142
111
114
131
129
123
129
118
106
128
120
133
130
123
118
133
140
146
143
137
119
131
131
135
127
117
127
108
124
130
127
125
138
128
145
138
137
134
149
137
124
129
144
119
124
143
153
146
136
136
145
143
132
132
131
118
121
139
129
122
139
138
132
143
136
142
114
150
130
129
137
130
137
116
120
121
126
116
128
124
136
114
130
142
122
127
124
128
131
123
136
126
115
137
107
136
145
122
148
136
120
135
116
121
129
126
110
130
105
121
144
126
117
126
103
116
102
130
131
132
112
125
120
124
117
143
120
117
131
142
109
129
154
114
140
117
125
102
137
121
128
116
134
122
138
111
115
109
133
108
128
133
147
117
115
125
136
143
125
131
145
133
146
124
104
109
135
133
122
130
130
133
128
131
130
138
119
143
140
141
156
131
127
138
136
137
127
114
136
140
136
130
112
139
126
137
138
160
103
127
139
142
135
142
126
111
115
119
131
124
113
133
141
117
127
122
132
149
131
127
130
142
117
126
133
113
141
134
145
129
126
131
119
113
127
109
123
108
138
132
115
130
125
123
133
133
119
125
124
119
110
142
140
110
127
119
130
124
125
116
133
117
135
126
122
121
141
117
156
104
113
132
134
140
124
111
133
131
112
128
129
138
119
124
126
124
143
125
113
130
126
125
121
122
138
135
120
148
113
124
111
143
120
128
124
129
115
123
139
124
113
115
140
137
136
140
123
133
144
136
149
124
125
113
132
107
133
138
152
115
124
127
144
134
119
110
129
111
114
142
163
126
137
125
158
146
136
141
135
114
97
153
116
117
111
106
143
128
107
140
133
151
123
119
129
136
139
138
133
145
118
133
125
133
127
138
126
132
129
119
124
127
134
135
117
127
113
131
130
131
126
141
123
136
109
148
118
121
127
114
154
131
134
146
125
120
119
124
132
129
142
150
125
131
148
140
118
133
114
131
108
119
133
148
140
138
127
144
108
137
141
160
124
141
127
133
157
130
132
128
135
128
136
133
115
118
139
158
125
128
127
123
142
115
124
127
110
130
142
130
144
136
108
126
106
134
153
126
131
116
132
115
130
126
149
142
141
127
131
131
132
145
136
130
139
134
122
135
136
131
146
120
141
144
127
132
133
134
139
131
145
123
142
121
130
128
102
134
129
131
147
134
139
125
154
126
133
125
138
127
139
122
137
141
131
142
137
124
152
140
125
137
126
130
128
141
121
146
117
138
150
107
138
115
128
120
124
139
119
144
121
135
145
148
119
117
140
137
141
142
135
143
140
141
126
107
121
132
132
117
123
140
114
129
114
145
109
128
129
124
142
132
128
142
121
140
146
154
129
126
115
146
132
120
133
100
159
128
110
138
136
138
129
144
112
133
122
138
139
117
138
122
136
136
123
130
121
139
142
131
112
138
139
145
167
125
142
135
111
146
127
126
139
130
124
111
134
117
140
114
128
113
122
139
137
123
129
132
146
118
147
134
143
133
126
135
120
115
148
120
133
111
134
136
153
135
144
134
128
146
126
110
151
117
135
144
149
157
129
135
153
127
119
132
147
120
143
144
131
135
128
123
130
145
144
140
124
147
127
140
154
120
130
147
133
108
119
139
152
130
115
132
136
145
127
128
138
132
138
137
145
137
124
126
129
127
143
129
118
115
124
140
121
134
138
154
136
134
153
129
148
145
113
134
131
137
146
138
129
139
140
133
134
129
138
143
134
146
142
156
125
139
117
140
132
145
135
147
123
148
150
125
145
139
125
130
149
120
134
135
136
141
140
127
144
135
121
147
130
134
135
132
149
137
130
121
127
108
164
136
117
136
137
145
145
123
123
140
130
131
124
154
150
160
146
144
135
139
159
128
144
122
152
130
147
139
154
139
131
142
145
159
137
153
161
136
118
142
121
119
146
134
146
141
119
115
137
159
134
145
112
136
132
116
123
150
138
136
158
165
142
133
128
136
139
136
140
123
121
135
125
147
147
127
152
121
141
135
160
148
159
146
123
145
161
140
159
119
132
133
147
130
130
136
143
140
147
150
127
149
127
151
143
122
129
116
155
135
139
129
163
141
110
145
144
155
154
128
145
114
123
166
124
151
145
114
149
136
138
118
138
110
159
129
141
145
140
162
132
116
132
136
144
156
145
133
122
138
142
158
157
138
167
148
135
141
159
154
147
156
150
154
146
144
157
149
155
152
138
128
157
156
145
163
169
158
145
134
150
145
146
136
138
138
148
130
140
134
126
154
147
152
144
143
145
152
123
151
126
151
165
135
118
127
146
150
143
146
148
143
128
131
141
153
125
148
153
142
137
122
141
155
149
159
139
127
132
131
160
144
148
127
139
122
145
137
169
158
142
138
159
153
148
146
145
141
149
154
147
147
138
162
142
139
134
154
153
132
162
146
138
143
131
140
142
144
156
163
135
160
145
151
145
124
147
143
130
125
168
142
141
120
141
147
160
138
164
145
170
130
148
140
139
179
155
140
149
151
149
122
135
141
146
162
138
141
156
132
153
115
151
150
152
161
142
156
150
153
127
144
146
139
145
134
151
124
137
160
124
152
168
160
128
158
170
138
148
137
137
162
179
127
161
134
141
145
131
113
142
149
144
149
151
150
150
136
148
160
158
158
146
149
149
142
155
165
153
149
184
154
140
148
117
154
142
165
132
138
150
158
155
164
157
165
159
132
124
139
153
133
161
154
151
154
156
149
154
174
145
146
154
148
159
148
148
144
166
155
158
164
141
160
159
163
152
158
165
135
152
154
178
159
153
140
150
146
141
162
165
142
150
144
154
149
129
157
175
148
156
143
155
162
150
162
147
158
146
136
145
148
158
156
179
146
160
142
166
145
152
154
145
164
168
147
147
160
138
168
167
165
164
149
168
161
158
168
182
148
142
153
172
164
170
152
156
162
146
147
151
160
158
163
159
160
176
142
149
143
162
144
161
144
157
150
141
157
165
167
177
174
152
177
157
156
151
152
188
188
157
148
161
159
159
169
167
172
141
163
167
180
148
136
160
143
168
127
137
171
160
164
172
187
134
173
151
176
167
140
169
152
135
134
159
144
150
173
180
181
157
188
172
180
142
156
178
151
151
161
149
171
146
154
184
164
181
157
155
161
164
145
156
172
175
163
155
161
188
160
151
163
154
150
163
194
165
155
162
163
139
177
169
154
170
150
157
159
174
162
172
173
185
167
157
156
186
174
184
208
186
166
187
178
192
193
162
177
188
179
182
185
185
169
149
145
153
180
156
161
180
163
162
185
166
146
173
158
192
156
172
169
195
150
168
154
166
142
175
163
175
184
164
157
163
173
171
153
175
171
172
177
166
184
158
165
140
169
167
149
152
168
150
153
161
158
162
186
171
176
191
174
202
182
162
171
178
170
184
178
166
183
152
172
194
180
169
166
168
181
165
167
177
175
172
177
172
183
178
181
193
167
164
179
178
183
180
181
188
164
186
175
200
153
162
172
183
179
161
182
176
186
158
163
175
182
188
160
168
184
188
159
182
195
166
184
187
169
152
175
195
168
148
164
184
191
180
161
184
186
182
162
188
166
186
171
190
197
191
166
171
183
173
195
169
179
211
175
160
164
169
195
182
160
183
186
175
193
169
171
195
197
162
154
164
149
187
173
189
176
191
186
168
183
178
195
180
164
185
163
172
183
172
206
178
173
180
188
204
170
165
187
171
165
184
172
207
168
156
160
186
170
175
186
183
193
169
180
179
186
171
177
177
174
173
162
174
170
171
168
170
171
171
191
180
198
168
188
155
200
169
162
164
172
188
150
161
175
166
207
173
164
155
170
179
160
160
175
164
171
176
122
160
167
149
142
165
143
147
191
173
153
164
153
143
164
133
134
153
141
140
149
154
129
154
149
171
147
151
134
135
156
158
149
135
157
140
137
147
150
123
165
128
134
143
151
131
122
117
120
134
148
141
142
139
150
151
143
151
137
135
160
120
134
158
153
119
124
152
140
120
132
136
155
139
138
134
128
136
136
152
139
144
143
144
114
140
113
138
136
138
139
139
142
146
129
118
127
141
129
118
157
139
140
138
143
121
129
150
140
147
153
134
129
134
145
133
133
134
121
139
139
142
131
131
139
126
152
135
134
154
128
117
136
146
143
118
128
109
118
125
144
149
137
131
136
117
102
152
136
123
124
137
127
152
128
145
139
117
145
122
149
139
152
108
126
118
142
130
126
117
134
124
135
114
135
152
167
127
136
114
122
125
135
136
162
129
112
138
126
142
134
120
127
116
139
133
136
131
142
139
130
123
138
136
149
117
115
132
133
118
120
134
139
132
128
139
132
136
144
129
124
129
134
141
125
122
114
129
117
124
114
139
122
130
127
122
130
131
156
132
160
143
129
129
132
115
131
126
118
114
119
132
115
154
128
146
124
129
123
142
117
112
124
127
144
120
119
124
119
113
102
137
111
115
115
133
166
129
119
132
118
124
125
106
128
123
124
136
133
123
132
126
126
134
94
148
123
117
142
137
129
134
146
131
115
130
126
124
136
122
144
123
133
119
139
120
126
138
120
123
140
129
148
120
133
120
118
155
105
117
115
132
127
132
162
125
126
104
107
140
131
117
122
140
125
112
138
134
136
139
129
121
131
126
132
114
115
111
122
120
128
144
115
137
127
124
122
124
126
111
125
119
150
123
123
133
117
127
122
120
137
119
123
114
128
116
123
128
131
126
134
137
121
94
119
130
102
124
123
111
125
126
129
140
128
127
116
135
123
108
119
124
114
104
108
116
121
130
110
135
129
121
141
142
110
112
119
101
143
124
129
102
150
116
119
126
126
116
125
123
101
117
123
123
101
125
111
121
107
123
111
109
125
111
136
134
121
113
128
137
128
108
136
114
116
129
119
105
121
107
139
129
148
125
111
140
129
127
107
111
109
106
125
117
130
132
118
98
122
132
118
106
104
108
132
132
126
119
115
104
123
108
114
126
122
117
118
106
99
110
135
138
115
123
108
124
123
125
106
95
131
94
120
110
126
111
106
117
110
120
103
115
114
116
136
129
110
125
111
125
117
116
112
105
102
127
134
98
101
105
130
113
112
106
105
127
125
115
106
126
100
121
122
145
128
122
123
117
127
114
115
147
143
131
112
122
109
110
112
130
111
133
109
102
131
129
111
122
142
119
135
139
124
120
115
125
111
109
121
123
111
118
115
129
123
114
118
117
136
126
106
104
121
115
118
115
135
96
103
119
129
113
121
111
111
106
148
112
126
127
114
114
139
113
117
121
105
126
117
130
116
111
120
127
115
128
120
111
107
106
131
116
125
113
137
122
127
130
109
118
107
127
110
104
123
113
95
110
118
134
108
137
112
111
118
104
96
121
116
137
118
134
119
104
135
123
141
116
143
124
103
111
107
127
123
127
113
136
119
132
112
134
122
106
108
110
142
95
123
131
125
112
98
124
108
133
102
113
110
110
109
119
124
113
115
121
117
117
116
120
95
115
131
122
118
113
115
112
102
114
119
136
119
120
121
119
118
109
117
117
109
92
100
114
110
109
104
101
108
114
111
108
115
101
99
119
118
114
97
111
94
111
107
96
87
96
100
96
93
103
96
103
118
100
87
112
100
81
93
94
86
90
111
96
81
112
82
91
103
85
97
93
81
73
96
89
78
81
88
85
81
84
86
100
93
79
90
74
85
77
89
92
71
80
92
77
86
92
86
77
83
72
109
78
68
87
83
92
69
80
78
80
93
66
72
87
73
76
67
62
72
75
73
76
76
80
71
78
72
61
82
75
81
84
70
71
65
79
62
69
79
65
76
70
61
59
73
75
70
85
68
81
64
76
71
68
74
62
70
73
77
61
65
73
77
79
75
69
60
83
82
78
77
70
77
69
80
99
69
69
71
69
53
60
65
80
72
73
79
87
64
73
72
56
83
73
73
71
69
68
78
62
67
65
57
70
75
73
68
87
70
60
59
71
88
82
67
70
58
73
62
68
70
61
69
72
77
62
60
74
66
74
61
70
72
67
80
61
92
74
68
67
70
70
71
73
81
67
70
73
81
79
67
78
86
90
85
67
79
70
80
61
84
71
87
63
71
70
69
79
81
83
103
77
78
78
81
81
71
78
85
99
69
78
73
82
84
97
95
103
94
74
105
93
90
101
91
108
96
107
87
106
110
93
81
107
112
115
98
96
124
123
96
122
112
106
118
133
123
114
130
147
126
165
135
215
300
433
677
991
1512
2185
2930
3893
4582
5020
5276
5143
4817
4137
3308
2539
1962
1416
1049
795
562
505
399
299
224
183
156
105
83
75
59
72
63
56
60
56
47
57
45
43
47
55
43
39
52
53
46
49
49
55
41
51
51
47
51
42
53
50
48
44
46
44
42
39
54
41
34
45
64
51
58
32
40
41
56
55
42
44
44
42
32
42
30
47
39
46
51
46
34
37
43
37
36
40
45
39
44
42
37
46
27
46
48
26
35
48
46
32
40
38
35
46
38
35
35
33
41
28
50
40
27
52
36
39
51
45
43
37
38
38
30
47
33
43
40
46
31
35
33
41
28
33
46
33
29
39
36
40
36
35
46
35
39
29
37
34
51
29
28
35
35
46
37
32
30
34
33
37
24
36
37
30
25
39
36
31
34
27
36
32
23
39
36
34
34
29
33
45
27
36
27
22
31
26
31
32
43
29
36
25
31
34
24
26
33
28
35
30
24
26
29
37
25
21
20
36
27
34
32
23
34
28
31
25
34
26
24
27
24
24
37
23
23
26
27
34
29
28
29
23
32
25
27
24
35
30
33
21
26
34
27
32
26
30
31
26
33
22
19
33
29
26
26
22
22
22
34
23
22
25
29
32
25
24
18
25
24
25
30
26
32
18
28
24
22
18
25
17
20
19
25
28
22
37
23
23
20
21
29
30
19
19
29
28
21
17
22
26
23
19
23
22
22
25
23
24
19
27
22
15
25
13
24
18
21
19
23
28
24
22
11
17
18
24
25
27
16
22
20
23
25
24
16
22
23
24
23
20
28
21
18
18
24
18
34
17
21
21
18
27
15
20
23
27
35
24
21
27
14
20
22
19
20
17
20
17
24
20
17
15
24
20
20
13
18
18
23
23
22
23
15
18
21
21
28
19
15
17
30
12
19
13
21
17
18
29
17
18
14
16
22
18
17
20
15
13
27
18
13
20
14
16
17
22
25
13
17
15
17
18
19
19
23
20
18
20
17
22
17
11
21
14
13
13
14
24
16
15
12
23
21
19
14
9
18
14
14
22
16
14
12
15
18
11
22
13
19
13
16
13
15
13
23
22
13
14
11
9
9
18
17
16
19
18
18
10
16
14
23
21
17
9
19
16
19
18
22
18
18
13
15
17
20
17
19
11
16
12
18
13
17
19
11
14
15
23
18
15
16
19
20
26
23
30
25
30
28
23
16
24
27
20
23
18
15
11
19
9
15
16
16
15
13
21
14
17
7
14
22
16
15
12
18
15
26
15
14
18
15
13
21
16
18
8
19
22
14
13
9
10
13
9
23
17
17
17
12
11
15
17
11
10
15
13
10
18
10
18
23
19
14
17
19
11
19
16
12
13
11
12
15
17
13
15
15
20
17
19
11
18
18
7
13
9
16
23
19
17
11
17
13
20
19
11
18
12
16
21
16
17
19
15
18
12
9
18
11
15
10
13
22
26
19
17
20
17
14
15
11
17
12
22
12
12
13
15
13
12
12
13
17
16
17
12
19
13
16
18
23
14
17
12
16
16
11
10
17
15
16
9
5
10
13
18
19
12
16
14
10
19
16
12
9
14
20
12
15
25
17
12
15
14
11
15
14
12
15
12
15
12
13
14
21
14
24
27
18
13
15
21
14
16
15
19
20
12
12
21
21
24
21
25
21
23
19
21
22
21
25
23
22
20
27
20
25
16
32
19
31
35
22
28
28
21
31
23
29
34
43
31
21
31
36
28
41
34
28
27
39
32
31
45
39
32
43
45
39
36
40
40
41
46
47
40
62
50
34
54
52
29
50
37
55
51
64
62
67
58
70
73
66
70
80
77
70
73
89
124
166
221
296
511
730
1137
1725
2297
2965
3780
4278
4434
4770
4568
4116
3506
2889
2316
1715
1337
936
673
492
416
310
222
159
121
91
73
49
30
28
25
21
12
12
6
10
7
3
6
13
4
5
6
3
0
6
1
2
4
3
7
4
4
3
0
7
2
4
9
0
2
7
8
5
8
2
9
2
4
2
3
2
6
5
4
4
6
3
2
4
5
2
2
8
0
6
6
4
1
3
4
4
5
2
2
1
2
2
2
5
7
4
2
5
3
3
3
3
4
4
4
4
6
3
5
4
5
4
3
7
4
4
7
2
2
1
3
4
2
1
3
8
3
4
1
4
5
1
1
3
2
1
0
1
3
0
5
2
0
3
2
3
2
2
3
1
4
6
5
3
4
2
4
2
7
2
2
0
6
4
7
5
3
1
5
4
6
3
1
1
3
0
2
2
3
2
4
1
1
1
4
0
3
4
1
3
3
3
2
0
2
4
3
1
2
2
4
1
5
1
5
2
4
3
3
5
2
7
4
4
0
5
5
0
2
3
0
1
3
3
1
3
1
4
5
4
10
6
7
4
5
5
1
5
2
5
1
4
0
3
0
4
4
0
2
1
6
3
5
1
6
7
3
3
2
3
2
3
1
0
2
2
5
2
5
1
6
3
2
3
3
0
2
3
2
6
4
1
4
2
4
3
4
1
2
2
3
1
2
2
1
4
3
1
7
2
4
3
5
3
1
0
2
4
2
3
3
4
2
5
3
2
4
2
5
7
3
1
1
5
2
3
2
2
2
3
2
1
7
3
2
2
1
0
0
2
3
3
0
2
4
2
5
3
2
3
5
4
3
3
2
3
1
2
2
3
3
2
1
5
3
4
5
5
0
4
3
2
2
5
4
1
4
6
5
2
1
3
3
2
3
6
2
0
5
1
2
4
3
6
6
2
3
2
4
2
2
2
6
2
5
1
1
1
1
2
4
3
3
1
2
0
3
4
3
2
3
6
2
3
5
2
4
4
2
2
0
1
2
4
2
2
5
4
3
2
2
3
2
6
2
1
0
4
2
5
2
1
3
2
2
2
3
1
3
1
2
4
2
2
0
1
1
2
2
3
1
6
0
3
4
4
3
3
2
2
1
1
2
2
3
2
4
1
4
1
2
4
3
0
1
2
2
2
4
1
2
1
3
2
3
0
2
2
1
3
4
4
2
3
3
1
1
2
3
0
2
3
0
3
2
0
2
2
0
6
3
1
1
3
1
1
3
2
6
1
3
2
1
0
1
1
2
1
2
4
0
2
2
1
1
1
3
2
5
4
3
2
1
3
4
3
1
2
1
4
1
1
1
3
2
2
2
2
4
2
4
2
2
4
1
5
2
1
4
3
3
5
1
4
1
3
6
2
5
3
1
5
2
0
3
1
2
2
3
5
2
1
3
3
2
3
2
1
6
5
7
5
4
2
3
1
2
2
2
1
1
2
3
3
3
3
2
4
5
6
2
2
7
5
7
7
18
18
21
37
35
52
28
57
54
53
52
36
36
33
28
22
19
13
9
5
3
4
5
7
7
2
2
1
3
1
1
2
1
4
6
3
1
1
3
0
3
1
3
3
2
3
2
0
0
3
2
1
1
3
3
2
0
1
0
1
0
2
0
2
1
2
0
5
0
1
1
1
1
2
3
1
2
3
3
3
3
4
3
2
4
2
1
1
2
0
3
1
1
3
1
2
2
1
3
2
0
2
4
3
1
2
2
1
3
2
2
5
1
1
1
2
3
3
3
1
2
3
3
1
3
3
2
2
3
0
2
1
4
3
2
2
1
1
2
2
0
1
0
2
0
1
0
2
3
1
1
0
1
5
2
2
4
4
2
0
1
5
0
1
2
1
3
1
3
0
2
0
1
1
4
0
2
5
1
1
2
4
1
1
3
0
0
2
2
1
1
0
3
3
3
1
3
3
0
3
2
1
1
5
2
1
1
1
2
1
3
0
0
1
0
2
2
3
2
3
5
0
0
5
0
4
1
2
4
1
1
3
2
2
1
2
2
1
2
2
2
1
1
2
0
2
2
2
0
3
1
1
3
0
1
7
3
5
0
2
2
3
2
2
1
2
3
1
2
1
4
2
1
2
1
4
3
3
1
2
2
1
4
2
0
1
3
1
2
1
4
2
1
3
2
2
2
2
1
1
2
2
0
2
3
0
1
7
1
3
5
0
1
1
4
2
1
3
1
1
1
3
3
6
2
1
1
0
0
1
0
3
0
1
2
4
3
4
2
1
1
2
2
0
1
1
1
3
2
1
2
3
4
4
2
3
3
1
5
3
2
1
4
1
1
2
1
2
2
3
0
3
1
2
0
2
2
0
3
5
1
1
1
0
1
1
3
2
4
4
1
5
2
1
2
1
2
1
3
2
1
3
0
1
2
0
4
0
3
2
1
7
1
1
1
0
2
2
4
0
1
0
2
2
2
1
2
5
1
2
2
3
1
2
0
2
1
3
1
0
2
1
3
2
5
1
0
3
2
1
0
1
2
0
1
4
2
3
4
1
1
0
1
2
1
1
0
0
1
2
3
1
2
4
0
0
1
1
2
0
1
3
3
2
1
1
1
2
1
1
4
1
2
0
0
2
1
2
0
2
0
0
1
3
2
0
1
3
1
1
0
0
1
2
0
1
4
4
2
1
3
0
1
0
2
0
4
2
0
2
3
1
3
1
5
1
2
0
0
0
2
1
0
1
2
2
1
3
4
1
3
0
3
2
2
0
5
2
1
0
0
1
2
2
0
4
1
1
1
0
1
1
0
0
1
1
1
0
1
3
4
2
2
1
1
4
0
1
2
0
0
2
1
1
1
3
2
2
1
4
1
4
2
1
2
5
0
2
1
2
0
1
5
1
0
1
1
1
3
0
3
1
3
4
1
1
2
2
3
2
4
2
1
1
2
2
0
2
1
1
3
1
2
0
0
1
4
0
0
2
2
1
4
5
2
0
8
1
2
1
1
0
3
4
4
1
5
1
3
2
2
0
2
5
1
4
10
5
4
1
1
3
3
3
1
0
2
1
3
0
2
1
2
0
0
2
1
1
1
2
0
5
1
3
4
2
3
2
2
1
2
1
0
3
2
6
1
30
34
43
37
25
32
38
32
35
38
37
36
28
27
41
38
28
33
36
23
25
30
25
37
31
38
33
33
31
27
26
35
25
33
32
39
32
40
29
32
33
31
38
35
33
44
26
39
42
23
33
31
35
29
37
26
43
38
32
28
36
47
27
33
42
33
45
25
29
26
35
34
25
32
32
28
30
35
37
33
34
24
37
31
44
26
33
23
29
32
41
25
29
31
28
39
36
36
34
23
31
28
36
36
31
25
26
29
35
39
34
30
29
35
29
27
36
22
35
27
33
33
34
33
32
33
30
14
