2433
1972
1681
1436
1143
1081
920
766
613
595
527
457
400
351
327
295
269
277
240
236
247
255
210
201
232
188
174
165
156
177
163
157
154
163
151
149
150
142
140
146
133
147
144
159
122
152
134
150
134
120
135
132
137
101
124
132
115
117
120
126
137
109
107
140
144
116
125
108
122
124
123
110
104
117
117
105
117
98
110
101
106
118
123
104
97
91
110
109
101
100
98
101
99
113
92
96
93
106
107
109
107
97
97
87
102
103
92
95
112
104
79
90
94
104
105
102
116
105
94
93
87
99
90
95
91
81
90
102
86
94
100
91
88
94
84
87
81
87
76
86
85
105
96
87
104
79
87
75
78
84
94
80
89
71
83
85
78
90
88
90
78
64
91
101
73
86
67
77
72
68
74
75
75
95
61
68
64
68
80
68
84
85
89
61
72
71
60
87
77
93
72
69
76
71
76
75
79
69
66
71
52
82
75
66
74
83
70
77
62
69
54
62
64
56
84
59
82
66
65
71
76
74
73
70
61
59
70
61
61
68
53
63
72
71
65
57
66
72
63
61
67
49
66
73
57
67
67
56
50
52
58
62
81
66
59
51
59
65
65
60
70
73
56
64
73
54
58
58
59
71
68
59
53
61
59
66
73
61
72
63
57
51
58
63
63
75
77
54
65
75
57
50
76
67
73
60
66
64
51
70
56
59
47
60
60
50
52
53
55
54
58
48
59
58
45
42
49
59
53
57
68
63
53
61
62
52
44
63
62
54
53
57
62
62
49
57
51
46
51
45
58
43
59
44
58
60
44
63
55
53
58
52
62
57
50
52
53
64
54
56
60
50
42
45
62
37
54
66
57
69
55
47
63
65
66
47
47
53
68
38
50
48
58
53
52
58
55
43
51
50
46
53
51
60
40
57
73
48
55
57
51
52
47
53
49
57
41
47
50
44
45
60
53
57
46
30
48
67
47
60
55
60
53
52
49
55
51
50
54
54
42
41
49
47
55
46
43
56
69
44
51
51
40
55
47
64
44
61
63
46
49
60
50
57
45
52
68
52
39
49
55
51
50
65
49
40
49
48
54
46
46
53
65
55
48
62
45
60
37
48
51
33
42
51
55
64
53
56
54
58
38
51
46
50
52
57
53
51
47
63
33
45
46
47
61
40
45
46
46
45
62
38
50
40
44
46
47
48
44
53
53
40
50
42
36
44
40
44
53
53
57
46
36
41
50
50
36
43
42
41
33
48
51
50
46
47
45
40
44
40
50
41
40
42
48
41
46
54
52
48
36
33
39
56
38
39
42
50
45
51
60
55
43
54
42
29
54
39
49
31
45
42
34
60
46
46
47
50
40
46
56
42
46
30
43
37
42
47
44
42
48
39
54
37
41
45
36
39
37
48
40
39
64
38
55
38
44
45
51
37
53
44
39
41
63
42
51
50
39
45
48
40
57
44
43
51
57
42
49
36
39
50
55
40
41
45
43
42
35
42
48
44
45
47
46
52
38
34
48
56
44
40
41
37
47
50
42
31
29
51
31
38
48
40
37
43
36
53
48
42
37
47
57
44
44
41
40
36
45
46
35
36
45
46
46
42
38
36
48
41
41
45
53
53
39
36
52
45
30
43
40
37
52
45
45
46
45
46
43
46
43
48
47
45
44
43
43
50
38
44
35
38
34
50
41
27
50
53
44
37
49
43
46
35
48
41
54
30
49
40
37
33
40
36
28
44
43
46
55
34
47
43
43
46
35
39
40
51
39
42
48
36
39
51
33
42
39
41
46
45
38
50
44
48
43
54
37
38
46
44
38
35
57
46
50
44
42
31
44
49
35
30
35
38
42
46
43
50
41
35
32
44
49
43
38
40
34
45
40
36
42
48
33
34
30
38
39
36
42
40
41
33
37
37
40
38
43
26
41
39
34
47
47
54
49
40
35
46
37
42
37
37
44
37
37
42
40
41
38
45
52
45
42
41
41
41
33
29
45
48
34
45
45
34
39
37
45
47
34
35
39
43
46
41
41
45
51
46
45
28
32
44
35
42
55
39
39
43
48
31
45
41
32
48
39
34
43
47
39
43
38
23
42
40
47
49
39
50
35
33
43
45
46
37
39
34
36
38
34
32
31
37
44
38
40
45
43
30
32
33
44
32
46
45
40
38
38
37
58
34
39
46
30
39
40
42
32
46
34
32
36
43
38
37
43
37
44
46
32
38
34
40
49
36
34
37
51
39
35
38
42
41
35
36
28
36
40
41
34
36
43
39
43
41
39
35
35
32
43
43
42
41
40
50
39
42
41
36
28
40
39
35
41
40
40
32
36
45
42
33
43
34
39
34
49
42
35
35
33
50
47
38
40
40
36
43
28
37
46
44
33
28
35
39
32
33
42
53
38
34
32
40
47
45
35
37
35
42
41
45
46
40
37
33
44
29
33
43
36
29
34
49
38
47
35
48
36
33
32
39
31
48
47
49
34
39
38
31
20
36
28
36
46
36
39
31
36
44
34
31
42
41
46
37
35
44
44
40
40
35
36
44
36
34
31
33
33
38
37
41
40
40
33
46
23
47
38
41
36
30
40
40
45
44
37
43
41
38
34
32
47
44
30
27
41
45
44
29
38
44
32
39
42
47
40
45
53
29
28
46
23
37
33
47
40
32
38
32
33
45
31
39
40
45
44
37
36
38
38
35
28
27
31
34
32
37
33
32
44
40
29
35
35
40
34
38
34
44
28
29
39
33
32
36
37
38
34
36
42
49
38
25
36
46
33
44
31
35
39
33
26
36
31
30
41
33
41
42
35
32
30
34
42
39
29
39
40
21
34
37
24
38
30
31
33
41
47
41
38
41
41
47
32
33
43
34
44
33
38
32
37
54
34
25
41
28
36
31
33
39
40
46
28
42
38
29
42
39
30
27
27
51
38
36
44
40
36
32
34
39
34
38
39
39
36
31
42
26
38
38
24
30
41
38
29
37
28
23
41
35
34
35
36
44
25
28
32
38
29
37
32
39
28
40
36
16
39
37
29
52
36
37
36
42
35
30
47
31
42
29
35
36
36
39
34
36
46
36
29
33
33
35
35
36
36
33
30
38
42
31
40
35
39
35
31
42
36
35
34
33
37
30
47
35
41
39
31
31
29
32
46
37
38
38
36
24
42
43
37
39
36
35
31
29
45
46
37
39
35
28
32
27
23
33
31
35
39
45
37
40
30
43
41
35
45
39
35
32
32
33
36
35
38
29
34
30
27
35
34
47
30
33
42
36
25
40
34
33
37
47
31
35
44
39
34
26
46
33
37
38
34
22
33
40
32
42
50
38
36
39
45
39
30
47
34
46
33
41
35
34
44
34
31
30
22
35
30
40
45
32
40
31
30
35
49
42
34
30
36
41
27
41
36
44
34
29
39
37
36
43
37
36
43
39
31
40
31
31
26
40
32
26
32
55
33
27
31
31
36
38
39
27
34
40
26
26
30
42
39
37
26
36
35
43
29
31
40
41
39
31
43
32
30
35
36
37
32
25
30
37
39
33
41
51
39
37
22
43
35
32
31
30
28
36
39
33
28
28
45
40
37
28
35
27
33
30
41
34
36
41
33
33
39
38
38
25
28
40
35
29
37
38
28
26
39
26
29
42
31
37
33
33
33
24
27
37
39
33
40
39
43
35
24
30
31
34
30
36
44
35
25
35
32
32
42
39
35
36
30
39
43
32
32
36
31
32
26
39
40
37
32
30
39
43
30
27
27
32
28
26
35
37
39
35
36
35
48
31
37
34
38
33
32
37
47
53
45
30
29
37
39
35
41
27
33
35
32
38
40
35
32
34
42
36
28
34
22
29
45
31
33
34
32
35
31
29
31
47
35
47
44
35
39
44
32
37
30
35
36
46
40
33
42
38
39
28
40
38
45
32
37
24
42
32
38
39
35
35
35
44
44
39
37
40
36
40
37
42
38
46
43
42
41
43
36
42
40
26
39
48
45
35
29
49
32
45
31
34
37
38
39
27
35
42
31
43
29
34
36
48
37
33
46
43
49
40
36
35
38
34
29
33
38
42
34
34
37
39
33
32
41
37
28
49
40
43
48
43
42
48
38
39
33
32
32
33
42
32
47
40
38
42
50
40
41
40
43
44
39
47
38
39
41
34
37
43
40
41
35
37
35
44
44
34
44
47
44
49
40
28
39
42
35
42
36
33
43
36
34
41
40
42
48
33
34
34
36
50
40
42
32
39
35
40
35
53
31
48
36
48
28
43
31
41
40
44
42
37
38
35
39
35
32
39
46
39
42
42
43
46
31
34
41
47
43
38
42
36
30
38
39
33
36
39
44
34
39
38
31
34
42
40
37
36
30
39
46
31
24
35
54
36
41
35
33
40
27
39
36
29
43
35
40
30
38
48
42
45
27
26
30
31
42
37
36
44
43
38
30
42
34
37
40
39
41
45
36
42
30
34
41
39
35
40
41
38
47
49
40
38
39
43
41
27
33
29
33
60
41
38
38
40
34
36
40
30
42
40
24
47
49
35
31
26
31
43
43
33
44
34
37
40
31
37
39
45
31
45
39
34
33
36
36
35
43
40
34
41
36
33
34
35
33
33
37
47
44
39
44
40
38
32
36
34
37
32
50
53
45
34
43
43
35
37
43
28
46
40
43
29
38
46
33
45
33
38
53
42
31
40
33
33
40
43
39
35
26
42
41
36
38
36
39
37
37
37
43
31
35
42
40
42
36
31
49
33
35
37
33
42
49
39
40
33
41
37
31
40
40
35
30
39
29
29
41
39
28
42
40
41
24
32
33
35
35
31
43
32
38
41
30
29
37
48
32
35
43
44
38
36
49
37
40
31
36
37
43
45
29
22
46
27
40
30
40
47
33
38
33
29
43
37
34
45
38
40
45
40
39
39
50
34
40
33
28
38
34
28
40
27
30
23
39
41
41
36
47
39
40
42
44
32
36
41
41
39
27
43
37
40
40
37
39
24
24
29
24
39
34
34
29
36
29
36
40
35
42
33
45
37
43
37
27
28
41
49
40
29
31
37
28
34
33
35
46
45
41
30
41
40
32
32
32
35
34
40
30
36
32
38
33
50
46
33
30
53
19
41
38
30
44
35
32
38
40
37
36
46
24
33
38
32
33
35
45
36
34
42
33
28
27
48
43
32
38
37
41
32
39
36
30
41
40
36
36
29
34
39
27
35
30
33
42
44
37
32
39
36
43
37
40
37
31
32
32
24
26
28
38
36
36
37
47
34
35
42
34
41
42
32
33
36
32
46
37
41
39
46
53
38
27
34
38
31
43
38
29
44
36
40
32
45
31
35
37
32
26
33
38
37
31
35
39
30
35
35
30
31
34
37
34
37
33
29
31
50
32
36
44
33
32
29
33
36
30
35
41
38
37
33
41
38
43
31
29
44
38
26
44
38
37
37
21
38
34
36
36
29
22
32
40
39
33
32
37
34
35
31
33
29
34
32
39
25
36
36
37
36
40
32
38
42
25
33
35
34
35
38
34
37
31
46
40
32
35
33
35
24
33
29
26
30
34
28
27
33
28
32
35
30
37
26
40
30
37
33
29
33
42
32
33
33
39
39
42
20
40
37
36
33
28
32
35
35
38
32
37
32
33
21
35
28
40
42
34
31
39
34
33
36
39
38
39
31
45
24
33
29
33
33
36
41
32
35
32
29
30
33
24
33
28
45
41
32
33
33
31
41
26
35
40
34
25
32
40
30
41
39
34
31
29
34
29
32
32
46
37
31
26
25
40
36
45
21
33
34
32
30
33
27
41
36
32
39
35
22
39
17
52
25
35
36
38
28
35
29
25
48
31
34
31
41
42
45
47
36
25
38
46
44
36
37
36
34
30
29
34
32
32
32
29
37
28
37
31
27
31
40
31
36
27
31
37
38
37
26
34
28
29
29
25
35
31
42
37
30
33
35
41
34
36
26
34
38
24
40
37
39
25
35
41
42
37
29
34
42
36
40
34
35
33
23
35
30
29
40
41
36
37
29
36
26
42
25
34
22
28
31
29
32
36
24
29
33
32
29
40
28
29
30
31
27
36
37
32
36
42
35
29
28
33
22
44
34
30
35
36
28
35
34
34
28
33
23
27
30
28
37
33
33
38
35
30
37
34
29
39
37
37
37
36
46
34
22
40
30
38
36
36
25
38
38
30
30
32
31
25
36
31
26
24
27
28
38
32
34
36
33
26
46
33
31
26
26
34
34
35
37
36
36
32
34
41
28
31
33
33
43
31
33
35
42
42
41
38
29
25
33
27
27
22
33
42
43
31
37
37
29
26
29
33
30
32
18
34
37
34
44
25
24
38
36
31
34
44
36
34
37
34
29
31
30
35
31
35
28
33
33
36
26
33
34
28
39
21
15
30
25
27
29
36
25
41
27
39
28
34
32
36
27
35
43
38
34
39
49
39
29
41
33
30
46
30
32
39
23
32
41
38
27
35
44
25
40
33
27
27
33
29
31
32
35
32
31
21
32
39
34
34
35
37
35
30
27
38
46
36
27
37
37
36
30
39
37
33
32
29
28
30
31
36
49
36
33
32
40
28
29
40
34
35
20
30
28
31
29
36
36
29
41
33
39
42
33
36
40
26
38
34
31
45
33
29
32
27
32
24
44
37
44
30
36
40
35
26
29
34
37
35
30
25
25
30
32
28
25
28
31
39
35
44
33
32
31
28
28
31
29
41
34
34
35
32
46
28
31
34
37
31
27
22
26
43
36
35
24
36
37
36
40
38
37
25
36
31
26
26
37
31
32
42
31
46
34
25
32
28
35
32
36
32
26
31
29
40
38
35
46
27
33
35
33
39
40
41
35
28
43
34
36
29
30
25
39
33
32
33
41
33
35
35
34
33
34
30
34
30
33
29
32
25
31
31
31
41
33
43
31
34
37
36
35
38
35
31
28
30
39
35
27
47
39
42
26
29
29
49
33
36
31
38
32
30
35
24
39
40
31
42
44
35
34
35
34
37
31
22
28
35
39
38
26
38
22
38
28
34
41
31
32
22
37
41
37
50
40
30
41
30
32
28
39
27
36
37
40
36
36
48
40
20
29
37
36
32
40
37
38
41
32
34
31
32
28
39
34
33
36
31
55
36
35
31
36
35
33
33
31
34
37
37
36
39
34
42
31
35
42
30
22
29
42
38
38
46
41
32
46
34
42
36
52
36
34
37
29
37
20
31
30
31
30
31
32
37
37
33
36
35
30
38
38
32
33
47
28
40
36
34
34
30
50
34
38
35
42
23
39
33
44
30
33
33
23
35
33
24
33
40
40
42
36
27
39
33
39
28
31
42
29
36
46
39
38
46
37
34
42
41
30
37
27
42
40
31
32
41
32
28
37
34
36
30
32
39
38
31
32
41
32
42
32
34
35
41
38
33
31
33
34
37
42
35
35
36
36
33
50
37
28
38
28
45
33
37
37
44
29
42
44
30
30
38
31
32
35
31
24
39
35
30
31
51
34
33
36
38
35
35
26
35
28
25
32
30
43
36
36
36
41
36
31
35
34
44
30
46
35
37
35
31
34
26
36
35
48
35
34
35
33
39
40
41
28
44
42
24
45
30
32
43
34
34
30
41
26
30
37
25
26
34
32
28
35
46
29
29
35
33
33
30
34
29
37
35
35
39
35
40
41
39
40
25
29
33
33
26
36
29
30
25
35
38
33
27
39
34
38
28
34
32
31
28
28
34
35
29
17
32
24
47
32
28
21
25
31
20
19
28
23
29
27
19
20
23
29
33
31
24
26
26
29
26
44
14
25
24
30
20
18
41
27
32
27
26
23
23
26
24
33
26
17
32
26
24
23
21
22
24
27
22
24
30
26
26
27
31
27
29
15
18
19
26
34
31
20
21
25
31
27
27
18
22
26
30
28
17
24
22
25
21
24
15
27
18
21
14
30
25
21
28
25
23
22
17
22
24
24
27
22
25
26
20
24
19
23
22
15
32
18
25
18
26
27
23
22
23
19
16
24
18
17
16
15
21
22
26
23
30
19
19
17
20
35
21
26
24
33
15
23
23
13
18
24
19
27
12
25
19
15
23
18
14
27
23
29
19
19
21
25
27
27
30
24
16
23
13
14
28
16
18
20
18
21
19
26
28
22
19
20
16
26
21
19
21
17
19
17
18
28
19
24
22
21
18
19
22
15
28
21
26
23
27
19
21
20
21
15
18
22
20
21
21
16
19
23
21
19
24
20
24
20
17
15
19
18
13
15
17
20
26
19
22
19
27
12
15
14
25
24
21
20
23
17
14
11
25
16
19
19
24
26
15
19
29
21
12
15
17
20
17
23
19
13
19
18
20
19
23
17
18
21
23
14
16
22
22
17
18
16
19
14
29
18
20
16
19
20
20
17
14
15
25
14
16
19
16
13
15
13
13
10
13
18
25
22
17
14
16
15
25
15
22
19
11
19
24
24
23
20
14
8
15
14
18
15
16
16
17
20
15
21
18
26
21
21
25
19
18
23
20
22
19
15
13
22
19
13
25
13
18
17
20
21
5
16
19
21
17
22
19
18
12
17
19
8
12
15
17
17
16
22
17
20
20
14
17
16
19
13
17
14
13
23
12
19
16
12
10
23
16
15
24
24
19
18
21
19
21
13
18
22
23
20
12
17
15
13
19
10
19
17
14
21
21
21
14
22
23
19
17
14
14
20
16
14
12
11
19
18
16
16
11
7
16
16
18
15
12
14
15
13
16
12
10
15
17
16
13
15
18
19
12
27
14
17
14
16
22
18
21
16
20
15
9
12
19
26
23
13
20
19
17
23
10
16
19
17
12
16
15
9
14
21
11
15
9
21
14
16
18
10
22
17
17
13
20
14
9
11
12
16
14
22
13
12
16
18
19
7
17
8
12
16
15
9
18
25
11
17
15
18
8
8
13
16
16
13
15
14
10
12
11
5
17
13
19
14
18
14
17
12
12
15
17
20
21
21
12
9
12
14
9
19
18
15
20
15
9
14
15
14
12
17
16
10
21
13
17
18
14
11
15
18
20
21
14
9
12
11
12
12
11
10
5
11
13
10
16
20
14
12
21
20
10
14
12
14
14
14
12
16
8
12
19
18
11
16
12
10
12
9
8
15
15
13
15
14
15
11
17
17
11
17
10
14
12
12
15
13
12
8
19
14
14
9
9
16
15
17
10
17
14
13
11
8
12
14
10
18
11
16
17
20
13
6
10
13
14
12
11
9
20
15
10
18
15
6
10
11
18
14
19
13
16
10
14
16
19
15
19
15
21
22
12
12
14
14
14
17
16
15
18
14
12
10
10
16
15
10
10
7
13
12
9
12
17
7
12
11
7
4
9
11
8
13
8
19
18
11
12
9
13
12
17
17
15
6
14
11
5
15
15
20
11
15
13
17
13
13
13
8
10
20
13
13
12
10
13
10
10
23
21
11
15
13
15
10
13
12
14
12
15
17
9
14
9
24
14
9
13
6
12
13
15
21
7
25
11
13
15
12
10
6
20
11
7
11
11
8
10
13
8
20
15
10
9
8
13
23
13
9
6
19
10
12
10
12
12
10
22
14
12
12
17
11
13
15
6
12
14
9
6
12
7
14
16
11
11
9
7
12
13
12
10
13
12
9
9
14
13
7
15
12
13
10
15
8
9
12
6
13
12
17
8
15
9
19
13
6
13
11
10
16
13
18
13
11
11
12
11
12
15
17
14
12
11
19
9
12
13
14
14
10
16
7
15
8
18
6
19
8
13
14
10
15
13
8
12
18
11
10
12
10
12
13
12
9
14
18
10
13
14
5
6
13
6
12
11
14
12
9
11
15
13
18
12
11
10
15
13
6
19
17
10
11
6
15
9
10
8
15
11
9
13
12
11
10
9
12
12
13
13
14
9
7
11
13
15
11
11
9
18
16
13
9
14
15
24
12
10
12
14
13
14
14
9
6
14
11
8
20
11
14
18
14
11
10
7
16
11
13
13
16
12
6
20
13
10
5
12
12
11
14
10
12
13
11
13
11
15
10
15
11
12
17
11
21
9
16
8
6
8
13
9
12
15
14
16
12
12
14
10
6
20
6
14
12
17
13
13
10
12
11
8
17
20
12
7
15
12
16
12
16
12
11
11
13
18
9
12
16
9
11
12
10
2
14
10
13
10
10
15
14
9
10
6
14
18
11
14
18
15
8
11
14
20
10
16
15
16
12
14
8
16
16
9
12
9
16
14
11
17
7
13
15
9
8
12
18
15
15
7
17
19
16
10
9
10
10
10
18
18
13
14
12
14
17
13
11
8
14
12
18
18
13
10
13
8
13
7
10
11
8
12
16
10
18
11
19
5
8
7
13
13
13
17
9
12
18
13
15
12
16
15
9
12
17
13
5
11
10
15
15
16
14
14
15
12
15
9
14
11
9
16
17
15
20
13
15
22
9
19
11
15
10
9
13
21
9
8
9
16
13
12
9
14
21
14
10
13
16
11
14
10
5
10
11
13
17
17
6
18
9
10
13
10
12
14
14
17
9
9
15
6
12
11
11
15
15
11
16
15
11
15
12
13
10
15
15
12
13
14
17
17
16
11
9
11
14
21
12
12
11
15
30
14
11
14
16
10
8
14
15
11
15
16
12
10
17
12
19
16
15
20
14
10
15
20
13
17
12
10
15
16
22
10
10
12
21
12
6
13
20
8
13
23
15
11
13
14
8
15
14
13
13
12
21
14
11
8
13
17
9
11
9
25
13
15
13
11
13
14
15
18
7
14
6
11
12
12
13
11
14
11
5
14
15
10
14
6
23
18
11
19
7
13
15
4
13
13
14
9
13
18
11
13
12
13
17
13
18
7
16
13
19
11
16
20
15
9
15
12
16
13
9
13
13
11
11
13
10
14
8
13
11
12
13
16
9
13
18
13
14
17
11
11
8
14
9
8
6
12
9
13
13
10
12
13
17
17
19
11
12
12
12
9
15
10
11
8
14
10
13
14
8
9
10
13
13
14
14
13
15
7
14
15
16
17
10
2
12
18
16
14
14
14
18
7
18
8
13
16
11
11
11
10
8
13
18
10
11
13
15
14
10
23
16
12
18
22
13
18
12
7
11
21
15
6
10
5
11
10
13
11
14
17
8
9
14
14
11
15
16
11
12
14
11
13
13
19
12
8
9
9
13
11
10
18
11
10
16
16
15
15
11
10
6
9
9
12
12
11
12
10
9
12
6
5
12
11
14
17
12
13
14
17
17
11
15
11
11
14
17
17
16
10
16
11
18
19
14
8
15
21
14
16
16
12
8
14
10
11
14
13
12
10
15
11
16
13
5
19
12
22
12
11
14
19
19
10
12
11
18
18
16
13
14
9
13
17
13
18
14
14
14
11
13
20
9
8
13
9
15
14
10
14
7
12
11
10
14
16
8
15
7
15
9
19
14
17
15
15
17
18
7
10
19
18
12
22
13
11
9
16
6
12
16
15
14
16
18
18
25
19
17
21
25
15
10
21
10
13
20
14
15
23
17
13
18
21
11
21
24
13
15
18
17
17
16
18
14
17
22
17
25
19
27
20
25
25
13
30
32
27
27
35
32
35
34
36
35
36
56
52
50
48
57
71
64
84
94
101
119
129
155
165
190
235
235
266
288
325
335
375
456
489
496
519
579
648
657
663
711
815
765
838
776
793
815
839
766
758
714
736
684
693
614
593
599
538
535
474
402
369
364
316
249
252
221
207
195
141
137
120
99
91
83
58
57
53
48
39
44
29
28
26
16
17
20
23
21
14
15
6
15
10
8
8
6
15
12
6
8
4
7
5
9
7
5
8
3
4
6
3
2
4
9
2
6
5
5
5
3
12
4
2
7
6
8
4
9
5
12
4
2
6
9
9
7
6
8
6
8
8
9
12
8
3
12
12
9
9
4
6
5
7
8
5
12
7
2
5
8
6
7
5
7
7
10
7
5
9
8
8
6
9
9
6
5
5
7
4
7
7
7
8
7
13
6
5
7
7
13
9
15
8
11
7
5
2
6
8
6
13
8
8
5
10
6
3
10
6
11
3
12
3
8
4
8
7
9
5
5
4
10
9
7
6
14
5
8
7
6
6
9
13
12
3
6
5
12
7
11
5
7
6
8
9
5
15
13
11
10
11
16
14
5
8
12
8
11
8
8
8
10
8
11
9
12
9
9
9
8
10
7
13
8
6
11
6
7
6
11
8
10
11
2
2
8
4
2
6
2
3
6
3
4
3
2
2
2
3
4
0
3
4
3
7
0
1
2
5
3
3
1
3
2
2
4
2
4
5
1
4
3
7
4
5
2
0
3
4
2
4
3
2
2
2
1
6
2
0
3
5
2
3
5
3
2
4
1
4
0
1
1
3
3
5
6
4
2
7
1
3
6
5
2
3
2
7
6
1
5
2
2
6
1
1
2
2
3
5
3
6
1
2
3
5
4
1
7
2
7
4
2
2
0
2
2
4
3
4
2
0
2
4
2
1
1
3
3
4
4
2
3
2
3
1
4
3
5
2
3
5
1
6
4
1
3
1
4
3
3
0
6
6
4
1
3
1
3
3
5
0
2
5
1
0
4
1
6
5
4
2
2
5
2
3
3
5
4
5
4
1
5
5
2
1
4
5
1
3
3
2
4
1
2
0
1
4
7
1
2
0
4
2
5
2
2
2
8
1
5
2
1
3
1
1
5
2
3
3
2
4
4
4
1
5
4
0
3
3
2
3
1
4
2
3
4
4
8
2
2
0
5
1
5
1
8
2
1
2
0
3
1
4
5
4
5
2
5
3
4
5
4
4
4
7
4
3
2
3
2
5
0
3
3
4
2
1
3
5
5
1
2
1
2
3
3
2
2
3
1
0
3
2
3
4
3
2
3
7
4
2
3
0
1
2
1
4
3
6
3
3
0
5
3
3
3
3
1
2
2
1
1
2
2
3
3
3
5
1
3
1
4
4
5
1
3
3
6
0
1
3
4
8
4
3
2
3
7
3
3
1
1
3
2
2
6
6
4
3
6
6
1
2
6
4
4
5
3
1
0
4
3
3
5
2
2
3
3
1
5
1
4
3
6
5
1
2
5
0
3
5
6
3
0
4
3
2
7
0
1
2
1
2
4
1
5
3
4
7
4
4
3
4
5
8
4
4
2
5
5
1
3
2
5
8
6
1
2
2
2
2
4
3
2
5
3
1
4
2
0
2
2
2
0
2
5
2
2
0
6
0
6
4
6
3
1
2
6
3
2
5
2
6
3
2
2
4
4
6
3
4
1
2
5
3
0
3
4
2
4
2
7
4
6
5
2
7
5
2
2
2
4
1
2
2
4
2
7
4
7
5
3
1
2
3
4
2
3
5
0
2
1
0
5
1
1
4
2
0
4
3
2
2
3
2
3
2
2
2
4
2
2
4
1
3
1
2
6
0
2
3
2
2
4
3
2
5
5
5
2
0
3
0
4
2
2
1
1
5
3
4
2
0
2
1
2
2
5
2
3
4
2
2
5
4
1
4
0
5
0
4
1
1
5
2
8
1
4
5
1
4
4
2
3
1
2
6
5
5
3
2
6
6
4
5
0
3
1
1
3
1
2
5
3
4
3
1
5
6
1
5
3
3
3
4
2
1
4
3
2
4
6
1
5
4
2
4
1
1
4
2
2
2
3
1
4
3
1
2
6
1
4
4
4
1
1
1
2
4
3
3
4
4
2
1
5
0
2
2
2
5
4
3
0
2
4
1
4
3
3
2
2
3
1
3
4
1
6
3
3
5
0
2
1
3
3
4
3
5
3
6
1
3
0
3
2
3
4
6
1
2
4
1
4
3
4
3
1
4
1
4
3
2
3
3
4
4
1
3
6
2
2
1
1
2
6
0
2
2
1
7
5
4
2
1
4
2
2
3
1
5
1
5
2
6
3
2
4
2
2
2
5
5
1
2
5
3
3
4
1
4
5
4
2
3
1
1
3
2
2
1
2
2
3
4
0
1
3
1
4
5
4
2
2
5
4
6
4
6
2
3
3
1
1
4
6
0
3
1
0
3
3
5
3
3
3
3
4
1
2
7
3
5
3
3
2
3
1
2
1
3
3
4
4
2
2
6
0
1
4
1
2
2
5
2
5
2
2
1
3
3
3
4
2
1
3
1
4
5
2
6
3
4
1
3
1
2
5
5
5
5
1
3
5
1
3
3
4
2
3
3
2
1
2
0
2
2
2
4
2
3
1
1
1
2
2
1
3
2
1
1
1
1
5
1
3
2
1
4
3
3
4
3
5
5
3
2
2
5
0
1
5
4
4
5
1
4
4
2
6
1
3
6
8
0
2
3
1
4
1
1
2
2
5
6
4
2
2
4
2
1
3
0
1
0
3
5
5
2
5
2
6
3
5
7
1
2
4
0
5
1
7
5
3
4
1
1
4
1
1
3
2
2
1
3
1
4
4
3
1
3
3
3
5
6
2
4
3
2
1
1
1
7
3
4
2
3
4
0
3
1
3
2
4
5
3
2
7
2
6
2
5
4
2
0
3
4
0
4
3
3
5
3
1
4
3
4
2
3
8
3
4
4
2
2
2
1
2
4
7
5
1
3
1
6
3
2
2
7
2
6
1
2
0
4
2
4
8
4
4
5
1
1
3
4
2
2
2
3
4
4
4
3
3
3
2
1
1
5
1
1
2
5
3
1
1
0
3
5
5
3
1
1
1
8
1
2
2
3
3
3
1
2
3
3
2
2
4
5
3
6
1
3
4
3
2
2
5
3
3
3
4
3
3
1
1
3
2
5
3
0
2
2
1
2
3
3
2
1
1
5
3
1
2
0
1
4
2
1
3
2
5
3
3
2
3
4
1
3
2
2
2
0
2
1
4
3
7
2
4
2
3
1
4
1
3
4
2
6
1
2
4
2
2
2
1
5
4
4
5
2
6
5
6
2
2
2
1
3
6
2
2
0
1
0
1
3
2
0
2
5
0
3
1
6
0
3
4
2
2
4
2
4
1
2
2
3
3
2
3
0
3
2
3
0
3
3
1
1
1
6
4
4
1
5
0
2
0
6
2
1
1
2
1
2
3
3
3
4
1
2
4
0
0
4
3
0
3
4
4
2
1
1
2
3
1
3
3
5
0
5
2
3
4
2
4
1
3
1
4
6
3
3
3
2
2
4
0
0
4
1
4
1
1
0
8
4
4
7
3
2
1
2
6
4
2
4
3
1
4
6
0
2
2
5
3
4
0
1
3
1
1
3
3
2
0
2
5
1
2
1
4
2
3
2
7
5
2
3
0
4
2
2
2
4
3
3
5
2
1
5
4
3
3
3
2
2
2
0
2
3
4
3
3
1
1
2
4
2
6
3
1
4
4
1
6
2
6
1
2
2
2
6
2
1
4
3
1
5
5
2
1
2
2
0
1
4
2
1
2
0
5
0
4
4
3
7
2
2
6
1
3
2
4
2
4
1
1
2
3
2
1
1
5
1
0
0
0
2
0
2
3
2
5
5
6
2
3
2
1
1
1
3
1
3
4
1
5
2
2
3
2
1
0
0
5
3
3
1
4
0
2
2
1
4
6
5
2
0
5
5
1
5
3
4
1
2
2
1
2
2
2
2
3
3
2
2
4
0
4
3
1
3
1
7
4
5
6
0
2
1
3
2
4
2
5
3
3
2
0
3
4
1
1
3
3
2
3
0
5
4
4
2
6
5
0
6
4
0
3
2
5
0
3
1
2
0
6
2
5
4
4
2
4
1
3
0
4
4
2
4
3
2
1
7
3
0
4
3
2
2
3
3
4
3
2
2
1
2
3
2
1
2
2
2
2
4
0
4
4
1
1
2
1
4
0
1
6
2
0
2
1
5
1
1
1
3
2
2
2
0
3
4
4
3
0
3
3
2
3
1
3
2
0
2
3
4
1
4
0
4
3
4
2
2
4
2
1
5
3
1
2
2
1
4
3
2
1
3
1
1
1
7
1
2
4
4
1
1
1
5
2
2
3
3
4
3
3
0
4
1
1
2
2
1
4
1
4
4
1
2
2
2
2
4
1
1
1
1
2
1
3
4
3
2
3
1
1
3
1
3
3
2
2
2
2
1
2
3
4
2
2
2
3
3
2
1
1
3
5
3
6
4
3
3
1
1
4
1
4
3
2
1
4
6
3
1
2
1
1
5
3
3
4
5
2
1
1
6
3
3
5
2
4
3
3
4
1
4
2
3
1
1
2
0
2
1
4
1
3
4
3
4
8
3
1
0
4
3
1
3
4
2
3
2
3
1
7
2
4
4
2
2
1
3
2
3
3
1
1
2
3
1
2
5
3
3
5
2
3
3
1
3
2
3
3
1
2
3
0
2
2
3
1
2
2
2
3
1
3
5
1
3
2
2
2
3
2
3
3
2
4
0
0
3
2
1
4
1
4
4
1
4
2
5
2
1
2
0
0
1
2
3
1
0
1
2
2
0
2
2
1
3
1
2
5
3
0
6
2
2
3
4
5
1
4
1
0
2
1
2
1
3
0
1
3
6
2
5
4
5
2
5
0
6
1
4
2
2
3
2
2
2
2
4
0
1
3
1
1
5
6
1
3
2
2
3
1
3
4
1
5
4
0
2
3
5
1
2
1
5
2
1
4
3
2
5
3
2
4
1
3
1
1
1
1
2
5
4
8
3
2
2
4
1
6
3
3
4
6
1
5
1
4
2
1
2
5
1
3
6
2
2
3
3
4
2
3
4
3
0
3
0
6
3
2
3
4
0
1
2
3
1
1
3
4
1
2
1
1
1
1
5
1
1
3
2
2
3
2
1
1
0
1
1
0
2
0
2
1
2
4
4
1
1
3
2
5
2
4
3
1
3
4
3
6
5
2
5
4
4
3
5
2
2
4
5
2
3
0
4
5
5
1
1
1
7
1
3
7
2
3
3
3
1
5
2
3
2
2
3
2
4
3
3
2
3
7
1
5
4
1
0
1
1
5
2
4
6
1
2
5
1
1
1
2
2
2
2
3
3
1
3
1
2
2
5
1
5
6
5
1
0
3
2
2
2
2
8
3
1
6
1
4
4
5
5
1
1
2
2
3
6
3
1
4
1
1
2
2
1
4
4
2
2
1
3
2
4
1
4
3
5
2
3
2
3
1
4
0
1
3
1
6
6
3
0
5
2
2
4
2
2
2
2
2
2
2
6
2
3
0
2
0
3
4
4
2
4
4
4
5
0
3
3
2
5
2
4
3
2
3
3
3
2
1
5
4
2
2
3
1
2
3
13
1
5
4
2
5
0
3
0
0
1
3
2
0
1
2
2
4
3
2
3
3
1
4
2
1
0
4
2
4
1
2
2
0
4
3
4
0
2
4
0
1
2
2
4
1
7
2
3
0
0
3
1
4
1
4
0
6
3
4
1
3
1
4
2
2
2
3
5
0
0
1
1
4
1
2
4
3
2
3
0
6
2
0
1
0
2
4
2
10
5
8
4
5
2
3
5
2
4
4
5
3
2
0
2
4
2
3
4
3
3
3
2
1
1
2
8
3
4
0
1
3
3
3
1
1
3
3
3
1
1
5
2
4
3
1
1
2
4
2
3
0
2
2
0
2
4
5
4
10
3
2
3
3
3
3
3
2
1
0
2
4
0
1
3
4
6
4
4
7
1
4
1
1
3
5
2
3
1
4
1
3
3
0
1
3
2
3
1
2
4
3
2
0
4
2
2
3
4
4
0
2
4
3
1
3
1
2
2
2
2
2
4
4
1
4
1
3
2
4
3
1
2
3
5
3
4
1
1
1
2
2
1
2
2
2
2
3
2
2
1
4
2
4
2
3
1
3
1
3
3
2
1
4
1
2
2
2
3
2
5
1
3
3
1
2
2
1
2
4
4
1
4
2
3
3
1
1
0
3
1
2
2
2
1
2
3
3
2
2
3
4
5
2
3
4
0
2
3
2
3
2
2
0
1
3
5
0
3
3
3
2
1
4
3
2
4
1
1
2
3
1
2
5
1
1
2
2
9
3
2
1
4
0
2
1
0
3
1
4
2
0
1
4
2
4
2
0
1
0
3
3
2
2
4
4
6
3
5
2
2
0
0
5
6
2
0
1
4
3
2
2
6
4
4
3
5
4
2
3
1
3
0
2
1
4
3
4
1
0
6
2
4
2
1
5
8
5
2
1
2
3
3
1
4
6
0
2
3
1
5
2
2
0
0
1
3
4
1
2
4
3
0
0
2
2
3
3
1
1
0
3
0
1
4
3
3
4
2
4
2
5
2
0
2
0
155
196
184
177
184
184
169
200
215
181
205
197
193
200
222
207
223
215
215
204
218
217
248
213
249
290
225
257
249
237
257
261
303
297
324
317
337
378
359
375
406
366
397
448
420
437
458
446
442
511
490
492
505
504
516
571
567
570
580
625
628
663
706
669
728
725
718
785
753
806
837
889
879
986
941
1012
991
1128
1040
1114
1184
1190
1238
1283
1331
1350
1474
1436
1503
1456
1566
1778
1778
1883
2251
2595
3356
4332
6095
9221
13897
21471
32956
48659
68716
94073
121961
149515
174092
191507
198364
195932
182026
162787
139395
114728
92712
73604
58858
47638
39578
33984
29973
27184
25481
24145
23220
22508
