18
19
16
22
14
13
23
24
15
29
18
20
13
23
22
24
25
22
12
21
17
16
12
21
12
12
17
11
20
25
26
17
20
18
13
19
13
13
13
14
16
10
10
14
18
13
9
18
13
22
9
10
9
20
14
21
22
37
90
183
371
608
693
689
786
760
797
882
978
1076
1251
1301
1395
1338
1147
920
795
648
642
596
593
567
563
548
574
566
581
548
552
551
599
522
584
544
563
594
594
572
587
589
655
625
599
550
579
554
548
580
541
547
582
614
612
592
582
588
576
585
636
581
594
638
625
579
607
607
597
585
571
595
618
550
542
630
558
609
583
579
594
589
640
611
616
615
580
588
587
583
627
572
595
582
623
599
584
580
604
622
639
636
633
611
639
658
634
620
626
614
614
630
631
668
658
588
611
615
598
629
624
695
655
647
666
667
713
660
640
670
629
644
689
672
671
663
645
663
704
696
671
644
700
668
705
708
740
663
746
709
688
717
699
726
717
773
716
708
715
703
750
737
700
705
701
731
654
743
746
730
682
707
727
759
708
768
742
760
720
785
711
783
717
774
754
772
733
742
732
785
801
802
791
760
782
808
776
819
750
782
780
810
746
839
787
771
763
750
786
775
810
795
779
779
835
812
763
784
806
794
747
820
733
773
798
825
816
784
799
834
771
765
853
830
795
862
799
755
782
872
767
811
808
800
813
821
823
844
794
812
835
888
816
869
820
789
831
817
832
819
808
808
845
810
794
838
805
846
809
858
843
836
856
840
837
824
860
790
838
819
796
823
824
832
822
872
767
818
814
833
822
922
865
870
864
859
783
865
834
849
824
824
896
922
824
822
870
842
837
848
834
887
873
834
834
871
862
842
797
804
872
830
854
832
818
806
831
838
851
904
846
859
859
863
854
844
881
809
859
881
845
907
869
805
878
875
849
884
864
832
816
798
878
816
929
857
829
848
837
857
848
904
858
862
907
909
876
851
805
891
823
866
860
880
868
882
843
847
852
861
852
852
849
909
915
859
876
866
873
863
940
856
854
865
857
887
867
873
902
812
873
887
863
824
920
938
917
917
874
895
869
882
914
844
889
923
857
895
857
874
925
929
877
906
919
897
912
901
844
861
839
895
919
899
864
861
839
859
858
884
895
905
813
888
843
855
850
867
897
897
895
860
870
826
925
863
914
881
895
863
852
884
835
846
904
875
854
900
899
878
862
839
802
910
865
919
825
831
897
896
854
896
826
889
849
860
875
866
871
816
867
819
850
943
836
842
898
878
853
865
876
868
893
854
893
862
834
877
868
879
890
882
845
863
908
910
899
877
835
874
915
837
884
885
895
948
898
843
878
910
898
872
867
839
961
870
908
896
949
859
852
878
882
938
892
905
929
892
945
947
957
948
944
917
883
944
916
969
937
956
1006
937
923
1004
967
1019
971
982
938
981
984
955
1001
950
990
1019
919
1056
957
966
1010
990
1048
979
1006
1002
1025
997
1018
968
1071
1017
1072
1040
1032
1025
990
1042
1090
1053
1028
1042
1075
1088
997
1079
1034
1084
1070
1062
1074
1082
1014
1082
1048
1079
1067
1090
1082
1079
1051
1036
1040
1125
1116
1054
1024
1127
1044
1071
1080
1086
1034
1046
1075
1008
1086
1078
1101
1084
1099
1028
1130
1111
1117
1051
1027
1050
1087
1079
1073
1085
1050
1059
1123
1100
1071
1050
1105
1099
1098
1110
1109
1074
1031
973
1043
1036
1012
1047
1054
1004
1093
1050
1002
1072
1055
1016
1079
1052
1043
1046
1045
1040
1005
975
1071
1010
1089
1062
1062
1047
1020
997
1074
1019
1079
1010
1034
1036
922
982
981
1036
1023
993
979
972
934
1018
982
983
1111
1038
989
1048
1019
1016
942
981
1035
956
1010
970
1015
936
981
954
982
981
979
1023
965
995
991
980
989
950
980
1019
1060
943
971
987
995
999
975
955
985
1008
986
942
910
962
892
988
970
954
952
955
950
993
960
945
970
951
958
969
903
989
943
923
926
954
952
969
889
973
940
882
877
933
935
919
938
943
930
969
937
931
882
915
923
968
949
946
954
938
907
886
942
918
914
914
926
954
938
870
901
877
862
897
908
922
911
908
944
899
911
992
867
888
876
926
920
857
811
912
882
893
809
972
892
889
897
864
824
849
846
847
855
883
792
877
866
851
879
897
906
826
872
886
837
899
842
850
895
841
886
858
840
843
824
813
872
787
816
794
862
843
863
775
847
820
819
856
786
899
828
879
859
767
834
812
778
862
783
791
766
796
838
795
807
794
782
818
811
795
798
779
763
815
815
773
805
809
825
789
799
786
796
820
819
740
780
774
844
835
796
879
818
772
782
787
765
746
765
795
812
782
768
776
795
786
749
766
829
741
809
808
809
788
793
786
734
769
823
818
760
831
783
749
731
775
760
814
766
800
748
708
791
772
740
777
779
745
796
753
721
715
711
750
740
753
747
742
795
705
746
772
743
742
773
766
712
716
741
729
760
773
796
765
747
736
748
766
736
740
726
758
742
762
767
732
776
777
812
714
697
723
756
717
771
725
767
750
723
744
700
754
755
780
724
727
742
785
744
747
772
742
751
687
724
724
721
752
676
729
726
736
747
710
687
719
758
738
686
682
716
708
724
748
754
739
722
736
715
708
692
759
741
715
701
698
706
735
774
781
662
715
698
681
753
761
768
715
739
736
721
726
702
681
769
708
710
726
725
729
739
703
786
690
716
677
733
726
683
796
744
702
699
781
760
745
685
739
737
721
728
751
732
676
721
718
729
744
734
728
727
771
678
691
729
707
728
696
664
793
714
774
777
710
699
675
737
713
723
723
707
730
706
715
720
732
711
765
653
712
730
760
717
719
762
716
692
682
703
669
711
732
717
679
711
720
708
682
688
687
740
717
671
666
665
710
676
704
662
712
633
687
680
650
709
666
683
655
675
684
691
635
658
676
690
656
636
619
630
630
660
637
668
660
654
639
650
631
634
678
628
658
651
585
632
609
632
639
654
621
598
576
659
615
621
640
650
607
592
616
592
584
551
566
571
570
599
559
549
556
590
592
575
545
585
545
584
578
581
542
532
534
513
521
534
536
523
584
501
514
509
485
501
498
515
563
515
481
501
474
504
511
530
511
483
494
489
514
503
441
457
458
480
493
466
443
490
456
463
462
417
456
433
450
468
437
456
482
419
440
439
480
426
434
456
442
415
423
448
426
449
440
406
402
430
430
433
444
421
449
381
445
441
404
398
425
424
436
373
432
428
414
398
419
369
384
378
354
406
380
360
395
362
374
380
351
407
412
376
380
376
397
384
360
374
399
343
381
334
375
345
398
338
359
397
363
369
369
375
383
348
331
321
332
392
382
357
376
395
376
339
353
347
351
356
328
346
338
323
327
339
365
343
334
346
342
336
312
354
307
342
346
367
334
368
350
350
326
336
326
340
344
327
336
352
333
318
328
296
326
377
322
259
352
319
327
326
301
326
350
332
326
331
335
342
336
305
314
351
355
349
334
318
289
329
373
359
312
287
310
297
311
287
327
312
297
331
283
318
337
308
314
318
309
271
324
328
314
335
317
346
321
310
313
322
309
308
293
305
313
307
327
293
275
326
290
285
307
316
286
304
292
303
327
288
303
280
321
279
294
316
282
285
301
293
315
278
280
299
302
306
284
332
293
300
288
279
293
308
262
294
289
319
286
288
298
299
290
350
288
320
281
253
277
290
269
286
293
305
277
283
274
298
295
291
291
318
313
285
306
290
280
275
272
283
277
331
289
278
289
307
259
270
281
286
285
268
268
283
307
270
306
272
275
265
263
269
303
316
289
301
257
269
263
282
248
275
261
267
295
256
252
253
258
286
279
291
252
285
293
264
273
268
292
271
273
258
276
260
271
267
261
276
275
257
261
255
240
282
298
269
245
262
260
268
284
256
258
276
286
273
281
264
254
249
260
261
289
263
283
272
239
267
254
274
297
284
299
267
284
268
245
270
271
243
280
244
243
265
267
249
282
298
261
276
275
271
272
294
257
290
261
223
267
262
273
279
259
292
272
279
260
277
234
266
305
289
266
258
260
290
270
269
263
276
254
272
296
297
250
282
271
277
275
318
269
293
291
307
258
267
268
302
281
286
292
283
269
299
295
284
276
299
270
279
287
301
293
315
314
287
315
281
285
347
289
315
300
329
310
304
309
331
322
345
321
320
352
331
366
354
373
368
367
332
342
348
369
378
432
370
379
376
386
421
389
428
407
391
422
401
445
431
432
454
432
506
473
456
492
490
467
503
522
529
499
543
581
577
550
592
558
610
589
627
624
599
650
671
720
649
629
731
675
719
747
785
751
778
747
813
814
853
808
938
871
867
954
885
961
970
941
1051
1019
984
1044
1068
1094
1132
1108
1182
1185
1189
1201
1237
1293
1254
1257
1302
1294
1346
1428
1382
1467
1467
1423
1481
1528
1536
1589
1540
1641
1708
1681
1718
1686
1703
1871
1784
1830
1932
1937
1994
2027
1955
2012
1966
2111
2052
2148
2201
2252
2229
2346
2322
2287
2308
2370
2353
2516
2489
2541
2540
2635
2574
2723
2797
2694
2715
2757
2866
2720
2799
2814
2927
2986
2955
3019
3069
3025
3020
3051
3163
3273
3270
3270
3330
3356
3385
3279
3448
3394
3498
3455
3422
3385
3485
3669
3646
3568
3733
3779
3696
3706
3697
3721
3722
3766
3875
3820
3878
3901
3851
3958
3999
3955
3958
3947
4002
4098
4140
4180
4130
4071
4179
4212
4219
4321
4163
4291
4299
4290
4217
4309
4319
4251
4300
4330
4310
4157
4256
4279
4297
4253
4274
4200
4281
4278
4272
4188
4342
4266
4324
4299
4304
4235
4356
4190
4305
4321
4349
4280
4261
4214
4189
4214
4215
4220
4203
4200
4167
4244
4126
4016
4064
3933
4073
3974
4046
3977
3910
4049
3912
3885
3940
3779
3869
3720
3774
3809
3768
3735
3723
3691
3632
3560
3636
3453
3532
3554
3455
3432
3411
3371
3377
3409
3357
3322
3178
3170
3134
3198
3209
3070
2991
3031
3077
2870
2924
2780
2877
2792
2803
2839
2848
2762
2684
2648
2582
2677
2503
2537
2568
2525
2503
2379
2334
2359
2309
2267
2223
2282
2232
2104
2185
2152
2199
2062
2109
1948
1934
1973
1897
1950
1815
1834
1839
1781
1716
1726
1660
1596
1619
1601
1541
1587
1548
1503
1474
1450
1379
1432
1399
1342
1351
1273
1295
1194
1204
1249
1229
1182
1171
1159
1111
1103
1060
1055
982
1059
1028
1012
915
912
876
936
913
872
858
867
860
780
854
748
829
753
731
726
759
702
664
695
679
653
649
645
628
634
592
586
566
535
529
551
558
525
556
501
492
502
476
474
531
502
458
440
429
435
460
418
425
427
403
412
404
395
366
366
360
367
392
350
349
327
333
354
332
328
336
306
326
285
283
270
272
288
286
279
294
313
285
301
262
253
272
264
250
260
261
266
236
252
227
249
245
237
253
239
230
245
221
209
226
227
189
212
216
214
213
212
218
210
195
224
207
212
198
185
195
191
198
195
194
213
208
190
186
180
186
187
177
179
167
187
202
194
161
183
185
170
179
178
158
164
166
153
185
152
175
133
167
153
165
151
168
157
147
174
149
137
150
153
154
171
158
120
155
163
151
164
154
152
157
149
167
153
141
154
135
179
153
138
148
154
147
136
149
145
122
144
146
141
130
135
135
133
146
123
140
140
138
142
146
163
120
139
139
136
137
115
135
120
159
151
146
143
130
124
146
129
114
136
131
151
113
135
117
141
123
133
124
128
143
155
128
139
147
145
143
140
115
124
135
132
143
140
125
127
134
148
128
127
119
135
149
150
142
114
119
135
137
122
117
109
126
122
113
133
114
128
118
141
132
127
123
136
155
119
145
123
134
130
142
114
128
120
121
128
134
140
120
129
111
161
147
122
134
120
133
116
123
127
134
119
114
136
125
137
118
145
125
113
124
136
133
119
118
113
132
131
114
117
117
122
132
99
104
149
132
137
126
131
118
122
123
133
121
133
112
123
131
130
121
128
126
129
100
131
135
133
131
131
142
119
125
108
105
129
114
115
110
138
129
129
119
137
138
111
130
115
125
124
125
127
128
142
128
140
117
120
127
123
127
146
125
120
124
121
115
137
123
102
102
126
124
133
127
99
113
111
129
122
127
126
126
132
126
130
107
132
146
116
125
131
123
130
119
129
129
119
121
137
113
122
130
124
136
123
126
124
115
120
146
119
112
125
120
131
128
126
122
100
127
99
115
124
127
113
135
115
122
117
123
137
135
128
129
129
124
124
137
123
127
133
113
117
116
109
122
122
124
127
124
129
133
123
129
124
131
136
114
126
129
136
119
126
115
133
116
116
153
154
133
134
107
108
130
139
138
105
132
142
129
126
122
137
144
122
121
123
135
127
131
118
121
123
121
134
138
117
109
133
123
125
169
145
132
126
132
114
128
123
130
136
144
120
133
136
125
124
111
138
118
109
115
123
116
124
138
131
113
103
132
114
129
108
127
130
104
116
120
121
133
124
115
118
126
133
132
114
143
121
144
121
132
148
113
114
142
141
131
116
116
137
143
124
118
128
132
138
111
112
142
139
131
130
119
147
131
128
127
123
127
122
119
129
154
130
129
125
137
116
133
138
146
152
140
121
129
127
125
137
138
135
112
121
135
132
101
139
109
144
154
135
118
128
138
118
124
116
127
130
132
132
152
118
130
126
125
134
126
130
126
136
144
114
99
118
131
150
133
125
133
121
139
122
141
137
117
139
114
144
125
133
129
129
107
137
111
145
106
136
137
125
127
121
116
123
116
134
133
130
137
127
135
128
137
128
113
124
129
132
141
123
121
119
133
138
128
131
114
117
119
116
111
145
133
113
131
114
108
127
115
125
137
133
110
140
117
112
117
143
146
130
135
155
116
130
138
121
115
124
117
122
116
135
124
127
130
105
118
116
113
131
132
117
104
149
118
119
132
119
132
129
120
140
118
149
122
137
122
117
142
119
118
112
126
126
112
146
126
138
121
123
118
129
124
118
110
125
117
141
116
111
124
131
100
119
146
141
114
117
119
105
132
113
138
108
123
124
113
118
131
132
115
102
135
125
132
137
129
120
125
149
125
130
122
125
122
118
135
126
112
114
114
132
121
113
144
124
127
137
128
119
137
117
130
124
117
122
119
120
127
123
136
124
135
104
102
138
125
142
111
134
117
117
114
122
103
121
126
131
123
132
99
151
133
118
123
124
129
144
145
129
104
119
130
130
133
131
140
141
147
131
132
128
126
136
138
143
118
149
129
121
120
109
122
140
110
134
108
124
129
118
155
128
132
118
132
106
132
127
131
130
142
138
126
122
113
129
129
143
134
126
131
118
127
117
140
137
134
117
120
105
102
138
112
134
122
118
138
114
136
139
130
141
129
135
115
128
129
146
119
131
129
130
136
120
105
139
112
115
119
147
133
117
114
136
125
137
111
110
121
124
128
118
117
127
116
150
143
130
120
122
146
140
120
129
142
139
130
127
123
121
130
139
118
123
120
128
128
145
118
128
121
118
116
124
125
144
115
124
147
122
131
130
108
121
139
123
125
142
111
115
113
106
130
119
146
129
115
117
127
114
112
128
101
134
138
118
122
136
113
125
106
114
139
130
132
117
125
109
126
122
125
132
138
136
139
109
143
124
124
128
119
121
134
119
140
122
124
117
111
117
109
125
118
118
165
129
131
124
124
107
129
124
115
119
131
122
107
122
119
119
135
135
113
109
144
123
128
108
138
138
114
130
112
153
114
134
132
126
129
107
113
126
117
130
119
124
117
134
127
127
123
124
114
142
106
121
126
121
134
115
120
132
129
129
119
129
134
120
123
106
127
130
127
125
110
149
95
127
103
115
136
112
117
122
118
114
117
110
118
128
116
105
130
128
123
144
122
138
118
122
124
123
136
121
128
110
133
127
119
133
116
127
129
135
115
112
126
115
116
122
129
137
143
110
137
110
119
124
123
133
130
127
149
108
119
108
134
122
121
118
128
125
149
136
116
128
122
138
134
102
123
128
119
102
105
134
124
137
125
157
129
108
116
135
122
127
126
125
120
132
118
119
115
125
125
132
126
130
133
134
114
135
129
128
132
117
126
117
142
130
131
119
121
146
115
124
122
120
131
117
116
139
133
142
132
128
150
137
135
140
112
140
139
132
147
128
145
128
119
146
136
119
128
123
128
136
142
134
122
133
125
126
124
112
113
126
155
96
144
119
128
116
130
118
149
131
127
111
136
119
141
134
125
152
131
147
138
133
151
116
146
125
121
164
112
125
125
116
139
129
128
115
149
112
132
135
123
127
133
133
145
144
139
126
134
148
134
147
135
112
119
138
141
143
141
138
140
150
107
128
134
144
140
165
119
130
122
132
130
147
138
134
134
123
112
134
138
118
137
146
136
141
138
132
130
97
143
120
152
138
112
143
140
139
123
150
143
133
128
146
128
139
142
142
139
149
136
129
142
146
130
140
127
143
156
166
134
159
118
136
138
149
134
139
124
119
133
136
143
154
124
138
137
123
140
124
137
144
136
134
113
138
150
149
141
135
156
128
145
131
131
134
136
157
133
165
150
127
132
144
157
158
135
142
133
138
134
148
159
119
142
136
142
130
150
145
154
143
110
139
144
137
154
125
178
137
125
141
141
127
114
115
115
141
140
138
146
120
148
168
136
129
137
164
135
165
139
138
159
160
128
144
147
118
138
135
158
115
133
141
148
141
159
146
138
138
154
143
142
150
143
133
138
135
135
135
157
165
139
115
140
146
143
168
154
146
124
159
137
148
135
149
142
145
159
140
137
132
152
156
144
154
151
136
137
125
132
140
144
132
147
144
150
144
139
158
135
163
159
125
151
145
162
165
128
119
137
143
148
155
141
138
141
140
136
147
132
157
149
151
168
137
146
131
145
150
140
142
130
160
135
145
120
144
134
123
149
133
173
157
135
153
163
155
151
158
164
154
161
143
163
158
150
141
162
131
159
160
164
161
163
172
129
152
147
155
159
164
148
159
141
148
145
135
167
163
143
129
130
151
156
136
140
152
146
143
172
128
154
145
138
162
154
135
138
123
141
160
154
144
136
160
149
161
166
154
176
143
124
135
158
142
158
129
179
146
161
156
135
147
153
159
138
165
148
155
134
134
157
159
145
131
155
150
140
136
140
150
136
160
156
176
158
149
141
142
134
129
140
139
151
154
152
127
136
140
109
140
157
126
138
143
138
132
139
146
157
150
152
159
140
161
143
148
140
140
153
144
136
140
140
148
126
150
147
153
145
149
127
150
144
154
149
152
143
136
140
122
161
152
139
143
145
128
125
140
139
130
133
130
136
116
141
116
130
130
140
140
134
140
142
128
145
145
134
123
126
146
135
110
108
139
146
128
128
109
119
134
139
124
126
108
118
98
105
98
140
123
130
122
134
121
109
136
124
120
119
119
116
121
149
121
123
114
114
128
119
113
143
107
129
125
119
117
146
124
112
114
114
126
123
112
123
89
117
107
111
106
121
137
109
119
129
106
128
99
107
115
116
94
103
109
114
100
97
119
97
119
137
107
101
116
110
104
107
121
105
108
114
111
100
94
105
121
126
105
107
97
98
115
102
109
92
99
85
104
100
120
99
110
111
103
109
91
94
79
98
95
100
94
102
105
100
82
84
87
75
102
100
96
102
75
95
93
86
93
93
97
83
92
88
89
96
102
88
109
70
81
81
92
99
73
104
73
105
81
89
94
91
103
75
86
69
89
88
79
75
74
79
90
64
79
81
74
88
86
81
69
79
80
80
88
88
75
81
91
69
84
75
58
89
96
70
86
80
76
87
69
71
69
84
73
66
74
82
79
80
68
79
72
65
70
66
62
81
91
69
68
72
57
75
65
79
63
66
71
75
66
78
56
55
56
68
62
62
70
56
65
67
65
84
65
68
73
72
75
73
64
58
62
62
60
67
50
71
78
60
45
63
55
71
64
52
69
56
67
61
54
70
73
67
66
60
58
45
55
49
53
62
59
59
64
51
56
51
72
58
62
57
58
39
63
48
62
59
55
50
59
61
56
63
58
54
41
46
48
55
67
59
61
47
50
46
44
57
44
43
43
55
41
54
50
61
43
45
49
57
55
40
48
43
49
46
57
46
36
49
62
51
57
38
43
42
47
52
42
50
51
39
54
49
43
43
43
47
43
55
56
36
44
50
35
44
58
48
43
41
47
53
42
47
51
33
46
45
36
38
48
51
42
51
44
48
48
47
46
49
44
39
48
47
33
54
45
46
56
52
46
43
44
45
28
34
41
33
41
47
50
37
61
27
47
42
34
39
41
39
43
50
45
42
37
45
45
26
38
41
33
40
50
32
40
41
41
47
45
50
40
38
36
48
32
36
42
33
40
51
47
44
43
37
42
37
34
63
44
41
45
39
34
26
37
39
46
48
33
45
39
41
46
41
32
42
39
38
26
26
47
33
40
36
48
40
46
32
52
38
43
24
35
36
29
36
54
48
47
24
39
47
44
40
43
49
40
30
39
46
27
31
31
35
32
25
25
35
39
34
39
34
36
33
33
39
31
25
37
37
39
41
36
34
40
47
38
37
35
34
26
27
38
41
30
56
42
44
46
28
32
43
51
37
35
38
28
36
38
45
36
41
35
34
37
35
27
35
36
36
45
43
47
42
47
38
43
30
46
38
30
40
35
31
48
38
34
53
33
44
51
39
50
45
45
43
36
27
32
35
39
36
54
42
38
43
47
50
32
43
34
54
54
60
56
41
49
40
54
36
51
47
47
48
47
51
51
52
59
49
67
48
54
55
55
56
45
59
66
61
47
62
62
50
63
72
48
62
68
65
70
55
65
74
76
57
65
72
71
74
65
73
58
71
62
64
67
72
71
70
66
82
80
67
89
82
87
70
79
81
83
84
95
80
93
85
75
90
86
103
110
102
109
116
98
93
91
91
113
96
112
105
123
91
99
93
118
124
119
102
121
125
115
134
129
114
114
127
133
119
139
122
133
136
134
142
120
123
155
138
146
154
143
157
146
153
147
163
136
146
146
151
164
176
172
170
169
140
171
180
192
167
171
177
180
182
163
180
184
208
175
192
171
194
203
192
216
190
190
232
176
202
201
218
224
204
188
203
219
240
226
232
239
203
237
262
218
234
224
241
246
259
254
252
237
283
235
260
271
243
278
289
275
254
279
298
291
293
309
277
285
264
332
300
299
285
267
277
302
297
325
327
306
337
338
317
346
320
335
349
330
327
342
307
343
352
360
362
350
311
356
358
385
351
388
352
373
396
380
393
397
388
391
389
375
386
397
364
386
387
419
402
365
415
415
402
412
418
425
407
407
403
402
421
430
445
427
390
453
427
438
459
441
443
456
443
444
459
459
476
472
463
471
431
441
433
475
503
498
504
477
448
495
479
460
506
488
527
485
501
508
471
496
494
497
521
489
501
510
495
508
529
550
513
548
568
549
531
509
529
525
513
528
508
566
496
505
550
487
554
507
542
516
542
573
522
575
527
536
522
534
541
565
525
578
528
556
585
550
575
529
517
557
577
548
564
566
545
570
583
549
559
556
545
538
578
563
547
579
593
551
528
604
546
557
515
599
566
579
560
590
589
555
568
572
596
537
538
545
587
556
511
520
573
551
551
538
526
579
524
557
569
570
535
566
557
546
539
558
527
565
529
522
520
549
573
509
589
554
529
535
522
537
565
499
523
546
550
543
504
560
580
503
479
553
492
525
550
532
534
502
501
495
526
511
487
476
509
436
463
487
492
502
492
498
486
476
496
475
446
474
481
470
474
428
442
450
454
482
480
485
482
475
465
478
434
435
443
426
429
442
458
459
439
452
443
459
428
452
421
405
420
423
414
384
394
396
405
367
391
389
406
400
338
408
371
326
363
368
356
414
368
374
348
356
368
366
345
367
316
341
342
379
363
327
327
388
314
284
341
300
331
322
286
306
317
288
291
309
322
291
293
304
276
313
318
292
334
272
262
271
286
268
274
288
268
243
294
269
263
269
289
260
249
266
276
248
246
234
234
246
243
246
219
233
214
226
230
211
251
230
235
233
222
194
195
230
204
187
163
233
199
185
192
187
180
190
192
198
215
182
189
198
169
178
171
182
167
173
171
168
157
164
170
150
174
151
171
158
162
132
157
174
150
159
160
137
131
131
147
141
147
130
129
134
148
125
132
136
121
128
127
131
116
119
129
120
104
126
132
111
96
122
127
113
120
116
129
88
105
129
118
96
119
93
95
94
107
94
102
82
106
105
106
92
81
112
92
85
104
95
92
111
96
90
72
90
79
82
91
96
109
84
80
93
79
93
73
83
102
89
65
80
77
62
87
75
77
78
61
78
69
74
80
64
71
78
72
86
75
68
72
59
58
59
72
61
69
72
69
67
56
73
76
56
52
46
59
56
56
61
68
58
59
65
55
61
66
58
78
62
65
67
45
49
51
52
56
75
63
52
44
52
61
53
55
62
66
43
57
56
62
53
47
51
44
46
50
59
50
51
43
59
52
57
50
44
47
41
42
56
46
44
32
35
44
31
44
47
47
37
47
46
54
36
41
41
50
24
44
54
53
52
49
40
33
58
41
42
46
43
42
36
40
36
47
34
41
47
34
46
43
30
35
35
36
38
40
39
49
31
37
37
33
31
38
37
35
26
37
33
37
37
41
36
29
39
35
39
33
48
32
29
40
38
31
28
33
33
41
28
35
31
30
31
35
39
41
34
32
44
30
33
35
22
37
28
37
35
30
32
31
20
41
36
32
38
31
27
32
31
25
33
33
37
33
41
41
37
28
26
27
32
33
30
32
35
26
40
32
33
38
37
37
35
27
27
35
19
33
41
30
33
32
32
38
28
43
36
39
35
22
39
34
29
32
34
29
19
23
20
33
13
28
36
26
29
38
31
30
34
12
29
36
25
27
28
29
33
29
30
27
23
30
23
24
25
33
26
25
32
22
27
21
28
28
42
30
32
23
26
32
28
39
23
29
25
30
26
21
35
24
23
18
31
34
32
24
27
26
22
31
26
31
31
19
21
29
34
22
23
31
29
33
30
32
26
20
18
28
30
18
22
35
35
37
24
31
21
21
22
31
16
42
26
27
20
32
26
37
24
33
22
32
28
20
18
24
30
27
27
28
18
25
22
26
35
24
28
23
28
28
20
25
27
34
29
31
29
32
25
29
34
30
30
29
25
30
27
25
43
25
30
36
28
16
35
25
17
24
31
34
34
27
27
34
24
31
26
23
23
31
24
23
28
28
31
23
37
20
25
19
34
29
37
28
26
30
37
25
18
27
24
23
20
30
32
28
27
32
30
19
39
27
18
25
21
18
25
27
31
28
35
26
26
36
27
20
28
27
34
32
29
23
26
25
19
21
22
33
14
22
29
21
33
30
19
33
23
32
35
26
30
18
24
29
19
23
25
23
25
32
13
31
20
24
22
25
18
28
21
18
34
22
22
15
21
31
27
26
14
29
35
24
29
15
24
26
27
29
17
26
34
25
32
21
18
27
20
24
23
28
27
19
23
24
25
32
23
25
12
27
26
23
29
15
31
28
25
18
28
23
21
21
18
26
27
28
30
23
23
18
16
23
28
22
26
27
30
30
21
28
20
24
25
25
22
19
26
24
25
22
20
32
28
20
22
24
27
27
23
27
20
17
19
25
15
21
21
26
16
20
25
21
23
29
23
19
15
16
18
22
23
24
22
16
17
17
33
20
18
22
13
19
18
26
18
21
25
22
23
21
16
34
14
23
22
23
13
16
25
24
23
24
15
25
18
19
21
16
18
20
20
22
23
22
22
19
21
19
25
22
25
29
14
16
19
24
31
26
13
29
16
20
14
24
29
23
16
19
11
23
19
21
17
18
16
13
22
20
17
18
12
16
22
21
18
20
14
29
17
18
17
15
22
23
24
13
13
22
10
21
19
14
23
15
21
22
18
20
23
20
23
19
10
19
14
11
16
31
16
20
14
15
23
22
19
16
16
18
17
21
22
26
22
20
21
18
18
20
18
13
20
19
23
12
19
17
18
17
20
19
13
19
22
22
19
21
12
17
12
22
24
14
18
12
27
14
11
20
17
12
12
15
14
20
11
17
17
17
15
14
17
20
24
13
15
12
12
12
16
20
12
14
14
15
24
13
12
10
24
22
19
10
13
14
14
17
17
8
12
14
11
24
27
15
23
16
16
22
18
14
17
13
17
10
17
12
13
17
15
12
19
11
14
12
12
18
20
15
13
13
13
10
25
10
15
9
14
13
15
15
25
18
13
16
10
13
18
14
19
13
12
14
15
15
23
12
17
18
15
10
15
15
10
11
12
18
14
17
11
10
20
11
15
9
15
15
12
15
10
12
20
14
15
14
10
13
11
12
8
11
14
20
10
11
16
21
12
18
16
15
10
16
9
11
12
11
12
15
10
9
13
20
16
15
17
15
14
13
8
12
4
8
12
10
17
12
7
14
11
7
10
7
13
10
8
10
10
11
15
14
12
15
8
8
12
8
19
19
8
12
11
10
8
6
11
15
9
9
16
6
9
11
13
11
18
10
10
13
11
19
13
15
10
5
11
11
7
15
15
10
4
13
7
10
16
9
12
6
9
14
16
12
12
11
11
8
8
8
14
13
9
11
6
9
14
13
12
12
12
11
10
6
11
9
10
9
8
10
10
8
10
11
11
8
10
4
6
8
11
8
10
14
11
9
10
10
11
10
5
7
8
11
7
11
10
5
11
8
8
6
8
9
11
9
5
7
7
11
8
5
10
7
8
11
7
12
7
8
10
7
10
6
5
11
10
9
8
8
8
8
10
7
10
12
8
5
11
12
15
8
11
7
7
8
11
5
7
10
6
11
7
3
8
7
11
6
10
3
11
11
7
11
7
12
8
5
10
7
9
7
8
7
8
3
10
7
7
9
1
4
3
9
9
10
5
10
13
10
6
5
10
6
6
6
9
6
7
4
7
9
4
3
10
5
6
6
6
10
5
6
6
1
4
10
14
9
6
8
7
6
8
4
7
7
6
13
8
3
8
9
7
9
0
6
5
3
9
5
8
4
9
7
7
4
7
9
9
7
8
4
6
6
7
9
11
3
9
5
10
7
11
6
14
11
8
8
7
7
7
10
11
6
9
4
5
8
3
10
5
8
9
7
2
4
8
4
5
4
4
2
7
3
8
7
8
6
4
7
6
8
13
9
7
5
6
6
8
3
4
9
4
9
7
6
9
9
5
7
4
2
8
6
4
15
9
3
9
5
3
6
7
6
5
11
13
12
6
6
6
8
10
1
11
6
7
9
12
9
11
5
7
7
10
5
6
10
12
10
7
11
14
13
6
6
6
5
4
8
5
7
12
10
5
7
7
10
7
14
10
10
13
8
12
7
10
4
8
12
7
4
7
4
4
13
8
10
7
12
9
3
8
9
9
9
10
7
9
10
7
11
10
5
5
9
11
9
6
6
11
13
6
11
9
13
6
9
8
13
11
15
14
5
3
9
6
17
9
8
11
17
10
2
11
4
13
10
17
11
6
9
15
15
8
7
7
8
11
18
10
11
6
17
4
12
11
11
10
9
18
12
11
10
14
16
10
5
19
12
8
13
10
13
11
16
9
18
18
11
11
16
6
12
15
15
14
17
13
11
10
15
14
15
15
12
17
13
15
20
12
15
7
18
16
10
12
20
12
12
15
15
14
19
18
14
12
21
13
15
8
23
18
16
18
12
16
17
12
16
24
13
16
15
19
19
19
23
18
24
15
19
17
15
18
17
17
11
12
23
22
15
16
13
16
19
18
19
17
20
20
13
20
21
14
20
20
15
25
17
21
16
27
14
30
20
15
23
14
22
20
29
21
23
13
17
18
23
18
19
32
18
18
19
19
11
27
15
15
13
28
19
30
26
28
18
30
25
24
22
18
20
22
21
19
18
27
23
19
17
27
22
28
18
18
19
21
31
33
20
26
20
26
16
24
21
30
20
16
28
25
24
16
30
27
27
32
26
22
16
23
20
25
26
22
20
23
17
24
25
29
24
24
24
25
24
31
29
31
32
24
21
20
23
25
26
23
26
31
25
25
27
27
28
28
17
26
29
20
22
16
29
27
18
22
20
21
32
27
28
36
37
35
25
26
21
24
31
19
26
26
19
31
20
31
16
31
24
26
24
30
41
23
33
24
30
28
30
25
28
22
32
25
27
26
18
26
31
33
34
35
21
26
18
26
25
30
29
26
35
22
20
23
28
37
28
25
28
27
29
25
20
18
28
24
27
31
21
22
25
32
25
34
23
27
22
22
22
34
25
23
28
17
28
31
23
25
24
37
22
23
23
43
20
19
22
19
33
20
20
26
23
21
21
17
21
23
22
18
27
26
19
32
16
30
21
18
16
15
16
27
21
24
21
21
23
26
28
20
26
27
20
19
26
24
23
25
23
18
36
29
33
27
18
26
26
22
27
22
25
20
26
26
22
16
23
25
21
17
30
19
26
17
28
20
13
18
23
25
24
21
22
24
19
17
23
21
24
23
22
18
21
23
19
19
23
31
19
24
17
18
17
24
23
22
26
18
18
13
15
19
16
27
21
19
14
16
14
18
17
20
23
10
18
17
17
16
17
19
13
21
11
11
21
16
15
15
19
21
12
16
25
17
14
13
13
18
19
10
15
14
15
10
16
15
14
16
21
18
14
19
12
13
9
13
20
18
11
15
16
16
10
14
18
18
14
16
13
18
13
13
20
12
10
12
12
16
14
16
16
7
19
13
10
7
13
8
10
8
16
10
11
6
18
9
12
17
8
10
13
14
14
9
10
10
12
13
5
15
2
9
8
11
5
13
17
14
11
16
9
11
5
9
9
10
9
10
11
13
3
5
6
7
7
7
7
11
6
5
12
10
9
8
11
11
3
6
7
7
4
8
8
11
2
8
4
7
3
7
8
12
4
7
3
9
6
6
4
9
9
4
6
2
1
5
9
4
6
10
5
3
5
10
6
9
7
3
5
4
6
3
6
3
6
5
6
3
4
12
6
1
3
4
3
7
7
4
3
8
3
7
7
1
5
7
5
10
5
7
8
4
4
4
5
3
1
3
3
4
4
6
3
4
7
2
6
2
2
2
5
0
3
1
1
7
6
3
4
7
3
5
2
5
4
2
6
2
0
3
3
2
1
3
5
6
1
2
1
2
6
2
7
6
6
2
4
9
0
3
6
3
4
3
4
2
3
0
4
2
3
2
0
3
0
2
4
4
2
1
1
1
5
1
3
3
2
2
3
2
3
4
2
3
4
2
1
4
3
1
3
2
3
4
1
2
1
1
2
3
1
2
1
2
1
5
2
2
2
3
0
1
5
7
1
4
3
1
1
3
3
4
2
0
2
0
3
4
1
1
0
3
5
2
1
1
2
2
4
2
5
6
2
3
5
4
1
2
3
1
3
3
4
1
4
0
2
1
3
0
2
0
1
3
0
2
0
2
2
0
0
4
2
2
2
0
2
1
2
2
3
2
1
1
0
2
1
2
3
4
1
2
1
2
4
3
0
2
0
2
2
1
0
0
0
1
2
0
3
2
1
4
3
3
0
0
0
1
2
3
3
0
0
1
3
0
1
2
1
0
1
0
3
0
0
1
2
4
1
1
2
1
0
0
0
1
0
1
1
0
4
2
3
1
3
1
1
0
1
3
0
1
2
0
0
1
3
0
1
0
1
2
2
1
1
2
0
0
2
2
0
2
0
1
1
0
2
0
0
1
4
0
1
0
0
1
0
1
1
0
1
0
0
4
1
3
1
0
1
0
2
2
0
1
0
1
1
1
1
2
1
1
0
0
1
0
1
1
1
2
1
0
1
1
1
1
0
1
2
1
0
1
1
0
0
5
1
0
0
1
3
0
1
0
2
0
1
1
0
0
0
0
2
1
1
0
2
1
0
1
3
0
0
2
0
1
0
1
1
2
0
0
1
2
1
1
1
2
0
0
2
1
1
1
0
1
1
0
1
1
2
0
2
0
0
1
0
2
0
1
1
0
2
1
2
1
2
1
0
2
5
2
2
0
0
1
0
0
0
4
1
1
0
1
1
0
2
0
1
2
5
0
0
1
1
0
1
0
1
0
0
0
2
1
2
1
0
1
0
4
0
4
1
0
0
1
0
0
4
0
1
1
1
0
0
3
0
1
0
1
2
1
2
0
0
0
0
0
1
2
2
0
1
1
0
0
0
0
0
0
2
0
4
1
2
0
0
1
1
2
2
1
0
0
1
1
1
2
5
0
1
1
0
0
0
0
2
0
1
1
0
3
2
0
2
0
1
1
0
1
1
1
0
0
2
2
1
2
2
1
2
1
0
0
1
2
2
2
2
2
0
1
3
0
2
0
2
2
2
0
2
2
3
0
1
1
0
1
0
0
2
0
2
2
0
1
1
1
0
0
2
0
1
2
1
1
1
1
0
2
0
0
1
1
1
0
1
2
1
2
0
2
1
1
1
0
2
1
2
1
1
1
1
1
2
1
1
0
1
0
0
0
1
0
0
2
2
0
1
2
0
0
0
2
0
2
2
0
24
24
15
16
12
23
24
26
24
17
15
30
19
13
18
17
22
21
22
16
29
24
19
19
20
15
21
16
9
18
17
19
12
20
22
24
24
23
28
22
15
23
24
18
19
23
18
20
18
13
15
27
23
23
21
18
20
21
13
18
26
18
17
25
22
22
21
21
18
18
21
16
22
24
21
25
22
22
13
17
29
18
17
18
22
26
17
21
14
22
21
14
32
18
16
17
23
21
19
8
25
20
25
19
16
18
16
20
20
18
19
19
25
24
18
25
21
26
20
25
26
27
29
27
36
32
43
26
