0
0
0
0
0
0
0
0
0
0
0
0
0
0
0
0
0
0
0
0
0
0
0
0
0
0
0
0
0
0
0
0
0
0
0
0
0
0
0
0
0
1
3
5
12
6
4
19
14
25
29
21
24
18
35
29
27
46
35
31
39
33
33
39
46
49
33
43
40
53
38
37
53
44
53
56
67
67
63
60
56
67
70
57
77
65
64
61
69
75
80
74
94
82
98
83
60
79
84
84
89
98
112
84
116
118
88
88
110
105
96
109
107
88
54
57
65
47
69
61
61
67
62
61
68
62
66
62
50
64
69
75
73
85
75
77
69
55
60
70
53
47
85
73
71
70
45
67
72
59
80
53
57
66
60
79
59
67
73
80
67
66
70
51
69
82
68
64
58
67
73
74
54
55
71
72
58
62
76
85
61
58
74
50
49
61
59
64
72
68
58
62
61
61
63
72
70
58
65
74
68
69
59
71
74
76
78
62
56
76
79
57
64
70
75
73
74
66
75
82
79
68
69
74
85
78
63
69
77
79
63
82
80
62
61
70
78
71
75
82
83
71
71
80
75
82
86
92
63
82
62
83
84
80
77
97
81
93
81
93
73
90
81
79
90
74
99
104
95
93
89
92
85
75
92
89
98
94
94
116
90
92
78
125
94
91
125
114
123
109
107
127
144
161
198
226
236
242
271
205
183
157
130
133
178
189
250
321
401
333
307
246
179
144
129
117
98
98
107
76
88
84
90
92
82
81
78
92
90
85
100
118
99
97
96
99
106
107
98
104
93
118
111
131
134
109
119
128
132
104
103
101
103
110
100
120
139
186
207
207
220
187
205
182
141
115
110
114
107
108
119
109
139
141
139
134
126
117
124
106
117
125
121
93
96
104
108
105
99
91
99
95
113
81
107
106
100
106
116
96
116
100
83
91
95
87
104
112
108
91
104
94
108
97
90
96
111
101
93
109
87
101
89
102
120
110
98
77
92
108
104
93
101
105
100
100
127
113
103
113
87
100
99
108
102
108
97
115
100
103
98
100
119
119
98
107
95
102
102
99
93
94
103
99
94
111
111
87
103
108
118
110
105
96
114
108
108
108
97
106
99
98
105
89
100
80
117
87
117
99
104
100
94
121
115
95
100
90
99
101
112
117
128
112
127
98
98
103
92
99
83
114
111
89
108
96
95
74
96
98
102
97
105
105
82
98
97
90
111
89
85
100
95
106
112
96
89
102
97
104
105
99
85
89
92
79
97
113
101
104
103
102
98
100
95
102
96
89
102
85
106
89
102
88
86
108
102
87
82
116
91
92
105
89
101
105
104
107
100
102
77
108
92
90
93
93
100
105
88
104
95
89
92
100
76
99
79
90
91
95
92
84
82
94
97
92
89
95
99
88
81
103
91
99
94
84
95
96
108
99
88
108
94
76
83
94
89
103
103
80
95
74
82
80
95
87
88
96
91
88
96
98
104
83
100
74
95
87
98
109
86
70
74
87
102
107
97
72
94
91
63
83
88
93
72
61
69
74
85
73
84
81
85
79
77
77
88
89
96
82
64
79
73
97
77
87
79
73
77
100
77
73
78
93
81
79
77
86
74
84
97
81
85
68
86
92
84
82
71
86
68
80
74
72
87
76
73
68
83
74
76
82
84
77
88
90
73
54
66
78
83
72
83
63
93
86
81
60
80
75
80
77
100
83
72
79
61
73
66
80
85
87
77
80
80
73
90
77
81
88
77
72
77
78
77
68
68
78
70
80
66
85
84
80
67
60
58
71
75
79
80
80
66
79
67
74
64
70
80
67
82
76
78
65
73
76
87
64
73
56
83
79
53
64
66
94
82
69
51
71
68
69
93
74
60
66
70
71
67
68
70
66
87
59
73
79
78
59
58
61
89
81
64
68
87
56
67
69
57
58
72
79
61
60
68
65
62
78
65
72
65
65
82
83
90
62
75
72
70
77
65
83
89
70
68
78
80
65
81
60
66
67
58
74
63
60
77
51
68
70
87
54
46
76
71
48
67
65
63
63
67
76
62
67
62
64
51
56
63
68
68
51
66
70
75
57
74
59
51
60
61
50
54
58
56
63
52
52
52
53
64
43
64
67
59
66
49
54
62
54
54
70
62
64
71
51
62
68
66
67
56
51
67
64
80
61
41
49
48
44
53
60
57
64
58
62
68
45
62
60
57
62
59
69
52
70
56
65
46
61
59
65
51
73
45
65
60
53
67
59
61
59
52
62
55
62
56
60
48
59
54
46
57
58
52
62
69
40
59
59
56
61
58
64
51
52
53
60
47
56
58
53
67
60
60
57
54
68
54
61
56
70
59
50
67
63
64
46
56
61
59
64
56
51
57
56
53
54
61
44
46
48
46
50
44
61
49
51
56
38
58
35
61
50
58
57
48
57
55
46
48
54
51
56
53
51
50
58
66
47
48
50
53
49
45
49
55
45
42
53
51
54
54
44
48
55
39
56
44
38
38
57
32
57
50
52
55
43
53
53
52
57
42
54
59
55
47
46
53
45
58
56
45
39
38
47
45
41
49
60
43
44
47
45
47
65
67
73
98
185
285
456
758
1085
1301
1412
1387
1162
845
558
350
221
132
122
116
132
153
163
161
113
136
88
69
62
53
37
39
41
43
38
41
29
36
43
39
40
41
26
28
38
38
42
31
30
33
31
35
39
39
32
37
29
41
37
27
46
37
29
23
42
28
28
23
37
34
32
38
32
39
34
31
32
38
39
38
47
29
38
32
37
35
35
43
38
24
34
30
25
31
31
41
29
39
42
24
35
47
33
22
29
22
32
31
35
30
38
36
25
25
39
36
34
31
40
36
30
40
34
35
47
20
22
28
24
37
36
33
27
35
25
30
25
36
29
27
35
27
35
32
35
40
25
31
39
38
32
20
25
30
32
27
37
24
29
29
26
25
29
42
38
25
33
35
38
41
32
29
38
34
27
27
24
33
16
30
32
25
33
26
28
31
32
22
26
33
31
24
28
30
38
32
34
35
25
25
30
28
25
45
55
76
77
107
89
100
82
61
49
48
45
27
36
28
22
37
29
27
30
26
25
25
32
27
14
28
25
32
30
30
34
27
23
35
26
29
23
25
23
28
25
26
41
30
39
29
26
31
22
33
28
20
22
25
23
29
32
33
33
28
30
30
30
29
34
32
28
26
27
25
18
23
21
23
23
20
17
17
25
31
25
20
32
31
31
19
26
23
23
28
32
29
28
38
40
51
44
45
43
40
26
37
22
24
21
24
20
23
28
20
29
25
28
30
27
32
57
71
61
90
114
100
101
90
57
44
36
32
28
28
26
30
25
25
19
30
23
30
19
26
29
20
38
19
23
20
22
22
20
19
27
33
30
27
25
28
31
24
18
19
23
19
27
14
31
22
24
24
24
26
27
34
20
22
28
22
22
30
20
26
23
18
10
23
13
19
16
20
21
34
21
22
22
22
26
28
27
26
32
20
24
21
21
30
28
25
9
24
23
14
30
14
21
20
23
25
24
23
32
26
20
22
23
29
24
20
27
23
20
17
18
21
24
20
9
23
23
20
26
19
26
27
23
14
27
28
18
28
15
16
18
13
24
24
23
20
17
18
36
27
27
32
32
34
24
32
33
14
24
22
14
23
20
27
20
27
16
14
11
27
37
17
25
17
23
30
18
19
21
22
20
25
34
21
22
27
24
31
27
19
17
17
27
25
24
19
21
16
25
24
21
39
28
30
37
41
39
42
14
22
24
22
15
31
19
18
18
18
22
33
21
21
12
16
28
25
16
15
19
21
21
20
21
34
20
12
23
20
14
14
26
23
17
23
17
18
13
25
17
21
21
15
18
30
29
20
16
24
20
19
20
20
15
16
21
22
17
20
20
23
29
35
36
40
49
61
53
50
35
29
29
33
19
23
21
19
22
19
23
16
18
24
17
13
26
12
21
17
19
13
15
22
16
15
19
25
24
26
16
18
19
21
24
17
22
17
20
12
16
20
11
17
21
12
17
24
20
12
22
19
14
19
12
15
14
21
21
11
26
23
14
17
28
13
21
16
13
16
20
17
19
18
13
27
18
29
13
22
22
25
19
16
18
21
12
19
16
11
23
22
17
21
22
22
19
19
17
17
21
16
15
14
22
26
22
28
20
17
19
20
18
15
16
22
22
13
15
22
18
22
24
18
16
11
18
22
22
22
18
19
16
22
27
17
17
19
14
15
18
20
18
17
16
15
19
16
26
14
25
14
21
17
17
16
22
25
7
19
16
17
13
22
18
11
13
22
19
17
15
12
18
18
16
22
13
21
20
23
16
18
14
17
18
15
15
15
22
22
17
13
14
18
10
11
11
17
17
12
19
17
13
18
21
22
21
16
17
9
17
18
19
10
21
16
18
28
13
16
15
18
17
18
9
15
17
8
15
16
20
16
12
11
18
10
20
20
19
9
21
15
13
17
17
16
12
11
17
22
16
16
22
19
29
18
18
20
19
17
15
13
14
16
17
13
12
16
19
14
16
16
13
6
17
14
15
15
12
8
12
12
11
13
13
14
13
12
18
16
16
21
18
18
19
11
10
12
15
15
13
13
11
19
9
14
13
15
11
14
18
12
19
21
12
15
13
14
9
14
15
13
8
16
20
16
16
15
10
10
7
13
12
18
14
11
17
8
14
17
13
16
18
16
12
14
13
25
8
19
16
9
15
13
10
9
13
12
12
19
10
14
18
18
11
9
15
10
18
10
7
7
12
11
9
10
18
14
9
12
22
18
13
11
16
8
20
17
9
13
20
15
14
12
10
16
19
10
16
14
14
12
3
10
13
20
15
12
16
12
13
9
9
14
10
13
16
15
14
8
16
8
7
13
10
6
12
10
6
9
14
12
19
9
4
7
16
17
9
17
10
9
12
7
18
10
6
13
7
16
11
19
9
8
15
16
8
23
8
11
12
14
14
9
12
15
12
11
17
16
14
10
13
16
12
4
13
11
7
12
10
14
8
13
12
16
11
10
15
5
14
11
18
14
10
11
13
20
4
8
10
12
10
10
7
13
11
14
18
7
10
21
22
19
13
14
10
18
14
12
9
13
15
13
9
14
15
8
13
8
14
5
10
12
12
7
15
15
19
9
11
11
8
10
10
10
13
10
14
12
7
15
9
14
9
10
17
12
13
22
16
19
9
16
13
13
18
9
19
10
9
21
6
10
5
12
11
4
14
15
9
11
7
14
8
4
13
11
6
9
8
17
9
7
5
9
15
12
13
9
12
13
6
8
11
12
11
10
13
9
8
8
9
14
10
10
9
10
9
9
9
17
9
8
7
12
7
11
13
9
10
16
8
9
9
12
9
10
8
8
10
12
6
10
11
14
8
10
10
12
12
9
9
22
5
5
11
6
11
7
12
9
10
13
5
11
7
7
9
10
11
17
15
9
12
14
8
15
7
13
7
10
9
11
10
15
14
10
9
6
9
13
5
7
8
7
10
9
6
12
12
6
12
11
11
9
11
8
13
8
3
12
9
11
7
9
11
8
10
9
18
5
16
9
7
10
9
10
7
7
11
5
6
14
10
13
6
5
9
20
9
6
8
8
17
8
8
12
10
9
8
6
10
12
7
7
7
9
4
6
12
7
12
5
11
12
14
15
14
11
8
8
10
5
10
9
11
5
10
12
9
6
13
9
10
11
11
8
10
6
5
8
13
11
18
14
12
11
14
18
12
21
21
40
45
75
97
100
132
139
153
109
97
71
55
39
26
21
18
17
15
23
13
10
13
14
14
6
14
5
9
11
6
7
6
6
8
5
4
12
9
11
9
7
9
12
6
4
7
9
8
6
10
7
8
12
6
11
12
10
7
15
7
8
12
10
8
10
11
9
7
15
10
6
12
10
7
12
13
12
4
10
14
8
10
14
4
8
7
11
6
16
12
5
10
14
10
4
14
6
8
8
10
7
4
7
4
6
7
7
7
4
13
6
7
7
5
7
7
9
7
8
14
4
8
12
7
6
11
10
17
8
5
9
8
8
5
9
11
2
5
8
6
14
7
7
7
10
9
8
6
9
6
5
7
5
9
6
7
9
8
11
8
10
7
7
8
10
8
5
8
8
11
7
9
6
6
6
11
13
7
12
9
7
7
9
12
7
8
5
9
9
8
4
5
7
7
7
5
6
6
8
12
16
6
4
5
17
10
7
9
16
7
10
7
9
7
8
6
4
9
7
9
8
7
6
12
8
3
6
4
16
3
9
7
9
5
9
10
10
10
7
7
6
8
4
4
2
3
10
9
7
7
6
6
11
9
8
7
4
8
7
4
6
9
6
8
5
6
8
8
7
9
7
11
6
8
11
9
5
7
6
9
4
5
6
9
9
7
8
4
9
7
6
8
4
5
13
6
5
5
6
3
5
2
9
8
7
7
6
6
10
10
6
7
8
10
4
6
7
7
5
3
13
5
13
6
6
6
5
4
8
6
10
10
5
8
7
5
6
6
6
9
5
3
11
6
8
5
10
5
5
7
20
7
5
6
6
9
11
9
13
7
9
5
11
10
14
6
5
12
21
32
57
110
166
215
274
379
407
377
329
314
212
124
93
59
30
30
11
9
5
6
7
7
6
3
3
6
9
9
5
5
9
3
8
8
5
5
5
6
5
10
5
7
4
6
6
5
3
7
10
5
6
5
4
4
8
2
9
5
7
5
7
6
6
6
3
6
7
11
6
4
4
6
7
5
7
7
5
5
5
4
6
2
6
4
4
6
9
9
4
10
4
7
10
9
9
6
4
3
12
6
4
5
6
3
6
4
5
6
8
14
4
3
5
6
2
4
5
5
9
1
3
6
1
7
3
4
5
5
4
8
4
10
5
4
16
6
18
23
30
30
30
30
34
35
15
10
13
7
5
5
7
6
5
3
4
6
10
4
5
7
4
9
5
8
6
5
1
4
6
5
2
4
5
8
3
5
5
8
5
2
1
10
3
4
7
6
2
7
4
9
7
6
8
8
4
3
9
6
3
8
2
6
5
4
4
6
3
6
6
4
5
6
3
5
6
8
4
7
6
8
5
2
3
8
2
3
3
5
0
5
5
8
7
5
9
5
4
3
7
7
2
4
4
8
4
1
5
7
5
8
6
5
7
4
6
7
5
13
2
3
4
5
2
9
5
7
1
4
5
6
5
9
4
5
9
4
3
2
5
4
7
4
4
4
6
6
2
4
4
2
4
4
4
5
5
1
6
6
4
5
5
4
5
3
5
4
9
3
2
3
7
3
9
6
4
1
8
5
4
4
5
7
7
7
5
14
5
7
6
7
8
10
3
3
6
3
3
4
7
3
6
8
5
2
5
5
4
2
6
5
4
4
7
8
4
11
4
6
5
3
9
7
3
3
7
9
5
2
2
2
5
4
5
4
6
4
5
7
4
5
5
5
8
7
5
7
5
3
2
5
3
5
4
1
4
8
5
4
4
2
0
6
3
7
9
6
4
3
4
2
6
6
4
4
1
3
4
6
5
4
4
5
6
8
4
2
3
3
7
5
7
3
4
6
4
6
7
5
2
6
6
1
6
1
10
5
2
5
7
5
5
4
3
6
3
6
3
4
1
4
4
3
4
5
6
4
8
4
3
6
2
3
5
7
4
7
3
5
6
3
3
6
4
4
6
3
4
7
5
3
4
3
4
3
5
11
9
4
1
1
7
2
4
6
5
6
6
3
2
5
1
6
3
7
4
5
6
3
4
2
2
4
3
2
5
5
6
3
12
7
3
1
6
7
4
5
3
7
6
3
6
4
10
3
9
6
5
5
4
6
4
4
3
5
4
4
5
2
6
6
5
1
3
7
4
3
4
8
2
6
11
3
3
7
3
8
4
4
3
5
4
3
8
3
3
3
6
10
2
6
5
8
7
5
4
6
0
7
3
12
4
4
3
3
2
4
7
3
4
8
3
11
5
5
5
5
4
5
8
7
8
11
4
5
3
6
5
3
5
4
5
4
7
5
3
4
5
7
1
5
0
5
5
5
8
4
4
7
7
7
6
5
7
4
1
6
9
2
0
5
6
4
7
7
4
8
10
5
6
5
5
4
2
7
3
5
6
4
5
4
3
5
7
3
3
6
5
4
3
4
2
3
4
4
7
5
3
4
3
3
5
7
3
0
8
4
6
2
4
4
6
4
6
7
5
7
0
7
7
11
3
3
4
7
6
5
4
4
4
2
6
7
2
11
5
9
8
24
38
36
49
60
60
80
68
67
68
37
26
19
11
8
3
4
5
4
3
4
3
7
8
1
6
6
4
1
0
4
4
5
1
3
6
4
5
6
6
4
3
8
6
3
0
3
2
3
4
1
2
4
3
5
6
3
1
0
4
1
6
5
5
3
4
6
4
5
5
4
6
5
3
3
4
4
1
6
6
4
7
4
3
3
3
2
8
4
1
1
2
5
6
7
2
4
10
4
2
2
6
8
7
3
6
2
5
4
4
4
3
3
2
7
3
6
4
2
5
5
2
6
3
1
1
8
3
5
5
3
3
3
12
3
0
3
1
2
3
1
2
2
2
2
1
3
2
4
3
4
4
4
2
2
3
5
5
5
5
3
3
1
4
3
0
2
8
4
2
5
2
3
2
6
2
1
1
4
1
6
3
8
6
3
8
4
5
9
12
9
7
9
5
5
9
5
7
4
2
1
0
2
5
2
4
6
4
4
4
3
5
8
9
5
2
5
3
12
4
4
2
5
6
2
1
2
0
5
2
5
1
0
3
12
3
3
2
6
6
4
6
3
2
2
1
5
7
4
7
2
6
2
7
3
5
5
2
1
6
3
4
3
3
7
4
3
3
3
0
4
1
0
5
3
4
6
6
6
4
4
6
4
2
5
4
5
7
5
1
3
7
2
6
7
7
6
4
6
12
12
15
5
8
12
17
11
8
7
8
7
5
5
1
4
5
3
3
6
1
7
1
3
1
2
5
1
4
4
3
6
1
2
8
6
4
1
6
1
4
1
3
6
6
5
6
1
2
4
3
8
9
6
2
3
3
5
2
4
3
2
3
4
4
4
6
6
1
7
5
4
1
2
4
7
2
2
2
0
4
4
3
2
3
1
3
2
6
2
0
3
0
2
7
1
6
0
2
0
3
2
2
2
2
3
2
3
5
4
5
2
3
3
2
2
3
3
4
4
2
7
6
2
2
1
0
6
2
2
2
4
5
4
1
1
5
3
5
0
4
2
5
0
2
5
1
5
3
4
3
6
4
4
2
1
4
3
5
4
5
3
2
2
4
4
1
1
4
2
7
2
0
3
2
3
0
3
4
3
4
1
5
4
0
4
3
3
5
1
5
0
4
8
3
5
6
5
2
3
1
1
2
5
4
4
5
6
2
7
3
2
5
5
4
2
1
6
2
1
2
2
5
4
1
1
4
5
2
9
2
5
4
4
3
3
3
4
4
2
1
4
6
2
6
4
3
3
2
3
2
0
2
3
4
3
2
2
4
4
5
8
3
4
5
5
5
4
4
5
4
4
3
4
4
6
9
1
4
2
4
1
3
3
2
5
4
5
3
1
5
1
4
3
2
1
7
2
2
2
0
4
1
5
1
3
3
2
4
1
2
2
1
4
4
1
6
4
1
2
8
2
5
1
4
0
2
2
6
2
1
4
4
1
3
5
3
3
8
2
4
3
9
2
6
2
4
1
2
3
1
4
6
2
2
3
9
9
2
3
3
2
6
1
1
5
0
4
2
2
4
3
1
3
6
3
1
5
6
8
10
13
23
25
31
33
35
43
43
36
33
44
20
17
8
12
13
1
2
3
5
0
5
1
8
1
3
3
2
2
7
4
5
3
2
3
1
3
1
5
3
2
4
1
2
2
2
5
2
4
5
2
1
2
6
2
2
2
5
2
2
2
5
3
3
4
2
3
3
3
2
5
2
5
4
2
1
4
3
6
2
4
3
1
5
2
2
5
3
3
5
6
4
2
3
2
2
2
1
1
3
6
1
3
1
3
4
4
0
2
4
4
7
6
2
1
3
2
4
3
4
3
2
4
2
3
3
1
5
0
1
3
6
3
2
1
6
2
2
4
2
2
2
3
2
3
4
2
1
3
3
1
2
1
4
3
3
3
2
2
3
3
2
2
3
2
2
1
2
2
6
5
3
6
6
5
6
5
6
6
2
2
5
2
1
5
2
3
2
0
5
2
3
2
1
0
0
1
4
4
6
6
2
1
2
3
2
6
2
3
2
3
5
4
4
5
1
3
1
5
2
6
3
6
4
4
1
1
6
4
2
2
2
2
4
4
2
5
1
2
2
3
2
2
2
2
4
5
4
3
1
6
0
3
6
5
0
7
4
1
5
7
12
14
16
15
22
19
19
11
14
8
7
4
5
5
0
3
5
3
4
4
0
2
6
2
1
2
2
3
0
1
2
2
1
2
2
4
6
3
2
5
5
4
2
0
4
5
5
4
0
2
2
8
2
5
5
3
7
3
4
1
2
7
6
4
4
3
2
2
1
3
3
1
4
3
1
4
1
2
3
4
2
3
4
1
6
3
6
1
6
4
4
2
1
3
5
5
2
1
1
2
3
4
1
4
6
2
4
3
4
3
5
2
1
3
4
3
4
3
3
0
4
3
5
5
5
2
1
2
4
0
2
3
2
1
3
2
3
1
2
3
1
4
2
2
2
3
1
1
3
4
3
4
2
5
1
3
2
5
4
2
4
1
5
4
2
3
7
3
0
0
2
4
1
1
4
4
2
2
0
1
1
6
1
1
3
2
1
4
1
0
3
4
6
2
4
3
1
4
5
3
4
5
3
5
0
5
4
6
5
6
2
7
1
5
3
7
4
5
4
5
2
1
2
0
1
2
2
1
3
5
3
3
2
4
2
6
3
3
2
4
4
4
3
4
1
3
1
1
5
3
1
2
3
0
4
3
1
3
2
3
3
2
1
3
1
0
3
5
0
4
2
2
3
1
5
10
7
3
5
4
6
7
5
2
3
3
0
2
5
3
5
7
1
1
9
6
14
10
10
14
19
13
8
10
6
5
6
3
5
3
3
0
1
1
3
3
2
2
3
5
1
1
4
1
3
0
3
3
3
5
2
2
3
3
4
3
6
2
2
2
3
2
1
2
0
6
2
1
1
3
3
1
3
1
3
3
2
3
4
4
4
4
1
3
5
5
3
5
1
6
1
4
3
5
2
3
1
1
2
1
2
0
3
4
0
5
3
4
1
2
3
0
4
3
2
3
5
1
3
2
2
2
1
0
4
1
1
2
2
3
3
3
3
4
1
2
2
0
1
3
2
0
3
1
7
4
4
4
0
5
4
5
1
4
3
3
4
3
2
1
4
4
2
2
2
4
2
5
3
2
1
1
1
4
1
6
4
1
2
7
2
1
1
1
3
3
1
3
6
8
1
4
1
4
2
7
4
5
1
2
2
1
1
2
4
4
2
4
2
2
5
1
1
3
3
1
4
2
2
4
0
3
2
3
2
2
2
2
2
2
1
0
2
1
7
2
3
0
2
2
1
3
3
3
3
4
2
5
2
2
3
5
6
1
3
0
2
5
2
3
1
2
0
1
2
3
2
4
3
3
3
4
4
1
4
2
3
4
2
2
3
5
4
1
4
0
2
0
1
4
4
0
4
5
3
5
1
2
1
2
2
2
3
5
1
1
1
6
3
6
4
2
4
5
1
0
4
1
2
2
6
2
3
5
3
4
7
2
3
5
6
2
1
4
1
2
0
1
1
5
1
1
3
3
0
4
2
1
1
5
2
1
3
4
3
3
1
2
3
5
3
2
4
2
5
1
3
2
1
1
2
2
4
0
4
2
3
2
2
3
1
0
1
4
3
2
2
1
0
4
4
1
0
2
0
3
2
0
3
4
4
3
3
3
0
1
1
0
1
5
0
4
3
3
2
2
3
3
2
1
3
5
3
1
0
2
4
4
3
4
1
1
6
2
0
3
2
2
4
1
0
2
2
1
3
2
1
4
4
5
2
2
3
2
2
1
4
3
3
1
3
1
0
0
5
4
1
4
4
3
2
3
2
2
1
0
1
5
2
2
3
3
0
4
3
4
1
2
4
2
1
3
1
7
3
1
3
2
0
2
3
2
0
3
1
0
1
4
3
1
3
0
5
1
2
1
2
2
2
3
1
2
3
1
5
4
6
1
2
0
1
4
6
3
2
3
2
1
5
5
3
5
2
0
3
0
2
3
5
3
1
5
4
3
4
1
0
3
2
1
3
3
4
2
5
4
2
6
1
2
4
2
2
2
7
7
6
6
5
6
4
5
6
4
4
3
2
2
6
4
1
3
2
2
2
1
4
2
2
4
1
3
3
3
1
3
3
1
2
4
2
0
3
0
3
3
1
0
1
0
2
3
1
3
1
2
5
3
2
1
3
0
3
2
4
2
4
1
2
3
2
2
6
3
2
0
4
2
3
3
3
5
4
1
4
4
1
4
2
2
2
2
6
3
1
1
4
4
4
4
3
1
5
4
3
1
2
1
2
5
1
4
1
2
2
4
1
3
3
2
2
2
3
0
1
3
3
2
2
4
4
4
3
3
5
1
0
1
4
3
3
4
1
3
3
1
0
2
2
1
3
2
3
0
2
2
6
5
3
5
1
2
5
2
3
1
3
1
1
1
3
3
1
4
2
4
3
5
0
1
1
6
3
0
3
3
3
4
5
2
4
2
1
2
1
3
3
2
1
3
2
0
4
2
4
1
3
0
0
3
1
4
2
5
5
2
4
11
7
3
6
13
13
7
4
2
6
4
2
2
6
5
2
3
2
1
5
2
3
1
3
2
4
5
4
0
1
2
5
4
3
0
2
3
3
1
3
3
0
7
2
6
2
2
1
3
3
2
2
4
1
2
4
2
7
2
3
3
4
4
1
7
1
5
0
2
2
1
5
0
4
6
1
5
3
1
2
3
4
6
1
2
2
1
4
1
3
4
3
1
6
0
1
2
2
3
3
4
4
4
2
4
4
1
2
2
3
1
1
7
1
4
5
0
2
2
4
1
3
2
1
2
1
4
3
3
2
2
0
1
1
1
2
2
3
1
4
2
3
2
5
2
1
2
2
2
5
2
2
1
1
2
2
6
4
2
6
1
4
2
2
1
1
4
6
3
4
4
2
2
2
1
4
0
4
5
2
3
4
3
2
1
0
1
2
2
1
2
3
2
6
3
2
1
5
1
3
3
2
3
1
5
4
1
1
1
4
1
1
2
2
1
3
1
0
5
3
1
6
2
1
0
4
4
2
2
2
3
0
2
0
1
6
5
1
6
4
3
4
5
5
0
0
5
3
5
5
1
2
1
4
2
1
4
4
2
4
3
4
2
1
4
1
0
2
2
2
3
5
4
1
1
5
2
2
3
3
2
1
5
5
1
4
2
2
8
0
6
1
2
1
4
4
2
1
3
2
3
2
0
3
1
2
0
6
2
0
2
6
2
3
6
3
3
4
2
3
3
4
0
1
5
3
4
3
4
4
3
4
2
0
6
2
1
1
5
1
1
1
7
0
0
3
2
3
1
5
3
0
1
1
0
0
3
4
3
2
1
2
0
2
5
3
3
2
1
2
4
3
2
1
3
2
5
6
4
4
3
6
5
1
3
2
4
2
2
0
2
2
4
3
2
6
1
1
3
2
3
1
5
4
4
2
3
4
1
0
3
3
2
1
4
0
0
5
5
2
6
4
4
3
0
1
3
5
4
5
0
6
1
2
2
3
0
5
3
4
3
4
2
2
1
2
2
1
2
1
6
0
4
2
2
4
0
4
0
3
3
3
3
1
2
0
2
3
3
1
2
4
2
4
2
3
2
7
3
2
6
1
5
3
1
4
4
4
2
3
5
5
1
3
0
3
2
1
2
1
1
4
3
2
3
0
2
0
5
2
6
4
1
4
5
2
1
2
1
2
0
5
4
2
4
7
2
4
1
4
1
3
2
3
5
2
3
5
1
5
1
2
1
3
2
5
7
1
1
0
1
4
3
0
2
5
5
3
4
1
3
3
2
5
2
2
2
6
1
3
5
3
0
1
2
4
2
4
4
2
3
4
4
2
5
4
4
3
2
2
1
5
4
3
3
1
5
1
7
2
1
5
2
2
5
7
4
5
4
5
6
6
1
2
3
2
5
6
3
2
4
1
3
0
4
2
4
0
2
1
3
1
3
2
4
1
1
4
1
1
1
1
0
1
3
8
1
3
1
2
1
0
5
1
1
2
3
2
1
4
0
0
2
2
0
6
0
0
2
5
5
3
1
3
2
5
0
2
2
1
2
0
1
1
3
1
2
5
3
3
2
3
4
3
0
4
2
3
1
0
3
1
3
2
2
2
3
1
2
1
0
1
2
1
1
2
3
2
1
2
3
2
3
2
0
2
5
2
6
1
2
0
1
1
5
1
3
2
4
1
2
2
2
2
2
0
1
1
4
3
1
1
7
1
1
3
2
2
4
1
2
0
1
1
0
1
2
0
3
6
1
2
0
1
1
1
1
2
3
3
1
1
1
4
3
4
4
7
3
2
2
6
1
8
2
8
4
3
3
3
4
3
2
4
3
4
0
3
4
3
1
3
0
1
2
2
3
1
1
3
1
2
0
2
1
2
3
4
2
4
4
0
3
3
2
3
3
0
3
1
4
3
2
2
2
3
1
3
3
2
1
1
1
0
2
1
0
1
3
7
2
4
0
1
1
1
1
1
3
4
3
3
1
1
2
4
3
0
1
3
2
0
1
0
2
3
4
3
2
1
3
0
4
3
6
3
3
2
1
0
3
1
0
1
2
1
1
1
3
1
2
2
1
2
4
2
2
3
1
1
0
1
1
4
3
3
1
1
3
1
3
2
2
3
1
3
0
0
0
0
3
0
1
1
2
1
1
4
1
3
1
1
1
2
1
1
2
0
2
4
1
1
2
3
0
1
1
3
3
2
1
5
3
2
2
2
1
4
2
2
1
5
0
1
0
2
1
5
2
3
3
0
2
1
2
1
0
1
0
2
3
1
2
0
1
1
1
3
0
3
4
2
2
2
1
2
2
2
0
2
0
3
2
0
1
2
0
0
2
1
1
2
1
2
0
3
4
5
0
4
1
2
3
1
2
1
2
1
2
2
3
0
1
3
1
1
1
2
1
2
1
3
2
4
5
3
2
2
0
1
0
1
1
0
4
1
2
1
7
2
1
1
2
1
3
1
1
2
4
2
2
1
1
4
2
1
1
0
1
2
0
0
2
4
2
1
1
1
2
5
1
0
2
3
1
1
1
0
1
1
2
1
2
1
3
1
4
1
2
1
3
1
1
1
3
1
2
1
5
1
1
1
3
0
1
1
0
1
0
1
0
2
1
1
0
0
4
1
1
2
3
2
2
0
0
1
1
1
0
2
5
2
3
0
1
3
1
3
2
3
1
1
1
3
1
1
3
0
1
2
0
2
1
1
0
1
1
0
3
3
0
2
2
0
2
1
3
3
0
0
2
0
4
5
2
0
0
1
4
2
0
2
2
3
0
1
2
1
4
1
0
0
2
1
2
3
3
2
1
2
2
3
3
0
0
1
0
1
1
1
0
1
1
3
0
4
0
1
0
0
1
3
2
1
0
1
2
1
3
2
1
0
2
1
0
1
4
1
0
0
1
1
2
1
3
2
3
0
1
3
2
2
3
1
1
2
2
1
3
1
0
2
3
2
4
2
4
2
1
3
4
3
3
2
2
3
3
0
1
2
4
0
3
1
0
1
1
0
1
3
2
1
3
2
1
1
2
1
1
2
1
0
2
0
0
3
0
1
4
0
3
3
1
2
1
1
4
1
1
1
2
0
3
1
1
3
2
0
2
1
1
2
0
1
1
0
2
2
2
2
0
1
1
2
1
0
2
1
0
0
2
1
1
4
1
0
1
0
0
2
2
0
1
1
1
0
1
2
1
0
2
1
2
2
3
2
1
2
3
2
0
1
2
3
1
2
1
5
0
1
1
1
0
1
0
2
3
2
2
2
1
1
3
3
2
0
1
1
0
0
0
0
1
0
2
0
3
2
0
3
2
2
1
0
2
0
3
2
2
3
0
3
4
3
0
0
1
3
1
1
0
0
2
4
0
0
1
0
3
2
4
1
0
1
1
0
2
2
2
1
2
0
1
0
2
0
2
2
0
1
1
2
1
1
3
1
1
1
3
2
2
2
2
0
0
1
2
1
1
0
0
1
0
1
0
2
0
0
1
4
2
1
1
0
2
2
4
0
2
0
1
2
4
1
2
1
1
0
4
1
1
0
2
0
1
1
0
1
0
0
0
3
1
2
0
0
0
2
0
0
1
0
2
2
3
1
0
0
2
1
3
1
0
0
1
3
4
1
1
1
0
3
0
0
2
2
1
1
0
1
1
0
3
0
1
1
0
2
1
0
1
1
1
1
2
1
0
0
2
1
3
3
1
3
1
0
0
1
3
1
1
1
1
2
0
2
0
2
1
0
3
2
0
2
4
0
4
1
2
0
0
0
0
1
2
2
0
1
1
1
0
1
2
0
2
1
3
2
1
1
1
2
0
0
0
1
1
3
0
5
1
1
3
0
0
1
3
0
2
0
0
2
1
1
0
1
0
1
0
4
0
2
2
0
0
4
3
0
1
0
1
2
3
2
2
0
4
3
8
10
15
24
22
30
55
49
58
68
58
61
46
45
50
35
27
15
9
7
6
1
4
1
1
1
0
0
0
4
2
1
0
2
2
0
3
2
2
0
1
2
0
0
2
0
1
1
0
1
1
1
2
1
2
0
1
1
0
2
1
0
0
0
0
2
1
0
0
1
2
1
0
2
0
0
2
3
2
0
1
1
0
1
0
2
1
3
3
0
0
2
2
0
0
0
4
0
0
0
1
1
1
0
0
2
1
2
0
1
0
1
0
0
1
2
1
0
1
2
0
1
1
0
0
2
2
0
3
2
0
1
1
0
1
1
1
0
1
2
3
0
0
1
0
1
2
0
0
0
1
0
0
1
1
2
0
2
2
1
0
0
1
1
0
1
0
2
0
0
0
1
0
1
0
1
2
1
1
0
1
2
1
1
0
1
0
1
0
5
1
5
2
2
0
1
0
0
3
1
1
0
2
2
2
0
0
1
3
2
1
1
2
1
1
2
1
2
3
0
3
1
1
2
0
0
1
3
0
0
0
1
2
4
2
2
1
2
0
2
1
1
5
3
0
1
1
0
2
6
1
2
3
1
0
4
3
1
3
5
0
1
1
0
0
1
1
3
0
4
2
4
4
3
2
1
5
4
2
2
3
2
0
1
1
2
0
1
1
2
2
3
2
0
3
0
0
1
0
1
1
0
0
1
2
2
2
0
1
0
0
0
1
1
1
4
0
1
0
2
0
0
1
2
3
2
2
2
1
0
1
0
1
2
1
1
2
0
3
1
2
2
2
0
0
2
2
1
1
1
1
1
2
0
0
0
1
3
1
0
0
1
1
0
0
1
0
1
1
1
0
3
1
0
0
2
0
3
3
2
3
1
0
0
1
0
0
1
0
1
2
0
0
1
1
1
0
1
0
1
3
2
0
2
1
0
1
3
2
1
2
1
0
2
1
1
1
1
3
1
1
0
2
2
0
1
1
2
4
2
1
1
0
5
0
1
0
1
1
1
1
1
0
3
2
1
1
2
0
1
0
0
2
1
0
3
1
3
0
0
2
2
1
1
0
1
1
0
0
2
1
0
1
1
0
2
0
1
2
1
0
3
4
0
1
2
0
1
1
2
2
0
0
1
4
0
0
2
1
1
2
0
2
1
0
2
2
2
0
3
1
3
1
2
1
2
2
1
0
1
0
0
1
0
1
2
0
1
1
3
0
1
1
0
3
1
2
1
0
3
0
1
0
2
1
0
0
1
2
0
0
0
0
1
2
1
1
0
0
1
2
1
1
1
0
1
2
1
1
3
1
1
1
1
1
0
1
2
1
0
2
0
1
2
0
0
1
1
1
0
0
1
0
1
2
1
1
1
0
1
2
1
0
1
1
1
1
0
0
0
1
2
4
3
2
1
0
4
1
1
1
0
4
2
0
1
1
1
1
0
1
2
3
0
0
1
1
0
1
0
1
0
1
1
1
1
2
4
3
2
2
3
1
5
4
0
4
2
4
2
2
0
1
2
0
4
1
0
0
0
2
2
7
12
12
11
11
13
13
18
20
9
11
14
9
8
5
4
1
1
0
1
1
2
0
1
0
1
1
0
1
68
72
66
58
62
58
57
53
67
71
66
82
56
67
72
66
56
65
58
66
51
68
67
59
70
53
65
48
59
54
58
75
56
51
61
60
65
47
66
47
72
63
61
67
48
67
74
79
48
60
68
72
66
75
67
74
80
71
51
66
64
72
77
66
64
64
68
56
68
63
56
57
61
58
52
62
70
67
56
59
56
68
53
46
60
61
66
55
77
67
60
73
70
74
62
64
55
62
68
40
67
47
59
65
47
66
62
72
72
68
70
62
65
66
73
60
67
50
69
67
62
50
67
57
54
71
61
28
