2
1
0
5
1
0
2
2
1
4
3
1
1
5
6
1
8
2
3
4
1
4
2
2
2
1
1
0
2
0
4
6
1
2
3
1
1
4
1
1
3
5
2
4
2
4
2
2
2
1
3
2
5
4
2
1
5
6
20
29
28
47
62
50
66
73
70
88
90
106
115
172
191
165
142
177
144
130
118
92
114
104
98
84
93
89
64
68
82
79
64
83
72
82
73
75
67
76
79
60
72
63
60
69
63
57
58
64
76
68
68
75
61
56
64
72
61
84
76
76
63
49
90
74
69
75
78
65
75
63
73
79
66
92
71
86
62
66
72
67
64
68
72
62
61
60
76
71
79
61
80
69
76
54
68
89
75
84
71
82
67
59
79
72
74
73
79
75
76
69
68
78
72
81
72
55
81
81
75
74
85
61
67
74
60
74
75
80
81
85
67
60
86
79
73
75
89
75
73
85
91
92
77
94
85
92
106
97
85
97
84
90
87
92
94
92
92
100
91
83
88
109
106
100
99
101
105
89
88
101
112
87
114
114
118
104
127
124
110
110
111
112
105
112
114
120
125
100
114
116
126
112
110
116
113
99
123
115
103
106
111
126
103
107
98
105
108
118
125
102
93
109
113
111
105
108
120
107
97
108
114
121
100
109
121
91
113
101
108
109
119
91
116
99
104
107
103
107
76
124
87
85
123
98
94
99
107
120
125
111
95
90
109
102
94
77
112
97
94
108
90
96
95
99
93
97
105
91
87
121
114
105
88
103
100
100
91
106
93
101
110
93
81
107
96
104
113
112
120
101
103
108
114
107
95
111
93
116
106
113
104
94
88
98
106
101
104
120
114
108
124
114
101
123
100
126
134
130
110
118
116
134
116
136
121
131
123
124
126
145
142
127
165
120
122
131
135
161
146
118
139
137
127
132
140
133
149
131
151
143
149
125
152
134
129
143
131
142
159
140
156
143
162
126
152
143
185
150
166
140
155
150
146
144
178
157
162
153
185
134
156
168
158
143
157
143
156
170
164
167
170
149
141
156
146
148
141
158
142
180
153
137
156
175
156
131
131
130
147
140
158
155
147
147
173
134
125
158
133
162
154
161
132
162
134
145
147
146
148
162
136
142
139
154
168
146
149
134
160
158
139
167
158
144
134
165
144
124
145
142
152
154
163
144
151
150
133
143
142
148
159
144
182
149
158
164
141
159
137
141
149
166
166
153
155
143
154
155
172
173
154
159
160
178
160
166
171
168
188
180
168
172
181
166
157
171
143
190
171
194
185
173
182
168
168
173
168
179
199
149
171
183
201
195
229
207
179
180
191
216
211
196
222
194
196
180
229
204
235
221
227
216
205
216
220
187
237
231
212
215
237
255
200
219
208
201
215
224
235
232
247
245
215
192
210
255
251
243
248
251
234
241
274
251
242
237
238
258
250
250
230
284
257
271
292
247
271
263
251
289
296
302
289
287
299
298
293
293
309
295
303
316
286
302
309
324
322
339
316
349
358
365
373
378
364
379
391
428
369
385
366
400
388
415
421
386
426
489
428
430
454
472
433
453
466
448
519
501
516
458
517
521
578
508
501
548
550
596
562
589
569
601
566
587
620
651
588
621
633
646
680
686
675
697
730
732
723
694
735
720
737
781
779
752
825
791
795
844
809
794
826
842
854
830
831
797
875
858
872
876
900
923
985
869
923
935
938
901
919
883
887
952
925
931
983
944
982
925
931
931
997
940
949
904
902
919
966
933
920
964
888
876
987
902
914
901
891
889
915
918
897
865
913
870
907
828
887
866
870
832
881
849
867
836
791
872
859
839
852
789
739
789
794
742
767
823
737
777
738
751
784
736
723
744
730
698
738
642
670
669
693
670
686
719
658
673
709
660
641
624
639
683
657
631
630
631
638
651
619
598
647
614
552
579
603
612
610
630
545
582
599
553
604
581
582
542
556
519
561
568
543
557
537
574
559
515
532
542
536
564
498
520
555
576
520
515
508
512
511
503
498
521
508
503
455
474
501
464
487
501
473
460
503
464
467
451
501
457
440
434
440
462
434
460
431
402
418
408
443
420
409
413
401
406
421
419
414
427
391
359
367
405
406
372
404
407
376
362
370
330
353
346
374
375
337
327
349
299
316
323
343
315
302
318
319
311
298
314
296
312
310
320
316
286
300
292
289
296
311
313
273
334
262
303
277
275
266
291
279
288
254
277
270
294
285
278
255
238
276
268
254
293
270
286
242
226
264
261
254
238
223
256
250
212
239
262
252
283
265
273
250
252
239
232
248
239
233
255
221
246
218
270
262
208
228
242
240
229
202
200
220
225
249
209
249
237
238
226
247
224
226
231
241
224
229
243
262
208
227
224
242
232
221
200
240
253
243
251
217
251
260
220
213
230
228
219
237
237
214
219
240
233
250
244
249
224
235
219
272
235
227
227
249
225
268
247
224
235
227
208
244
219
232
244
267
274
209
227
247
238
239
231
250
259
211
245
258
256
229
272
255
236
218
227
209
252
243
230
237
257
243
246
248
248
254
228
260
242
233
246
274
239
209
233
237
249
244
255
252
222
224
241
243
233
234
254
240
249
239
249
274
260
227
202
247
252
252
245
270
256
279
254
262
246
246
249
234
262
253
251
233
254
230
250
266
214
252
223
263
232
268
242
266
247
252
255
258
240
239
244
244
283
246
256
248
235
241
241
258
276
233
235
278
272
221
232
239
231
264
254
236
254
254
273
239
242
276
259
238
245
261
269
244
250
241
262
235
247
241
260
259
277
265
283
253
294
261
265
264
234
269
253
236
247
251
252
291
240
267
259
258
247
261
236
247
256
281
258
279
257
282
244
243
279
239
274
279
255
245
288
283
260
278
226
279
287
238
275
252
265
263
269
286
245
264
249
299
253
240
253
262
267
241
279
262
251
241
267
283
264
260
260
265
266
253
278
305
250
261
289
228
262
269
261
253
268
260
265
249
247
251
263
261
264
291
239
279
261
262
264
252
280
265
272
258
248
229
238
235
238
278
238
253
239
253
273
261
249
288
263
258
239
250
251
255
237
254
258
251
266
255
285
285
234
247
243
263
269
260
240
254
222
253
248
261
242
227
227
252
277
256
247
261
241
267
259
256
245
283
214
259
237
234
255
225
265
260
273
222
246
261
269
233
254
262
226
242
263
261
264
238
240
230
246
228
245
237
255
244
271
234
249
256
217
218
243
230
264
228
205
240
259
218
234
243
226
246
252
261
242
231
236
208
234
250
218
244
228
237
226
261
260
234
220
251
226
218
212
237
216
190
232
235
212
232
216
222
229
217
216
208
244
255
202
217
214
240
211
168
229
203
232
202
218
211
211
220
224
205
231
247
221
222
227
224
223
233
209
226
203
227
225
182
200
210
254
215
246
202
232
191
229
210
204
195
226
221
240
235
230
250
215
213
211
202
186
232
202
187
207
222
202
203
201
199
215
189
211
221
211
171
202
227
191
202
224
206
240
212
212
208
203
210
182
222
214
212
216
199
188
222
194
234
192
194
209
220
194
218
212
217
192
233
199
209
191
195
201
203
196
193
203
203
202
201
194
206
196
184
214
214
218
223
201
198
221
206
224
177
224
199
218
212
207
184
191
208
184
204
208
208
213
205
221
188
204
219
202
233
198
194
190
215
200
198
204
198
223
202
208
205
209
186
188
193
224
184
214
193
202
212
189
190
209
173
196
198
208
198
219
220
195
209
207
210
197
199
194
240
180
189
204
198
203
192
191
214
194
209
211
202
180
205
205
210
181
198
215
177
212
199
228
196
208
217
198
197
192
193
180
197
215
193
175
211
212
221
217
193
201
207
197
176
207
193
200
231
218
220
174
185
209
185
203
208
209
200
189
197
206
200
188
171
218
186
184
207
199
204
183
224
191
199
199
184
170
191
187
227
189
228
187
190
180
169
184
207
211
204
181
215
196
210
195
200
212
213
193
192
200
206
166
190
209
223
215
168
199
175
192
218
187
204
215
182
196
197
176
180
201
167
197
210
181
204
190
218
181
186
223
184
205
169
196
201
192
205
210
205
210
191
188
212
216
199
178
195
197
189
201
207
191
202
175
172
189
187
195
205
172
176
190
187
186
187
167
172
176
175
196
199
209
188
192
199
196
180
185
194
203
233
194
193
193
156
195
171
176
183
211
205
202
205
180
182
184
212
203
207
187
176
217
198
187
216
206
195
227
200
179
187
205
182
183
214
212
185
228
207
193
210
214
206
194
208
221
198
207
190
210
189
198
197
199
230
211
212
223
225
221
231
207
210
191
231
215
199
228
220
246
248
239
230
224
200
244
229
237
234
208
215
216
211
241
236
230
242
263
224
224
219
248
226
221
201
209
204
200
213
213
223
230
233
219
204
211
221
192
225
198
174
194
212
184
212
203
211
206
199
212
203
211
223
211
195
202
209
188
192
198
218
192
185
203
186
200
195
191
188
191
196
178
205
205
183
184
207
195
179
194
192
203
201
182
189
199
199
206
184
180
188
196
179
178
195
197
175
179
180
229
224
194
191
184
203
172
202
229
210
188
188
181
193
198
202
197
198
216
186
171
177
213
182
184
187
196
188
193
201
185
191
169
217
181
175
198
188
193
179
187
218
216
176
193
210
204
189
193
186
208
183
204
226
216
211
209
216
189
179
212
196
211
203
217
197
208
197
207
201
217
183
203
204
193
212
208
202
222
209
216
217
229
220
207
224
223
205
214
243
242
229
217
225
234
232
253
241
245
252
206
229
223
218
224
215
246
233
299
229
248
256
258
236
252
238
266
251
238
251
249
269
272
270
274
276
306
284
260
312
287
289
297
286
312
310
289
307
305
303
313
291
313
298
331
309
304
340
351
346
357
344
343
334
334
357
350
346
381
342
345
354
378
365
394
383
380
388
383
403
423
364
375
422
440
411
418
451
426
438
426
434
439
424
459
455
477
503
511
475
474
463
451
483
465
510
490
497
549
506
504
562
525
551
524
565
554
577
564
503
535
549
552
582
623
583
571
568
581
575
626
588
616
616
600
604
644
605
621
639
659
658
624
647
672
676
661
648
680
646
703
660
676
703
719
686
684
669
720
691
708
755
735
706
735
847
728
731
766
737
756
804
790
747
768
758
762
826
798
762
738
791
803
802
766
764
812
816
817
826
860
846
814
851
848
844
797
841
859
822
811
829
873
863
837
861
865
864
854
884
880
909
900
916
881
802
918
845
884
857
880
859
843
873
849
831
852
922
843
864
819
846
815
870
912
887
889
803
831
846
886
858
900
871
842
873
884
804
857
843
860
871
832
845
822
882
829
797
839
814
824
775
823
832
815
828
839
808
856
865
840
832
796
759
820
777
790
765
761
733
789
751
733
778
763
763
781
771
777
788
785
733
750
752
717
710
749
711
771
751
715
712
685
698
736
681
724
654
709
678
647
631
710
619
658
642
659
655
666
686
624
624
637
648
618
610
622
635
590
567
603
555
593
565
593
593
536
524
551
594
570
556
542
572
537
519
463
534
529
500
528
475
501
499
461
534
481
485
513
463
477
468
422
443
492
443
478
469
447
442
424
463
454
405
403
429
390
395
408
387
380
381
361
378
379
441
316
364
337
312
334
344
302
336
327
348
322
295
328
345
286
280
289
332
316
315
282
318
263
287
272
309
308
270
257
266
278
288
264
241
236
250
242
241
245
245
267
250
254
237
218
250
218
244
215
210
230
252
229
213
229
204
212
220
193
174
187
207
207
193
191
196
187
218
179
203
186
170
183
184
180
182
181
200
170
179
168
178
157
166
166
152
181
177
149
146
149
173
150
161
125
126
142
142
141
133
136
172
156
147
129
136
141
167
153
133
142
129
143
143
135
135
146
136
147
152
130
129
121
117
134
134
114
139
130
120
129
124
140
130
131
121
129
135
126
117
125
138
129
134
149
124
126
116
129
136
128
117
133
134
120
135
124
109
129
107
112
118
123
114
105
114
125
130
112
114
119
104
120
100
95
117
120
123
136
121
129
124
95
123
104
110
110
134
102
95
110
125
125
126
98
120
111
121
105
116
117
125
98
114
117
119
112
115
111
118
102
116
134
136
112
121
144
106
123
136
127
111
93
106
130
123
118
118
128
101
106
123
126
106
115
108
117
133
129
131
115
122
129
119
124
133
125
104
111
123
109
102
99
122
110
109
111
105
141
112
101
102
112
129
114
122
99
133
101
117
112
122
137
128
126
113
145
114
113
113
116
120
119
137
108
111
136
99
95
118
131
109
119
123
111
133
94
122
120
124
139
116
105
127
122
100
100
109
121
108
127
126
98
114
110
98
114
121
114
115
118
129
118
123
109
97
110
112
110
127
130
127
130
121
127
125
110
122
126
131
129
112
123
132
106
106
116
114
123
119
132
110
128
96
123
135
113
130
137
121
104
107
96
128
122
110
114
119
96
117
103
113
141
120
126
113
129
126
131
120
103
111
125
120
120
108
137
112
118
143
139
119
126
125
122
114
101
115
120
122
110
118
107
122
105
108
96
127
115
109
113
140
105
122
116
102
121
99
89
121
111
142
121
122
112
136
117
106
120
113
108
107
103
123
119
95
122
104
131
97
109
96
124
108
113
96
103
115
96
102
103
106
133
110
118
122
107
105
119
110
110
106
115
107
125
98
119
107
75
112
87
124
98
112
115
123
102
106
100
95
117
109
82
111
95
106
131
89
78
89
102
107
98
92
102
105
100
110
100
90
103
98
89
111
100
109
88
92
94
106
99
86
100
102
98
94
102
97
98
89
106
95
97
120
80
96
98
76
83
108
104
91
87
74
93
95
82
113
87
104
86
87
98
93
86
96
79
77
101
96
100
103
86
86
86
76
85
85
88
96
92
91
87
84
95
89
91
94
90
87
107
87
77
71
80
85
82
87
79
92
74
79
74
79
91
75
81
92
83
74
88
71
86
85
70
81
77
73
73
73
99
89
69
63
80
74
65
84
81
84
77
67
87
82
82
74
73
78
69
69
64
91
85
84
58
69
78
76
67
68
81
69
72
67
76
67
66
61
72
64
69
74
71
65
63
61
69
57
73
60
75
73
80
66
64
86
79
63
76
64
59
75
75
68
65
60
57
59
56
73
57
65
66
86
88
60
68
58
59
62
65
75
64
72
61
73
64
60
55
55
69
74
63
76
71
57
79
65
65
62
64
47
57
51
66
59
50
80
60
65
66
62
64
76
58
62
53
66
68
58
57
77
74
54
66
53
49
54
56
62
64
65
69
66
64
64
54
49
47
69
58
47
56
63
71
60
71
62
47
56
66
67
70
71
60
54
72
54
69
52
54
54
69
82
49
59
55
65
62
68
61
45
67
65
51
47
56
56
64
52
59
63
61
51
69
58
61
56
60
52
65
54
62
69
58
51
63
70
54
62
60
61
60
58
54
54
51
55
58
58
50
55
54
53
53
54
60
60
70
68
56
55
72
60
55
62
63
58
62
68
46
62
70
49
59
49
51
74
45
56
54
67
57
57
48
67
54
58
55
53
52
43
75
57
49
69
66
49
65
61
66
56
69
69
51
65
52
57
62
55
47
57
61
48
56
67
52
58
57
50
47
60
53
53
66
41
59
60
63
66
55
54
49
56
61
56
56
46
58
73
68
56
66
58
52
48
64
48
67
50
55
57
48
60
60
65
55
52
61
46
47
51
42
60
58
59
54
57
55
60
55
50
49
49
59
57
62
51
61
67
47
62
45
63
56
55
49
53
55
50
67
49
61
49
61
56
61
52
53
61
50
54
58
48
63
55
69
60
58
52
57
57
56
54
43
49
45
63
59
46
63
47
45
44
47
49
48
58
43
58
44
56
63
60
61
51
55
48
58
49
58
54
70
40
58
64
54
67
67
58
61
63
51
52
51
59
48
66
46
63
52
57
56
52
56
48
59
51
54
53
50
50
47
55
54
58
51
44
61
62
51
52
55
53
45
46
53
60
67
43
50
51
53
66
61
48
65
51
62
58
52
50
55
64
51
65
50
41
49
56
65
42
34
50
50
55
49
55
58
65
59
61
55
42
50
52
48
38
48
53
48
47
38
47
53
43
44
43
52
59
55
50
43
39
53
53
52
44
44
55
38
49
52
54
47
52
58
50
60
48
41
55
62
41
44
52
59
55
72
62
53
56
53
39
56
46
48
65
44
65
46
48
47
53
57
50
36
43
49
57
56
40
54
55
48
51
55
44
53
44
47
44
47
48
52
39
52
43
49
47
60
44
46
52
49
38
52
45
37
45
37
57
54
61
49
44
56
46
55
51
43
57
55
40
45
41
48
54
48
56
43
50
47
47
58
27
46
44
53
45
49
56
46
47
41
57
41
57
48
49
52
54
48
44
55
52
50
44
52
47
45
53
39
51
55
42
36
46
48
37
47
37
46
47
34
51
38
48
40
49
49
52
49
47
43
41
56
42
41
47
50
47
54
45
44
43
45
48
42
39
43
44
35
40
40
44
52
35
47
51
44
44
47
43
51
48
34
45
45
52
42
47
48
48
35
55
41
49
41
46
58
54
41
44
48
43
40
51
43
43
45
38
55
42
42
42
42
51
53
42
48
46
50
40
37
45
37
45
41
46
39
32
38
43
48
42
33
41
44
51
31
38
35
44
50
52
38
41
45
34
45
46
63
48
43
37
37
40
46
41
42
37
37
48
39
37
44
51
41
45
45
36
34
44
40
35
46
46
26
40
37
38
43
42
38
42
48
48
40
40
39
36
41
45
39
40
35
57
44
39
33
32
20
43
34
30
39
53
47
37
45
30
51
49
42
32
30
37
36
37
41
41
45
38
50
55
27
33
42
28
41
48
42
43
32
39
41
50
38
30
49
42
41
44
38
36
50
39
36
43
42
39
40
39
38
41
38
35
40
40
41
38
39
46
45
33
27
37
40
33
38
48
41
44
41
38
40
29
37
30
37
42
42
44
35
45
32
34
22
33
35
34
31
32
26
46
34
26
33
39
40
32
40
44
28
49
28
36
39
33
34
37
34
37
31
42
28
36
30
35
30
30
27
38
31
45
37
46
36
37
31
32
40
19
37
31
43
40
31
39
34
30
35
28
42
25
35
41
32
40
41
45
44
38
28
43
24
39
43
24
36
31
41
27
33
37
44
30
36
50
33
23
39
40
40
36
30
33
41
37
30
26
38
29
37
34
45
38
35
38
35
49
31
31
41
38
29
44
36
25
36
37
42
40
32
38
30
35
33
44
31
45
30
31
29
34
35
30
35
27
47
34
38
44
38
28
40
37
29
33
30
36
42
29
35
27
31
41
25
27
33
38
34
31
34
37
41
28
39
26
32
30
31
37
32
40
44
35
45
25
37
36
43
30
32
31
41
36
28
30
35
25
26
32
35
21
21
39
32
26
35
32
41
33
34
34
32
40
37
30
37
32
33
42
46
28
35
41
28
21
31
30
43
25
33
28
30
34
35
35
41
36
37
43
34
28
37
27
25
41
34
29
26
34
38
39
41
29
30
38
34
30
30
41
43
35
30
29
23
35
37
27
40
33
29
28
32
40
39
28
44
34
41
25
35
38
31
38
40
28
27
31
36
26
31
31
26
34
40
31
38
26
28
28
36
50
33
27
32
30
44
26
30
28
29
26
37
34
42
34
32
35
33
27
35
32
41
47
43
22
32
43
26
32
44
43
45
33
34
37
39
44
30
48
31
35
30
32
31
32
33
24
31
39
33
37
34
31
32
33
47
36
26
43
28
39
33
32
35
24
38
27
31
38
26
28
34
31
36
37
33
33
31
36
33
35
42
30
37
40
32
39
37
43
25
41
37
31
41
30
22
33
35
37
32
27
29
29
30
36
26
38
29
33
43
30
48
35
36
32
17
28
26
24
33
38
33
39
33
34
31
36
40
28
34
32
35
36
40
37
37
26
38
44
35
21
41
41
28
31
41
30
33
32
27
37
30
44
23
35
27
39
50
33
24
35
26
33
35
27
39
33
28
39
27
29
41
20
28
26
30
30
45
37
32
26
38
26
22
32
43
34
27
39
34
31
29
37
37
23
32
37
31
29
26
41
21
37
27
31
44
26
31
25
31
28
39
31
23
25
25
36
31
24
22
35
35
41
40
30
37
34
38
37
36
32
27
27
16
34
26
45
36
30
36
42
36
30
36
29
29
34
29
44
38
38
22
34
42
47
34
35
29
40
27
41
34
37
44
37
44
39
41
43
34
40
30
30
49
29
32
26
34
44
37
36
40
48
35
42
25
30
26
35
28
25
27
33
30
39
30
32
34
35
43
37
32
41
37
36
37
27
42
30
36
34
36
42
40
32
29
38
35
31
36
26
44
41
45
48
34
27
40
38
26
24
40
52
38
35
45
28
35
41
31
31
40
28
29
34
38
36
55
44
46
37
41
34
31
36
43
44
35
44
48
39
39
29
39
30
32
38
40
27
42
45
38
31
47
31
42
54
32
40
36
39
45
38
35
32
45
42
53
40
30
34
41
32
52
43
38
35
41
50
41
39
48
35
33
44
40
44
57
51
54
37
54
36
42
45
60
57
43
41
44
43
52
49
52
34
51
42
36
38
55
50
46
50
36
52
46
64
52
45
51
41
54
53
59
43
41
41
46
40
45
51
43
54
60
51
46
59
61
47
62
50
59
49
46
45
51
50
40
61
39
65
49
51
45
52
45
46
49
55
51
43
65
63
56
43
56
46
54
57
59
52
59
72
33
58
60
56
51
59
65
63
58
51
52
65
61
54
62
43
58
52
54
49
63
44
62
72
63
55
61
53
42
72
45
58
53
59
55
51
55
70
79
63
66
53
63
63
75
76
73
46
55
65
57
60
61
41
63
58
54
61
53
65
62
65
47
68
75
65
70
55
68
67
50
72
73
56
55
70
56
58
69
64
58
50
59
64
69
63
57
77
79
77
58
48
64
49
57
57
77
58
77
67
65
65
69
70
63
66
57
68
55
73
70
73
81
63
71
88
74
79
65
86
69
64
66
63
49
86
53
61
66
64
73
71
71
69
71
58
79
71
77
71
74
65
57
71
80
63
80
62
60
71
63
58
76
60
67
61
64
62
56
87
75
61
80
67
58
65
62
71
62
45
62
60
72
74
68
74
61
65
69
53
60
67
60
59
61
67
61
65
78
63
68
72
70
63
62
70
70
80
70
74
67
67
70
66
66
66
54
66
71
59
53
77
68
65
81
89
61
52
70
56
69
66
68
73
73
57
73
61
61
74
67
62
65
73
56
64
52
67
70
61
79
74
66
66
87
62
61
63
46
67
67
63
66
64
71
67
71
63
68
57
51
55
55
51
59
65
69
70
60
57
53
54
57
48
81
49
47
60
64
50
42
55
46
60
57
68
50
59
58
64
67
58
66
64
63
62
54
58
50
63
58
52
60
45
65
55
66
62
48
57
59
54
56
57
50
57
58
57
64
50
63
64
53
55
49
39
48
65
72
59
41
47
58
58
58
56
51
49
38
46
57
61
47
65
55
44
58
37
48
54
38
55
51
58
40
53
60
59
42
48
52
56
48
53
50
57
42
52
61
57
44
45
50
63
41
66
51
45
48
55
43
53
43
46
46
55
57
46
42
42
57
51
52
68
50
52
56
43
49
43
55
61
34
47
39
45
58
51
52
41
45
48
48
38
62
46
51
29
48
51
68
50
42
47
41
32
43
42
39
56
34
35
41
42
44
55
43
58
47
60
44
53
44
60
51
47
54
50
55
36
58
52
52
60
56
50
57
48
46
61
47
51
34
57
40
48
47
46
49
58
54
50
48
50
46
51
57
42
60
45
58
55
51
61
62
57
43
55
55
60
43
65
64
56
56
59
55
52
60
58
52
53
72
74
52
70
54
71
70
54
53
60
49
52
55
56
61
59
66
51
64
58
64
65
59
76
63
70
63
71
49
67
69
52
56
62
69
64
79
80
64
71
83
75
68
72
65
67
69
76
70
72
79
75
76
64
74
80
68
69
72
72
76
74
79
62
68
66
63
84
75
67
73
85
98
70
75
77
76
80
74
85
71
64
84
84
80
65
84
66
77
80
69
69
81
87
81
77
72
79
73
87
92
69
79
76
75
91
74
88
92
99
77
100
85
94
96
98
84
73
90
94
87
91
90
92
83
69
83
116
94
91
105
112
97
109
90
92
83
81
104
92
102
90
108
101
111
101
84
86
109
101
94
91
108
88
105
101
100
90
100
118
117
106
100
101
115
108
108
113
105
92
117
94
113
116
90
108
110
114
121
118
121
105
119
117
119
113
103
105
105
129
125
132
106
121
126
139
130
102
111
128
128
129
132
108
136
123
126
129
128
133
132
110
132
113
131
135
132
125
128
141
123
140
141
115
144
136
146
146
111
120
121
162
126
134
133
142
147
112
140
131
151
123
144
138
120
131
130
111
157
125
134
135
134
141
130
143
133
124
134
144
148
139
139
129
132
129
143
125
120
146
112
151
138
136
139
137
136
123
144
144
147
136
146
143
135
134
136
139
146
162
141
151
133
148
135
143
132
161
147
144
137
139
154
136
139
134
146
134
146
138
146
153
170
141
159
140
161
150
141
148
147
152
116
140
122
154
122
153
131
147
127
170
161
141
173
138
153
149
144
129
142
146
140
149
159
149
170
174
147
165
150
132
151
143
134
154
144
130
153
143
127
156
141
133
112
148
135
129
170
143
145
135
136
124
151
152
133
155
148
167
147
140
115
142
139
137
145
144
156
146
138
142
142
122
133
126
154
129
141
133
112
144
127
147
133
133
125
139
153
134
136
143
158
142
120
123
123
119
134
116
141
136
125
143
121
133
144
133
132
130
138
132
110
135
127
134
125
136
104
154
106
129
139
126
125
135
126
114
124
124
135
159
127
117
126
96
123
124
113
123
122
122
144
109
126
98
134
110
112
146
130
105
108
130
141
110
88
119
112
113
112
105
109
113
110
120
114
104
117
116
114
115
98
104
100
92
99
99
103
114
110
104
98
96
105
99
91
101
101
93
96
110
88
106
105
114
98
109
114
108
89
95
102
87
84
93
116
98
100
83
95
96
90
83
75
91
99
87
74
85
82
91
76
88
98
80
94
77
65
92
99
85
76
84
88
87
72
85
73
69
92
87
80
82
77
70
63
89
70
91
84
66
86
79
72
72
86
62
73
60
66
82
73
70
68
81
59
68
72
75
87
66
78
74
79
74
69
58
57
64
61
72
88
64
53
72
64
68
66
57
71
85
45
52
55
59
55
61
60
66
54
72
60
49
52
65
59
54
52
48
59
67
57
51
50
47
53
50
55
58
43
48
59
53
51
49
57
60
39
49
61
51
51
52
51
51
55
46
39
48
42
46
42
46
44
40
43
50
32
41
36
44
48
42
52
44
35
54
46
38
43
38
40
32
39
36
40
34
40
36
37
34
43
29
37
33
37
35
36
32
37
34
39
42
39
46
27
38
47
27
40
36
35
36
26
32
35
38
29
30
34
28
30
39
37
39
29
21
26
26
39
28
28
39
35
31
26
38
27
26
33
21
37
28
31
28
29
29
40
24
24
37
30
30
28
36
28
27
27
36
23
35
20
25
22
20
21
30
22
27
40
25
26
24
24
33
32
38
38
19
24
38
26
27
25
24
27
26
21
30
29
24
25
22
23
33
24
30
23
28
36
12
26
35
19
23
22
26
19
28
23
19
24
19
26
15
11
24
19
28
26
29
27
17
25
28
23
28
19
27
25
14
17
25
18
14
22
28
21
22
22
28
20
24
16
22
26
13
14
28
11
19
22
15
33
18
17
11
13
25
14
25
21
21
21
18
16
20
19
19
19
28
16
24
26
23
16
20
11
29
25
18
13
32
19
13
15
18
19
15
12
21
23
26
16
18
22
26
16
15
19
13
12
19
15
13
20
11
17
12
20
21
15
17
23
24
15
17
18
15
18
23
16
23
23
22
18
11
16
23
17
19
14
17
19
21
15
22
20
18
15
16
26
14
17
12
18
19
22
16
17
7
12
7
8
16
18
22
15
11
13
12
12
18
12
12
18
13
12
19
15
17
12
13
8
16
15
10
14
17
15
21
20
7
15
14
16
6
13
14
12
12
14
16
17
18
21
19
11
10
17
15
24
16
18
22
15
14
13
9
16
6
10
13
12
9
11
13
12
17
17
12
12
10
16
13
13
20
11
10
10
18
21
11
12
18
15
16
8
14
15
11
18
12
22
19
13
10
20
10
10
17
22
14
15
18
11
18
20
9
18
20
13
15
7
13
14
22
10
20
9
16
18
11
13
18
12
11
14
19
17
9
21
13
18
16
11
11
16
13
15
23
14
13
15
15
14
13
13
12
11
18
8
12
14
17
12
12
6
13
16
20
15
12
11
15
10
12
12
19
8
15
6
12
21
13
13
19
12
8
16
11
8
15
10
11
20
13
16
17
16
10
10
10
14
13
6
18
23
18
8
11
16
9
17
15
11
8
13
16
16
8
19
10
21
16
11
10
12
20
6
15
18
19
12
11
15
19
13
22
21
19
11
13
12
10
12
15
17
12
11
13
20
18
10
14
14
14
16
17
12
14
13
15
10
11
19
15
12
21
13
12
29
14
10
15
17
21
12
17
12
14
18
12
15
19
19
23
15
18
15
16
21
9
13
17
18
16
13
19
20
17
20
13
15
16
13
17
15
13
8
20
16
17
19
20
25
14
13
15
11
29
21
22
13
16
12
24
17
19
9
13
15
10
9
15
19
11
24
12
28
23
17
18
13
16
17
19
23
19
18
15
18
15
23
25
13
17
21
12
18
17
17
20
19
29
26
18
23
15
27
17
17
18
17
14
19
15
18
17
9
18
19
20
15
15
21
19
14
14
24
11
28
14
24
15
22
22
27
21
25
19
17
18
18
12
25
12
21
15
22
14
24
22
19
16
18
17
18
13
24
24
18
16
15
20
30
15
25
14
25
23
32
29
14
24
13
15
27
15
23
16
21
15
23
18
25
22
15
19
28
17
17
19
23
21
23
27
18
22
21
20
20
18
23
26
22
17
18
16
27
21
21
20
29
25
22
25
21
21
25
26
22
26
27
24
27
22
19
23
25
28
23
22
18
15
34
21
22
23
21
25
28
18
37
22
22
23
20
28
16
33
22
28
20
32
25
36
21
28
29
31
16
21
22
25
16
39
30
19
21
24
26
29
26
30
22
25
31
29
24
28
29
32
28
26
22
20
31
35
26
26
22
25
32
23
31
23
22
25
23
31
21
26
30
35
34
25
36
26
30
35
21
25
28
29
29
21
32
24
28
27
26
27
31
25
25
32
30
13
27
30
32
21
34
31
34
36
21
34
36
30
32
24
33
26
24
25
20
31
28
34
24
20
35
27
38
36
29
28
20
33
23
28
24
28
30
29
18
28
30
30
36
32
27
31
34
33
30
28
30
32
34
32
24
28
38
32
29
29
32
33
33
27
29
39
24
31
26
32
30
36
37
25
28
29
34
28
38
31
35
28
32
34
43
29
37
37
26
32
27
28
28
39
40
35
34
33
31
40
32
30
27
27
31
28
29
28
26
29
29
31
37
24
35
44
31
31
38
34
34
29
27
30
31
40
35
36
31
40
36
17
37
29
33
37
25
35
31
21
28
29
26
31
29
31
31
46
39
33
34
24
41
24
43
33
22
35
44
43
30
27
32
34
38
26
26
28
21
31
28
38
42
33
25
24
20
26
32
29
32
23
35
39
29
23
23
31
28
35
33
30
34
34
31
34
22
33
32
32
36
27
26
26
43
27
25
38
38
41
38
33
25
30
32
29
20
27
35
34
26
22
24
30
36
28
25
34
34
28
27
26
31
38
25
23
27
35
23
19
26
27
28
30
29
34
29
38
22
25
28
27
31
28
18
23
31
30
32
29
32
30
29
30
33
28
45
30
34
31
33
31
31
24
21
28
32
31
27
21
38
26
32
21
28
18
30
38
22
25
35
33
23
26
27
33
23
18
30
26
26
25
34
29
25
31
36
20
25
28
32
23
22
28
24
28
22
29
32
19
30
24
35
31
27
19
25
31
21
20
24
33
24
33
27
32
20
32
20
29
25
23
25
26
23
22
26
28
26
25
23
24
31
25
28
31
22
24
20
24
24
21
26
22
32
23
30
28
23
24
21
26
21
27
27
17
32
25
23
20
20
23
34
29
24
20
28
24
27
30
21
16
30
26
19
15
19
26
28
14
20
22
22
21
28
19
21
28
21
23
16
13
23
22
23
32
17
13
23
26
27
26
21
15
24
20
17
13
17
13
28
21
13
19
15
23
22
19
23
22
17
22
16
25
22
18
17
24
17
30
17
17
23
19
21
22
18
12
20
22
21
23
24
24
26
25
14
21
26
20
23
22
25
12
19
23
22
24
19
21
20
22
25
24
20
21
23
16
22
22
18
23
19
15
14
16
22
17
22
19
20
13
18
14
20
25
15
18
17
15
26
18
26
18
16
23
14
21
11
26
16
16
21
17
19
18
17
19
23
13
12
11
18
18
8
15
17
15
18
11
24
13
21
11
22
17
11
23
12
21
19
21
18
18
17
18
16
19
19
20
15
15
22
19
14
21
15
12
17
16
14
11
14
15
21
14
15
19
20
17
18
17
14
12
18
20
18
26
17
14
18
22
18
14
14
15
15
19
16
14
21
13
15
15
17
18
20
19
16
21
23
18
16
25
15
17
18
16
17
9
21
20
11
10
19
10
11
21
18
12
12
17
13
12
19
20
9
14
15
11
8
16
14
27
18
13
15
10
17
17
17
15
15
13
13
13
13
14
19
11
10
11
10
15
10
15
10
13
17
15
12
13
11
12
10
8
14
11
27
18
20
11
16
16
16
18
17
15
16
12
12
19
12
14
14
21
15
13
11
11
13
8
17
14
9
16
12
15
16
13
13
9
18
13
15
17
15
24
9
15
16
12
13
18
8
13
17
14
17
17
15
12
15
17
18
20
8
22
19
7
16
13
20
17
11
13
12
14
14
19
8
12
17
18
13
15
17
22
14
15
12
17
14
12
6
4
19
18
12
15
11
11
20
13
10
12
16
10
18
14
15
13
12
10
15
17
15
7
9
16
22
11
15
18
18
19
19
16
8
20
9
10
12
14
16
14
11
18
17
12
15
11
10
17
15
10
16
12
16
12
13
10
9
9
17
16
20
9
15
17
19
23
16
15
11
10
16
16
15
15
8
5
13
7
10
11
7
15
11
14
12
7
12
15
8
18
10
19
13
17
19
16
22
11
12
14
11
7
17
11
14
10
14
24
18
14
18
5
12
11
7
13
10
13
15
14
15
12
13
5
13
11
10
9
10
12
12
14
15
17
14
12
14
17
17
15
16
15
13
12
11
15
18
9
12
11
18
16
12
17
11
18
14
9
14
12
12
14
16
14
8
9
12
11
16
11
14
14
14
15
17
7
10
16
10
13
10
18
16
13
8
17
11
13
12
9
14
10
18
18
10
15
14
8
14
13
13
19
15
10
16
16
13
18
12
9
12
11
9
9
14
14
19
15
12
21
12
13
15
11
18
18
18
15
7
13
9
9
16
20
17
13
20
18
25
17
20
17
11
11
17
17
18
11
11
17
17
12
9
15
12
13
18
17
19
15
17
15
13
16
7
9
10
12
22
11
14
14
12
19
16
11
11
13
15
15
15
16
15
14
11
19
11
16
20
12
15
23
13
22
19
14
14
12
20
16
19
22
20
21
14
15
21
21
16
12
21
24
15
7
8
16
18
12
11
16
17
17
20
11
19
20
16
19
17
18
10
22
10
21
15
14
17
15
17
16
17
11
12
18
17
15
20
21
16
15
23
16
15
19
21
17
19
22
13
15
18
17
13
19
21
13
16
15
22
19
16
21
18
26
17
18
20
14
17
19
16
17
18
22
19
12
21
14
25
21
26
13
24
16
21
15
19
19
12
25
11
19
20
17
15
17
17
16
18
13
18
15
19
16
19
19
21
12
19
17
18
23
16
16
14
16
26
24
22
15
17
17
14
15
16
18
18
12
20
24
17
14
29
22
17
14
30
12
22
18
21
18
23
11
22
15
17
18
22
16
18
20
16
23
15
19
17
19
12
17
22
19
19
10
17
22
18
20
20
14
23
21
17
21
21
19
10
31
14
25
19
26
23
24
20
26
17
15
15
22
31
23
22
29
25
13
14
30
18
22
19
14
12
21
31
24
15
20
19
23
22
28
16
910
984
910
931
942
946
917
961
971
908
936
964
903
966
914
948
972
928
925
947
961
919
907
923
969
938
896
928
893
935
924
984
893
918
943
959
933
933
911
926
925
923
967
921
986
958
964
913
865
898
934
883
914
908
895
950
925
923
924
907
949
959
899
989
938
936
913
891
887
884
939
940
985
936
913
926
929
924
883
830
852
908
926
918
883
894
881
974
929
931
892
936
900
982
918
909
858
935
916
842
913
906
892
899
922
883
936
974
968
925
901
883
944
883
913
921
912
911
934
911
858
890
936
909
897
852
910
449
