19520
16211
13429
11827
9863
8614
7238
6236
5561
4841
4228
3744
3496
3133
2850
2708
2516
2223
2079
2056
1958
1874
1704
1759
1627
1667
1636
1545
1456
1529
1465
1390
1366
1430
1392
1293
1406
1307
1290
1297
1264
1202
1279
1176
1259
1240
1230
1239
1151
1189
1205
1084
1119
1156
1156
1158
1122
1119
1083
1042
1074
1079
1014
1139
1001
988
1038
1076
968
1024
992
987
965
978
1011
947
963
976
951
931
956
972
887
947
891
904
892
904
924
901
934
966
874
918
920
931
854
901
914
853
920
842
852
831
824
850
861
760
784
851
823
899
886
795
891
855
874
894
885
911
801
804
795
794
817
762
789
752
791
781
804
833
801
798
815
722
744
716
734
752
752
727
744
730
758
706
749
733
664
741
708
713
700
706
712
724
729
658
694
617
644
693
670
642
686
658
705
655
681
714
642
662
636
668
675
696
621
672
653
665
669
692
633
647
650
619
618
641
615
641
663
596
644
679
620
635
636
623
588
569
626
628
649
571
561
603
632
570
578
586
635
577
580
574
587
524
581
567
601
574
586
591
559
545
589
572
574
524
563
526
543
547
498
523
522
555
563
555
500
549
553
519
525
483
514
558
541
517
497
502
518
537
481
544
484
539
486
485
518
485
462
482
471
456
498
468
476
437
468
491
498
516
484
452
483
493
478
454
436
487
481
476
467
473
492
491
460
445
502
528
472
520
478
473
488
472
460
481
476
506
475
489
441
500
494
466
468
469
471
494
500
508
455
507
468
458
437
465
434
489
452
462
461
444
446
446
462
419
431
445
438
435
493
472
465
473
476
448
429
446
444
426
427
468
458
405
427
440
438
425
441
462
435
417
468
402
419
410
443
431
465
450
424
457
462
420
411
422
467
458
411
418
416
413
466
404
393
439
457
441
442
407
439
422
384
369
406
381
373
450
419
410
410
433
424
401
395
388
413
396
418
393
390
405
391
413
404
390
411
387
383
396
373
390
379
392
392
401
352
389
411
378
409
372
395
370
381
369
381
395
394
409
367
410
401
398
399
412
379
345
376
354
371
411
393
389
386
399
354
400
390
387
359
384
381
369
374
378
342
368
384
373
378
365
348
376
380
394
388
405
346
377
346
385
344
348
359
355
365
360
377
343
353
378
355
353
321
384
347
349
385
327
375
378
377
373
375
361
379
373
361
338
364
375
355
371
355
353
331
353
355
350
360
343
353
338
312
355
359
339
345
372
339
336
365
370
355
365
365
321
345
338
322
336
342
330
336
325
356
352
322
327
317
333
358
356
337
316
340
317
327
330
300
350
330
311
305
336
333
325
371
359
310
315
331
315
320
329
327
328
325
299
305
315
342
328
307
334
319
301
297
323
325
350
355
286
312
310
324
305
311
282
331
318
308
371
318
321
271
315
299
302
336
313
329
311
266
315
331
297
351
289
308
316
304
308
316
324
328
257
311
318
299
307
300
324
278
289
301
308
303
285
323
302
293
275
317
289
330
291
334
302
296
314
305
297
302
280
284
288
301
302
297
293
302
302
299
278
325
288
308
290
312
304
291
303
283
260
295
299
290
306
289
290
283
309
308
292
313
269
275
257
332
293
305
273
286
307
286
295
268
284
272
306
289
304
331
284
299
324
309
300
274
279
300
304
299
295
291
274
255
289
298
292
281
273
280
277
285
290
293
269
293
286
294
278
283
340
285
290
256
260
272
270
291
294
294
297
265
252
291
284
274
267
285
258
252
274
293
271
289
282
285
279
286
287
258
282
284
260
255
264
262
241
296
275
278
298
289
293
251
249
268
283
284
259
283
253
305
262
269
277
285
308
250
279
258
268
258
268
291
275
263
277
288
284
272
251
259
276
256
269
280
295
247
287
285
263
261
252
254
247
272
283
259
272
263
254
251
272
256
261
263
275
245
268
266
289
256
233
261
267
272
251
278
267
258
259
253
242
249
247
271
281
260
265
261
254
267
256
279
247
248
261
290
272
256
261
257
239
255
276
295
274
297
245
273
258
270
284
284
287
270
221
280
257
237
270
243
272
249
241
258
255
254
267
265
241
224
249
227
263
252
265
286
245
272
231
316
251
267
263
253
258
236
269
253
220
251
233
264
256
247
274
250
244
275
243
251
258
261
235
238
247
261
239
277
238
257
248
262
239
238
262
258
223
260
240
232
267
251
256
260
240
248
252
253
248
255
249
246
269
254
249
260
247
226
259
253
248
242
229
254
227
255
234
257
233
232
222
238
227
230
249
245
229
261
227
249
253
218
255
228
258
249
210
246
234
252
250
230
240
247
240
247
243
221
217
254
263
209
259
236
232
234
255
214
244
246
222
230
231
249
248
245
229
221
227
256
234
219
238
210
254
242
203
284
229
243
244
279
240
226
224
226
260
228
247
232
253
239
218
219
209
215
209
229
252
234
263
240
247
219
238
276
229
233
237
242
257
210
256
230
247
224
239
225
240
232
215
198
249
214
247
236
225
241
246
211
221
237
244
226
228
241
258
243
235
247
236
247
236
227
208
228
224
245
261
228
211
229
238
225
250
248
224
241
221
239
211
206
242
232
226
238
221
257
215
241
203
238
222
204
225
211
219
216
204
220
210
243
217
242
211
266
220
230
230
221
234
239
226
233
203
204
213
236
188
205
203
233
206
235
209
237
205
234
224
212
203
212
219
206
199
213
232
226
240
241
217
199
199
226
199
219
216
214
216
227
208
198
214
238
212
230
208
220
208
206
228
216
203
196
209
196
241
191
212
196
231
213
232
198
184
213
203
225
209
175
198
198
199
184
212
231
242
214
209
209
205
174
209
218
212
213
176
192
206
195
194
207
186
196
215
206
185
213
225
185
208
197
211
194
184
212
200
181
220
201
207
193
214
189
195
207
211
215
209
186
204
195
203
232
202
204
195
200
183
189
188
205
204
213
187
199
188
190
187
204
208
187
196
195
191
225
202
221
200
200
192
205
186
212
209
203
223
180
198
165
190
177
202
198
221
216
190
178
180
197
204
171
210
197
196
180
194
192
184
179
200
205
186
194
192
167
205
193
199
214
188
179
190
173
184
172
161
190
202
186
189
174
176
177
183
209
155
194
171
164
181
157
176
162
193
179
193
190
184
174
190
197
174
197
176
193
187
190
193
166
175
198
183
181
189
192
210
171
192
205
151
178
167
203
190
185
170
167
195
180
175
175
192
177
173
192
175
174
181
187
163
192
198
175
176
190
166
169
198
168
173
169
177
154
165
181
184
177
180
182
174
150
193
196
169
178
174
163
197
190
214
179
189
155
170
155
198
191
162
163
161
163
168
174
172
197
173
185
177
165
153
136
189
185
171
189
172
182
164
185
177
168
174
162
166
165
162
171
186
161
156
151
177
168
174
190
155
172
186
168
149
183
164
177
169
171
173
199
147
168
168
162
167
174
193
131
152
179
176
181
166
180
179
188
166
177
176
156
188
163
171
167
154
160
173
159
188
158
166
183
172
167
151
165
173
164
165
187
161
182
140
178
180
152
170
164
186
135
164
186
153
155
174
181
175
173
169
170
150
188
142
147
152
163
177
150
155
150
172
160
160
161
172
163
186
150
172
171
177
179
183
138
176
169
165
162
156
150
148
177
151
170
168
149
165
152
126
162
139
176
185
147
171
141
164
141
156
152
167
156
159
146
165
166
174
174
156
183
149
160
146
153
155
184
150
152
150
162
162
160
146
185
144
173
153
185
168
146
142
164
168
144
150
176
144
177
160
155
151
146
168
147
160
146
157
153
165
151
133
152
151
147
151
167
166
159
149
156
165
175
152
160
164
156
171
145
134
139
177
145
158
149
140
159
160
156
155
172
155
140
158
163
164
164
166
149
154
172
149
151
150
174
145
171
145
130
142
152
160
138
150
162
166
167
141
155
153
141
154
170
146
134
143
150
164
155
147
147
149
132
154
160
162
150
131
135
155
180
130
156
138
124
138
145
146
158
129
165
135
142
165
143
166
160
142
149
160
145
163
166
145
160
141
152
119
162
157
159
149
136
147
138
137
144
146
136
141
144
157
147
140
145
175
132
138
167
137
169
152
140
128
138
148
146
169
137
143
155
143
144
160
143
161
141
130
135
142
136
124
155
140
139
145
156
162
152
138
140
126
140
144
145
144
127
185
151
157
149
133
143
120
151
129
155
162
139
153
137
143
144
147
148
148
131
127
129
148
143
142
154
159
130
152
140
138
138
133
136
140
128
139
134
141
141
148
156
141
135
136
138
156
152
138
138
152
133
125
147
156
135
148
129
139
153
134
142
144
130
139
132
124
129
164
159
133
140
137
100
125
142
148
136
138
141
139
140
134
114
133
136
135
137
146
110
123
150
128
137
141
132
125
124
122
127
124
136
144
119
142
141
134
139
136
142
152
145
138
134
151
121
138
132
137
126
145
134
141
126
136
153
116
134
137
134
129
113
124
137
136
144
126
140
151
139
116
144
134
119
128
166
155
128
140
137
144
162
116
133
112
127
127
141
129
128
166
135
133
124
125
141
139
141
149
134
124
151
137
148
144
134
127
145
140
121
144
148
125
124
133
130
122
125
136
139
132
144
158
137
145
133
137
145
130
151
124
131
133
136
124
134
138
136
134
134
126
127
136
101
131
134
118
123
131
106
112
133
139
134
121
151
153
129
120
129
117
110
127
134
154
152
130
129
142
147
130
143
154
127
116
128
128
141
136
132
127
137
128
130
134
118
145
140
132
144
143
137
101
142
136
135
126
148
130
139
120
124
141
114
128
107
129
123
117
128
128
110
140
136
113
138
124
104
131
120
116
131
121
117
112
119
130
127
137
124
138
128
133
131
111
106
105
136
110
120
118
122
139
146
143
127
136
130
116
134
130
131
123
140
121
112
134
143
123
134
137
116
120
142
110
121
128
129
111
117
125
126
121
129
117
124
113
146
121
110
134
108
114
123
137
147
122
141
120
124
102
140
116
121
127
109
119
126
141
120
107
123
121
120
143
112
113
125
123
131
136
107
134
114
106
123
127
125
116
133
135
122
118
146
124
137
121
122
128
120
146
133
115
119
131
115
113
105
144
123
127
113
116
115
112
121
112
100
120
108
154
125
117
121
113
127
128
113
112
116
125
104
121
121
126
146
114
116
109
141
92
125
130
125
120
111
119
133
126
142
112
118
111
130
130
117
122
120
133
109
121
135
115
138
126
115
119
123
117
115
120
115
132
112
124
106
108
118
120
117
108
126
112
108
118
132
125
114
146
121
133
108
125
115
118
109
124
130
133
132
123
126
121
110
122
106
123
116
132
138
134
132
135
125
114
102
125
116
121
122
125
150
117
114
143
115
109
112
118
129
100
126
122
106
123
105
99
98
121
124
119
129
109
107
115
123
129
123
108
153
98
110
137
120
111
115
132
115
119
105
122
114
105
102
113
99
110
137
110
103
118
103
117
117
121
125
108
125
111
98
120
129
104
106
89
97
118
111
109
104
119
97
117
106
108
107
102
125
111
115
100
108
131
134
115
110
124
119
113
106
122
124
121
121
120
101
111
106
112
122
118
116
104
110
100
118
110
105
120
116
99
140
138
129
103
130
113
110
120
120
104
108
113
135
92
116
118
105
103
115
112
111
121
101
123
126
105
121
109
125
110
109
114
133
120
133
98
104
124
117
107
133
112
115
111
100
116
126
125
131
117
115
121
103
131
115
104
127
104
121
98
130
105
97
115
116
113
110
101
118
97
119
102
114
123
105
100
87
99
109
102
100
115
119
119
121
116
79
112
102
101
117
102
99
98
100
123
107
104
109
111
117
116
110
109
96
113
105
116
125
116
108
111
105
111
105
110
117
90
100
115
106
117
97
118
127
122
127
95
119
124
117
112
116
103
102
102
117
112
119
86
112
118
99
118
109
97
122
127
111
104
87
107
116
93
98
126
91
118
113
114
120
110
107
119
121
138
118
98
107
105
104
122
99
126
103
100
114
113
102
118
111
123
110
109
99
113
124
116
114
115
104
96
102
107
111
125
89
111
109
117
109
105
96
108
106
107
107
126
112
101
97
87
103
96
110
106
99
109
110
100
114
97
114
119
100
113
90
101
103
87
99
120
108
139
107
109
112
104
89
117
129
113
117
96
96
97
109
100
125
107
108
102
109
116
118
98
110
100
114
89
117
107
115
106
111
120
115
109
108
104
105
99
109
118
112
111
103
98
114
105
105
95
87
126
90
102
106
93
106
103
100
111
99
109
94
88
113
89
106
104
108
107
91
108
92
115
107
107
118
107
103
110
87
116
118
107
98
97
93
105
105
96
101
105
123
101
101
90
99
117
123
116
100
109
89
91
123
115
112
96
115
101
125
105
84
102
107
100
93
96
82
105
102
104
109
100
95
108
109
127
100
104
108
107
96
100
103
99
109
79
121
100
103
108
112
110
113
114
119
115
105
99
102
119
107
91
93
105
92
93
98
106
98
95
102
123
101
110
96
97
96
98
115
112
120
107
87
111
95
97
116
118
109
96
117
97
106
104
114
99
99
105
96
115
120
103
92
105
94
87
112
103
104
110
123
102
97
128
89
97
93
100
86
134
101
89
97
106
94
97
91
96
112
94
81
106
104
99
96
110
103
97
102
102
111
89
114
102
94
92
95
115
105
100
100
102
104
120
101
93
100
115
101
95
115
91
108
103
97
102
92
101
92
89
104
110
94
100
86
112
104
109
96
110
92
101
99
113
98
99
101
84
103
102
94
81
113
112
95
104
110
106
89
108
101
95
103
113
105
106
112
106
99
114
91
106
92
102
93
106
103
99
91
119
92
103
104
93
103
116
101
106
101
95
103
103
97
93
88
102
100
99
101
86
99
76
91
111
94
103
113
93
80
91
106
112
97
105
87
106
105
87
85
84
100
104
94
119
100
108
91
86
114
113
111
117
106
95
97
101
105
117
92
97
74
86
96
109
96
118
96
86
111
102
107
100
84
106
99
99
94
106
103
105
98
91
105
106
85
100
103
88
99
91
100
90
91
101
88
91
87
96
87
102
108
92
105
103
79
90
101
109
97
120
100
98
108
104
92
83
104
96
104
94
93
104
85
109
97
89
78
98
81
95
111
112
87
97
90
82
88
105
83
96
92
98
91
88
98
100
90
104
87
97
80
83
102
126
81
106
93
117
98
79
93
93
95
86
88
93
109
127
91
104
92
109
100
103
98
99
101
94
95
103
100
85
83
96
102
98
99
110
104
92
90
107
94
95
104
91
103
90
85
110
94
103
91
84
103
98
79
107
88
92
100
93
79
80
124
88
83
100
114
104
99
95
92
89
97
106
94
112
92
106
79
96
105
84
86
80
107
103
98
110
99
98
104
87
103
92
115
86
109
90
92
81
106
109
81
93
105
90
107
118
100
88
110
114
92
89
101
102
93
89
99
101
89
108
92
113
103
100
112
88
101
87
87
93
97
89
94
99
87
96
98
100
93
83
104
92
79
92
94
100
91
71
90
80
94
101
107
95
92
105
80
94
92
85
98
100
102
90
101
83
85
97
90
97
85
83
89
75
77
102
83
96
96
84
80
95
90
84
99
102
97
97
87
96
96
85
79
90
101
82
92
95
94
81
95
96
90
105
82
91
104
91
92
88
87
97
76
85
93
86
96
90
98
102
82
103
97
77
81
79
89
95
101
85
95
105
109
98
85
89
97
73
89
80
117
98
91
83
73
86
94
87
84
100
93
85
79
91
87
109
95
101
86
84
96
89
92
77
111
95
87
91
96
105
95
85
88
85
87
84
83
71
96
109
79
111
95
86
102
97
92
90
95
85
89
85
88
94
82
81
82
88
81
93
84
95
98
92
78
88
86
110
88
92
78
97
79
103
89
108
107
84
83
99
94
103
90
75
86
66
73
83
92
94
81
96
112
85
110
87
80
87
82
92
91
87
87
112
85
104
120
96
104
73
80
99
95
77
78
92
85
89
71
83
90
84
93
99
89
91
78
102
80
82
98
90
90
77
71
95
89
87
91
83
89
87
97
86
97
92
93
112
88
97
83
79
85
94
96
102
83
89
90
71
88
103
91
102
93
88
91
102
85
89
100
96
84
109
91
94
95
82
96
83
100
92
88
82
89
83
87
96
82
89
88
103
105
89
85
86
98
70
83
85
76
82
110
89
90
101
79
97
75
94
77
96
91
106
84
78
94
89
103
97
88
103
102
91
87
96
110
81
79
95
101
74
84
101
100
76
94
89
82
76
82
76
112
98
97
101
92
74
96
84
100
87
85
100
83
75
76
81
92
77
93
106
87
79
79
81
86
89
89
82
93
96
96
99
100
81
89
83
82
96
98
84
73
83
103
98
87
84
90
77
78
79
97
90
87
102
91
97
67
95
93
81
69
88
98
84
76
69
100
84
63
77
77
74
102
76
75
78
79
81
96
85
89
97
74
88
90
85
97
98
106
73
86
83
80
94
97
74
80
88
91
82
80
71
108
109
87
77
81
86
97
71
95
75
98
88
104
73
87
77
97
84
82
87
95
84
86
79
78
74
86
79
85
83
106
82
85
73
74
95
78
98
83
93
85
97
86
85
95
80
76
84
101
94
71
74
78
66
76
81
76
76
89
71
97
89
84
89
76
77
83
91
88
79
104
73
89
93
84
104
84
83
86
110
91
79
97
99
83
88
81
69
91
69
97
86
85
75
78
98
86
78
94
84
77
81
93
87
91
81
82
78
104
96
84
84
96
72
80
107
82
63
91
89
102
90
79
69
92
109
94
90
80
92
87
86
86
89
79
77
80
85
84
82
104
81
81
90
81
66
76
70
92
70
90
88
87
79
93
104
94
75
85
82
74
78
88
88
92
66
78
71
79
91
95
78
94
85
96
93
92
89
85
93
84
83
91
92
88
73
72
83
87
80
92
104
86
105
101
93
80
99
91
82
99
74
80
87
70
88
80
97
76
84
76
88
92
92
90
94
97
78
101
100
89
82
93
95
84
100
79
88
91
91
79
97
101
89
84
83
93
106
84
96
108
88
86
93
96
98
77
80
71
81
88
78
86
80
95
80
87
81
95
86
100
81
96
92
94
79
83
99
80
96
88
88
88
101
86
99
91
98
72
95
72
84
87
100
81
80
79
88
91
89
85
85
76
97
80
75
71
83
90
90
94
86
107
92
93
102
95
97
82
78
83
83
70
94
72
91
85
80
81
84
97
85
87
95
90
90
103
86
78
89
83
83
83
92
86
85
81
90
91
89
87
92
78
83
91
71
71
75
94
94
81
91
83
75
83
92
83
89
80
93
94
84
86
89
98
90
81
93
93
96
79
61
93
66
79
81
74
88
122
97
78
102
110
104
93
76
88
98
89
65
86
85
93
90
98
77
100
88
107
94
82
90
74
94
93
80
80
105
82
87
76
82
86
88
106
88
95
78
74
101
105
75
83
88
79
83
85
104
75
63
93
91
83
88
76
72
73
89
103
77
98
87
90
88
85
81
88
74
93
85
76
78
83
77
91
82
99
83
80
76
103
79
95
86
76
78
97
73
81
75
85
84
86
93
83
85
91
95
75
92
90
81
99
75
77
80
81
91
97
100
85
86
78
73
99
83
86
76
87
98
88
72
82
82
98
89
79
75
90
92
85
83
103
89
76
86
81
81
90
89
85
84
73
86
82
96
69
72
81
78
83
89
89
90
96
88
89
79
74
84
90
67
82
71
87
82
98
75
91
71
84
86
78
87
73
90
88
64
81
87
83
93
73
87
86
85
83
85
75
101
102
93
93
73
97
95
104
82
90
88
86
80
85
100
84
105
79
82
103
82
76
80
82
100
99
88
83
85
87
85
89
95
92
83
81
85
72
82
76
89
80
68
89
89
76
86
86
86
98
74
81
70
81
85
87
74
77
90
74
99
84
83
79
66
88
67
76
92
84
84
87
81
72
90
80
83
81
82
81
97
64
86
89
95
78
77
73
94
74
87
96
90
72
73
98
89
74
84
96
75
88
94
88
71
86
88
79
73
83
87
94
92
75
101
78
86
88
84
83
72
74
92
82
87
78
81
85
109
87
92
94
86
84
89
88
89
89
78
106
73
90
85
88
88
80
89
74
89
76
98
85
91
85
85
85
89
83
85
82
99
68
83
86
69
79
83
95
81
83
86
93
87
81
95
91
83
83
99
83
83
93
90
83
102
93
99
79
93
74
97
73
84
84
87
79
91
88
90
86
91
92
89
81
94
98
82
77
91
81
78
67
74
75
81
66
106
87
97
76
83
94
82
75
78
68
80
94
88
76
81
97
81
78
77
86
105
91
60
98
83
77
73
86
85
85
91
78
85
77
90
83
93
83
95
90
76
87
87
97
91
92
82
91
64
85
83
80
96
82
94
86
74
84
88
95
92
79
65
75
84
87
75
92
99
70
75
85
96
100
93
79
83
99
82
76
88
94
90
77
84
84
87
82
84
101
103
96
85
78
93
78
72
90
85
76
90
96
91
70
89
88
90
86
91
76
85
71
94
66
85
91
84
85
79
99
85
85
85
91
73
75
87
91
76
78
78
80
80
75
92
85
93
102
88
69
86
94
77
78
103
75
90
103
92
67
105
89
93
86
84
86
115
84
91
77
88
92
82
94
86
77
85
71
89
82
72
97
90
96
94
85
99
93
87
96
84
93
75
83
87
83
99
90
94
80
96
92
100
74
93
83
97
77
80
70
78
90
89
92
85
106
83
69
74
74
87
76
88
87
91
75
92
97
93
92
95
90
71
98
81
83
83
89
80
93
90
72
86
101
81
84
90
72
86
95
72
89
69
64
78
80
88
85
78
78
88
80
88
78
82
79
83
89
84
67
104
85
89
83
89
73
79
90
101
81
87
100
82
86
78
89
84
96
76
96
78
87
94
75
76
72
85
93
79
83
78
71
125
88
94
99
77
76
92
90
82
93
83
85
89
86
74
81
105
70
82
72
95
93
99
84
74
99
68
91
71
72
75
91
96
72
84
82
72
79
73
102
73
80
73
106
81
92
87
75
80
73
80
69
75
105
91
80
92
82
83
85
70
77
73
62
63
99
84
71
92
63
80
87
84
91
75
81
81
79
72
69
83
91
66
74
97
104
72
66
88
61
72
86
88
67
77
102
73
78
80
84
86
70
75
88
71
63
88
76
88
79
64
84
84
66
82
77
66
76
64
95
72
63
85
88
68
77
79
63
78
90
81
107
71
74
84
66
74
94
77
67
79
84
98
72
83
90
82
87
83
68
77
82
76
104
72
67
87
84
85
92
76
85
78
73
76
72
66
75
77
78
76
72
84
66
77
70
86
75
69
51
79
76
97
79
68
72
89
81
69
71
85
87
76
63
70
65
82
88
75
81
79
80
60
76
71
78
67
73
91
91
89
69
67
87
80
80
70
75
69
77
85
85
54
81
78
62
77
76
59
68
78
45
71
71
73
68
73
62
66
56
83
75
78
79
81
69
68
72
71
71
78
84
87
64
68
57
69
69
68
64
68
56
73
63
76
68
60
90
78
86
86
73
64
68
70
71
61
67
60
69
73
68
81
65
63
75
69
81
56
82
78
72
60
74
77
72
75
67
80
75
78
77
82
74
78
75
79
76
69
67
73
79
60
85
83
52
69
74
70
74
71
68
55
79
57
80
72
73
77
68
64
62
86
74
66
80
64
57
76
71
77
49
74
65
79
71
70
59
74
65
75
66
80
67
75
62
67
75
62
58
60
56
57
68
66
78
70
61
92
87
68
68
63
68
77
60
70
51
63
76
65
68
66
76
69
84
52
74
58
69
69
70
70
65
83
67
59
74
47
76
84
76
64
73
68
76
93
63
78
56
69
72
72
76
59
57
71
69
71
70
72
52
63
70
77
80
70
62
60
63
73
77
82
71
67
73
61
81
65
62
72
75
62
75
65
79
68
66
78
72
72
63
60
58
74
73
74
64
82
64
71
76
75
75
76
82
76
74
71
66
63
62
79
67
64
67
57
59
56
67
60
91
67
64
73
66
68
58
61
87
73
72
65
61
73
72
55
76
63
69
86
66
65
68
67
70
60
76
72
57
61
70
69
73
61
65
65
77
72
75
61
72
63
67
62
78
66
78
67
72
59
77
71
68
64
81
59
81
68
68
66
55
71
56
63
68
73
62
51
75
62
64
54
91
74
44
86
64
64
52
65
73
68
74
73
63
71
64
80
77
71
79
66
61
64
54
78
68
81
63
72
62
66
63
69
69
73
70
57
78
79
69
75
42
68
72
66
66
78
69
57
61
57
70
74
69
53
83
76
64
64
61
79
47
61
73
58
74
83
59
57
74
81
68
71
70
67
55
74
64
79
65
68
65
73
62
71
72
69
78
79
66
74
75
56
63
71
71
61
79
72
65
75
64
69
64
70
82
70
83
51
62
72
70
69
82
86
69
60
66
76
66
79
68
70
68
70
67
64
83
69
73
56
71
77
75
57
80
77
86
64
61
60
65
71
65
84
74
78
76
60
59
77
71
72
71
64
71
75
54
52
79
58
62
75
65
69
63
76
67
70
83
56
81
80
75
66
61
62
78
77
73
72
73
63
69
66
59
74
92
68
69
61
65
67
66
73
62
74
76
68
70
74
65
79
75
56
66
76
68
72
65
66
60
53
71
67
79
67
66
82
70
72
67
74
85
60
67
63
86
68
63
72
60
82
58
70
83
72
56
65
66
58
68
57
65
63
69
57
68
70
67
85
75
70
65
63
77
67
64
70
73
70
69
51
67
62
64
65
69
57
82
81
65
69
52
51
63
54
61
59
51
63
76
68
45
59
60
75
84
65
67
54
69
51
55
59
64
57
56
58
53
54
49
69
62
46
49
54
66
52
63
68
59
68
58
64
52
63
68
51
66
66
64
63
52
58
46
53
60
61
59
40
63
62
62
50
62
70
56
45
56
62
53
52
65
58
47
59
55
50
84
63
62
50
57
47
59
61
65
48
61
52
64
39
55
50
62
51
47
57
55
56
57
60
55
63
50
49
60
55
61
46
74
36
59
53
60
58
56
64
62
57
44
56
45
54
44
54
43
52
53
63
60
58
53
50
60
66
50
58
55
57
46
57
59
61
54
66
46
65
53
57
48
55
55
67
56
48
46
63
60
55
57
45
43
54
57
46
54
55
47
54
63
44
50
54
53
62
45
68
52
52
53
57
66
50
55
62
51
65
48
62
54
51
50
71
47
56
56
73
56
56
63
51
51
63
61
63
64
54
69
50
70
57
62
66
59
64
84
64
55
60
74
62
48
49
66
61
72
68
66
68
55
79
59
96
82
59
76
56
59
56
61
61
58
66
71
57
67
54
75
75
74
57
73
65
63
59
76
81
79
68
84
80
77
94
75
95
100
83
102
111
113
89
105
114
146
165
165
222
220
315
318
373
382
457
446
444
399
386
357
314
282
226
212
195
148
119
127
88
109
83
82
63
73
72
62
50
63
39
56
50
46
46
57
47
35
42
46
52
39
48
42
30
42
50
47
47
46
31
53
33
48
37
51
41
53
65
40
43
45
48
33
45
52
40
38
52
42
44
49
34
41
43
52
58
49
57
44
54
46
42
51
48
46
53
36
50
37
52
57
45
58
43
43
44
58
53
42
59
55
53
33
44
46
44
51
54
50
47
42
43
35
49
36
36
43
56
40
39
42
44
37
49
52
54
41
42
54
45
47
53
46
43
38
48
48
55
45
40
49
56
43
45
51
55
45
37
38
42
39
49
54
36
45
50
50
56
51
42
51
42
37
57
36
47
61
52
42
37
46
44
60
39
59
67
45
59
57
46
44
34
42
61
57
50
44
55
45
57
50
50
58
52
55
57
72
51
60
60
54
50
47
53
55
61
65
58
59
58
74
55
75
58
71
61
69
74
73
51
79
78
82
65
82
92
74
80
72
92
80
93
123
108
100
91
78
71
88
59
66
56
52
42
41
33
31
34
40
31
36
23
27
31
31
22
23
29
16
19
21
29
24
20
24
17
14
27
24
27
20
16
25
20
20
12
27
17
23
40
20
27
20
19
22
20
18
14
18
24
24
22
19
19
21
14
18
25
27
16
28
19
23
19
30
24
22
25
11
21
18
22
18
18
19
21
26
27
15
22
15
25
17
23
22
15
20
15
17
25
19
18
20
18
19
24
23
24
16
13
20
13
19
16
21
15
19
17
25
21
20
23
20
20
19
23
20
16
25
24
16
12
17
18
17
20
22
14
21
11
17
17
18
21
20
20
16
18
19
19
15
21
23
23
26
15
20
18
27
19
18
16
14
14
31
18
13
17
24
22
15
19
21
23
16
16
23
24
20
30
18
16
27
15
16
22
13
17
18
19
25
23
11
23
19
18
18
16
24
25
11
13
21
20
20
17
21
14
23
22
17
15
17
14
18
10
26
21
20
20
17
19
10
17
25
18
22
12
16
10
18
17
16
14
19
24
12
14
19
27
22
19
22
15
27
28
17
15
22
24
20
14
16
15
13
22
20
18
18
15
17
17
19
20
17
14
12
26
18
23
17
20
17
15
25
20
20
21
15
27
18
25
16
19
18
19
19
27
17
15
16
10
14
16
24
17
15
16
15
9
24
18
10
24
20
10
20
17
14
18
26
24
19
20
17
16
23
13
17
26
24
22
23
24
25
11
14
20
10
16
17
14
16
22
20
17
14
21
23
23
13
16
25
25
12
19
28
12
19
18
15
12
14
15
26
30
14
22
23
21
18
16
25
18
16
20
15
20
15
21
17
25
26
15
17
22
22
16
17
19
15
11
24
16
24
19
11
27
19
23
17
13
27
16
12
22
19
17
11
15
16
18
16
18
19
15
12
14
24
16
27
19
20
14
26
17
17
24
24
20
22
18
19
23
19
25
18
15
10
21
18
17
18
16
15
24
15
20
24
17
12
13
20
14
23
22
19
24
19
15
15
28
21
24
21
16
25
22
18
25
32
16
17
23
27
14
23
30
29
24
21
29
26
15
12
17
22
17
16
20
25
23
27
16
19
27
23
22
22
31
15
31
31
35
28
23
28
24
30
23
27
28
21
30
42
31
24
34
31
29
36
26
32
30
38
33
29
37
34
31
31
33
33
38
33
51
43
40
37
35
50
34
47
36
45
40
55
37
58
37
43
52
43
54
34
59
49
48
56
47
42
52
49
50
43
55
48
53
61
66
66
59
66
56
69
55
68
73
70
85
83
81
89
90
109
111
145
145
206
253
313
359
499
573
742
784
932
956
965
1004
869
783
692
603
499
489
366
304
239
223
196
155
132
104
100
74
73
64
66
47
45
40
36
26
33
24
25
37
21
31
27
19
26
29
25
25
21
23
16
18
23
26
21
19
20
17
16
19
20
20
19
18
21
32
17
19
27
20
20
15
20
17
24
17
10
24
24
18
25
26
28
31
24
26
15
18
19
21
22
18
18
20
18
18
27
24
15
20
18
16
19
18
26
12
16
25
18
15
22
20
18
23
29
25
11
25
14
20
27
28
21
29
26
26
22
31
19
22
20
19
14
19
16
27
21
23
23
29
19
20
25
28
21
23
27
24
21
19
22
23
27
21
23
19
22
23
25
16
26
24
27
23
26
20
25
31
28
28
29
20
20
21
31
25
28
31
31
23
34
35
25
25
31
19
25
28
27
23
41
24
29
35
36
32
42
36
38
29
35
28
28
24
31
28
41
33
34
34
29
40
38
28
30
36
29
25
36
43
37
45
41
40
43
55
47
48
61
58
48
53
65
82
63
67
68
67
65
51
49
53
46
33
21
20
26
14
15
14
18
15
12
9
13
12
5
7
10
4
9
4
8
7
4
5
2
1
6
5
8
3
4
6
6
4
5
3
7
8
9
4
3
6
5
2
5
4
7
5
4
3
2
4
4
5
5
5
8
6
2
4
2
6
5
11
5
4
1
5
9
1
2
3
7
1
0
6
5
6
5
6
2
6
3
5
7
7
4
4
8
4
4
8
4
5
5
3
5
8
4
2
2
2
5
4
2
5
6
5
5
5
1
8
4
4
2
4
3
5
1
6
8
8
5
8
2
2
7
3
6
3
7
3
6
4
4
7
7
3
3
7
10
7
4
4
3
4
4
3
4
7
5
1
6
4
1
2
6
3
3
3
6
8
4
9
7
1
6
3
7
6
3
6
6
5
5
4
6
3
5
10
5
1
2
4
5
3
3
2
5
3
3
6
4
3
4
3
5
6
2
2
2
3
4
2
3
4
1
7
5
5
1
6
3
2
4
4
2
6
5
5
8
6
2
3
7
3
5
7
4
8
4
2
3
6
8
3
2
6
5
4
3
5
4
5
6
1
3
6
3
5
3
5
6
1
1
2
6
5
1
8
2
2
7
6
4
1
5
2
7
3
6
6
2
5
4
2
3
3
1
5
3
2
4
1
2
2
4
5
4
8
2
4
4
3
5
3
7
2
2
4
4
3
2
8
5
3
4
2
2
1
5
5
4
4
5
6
4
3
2
2
1
4
6
2
5
4
8
1
4
3
2
9
3
3
3
1
2
8
1
3
6
8
3
3
3
6
7
2
4
3
3
3
3
5
2
1
0
6
4
5
1
4
4
0
4
2
5
2
7
3
5
5
2
3
2
5
5
2
4
0
1
4
9
4
6
3
5
3
2
6
3
2
4
2
0
4
6
5
1
5
1
1
2
3
3
3
6
5
5
3
4
4
7
7
6
7
4
7
5
4
3
7
8
5
5
4
7
1
4
1
3
4
1
4
2
4
5
1
4
4
2
3
2
6
2
4
4
4
1
6
5
1
1
3
4
5
6
3
3
3
2
4
3
5
4
3
2
7
5
2
1
1
5
4
4
5
3
3
4
4
1
3
3
7
5
8
2
3
4
5
1
2
1
9
4
3
4
3
6
0
4
6
2
3
3
2
2
3
2
4
2
3
5
4
6
7
7
2
5
1
3
1
2
4
5
5
1
7
1
5
5
4
3
5
6
4
0
4
1
3
0
4
3
4
4
3
3
4
2
2
1
7
3
3
2
5
3
3
6
2
4
4
4
7
0
4
2
5
5
0
2
6
2
2
6
3
1
0
4
1
4
2
7
6
2
3
2
2
2
6
3
7
2
4
3
2
4
2
2
5
2
3
0
4
5
2
1
4
5
4
4
1
5
2
4
8
1
1
2
4
4
4
2
0
1
2
5
1
2
2
3
3
6
3
4
9
1
1
5
2
8
5
2
2
2
3
3
2
6
4
2
4
1
1
5
1
1
3
3
5
4
2
3
3
2
1
3
3
1
6
3
2
3
4
2
4
5
3
1
1
4
3
1
4
3
1
3
7
4
3
4
0
3
5
5
4
2
3
5
2
4
5
4
6
5
2
1
4
3
5
5
5
2
3
2
2
2
4
6
4
0
6
5
3
3
5
3
4
5
2
3
3
3
3
6
1
4
2
4
3
3
1
3
3
5
4
1
6
4
0
6
1
5
1
1
4
2
1
2
1
4
2
1
5
2
0
3
1
4
4
5
4
1
3
1
1
2
3
2
1
3
4
4
3
0
2
1
2
6
1
2
3
1
4
3
1
4
3
3
3
1
5
1
3
3
0
2
3
2
1
4
1
6
2
3
4
2
4
2
3
2
4
1
5
1
7
2
3
3
2
2
4
1
1
3
2
2
1
2
5
7
2
1
1
5
2
2
3
1
2
1
5
1
1
2
1
4
3
2
4
1
2
2
3
5
2
0
0
5
5
2
2
4
2
3
1
5
2
2
6
4
3
4
0
3
1
1
1
1
1
7
2
0
3
2
5
4
4
7
4
7
1
4
5
6
2
3
2
4
1
5
4
2
3
3
1
1
2
4
5
3
0
9
8
5
2
2
2
4
5
3
2
4
3
4
2
2
3
4
0
6
4
6
4
1
2
0
1
3
2
2
3
2
1
1
1
3
2
2
1
9
3
2
2
6
2
6
2
5
3
1
5
2
1
2
3
0
5
3
3
2
3
7
1
2
4
4
1
6
3
2
2
2
2
3
3
4
2
1
4
6
3
2
3
2
3
2
3
2
1
5
3
4
3
5
1
4
5
3
2
2
2
5
2
3
0
2
1
4
3
2
2
2
2
2
1
2
2
2
2
1
2
8
2
4
1
3
1
3
2
2
1
3
4
3
5
2
4
2
2
3
4
3
2
6
0
7
3
2
1
2
0
3
2
2
4
3
5
3
0
4
3
7
2
3
2
3
1
0
3
6
4
5
3
0
3
6
0
2
2
2
2
3
1
2
1
2
3
5
2
116
182
196
213
238
255
271
257
250
293
300
334
358
406
451
480
528
609
614
612
700
757
823
850
921
978
1088
1250
1328
1383
1542
1720
1736
1798
1927
2074
2202
2332
2396
2653
2814
2897
3069
3143
3369
3438
3684
3923
4161
4186
4488
4657
4811
5168
5179
5499
5577
5835
6224
6180
6461
6614
7019
7170
7359
7452
7971
8180
8355
8539
8988
9137
9594
9902
10230
10378
11140
11089
11460
11696
12169
12438
12990
13356
13685
14274
14738
15387
15858
16407
16857
17670
18475
19302
20012
21280
22322
23366
24833
25525
27250
29365
32625
39419
55168
93832
174874
315999
505477
690773
795179
783610
681953
545256
425873
340885
283078
243011
211660
183766
160857
140827
124745
112485
102912
95723
90404
85800
