2273
1847
1585
1353
1204
1100
980
887
723
633
580
599
481
470
400
416
398
368
373
365
323
315
322
268
302
269
291
282
267
264
244
244
272
207
255
238
245
245
224
235
215
227
231
235
216
208
225
219
223
200
217
191
188
183
194
178
201
221
206
182
223
213
180
204
174
188
173
185
164
188
176
193
190
193
189
178
189
183
183
194
194
203
190
196
182
141
179
184
176
184
180
165
175
161
168
169
156
165
146
182
182
158
155
162
163
166
179
180
162
153
185
168
177
173
169
182
156
174
160
169
158
157
158
149
156
158
177
147
161
164
146
183
172
153
152
169
153
150
158
152
160
162
142
152
140
149
153
168
145
150
156
129
148
160
128
155
139
133
154
146
150
139
127
147
141
148
144
141
133
156
142
140
127
153
135
164
148
134
131
151
147
126
165
148
142
150
139
132
152
144
161
140
138
130
110
131
143
128
143
148
126
141
122
157
133
129
134
121
142
130
147
122
120
138
148
138
127
119
132
142
122
133
139
119
152
151
141
129
130
110
127
140
145
165
142
131
120
126
134
133
115
120
140
112
117
129
147
137
129
139
123
129
104
115
111
126
157
131
124
132
113
124
129
141
125
127
128
133
128
121
129
112
114
104
134
146
132
114
127
142
126
157
124
120
125
120
96
129
131
127
120
116
121
138
120
123
109
110
114
101
129
119
115
119
115
120
121
110
132
123
103
117
92
110
106
101
121
116
118
111
131
102
112
116
115
106
118
114
106
113
111
124
106
109
113
121
113
106
128
98
89
108
103
102
97
93
122
103
115
113
124
133
120
116
110
124
117
126
108
117
108
123
109
123
119
103
134
122
107
111
112
124
133
140
117
97
125
110
114
133
108
109
122
108
116
117
116
111
105
109
105
114
113
97
116
128
131
124
110
116
110
119
86
94
101
136
113
119
129
97
122
118
121
107
107
125
126
110
123
124
89
140
124
106
110
113
103
114
117
119
112
111
110
122
135
121
110
122
104
100
101
119
111
118
107
90
129
116
134
128
107
111
101
103
120
109
108
114
110
108
80
123
88
122
116
101
99
105
113
107
112
95
91
107
95
106
103
100
112
107
111
102
107
97
121
104
125
115
111
114
118
107
92
123
97
104
115
90
119
120
109
106
100
107
102
115
106
120
116
104
110
108
117
98
113
83
107
93
108
111
93
103
120
101
99
102
113
91
129
91
108
89
93
107
96
112
110
121
120
106
113
103
107
120
101
96
93
118
101
105
101
108
113
92
109
116
99
94
119
95
110
103
92
98
115
110
96
95
119
99
98
115
114
111
103
112
95
104
104
101
119
95
117
105
102
117
100
92
105
98
106
93
93
105
97
100
99
99
105
131
98
89
120
99
110
85
104
76
113
86
101
91
108
105
92
78
100
122
123
96
100
95
99
105
86
95
101
99
114
120
81
100
92
104
93
140
97
98
109
104
109
115
115
115
105
115
89
116
104
99
114
103
92
108
101
87
102
105
116
111
88
102
106
99
106
95
137
106
121
100
117
102
86
92
115
106
104
108
108
99
104
108
101
109
99
90
107
92
107
86
111
102
102
108
96
90
87
110
106
107
103
90
100
95
94
96
80
95
105
105
104
108
109
80
85
91
105
117
113
111
114
100
89
90
105
103
91
112
95
98
99
99
120
107
98
108
109
101
117
103
94
95
109
75
90
96
99
111
88
89
96
94
114
101
113
92
116
80
117
92
88
115
84
101
119
105
86
108
86
82
109
105
100
92
102
106
96
86
101
110
115
98
84
110
85
110
99
93
90
97
111
85
101
85
107
107
101
84
89
103
109
103
97
86
103
101
88
98
97
94
101
101
110
88
75
85
93
105
94
92
117
94
117
95
90
114
110
97
104
94
100
93
89
96
100
97
111
85
105
92
105
93
87
90
98
96
97
122
88
116
107
108
91
85
98
96
97
112
85
115
86
103
93
100
109
98
113
96
77
97
116
109
100
105
91
98
102
107
106
99
101
115
99
109
99
91
111
106
100
98
104
82
90
96
93
97
94
113
100
110
92
93
102
109
101
114
93
107
89
101
82
97
91
111
83
99
112
92
102
118
90
108
87
104
118
105
96
88
101
106
98
94
91
95
105
114
106
105
114
106
94
90
100
84
105
94
89
103
96
93
107
99
112
91
90
98
103
81
108
80
108
106
124
85
107
89
104
87
98
88
114
106
110
96
91
93
86
121
99
128
102
97
87
106
104
118
106
101
97
112
91
109
92
107
105
98
107
99
93
91
98
69
96
101
100
86
100
94
92
94
106
95
83
101
108
80
97
92
122
91
95
103
94
96
101
114
101
118
84
92
100
76
93
88
114
92
79
89
125
117
92
101
98
98
102
104
101
93
106
93
89
77
96
81
95
91
92
110
85
109
89
106
119
99
106
112
93
85
124
105
99
100
100
105
98
92
91
106
107
100
116
97
101
107
94
92
110
110
101
100
91
102
104
99
96
106
92
99
103
107
93
88
104
88
99
99
89
99
102
107
104
106
85
112
89
90
95
106
100
99
101
98
96
109
84
105
105
111
89
122
111
87
84
106
112
114
96
96
92
97
99
103
114
102
92
83
102
100
96
98
98
90
95
87
83
89
95
100
108
108
96
96
100
91
101
91
89
100
108
121
99
105
96
111
73
98
103
103
97
103
109
83
80
96
87
107
101
108
90
107
99
92
113
91
102
108
80
89
100
93
88
96
111
85
84
96
117
111
87
93
92
99
102
115
96
107
80
100
103
98
81
100
101
93
83
100
100
99
108
96
102
105
94
86
83
89
86
110
103
93
102
117
97
84
108
105
92
102
108
95
92
105
98
110
120
97
85
91
98
95
94
120
82
101
92
101
113
90
96
87
81
84
95
107
84
103
93
110
91
108
106
100
92
111
91
95
93
91
94
94
98
82
107
111
96
108
81
89
91
96
68
92
95
74
113
105
100
85
95
103
103
96
92
95
96
98
97
92
103
109
94
80
95
92
105
104
96
88
95
96
99
96
114
106
91
89
101
91
103
91
118
95
90
87
102
86
85
107
90
85
100
92
102
96
83
102
82
87
109
98
94
78
80
106
83
89
92
85
103
98
100
102
88
91
92
114
101
96
92
95
98
98
110
93
98
91
87
83
95
100
104
87
102
90
98
102
96
84
96
98
118
96
102
92
99
90
98
89
97
111
91
92
102
85
113
84
116
120
88
114
91
88
95
102
79
96
91
73
96
98
89
100
100
109
92
119
86
109
96
98
109
100
100
104
109
92
94
95
105
104
95
110
93
101
96
100
95
99
121
104
106
94
83
102
107
101
89
97
110
93
98
113
93
111
109
105
99
97
88
96
88
98
95
92
100
117
65
88
95
85
96
104
105
90
108
77
87
105
88
90
93
78
96
90
89
91
89
82
84
82
88
105
83
94
84
96
105
87
101
106
105
76
101
100
92
103
102
123
102
108
107
108
107
104
102
94
100
99
104
103
102
119
87
96
92
80
86
70
89
97
97
106
99
101
106
80
84
92
92
88
114
94
105
102
105
108
115
112
104
89
91
107
93
92
85
94
99
90
95
87
83
113
78
93
104
113
93
93
94
92
98
97
104
105
111
97
103
89
94
108
78
93
81
92
84
85
93
109
78
108
105
98
83
103
81
97
101
101
100
108
108
106
99
82
95
104
92
102
84
91
97
89
106
93
101
105
94
113
90
105
95
100
87
98
96
90
96
98
83
101
92
94
89
107
106
82
86
103
104
84
94
104
104
103
105
86
104
103
108
101
85
114
108
77
116
106
97
108
98
100
68
83
101
81
106
109
85
92
85
97
97
103
86
82
120
110
94
90
83
89
111
100
122
93
101
102
104
78
134
90
91
119
109
99
91
104
98
120
108
109
89
118
109
98
102
106
98
108
99
118
120
115
108
103
100
92
99
94
104
100
83
102
104
103
90
90
106
98
99
110
111
94
100
102
96
110
102
112
98
105
103
106
100
84
108
96
92
78
109
113
105
123
109
107
97
114
99
97
107
104
98
108
92
111
107
95
115
89
109
102
109
109
92
97
110
97
102
100
106
99
103
123
110
112
104
112
107
101
94
97
88
115
79
99
114
120
112
100
110
103
105
95
96
115
93
107
79
115
113
82
81
102
123
110
86
107
113
89
124
103
106
114
103
106
105
130
101
112
117
107
100
109
114
87
97
93
103
110
112
111
113
92
102
117
109
96
96
101
103
118
112
104
103
110
106
113
94
94
105
103
92
98
95
105
100
100
114
90
110
94
124
103
113
90
107
111
94
131
115
102
108
102
97
103
97
121
81
96
110
108
103
122
101
87
92
122
90
104
117
114
99
115
111
120
106
97
119
91
91
116
103
129
111
103
104
110
114
94
99
92
108
111
115
123
98
127
87
99
103
123
109
108
114
89
107
112
125
100
99
119
97
109
107
94
106
100
105
105
107
89
95
102
94
115
114
102
101
111
119
100
109
107
118
112
101
110
122
125
94
115
130
112
118
109
113
89
102
101
110
116
98
93
96
113
121
99
97
107
103
89
127
94
117
114
99
107
101
116
100
105
96
103
112
117
121
111
98
109
107
103
106
100
103
104
122
94
93
110
104
120
113
102
112
99
90
105
98
104
104
98
107
102
113
113
104
111
114
100
88
98
104
94
124
112
104
107
94
105
105
99
80
106
89
107
105
98
109
114
103
109
112
106
96
117
105
94
114
99
103
116
78
111
125
106
96
78
94
105
109
135
91
105
93
105
102
95
109
95
93
115
96
122
98
107
106
96
94
95
121
100
98
113
118
105
124
108
98
99
117
103
97
108
107
86
90
109
99
103
108
105
97
108
108
106
99
96
106
106
108
104
92
105
100
107
115
109
110
93
127
101
107
92
119
103
108
82
104
109
100
113
100
107
110
120
116
88
124
113
92
112
113
99
102
107
96
105
103
108
101
76
123
94
105
114
101
115
95
108
104
105
106
99
113
91
105
108
114
97
103
95
94
103
106
107
103
98
103
104
103
102
102
112
120
108
122
118
117
123
100
113
101
120
115
103
118
101
98
98
107
107
107
96
95
108
105
118
106
115
116
104
110
116
112
91
110
105
101
91
100
109
97
127
103
108
111
97
96
101
101
138
121
96
127
110
133
105
114
111
100
93
111
106
93
82
92
90
111
103
108
107
115
113
108
103
102
97
111
99
95
106
120
101
109
121
100
104
91
96
101
101
81
106
115
99
88
103
91
93
99
122
109
113
127
99
116
109
109
100
106
113
104
101
94
129
99
91
113
112
94
104
105
109
107
112
109
120
114
87
103
105
111
106
95
94
91
102
99
116
87
106
91
121
108
99
88
99
110
96
114
99
114
100
105
89
102
103
112
102
105
116
121
101
97
108
107
115
97
109
94
125
101
106
85
104
99
97
101
109
94
95
108
97
111
99
98
96
103
106
113
119
96
95
99
115
115
100
102
110
107
114
110
105
114
108
96
106
125
100
104
116
100
112
103
104
89
105
105
102
109
121
94
93
97
98
96
92
121
100
100
100
111
83
97
94
100
116
94
119
102
91
114
101
88
102
99
121
95
93
114
120
110
99
119
136
92
123
101
100
103
126
114
103
107
118
100
96
108
102
99
113
121
95
108
111
97
107
94
108
108
84
85
97
98
86
108
126
112
115
87
99
95
97
114
109
102
96
120
108
89
124
94
123
102
104
96
102
91
94
102
121
98
108
128
107
108
106
104
114
82
100
103
113
112
91
113
101
93
103
108
88
113
93
104
126
125
103
111
99
88
106
111
125
112
92
102
93
106
99
109
88
90
117
91
99
97
108
100
85
95
101
95
103
104
100
119
97
109
113
86
91
115
94
117
108
96
98
109
105
142
107
103
103
102
106
86
106
86
105
120
96
103
111
98
129
118
99
87
120
111
112
93
102
108
96
102
115
90
104
105
133
106
107
126
107
92
102
108
117
107
104
90
108
98
101
105
100
108
114
114
92
93
106
110
106
107
104
101
113
100
96
115
131
104
111
132
112
98
110
107
98
113
111
102
113
107
106
110
115
108
106
97
126
121
100
96
110
112
95
97
96
102
93
106
103
122
111
104
118
117
109
121
106
108
126
107
92
105
104
89
109
113
110
115
110
103
92
116
110
116
120
85
102
88
85
119
107
100
106
98
107
111
114
122
121
117
115
95
87
99
114
104
127
125
111
110
95
126
117
104
115
103
117
98
110
131
113
100
93
126
112
116
111
133
108
102
120
105
112
96
116
106
104
113
108
109
111
108
114
115
110
108
115
98
126
98
94
116
122
108
104
114
140
105
125
108
92
112
109
96
121
94
113
111
106
111
105
121
112
113
109
111
107
106
124
137
107
109
107
125
107
112
98
96
122
116
103
114
126
97
122
131
98
97
111
120
114
119
110
113
119
118
96
99
119
102
113
123
110
118
108
108
101
121
124
146
133
138
109
116
137
131
124
121
120
118
117
106
113
114
119
107
92
117
119
108
129
108
108
112
109
102
107
110
105
107
117
105
100
126
109
126
109
121
101
107
103
98
117
114
131
120
99
123
126
99
107
127
111
143
115
117
106
137
117
113
145
114
125
148
87
125
121
127
102
119
88
114
112
123
95
119
116
101
92
100
130
125
116
122
128
110
112
122
129
128
119
120
106
112
109
132
113
92
134
116
108
122
144
141
107
108
115
133
121
115
135
112
114
127
122
101
126
145
124
113
100
132
113
118
110
126
136
124
122
131
105
120
129
133
126
132
113
111
147
131
114
120
135
108
130
104
110
142
123
120
130
112
117
121
112
131
131
121
141
132
128
139
147
120
133
118
118
119
118
124
114
122
146
115
123
114
108
144
118
125
128
134
117
105
102
119
137
123
130
119
110
134
124
133
140
138
119
121
108
114
112
144
135
121
142
121
116
110
137
105
125
124
132
117
131
131
111
117
133
152
111
142
124
138
126
141
135
129
135
149
123
144
124
105
138
154
117
126
140
135
119
121
124
133
135
123
127
124
107
127
141
122
131
139
144
122
133
123
118
125
149
127
111
133
141
153
139
124
131
136
133
144
131
126
155
148
120
149
136
127
130
125
133
127
115
153
139
136
115
125
129
148
123
122
123
136
147
150
139
134
127
141
127
129
131
142
122
135
151
130
122
148
140
121
114
145
143
140
118
146
149
126
131
135
120
132
133
147
109
135
127
135
148
123
134
144
161
138
152
145
138
149
130
143
145
139
144
132
138
148
140
123
142
147
134
160
138
158
131
147
132
138
115
156
149
135
132
130
150
141
137
150
142
147
147
183
158
145
137
125
162
123
141
129
127
135
145
138
147
136
153
140
133
139
159
124
137
146
149
143
140
146
131
133
140
138
137
139
137
154
135
132
130
132
137
152
144
133
156
160
136
132
137
137
150
166
142
133
128
135
146
134
148
134
153
148
156
159
144
134
151
111
156
138
142
162
154
172
132
153
166
120
153
117
136
130
147
137
151
134
140
142
150
133
132
137
135
171
149
132
174
142
139
119
144
147
150
150
140
155
150
126
127
121
139
128
130
146
128
117
133
136
123
127
135
133
135
153
148
161
132
149
142
144
137
140
133
133
150
134
142
152
139
129
143
129
154
129
142
112
127
133
125
115
123
110
152
133
133
138
114
123
127
137
137
145
130
116
101
115
108
133
112
111
131
128
124
123
101
128
109
104
116
125
117
128
97
114
112
103
106
106
97
99
97
108
96
121
107
109
104
88
109
117
102
92
95
90
109
111
107
96
102
96
100
96
123
96
101
85
103
113
90
102
90
89
89
75
86
86
95
82
81
101
87
80
80
88
83
97
84
88
80
92
85
100
86
87
82
83
81
79
81
79
77
88
71
71
81
93
87
88
81
75
77
70
74
76
66
67
91
77
78
82
83
81
89
68
82
85
74
76
95
72
72
81
76
98
71
83
80
81
67
62
58
91
74
82
77
68
76
73
86
82
67
60
90
64
86
74
86
84
69
78
85
82
82
76
75
77
64
71
79
46
88
77
77
76
62
69
64
77
67
70
66
89
57
71
71
70
75
71
55
73
81
72
59
73
77
80
70
68
74
68
71
62
67
69
76
79
68
73
65
72
68
61
60
64
59
68
80
68
62
67
77
65
62
78
72
78
70
58
81
59
68
77
68
68
66
74
71
69
74
71
70
63
76
68
54
58
67
62
49
60
73
67
56
56
62
70
72
72
72
61
71
64
65
85
62
50
58
74
59
69
51
73
65
62
62
64
75
62
54
57
51
66
59
59
61
60
56
68
62
58
66
67
71
70
52
73
71
55
63
72
63
61
71
63
46
53
57
54
59
54
66
50
66
55
48
57
68
37
63
48
52
56
57
68
58
69
59
64
53
59
43
57
53
47
64
46
54
59
50
60
47
44
64
65
69
71
62
54
54
51
60
52
60
53
61
61
61
70
44
58
66
65
71
54
39
64
61
56
69
57
49
62
44
54
53
55
51
60
63
42
57
48
49
45
67
57
60
60
44
53
63
46
55
44
47
50
53
59
48
60
40
44
55
52
53
49
49
59
49
59
54
54
51
41
49
41
53
54
53
42
52
51
53
40
48
41
45
46
46
36
52
46
54
50
44
48
56
48
37
55
38
56
47
41
50
52
56
54
43
38
36
38
46
36
52
42
50
51
49
52
55
41
57
51
36
43
41
67
40
37
52
42
48
49
37
43
42
59
46
53
34
63
41
52
49
46
50
36
40
42
45
34
42
51
55
38
54
40
38
40
46
42
31
53
43
39
42
39
41
44
46
44
41
39
47
34
58
57
46
47
46
32
31
47
36
41
45
45
37
43
31
40
49
54
39
49
37
25
46
38
47
51
49
35
54
35
31
35
49
40
36
49
37
37
35
33
31
46
40
35
34
27
49
42
45
44
33
39
46
42
42
31
44
39
30
48
37
43
40
43
24
28
45
38
50
40
41
54
40
39
33
37
48
36
45
36
32
33
39
45
42
53
46
34
51
36
41
27
40
35
37
32
34
46
49
39
32
43
32
26
41
33
32
34
26
23
37
43
36
39
31
42
31
48
34
22
40
46
34
41
44
35
46
48
36
30
30
40
42
40
22
20
33
33
33
41
43
39
31
33
40
37
45
31
24
36
25
31
34
31
30
35
34
39
49
34
28
47
32
25
34
42
37
25
33
21
38
35
34
34
31
38
46
35
36
37
27
30
40
26
35
29
32
45
27
30
25
34
29
26
29
29
26
23
32
29
42
31
34
37
32
26
28
32
31
31
40
23
48
31
25
36
32
38
32
28
25
35
37
20
23
27
31
27
26
19
33
31
34
32
31
25
35
31
31
31
28
26
25
30
31
30
28
23
24
19
23
35
34
21
30
23
33
29
32
32
30
31
27
32
25
27
28
33
23
28
31
25
29
26
31
34
28
34
20
30
27
32
24
27
30
28
30
32
33
35
38
27
21
35
35
23
36
32
26
29
32
46
26
29
26
28
31
34
33
25
38
38
26
26
35
39
23
26
25
31
31
33
28
34
30
27
34
26
38
29
30
26
20
25
30
25
29
21
29
26
24
21
35
24
32
31
20
31
24
22
27
24
23
29
17
30
21
29
29
30
27
29
25
19
33
25
34
20
31
30
25
26
23
20
25
25
27
23
40
28
28
26
33
32
32
29
19
18
23
32
22
32
25
17
23
24
21
24
32
26
21
18
25
30
24
36
24
23
27
19
27
26
24
29
31
32
22
31
25
36
34
43
26
22
27
32
33
27
39
19
27
33
23
27
38
34
36
23
16
32
28
25
27
23
30
22
31
29
27
18
22
27
29
33
20
28
30
19
26
34
31
30
33
38
33
33
28
25
28
24
34
23
33
24
28
30
28
32
20
35
24
26
23
28
31
37
31
32
32
26
24
18
29
29
31
27
29
28
21
35
26
39
26
26
27
26
32
30
29
21
31
26
29
26
30
41
26
26
28
32
23
35
29
28
22
31
30
38
21
23
20
26
25
30
27
30
40
22
25
24
28
27
22
29
29
24
23
9
13
31
26
25
25
28
31
30
24
34
23
24
34
29
34
37
27
22
28
32
39
28
22
30
28
30
30
33
28
25
31
36
22
31
30
29
28
27
31
31
19
29
37
24
23
30
24
22
35
34
25
32
36
30
32
28
37
26
27
27
33
31
29
28
22
34
33
29
34
25
20
34
33
32
34
31
32
25
27
29
33
28
30
34
27
23
29
30
29
43
28
22
22
35
25
28
27
22
27
32
25
23
21
27
23
21
25
36
25
24
25
26
32
24
17
25
32
28
37
33
21
26
35
28
33
33
19
29
33
28
31
29
20
23
23
31
28
28
42
23
26
21
40
29
24
20
22
23
36
34
28
25
32
23
27
29
26
32
25
29
25
27
32
37
29
38
24
21
34
25
31
29
37
32
25
28
27
31
28
28
32
27
28
15
27
30
28
27
28
21
24
38
24
22
27
27
24
30
30
21
27
29
33
29
28
30
20
21
21
30
33
32
24
27
30
29
25
21
26
18
34
33
26
25
27
24
21
34
33
38
33
23
30
27
18
29
23
22
34
23
27
23
29
22
24
26
32
17
32
29
44
25
26
28
22
28
23
29
30
35
33
29
13
26
39
32
20
31
29
30
19
26
29
22
30
30
19
30
31
32
31
31
24
28
28
21
29
20
28
32
25
24
28
28
27
26
32
30
36
26
32
32
32
41
27
29
29
25
32
29
27
24
22
28
27
21
22
20
27
29
37
31
18
25
30
27
26
33
29
31
29
27
40
31
22
42
34
23
21
24
31
26
24
38
22
33
35
23
25
22
38
26
33
31
31
27
39
29
24
35
29
28
30
21
32
27
25
27
26
33
30
21
26
33
26
38
28
36
22
26
30
15
29
26
28
32
26
35
42
30
23
25
29
25
31
27
33
32
30
27
25
30
32
31
40
22
31
30
21
23
24
19
25
22
27
23
24
29
33
30
36
30
20
29
22
30
29
36
27
39
29
23
29
35
23
33
31
29
32
26
38
26
32
26
26
25
27
26
24
36
25
24
32
22
28
43
37
25
26
23
30
30
23
24
33
30
33
43
36
29
36
29
26
29
25
30
31
26
32
30
25
23
24
31
27
36
32
30
32
31
19
32
21
32
32
36
27
27
27
26
35
27
36
26
25
38
31
21
38
37
35
30
19
29
35
20
22
31
27
32
36
31
31
33
27
39
23
30
36
29
27
35
29
24
30
32
31
44
37
30
35
31
29
30
38
25
30
33
30
32
32
42
38
46
37
30
37
30
37
28
30
40
32
32
36
31
40
24
36
32
40
42
33
37
47
34
40
44
35
35
34
35
35
43
38
32
45
43
47
52
49
44
27
37
44
38
24
38
41
39
55
40
39
62
42
45
33
44
51
44
42
41
50
45
53
49
44
52
50
55
61
43
40
62
48
44
55
61
51
53
47
46
49
59
57
59
64
66
74
74
52
68
65
58
77
65
76
77
71
96
73
82
95
92
94
102
100
95
123
109
115
109
96
142
135
161
171
169
157
216
204
230
242
288
319
355
430
463
532
619
728
806
917
1049
1200
1285
1513
1659
1793
2059
2284
2506
2637
2966
3111
3483
3644
3899
4104
4341
4486
4642
4863
4854
5057
5132
5030
4973
4892
4947
4696
4587
4406
4103
3957
3656
3498
3224
2902
2736
2577
2328
2092
1883
1711
1493
1311
1209
1037
924
803
733
630
533
437
419
347
304
228
188
158
142
153
118
101
113
73
58
59
56
44
42
31
25
36
22
20
29
17
23
24
17
21
24
18
15
18
12
14
14
12
13
10
21
10
14
21
12
17
6
17
17
18
20
5
12
11
14
15
12
10
9
11
9
15
15
11
9
11
13
8
16
4
10
12
12
4
12
5
9
10
8
11
14
18
13
9
12
13
9
9
9
10
9
4
12
8
5
4
10
9
11
12
11
4
9
5
13
9
8
10
10
11
7
14
9
8
6
6
8
18
14
6
11
8
8
16
9
13
5
6
6
11
10
3
9
7
13
9
10
11
9
11
8
6
11
8
8
9
18
6
9
10
6
8
11
7
9
11
7
8
4
9
7
7
7
5
9
4
11
3
3
10
7
9
5
13
11
12
12
9
10
7
8
11
17
13
10
18
8
7
16
9
10
11
14
3
7
8
6
12
10
10
14
10
15
6
11
8
7
5
8
5
12
6
7
9
8
6
7
3
6
6
8
6
6
8
3
11
3
6
2
5
6
5
2
4
9
3
3
4
6
10
4
6
5
7
4
4
5
3
11
7
4
4
8
11
5
6
7
6
6
9
6
4
7
5
10
5
8
6
4
5
6
3
5
3
6
9
2
8
4
12
5
6
7
6
3
8
10
4
4
6
5
8
1
1
5
6
2
4
7
3
2
5
2
5
6
2
3
3
4
5
6
6
4
5
6
3
5
5
5
4
4
7
4
4
4
1
3
4
7
3
7
3
4
9
2
6
7
7
3
4
6
4
6
5
1
8
2
6
4
4
2
5
4
3
7
7
7
2
4
3
5
5
6
6
7
7
8
4
12
4
9
4
4
4
7
6
4
3
2
1
7
7
3
5
3
2
5
5
6
8
7
3
3
9
3
5
5
3
6
4
9
3
5
7
6
5
3
3
6
7
4
7
3
7
11
4
8
5
5
8
7
7
8
5
7
4
6
6
4
9
3
1
3
2
3
2
4
3
6
2
2
4
5
3
5
7
5
4
3
8
1
7
5
2
6
4
6
5
4
6
1
2
3
7
4
5
7
2
3
3
2
7
5
4
3
11
5
5
4
7
0
2
4
2
2
3
4
8
2
2
7
1
10
2
1
4
6
7
4
2
2
3
8
2
1
2
3
4
7
7
6
2
5
4
2
3
4
2
9
7
9
1
5
8
7
3
4
5
4
3
5
5
2
3
6
5
6
5
3
8
6
7
6
7
11
6
4
4
3
4
4
7
2
8
0
0
7
7
1
6
3
3
4
5
5
3
2
4
4
6
5
3
9
5
4
4
1
5
5
8
4
4
3
2
2
1
4
7
3
5
8
2
5
5
2
10
2
4
1
2
5
7
2
6
9
3
2
4
7
4
2
9
5
2
2
4
7
3
5
4
4
6
3
7
3
4
4
4
3
3
4
3
6
5
6
3
0
5
1
3
5
9
3
3
1
4
2
6
5
2
2
5
3
5
1
2
4
1
2
3
8
2
2
4
5
2
7
6
6
5
5
5
3
1
1
3
2
3
2
1
4
4
4
3
7
6
4
2
2
3
5
4
5
4
5
1
3
5
6
4
7
6
4
6
5
6
3
7
4
4
7
1
4
3
1
1
5
6
5
7
3
0
6
1
2
8
4
0
2
1
1
4
1
3
2
2
6
5
7
5
6
6
7
5
7
6
4
9
3
3
5
4
1
4
6
5
8
5
4
3
6
6
7
3
5
8
3
2
3
6
4
3
7
3
1
2
3
2
4
2
2
3
6
5
5
3
3
2
5
3
7
3
5
4
4
4
2
2
2
5
3
2
3
2
6
1
3
5
4
1
4
3
5
4
2
6
4
6
5
5
1
4
8
3
4
4
7
7
4
2
5
5
3
3
3
4
4
4
5
5
3
5
2
3
1
4
1
0
2
1
4
6
5
6
1
3
2
2
1
2
3
3
3
1
5
5
4
5
5
5
12
8
5
1
2
1
2
1
3
5
4
3
4
3
3
1
5
0
2
5
1
0
4
3
4
3
3
2
9
3
1
4
5
4
0
6
4
5
5
2
5
4
1
2
4
4
3
7
3
5
3
1
3
1
6
8
7
1
5
8
6
1
6
3
2
5
5
4
5
2
4
2
4
5
3
6
3
2
1
3
4
5
2
5
3
3
6
2
6
1
3
3
1
4
4
5
2
7
4
6
1
5
6
4
4
3
4
2
5
3
5
1
5
5
6
7
3
3
1
7
3
9
6
4
5
2
4
4
4
2
7
4
1
3
3
7
5
5
5
3
2
4
4
4
1
2
2
6
4
4
3
6
4
8
3
3
4
7
2
3
2
4
2
10
6
2
2
4
6
5
3
5
5
4
4
2
5
4
4
3
1
6
2
4
5
2
4
2
1
5
1
6
5
9
1
4
7
3
3
4
3
2
3
2
4
1
4
3
5
4
5
0
5
1
2
7
4
3
3
1
3
4
5
4
0
4
7
4
3
4
7
2
2
7
4
3
3
3
3
2
3
7
5
5
1
3
4
2
3
1
4
2
5
3
9
5
2
3
6
5
5
5
7
5
1
1
3
2
4
2
5
2
1
4
4
3
2
4
3
1
1
2
2
6
3
1
4
1
1
3
2
2
5
3
5
6
6
6
4
8
5
4
5
2
3
6
5
2
6
3
6
0
5
4
6
4
6
4
1
9
5
6
1
3
5
5
1
4
3
8
1
4
6
4
2
7
2
2
1
5
4
1
2
2
3
3
2
7
3
4
1
5
2
2
2
3
3
4
5
4
7
2
5
2
7
4
6
5
5
5
3
2
2
6
3
2
3
1
3
1
4
1
2
1
1
5
2
6
2
5
2
5
3
2
6
0
3
5
4
0
1
3
4
5
2
6
7
5
6
3
3
1
5
3
4
5
4
1
5
3
1
3
1
2
2
4
6
4
5
2
1
7
7
7
3
9
5
4
5
5
2
3
6
4
4
0
0
2
2
4
3
4
4
2
2
2
3
6
0
3
4
5
4
2
1
6
3
6
4
3
4
7
4
3
3
2
7
5
2
4
6
4
4
2
4
4
4
5
2
3
2
7
2
2
0
0
2
1
2
2
3
4
2
4
1
5
8
5
2
2
5
4
3
1
2
3
3
4
6
4
2
3
2
3
2
4
4
9
3
2
5
2
2
7
0
1
2
5
2
1
6
2
4
0
0
3
6
5
5
3
5
7
0
2
9
1
2
4
2
4
3
4
5
3
5
6
0
5
2
4
7
3
5
4
1
2
3
3
5
2
4
4
7
1
5
5
3
4
1
3
4
3
3
0
4
4
1
2
6
5
4
3
1
2
4
2
4
2
1
4
3
2
4
4
4
5
4
1
3
4
2
3
2
1
4
1
4
6
0
2
1
1
3
1
1
4
10
5
3
3
4
3
1
4
3
0
4
1
3
5
2
3
3
2
4
4
1
2
4
3
5
3
4
9
1
4
7
2
6
4
3
4
4
7
2
3
6
3
6
3
1
6
4
1
3
0
4
5
3
5
8
4
9
1
5
6
3
4
2
2
3
4
3
2
3
3
2
3
4
3
3
2
0
0
0
2
6
4
1
3
6
3
4
3
3
2
5
5
5
6
3
1
2
2
3
4
2
5
1
3
2
8
1
4
0
3
6
5
1
2
5
5
3
0
0
1
1
6
6
5
6
1
2
4
0
5
3
1
0
1
3
5
3
0
4
4
8
4
5
4
1
3
3
6
4
7
2
3
2
2
3
1
8
0
5
3
3
2
4
4
3
7
7
4
6
3
2
5
8
5
2
2
2
1
6
2
5
1
2
4
3
3
7
3
1
3
1
1
0
4
2
5
5
1
2
3
0
7
4
5
3
3
1
2
4
2
2
7
3
1
1
1
5
3
3
6
1
1
5
2
1
3
6
8
4
0
5
2
3
3
3
7
0
2
3
2
3
1
5
2
6
2
7
0
7
3
6
5
3
2
1
5
1
5
7
6
2
2
2
2
1
2
0
1
7
4
1
2
3
1
5
3
3
4
4
3
1
1
8
2
4
3
3
2
2
4
2
5
4
1
1
2
3
1
3
1
2
3
6
4
2
1
4
6
3
0
1
2
2
4
2
6
1
3
5
7
3
4
2
3
7
5
5
2
3
1
2
3
1
4
2
4
1
2
5
1
3
4
4
3
1
6
2
1
2
3
4
3
5
6
2
4
6
2
2
4
3
0
4
4
3
2
3
3
3
1
5
3
3
1
1
1
4
7
3
1
5
2
1
2
2
2
6
4
2
4
5
2
3
3
3
2
3
4
3
1
3
1
0
3
3
3
6
1
3
1
5
3
5
2
4
3
2
2
3
0
2
2
3
3
3
2
6
3
3
2
4
1
3
8
2
3
2
4
4
8
1
9
4
1
4
3
2
1
4
1
1
2
3
3
0
0
4
4
3
4
1
3
2
2
0
3
0
4
2
3
2
5
5
5
3
5
2
4
2
4
4
1
1
3
9
5
1
3
3
3
5
2
1
3
3
3
1
5
5
3
2
3
1
3
2
3
2
4
3
2
4
2
1
1
5
1
2
0
0
5
3
2
3
1
2
4
4
2
0
5
0
6
2
3
0
3
0
0
3
5
2
4
3
4
1
1
2
5
4
3
3
4
5
4
5
3
5
2
3
3
4
1
2
3
3
6
3
1
1
4
2
2
1
5
3
3
1
3
4
3
2
2
4
1
3
3
1
4
4
1
1
3
2
1
4
5
1
2
2
4
1
3
2
3
5
4
2
4
5
3
5
2
3
3
6
1
3
3
0
4
1
2
6
2
5
2
5
2
7
4
4
1
4
2
0
2
2
4
5
3
3
2
2
4
3
4
4
3
2
2
1
2
2
3
3
6
1
1
5
6
5
7
0
8
4
3
5
2
3
5
2
4
2
4
4
4
4
2
2
2
3
4
5
2
4
2
1
0
2
4
4
3
3
2
3
3
1
3
3
2
7
3
0
6
5
2
6
1
3
4
4
4
4
4
7
1
5
3
2
3
1
9
2
2
4
6
2
2
2
2
3
2
1
0
1
6
0
4
4
4
5
1
5
5
3
4
3
2
0
3
3
5
1
6
2
2
7
4
2
1
2
1
1
2
3
3
5
1
1
4
6
2
4
5
3
5
3
5
0
3
2
2
3
4
3
0
0
2
2
3
5
1
4
4
4
4
2
2
1
1
3
3
3
5
3
2
4
5
1
0
3
0
4
2
4
2
6
2
2
2
3
0
4
1
6
7
3
5
0
4
3
2
3
1
0
3
0
2
1
3
5
2
5
3
3
5
1
2
2
2
6
3
1
3
2
6
1
3
5
2
2
4
6
2
3
6
3
1
3
3
0
3
2
0
2
4
1
4
4
3
2
3
4
1
4
5
1
1
0
3
1
3
3
6
5
1
4
4
2
4
4
1
3
0
3
2
4
4
2
6
3
5
3
2
1
1
1
0
3
1
3
1
4
2
4
1
0
5
0
1
1
4
2
4
1
2
1
3
7
4
2
1
2
3
3
2
2
7
3
1
7
4
2
2
6
3
3
6
5
5
2
4
3
3
4
6
4
5
5
4
2
2
6
1
3
3
2
4
0
3
3
5
2
1
3
3
2
2
2
4
1
3
5
3
0
2
3
2
1
1
3
2
1
2
2
3
3
5
3
0
2
6
3
2
1
4
6
4
2
2
1
2
5
2
4
4
2
6
4
1
3
0
5
2
4
2
8
3
2
3
1
7
6
2
5
3
8
3
1
3
2
1
0
3
3
4
3
2
4
3
5
3
0
3
3
5
2
3
2
4
5
3
2
4
1
2
2
4
1
5
2
4
1
2
5
1
2
6
4
3
4
3
6
4
2
5
0
3
3
3
3
4
5
1
3
0
0
2
3
2
5
1
4
1
3
2
2
0
2
5
3
4
5
2
3
5
2
2
4
2
2
1
4
4
5
1
2
3
2
4
1
0
3
2
1
6
2
5
4
3
6
3
4
3
4
5
4
3
4
1
0
3
4
3
1
1
4
0
3
1
0
1
3
4
3
6
1
4
3
3
2
5
2
2
2
3
6
4
3
2
3
2
3
4
5
2
3
4
0
2
2
2
4
4
4
0
2
6
0
4
2
2
3
1
3
2
3
3
7
7
3
0
0
4
3
3
1
3
5
3
5
2
3
3
1
3
2
2
5
2
1
2
3
2
1
1
2
6
3
1
4
3
4
2
3
2
3
1
4
2
1
1
7
4
0
3
6
2
3
1
2
3
0
2
2
3
3
3
5
2
3
4
3
1
4
4
2
2
0
3
1
0
3
6
3
3
3
4
3
2
2
2
1
2
6
1
3
2
0
1
7
1
1
4
3
2
1
2
6
1
5
3
2
3
3
5
5
4
4
2
3
1
2
1
2
3
2
3
1
3
3
0
1
2
4
3
1
3
1
4
6
2
2
6
1
2
7
6
4
4
0
2
4
2
1
7
2
4
1
6
4
3
2
2
3
8
8
4
1
3
2
3
147
163
204
177
184
173
184
220
183
219
205
193
183
206
231
184
180
192
229
232
205
220
242
219
156
237
238
225
262
285
245
241
279
259
306
294
303
330
339
354
369
350
367
383
365
364
380
389
397
424
450
427
436
425
501
446
535
496
506
536
582
563
562
577
612
606
693
654
674
674
731
766
788
797
757
823
855
859
923
948
970
985
1029
1064
1096
1083
1134
1234
1187
1280
1393
1418
1571
1648
1943
2156
2798
3589
5091
7614
11777
17671
27043
40417
57529
77914
101011
123893
143915
157519
163817
160916
150040
133175
113193
93104
74977
60065
48125
38837
32229
27870
24755
22539
21188
20131
19355
18671
