0
0
0
0
0
0
0
0
0
0
0
0
0
0
0
0
0
0
0
0
0
0
0
0
0
0
0
0
0
0
0
0
0
0
0
0
0
0
0
0
4
4
14
14
24
26
27
39
35
40
34
44
45
48
52
47
73
64
102
94
96
101
77
81
69
77
64
67
76
78
77
87
96
83
101
96
107
103
116
99
99
104
94
97
91
86
97
105
108
100
106
110
98
117
129
102
102
122
119
99
116
127
133
124
136
159
128
148
136
122
118
142
114
85
100
94
92
107
101
109
89
107
84
94
85
111
90
96
99
105
92
101
91
105
81
101
109
82
104
100
79
96
99
85
88
98
88
94
94
102
92
86
86
79
86
81
98
89
89
118
94
93
115
95
89
97
108
104
79
104
84
91
89
83
85
88
78
126
95
79
91
105
101
91
93
92
93
75
100
98
96
86
81
99
110
94
85
85
103
96
97
87
103
90
88
107
105
82
107
96
100
123
124
91
107
110
95
103
104
102
119
102
93
107
103
112
98
101
121
111
97
117
118
114
100
111
99
119
120
95
132
117
118
98
105
123
144
105
103
132
119
128
121
116
132
102
144
121
124
109
126
117
129
140
111
119
133
113
117
135
118
125
114
127
130
125
133
142
142
117
132
130
143
128
157
129
162
114
123
132
139
146
164
149
152
197
155
183
145
134
154
157
147
152
158
166
181
170
159
151
165
161
156
155
168
164
139
142
156
185
159
142
143
175
164
180
154
158
166
144
141
150
164
160
158
140
194
160
143
158
167
170
149
184
172
149
182
174
164
176
179
143
178
180
167
188
175
181
158
176
186
167
166
182
165
177
163
158
183
181
187
180
163
157
172
177
177
186
188
162
198
190
206
168
189
191
192
186
172
193
153
193
173
178
177
194
173
194
192
180
177
173
176
172
183
180
154
162
163
156
179
193
184
183
185
168
183
161
173
177
176
198
159
180
181
202
189
177
186
178
186
186
187
186
174
186
158
200
210
163
175
157
155
189
198
158
179
193
182
195
184
204
198
184
180
186
210
182
186
174
189
186
175
185
180
203
191
186
178
183
183
177
165
165
186
162
193
199
166
167
198
177
209
186
167
176
169
188
178
198
174
182
184
175
185
171
155
178
153
193
170
183
180
185
199
181
164
170
179
187
163
190
177
170
168
180
163
180
187
200
171
205
155
206
176
191
173
174
190
190
190
192
178
170
167
160
179
169
214
174
181
195
185
168
153
194
204
178
162
186
172
187
194
205
192
164
140
185
179
188
172
168
192
184
181
181
157
172
167
179
188
167
172
173
159
153
189
192
173
201
176
143
168
178
172
153
178
168
191
146
163
177
173
175
170
153
171
149
178
176
175
173
169
155
172
175
156
138
183
158
168
166
168
163
189
145
164
152
161
135
145
146
186
161
168
165
172
151
158
148
175
185
158
169
140
161
177
164
169
144
149
167
145
156
154
138
141
133
158
156
152
160
141
154
147
163
123
154
135
143
159
117
157
131
153
162
158
166
129
147
163
149
147
134
138
142
182
137
152
172
154
156
148
132
130
139
142
173
160
138
153
158
126
134
159
160
152
135
167
128
146
161
159
117
158
144
138
144
136
163
142
167
141
132
139
127
132
148
123
136
135
140
126
140
144
134
155
128
133
124
126
142
143
163
127
136
141
118
142
135
131
126
124
136
128
120
112
132
140
111
130
138
140
139
122
101
123
130
130
126
150
138
142
128
134
123
131
102
138
144
130
109
118
118
124
123
121
135
142
93
124
106
110
125
121
107
111
130
126
136
120
128
120
140
124
128
111
120
127
124
111
121
136
118
135
131
96
117
128
95
97
106
95
119
105
117
112
109
130
112
132
112
106
110
102
112
107
143
113
112
121
121
117
91
100
100
105
103
109
110
97
122
108
120
116
92
106
116
124
109
91
104
103
98
114
101
111
113
91
118
120
120
137
137
109
136
108
118
107
92
112
110
105
117
96
82
104
113
105
100
104
121
94
109
101
92
96
109
109
105
93
101
98
97
95
109
101
111
85
109
101
80
106
104
104
96
96
86
104
108
99
96
81
97
104
90
86
97
87
77
99
92
123
88
102
86
80
84
83
96
92
84
75
108
97
86
93
91
77
97
84
75
108
65
94
85
90
86
103
87
103
110
105
80
85
94
89
97
105
94
84
84
95
100
85
82
93
86
84
82
102
102
76
77
79
80
92
78
105
91
93
99
95
92
81
89
89
95
96
73
70
84
93
81
98
76
82
88
81
85
81
78
86
81
87
84
89
95
98
86
86
78
63
86
82
63
87
85
95
75
84
91
77
94
81
83
93
88
78
78
75
80
71
90
91
78
70
99
70
68
76
67
75
104
58
72
89
78
78
76
71
73
69
77
88
73
69
73
69
68
76
82
83
98
68
61
74
76
93
57
89
71
82
77
66
76
69
57
54
79
77
62
68
77
63
79
66
87
64
79
68
86
83
78
70
89
84
60
69
83
90
68
65
74
75
66
68
69
69
64
83
61
76
67
67
70
72
68
65
68
72
80
70
64
81
84
85
103
138
157
182
172
171
173
166
112
102
76
72
77
79
79
85
77
67
79
70
76
84
109
95
76
60
46
61
57
71
61
66
65
56
65
75
55
67
73
60
87
57
52
63
47
65
56
62
46
48
57
64
61
60
57
52
59
51
59
59
51
57
79
59
58
64
71
67
51
72
66
57
48
51
44
51
69
63
50
48
66
37
57
33
57
64
55
49
62
56
56
49
51
57
47
50
51
48
64
49
49
59
54
48
44
57
46
51
44
55
51
42
35
59
49
43
58
58
47
65
48
56
38
52
46
44
52
42
48
57
66
62
56
54
39
53
53
50
45
57
41
41
53
41
39
49
40
49
50
54
47
41
44
40
48
48
56
39
41
51
42
47
59
58
56
59
50
39
42
47
57
55
55
52
48
43
44
40
43
39
48
46
45
35
44
40
45
41
40
44
49
39
40
50
53
52
52
45
60
47
60
54
42
48
58
52
50
45
43
46
33
35
39
56
40
41
51
39
43
42
46
58
40
41
39
40
45
30
50
47
35
47
50
40
38
43
37
52
49
37
35
49
40
51
29
46
35
44
55
27
41
38
43
33
35
43
39
29
44
41
32
37
22
36
30
57
40
35
37
33
34
47
40
45
37
31
40
37
37
32
40
47
43
44
29
56
39
47
33
57
61
93
89
65
86
58
58
50
43
32
45
39
35
41
39
42
28
40
40
34
34
40
47
27
36
54
42
40
43
45
38
44
34
28
27
33
40
34
37
34
32
45
37
43
30
43
39
41
40
27
24
30
34
33
30
36
36
37
40
32
31
47
40
36
31
34
29
45
40
41
22
38
31
33
38
28
31
34
25
34
28
50
43
38
27
33
44
37
31
20
42
35
24
29
31
28
43
38
33
30
32
34
30
36
22
29
36
30
32
24
36
35
30
29
22
27
40
35
24
29
34
22
27
36
33
43
33
25
27
26
44
25
29
25
33
33
30
21
45
21
22
29
34
33
28
32
30
29
37
36
32
28
32
34
33
40
42
31
33
35
34
21
48
35
28
34
36
30
42
34
25
40
36
27
31
24
35
33
29
30
26
23
23
31
20
33
26
38
27
28
39
30
27
28
29
35
28
28
24
27
27
37
29
16
38
28
29
24
27
34
27
34
38
40
23
27
30
39
28
40
55
57
53
55
50
46
42
29
24
36
27
31
23
26
26
30
28
26
30
26
21
36
31
29
28
26
27
33
22
36
27
45
36
31
16
31
22
30
26
26
39
32
19
30
36
30
29
28
21
38
23
31
27
27
25
19
24
27
29
31
26
23
20
29
25
27
42
35
54
59
90
100
90
96
79
60
65
54
36
29
21
27
33
31
22
24
18
33
23
24
29
16
16
27
20
31
21
28
28
28
18
21
26
22
26
17
25
16
23
20
31
26
22
28
25
20
25
33
20
17
19
33
24
21
28
23
27
24
28
23
21
27
25
27
18
26
25
23
30
29
24
28
31
21
21
23
18
22
33
20
16
20
18
21
25
29
23
18
21
19
23
27
20
17
16
26
17
25
18
17
27
25
16
20
21
16
26
24
24
21
32
18
15
23
24
21
17
23
22
22
20
17
24
17
26
23
18
17
26
26
14
24
22
24
22
19
22
20
28
33
22
17
24
31
18
19
26
20
19
14
26
33
28
21
18
14
17
25
18
27
24
17
26
22
26
24
19
15
19
22
25
19
30
12
14
21
31
22
18
19
22
23
23
25
15
16
29
27
18
24
20
23
20
19
22
21
21
24
17
30
21
13
12
24
19
20
16
25
18
25
19
26
26
23
18
21
14
22
23
19
20
15
23
16
18
23
20
17
20
18
27
22
21
19
16
13
18
15
23
19
19
21
15
18
23
14
23
15
20
19
26
33
28
20
15
20
21
18
20
26
15
20
25
19
25
20
19
23
17
22
23
19
17
18
14
20
14
16
23
22
20
20
22
21
13
18
21
21
21
16
18
29
16
24
29
20
22
25
27
20
16
22
16
18
17
14
25
20
17
24
11
15
16
21
11
17
17
18
17
32
19
23
19
19
25
25
21
20
15
28
9
21
22
18
19
21
11
20
20
13
21
14
13
18
24
21
16
10
12
14
26
16
20
18
12
16
11
20
14
15
15
17
25
17
19
21
13
22
16
15
11
14
22
19
10
18
22
16
21
18
25
11
23
22
13
28
15
18
16
15
17
17
17
21
26
17
13
14
20
23
17
17
14
22
17
14
11
11
12
20
10
12
24
20
22
11
11
17
12
16
10
17
15
11
11
18
21
11
10
17
14
18
19
18
19
14
11
16
16
18
14
16
18
21
15
18
13
15
21
21
21
17
13
20
17
15
25
11
20
14
18
21
13
15
9
18
17
10
16
16
14
23
18
18
26
8
19
20
17
15
21
20
17
12
13
17
11
17
21
16
13
9
13
20
17
18
10
23
15
13
20
16
13
21
13
18
14
16
11
15
11
17
19
13
16
14
13
19
20
20
14
20
18
14
7
14
17
13
16
15
15
20
15
13
16
13
15
21
16
8
10
17
15
14
14
16
16
18
15
12
21
14
18
11
16
16
13
15
12
19
16
13
18
19
12
15
15
37
20
21
19
19
12
27
11
14
20
14
13
12
19
17
19
18
11
15
14
15
23
11
10
11
20
19
13
17
10
18
20
8
13
25
18
17
13
16
10
13
12
8
17
13
14
11
9
19
13
14
16
17
9
23
12
14
13
15
18
16
10
8
14
12
12
14
8
17
9
16
18
17
17
16
15
8
16
14
15
11
19
17
12
17
10
14
15
15
22
15
14
14
17
16
14
16
10
14
8
10
19
12
18
23
10
16
11
10
10
17
15
16
13
16
6
15
14
11
17
12
10
17
15
12
9
19
9
21
12
16
11
12
22
11
17
11
20
13
19
13
19
8
13
14
15
11
8
12
16
13
14
10
9
8
11
10
11
14
11
19
18
14
13
13
18
7
12
11
14
11
12
15
25
12
14
6
16
13
14
12
13
6
9
9
8
14
8
17
17
13
12
14
7
12
11
13
19
9
16
19
17
13
14
13
11
21
11
15
5
13
5
12
13
14
20
14
10
12
15
11
11
20
14
11
14
11
17
11
10
9
12
13
14
14
18
19
24
16
19
25
18
22
33
40
41
35
29
33
23
26
15
12
17
15
11
17
15
13
10
16
6
9
6
24
14
7
16
13
13
15
10
9
8
11
11
12
19
11
12
12
11
9
11
13
11
14
7
15
14
10
14
13
17
10
11
10
18
8
11
10
15
16
9
9
21
16
15
13
15
18
15
17
9
12
8
19
16
12
11
22
16
14
16
8
17
13
13
14
9
17
6
7
6
13
10
17
15
14
15
13
14
8
15
21
10
11
13
17
12
6
12
11
14
14
14
5
8
11
11
6
11
9
12
6
13
6
13
17
13
15
11
15
11
12
13
24
16
9
11
11
14
5
12
12
11
10
8
11
9
10
11
11
11
9
14
16
11
9
12
10
15
4
10
8
12
12
12
12
18
10
18
14
17
17
13
12
7
6
13
15
10
16
8
14
8
11
10
11
16
7
10
7
8
15
16
18
11
6
16
12
10
12
12
10
9
13
10
5
10
15
13
10
11
16
15
8
7
13
6
12
5
11
10
14
14
13
11
14
13
5
10
12
14
10
9
7
9
16
14
13
7
11
8
15
17
10
6
14
8
11
9
11
12
7
12
15
8
6
11
13
16
14
13
13
14
13
13
14
7
10
11
17
12
8
8
9
8
15
7
16
11
13
14
8
12
13
10
11
7
3
11
14
8
14
12
10
10
7
12
14
18
15
9
13
7
10
8
21
8
15
12
14
19
12
8
9
16
15
11
8
8
10
11
15
16
14
9
7
12
6
11
11
9
9
15
10
13
13
11
10
10
11
19
12
10
9
8
11
12
15
12
8
13
14
13
17
7
17
13
14
4
13
11
11
9
11
12
12
14
26
37
49
63
62
55
54
51
36
23
21
17
9
14
8
6
6
6
12
7
7
6
13
11
21
7
11
10
5
12
8
12
16
7
9
14
6
7
14
11
12
9
9
12
12
9
10
10
9
8
6
10
19
19
7
18
9
11
12
7
8
10
11
12
10
12
13
13
12
15
11
7
4
16
8
15
9
7
11
8
9
6
13
7
11
10
6
7
11
9
12
6
9
9
14
8
11
10
17
8
6
6
11
12
9
6
13
8
4
14
7
9
6
9
11
12
8
3
7
15
7
7
15
10
4
10
15
13
12
8
18
25
22
36
44
55
66
63
71
53
47
31
28
32
12
15
9
6
13
5
8
9
5
7
9
11
6
10
8
12
6
13
7
8
1
15
10
7
11
5
13
11
7
10
15
14
8
7
7
7
13
12
12
11
8
12
9
7
5
11
3
6
4
13
9
11
6
8
9
9
10
8
9
7
6
11
6
8
9
8
11
12
9
10
10
6
7
6
12
14
10
5
14
9
7
9
8
9
10
11
4
11
7
11
12
4
2
11
11
8
9
10
8
10
4
9
8
8
6
6
8
7
13
5
5
6
10
13
8
11
12
11
8
13
8
5
13
13
11
12
7
5
5
13
14
7
12
4
9
11
6
13
6
4
8
8
5
5
6
6
9
10
9
5
9
7
8
8
4
9
14
7
6
13
10
5
10
9
11
10
5
10
13
10
13
9
7
11
15
8
10
5
5
6
7
9
4
5
7
7
10
6
7
10
8
8
6
10
8
7
7
4
4
6
9
5
9
4
11
10
7
10
8
14
9
9
5
4
12
13
6
7
5
8
11
11
11
8
9
6
5
14
10
9
8
4
6
11
5
6
4
7
8
8
11
6
8
12
7
10
15
6
7
4
5
12
6
9
8
8
11
6
11
11
8
13
12
8
5
9
6
11
8
8
7
14
11
7
10
12
11
10
11
10
11
12
16
9
16
12
8
7
10
11
5
6
7
7
13
6
5
7
10
3
10
11
7
10
8
10
13
4
7
10
11
6
7
6
7
7
4
10
9
8
10
6
7
7
9
14
9
5
10
3
10
4
10
7
10
10
9
9
6
11
7
6
12
3
8
4
10
9
10
3
10
9
5
7
8
8
6
8
9
11
10
6
10
5
8
7
2
17
7
4
6
8
7
8
4
6
11
5
6
14
10
10
7
12
8
11
8
12
4
4
8
7
10
5
6
10
6
3
13
8
9
6
3
9
9
8
15
4
6
7
8
8
8
12
7
9
5
8
3
7
8
8
7
6
9
8
9
3
9
5
6
8
9
10
5
4
7
5
8
9
6
6
8
10
8
4
12
14
4
8
9
9
7
3
3
8
6
11
7
8
2
4
8
8
8
8
11
7
2
8
11
5
8
10
8
7
8
8
7
1
3
8
10
10
5
8
10
4
6
4
5
3
8
3
8
5
7
13
7
5
9
6
5
11
7
5
6
8
10
12
6
5
11
7
6
8
7
7
4
4
7
9
7
9
6
0
6
7
14
5
7
8
2
11
6
11
8
9
8
7
9
10
14
6
9
10
10
10
11
7
13
5
8
6
6
3
10
8
9
10
4
7
3
9
9
6
11
4
8
6
6
9
7
5
6
10
6
5
5
11
4
5
4
12
11
4
8
4
10
13
7
17
15
14
21
14
14
13
21
7
9
11
4
2
5
11
4
5
9
4
6
3
6
7
5
7
7
6
5
6
8
9
6
7
7
9
7
13
10
7
4
6
6
9
7
6
6
4
6
9
6
9
10
3
7
4
9
12
9
5
3
9
8
12
4
5
8
7
7
7
8
6
10
5
3
10
5
4
12
7
9
6
10
7
8
6
9
9
5
9
8
5
9
9
3
9
13
9
7
4
8
7
6
5
4
12
7
8
4
6
10
7
11
6
4
5
3
2
7
5
7
7
4
5
11
5
10
8
8
3
6
11
7
3
10
9
8
5
12
10
9
3
13
5
7
2
8
6
6
7
7
6
4
6
9
4
3
8
8
7
7
7
7
10
8
5
6
9
9
3
5
7
2
3
11
2
10
5
4
4
1
3
5
10
5
5
13
9
8
8
9
11
11
7
7
8
5
6
7
5
11
3
4
7
7
8
5
5
15
6
6
10
8
12
8
10
15
12
9
9
11
6
12
2
5
4
5
3
11
6
5
14
11
5
7
7
8
7
6
7
5
6
8
2
8
7
5
6
6
8
2
9
7
7
9
8
7
11
9
2
4
4
7
10
13
6
6
6
6
4
8
2
4
6
4
8
11
7
4
8
9
8
5
7
5
8
7
5
4
7
6
3
5
6
2
6
10
6
12
7
8
8
15
9
7
6
7
12
7
7
1
6
4
6
7
4
5
5
9
6
8
10
4
15
5
9
8
9
5
10
3
8
5
6
7
6
5
8
8
1
3
9
8
6
8
10
14
6
13
13
11
9
14
10
4
4
8
10
6
10
9
7
8
4
6
4
5
5
4
6
1
3
2
3
4
5
5
9
7
2
3
6
7
4
5
4
12
6
8
6
8
5
7
6
9
8
12
5
5
6
12
8
14
4
15
8
2
8
4
4
7
11
7
5
4
4
4
4
5
3
4
4
8
10
7
5
5
2
3
6
2
4
6
6
7
5
7
4
10
6
6
7
6
7
5
8
5
0
2
4
7
6
5
1
3
4
4
1
4
5
5
10
8
8
0
5
6
8
2
6
7
5
5
8
8
6
7
7
5
8
5
3
7
4
5
6
6
8
6
6
4
6
6
6
8
7
3
1
7
5
3
7
6
11
3
5
7
5
5
8
6
6
3
9
4
11
7
6
3
8
4
7
10
11
9
5
3
8
4
7
4
5
9
11
6
5
8
5
7
9
6
7
4
7
5
8
5
8
7
4
7
1
6
8
8
3
5
5
7
6
4
5
8
6
7
6
7
3
11
4
6
5
5
8
4
4
10
6
14
9
11
10
10
3
8
5
3
4
6
8
8
5
5
3
5
3
6
4
9
5
7
8
6
9
7
7
6
4
6
5
7
3
9
8
6
6
9
7
11
5
3
1
5
9
4
5
8
13
9
5
10
5
3
4
2
6
4
8
3
5
4
8
0
10
4
7
3
4
1
5
3
4
7
2
4
5
9
3
5
7
8
7
10
6
5
8
9
5
10
3
4
3
8
2
6
11
4
3
7
4
9
14
10
10
16
10
9
11
7
7
7
10
8
3
5
6
2
2
6
6
1
8
6
6
6
7
6
2
6
3
4
1
5
5
9
8
4
2
7
7
3
11
3
9
2
3
5
3
8
2
1
7
5
5
9
4
7
5
7
8
5
4
8
4
7
4
5
9
6
2
6
4
6
6
8
4
4
2
7
5
7
1
1
5
2
9
8
5
5
4
4
1
4
8
1
7
2
4
5
7
7
4
6
3
5
10
4
5
8
4
6
6
7
8
2
1
2
8
5
4
5
1
5
7
11
3
3
3
4
2
6
4
4
5
2
5
10
4
5
9
6
4
5
10
8
4
3
7
5
4
2
7
5
4
4
4
4
7
9
4
8
1
3
9
7
9
3
3
12
11
2
3
6
4
6
5
9
2
9
6
4
3
6
4
10
6
4
7
3
3
9
6
7
4
5
5
2
7
4
6
8
2
6
1
2
6
9
7
7
5
4
3
6
7
9
6
6
4
6
4
7
6
5
6
5
6
8
3
1
5
3
4
5
5
5
1
5
9
5
7
4
3
4
8
3
5
5
5
7
2
3
4
5
6
11
9
10
19
20
33
41
34
35
38
31
30
28
12
11
10
5
3
5
6
9
10
6
9
4
9
1
6
5
6
3
6
3
5
5
2
6
5
5
2
2
5
2
8
6
6
6
4
0
7
4
4
4
6
3
5
5
5
4
3
10
7
6
8
8
5
6
4
5
3
9
10
7
5
9
6
3
4
7
9
8
2
6
8
8
5
6
2
5
8
8
8
10
9
4
5
8
8
5
2
4
4
5
7
1
3
5
4
5
3
5
3
8
3
6
4
4
4
5
4
7
3
8
9
7
4
5
6
5
3
6
8
4
6
6
6
7
3
4
3
5
7
4
6
6
5
3
2
6
4
4
2
7
2
3
2
1
3
3
8
7
10
2
2
1
1
3
7
5
2
5
6
6
3
4
9
5
3
2
5
7
8
9
3
5
7
5
4
3
5
6
5
11
4
4
8
4
6
6
8
7
2
6
8
6
6
12
4
5
5
6
2
7
8
5
9
5
10
6
5
8
3
3
8
10
8
4
4
4
5
4
4
3
6
7
7
3
5
5
6
4
10
9
9
4
6
3
4
7
6
3
4
5
6
4
3
8
1
5
4
4
5
2
5
1
3
5
8
4
6
5
5
4
6
5
8
5
6
8
12
10
10
8
6
9
6
5
8
6
5
6
5
8
6
6
10
4
13
21
22
18
23
19
25
21
14
25
14
9
5
4
6
4
2
3
6
6
4
3
5
6
5
2
4
3
1
3
7
7
4
3
3
3
8
3
5
4
5
1
2
5
3
5
6
7
2
2
5
5
3
5
5
5
7
3
0
7
5
5
2
4
7
0
6
11
5
1
4
2
2
4
7
5
4
2
4
4
3
5
6
5
4
5
4
6
4
3
4
7
8
6
2
4
5
4
6
4
3
5
3
7
12
6
4
9
7
5
7
2
4
6
2
4
6
3
7
4
5
5
5
1
2
8
5
2
6
5
6
1
4
1
4
7
5
5
0
6
4
2
4
1
5
4
4
6
1
4
2
7
4
1
3
4
7
1
1
9
8
3
5
6
5
7
7
8
7
5
7
4
5
3
3
4
2
4
5
6
5
6
2
3
4
5
6
6
3
0
5
6
4
4
6
3
6
5
7
4
3
10
2
4
6
5
5
4
2
1
7
2
1
6
4
4
6
3
7
4
2
10
3
3
4
5
4
7
5
3
8
3
4
2
5
8
3
4
3
5
6
5
4
9
4
4
3
6
5
3
3
5
4
3
7
4
8
4
4
3
6
2
7
2
6
6
4
6
4
3
7
2
3
6
4
3
3
8
5
4
7
3
2
3
8
1
5
2
5
7
5
6
3
4
4
2
6
3
7
4
5
3
0
0
6
7
6
1
4
3
7
5
3
6
2
3
0
5
5
7
5
7
2
3
0
5
3
4
4
4
2
6
5
4
8
4
5
4
7
8
5
4
7
1
2
2
5
2
4
2
5
7
3
5
4
2
1
2
5
3
4
10
3
9
6
6
5
3
6
4
6
7
2
5
6
4
3
5
3
4
6
2
8
3
3
3
8
3
5
7
3
3
3
7
3
5
4
4
2
5
2
1
3
3
2
1
2
2
1
4
6
5
6
2
7
4
11
1
4
3
4
4
3
6
2
2
4
6
6
7
7
2
1
2
8
1
4
5
3
6
2
4
3
8
1
5
7
1
3
4
1
5
3
4
2
1
6
5
6
5
10
3
3
5
3
4
3
5
7
2
4
1
6
5
4
2
1
3
3
5
2
3
5
6
5
4
5
8
5
4
5
8
2
2
3
3
4
6
5
4
9
2
4
7
4
4
10
5
1
2
5
7
6
3
3
6
3
1
3
4
6
4
5
3
10
8
3
5
5
6
7
8
6
2
1
7
2
4
3
8
4
2
9
6
2
7
6
3
3
7
2
4
7
3
4
6
8
4
6
6
4
1
5
5
3
4
5
4
4
8
4
9
2
7
3
6
8
3
4
4
2
1
5
5
1
7
4
5
3
6
7
6
2
5
5
5
4
3
1
4
7
5
3
3
5
6
5
9
4
1
4
8
1
5
5
4
8
5
3
7
5
3
3
6
5
5
5
8
5
8
5
4
4
4
6
6
4
5
7
3
0
11
4
5
1
5
4
2
4
6
7
6
5
2
0
6
1
5
9
7
1
3
5
7
6
5
5
8
0
6
8
4
5
2
3
3
7
1
3
3
5
5
7
7
1
8
5
1
2
5
4
6
3
3
5
3
2
8
3
2
3
3
6
8
3
3
3
5
5
5
6
7
3
6
6
3
2
3
7
9
3
2
1
4
2
4
6
7
2
7
0
4
6
4
3
2
4
1
4
3
6
3
6
4
5
5
8
1
9
5
1
5
3
4
1
2
4
9
3
3
8
7
3
3
6
12
6
4
5
10
9
20
20
18
18
22
18
11
11
10
7
11
6
7
0
5
2
8
10
4
2
5
4
7
2
5
6
5
5
4
6
5
3
1
6
3
4
5
5
4
3
3
5
5
1
2
3
4
7
1
4
3
2
2
8
1
5
4
8
2
5
5
2
11
6
4
5
3
3
8
5
3
1
2
4
3
5
4
7
3
6
5
3
5
2
3
1
2
6
4
3
5
3
6
2
7
3
3
9
4
2
8
4
5
2
4
5
6
3
6
3
5
4
6
5
6
2
13
0
5
8
3
6
4
2
7
5
0
6
7
7
9
6
4
6
3
4
6
4
3
5
4
4
4
5
3
6
7
2
2
8
3
3
4
12
7
5
2
7
4
1
5
7
1
2
4
1
2
3
6
2
6
5
4
11
2
4
6
5
2
4
7
2
9
7
6
2
10
3
4
1
3
2
0
6
6
5
2
3
7
6
3
4
2
8
1
5
1
5
5
6
5
5
2
4
10
1
5
5
3
5
2
2
3
4
4
1
2
2
3
5
4
4
7
4
3
6
6
2
5
5
6
3
4
6
3
9
8
4
4
2
4
4
1
5
1
4
3
4
6
3
7
6
5
8
6
5
3
4
3
10
7
5
12
9
10
10
7
8
8
6
9
8
10
4
3
2
5
2
0
3
8
2
6
1
2
5
1
5
1
3
6
2
8
2
2
2
5
5
7
2
8
6
7
2
0
8
5
7
2
2
4
6
5
3
5
6
4
4
4
3
6
2
9
1
5
6
6
6
2
2
2
6
6
2
3
3
5
5
3
3
7
2
8
7
6
5
6
2
3
3
2
8
5
3
5
3
3
6
5
4
5
6
4
5
5
6
3
3
5
7
9
4
6
5
4
6
7
7
9
6
2
8
10
3
0
6
4
4
4
3
6
2
4
6
2
8
3
4
0
3
1
7
9
5
3
3
1
4
3
3
9
8
6
2
5
6
8
2
5
2
8
5
5
4
3
5
1
3
4
3
4
5
3
7
5
3
4
7
3
5
5
3
2
6
5
5
5
4
2
3
6
3
4
3
3
11
8
4
7
6
5
6
2
1
6
2
7
4
8
2
5
9
2
6
2
4
4
3
2
5
5
6
7
5
7
4
6
2
2
3
6
4
3
6
3
2
6
6
1
9
2
6
6
3
7
5
3
4
3
2
4
5
2
3
5
5
0
5
4
7
3
4
3
7
2
6
5
3
8
9
3
5
0
7
2
4
2
3
3
6
2
4
6
5
4
8
6
7
5
6
3
4
4
3
5
8
7
2
7
3
4
5
1
7
7
6
4
6
4
4
3
7
4
7
8
2
5
4
7
2
0
5
7
5
7
8
4
4
9
8
13
8
10
9
8
8
11
10
13
10
2
7
4
4
6
3
6
3
3
2
3
4
1
2
3
4
3
6
0
7
5
5
6
4
7
7
3
3
2
1
11
5
5
8
4
6
4
0
4
5
6
3
5
5
8
2
4
5
3
2
3
7
6
4
3
3
4
1
4
7
2
1
1
6
4
3
5
4
3
2
5
4
4
3
2
4
4
5
2
1
1
5
4
1
2
2
5
1
8
3
2
7
3
3
5
6
2
2
3
2
5
3
6
5
2
5
6
3
3
3
2
2
2
3
3
2
1
4
3
4
2
1
1
3
3
3
0
1
6
2
4
2
4
0
2
2
0
3
2
2
3
6
4
3
2
5
3
1
5
2
7
3
2
3
5
5
2
0
2
4
2
4
1
6
1
3
5
2
2
5
4
4
4
5
2
7
4
6
5
7
3
9
3
2
3
4
0
2
3
5
4
3
3
1
6
1
2
0
1
7
4
2
3
1
2
1
2
3
3
3
7
6
3
6
2
1
1
2
2
2
3
2
1
3
1
0
2
3
4
2
3
3
3
3
1
4
4
7
2
1
6
2
1
3
1
3
3
4
1
1
2
3
4
1
3
2
3
5
1
2
3
3
2
3
2
2
2
3
4
1
3
1
5
1
5
6
2
3
2
2
3
1
0
3
6
1
3
3
3
3
4
4
3
2
3
4
5
4
1
4
2
4
5
3
4
1
3
4
2
1
7
1
3
3
4
1
4
1
0
5
2
0
3
2
2
5
0
5
3
2
3
3
5
4
1
3
3
4
2
3
0
3
1
1
4
0
4
2
0
5
5
0
1
4
5
1
1
1
4
3
2
1
3
5
2
4
2
5
6
0
2
5
3
2
3
4
2
5
1
0
5
0
4
3
3
2
3
2
5
0
3
2
1
1
5
3
3
2
2
3
3
3
2
2
4
2
2
2
3
3
4
1
2
2
3
2
1
3
1
1
1
3
4
2
1
2
1
2
2
3
3
3
3
1
2
0
1
2
3
1
2
3
4
3
3
4
2
5
2
2
1
2
5
3
2
1
0
1
2
0
4
1
2
3
1
2
1
4
5
4
8
13
12
9
8
4
10
6
7
6
5
7
0
2
4
3
1
0
2
5
3
3
1
3
4
0
2
1
0
5
4
0
2
2
4
1
5
3
2
2
4
3
1
1
4
1
2
3
2
2
4
3
3
4
0
1
2
1
0
3
2
2
3
0
2
4
2
1
2
3
2
0
2
1
6
0
1
6
0
3
2
1
0
2
3
2
2
1
3
2
2
1
2
1
2
4
2
1
1
2
1
0
1
1
1
2
4
3
3
1
0
1
0
2
2
1
1
1
2
2
4
1
4
2
2
1
2
2
0
2
0
1
1
3
4
2
1
1
4
4
2
2
1
3
1
0
0
1
1
0
3
4
2
0
2
0
0
1
3
1
1
1
0
1
1
1
1
1
1
1
1
4
0
1
2
0
1
1
1
3
0
2
0
0
3
2
3
1
2
1
0
2
2
0
1
1
2
3
3
3
2
1
0
1
0
2
3
2
2
3
4
4
1
1
1
4
2
2
3
1
1
0
2
3
3
2
2
2
0
4
3
7
7
8
9
7
2
3
2
2
2
1
4
4
1
2
2
0
0
2
3
3
0
1
0
3
0
4
1
0
1
0
2
2
4
7
0
3
4
1
1
0
0
2
0
3
3
2
1
3
1
2
3
2
3
2
1
3
1
2
3
0
1
4
1
2
2
5
1
0
3
1
1
0
0
2
1
3
5
3
2
3
0
3
3
1
1
3
3
2
2
5
1
0
1
2
4
3
1
2
3
1
0
1
1
0
1
1
2
1
2
0
0
1
1
2
3
3
3
3
1
1
4
5
1
1
2
2
1
6
0
3
1
3
3
0
5
7
2
1
1
1
1
0
0
1
1
1
1
1
1
2
2
4
1
4
3
4
4
3
3
0
2
3
1
1
1
1
1
1
1
1
1
0
1
3
0
2
0
2
4
0
0
0
0
1
2
6
3
3
1
2
1
1
1
1
2
4
0
1
0
0
2
2
2
4
2
0
0
5
3
1
1
2
1
1
2
3
1
2
0
2
2
1
0
1
2
0
1
1
1
1
1
2
3
3
2
1
2
2
2
2
1
1
0
2
5
3
3
1
2
2
4
0
2
0
0
0
3
1
1
2
4
1
1
3
3
2
2
1
0
2
1
0
2
0
3
2
1
3
1
2
1
0
2
4
2
0
1
4
2
2
1
2
3
1
3
4
3
4
0
2
2
1
3
3
1
1
4
2
3
0
2
1
2
1
1
2
1
0
0
4
1
1
3
2
1
2
0
0
3
1
0
3
3
2
1
2
6
2
0
0
0
0
1
2
0
0
2
2
2
1
1
0
3
1
2
1
1
1
1
2
1
3
1
1
1
0
1
3
2
3
0
0
2
1
2
3
2
0
2
2
2
3
2
0
1
3
3
2
0
2
1
2
2
2
0
1
1
2
1
2
3
0
4
1
2
3
2
1
5
7
4
10
10
22
23
35
63
72
95
72
142
137
145
129
117
108
84
72
46
26
18
13
13
8
3
6
1
1
0
1
0
2
3
1
0
0
0
1
1
1
1
1
0
2
1
1
1
1
1
0
3
2
4
0
2
1
2
3
4
3
6
4
4
4
2
2
2
2
1
0
1
1
1
4
1
2
1
3
1
0
1
1
1
1
1
1
3
1
2
2
0
1
0
0
0
0
0
3
1
1
0
2
0
1
1
1
2
0
2
2
1
1
0
3
0
2
1
1
1
0
0
2
0
1
1
1
2
0
2
0
0
0
2
1
0
1
0
2
1
1
3
4
0
1
1
1
2
1
1
1
1
0
1
1
0
1
0
1
1
3
1
0
1
1
1
1
1
1
0
0
1
1
0
0
0
0
0
0
1
1
1
3
3
2
3
2
2
1
3
3
1
3
0
1
3
4
1
0
0
1
0
2
2
0
1
1
1
0
0
1
2
0
1
1
1
0
4
2
0
2
2
3
3
1
0
2
0
4
0
0
0
1
2
1
1
1
2
1
2
1
1
0
1
3
1
2
1
1
2
0
1
0
4
1
3
1
0
2
1
1
3
5
1
1
1
2
1
0
1
1
3
0
2
2
1
2
1
1
1
2
2
0
1
1
1
2
0
1
0
0
0
2
1
0
0
1
1
0
1
1
0
1
1
1
1
0
0
0
2
1
2
3
2
1
0
0
0
1
1
2
1
1
0
2
2
2
2
1
0
1
0
1
1
1
1
3
0
0
0
2
0
0
1
0
2
1
3
0
0
1
0
2
3
1
1
0
0
1
1
1
0
1
3
1
1
1
1
2
1
1
0
1
0
2
0
3
0
1
1
2
1
1
1
0
1
0
1
0
1
3
0
1
0
2
0
0
0
0
1
1
0
1
2
1
2
2
2
1
0
1
2
0
0
1
0
1
1
2
1
1
1
0
0
1
0
0
1
0
0
2
0
0
0
1
1
1
0
0
1
2
1
1
0
1
2
0
0
1
1
0
0
3
1
1
1
1
0
1
0
0
0
0
0
0
0
0
0
1
0
1
0
1
2
0
1
0
0
1
3
0
0
0
0
0
1
0
2
1
0
0
1
1
1
1
0
1
0
0
5
1
0
0
0
1
0
1
1
1
0
1
0
0
0
2
1
0
2
1
0
0
1
2
2
1
1
1
2
1
0
0
1
1
1
2
0
1
0
0
0
1
0
0
3
3
0
0
1
0
0
0
2
0
0
1
0
0
1
0
1
0
1
2
1
0
0
1
1
0
0
1
2
0
0
1
2
0
0
2
1
1
0
1
1
0
1
1
0
0
1
0
1
1
1
0
0
0
4
0
1
0
1
0
0
1
1
0
2
2
0
1
0
0
0
1
0
1
0
2
1
0
1
0
2
1
1
5
0
1
0
2
2
1
1
0
0
2
1
2
1
2
2
1
0
0
0
1
1
1
0
1
1
0
0
0
6
0
3
4
5
4
3
0
2
0
2
2
0
1
1
0
2
3
1
2
1
1
4
8
4
6
3
5
3
6
0
1
3
1
1
1
1
2
1
2
1
1
0
0
0
2
3
1
0
1
0
0
1
0
2
1
2
4
0
2
1
1
0
1
0
2
1
1
25
34
29
32
30
26
40
28
26
30
20
18
32
26
35
27
32
23
30
23
22
29
24
24
31
29
25
33
28
23
34
26
26
21
33
27
26
26
23
26
28
32
27
31
33
25
26
37
31
24
35
31
26
28
28
22
17
31
26
30
27
24
25
17
27
34
12
30
27
24
30
29
25
28
24
31
30
34
25
31
28
25
24
28
30
34
21
32
29
19
24
33
30
28
27
32
23
27
19
27
25
26
20
24
23
32
34
18
22
18
22
30
22
21
29
28
16
30
22
25
27
29
19
19
23
27
30
9
