13
9
17
8
12
16
18
18
14
20
19
16
24
16
20
21
17
14
21
21
18
7
26
11
14
16
18
14
25
11
19
25
10
19
13
15
16
11
13
14
14
20
12
13
9
15
7
16
7
20
16
12
17
14
8
13
16
45
114
334
554
782
934
950
988
991
1043
1035
1148
1165
1266
1296
1320
1334
1277
1146
1007
915
732
629
579
574
535
549
494
475
489
499
476
503
476
477
512
498
517
535
564
530
542
510
486
510
530
518
538
499
570
495
525
491
505
532
488
532
502
530
524
494
529
496
483
524
517
519
514
541
552
506
532
496
489
529
536
527
528
498
517
514
528
493
482
499
509
535
509
515
520
502
493
494
526
507
499
528
545
502
510
512
527
514
536
530
521
510
524
533
515
540
574
521
523
550
536
556
571
520
535
532
530
539
511
541
539
568
548
533
510
546
544
599
520
563
606
561
574
537
531
580
580
559
511
570
546
573
572
608
556
580
570
595
539
577
578
565
588
601
578
566
593
599
587
570
581
581
608
576
611
590
631
624
609
634
639
572
621
625
584
637
608
607
603
621
619
624
606
637
628
642
604
642
643
630
649
630
654
622
608
602
641
653
623
648
645
636
663
637
605
636
614
691
632
613
640
653
680
655
656
634
666
678
623
671
644
657
729
721
608
667
655
663
640
636
652
696
729
704
654
660
715
677
662
671
680
736
677
671
700
655
726
703
657
670
672
680
679
713
733
692
753
744
699
689
676
706
711
743
671
685
686
691
728
734
702
720
747
671
683
729
720
747
665
685
698
721
702
761
753
664
707
689
738
735
736
732
739
706
715
757
681
733
732
710
681
700
673
747
745
725
723
735
694
722
693
679
679
752
714
701
741
733
695
735
719
710
716
725
714
729
740
755
715
704
666
696
703
728
726
723
729
804
741
736
718
753
711
735
746
758
694
745
697
726
748
746
745
731
751
730
741
773
688
682
767
758
777
727
714
734
774
747
728
707
776
742
762
732
724
722
760
754
724
754
715
729
732
764
729
715
715
738
729
760
727
749
761
732
784
733
769
764
717
774
783
742
770
786
788
741
760
730
808
716
727
795
769
743
722
785
805
739
733
750
755
767
780
739
759
671
786
739
767
742
723
757
737
788
786
775
754
753
745
785
731
738
753
789
775
759
735
760
801
800
725
744
743
761
715
731
771
731
760
744
735
713
772
754
765
751
764
776
721
745
763
734
744
783
726
752
736
814
830
810
750
746
795
768
707
774
723
816
778
795
744
785
738
724
808
716
757
718
722
740
787
773
697
741
751
748
773
759
776
749
769
775
768
755
781
789
754
724
729
722
751
779
788
796
781
791
736
728
718
704
742
780
747
746
804
760
738
740
762
761
769
742
694
769
744
747
721
785
743
762
753
758
714
710
805
752
765
747
742
759
736
790
769
734
733
800
755
766
800
682
757
703
750
766
689
747
754
705
737
706
766
751
780
778
736
773
772
757
781
749
740
749
779
799
774
718
791
767
749
769
807
791
811
793
774
772
808
774
800
766
763
796
767
751
755
733
781
785
730
773
823
801
782
796
746
774
799
817
764
794
760
797
768
828
741
812
815
851
824
817
803
800
828
818
844
823
828
784
822
782
801
823
836
760
796
803
858
829
851
825
864
882
824
847
857
904
872
882
815
857
899
823
871
932
866
856
828
895
866
862
864
880
902
885
860
918
866
909
890
908
941
921
901
938
920
897
970
942
971
952
903
927
859
906
938
958
899
911
944
930
930
938
943
965
951
932
929
847
851
926
980
941
943
947
941
898
921
886
938
921
971
938
977
948
918
943
942
935
929
942
909
983
950
955
957
931
961
923
925
948
913
926
918
960
913
936
918
968
919
918
987
931
899
922
912
988
896
978
942
957
896
886
840
939
963
897
944
950
913
908
916
908
926
850
900
923
910
875
915
929
885
901
892
934
941
897
888
876
910
885
969
871
910
902
905
842
884
890
874
905
847
922
838
877
886
818
835
894
867
884
867
869
863
872
911
801
914
837
844
847
913
891
808
855
895
921
872
912
839
823
900
847
837
864
835
850
900
831
854
853
846
907
842
828
836
875
845
821
796
827
847
858
823
849
857
803
868
841
834
829
836
858
824
831
829
811
827
815
852
789
822
796
810
822
823
823
808
841
808
799
834
825
783
843
840
814
818
836
789
786
801
833
767
800
813
869
780
784
802
815
820
776
859
842
811
786
848
798
831
831
790
738
811
793
794
774
806
773
814
819
839
799
782
772
787
784
742
777
768
791
771
800
814
822
824
772
805
760
769
780
780
812
735
738
765
740
746
779
805
746
775
751
750
786
771
768
754
764
755
751
726
784
712
768
766
742
690
793
746
708
792
745
762
783
772
741
777
783
764
685
716
708
711
738
746
744
739
715
740
704
743
743
730
681
772
726
724
716
755
714
752
722
746
703
759
718
704
713
724
723
685
718
710
681
705
735
743
663
768
743
723
699
687
747
722
657
697
717
694
736
748
705
732
684
731
713
742
618
707
688
699
728
689
714
713
727
655
702
715
724
709
731
682
662
678
694
696
690
694
676
672
713
682
689
715
719
713
710
687
692
642
610
676
698
664
683
649
699
631
666
683
677
691
678
680
655
707
683
645
635
644
639
637
688
707
672
614
684
693
600
694
688
668
652
685
669
658
674
686
672
626
640
659
665
649
607
597
668
640
632
623
640
677
658
644
649
620
658
622
663
630
650
611
659
624
627
628
644
673
650
668
631
593
668
671
657
665
610
644
628
669
672
698
670
638
630
630
649
640
659
630
662
677
614
614
630
639
662
656
673
664
620
655
646
635
625
624
585
638
617
632
645
614
631
667
603
603
612
667
629
675
643
649
635
615
655
633
625
632
599
637
683
620
633
659
620
727
634
663
648
635
663
666
634
579
640
652
600
624
653
639
652
637
630
672
670
630
627
633
675
629
611
607
597
648
637
616
649
620
594
669
602
697
634
596
631
635
616
670
670
599
626
651
635
609
599
619
626
628
636
659
641
625
671
643
593
633
721
605
583
663
647
636
653
652
639
662
665
585
625
615
592
673
604
604
627
655
629
576
609
610
638
604
631
602
608
677
602
640
606
630
588
634
620
647
610
671
645
637
609
594
609
620
582
643
664
634
609
638
596
615
614
575
656
602
619
591
641
600
601
614
620
600
619
590
559
585
602
645
581
589
589
615
626
619
606
604
591
592
564
563
606
571
620
559
586
603
567
574
567
592
589
572
596
621
568
601
575
598
547
590
551
592
552
541
565
545
535
570
565
546
534
525
569
573
600
553
587
528
573
533
584
555
525
563
543
547
518
596
570
541
550
519
497
489
498
511
531
509
533
513
517
466
533
523
484
523
481
501
480
492
487
485
490
476
482
478
467
520
469
503
519
486
469
481
497
477
496
484
476
436
502
447
522
463
456
454
461
429
441
480
450
498
432
474
439
437
429
433
436
411
446
429
467
434
457
403
415
424
419
432
389
385
412
423
445
411
437
415
416
410
424
430
392
418
422
391
403
385
406
400
401
398
402
372
365
368
375
409
384
356
421
372
380
398
382
408
409
393
346
362
376
380
370
383
363
344
395
326
327
369
341
381
378
333
346
353
331
325
327
346
349
373
340
352
380
342
320
361
350
353
371
347
344
329
337
351
336
312
344
310
318
336
344
320
323
325
352
298
372
344
344
324
340
306
310
335
311
314
354
328
288
312
322
325
347
289
334
279
323
340
336
293
301
310
309
330
326
312
309
301
330
334
305
306
313
304
297
294
347
295
314
353
308
306
323
297
326
278
300
290
273
325
323
317
334
270
278
305
307
303
270
318
294
283
243
271
301
285
318
295
297
290
292
282
281
299
269
270
250
289
290
274
270
284
267
285
261
295
309
268
278
301
290
318
273
253
292
296
276
279
282
255
261
292
282
271
262
281
271
304
258
281
265
267
263
241
271
283
276
274
288
272
300
262
249
246
283
287
252
239
272
244
289
277
249
275
297
302
287
255
259
246
264
276
258
267
260
247
243
281
291
247
268
245
252
275
270
235
247
303
277
260
241
226
244
243
271
263
253
262
249
270
244
260
264
262
268
278
249
253
248
244
248
256
239
256
255
253
235
246
260
266
272
270
263
237
254
223
265
224
224
260
262
252
238
253
240
224
245
246
237
247
220
261
242
271
254
223
251
207
254
258
229
248
245
270
221
254
221
247
288
246
235
248
216
232
266
242
224
255
274
220
262
250
255
242
227
240
250
237
233
257
239
248
254
232
247
247
214
238
233
240
255
238
235
225
238
232
269
250
234
246
256
256
250
260
196
259
228
262
240
241
221
220
251
243
239
233
247
230
248
240
249
252
241
227
231
261
223
251
239
240
267
228
242
244
241
251
225
255
230
240
253
235
240
234
216
236
245
227
237
251
231
246
220
238
246
231
242
215
242
254
226
248
271
220
228
216
247
220
238
242
248
255
262
245
236
256
245
240
248
253
234
229
227
234
231
248
249
227
240
281
228
236
230
262
231
221
234
265
235
259
204
231
252
230
230
216
229
227
253
255
247
226
235
237
234
252
253
263
256
226
257
258
284
248
235
265
256
261
268
230
229
290
274
218
235
243
265
255
265
274
277
262
249
275
243
290
268
278
249
242
282
289
310
271
269
272
266
301
273
273
308
276
299
311
270
307
257
329
319
317
284
304
333
310
344
343
327
342
335
299
326
349
331
297
337
360
377
361
353
347
355
376
362
385
376
372
382
394
376
449
383
421
416
409
436
415
426
431
457
463
457
465
476
484
441
448
471
481
494
529
498
504
528
559
548
554
598
598
548
579
549
621
620
640
568
672
645
692
664
683
673
683
688
752
746
722
736
746
807
776
764
815
796
806
824
861
878
832
832
917
932
878
929
918
979
960
971
975
1045
1024
1052
1058
1118
1059
1105
1104
1141
1166
1180
1170
1199
1198
1194
1241
1268
1287
1296
1367
1362
1374
1339
1367
1302
1442
1395
1474
1499
1486
1444
1554
1565
1514
1541
1569
1598
1632
1608
1680
1614
1721
1747
1787
1732
1771
1740
1783
1851
1877
1826
1852
1914
2008
1965
1993
2104
2008
1941
2088
2037
2050
2054
2083
2063
2177
2260
2270
2317
2170
2306
2325
2320
2233
2376
2328
2411
2441
2492
2471
2438
2489
2426
2491
2602
2467
2611
2648
2606
2680
2598
2685
2694
2725
2748
2724
2924
2770
2926
2858
2808
2794
2855
2899
2952
2905
2883
2918
2975
3008
2912
2983
3027
2987
3081
3003
3178
3146
3114
3169
3242
3043
3182
3141
3130
3243
3256
3432
3218
3299
3312
3279
3296
3262
3337
3353
3374
3393
3399
3492
3434
3404
3395
3413
3402
3510
3404
3454
3571
3475
3484
3472
3382
3444
3510
3555
3495
3518
3539
3366
3536
3546
3530
3562
3484
3583
3583
3528
3476
3524
3519
3538
3615
3504
3547
3472
3528
3500
3454
3492
3530
3568
3413
3534
3503
3411
3424
3454
3471
3369
3412
3361
3382
3376
3351
3339
3354
3246
3270
3347
3295
3281
3346
3210
3173
3239
3253
3232
3278
3158
3082
3191
3209
3049
3198
3113
3129
3138
3091
3104
3069
3085
3020
3123
3015
2877
3020
2977
3029
2912
2883
2845
2852
2850
2763
2795
2735
2746
2628
2688
2740
2667
2659
2654
2610
2606
2582
2536
2530
2545
2387
2505
2438
2368
2463
2372
2415
2459
2371
2362
2221
2291
2304
2187
2287
2209
2108
2165
2129
2081
2062
2117
1959
2069
2027
1967
1893
1874
1875
1872
1932
1948
1856
1820
1812
1768
1715
1689
1708
1744
1692
1594
1570
1629
1551
1574
1525
1608
1482
1503
1446
1535
1412
1376
1431
1373
1355
1326
1390
1385
1284
1276
1233
1273
1269
1263
1187
1098
1143
1167
1128
1073
1130
1061
1090
1079
1083
1044
1046
966
1033
990
945
886
919
919
908
856
887
884
825
831
759
817
762
734
769
787
729
722
707
712
694
701
664
702
650
664
671
654
601
590
619
656
603
598
517
575
557
547
580
575
519
541
514
491
493
480
537
468
488
443
437
452
467
436
393
418
413
392
387
371
396
396
382
378
372
373
363
377
379
323
353
333
357
317
347
302
329
325
305
306
294
278
284
287
285
281
269
308
276
254
276
272
249
283
237
245
247
237
248
245
244
251
234
236
253
239
227
223
212
231
218
214
185
213
197
193
237
201
197
200
185
225
176
173
183
206
234
175
196
192
184
174
176
191
181
178
168
189
176
170
168
176
141
183
184
157
170
174
166
180
175
147
158
176
161
168
178
174
136
157
162
189
160
159
129
161
150
163
155
167
164
150
165
144
135
138
120
166
149
141
161
153
132
135
138
140
114
138
131
126
133
126
121
132
143
127
140
143
128
130
121
111
136
141
128
132
122
127
129
142
148
142
131
121
124
109
130
132
122
123
137
135
135
114
130
137
114
125
133
131
138
119
122
120
102
114
137
121
135
128
126
118
124
128
127
103
125
113
133
130
121
112
110
107
104
127
112
131
124
131
112
120
151
113
128
126
123
123
109
121
103
116
114
99
131
112
132
105
119
111
119
118
132
110
107
118
113
121
105
122
110
108
117
110
115
103
123
115
109
101
113
130
108
133
102
109
115
113
118
107
118
131
129
107
102
96
120
116
106
117
102
128
92
113
96
121
141
96
112
125
112
124
115
119
100
105
113
113
111
115
109
108
104
151
102
111
113
110
116
89
112
111
123
101
107
119
98
111
106
90
110
94
98
112
125
107
127
120
116
105
120
110
113
112
109
110
119
116
114
123
103
118
114
120
122
113
110
110
129
96
111
113
110
96
123
114
111
104
102
118
93
135
102
115
105
118
101
117
114
127
113
127
111
125
113
113
121
115
98
116
106
122
127
119
120
127
106
113
100
108
105
89
135
103
97
119
104
114
125
96
105
112
107
124
114
109
125
109
110
95
129
118
108
101
118
112
117
96
104
102
114
126
122
111
120
120
128
120
112
124
95
103
122
108
114
106
101
121
122
90
107
124
90
101
108
112
98
105
119
124
130
107
109
120
108
106
110
115
130
102
97
121
108
122
122
98
114
84
101
117
108
123
114
119
110
111
91
108
126
116
94
102
117
99
113
98
125
105
123
111
114
101
119
111
110
113
126
118
129
110
105
125
98
137
105
100
117
106
116
96
112
111
92
125
104
110
93
122
117
111
116
110
107
127
116
116
117
108
100
121
104
113
112
117
100
112
123
112
140
125
116
125
115
108
103
124
141
107
96
119
134
131
100
118
114
99
119
105
113
131
112
113
121
109
127
108
98
127
123
99
103
104
103
105
103
125
108
126
104
95
112
113
125
115
105
122
125
111
120
103
111
106
99
115
109
107
112
118
113
110
106
112
99
111
126
98
129
118
95
89
109
116
128
100
100
128
114
106
125
121
131
117
102
102
124
96
122
110
106
119
111
117
97
116
121
111
129
108
102
104
123
125
127
108
112
121
125
114
100
133
124
103
118
118
124
113
104
109
137
117
108
121
125
110
123
121
118
132
130
106
128
130
101
93
108
97
109
126
136
112
108
121
110
105
120
129
104
110
101
114
95
126
113
111
109
133
131
97
103
107
125
115
94
101
135
116
123
93
131
101
127
109
139
127
115
130
112
127
109
107
99
119
114
101
115
111
119
129
109
95
121
112
111
119
111
97
97
108
105
117
123
95
140
103
125
93
108
104
111
104
120
88
118
109
111
124
112
105
99
114
113
93
122
94
118
126
120
99
117
116
118
93
110
109
127
100
111
103
113
93
104
98
138
100
107
111
129
106
103
115
103
101
126
119
109
128
106
102
115
120
93
107
116
120
113
117
106
134
99
120
132
113
110
102
107
101
122
129
94
108
105
123
119
115
123
104
118
125
104
115
120
115
127
89
106
103
102
105
112
106
114
115
108
116
108
124
125
87
96
105
125
118
122
101
117
110
119
132
114
102
101
125
109
94
91
105
119
111
115
127
123
118
108
117
103
113
111
104
101
114
104
118
130
104
123
110
102
107
102
114
95
112
96
119
99
106
111
109
117
121
122
103
117
114
111
132
110
122
112
110
103
138
108
112
107
107
89
126
91
105
123
134
102
135
97
112
102
102
113
122
110
120
119
102
106
102
101
111
111
117
107
110
93
101
112
118
143
92
97
110
110
81
110
110
110
92
111
117
115
103
116
104
113
106
113
116
111
115
118
100
117
110
109
110
117
110
105
96
126
85
104
131
124
107
102
100
109
105
113
115
131
112
106
112
99
98
117
108
126
102
114
121
102
122
116
124
104
92
107
101
100
108
113
122
102
135
119
98
107
95
113
102
121
116
128
102
125
109
111
121
125
129
114
106
116
114
117
98
125
116
86
126
112
111
115
119
106
108
96
103
125
112
111
115
89
108
106
105
109
97
102
111
117
112
121
103
105
126
112
107
105
107
119
108
115
109
128
127
112
120
106
103
100
101
116
109
110
108
113
123
92
106
113
105
121
117
130
114
109
113
120
113
131
74
118
101
114
125
113
119
98
121
112
112
104
103
123
108
113
101
124
119
113
124
112
114
106
127
108
117
123
116
113
104
116
102
131
112
101
103
94
116
100
101
108
108
106
113
101
110
133
120
111
116
125
114
120
128
105
119
93
131
113
112
106
122
95
118
123
99
131
117
96
114
116
137
123
107
120
117
119
107
90
122
95
114
105
107
120
99
87
126
116
100
95
129
101
79
106
99
98
112
113
90
101
112
108
111
115
130
113
112
116
121
107
122
108
89
101
117
122
108
90
94
102
111
113
115
116
94
116
109
112
102
90
107
115
112
129
115
135
107
119
111
130
123
98
121
106
113
120
113
99
104
98
115
114
98
126
114
120
96
104
126
110
109
101
114
110
120
121
118
94
115
99
106
107
119
105
110
110
112
106
106
119
82
100
99
117
108
119
110
109
120
106
131
102
109
112
119
106
122
101
110
97
110
130
96
103
96
105
107
107
119
122
98
109
111
99
115
104
118
130
112
131
106
93
108
104
100
129
96
98
108
104
99
128
103
102
130
107
115
110
118
129
123
116
125
133
113
100
106
117
102
115
106
93
128
127
112
114
123
114
116
118
116
109
108
97
129
111
102
115
118
118
131
121
107
100
102
117
122
97
99
106
118
117
97
111
127
114
101
121
113
118
104
124
109
107
96
87
126
105
101
101
126
125
117
113
114
115
117
120
105
95
106
106
118
100
114
102
114
111
121
101
99
105
131
124
126
117
107
127
101
105
108
92
99
123
106
108
100
128
112
132
109
117
106
109
118
128
133
104
123
122
108
116
113
118
109
117
108
119
104
114
96
116
88
102
113
117
109
102
114
97
108
131
109
129
106
111
119
123
106
109
127
117
100
96
124
118
99
118
112
104
111
117
127
111
105
126
105
114
108
107
123
127
112
144
115
125
113
125
117
98
111
117
100
101
107
138
115
107
101
134
98
115
114
99
111
123
131
100
107
117
100
120
115
106
116
124
122
102
129
129
128
110
109
105
104
114
104
111
108
125
93
115
120
109
115
100
112
120
102
118
110
109
109
96
139
107
94
130
115
116
112
109
123
117
100
117
132
107
113
109
112
118
106
102
118
120
121
121
133
119
136
102
124
125
116
114
120
125
115
116
117
109
110
93
107
129
110
134
120
94
106
126
103
125
114
120
109
117
132
118
115
92
138
118
130
132
136
124
123
110
108
98
121
103
107
120
109
107
112
109
109
128
119
131
132
125
111
102
109
120
109
98
113
101
106
112
100
137
126
114
129
108
141
126
113
121
131
124
142
117
108
142
111
121
125
131
131
104
125
122
133
106
116
110
128
126
104
125
117
132
134
104
123
126
112
137
113
103
99
130
113
120
126
119
131
130
128
122
120
130
129
124
106
126
117
115
133
122
112
125
121
115
118
116
96
109
122
111
137
126
117
129
112
113
127
121
130
131
112
115
117
100
122
126
117
125
122
127
118
113
127
125
114
137
99
130
117
99
108
131
111
135
109
142
115
123
112
126
117
122
116
127
119
106
137
116
131
119
120
129
126
120
118
138
116
123
116
137
113
121
121
133
104
142
109
141
126
113
138
122
128
114
123
141
109
139
122
139
113
128
124
134
146
119
137
123
112
134
118
133
117
129
113
118
134
105
126
112
128
115
122
136
134
119
128
120
120
129
126
121
103
163
134
110
118
129
146
128
124
124
115
110
127
143
133
114
148
145
136
123
118
103
127
130
100
127
133
108
128
131
130
134
134
131
125
126
129
124
119
129
120
140
135
118
128
130
119
148
146
126
119
128
128
157
125
125
121
128
129
126
102
121
131
119
142
129
137
136
138
127
132
113
113
117
121
138
130
132
139
116
140
128
129
116
135
117
123
118
139
136
125
118
134
150
124
118
125
128
129
115
124
133
126
122
139
121
123
113
134
127
106
109
129
129
137
124
146
110
116
144
114
105
123
122
140
116
120
132
130
125
128
149
139
121
112
139
145
116
126
113
122
127
133
133
125
127
127
120
130
133
108
123
115
118
123
115
126
130
117
119
121
106
101
121
105
121
140
123
108
123
126
128
118
132
112
136
110
124
117
109
130
119
134
129
112
118
118
120
99
136
115
124
126
111
132
105
124
137
127
117
118
97
105
130
107
132
141
117
121
120
130
141
135
102
118
118
127
98
118
112
116
129
114
115
106
104
119
137
123
111
117
114
95
113
122
119
108
137
105
116
114
125
107
119
95
110
119
111
133
108
116
90
119
108
110
129
115
102
110
122
110
105
115
99
78
121
105
103
85
91
94
107
99
101
106
108
101
110
117
95
107
112
123
109
111
101
114
90
97
93
103
110
98
109
123
102
106
100
97
105
86
84
100
98
90
109
103
109
102
114
111
100
103
105
96
89
85
81
112
100
102
101
96
84
108
85
92
102
107
84
75
92
121
97
79
108
95
88
102
100
95
88
101
77
77
91
97
112
90
95
88
107
99
80
85
97
107
76
84
99
111
79
80
84
99
94
103
114
95
85
92
89
82
77
99
85
97
95
89
88
99
93
70
92
78
91
96
77
80
89
93
82
98
105
84
84
79
85
84
79
66
74
94
85
93
86
86
69
84
70
83
71
79
82
73
91
66
93
74
82
79
80
80
73
86
82
83
83
75
75
59
70
76
76
59
92
97
63
74
64
88
91
69
93
55
77
80
74
79
76
64
80
64
67
70
62
71
71
59
54
64
76
64
71
69
60
67
85
74
73
71
72
63
70
77
66
82
49
63
61
74
49
57
81
85
60
50
50
53
65
47
50
66
79
66
72
72
58
79
40
74
58
53
62
75
61
77
71
71
56
63
56
62
57
60
51
53
52
63
67
53
60
62
64
53
56
58
67
56
67
59
57
43
71
66
62
50
63
55
49
72
56
60
57
65
59
58
50
56
61
66
53
57
57
56
62
52
40
42
55
49
58
48
49
46
50
52
60
50
44
56
60
55
53
54
51
45
60
64
56
44
68
52
45
54
53
47
58
37
48
54
50
53
47
52
42
42
58
46
32
47
49
52
58
52
47
48
48
48
46
53
57
52
40
55
46
45
39
40
43
43
41
47
40
53
53
56
57
37
55
49
48
57
47
52
43
41
52
42
50
52
42
55
49
50
46
50
59
44
52
54
56
49
49
44
55
39
39
52
40
52
42
44
39
41
52
41
45
48
42
48
46
46
46
39
40
48
38
35
47
27
46
32
52
33
29
46
40
43
42
50
39
43
39
40
38
44
38
34
33
50
36
43
40
32
42
45
36
42
35
38
45
39
31
44
47
45
35
44
40
46
25
42
40
48
48
41
27
35
30
42
58
34
34
33
53
51
30
37
41
26
45
41
37
33
40
41
36
39
37
40
31
39
44
42
34
33
42
49
46
36
38
31
40
34
56
26
31
37
37
42
34
30
41
30
39
33
38
29
31
34
43
31
40
36
47
34
28
33
31
27
21
35
28
35
27
35
35
41
42
27
34
35
43
45
49
25
33
29
32
41
31
29
23
31
29
39
45
30
41
42
38
25
29
30
29
36
33
30
29
28
29
46
33
37
40
38
49
26
34
20
38
43
26
42
26
36
36
26
31
44
35
28
28
43
37
52
37
39
26
35
41
38
34
43
53
44
41
34
36
32
37
30
43
36
42
37
42
37
35
44
31
44
30
33
39
28
26
40
44
48
38
32
49
49
41
29
39
31
49
54
52
40
42
44
34
34
43
45
46
48
47
49
44
40
48
39
40
45
41
37
35
45
54
45
51
48
40
40
31
47
38
66
31
45
40
43
47
53
51
49
55
45
54
37
45
50
58
67
51
51
48
64
51
63
57
55
47
47
73
52
51
51
51
58
65
50
59
49
65
64
47
55
67
62
56
72
65
60
62
53
60
61
57
63
58
50
64
68
52
62
66
64
71
69
73
76
70
80
69
68
73
88
59
66
86
81
68
85
83
67
62
68
85
71
69
86
95
96
82
69
93
75
87
93
69
92
73
101
98
88
99
84
84
90
95
101
98
101
101
98
110
96
88
92
102
90
103
110
104
116
102
106
111
112
111
94
137
121
122
119
127
124
100
110
116
112
125
130
112
133
146
135
115
126
150
107
143
120
147
141
146
128
154
146
135
126
131
145
151
138
136
164
128
151
152
166
147
139
149
168
170
162
152
156
162
163
182
167
165
168
161
158
156
171
181
180
191
173
196
187
179
191
192
160
176
184
174
189
197
230
187
194
183
184
177
199
209
193
194
223
180
190
208
201
199
194
218
211
208
196
201
225
193
219
189
205
222
229
204
222
222
256
232
200
247
235
228
227
224
216
248
227
226
250
242
223
245
263
247
245
277
246
212
256
278
241
250
268
254
267
246
253
236
277
269
286
273
277
260
246
286
295
259
285
305
268
299
273
258
285
280
276
246
284
320
279
286
291
319
297
311
270
312
323
305
296
307
317
304
309
298
345
279
307
307
307
306
305
349
303
315
308
317
332
340
347
317
336
322
337
364
352
329
363
349
331
310
344
353
325
349
326
368
369
344
341
387
355
343
338
358
365
328
351
331
365
371
373
362
377
359
385
372
349
322
363
392
352
352
356
359
367
371
354
366
361
399
397
384
378
379
375
374
410
412
410
401
429
386
406
424
419
385
378
369
373
394
406
421
405
430
392
399
408
433
382
428
401
404
380
383
415
420
409
418
348
407
445
408
435
414
393
405
416
379
419
406
432
432
433
411
443
416
417
434
420
436
438
453
449
403
429
431
422
434
461
422
394
405
453
408
450
444
436
436
417
428
445
448
429
402
426
423
443
405
437
447
433
402
478
403
435
436
425
461
448
458
465
434
429
421
455
424
452
418
398
449
438
441
448
426
458
449
438
434
434
424
482
435
437
444
489
414
455
439
438
445
400
376
437
445
411
427
431
439
452
451
438
448
441
428
433
387
455
430
473
433
412
401
447
410
398
444
458
422
405
401
418
395
411
440
421
398
396
440
410
405
450
388
413
425
442
377
387
450
422
414
401
388
378
412
413
383
383
407
400
393
405
390
407
401
392
393
380
372
415
407
372
351
381
372
358
418
379
366
406
389
346
383
347
347
347
365
361
373
374
354
370
349
341
350
384
359
358
356
367
364
356
331
321
339
350
377
350
360
373
338
347
327
363
318
341
343
312
336
342
310
322
346
365
314
314
316
299
322
310
312
301
317
298
298
333
305
295
299
316
327
298
312
340
279
259
298
275
290
303
288
272
326
252
276
271
308
256
250
300
257
264
258
281
244
272
232
301
258
245
242
232
275
244
263
229
273
247
247
257
251
248
241
229
267
223
222
222
244
224
233
218
235
239
219
231
220
222
187
217
227
212
184
204
219
228
228
196
226
171
175
207
216
208
199
189
190
206
196
184
175
167
191
222
176
172
181
185
177
183
165
174
185
161
159
167
192
180
171
136
160
150
155
146
166
161
159
158
149
156
153
141
152
156
134
132
135
168
134
137
156
128
116
133
130
137
124
134
146
123
123
121
133
132
114
134
147
125
105
130
133
109
133
128
121
117
113
118
116
143
130
115
118
104
107
109
119
105
111
111
116
97
93
112
110
107
103
83
100
103
84
94
93
104
83
106
109
86
98
88
104
80
91
81
95
90
101
86
87
80
91
96
76
77
88
92
94
79
81
88
79
91
65
75
77
82
60
72
83
67
74
75
92
86
75
55
69
69
81
52
60
61
52
76
69
67
76
58
83
68
69
70
79
67
64
65
55
81
67
63
80
48
64
49
69
67
64
51
54
57
68
65
55
62
47
51
75
49
64
47
55
64
57
55
63
55
47
58
56
50
52
52
52
45
55
45
48
42
47
51
53
49
46
52
52
50
55
57
48
46
46
40
42
51
44
52
35
40
46
56
51
53
46
46
50
45
42
43
46
39
47
45
47
33
43
45
37
49
40
26
45
37
50
41
41
48
35
31
48
40
26
37
39
48
42
35
44
33
37
44
37
27
42
28
35
31
37
42
35
41
43
41
42
29
39
31
40
22
36
35
31
35
31
30
29
37
33
41
47
41
28
37
26
35
32
29
36
30
36
33
37
15
34
33
37
39
31
39
21
24
41
41
48
29
31
27
30
35
38
36
31
32
32
38
23
27
34
26
23
27
27
33
32
34
33
33
28
24
37
24
32
33
37
36
34
31
35
29
31
30
31
23
23
27
28
19
40
28
25
32
28
43
38
31
26
15
33
29
29
20
28
30
31
24
32
35
29
27
32
38
19
26
25
32
33
20
33
36
20
36
25
23
28
27
23
19
33
35
40
25
21
24
33
29
33
19
21
16
19
22
29
30
33
20
23
30
27
23
24
19
20
24
25
31
25
27
30
26
33
26
25
16
29
29
36
22
25
28
26
25
29
21
34
37
26
18
36
25
33
28
25
21
33
26
25
18
26
23
28
21
31
23
25
29
21
27
24
24
23
23
30
31
33
25
22
31
29
15
30
16
28
22
28
19
23
25
30
23
19
32
20
24
25
31
34
18
24
22
34
18
25
25
21
28
25
34
25
26
18
35
16
30
16
18
13
30
27
29
22
26
21
19
28
23
15
21
24
23
27
27
21
22
23
25
21
28
27
23
33
18
17
22
28
18
23
18
28
21
20
22
21
23
25
18
26
25
15
13
26
30
28
22
32
20
24
21
23
21
29
31
21
23
22
22
29
22
28
22
27
13
23
29
21
19
17
20
19
39
20
19
28
25
18
32
15
24
18
34
34
22
29
25
31
29
17
16
29
19
24
20
27
24
25
19
20
16
17
31
23
18
23
16
17
27
20
18
22
24
26
25
24
21
18
19
19
20
25
19
21
23
20
19
23
31
34
22
27
17
26
30
20
28
15
23
28
21
21
16
19
23
32
21
19
15
21
19
16
24
26
17
20
27
31
25
19
26
17
13
25
19
26
22
17
20
21
14
30
22
16
25
18
14
29
23
13
19
17
15
27
23
24
16
11
25
21
24
24
17
21
18
15
24
17
26
34
21
11
19
23
21
15
23
23
32
17
17
29
18
25
24
13
21
17
21
30
19
20
21
26
23
19
18
16
30
21
19
21
22
23
21
24
26
18
23
22
31
28
22
28
25
21
22
22
12
17
17
13
21
18
15
16
21
18
24
21
24
23
18
18
16
22
17
17
19
22
20
20
17
26
20
18
16
17
23
11
19
18
20
20
24
12
12
17
21
21
29
19
13
14
24
14
21
17
15
15
20
26
18
23
25
16
20
16
17
23
20
21
24
17
18
19
13
13
19
8
14
21
14
24
19
16
15
19
23
19
16
12
16
20
15
16
20
22
17
20
18
16
17
15
22
19
27
20
12
13
13
19
17
18
17
18
20
13
21
20
19
13
18
24
16
18
28
17
19
15
16
18
15
24
14
18
10
24
24
17
18
23
19
18
18
18
17
15
16
9
16
19
25
15
14
11
12
14
13
17
19
15
16
19
13
13
12
15
19
24
13
17
16
17
20
16
19
12
16
19
18
15
12
16
15
22
12
9
13
23
10
14
18
19
21
16
14
12
11
13
9
18
15
18
22
11
16
10
19
19
17
10
18
17
19
17
17
17
12
11
19
14
19
11
17
16
25
16
12
21
16
21
11
12
14
17
15
19
18
14
18
18
22
16
11
17
24
18
19
13
11
16
19
17
8
11
25
12
8
15
19
18
19
9
13
17
18
10
13
17
16
10
15
11
9
16
10
12
16
8
15
15
15
17
16
11
15
12
15
9
15
10
13
17
13
14
3
11
12
17
13
10
22
15
12
12
17
11
11
19
15
14
5
19
15
20
13
11
10
18
11
14
19
19
10
12
11
9
10
6
10
14
19
14
13
12
20
15
16
19
14
21
13
23
11
10
14
15
13
14
8
17
11
10
23
15
16
12
13
13
17
17
7
16
12
10
13
14
10
9
17
11
17
8
19
11
13
13
20
20
10
13
11
8
11
12
13
13
12
14
12
11
12
10
16
15
11
11
18
12
13
7
10
15
7
8
14
21
11
10
9
18
8
14
17
11
8
7
9
10
6
10
10
10
12
9
19
15
14
10
11
9
13
15
10
10
7
8
17
6
12
13
11
15
14
16
12
10
12
15
10
9
7
9
10
10
19
12
12
12
13
11
11
14
13
6
12
18
13
9
5
14
11
9
9
9
16
12
18
8
12
12
6
10
13
7
9
6
10
10
13
13
11
11
10
15
6
10
11
14
13
9
16
13
7
7
9
3
11
12
11
12
6
11
11
15
9
7
9
14
11
9
9
12
9
11
7
5
9
8
8
7
9
5
7
10
14
8
8
10
15
9
10
14
9
12
8
3
12
8
9
6
8
4
8
14
3
7
12
8
6
8
11
11
7
10
6
6
9
7
6
8
9
11
3
12
5
11
7
6
13
10
8
7
7
8
9
6
11
6
9
13
9
12
7
9
11
9
7
6
10
7
6
8
9
4
7
10
7
6
10
6
7
3
9
6
7
10
9
5
8
7
8
8
7
6
5
10
4
9
9
9
9
6
3
9
11
10
9
6
9
6
8
6
10
9
7
5
6
8
8
7
7
13
11
13
8
8
6
6
5
6
6
5
11
2
14
7
5
7
6
7
2
16
5
4
7
14
7
8
3
6
9
4
4
7
3
9
9
7
6
10
4
5
10
6
9
5
6
7
8
8
5
10
3
8
7
7
8
7
7
7
7
7
6
6
4
8
7
3
5
6
13
3
6
5
6
5
5
5
7
0
7
7
9
7
4
5
5
6
8
2
6
6
8
3
9
11
6
5
8
6
5
8
7
7
4
5
3
1
7
4
7
1
5
7
8
9
5
9
10
9
6
6
9
6
2
12
9
4
9
9
9
3
9
6
3
4
5
7
5
3
6
6
3
10
4
4
6
3
12
9
6
6
5
5
8
11
9
9
9
6
7
5
5
4
6
12
8
5
4
4
0
10
8
5
11
7
3
4
2
4
4
10
5
7
7
5
5
3
4
8
7
5
9
7
6
9
5
6
3
5
6
11
9
10
6
9
7
4
7
4
12
14
3
10
8
6
9
6
1
4
7
1
5
4
7
10
6
9
9
6
8
9
7
10
6
7
8
2
8
4
7
6
7
10
3
4
5
8
10
9
9
10
10
10
7
5
8
6
7
5
6
7
7
3
4
8
7
14
10
12
6
6
7
4
9
3
5
9
7
7
8
8
9
11
9
5
6
4
8
11
8
3
12
6
8
10
7
4
8
5
8
7
8
9
7
10
6
9
8
7
10
8
7
14
9
10
13
2
11
8
7
9
16
15
11
11
10
9
5
8
4
7
14
5
15
10
12
12
18
8
12
6
12
8
11
9
8
6
11
16
6
18
11
5
12
9
11
8
10
15
11
7
8
11
10
7
12
7
12
6
10
7
9
10
7
9
10
9
10
4
13
9
15
9
16
7
16
11
4
10
15
10
12
13
18
13
11
9
23
11
9
15
10
10
11
11
15
7
17
10
17
10
15
15
7
10
13
9
9
8
11
17
12
14
6
11
15
16
8
16
11
16
12
19
17
10
7
10
12
10
16
10
16
13
13
26
10
15
17
10
4
9
13
15
11
12
12
15
17
13
16
14
18
11
17
19
12
14
14
15
16
9
16
17
13
15
15
12
13
13
11
17
16
16
11
19
11
13
14
14
16
8
16
18
12
18
13
24
19
11
17
13
11
21
19
11
14
14
20
19
20
25
13
22
13
16
16
13
12
13
15
7
13
19
21
8
17
22
21
11
15
19
14
14
19
18
19
17
23
16
19
14
11
19
16
12
16
16
17
15
14
19
19
18
17
17
19
19
16
20
17
17
15
16
15
9
22
22
15
17
12
16
17
17
18
14
18
22
19
21
17
11
11
16
18
12
15
18
17
26
17
19
14
17
22
13
25
13
15
15
13
22
21
23
18
17
15
22
11
16
9
20
17
18
17
19
16
13
16
13
110
104
112
112
123
112
113
102
108
102
107
104
101
122
131
131
106
106
101
96
107
106
104
108
105
114
86
111
111
92
101
87
116
104
99
88
101
103
110
109
107
115
103
115
99
122
102
85
89
103
101
92
102
95
95
86
87
103
94
92
81
99
92
88
76
91
81
95
82
98
101
83
95
103
99
101
85
67
88
78
96
84
87
97
70
76
84
79
80
72
79
80
88
87
85
69
68
75
78
80
68
88
72
73
84
76
79
73
75
68
71
95
82
93
84
91
64
85
58
64
67
72
80
86
93
79
70
41
