0
0
0
0
0
0
0
0
0
0
0
0
0
0
0
0
0
0
0
0
0
0
0
0
0
0
0
0
0
0
0
0
0
0
0
0
0
0
0
0
0
1
0
1
0
1
2
0
3
3
1
1
2
3
2
1
2
4
3
5
0
1
4
0
5
3
2
3
2
6
5
9
5
8
8
9
6
7
16
14
10
23
23
23
35
32
38
45
65
60
106
94
107
166
123
187
215
240
301
354
463
503
583
710
848
1007
1251
1312
1169
844
714
598
425
177
89
76
97
98
138
114
156
169
158
206
232
273
257
282
324
322
400
345
376
406
437
365
380
366
324
245
234
191
178
169
140
150
162
182
216
224
220
267
291
291
338
326
339
339
338
286
259
251
234
191
177
167
195
220
227
255
256
272
276
309
302
301
260
260
241
235
218
197
182
209
238
251
258
281
291
270
308
274
257
265
210
225
218
209
231
232
261
215
318
304
275
265
261
256
233
237
200
210
245
216
227
240
270
260
273
277
272
238
256
250
214
230
224
251
232
214
242
269
286
271
277
245
269
241
253
252
240
248
207
245
228
224
235
267
251
245
245
244
270
253
236
241
257
211
239
223
252
237
256
249
249
243
233
238
235
251
229
233
217
243
252
258
273
256
255
239
264
298
237
239
257
249
230
248
252
253
267
274
234
241
267
274
246
271
271
270
241
236
269
234
262
244
269
255
255
278
263
245
274
262
238
265
245
254
273
265
250
281
252
264
260
251
226
259
252
266
252
248
253
247
235
249
274
276
254
267
233
246
264
261
276
275
265
282
245
254
259
248
249
257
252
254
289
277
229
285
258
252
267
251
277
255
233
281
253
278
278
274
247
286
280
294
257
291
252
218
245
279
285
246
262
288
242
279
263
273
268
262
269
250
245
282
272
275
242
265
244
232
264
262
257
284
264
262
261
272
274
250
245
246
275
292
269
267
296
286
242
282
241
275
266
256
258
236
255
290
263
262
259
272
240
272
264
277
243
284
245
251
244
256
280
296
253
252
224
251
271
256
253
246
267
260
236
245
258
267
267
270
279
289
239
269
284
256
263
263
272
244
263
248
297
252
245
236
236
291
249
273
258
271
246
270
264
277
269
279
257
257
265
247
269
243
249
279
256
263
234
270
293
246
260
261
255
272
260
277
275
250
243
235
237
236
245
273
270
266
251
276
268
258
258
264
250
271
262
276
248
295
256
258
241
237
278
269
262
270
280
272
273
263
243
267
255
275
251
253
229
254
248
274
258
262
235
283
265
277
259
252
266
262
277
270
260
252
271
284
250
254
244
234
254
251
244
265
228
225
294
278
266
234
259
251
251
252
254
289
233
272
254
247
273
243
266
281
255
239
262
279
243
273
231
231
271
267
257
237
237
241
281
248
256
248
267
244
247
277
252
245
282
262
280
229
253
246
240
214
254
242
261
272
259
217
256
215
254
259
219
253
220
266
231
260
233
256
245
250
228
238
244
257
251
256
240
254
235
227
236
237
235
276
237
249
247
244
238
243
226
236
242
230
210
251
244
242
244
227
235
225
268
243
248
260
285
236
242
222
242
234
236
217
231
253
248
232
245
215
266
235
217
268
268
238
273
207
233
232
221
244
226
233
213
206
247
246
256
256
241
216
234
221
244
204
224
219
243
230
257
234
223
225
229
226
243
231
254
254
199
225
250
214
258
233
243
244
202
253
210
229
230
226
209
226
251
224
224
242
234
216
223
249
222
242
252
240
240
249
234
226
238
225
236
216
233
235
238
235
226
182
231
269
230
218
222
243
244
221
254
231
243
239
237
220
218
224
204
216
267
244
237
219
199
241
231
227
227
229
228
233
246
226
222
234
222
231
231
226
238
215
246
193
218
229
215
227
233
234
243
214
220
237
258
228
207
207
247
226
244
212
205
230
242
206
206
237
212
248
206
218
232
231
233
214
205
224
230
238
220
197
218
223
232
235
235
207
209
239
226
221
234
230
223
210
241
212
208
217
233
226
198
227
209
226
235
191
232
242
183
237
195
207
213
217
191
242
239
227
194
246
216
236
257
226
231
223
240
218
219
221
216
203
225
232
218
206
224
220
211
226
238
213
274
214
241
236
258
260
218
227
206
216
236
245
258
246
262
229
221
223
231
215
252
243
237
210
231
220
250
233
233
261
228
227
246
226
194
225
232
238
279
247
224
223
240
232
244
251
242
233
244
277
243
254
249
258
250
254
254
271
262
293
272
290
285
260
262
290
297
271
260
292
302
305
314
320
290
300
276
276
302
320
301
325
296
310
324
295
307
323
320
318
303
318
274
304
272
285
282
310
292
302
315
295
266
288
284
275
279
274
271
267
254
246
292
280
290
239
247
264
206
235
274
251
237
266
266
266
225
241
255
235
230
228
233
249
216
260
218
206
229
248
242
245
241
247
256
220
225
223
207
242
243
214
222
219
224
204
232
239
222
206
198
250
226
226
229
204
255
192
194
236
202
216
212
200
196
229
206
223
239
227
244
253
202
194
238
233
195
202
192
222
203
196
223
231
222
202
212
174
208
203
215
202
221
251
223
266
264
263
237
268
211
236
236
185
191
206
238
213
194
253
207
198
202
204
219
213
225
202
175
186
199
218
198
204
220
183
191
204
187
191
198
198
210
188
226
211
224
209
199
193
195
170
200
176
201
204
215
202
203
183
182
193
169
182
214
200
212
180
167
194
200
192
189
158
183
192
205
204
188
203
180
181
242
190
199
203
194
185
212
189
197
197
180
198
187
187
195
204
190
191
184
187
222
210
183
188
194
196
173
182
189
171
180
163
189
168
175
184
198
166
214
192
211
194
181
194
221
202
227
200
175
199
176
167
194
181
191
189
189
172
195
188
166
198
164
178
211
186
196
189
186
200
178
190
196
191
190
186
208
202
177
183
176
213
176
178
202
185
194
176
174
195
199
178
152
193
179
171
181
153
171
205
178
174
175
181
190
184
180
200
152
190
209
155
188
179
181
194
170
175
176
169
192
182
196
187
195
198
154
177
183
186
176
167
174
207
172
195
163
173
187
187
196
165
185
176
171
192
172
181
159
199
154
167
204
190
172
172
171
164
198
184
192
189
189
160
173
195
190
184
172
171
181
189
180
191
193
166
191
160
211
166
179
187
163
182
172
195
205
161
174
180
183
182
164
183
183
169
209
172
177
182
169
174
162
190
181
175
160
190
165
169
169
190
179
233
178
206
202
188
196
168
178
179
168
165
160
164
161
195
152
171
183
181
174
183
183
150
180
197
163
158
197
176
186
177
187
175
185
159
187
192
175
168
159
165
180
196
162
164
193
158
171
139
181
169
178
186
172
178
174
143
158
158
158
160
191
196
166
182
183
166
158
176
175
144
193
182
183
175
186
190
196
193
184
191
202
196
190
165
201
204
181
184
174
174
164
176
161
168
173
165
175
173
157
179
154
181
200
172
161
161
145
166
175
178
178
163
170
157
174
180
161
174
187
175
182
165
178
171
170
171
158
167
171
170
166
160
157
168
160
162
187
167
164
172
190
183
181
180
170
183
172
177
158
154
183
179
171
156
176
162
148
150
155
161
181
164
154
180
162
181
179
200
159
172
178
158
172
181
172
143
155
157
182
159
163
188
174
181
185
163
187
187
160
176
162
178
161
155
156
141
184
165
174
159
169
195
179
165
187
160
173
147
170
188
155
177
157
144
171
188
152
167
176
190
170
186
165
153
191
171
187
175
159
182
149
170
155
151
178
154
156
168
158
170
162
154
187
168
149
158
176
149
195
171
173
169
168
154
167
168
140
153
189
160
169
167
166
167
170
165
157
150
159
151
167
154
187
157
171
155
157
190
184
166
167
138
165
155
166
172
196
192
192
203
197
182
154
188
151
160
161
147
157
195
158
161
173
183
168
170
152
204
194
178
156
169
189
151
151
168
136
178
167
185
194
166
154
145
161
152
134
172
150
182
166
174
138
155
158
153
182
166
135
152
168
148
171
157
173
167
167
181
158
163
152
156
179
166
153
172
165
163
142
147
162
172
170
166
145
154
167
141
160
170
145
154
157
146
152
143
145
163
165
150
159
182
173
153
161
158
145
160
154
130
166
169
180
143
138
163
154
141
154
172
171
150
158
152
162
148
188
147
154
150
154
153
138
144
143
160
156
128
177
182
165
170
171
138
169
169
165
138
152
161
128
159
171
165
137
169
165
156
159
154
181
160
173
148
140
149
168
172
158
140
158
164
144
179
171
148
176
152
141
158
152
145
139
155
155
147
165
161
148
152
143
138
177
166
160
136
147
139
154
151
148
176
170
145
161
136
143
141
159
143
153
156
159
145
142
153
144
140
140
175
172
134
152
147
153
162
161
142
177
175
149
170
153
139
148
157
161
161
152
150
144
146
160
136
155
135
154
163
144
144
142
182
160
182
125
149
149
161
147
157
152
158
142
165
145
130
139
149
163
148
184
164
172
147
141
159
143
138
167
154
158
167
174
156
159
136
151
155
154
159
164
157
139
169
144
159
161
155
186
158
151
160
133
130
151
128
144
155
167
167
146
119
155
148
148
150
165
154
165
166
163
130
136
136
144
142
156
154
163
155
190
151
142
153
138
185
163
172
160
171
148
143
174
152
134
142
138
138
145
144
157
145
155
149
147
150
146
128
160
149
164
146
157
148
161
157
162
146
158
147
154
133
137
134
143
141
170
160
154
152
149
143
163
153
173
149
145
162
137
152
144
148
147
148
141
163
163
143
143
147
159
181
140
161
156
136
174
170
138
154
148
159
125
154
113
172
179
119
157
142
136
159
155
139
170
142
144
143
165
123
141
146
149
148
160
131
154
157
125
152
130
144
149
135
139
134
164
149
148
164
126
165
138
137
156
125
144
152
154
137
146
144
147
135
138
143
155
128
144
143
142
153
144
144
150
138
138
154
148
127
171
162
144
164
146
148
142
152
133
144
152
159
138
115
153
137
135
130
128
143
147
155
136
128
149
137
162
142
130
147
170
150
159
151
154
148
145
136
153
127
141
152
131
143
138
158
163
142
146
144
157
142
147
147
137
149
147
156
145
150
150
149
136
126
152
169
130
151
152
125
157
133
129
169
142
158
118
129
144
147
123
134
138
142
130
155
164
159
157
141
119
141
162
154
155
153
142
144
131
145
139
125
152
135
150
129
148
128
139
155
126
150
139
138
160
147
138
153
158
152
144
129
148
139
165
174
126
141
150
145
159
164
167
170
161
140
164
137
159
147
152
136
142
128
153
117
140
144
130
129
130
146
128
153
132
144
152
158
132
158
155
138
137
136
144
139
140
143
140
130
144
137
157
155
139
144
131
149
138
155
164
155
109
154
140
135
167
152
161
156
129
135
141
127
139
132
142
143
141
158
144
138
161
138
140
133
131
163
158
132
144
131
177
138
136
156
141
110
126
136
145
155
143
161
138
159
153
135
142
154
149
137
143
126
160
146
156
145
147
147
147
127
117
138
165
158
138
123
144
162
136
142
144
142
135
133
154
143
156
142
145
153
153
144
135
140
138
144
154
138
133
166
133
141
130
137
139
139
130
143
157
145
131
135
159
156
148
110
139
143
137
149
129
142
138
144
141
150
148
142
146
142
148
158
143
150
159
149
133
140
121
165
138
154
137
121
134
149
137
132
148
133
137
141
137
130
147
139
136
155
147
154
145
152
140
141
152
171
161
151
164
150
170
152
152
138
145
150
139
163
152
181
139
149
153
140
147
129
146
163
145
162
135
152
149
143
149
150
114
149
143
124
128
143
144
131
149
141
134
155
132
129
144
134
149
128
143
156
133
140
144
135
131
168
132
153
155
124
111
135
149
129
129
106
151
127
167
161
145
147
154
140
140
134
139
142
155
146
135
139
127
114
136
155
144
143
134
130
149
130
142
150
155
121
163
159
146
155
147
136
132
118
128
158
131
129
145
142
141
137
133
133
146
147
134
139
152
129
145
151
139
127
127
111
129
139
166
150
134
131
137
138
148
122
115
125
151
137
141
141
147
147
143
139
138
111
141
164
145
153
139
155
127
134
122
158
133
158
124
148
150
144
153
151
136
138
147
152
150
135
150
131
124
166
126
167
129
168
123
107
141
131
132
140
147
154
124
142
133
123
110
156
119
133
143
143
160
141
133
148
155
147
138
146
162
143
133
141
149
149
154
164
167
149
138
144
148
158
138
139
137
143
147
138
144
160
124
136
154
147
147
157
137
125
149
138
129
141
145
120
154
126
139
140
136
141
141
132
145
132
149
158
133
131
144
132
152
151
141
131
149
154
131
162
131
146
138
147
140
148
164
132
155
145
119
144
152
144
117
127
124
143
139
135
153
138
156
151
137
127
154
137
153
126
136
159
143
137
162
156
144
148
137
131
134
146
137
147
157
142
142
122
144
136
153
126
123
150
122
150
134
148
143
149
158
138
127
132
149
129
128
132
130
130
151
150
154
155
136
147
150
130
145
137
161
122
153
167
133
143
139
143
146
152
146
128
150
125
143
130
154
157
144
153
158
155
162
151
177
157
178
144
145
132
141
145
131
153
133
143
136
133
130
122
129
145
145
150
150
151
151
128
117
147
137
159
172
134
162
122
143
152
144
139
132
143
137
131
133
140
122
156
143
136
147
136
137
128
140
142
139
124
161
139
142
151
139
172
144
149
128
149
141
131
127
155
143
147
135
150
136
150
134
156
164
145
141
127
151
133
129
147
138
158
155
156
147
136
129
138
140
133
136
147
164
157
152
132
123
133
143
164
158
129
151
144
145
147
132
152
137
115
147
140
143
138
156
151
158
147
151
124
115
146
126
144
138
156
171
151
175
166
166
162
168
129
166
150
152
150
125
136
160
171
149
142
146
133
145
162
147
144
155
133
161
154
138
137
147
141
163
142
149
146
154
108
141
132
143
138
150
166
126
143
157
149
126
124
150
160
151
143
119
141
133
138
141
134
152
150
132
135
127
115
157
153
138
141
143
150
160
152
143
132
150
124
135
118
129
139
146
147
129
126
177
153
151
145
127
150
141
143
148
124
133
160
152
153
144
166
149
136
154
151
139
126
156
163
142
156
156
158
140
138
135
134
125
142
154
136
139
153
152
139
157
150
157
155
156
161
140
155
136
164
152
130
146
144
138
144
132
156
126
136
145
154
148
129
144
136
153
116
154
161
148
133
137
131
153
127
150
147
151
139
148
139
138
135
144
136
141
155
139
148
120
129
144
127
140
141
124
146
152
146
148
131
144
129
145
148
138
153
130
152
149
145
139
149
145
140
139
139
137
155
136
144
136
127
145
118
150
144
165
143
148
136
157
128
150
149
123
128
121
152
146
127
149
149
145
156
156
148
157
156
162
151
133
149
131
156
151
154
100
155
133
155
170
150
148
168
180
151
139
161
145
124
142
161
142
136
153
147
151
152
145
137
155
148
138
120
143
150
162
147
162
157
130
148
135
149
115
155
153
134
145
134
138
138
136
152
148
140
155
176
156
167
136
162
132
156
135
134
147
136
152
125
162
148
152
150
144
135
130
141
152
150
152
172
140
150
132
152
177
142
160
151
144
153
140
155
139
140
145
153
167
122
154
145
146
161
131
175
161
156
146
147
145
151
146
147
153
152
129
159
127
135
164
141
145
149
143
125
152
139
137
147
153
144
127
150
161
169
163
151
139
139
149
150
136
131
154
141
155
151
141
159
146
132
157
148
152
152
151
145
131
136
140
154
162
131
143
139
165
130
161
137
141
157
147
142
159
156
154
147
152
151
160
157
155
146
155
139
121
130
150
152
138
148
127
155
146
171
164
159
154
175
163
165
136
170
155
152
141
143
153
157
165
143
147
126
198
154
139
169
145
160
157
156
134
164
153
165
143
152
148
146
144
155
141
149
144
165
167
140
146
154
142
157
150
116
153
147
148
150
134
122
136
168
154
154
153
139
147
154
148
147
130
129
155
136
152
150
161
162
127
130
167
146
173
161
161
137
161
144
170
149
161
155
154
160
139
157
144
153
159
151
149
143
154
146
145
152
144
144
142
144
154
152
154
130
159
163
133
147
145
155
161
139
137
147
141
120
128
150
158
156
167
179
167
160
141
151
176
161
161
147
135
132
154
141
163
170
148
160
148
143
165
140
176
157
186
147
162
156
155
163
157
168
171
163
170
144
156
177
152
156
181
157
151
152
146
165
158
150
152
155
147
174
154
174
159
155
141
159
132
160
157
152
171
151
165
162
135
148
183
150
165
149
154
145
147
151
157
170
159
158
145
147
144
165
173
151
168
136
158
179
148
151
143
144
157
157
178
165
180
142
139
144
161
130
158
130
147
123
139
154
143
176
153
168
167
167
133
142
159
168
141
170
151
161
145
143
164
149
163
166
158
151
161
175
169
158
165
154
157
138
148
153
170
174
174
167
133
160
162
149
171
154
163
150
164
161
161
122
152
159
176
152
161
157
164
158
166
148
171
151
155
157
150
172
171
169
167
152
155
158
146
145
162
135
160
156
146
148
152
162
168
142
189
159
128
135
187
161
148
159
146
140
128
163
186
165
181
157
171
160
169
155
169
157
165
163
153
185
189
158
176
169
136
171
169
156
149
146
136
171
169
155
143
158
157
133
149
146
157
175
155
143
164
186
160
156
162
148
153
143
151
149
178
153
173
181
151
177
162
178
170
168
154
161
171
154
161
154
160
170
151
159
168
182
156
183
164
166
171
136
145
168
173
152
160
162
171
138
161
166
167
160
185
163
177
182
187
175
168
166
161
170
176
151
171
170
164
150
193
145
164
152
150
160
163
144
150
166
174
168
171
123
171
158
152
156
155
191
175
155
182
182
154
169
171
156
164
174
167
164
160
166
160
160
171
162
175
161
162
161
172
148
147
185
159
174
165
162
147
172
165
169
174
168
161
189
135
162
176
177
181
171
173
157
170
147
172
162
155
179
192
170
177
150
156
175
167
163
187
148
183
184
145
164
170
175
146
166
159
182
154
157
162
184
180
165
166
175
179
177
164
177
165
154
177
162
156
183
156
166
174
168
176
158
164
166
175
192
179
164
162
189
154
177
183
168
178
165
166
156
168
180
169
151
161
173
162
186
178
140
179
186
199
168
199
170
195
175
178
162
185
190
180
167
193
151
175
167
167
174
143
166
195
181
171
181
172
184
175
199
178
176
188
176
192
161
155
172
175
198
172
177
161
198
201
151
201
194
192
167
165
176
189
179
175
158
183
158
193
178
170
210
170
191
170
160
189
177
200
206
186
189
214
202
205
184
171
183
186
197
186
191
178
171
201
196
200
198
180
179
193
185
188
165
193
188
164
202
169
170
168
170
212
186
156
187
167
208
167
201
178
186
192
188
178
196
164
175
194
208
202
183
202
191
169
175
197
184
175
189
167
186
193
209
180
206
191
177
185
196
181
190
200
200
171
179
197
204
181
204
168
174
186
182
193
176
194
186
207
217
192
216
195
188
205
169
188
171
153
203
183
199
168
196
190
186
172
172
184
185
177
195
190
182
195
187
170
198
184
199
180
180
195
177
157
207
200
182
180
176
194
173
221
205
195
176
195
209
198
184
197
188
187
185
158
191
207
167
196
209
192
202
205
176
185
208
169
190
199
173
195
194
184
184
187
157
200
206
193
185
184
195
200
196
179
180
189
217
181
170
177
182
186
182
199
178
200
192
193
181
209
195
182
203
200
190
201
176
182
177
186
233
234
207
183
213
215
192
216
198
208
209
183
199
191
211
190
202
196
186
209
198
177
208
194
198
225
191
218
184
211
187
195
211
200
200
191
199
210
183
184
183
189
170
184
178
188
202
209
185
222
191
228
220
204
211
194
193
200
193
213
196
206
208
197
211
213
177
199
189
223
197
193
199
194
201
210
199
217
189
186
222
191
209
195
201
208
185
185
217
207
202
169
191
190
231
215
172
212
205
208
212
185
225
210
219
219
193
180
207
207
219
193
209
212
189
197
182
209
207
198
187
210
206
179
222
195
198
236
199
191
218
198
210
199
206
192
229
240
198
217
200
217
215
223
195
208
205
224
190
212
218
198
196
202
198
213
211
200
225
218
209
199
228
209
203
209
195
233
202
227
213
206
205
185
219
208
204
222
206
254
211
230
197
227
201
228
196
215
207
230
229
242
191
233
231
226
212
191
221
216
207
240
195
218
214
248
191
225
215
234
220
231
247
216
203
231
230
242
211
245
214
209
226
230
207
226
223
237
253
196
220
203
201
214
226
226
224
197
256
214
238
214
223
243
232
220
235
246
249
239
236
218
202
221
208
247
231
227
211
238
217
217
260
261
248
241
255
224
241
213
262
222
246
216
217
219
229
233
240
233
214
235
235
192
218
198
228
223
247
223
232
215
226
241
239
272
224
228
223
246
252
235
246
247
234
236
235
215
217
233
233
244
227
205
245
238
215
207
236
238
230
244
222
231
217
242
243
238
212
242
228
231
223
265
243
255
222
253
254
263
244
217
239
227
267
232
240
242
218
256
255
250
217
234
241
232
227
276
241
243
253
246
211
239
240
230
235
237
278
239
246
256
256
240
259
224
224
252
257
235
240
245
274
260
233
236
252
248
260
256
249
216
241
265
271
272
246
256
262
239
261
244
257
213
245
231
257
273
233
247
264
246
231
222
251
229
273
255
257
255
253
220
253
276
254
232
248
277
254
250
259
239
231
254
254
247
231
240
261
271
267
259
241
271
250
248
265
262
245
255
251
267
275
257
258
247
239
235
267
284
245
235
247
237
253
236
244
279
268
243
268
249
264
256
279
240
268
240
234
245
253
269
238
243
238
245
263
252
247
234
260
267
244
240
257
270
227
229
254
253
227
245
234
256
246
269
227
240
233
241
253
227
247
240
239
231
260
224
227
245
250
260
262
209
254
229
234
222
242
244
198
232
201
242
207
227
204
213
211
219
231
218
191
191
206
177
212
192
184
196
203
202
180
210
207
192
175
219
231
217
202
219
205
203
211
207
202
192
187
200
196
187
179
224
214
189
196
173
173
204
189
200
200
232
175
185
196
190
177
175
191
166
196
173
188
205
204
164
194
193
181
206
187
214
188
171
179
156
202
193
186
197
217
194
200
191
187
175
200
176
180
196
184
191
204
160
169
204
166
182
190
180
184
183
166
193
178
167
170
188
186
211
189
174
193
174
180
190
195
176
185
176
170
194
167
207
193
165
168
172
191
186
193
212
202
183
177
184
182
183
168
188
213
197
183
171
183
213
210
175
176
145
187
170
184
175
166
170
181
202
176
199
165
182
182
159
181
173
166
170
202
174
193
152
165
167
181
187
202
172
200
196
189
156
179
189
196
158
168
195
187
163
179
176
192
173
198
194
183
169
187
172
195
176
192
176
169
189
164
158
204
195
186
179
182
173
171
170
180
197
195
162
195
185
191
191
154
165
186
171
170
159
184
177
173
178
180
187
173
160
182
175
179
172
174
162
180
174
188
162
183
172
168
182
184
183
189
162
192
182
164
198
171
185
188
180
187
188
168
182
184
189
178
164
204
214
179
165
160
173
179
175
169
159
169
195
187
167
188
171
179
182
160
175
160
198
177
200
175
166
156
176
183
172
167
175
170
157
173
170
166
188
160
172
176
155
164
175
155
167
172
174
175
183
171
207
190
201
138
188
159
187
161
171
176
147
164
170
164
162
187
184
170
137
146
162
150
168
195
162
167
190
168
183
178
185
172
151
170
155
177
185
158
168
175
171
168
157
160
168
161
178
124
166
174
144
164
183
186
162
161
152
169
167
141
172
137
177
171
183
175
151
156
185
173
175
143
157
162
162
176
152
159
160
163
176
167
158
183
169
155
148
158
163
171
165
165
158
177
155
174
171
181
168
179
159
168
165
207
143
147
166
166
185
168
154
175
157
176
147
168
164
167
159
136
184
172
134
153
168
143
172
167
181
181
189
186
170
143
177
163
160
160
140
178
155
174
143
187
163
158
140
158
163
172
130
141
185
158
163
176
143
152
168
157
174
154
153
172
169
156
140
164
143
149
154
166
155
165
175
186
150
196
150
176
171
169
164
162
144
157
161
156
176
149
156
159
157
146
155
168
152
145
162
158
169
154
181
160
149
151
161
177
164
169
160
137
169
168
150
163
175
152
166
158
170
187
146
163
150
177
175
169
182
145
165
166
149
153
148
152
148
165
171
164
141
149
168
159
158
143
181
176
175
173
157
140
159
176
164
164
156
167
188
173
167
133
176
145
150
142
175
169
152
169
140
170
182
163
168
147
177
170
149
174
154
166
149
188
150
164
164
159
164
159
159
151
157
154
145
146
157
174
146
160
151
192
173
170
175
171
180
165
170
186
167
164
175
173
172
165
171
164
172
140
150
181
169
174
161
175
147
142
190
172
159
169
143
165
181
154
174
172
157
153
148
180
183
155
181
153
169
184
161
150
168
164
167
165
153
155
188
160
162
164
148
156
147
153
156
139
145
166
165
173
173
163
168
165
147
187
140
157
193
171
167
180
150
147
177
164
162
191
161
181
154
171
149
161
182
155
156
146
169
148
174
185
163
162
155
192
184
162
146
151
152
149
161
135
141
153
177
161
161
167
163
159
174
160
159
149
160
179
167
152
150
164
145
161
162
171
144
150
179
175
179
157
162
162
160
142
148
168
162
149
156
143
165
121
129
143
157
143
120
131
140
128
145
133
144
132
136
127
131
119
117
135
119
141
127
125
118
116
119
117
129
112
116
106
117
110
122
101
112
99
115
132
108
121
102
113
117
115
117
113
109
117
117
105
110
112
119
91
102
106
105
95
113
103
123
100
88
113
133
107
118
106
106
101
84
98
99
119
103
110
102
70
90
108
110
100
108
109
105
94
89
120
111
92
91
100
122
102
104
101
109
103
91
95
107
125
88
93
88
104
91
89
97
99
91
86
97
96
94
86
102
99
102
91
97
84
92
103
83
92
88
86
119
128
103
96
83
103
116
81
101
85
95
96
99
99
92
86
89
95
83
103
102
89
100
88
95
109
100
84
92
102
94
78
88
91
77
95
113
103
108
81
92
104
91
83
84
84
80
96
83
90
82
88
103
105
88
115
91
110
74
112
104
113
103
96
101
92
106
97
88
96
91
108
104
118
103
106
96
90
91
100
112
93
108
96
125
115
143
111
118
118
117
120
128
132
112
101
122
138
122
102
125
118
130
130
116
133
124
147
142
134
118
139
134
132
126
139
121
138
135
123
138
145
141
152
158
157
157
146
162
173
134
167
147
155
183
185
182
171
174
181
203
203
179
189
194
188
227
230
303
370
453
756
1216
1873
2688
3743
4885
6289
7275
7651
7873
7646
6836
5724
4655
3663
2773
2101
1692
1192
985
767
650
495
391
290
226
212
152
146
135
127
88
97
89
103
58
73
73
73
71
75
52
58
68
54
69
61
64
56
60
47
64
64
57
48
66
47
62
54
65
62
44
59
53
51
61
61
58
75
60
46
51
63
57
63
74
58
65
65
53
59
61
60
51
58
57
47
54
50
60
45
48
57
52
56
52
56
53
53
66
52
59
48
54
49
51
58
60
53
56
45
35
57
50
54
51
50
50
62
51
39
46
51
48
38
51
38
56
33
50
49
41
50
56
45
37
53
44
52
48
44
60
42
43
52
55
45
44
50
55
44
49
49
55
54
56
42
35
46
47
55
42
36
40
46
41
43
41
46
52
41
37
38
51
43
43
46
39
39
37
39
42
56
51
39
46
40
43
41
46
40
43
34
28
39
32
36
44
41
56
38
37
48
39
41
32
39
33
47
44
35
30
37
46
40
41
26
44
40
36
39
41
25
33
51
42
36
35
34
36
41
29
54
39
39
39
39
27
39
37
34
30
32
40
35
36
38
33
18
31
25
33
38
29
36
26
21
27
32
37
35
31
31
41
35
40
26
33
31
23
34
31
34
17
35
32
23
32
33
37
32
29
28
36
28
18
29
29
34
28
25
22
18
33
29
31
25
35
30
16
23
21
33
32
23
25
27
27
30
22
40
40
29
30
21
29
25
26
23
18
29
33
30
21
22
17
24
24
17
21
32
17
32
21
19
42
34
31
28
27
33
20
30
23
30
23
25
37
22
25
23
20
23
25
21
20
24
19
25
11
21
13
20
23
13
20
32
21
22
22
25
14
28
24
18
16
22
25
14
22
21
26
20
12
24
29
23
20
24
17
23
21
19
23
20
17
23
19
15
18
22
15
23
18
28
19
22
26
18
20
14
24
19
21
21
23
14
22
25
23
22
25
21
16
21
15
19
22
8
17
17
15
14
14
16
20
22
20
16
13
12
22
23
23
24
26
12
23
22
16
17
20
20
17
24
18
25
18
11
21
24
17
15
18
21
17
26
27
17
21
16
12
15
16
14
16
20
19
11
20
18
21
22
18
21
29
29
20
18
20
22
16
11
25
15
20
17
26
15
16
17
17
25
18
12
14
25
26
18
14
19
17
19
22
16
21
30
13
14
16
22
19
24
18
14
19
22
24
20
19
16
24
23
17
20
18
19
17
9
20
13
28
16
18
15
19
25
12
11
16
20
16
13
21
19
11
16
13
18
13
14
21
23
10
16
12
21
16
12
12
22
26
15
24
17
20
14
11
17
15
21
16
18
12
18
17
18
17
17
16
19
22
16
16
14
10
23
23
16
15
25
20
19
15
13
17
12
28
14
11
16
17
20
12
19
20
27
22
12
16
14
22
18
29
14
19
16
15
19
14
18
13
24
29
14
16
15
16
16
14
16
19
12
13
27
15
17
13
17
20
8
18
27
9
16
22
13
19
17
12
18
12
20
18
21
15
18
19
17
15
23
22
18
12
15
17
12
18
14
13
11
17
15
19
17
14
14
18
21
16
17
16
15
23
11
10
15
16
22
16
21
10
19
13
20
17
12
21
10
18
17
26
21
16
19
16
23
16
27
21
22
26
26
22
28
22
33
23
28
34
30
22
24
28
37
42
34
32
37
45
34
32
34
40
43
49
26
29
54
53
49
50
43
44
36
60
56
45
51
53
54
46
52
53
65
49
54
58
75
51
63
60
66
60
66
58
70
65
80
51
61
70
68
77
75
77
65
77
81
74
83
75
77
98
104
102
103
108
95
97
104
108
142
105
118
156
177
230
366
508
772
1247
1961
2844
3678
4798
5603
6477
6684
6804
6263
5795
4794
3915
3037
2497
1777
1447
1044
786
621
470
369
278
205
168
125
103
64
58
45
44
34
24
17
20
20
13
12
10
8
10
9
6
7
7
6
6
5
3
3
6
5
4
6
3
6
7
7
8
8
9
2
4
12
4
7
8
6
2
7
3
4
10
7
4
5
7
3
9
4
5
5
2
6
3
3
6
5
7
6
5
3
2
8
1
6
2
8
6
4
2
4
4
4
5
0
4
8
3
4
5
2
7
4
7
5
2
3
6
7
4
7
3
1
8
8
2
4
5
6
3
1
3
3
5
4
4
4
2
3
4
3
1
4
4
2
4
3
4
9
13
3
3
2
6
3
4
5
4
5
1
3
2
4
2
6
2
1
3
3
5
3
0
3
3
4
11
4
4
6
1
4
3
6
1
5
4
3
5
3
3
2
2
2
2
4
4
3
5
8
6
2
5
5
2
5
4
2
6
6
2
3
4
1
6
5
2
4
8
3
4
4
4
6
5
2
2
7
6
4
4
4
2
5
1
8
6
1
3
4
5
0
4
6
9
3
6
3
2
4
4
8
5
2
3
2
3
2
8
7
5
7
7
2
5
2
3
4
6
2
4
4
2
6
3
6
2
1
1
2
2
2
2
5
6
3
6
4
0
3
3
5
5
2
2
2
6
5
3
2
4
6
6
3
2
2
1
2
4
5
2
5
1
6
1
5
4
4
5
4
5
6
4
0
5
3
5
2
4
4
4
1
2
3
3
1
5
1
5
3
4
3
2
3
7
2
4
1
3
4
5
4
4
8
5
5
3
8
2
2
2
3
5
2
3
4
2
7
5
3
4
1
6
3
6
5
4
6
2
5
2
2
3
5
3
3
2
2
6
5
0
7
7
4
3
5
2
5
1
1
3
2
4
3
3
6
4
4
1
0
4
4
2
4
3
5
4
4
5
6
5
4
5
1
4
6
5
6
1
2
4
2
2
4
3
3
1
2
5
9
4
3
4
6
3
2
3
2
2
6
5
4
2
5
1
5
2
3
1
1
2
3
3
3
4
5
1
4
2
1
4
3
4
4
2
4
4
3
5
1
4
8
4
2
4
5
5
2
3
1
6
2
3
5
2
4
6
5
2
4
7
3
4
2
2
3
1
1
5
3
1
5
1
2
7
4
6
5
4
2
1
3
5
1
1
4
2
3
2
6
1
6
2
4
4
4
6
4
4
3
3
7
5
5
2
6
7
6
3
3
3
2
4
3
3
3
1
4
2
5
5
4
4
6
2
8
4
5
4
1
3
5
6
3
3
5
1
2
4
5
4
5
1
5
6
5
3
2
7
4
0
5
3
2
3
3
3
5
1
3
1
6
4
4
2
4
3
5
4
5
8
7
2
5
0
4
4
4
3
2
6
3
2
2
3
3
2
3
5
3
3
3
2
2
5
1
3
4
5
4
4
1
4
5
5
2
4
6
3
5
9
8
17
31
33
43
52
51
53
69
64
55
47
40
28
23
19
17
16
10
7
9
6
4
3
3
2
5
5
1
6
3
3
5
2
1
6
2
2
4
4
2
1
1
4
1
0
3
3
3
1
5
5
6
0
1
1
2
6
2
2
2
6
1
5
1
6
4
2
2
0
4
3
1
2
0
1
2
3
2
3
2
4
2
1
4
3
5
2
4
2
2
1
2
4
2
4
3
2
0
2
7
1
5
3
2
2
3
5
2
1
0
1
3
4
1
3
3
0
3
4
4
2
1
5
3
3
1
4
1
4
3
1
3
4
2
1
2
4
3
1
4
0
1
4
2
1
1
1
4
2
2
1
3
1
3
3
2
3
3
2
1
1
4
0
1
3
1
1
1
2
3
1
4
3
5
1
3
1
2
4
5
5
3
9
2
5
1
1
2
2
4
5
7
6
1
2
6
6
2
0
5
3
2
0
4
1
4
3
1
4
3
2
1
1
7
2
4
3
2
5
1
4
4
6
4
2
1
2
4
2
7
4
2
3
0
4
4
5
3
2
7
2
1
0
4
3
4
4
6
1
2
3
5
3
4
3
4
3
2
4
2
3
2
2
1
4
3
2
4
3
0
1
3
6
6
2
3
4
0
2
3
1
3
3
1
2
2
4
1
1
2
1
2
2
1
4
4
1
2
3
1
2
3
4
3
4
2
0
2
4
5
3
4
3
2
0
0
3
2
4
4
6
4
1
2
1
5
4
1
3
3
3
4
3
4
1
3
4
2
3
1
3
1
1
2
0
1
0
5
6
3
2
1
5
2
1
2
3
1
6
5
1
2
4
2
3
2
1
2
3
4
1
3
2
1
2
2
0
2
1
2
1
1
4
1
3
2
3
3
2
6
4
0
2
3
0
4
4
1
1
4
4
2
3
3
2
2
2
4
2
3
3
5
3
1
4
3
2
2
3
1
1
3
4
5
1
2
3
1
2
3
4
5
4
4
5
1
2
0
3
2
2
2
1
4
1
1
6
4
4
4
2
0
3
2
3
4
6
2
0
5
1
2
0
7
5
2
3
2
6
0
3
2
4
2
3
5
3
1
3
4
3
3
4
1
2
1
2
4
2
5
5
3
2
3
5
1
2
1
1
1
0
4
3
3
3
1
2
0
7
1
0
2
2
1
3
2
2
1
4
1
4
2
2
4
5
2
5
1
4
1
2
4
2
5
2
5
3
3
3
3
5
1
1
1
2
3
2
3
1
1
2
3
0
3
3
4
4
2
3
1
1
3
1
0
3
2
3
3
6
3
4
3
3
2
2
5
1
1
2
2
1
2
5
1
5
1
0
3
2
0
1
3
1
0
1
2
4
0
0
5
3
3
1
1
1
4
0
2
1
1
4
1
3
3
1
3
1
0
1
3
2
2
3
0
1
1
2
1
4
3
2
4
5
2
0
4
1
2
4
1
0
2
1
5
3
0
1
5
1
1
6
2
5
6
1
2
0
2
3
3
5
1
4
3
1
1
1
3
3
4
6
5
4
2
2
1
5
4
4
2
2
2
2
2
6
3
1
1
2
2
5
2
5
1
2
2
4
3
0
0
2
1
2
4
4
2
1
3
2
2
1
6
3
2
3
3
42
44
60
55
42
53
57
49
62
47
49
51
49
59
51
55
46
47
58
61
63
41
48
72
53
35
61
53
59
66
60
50
56
44
51
48
50
58
53
40
54
67
60
61
62
56
52
45
48
45
59
63
42
39
50
64
48
53
64
38
38
39
50
50
47
55
48
53
36
56
40
58
44
55
49
51
44
50
48
54
48
48
53
40
44
41
60
64
53
47
41
45
52
47
48
46
51
44
45
40
44
48
48
43
55
55
56
46
47
34
50
51
46
52
35
62
57
52
41
54
52
49
42
41
44
51
40
32
