0
0
0
0
0
0
0
0
0
0
0
0
0
0
0
0
0
0
0
0
0
0
0
0
0
0
0
0
0
0
0
0
0
0
0
0
0
0
0
0
0
1
0
0
0
0
1
0
3
2
2
2
3
1
3
0
3
3
3
3
3
1
3
2
1
4
5
4
2
2
2
12
4
5
9
9
11
8
21
15
20
20
15
25
32
51
43
57
52
64
87
120
117
139
159
176
219
242
277
378
384
487
556
730
830
1012
1194
1304
1110
984
759
615
431
201
91
86
79
80
113
123
148
165
180
207
240
243
295
318
288
333
334
334
376
419
408
415
442
372
341
293
234
240
172
159
156
139
158
182
203
230
258
246
280
297
322
349
298
321
297
268
280
233
218
189
174
190
215
218
231
254
259
296
290
278
292
292
266
260
222
227
177
203
199
223
242
250
283
302
265
322
305
277
249
269
213
246
226
197
224
209
256
247
254
288
289
287
263
270
243
243
235
226
232
226
246
221
260
262
272
251
275
249
238
258
243
207
231
214
238
241
259
261
262
237
263
248
274
246
242
233
248
230
220
222
233
234
211
258
244
255
259
288
249
264
249
216
274
256
228
257
251
229
233
245
256
232
222
258
264
260
262
220
231
262
240
247
266
211
259
240
241
265
247
269
239
267
280
252
261
246
246
264
268
251
256
251
242
251
228
265
262
264
261
240
253
274
247
245
264
280
259
241
252
268
266
266
256
252
261
256
289
268
255
267
278
270
261
293
265
274
271
263
278
264
265
296
227
254
243
264
256
298
296
266
258
239
239
258
258
270
260
259
255
268
270
294
265
276
255
278
257
255
268
259
289
294
265
249
264
279
274
277
279
255
262
263
253
260
255
260
279
288
250
254
260
288
281
289
302
322
279
282
255
254
261
246
246
268
290
276
225
260
289
262
275
279
250
265
273
265
258
274
275
248
248
273
239
242
275
268
248
272
272
286
257
273
277
245
271
265
244
286
240
252
270
278
249
245
256
251
273
270
272
245
243
250
248
272
285
276
249
295
254
286
279
242
220
252
292
256
251
264
248
238
256
251
273
263
263
287
277
279
225
266
236
284
261
258
248
280
260
269
244
282
266
272
246
274
257
263
263
286
265
256
252
269
235
247
247
244
273
234
272
284
259
238
232
245
249
248
257
275
265
267
247
249
246
252
259
291
255
265
266
256
251
269
261
253
254
258
270
277
261
254
249
261
269
226
249
253
282
268
253
256
252
270
259
241
258
280
239
247
265
255
249
252
227
264
248
241
269
261
283
261
248
259
283
236
282
282
266
266
255
238
295
261
267
243
244
247
299
262
288
244
232
218
275
259
246
263
256
258
276
241
220
284
277
253
255
271
299
274
250
250
240
226
247
227
238
258
237
243
244
281
238
262
250
276
231
251
256
233
254
234
241
230
245
273
243
218
265
238
257
245
246
276
225
242
249
238
260
260
238
244
213
260
244
224
230
248
249
235
240
260
228
267
264
254
245
217
239
242
240
255
225
238
235
263
246
235
222
218
247
224
246
253
249
245
269
246
250
229
238
271
233
270
230
225
233
240
253
253
232
228
218
239
231
259
231
258
263
218
252
260
250
230
215
258
225
216
268
240
250
266
259
234
237
253
217
212
247
251
228
197
232
221
220
232
260
263
217
221
229
234
240
223
221
243
240
239
247
219
222
220
217
217
224
240
219
227
245
204
225
234
221
243
235
231
227
219
240
228
235
223
242
229
248
244
207
228
216
214
231
229
229
238
207
212
237
229
213
241
209
244
237
243
233
205
245
207
248
233
229
231
220
239
215
264
234
208
220
228
220
224
217
213
215
237
263
230
219
222
260
231
239
223
239
214
223
220
222
211
235
213
224
211
238
220
243
232
224
232
226
210
218
248
189
211
209
205
233
203
218
212
234
207
216
245
219
235
240
196
237
213
222
238
218
193
233
198
247
230
205
230
234
252
233
222
217
225
227
213
218
219
213
236
231
190
239
252
225
219
228
222
235
212
216
227
212
194
230
209
237
217
233
216
227
239
237
216
211
252
217
208
177
228
246
227
206
228
229
238
250
257
235
242
235
223
232
217
221
206
213
198
239
219
216
219
225
228
218
219
258
236
231
223
250
237
221
206
238
210
226
213
223
214
228
220
214
220
212
242
250
213
212
228
241
248
234
228
234
249
245
232
251
262
254
217
228
275
234
246
255
224
279
261
268
265
246
281
292
266
249
281
287
275
258
277
255
274
276
313
261
293
296
280
287
306
291
323
306
308
317
287
297
286
321
290
329
291
312
315
303
304
317
309
311
312
319
279
298
328
305
315
297
280
296
291
287
270
268
298
310
291
284
274
272
263
269
248
284
264
240
280
287
235
272
214
231
301
255
254
237
237
250
266
222
232
266
249
236
251
208
234
230
226
237
218
214
228
239
207
235
222
246
252
230
220
248
232
214
216
246
246
219
227
220
235
201
210
209
220
210
238
200
212
198
235
200
216
224
210
205
218
222
233
205
218
201
209
220
195
185
213
208
195
210
197
228
222
207
220
232
219
210
238
225
248
253
267
240
254
266
250
239
219
224
236
204
220
202
221
209
213
200
215
204
196
215
201
194
225
214
199
215
230
207
214
216
216
169
208
182
205
167
202
183
201
199
196
213
224
198
182
184
210
203
176
180
189
183
198
189
207
188
211
199
182
184
209
189
206
194
183
201
189
201
219
205
185
179
173
189
179
208
193
197
183
181
199
199
164
210
196
191
199
217
178
202
214
206
151
209
197
179
179
211
202
204
196
191
188
219
197
188
177
197
183
194
192
208
200
183
171
190
169
178
172
206
191
176
194
186
179
181
183
183
179
186
208
198
210
187
173
189
188
196
147
160
182
192
183
174
169
199
193
180
173
193
164
162
193
189
195
188
174
186
205
190
174
176
181
187
179
184
221
182
157
172
177
187
174
175
194
188
186
181
188
189
159
182
165
176
201
186
186
197
197
197
164
179
190
164
197
182
177
187
183
197
195
188
170
181
194
172
200
167
184
191
185
179
177
199
162
177
174
190
193
190
166
180
190
182
169
198
175
190
163
175
181
175
167
175
186
185
174
177
176
180
177
160
193
169
201
182
187
166
178
196
208
177
165
184
181
172
188
222
178
187
168
183
187
215
171
161
173
198
170
182
159
184
192
188
187
166
179
179
198
168
190
192
159
176
168
183
178
175
186
197
184
206
200
175
190
174
171
167
183
176
176
174
174
180
188
187
198
184
163
177
181
188
186
194
196
213
172
165
174
174
165
187
139
171
174
182
152
173
184
170
187
163
168
147
150
181
190
186
174
166
169
194
168
168
177
178
203
177
161
168
164
172
193
161
153
178
174
203
191
186
194
159
174
165
166
174
207
195
192
191
197
199
215
183
166
160
164
192
188
177
174
155
177
149
157
169
159
174
181
162
170
167
177
169
151
171
178
154
171
165
146
149
161
171
188
146
187
160
162
150
162
190
170
126
170
179
183
187
173
190
156
182
180
177
181
182
188
174
168
150
179
150
164
175
159
152
185
181
164
170
150
188
177
183
162
171
178
156
172
153
159
152
157
172
153
164
162
175
138
200
187
165
166
174
156
170
152
173
194
174
155
178
199
156
167
146
121
166
178
152
158
169
176
163
183
154
188
168
189
157
172
184
167
133
163
178
142
167
167
162
171
127
172
150
184
168
155
178
180
173
174
183
175
167
163
164
151
194
179
160
151
188
181
170
177
173
178
172
170
148
173
138
164
172
142
165
163
137
173
175
158
161
178
170
182
146
159
167
169
153
157
162
156
164
184
173
187
159
169
150
142
170
143
169
168
163
195
131
170
174
175
149
189
173
134
198
189
171
179
213
188
176
171
181
193
188
189
172
156
169
155
180
165
147
169
158
150
163
188
149
163
161
157
160
144
178
154
149
160
177
169
168
164
175
159
183
159
153
163
166
182
157
159
184
143
152
159
141
173
157
151
133
155
169
156
168
153
152
178
148
163
180
142
166
155
148
153
176
175
159
161
151
154
157
136
150
169
162
153
156
150
172
156
157
155
149
172
166
155
150
185
171
178
150
164
167
147
161
175
176
173
159
163
157
165
158
162
144
160
146
152
141
160
175
157
158
145
161
147
191
150
162
168
162
128
157
156
184
134
159
180
175
146
151
149
163
142
171
151
139
156
153
171
167
138
164
153
132
158
158
163
164
165
173
159
150
153
132
142
167
156
150
174
153
164
172
171
158
176
147
170
165
135
157
164
178
149
149
129
165
165
143
159
137
165
185
163
164
150
185
150
167
153
135
165
168
145
154
158
162
163
169
141
150
169
137
157
145
147
154
132
143
139
141
159
149
143
159
147
165
163
175
152
156
152
144
152
154
164
162
180
140
129
130
146
150
168
156
152
161
159
171
163
151
176
165
144
138
165
135
156
148
143
152
143
140
165
159
163
151
154
145
172
147
163
138
140
157
133
154
154
149
136
155
163
151
140
157
149
156
143
155
147
172
131
136
149
152
153
154
155
165
149
163
160
170
139
138
161
138
146
134
156
145
124
149
144
164
123
143
171
156
142
150
154
129
134
142
180
153
145
163
152
149
180
152
149
158
155
173
132
152
135
145
140
145
128
158
150
160
143
144
144
156
138
150
154
146
163
125
160
164
145
141
154
149
126
148
139
131
160
134
154
138
156
145
159
149
163
158
147
151
168
123
147
151
138
156
146
130
178
159
146
149
135
152
167
168
152
155
163
148
171
131
144
166
160
165
151
146
155
174
146
161
135
145
156
154
179
161
144
148
133
181
130
141
140
153
151
156
150
165
149
154
147
138
152
144
147
151
146
140
144
161
147
161
143
141
145
165
131
147
156
168
164
141
171
142
153
133
162
156
150
157
167
152
131
159
147
142
136
157
145
152
145
146
167
124
148
151
148
155
161
142
145
155
151
154
156
144
155
141
131
149
164
130
152
127
157
153
153
136
142
137
158
139
137
148
136
146
132
158
146
179
172
179
151
144
160
119
142
151
140
147
164
135
145
130
153
143
159
132
148
162
126
141
161
137
139
155
142
161
147
139
163
143
147
141
146
156
133
139
157
131
144
175
146
166
128
153
132
170
139
120
158
140
144
137
138
133
148
143
143
164
120
163
147
144
147
158
142
160
137
140
144
171
134
171
132
152
144
133
158
141
167
154
162
150
143
146
158
143
146
143
135
146
173
136
138
149
132
139
157
139
139
132
135
146
128
153
134
160
136
143
157
136
149
152
162
138
150
142
137
160
147
141
143
146
147
174
139
154
143
134
143
172
160
143
167
145
151
152
142
126
152
155
125
148
165
156
153
135
148
132
145
152
136
140
138
144
132
159
140
158
160
135
136
143
135
156
116
152
135
126
154
160
146
130
153
129
162
154
140
143
143
139
139
141
153
157
123
148
146
152
141
152
132
154
153
145
120
140
130
129
147
131
146
159
137
152
142
140
151
138
150
142
157
127
128
147
140
127
139
149
137
139
137
162
139
142
133
151
153
145
133
133
138
159
145
142
137
145
122
151
149
149
142
146
158
139
155
152
122
128
148
125
145
150
149
145
154
137
148
145
129
145
136
131
151
143
144
138
134
137
176
124
155
145
136
140
121
132
117
138
124
171
137
154
130
168
140
144
144
146
148
152
149
147
141
140
137
145
139
153
141
153
155
143
139
171
135
165
141
150
157
157
136
151
130
162
166
155
150
150
137
132
125
136
138
152
135
141
151
160
155
116
122
145
138
143
140
126
142
122
132
137
129
142
142
143
122
139
138
142
139
130
144
151
133
138
132
136
158
159
132
130
138
135
144
130
154
139
136
146
126
148
119
140
140
139
155
134
134
136
138
133
125
151
150
137
151
127
144
143
127
126
149
133
149
136
140
128
151
135
141
147
162
166
154
148
144
151
134
152
155
146
140
145
147
146
123
135
138
135
161
115
144
140
153
144
126
133
144
141
144
142
150
152
154
117
128
123
157
139
124
130
137
147
129
132
150
157
137
142
150
107
134
138
149
131
142
151
130
145
115
146
150
142
157
137
138
145
149
134
136
148
165
143
133
151
129
131
146
149
129
154
145
137
123
135
136
145
156
133
135
146
137
172
150
141
151
140
141
126
141
153
162
128
149
156
134
130
156
152
140
144
151
152
127
140
155
133
131
120
146
143
142
137
154
143
134
139
134
142
152
135
124
118
136
127
136
132
150
132
149
142
145
134
144
130
127
139
136
139
146
146
128
157
123
125
136
134
117
138
128
126
148
149
155
142
143
169
131
130
136
125
154
152
153
143
138
166
132
132
145
145
142
140
155
133
136
143
148
125
128
134
136
151
158
131
149
119
149
141
120
152
147
137
139
156
128
143
131
144
132
162
141
137
135
148
141
136
145
148
145
145
152
163
140
140
140
158
138
128
146
146
141
117
137
132
135
139
152
151
148
147
144
143
152
145
161
146
125
149
141
139
146
149
143
155
146
122
142
151
156
133
142
148
129
139
161
120
157
126
144
148
125
174
143
130
165
161
150
156
149
156
149
127
148
174
134
158
125
137
144
133
123
140
135
128
164
158
147
140
132
128
133
146
137
146
146
139
153
146
139
141
150
135
150
134
151
138
155
147
140
159
131
149
119
174
152
143
118
163
134
147
147
146
143
138
141
131
134
155
134
150
141
139
126
139
146
142
134
130
152
157
151
134
123
130
133
158
138
139
132
146
146
151
136
154
169
143
138
146
166
151
124
150
122
134
137
150
149
159
162
165
138
174
133
145
146
145
152
146
126
129
137
132
151
135
158
147
130
139
159
145
111
131
130
158
169
155
173
157
160
166
156
151
152
148
175
139
137
134
145
150
146
142
157
139
169
134
144
140
140
151
150
150
131
155
131
154
148
137
136
149
128
138
164
136
147
148
149
153
144
134
142
150
135
138
134
150
135
129
130
166
151
155
145
137
142
152
130
155
123
127
135
122
151
130
148
136
163
147
147
142
133
167
132
131
159
154
142
136
131
144
129
161
136
138
170
186
158
147
130
124
173
136
158
157
136
145
151
141
138
146
130
134
136
162
139
140
137
153
142
170
160
134
134
120
151
137
149
143
175
165
140
137
146
149
141
154
131
139
142
136
170
145
166
146
136
146
156
154
155
113
142
174
169
151
152
135
142
160
120
162
157
156
123
150
145
136
148
161
144
118
152
153
138
140
137
123
131
129
141
127
153
154
150
150
143
163
147
157
147
151
150
171
128
122
163
150
145
140
141
149
129
126
155
155
131
147
135
128
133
131
134
160
145
127
157
156
155
138
156
154
143
140
143
147
165
140
149
137
123
140
161
129
130
136
157
159
129
143
142
164
161
157
152
153
170
138
146
140
137
157
136
161
144
141
150
135
146
145
143
154
141
137
165
149
152
151
154
120
169
163
146
154
155
169
145
146
160
137
153
136
139
129
139
150
143
148
152
142
157
153
138
142
137
126
144
134
145
130
133
135
136
154
150
138
153
156
157
150
154
166
148
128
153
165
146
139
167
143
148
140
170
142
151
139
151
142
139
146
160
162
140
145
145
134
165
141
119
159
132
170
151
136
149
134
144
157
139
151
159
160
133
141
147
131
146
144
122
148
157
155
151
144
159
130
169
152
155
168
126
160
133
150
143
156
155
138
142
149
155
157
132
136
160
129
155
136
147
128
145
165
147
149
129
140
145
159
161
133
150
144
159
142
147
152
140
127
149
137
148
126
139
144
153
142
150
147
151
144
158
146
131
130
133
149
172
139
145
122
137
134
164
142
151
148
152
138
137
160
134
154
135
138
155
156
135
138
174
139
155
131
168
152
140
147
170
150
145
148
158
166
135
135
150
143
176
155
156
163
145
167
151
142
159
150
162
158
161
157
139
162
158
144
133
147
135
153
144
159
155
149
160
139
164
150
140
140
144
172
153
156
158
150
157
151
147
138
143
135
154
146
144
143
153
161
151
136
145
152
158
176
141
170
137
148
130
159
167
151
148
148
148
166
147
156
153
139
155
153
173
132
143
150
173
149
135
148
155
153
134
148
135
162
157
154
161
135
171
145
156
140
176
143
146
151
166
152
146
177
139
161
141
174
150
147
168
135
141
160
143
140
171
171
162
148
159
141
148
157
129
164
155
159
156
163
139
159
166
166
160
148
148
147
168
149
148
145
123
173
157
147
138
166
156
158
140
158
155
154
151
155
160
141
164
143
154
133
157
154
160
152
142
189
148
185
150
155
155
148
174
147
171
142
151
171
142
150
155
155
157
137
153
157
155
154
146
158
158
152
148
157
145
148
154
167
191
185
150
143
154
158
144
158
150
146
158
156
165
168
165
161
159
151
143
155
167
168
159
155
162
190
176
147
170
167
154
158
172
162
169
175
158
160
168
182
178
155
165
146
153
148
165
161
166
151
150
134
154
175
162
160
168
164
143
152
155
167
173
169
155
166
161
160
135
173
151
146
156
153
155
181
172
186
143
159
177
152
176
168
177
163
161
160
165
152
153
166
162
153
158
181
153
135
184
161
160
165
148
178
191
162
170
161
166
155
146
142
161
154
161
159
169
166
184
168
132
157
187
165
144
181
155
180
159
149
161
148
152
154
158
172
149
182
169
158
173
149
158
160
174
165
151
165
161
163
180
164
176
162
170
161
164
146
177
179
184
170
174
172
175
164
181
185
171
158
153
171
175
187
149
152
154
165
151
166
156
153
172
181
164
171
179
174
179
133
151
148
186
157
157
174
164
172
158
150
138
172
173
144
143
168
168
158
171
153
173
152
162
171
157
157
172
147
174
178
158
159
176
148
193
177
150
160
151
151
161
173
143
171
167
168
187
173
160
148
170
175
182
157
159
157
155
156
183
145
156
186
155
198
175
147
170
201
160
161
158
165
166
158
173
164
162
186
176
171
188
167
155
170
171
150
198
157
182
172
146
187
194
167
162
151
147
151
154
157
160
170
178
173
180
182
167
161
166
162
194
182
176
180
159
170
175
159
169
174
197
170
153
179
173
176
138
160
169
154
159
169
172
163
189
167
158
167
165
183
189
177
148
167
179
176
171
179
178
175
188
160
174
170
157
172
158
178
160
168
181
194
171
176
164
156
149
175
158
160
161
176
189
162
161
162
184
176
164
182
175
173
189
169
186
148
210
171
180
173
181
165
171
182
166
177
173
179
175
145
181
167
175
183
180
204
195
203
161
159
173
169
192
186
189
183
178
170
174
179
180
171
188
204
183
156
195
196
210
194
188
190
191
198
200
178
203
191
205
223
186
199
184
190
180
169
165
184
182
182
176
206
147
163
179
204
149
179
169
180
172
171
201
170
180
189
166
175
164
201
177
180
174
198
171
175
181
174
175
186
190
202
185
178
196
195
156
192
193
195
170
191
178
179
192
208
174
176
173
183
186
190
174
199
180
177
166
190
174
205
171
192
175
186
190
171
226
167
177
167
181
217
183
193
166
183
186
160
193
178
174
202
172
169
176
176
166
169
168
187
186
176
209
196
209
192
172
191
190
188
179
201
197
204
190
182
200
180
191
157
183
202
193
195
203
178
165
184
167
200
190
200
173
205
192
185
191
199
176
232
205
197
164
174
192
197
196
164
196
185
172
211
205
181
191
205
187
163
171
170
217
154
176
191
190
204
195
203
187
190
186
196
166
158
207
208
201
202
214
160
207
183
184
180
174
195
192
165
206
201
200
214
202
209
183
182
210
169
189
207
214
196
190
189
184
195
189
191
186
193
209
199
189
189
200
178
186
196
197
205
206
188
183
184
214
195
197
159
195
195
170
219
188
197
187
207
223
199
219
195
225
193
185
212
200
192
227
191
222
201
202
202
230
216
200
190
211
208
197
194
187
181
200
174
188
188
214
194
208
201
195
198
204
201
221
189
222
219
183
197
216
224
186
180
210
202
208
196
213
196
213
211
235
214
199
223
200
196
191
206
212
209
195
204
207
211
200
200
180
200
218
200
213
199
194
203
215
204
181
202
208
213
197
221
225
220
222
208
203
214
229
206
198
214
224
202
205
234
197
240
218
216
198
222
229
221
204
228
215
204
164
224
223
219
212
231
209
203
226
221
218
228
208
222
230
215
205
195
216
213
203
217
227
214
219
188
221
193
210
216
190
186
223
196
235
230
210
198
245
240
209
208
212
199
235
231
224
209
237
207
255
215
216
213
236
204
223
208
232
210
230
214
220
233
208
228
218
224
238
234
232
222
228
213
220
221
233
234
206
224
209
213
223
219
214
230
237
223
195
228
235
242
203
198
227
241
264
213
231
239
238
241
228
218
255
234
230
241
217
218
230
235
239
251
244
221
241
254
207
238
240
237
246
216
198
230
224
203
231
225
211
245
232
236
236
203
218
272
241
246
224
254
215
242
217
233
221
223
231
256
232
228
243
230
240
243
234
243
222
240
248
227
246
231
266
233
227
234
261
231
240
207
222
251
227
224
238
211
254
224
224
268
234
244
234
239
266
242
211
239
230
230
225
212
219
214
233
226
231
228
231
241
242
216
245
252
259
269
262
239
257
230
235
277
232
251
254
258
235
236
230
280
266
251
243
242
238
262
262
221
226
258
235
268
258
253
244
252
240
232
246
272
258
237
269
243
244
254
275
242
259
262
264
249
238
251
253
253
234
243
268
257
235
237
272
269
235
255
219
236
261
271
252
269
262
225
246
215
229
260
275
237
258
241
233
225
249
264
243
245
245
250
243
272
284
269
231
263
250
261
244
260
242
256
253
266
275
270
255
287
263
223
256
255
255
284
280
242
238
274
250
267
237
234
236
252
270
253
266
237
250
240
251
283
237
232
259
230
217
232
240
232
241
247
262
251
257
244
220
239
237
254
253
243
233
246
249
222
229
222
214
233
204
249
214
214
234
213
232
243
204
221
211
212
228
247
214
208
209
256
204
225
203
233
220
219
194
223
203
226
183
211
229
192
216
202
193
187
213
205
189
189
211
213
168
178
194
202
192
200
215
195
193
194
184
189
191
203
189
201
178
206
205
211
182
184
190
203
198
220
196
192
188
198
206
202
178
192
201
196
211
203
204
169
176
186
205
200
168
179
200
186
188
208
195
194
189
179
177
166
220
180
183
162
163
168
178
176
189
207
205
185
175
182
183
182
212
170
202
180
177
167
216
195
183
200
184
202
161
186
193
201
189
195
189
195
185
207
183
215
180
201
165
176
171
179
167
172
211
200
210
202
188
184
173
181
202
189
181
201
188
185
204
163
183
192
160
179
190
183
181
177
162
190
176
193
168
171
196
152
196
166
194
194
176
179
183
186
186
159
179
170
183
175
159
183
170
195
158
194
194
166
162
178
185
164
180
179
194
183
167
182
178
183
189
194
175
157
141
152
186
211
158
187
173
179
170
187
184
176
191
176
191
194
175
181
169
172
168
184
163
158
208
203
175
175
169
181
206
202
174
173
201
177
173
179
164
180
189
182
157
182
161
158
192
180
168
168
179
175
174
200
141
161
179
188
145
173
180
189
170
176
172
151
159
161
173
192
202
150
176
197
148
172
187
160
140
189
153
198
159
172
176
196
204
169
150
156
186
168
151
181
180
169
164
173
177
161
159
185
176
154
169
173
178
174
184
167
176
195
183
174
164
166
207
163
186
200
174
152
179
157
180
159
180
180
165
166
148
172
174
168
171
177
173
161
164
183
169
181
177
171
170
181
150
140
178
158
150
155
181
186
165
161
166
200
193
175
179
195
157
180
174
171
179
149
168
170
193
157
157
163
164
167
145
179
160
183
201
153
156
165
166
169
175
151
171
152
135
187
169
157
176
165
151
158
188
177
164
162
177
151
155
162
176
144
151
143
135
152
168
162
172
187
171
165
158
159
156
167
151
166
172
192
152
144
142
162
186
147
159
160
171
166
180
171
152
152
167
173
166
168
192
188
155
167
146
150
164
160
155
163
174
172
163
161
163
145
164
143
140
145
175
155
149
140
149
147
163
145
140
147
145
168
132
181
152
153
171
160
189
147
153
158
165
179
151
166
154
151
172
149
162
166
164
156
188
162
158
153
169
150
159
143
145
201
141
166
169
164
149
166
168
147
148
168
143
181
157
169
165
183
151
184
144
170
143
176
126
159
164
157
154
142
150
161
190
167
153
170
119
147
164
148
169
149
162
174
147
182
196
159
137
162
172
144
167
173
166
159
155
147
162
137
160
170
144
165
153
158
163
158
177
167
163
162
167
148
165
166
167
154
174
172
142
152
153
171
167
167
152
162
160
147
180
158
162
167
173
181
163
149
151
148
174
148
161
160
159
165
188
194
170
143
170
137
178
170
173
151
154
164
163
158
190
164
177
190
154
187
167
168
173
171
166
154
143
169
171
181
180
174
175
164
159
179
153
164
172
177
189
144
176
167
167
164
163
156
159
173
185
167
162
170
162
155
135
146
162
164
150
149
172
172
180
155
175
179
156
179
176
165
164
164
159
178
165
172
148
155
172
156
184
175
179
158
167
182
172
157
181
164
164
152
176
155
182
157
152
171
180
148
159
173
144
163
159
164
174
170
189
168
149
149
151
160
154
161
144
155
147
165
152
138
155
198
149
176
160
142
157
157
143
177
173
167
179
149
164
152
171
148
160
143
162
125
142
164
175
143
139
169
143
167
169
147
158
144
124
141
142
141
147
143
127
121
130
124
135
120
141
142
133
134
130
127
123
123
117
139
112
116
126
131
126
107
118
116
135
127
115
100
118
101
106
109
135
116
99
113
113
109
100
131
122
110
104
94
116
101
95
115
104
81
104
109
96
90
110
105
112
114
104
98
92
117
113
85
92
106
109
87
110
109
119
107
109
95
111
93
83
106
99
85
97
95
96
107
94
106
107
97
114
81
92
96
92
111
97
101
84
90
89
101
94
105
98
107
92
92
84
115
98
105
95
91
98
96
111
125
79
89
92
111
100
122
98
105
97
98
93
96
104
91
113
93
109
89
94
79
82
90
99
99
95
93
91
93
84
109
89
92
93
105
94
106
95
86
79
98
98
114
88
100
91
74
97
93
86
82
89
94
101
96
98
70
124
91
78
98
99
86
103
107
92
104
112
99
95
90
100
83
84
101
92
110
83
103
96
109
98
101
92
110
102
111
124
93
110
99
114
113
127
135
120
100
130
125
114
105
118
122
113
97
125
119
124
122
130
148
131
140
124
127
132
134
126
132
124
126
140
156
132
142
138
145
133
144
140
136
159
139
141
149
156
169
159
131
171
159
166
167
146
182
174
190
173
173
195
202
192
198
229
217
314
419
603
966
1532
2355
3250
4488
5530
6564
7614
7939
7890
7214
6261
5312
4071
3232
2345
1705
1427
1099
812
654
507
434
321
251
232
169
170
119
108
117
109
101
80
67
78
72
64
75
67
68
54
70
55
56
61
62
74
66
51
50
55
58
59
66
61
53
57
52
64
53
58
76
73
66
53
76
62
54
52
57
74
61
65
50
72
46
59
54
52
68
47
52
58
47
63
66
58
64
66
55
72
45
44
42
51
60
58
50
44
56
62
54
67
50
57
56
51
50
53
58
57
59
52
51
64
47
60
48
46
57
39
46
44
63
46
42
51
53
40
50
52
38
47
46
49
51
47
46
45
43
54
49
50
43
52
58
42
49
35
46
42
41
38
43
37
41
39
44
53
51
37
36
48
49
47
42
49
43
45
48
41
36
42
45
53
35
46
36
42
34
38
49
37
33
38
39
36
35
33
43
39
39
43
38
29
35
42
50
41
27
30
36
44
37
43
36
38
29
39
36
30
32
42
29
36
34
31
43
27
34
32
34
40
38
29
30
32
27
26
36
35
30
32
24
40
47
34
35
40
42
38
35
33
31
33
30
29
30
35
30
23
37
34
30
37
25
34
32
31
30
27
32
36
27
37
34
41
38
30
40
25
24
30
31
38
27
29
41
28
29
22
34
31
37
31
33
31
26
23
28
25
34
33
34
34
20
42
42
32
24
22
28
25
26
27
24
21
24
33
26
35
18
36
16
25
28
26
28
20
31
22
25
22
22
27
26
38
29
21
22
22
18
22
28
23
24
25
28
21
30
25
30
15
25
30
20
26
23
24
23
25
30
18
28
25
25
18
22
23
29
18
21
23
27
22
25
27
21
16
28
22
24
23
28
18
25
18
26
24
19
15
22
21
18
24
20
18
15
23
26
27
22
31
21
15
11
13
24
16
16
23
19
14
25
19
19
22
24
19
11
18
18
22
20
23
17
18
23
16
21
14
24
25
21
23
19
22
28
22
24
11
22
15
14
14
21
22
20
17
17
12
24
20
22
21
18
22
17
13
17
15
23
15
20
10
25
20
15
12
18
23
17
26
17
14
11
20
18
18
13
13
19
18
19
20
25
20
17
17
16
22
24
18
17
17
23
21
16
29
13
22
19
26
11
18
11
20
20
16
25
16
24
21
18
12
15
22
15
18
18
10
14
20
19
22
19
24
9
15
24
17
12
13
11
16
24
17
17
22
27
22
22
21
15
15
26
23
20
20
27
16
16
18
24
14
18
11
15
23
24
18
18
13
20
17
14
16
16
15
16
14
14
18
13
16
20
13
22
25
26
17
20
13
23
19
13
14
14
15
18
22
20
16
13
12
13
16
20
15
17
14
20
16
17
22
27
19
17
21
15
20
14
16
17
17
22
15
20
12
18
15
15
12
19
23
18
14
19
20
18
15
16
19
21
10
20
13
15
10
18
18
13
17
18
17
21
16
20
13
22
20
21
19
23
15
20
18
17
18
13
13
8
16
17
14
18
17
18
13
18
18
8
12
16
15
17
17
19
22
12
20
15
16
18
19
20
13
10
30
14
16
12
22
14
8
14
17
29
17
19
11
11
15
14
20
14
14
17
23
8
19
12
17
16
15
20
24
14
10
15
8
15
26
22
28
26
25
20
17
14
25
22
21
22
19
24
33
28
24
23
34
26
34
31
38
32
31
35
39
28
35
43
43
33
29
34
33
40
33
47
54
49
48
54
57
39
60
34
49
47
50
58
61
62
44
62
57
57
52
46
62
60
66
55
65
68
80
67
56
76
67
71
80
84
72
81
89
74
77
85
88
94
86
102
104
119
107
122
115
117
120
114
121
146
158
194
263
450
656
1115
1594
2346
3216
4288
5251
6067
6669
6944
6629
6036
5284
4387
3538
2671
1985
1633
1147
931
670
485
412
358
232
184
145
101
92
67
51
52
35
27
22
10
12
9
13
6
10
8
4
8
9
5
6
3
11
3
7
6
3
7
7
4
8
5
5
3
8
6
4
5
5
3
3
5
6
5
6
3
0
1
3
4
3
5
1
8
9
1
6
3
3
8
7
1
6
2
5
3
4
2
9
6
0
5
6
3
7
3
5
5
7
6
6
6
6
6
6
4
3
4
2
5
5
7
7
9
4
5
4
4
3
7
5
5
7
2
5
2
5
3
3
5
6
10
2
2
7
3
7
6
7
8
2
7
5
4
1
2
5
8
4
3
5
5
3
4
5
1
4
6
5
0
6
3
4
5
2
4
0
2
6
3
5
4
4
3
4
3
7
3
1
5
5
3
6
2
4
5
4
3
7
2
6
9
5
0
4
7
7
3
1
4
4
2
3
5
2
2
2
1
7
7
5
6
4
5
5
2
3
3
3
4
1
4
4
3
4
12
4
2
3
7
3
4
3
2
10
7
5
9
2
6
1
7
2
3
6
5
4
3
5
2
2
2
5
2
4
2
8
4
3
8
3
3
6
1
0
10
5
7
4
3
2
5
5
4
3
4
4
6
4
6
4
1
6
3
3
2
3
4
3
7
1
2
5
3
3
5
1
7
4
2
1
6
5
2
4
3
3
4
6
5
9
3
5
3
2
2
3
2
3
3
4
2
4
1
3
9
3
1
2
7
4
4
4
6
4
3
3
2
3
2
3
1
1
3
3
3
5
3
4
3
3
2
6
5
3
4
5
7
10
6
5
4
4
4
2
2
4
7
1
4
5
6
2
1
3
4
2
5
0
3
5
5
1
5
5
2
3
4
4
3
3
5
3
3
3
2
5
2
3
6
4
1
5
7
6
5
4
9
2
3
2
1
5
2
3
3
3
1
7
2
2
1
1
4
3
4
4
2
4
5
5
5
4
1
3
1
1
3
2
5
1
3
6
5
2
3
2
1
4
11
5
5
2
3
4
2
3
6
1
8
2
2
4
3
2
4
4
5
3
8
7
1
5
4
3
4
1
3
3
2
3
4
3
7
8
2
3
1
2
4
5
4
3
3
1
2
4
3
4
1
1
4
2
2
1
5
2
2
3
1
5
9
1
4
3
3
3
3
3
6
6
2
3
1
3
2
0
3
1
4
2
5
4
4
2
2
4
3
3
5
4
2
2
3
3
1
3
2
2
1
3
5
4
1
3
3
2
7
2
4
6
4
3
5
5
4
4
2
5
4
3
5
7
1
1
7
4
4
1
4
2
3
2
4
8
5
2
3
2
4
1
4
2
2
3
2
2
10
4
4
2
5
2
5
4
3
1
2
3
2
3
7
2
6
5
1
3
6
4
3
6
2
0
5
5
2
6
5
5
2
2
5
3
5
6
5
4
5
3
7
8
4
4
5
5
9
13
14
26
36
49
48
41
72
78
62
51
32
49
32
22
12
19
17
11
5
9
8
5
6
3
6
4
10
2
2
2
4
1
5
1
4
4
3
8
8
3
4
2
1
6
3
3
3
1
6
2
5
2
1
4
2
3
3
4
2
2
3
2
0
2
4
2
3
2
0
5
3
0
1
5
4
2
7
3
5
1
3
5
3
6
1
4
5
1
4
5
2
3
2
2
3
1
4
5
4
0
3
3
6
1
5
6
6
5
3
3
3
1
3
1
4
5
3
4
3
5
0
5
4
2
2
3
6
5
2
2
3
1
0
1
0
4
2
4
3
5
1
4
1
1
3
4
4
5
1
3
4
1
1
4
2
0
3
5
2
4
5
6
4
3
2
3
6
8
2
0
1
1
4
7
4
4
3
5
2
1
2
7
2
2
3
3
4
2
6
3
2
3
0
2
5
2
2
2
2
3
2
2
2
0
4
6
2
2
5
3
2
4
0
2
2
5
1
5
4
3
4
3
4
1
4
7
4
4
2
3
3
1
7
5
1
0
3
3
2
1
4
7
3
2
3
2
3
2
3
2
4
1
4
6
3
5
4
3
2
4
0
2
5
0
6
4
3
3
2
1
5
5
3
2
4
2
4
2
1
6
6
2
4
3
1
3
0
2
2
3
5
1
2
2
1
0
0
1
3
2
2
3
4
0
1
2
5
1
2
1
4
1
0
4
4
3
2
3
1
0
2
5
1
2
1
1
3
1
2
2
1
6
0
7
5
4
4
1
1
3
4
4
3
3
1
4
3
2
7
3
2
5
1
1
2
3
4
4
4
3
3
3
1
4
2
2
3
1
7
0
2
4
5
3
2
2
3
2
7
3
2
2
6
3
2
6
1
3
1
1
3
1
3
3
8
3
5
2
0
3
0
3
5
4
0
2
1
7
4
1
0
2
5
2
5
1
1
3
1
4
3
3
3
2
3
2
2
2
4
2
1
2
5
0
2
2
3
3
1
0
1
3
3
3
4
3
5
3
0
3
3
4
5
4
1
1
4
5
3
5
1
0
4
2
1
0
2
3
3
3
1
3
6
2
1
3
1
2
1
1
3
2
4
2
2
1
1
5
4
6
3
1
1
2
2
2
3
1
2
1
3
1
1
2
3
2
3
3
4
1
2
2
2
6
2
1
2
1
2
3
2
3
1
4
2
2
2
3
1
3
1
3
2
1
1
2
1
1
3
2
1
2
0
2
2
4
2
2
3
4
3
2
3
1
3
0
3
5
3
0
2
1
1
2
2
4
3
4
4
1
4
3
7
0
1
2
1
2
2
0
1
3
1
1
2
0
2
2
3
3
5
2
4
3
2
1
2
2
1
3
2
2
1
0
4
5
5
1
5
2
2
4
1
2
3
2
3
0
2
3
1
2
6
1
1
1
1
1
3
2
0
4
1
1
3
3
1
0
4
2
1
3
1
1
7
3
1
1
5
2
3
8
5
5
6
1
2
1
4
0
6
2
6
1
1
2
2
4
0
4
1
4
4
5
2
4
0
3
3
5
4
1
1
3
11
4
1
5
1
3
2
1
2
0
2
3
1
3
3
1
4
1
3
1
3
4
3
0
1
5
3
0
2
6
1
3
47
66
41
47
43
43
53
53
53
55
57
50
48
64
51
52
58
52
51
61
52
52
51
51
41
50
67
62
64
53
48
63
45
53
46
37
61
52
47
58
49
57
51
46
48
50
53
44
52
48
56
46
45
56
54
51
55
51
50
42
52
61
42
50
44
52
56
61
56
55
49
46
55
51
35
52
41
46
44
41
45
52
55
44
46
39
58
48
48
39
53
60
55
56
54
51
47
46
44
57
44
59
52
42
47
45
41
40
40
46
55
50
46
58
48
42
45
56
50
44
43
48
41
47
49
37
39
21
