18
14
16
21
27
21
19
34
25
25
31
21
29
19
26
21
17
29
18
32
17
26
20
20
28
23
16
18
18
20
17
10
25
18
17
15
18
19
13
17
14
13
10
23
21
14
8
15
15
15
19
15
16
13
19
13
18
30
39
90
187
302
407
501
563
726
936
979
1147
1253
1245
1135
983
772
594
567
476
457
445
439
418
399
425
430
404
433
399
408
376
371
429
424
393
402
370
366
352
354
390
356
345
332
342
350
361
323
377
388
369
382
391
355
367
398
349
374
372
396
377
416
373
400
412
414
396
388
376
364
402
373
342
365
403
374
406
388
410
419
389
400
425
376
351
404
382
407
386
445
400
388
398
400
428
382
424
402
399
415
366
420
414
431
428
392
448
414
468
420
414
482
436
432
410
437
471
439
453
441
434
437
425
451
471
421
450
457
452
432
436
436
465
427
462
506
462
498
491
491
485
493
518
480
476
510
476
521
477
457
453
478
491
529
453
505
475
494
523
543
470
548
535
515
512
513
543
503
593
555
544
518
554
550
507
567
581
536
522
514
580
588
573
566
562
600
534
545
569
544
568
523
552
561
615
612
641
601
598
561
597
571
627
572
590
586
605
583
586
571
654
609
631
604
616
590
627
620
600
615
607
622
654
600
705
599
583
629
654
613
634
656
622
619
661
646
619
644
679
662
645
675
640
652
647
659
643
628
713
683
647
634
722
662
637
667
627
675
665
637
696
623
612
721
645
681
688
668
716
661
700
687
672
679
739
665
657
627
664
722
754
656
730
656
704
629
675
666
663
711
658
671
697
690
633
699
695
687
712
647
673
680
651
695
726
695
650
602
694
681
665
687
682
740
665
675
711
694
664
688
675
669
692
683
687
706
711
674
664
703
686
685
704
712
711
628
714
709
645
715
657
711
718
662
723
669
699
690
677
714
680
663
674
651
707
721
683
694
658
708
697
685
673
748
707
654
688
649
697
701
698
684
712
709
707
695
687
699
769
676
660
704
670
743
725
698
701
667
693
695
681
691
668
721
706
700
691
693
709
675
647
719
698
681
686
648
691
678
692
689
697
706
690
705
672
687
708
685
712
687
706
733
715
761
731
716
727
742
745
696
684
713
664
687
687
645
721
715
721
705
728
704
679
697
721
727
692
707
730
702
692
737
732
718
644
677
713
705
761
749
701
786
682
718
694
698
682
686
687
685
720
667
730
718
701
724
677
725
706
752
681
695
708
734
762
713
740
671
701
689
704
753
721
694
722
719
716
650
697
716
718
681
661
705
723
730
661
748
699
714
659
678
664
728
617
668
740
679
703
729
727
670
717
685
674
613
684
706
718
671
732
720
752
692
682
681
681
698
668
678
731
715
715
719
726
656
664
663
719
671
714
710
670
654
681
688
634
679
692
706
685
695
670
695
681
671
677
651
714
723
652
701
665
651
651
646
659
714
691
733
667
690
670
665
717
662
684
682
656
701
668
767
676
702
675
694
693
676
652
682
697
657
717
646
675
701
723
677
698
672
693
679
707
653
644
696
717
679
690
721
672
712
649
666
661
655
671
709
688
697
664
692
629
688
682
671
657
730
664
680
709
663
661
666
651
643
637
684
671
694
610
661
644
672
655
661
687
679
696
691
716
648
633
650
656
681
678
695
708
688
651
661
669
693
585
665
684
677
712
711
640
658
659
681
668
673
655
688
701
697
641
678
660
730
636
685
690
660
663
671
700
703
692
682
694
687
667
711
694
662
689
741
647
703
695
697
635
704
729
716
702
686
698
725
659
692
709
698
739
717
709
749
718
716
726
698
741
723
717
735
675
711
738
753
727
725
688
755
750
728
718
731
739
752
709
797
749
702
730
740
739
733
770
761
791
711
790
764
784
713
826
798
816
782
789
781
776
882
764
761
822
830
778
781
821
770
801
803
783
764
803
801
803
834
806
852
792
787
787
795
817
834
844
850
826
817
840
842
855
841
840
847
808
864
791
842
865
818
876
842
830
850
846
872
818
877
867
853
828
841
851
818
875
839
853
797
857
843
830
879
852
863
843
816
864
854
863
814
870
815
851
860
889
775
824
838
804
853
850
873
841
823
836
806
851
763
793
855
814
813
811
823
832
792
811
873
785
850
829
807
769
770
792
799
770
753
825
771
778
767
752
788
801
805
819
760
776
813
764
791
777
741
801
800
823
776
767
744
716
775
743
735
734
782
696
768
732
758
753
767
731
749
758
725
742
726
732
758
730
719
722
752
741
701
668
685
776
753
707
690
745
705
722
686
695
753
755
681
690
672
712
687
646
705
658
678
688
710
698
680
679
667
670
696
634
633
669
644
670
675
701
710
647
619
689
670
671
661
649
648
635
633
619
663
666
651
633
662
576
639
674
605
638
632
709
644
591
642
660
617
633
595
647
639
634
564
663
614
678
583
598
628
632
671
657
635
633
592
643
601
597
586
603
629
570
616
603
612
623
613
562
608
605
617
617
619
579
596
612
629
553
597
594
570
626
630
550
539
544
596
581
620
599
591
536
567
574
594
580
595
582
584
559
576
572
593
579
583
581
554
552
535
547
535
571
547
571
540
563
571
571
538
560
579
580
575
607
548
580
536
545
540
546
565
560
535
514
556
563
534
577
538
551
519
560
554
520
536
554
517
523
519
552
487
498
545
522
537
541
581
533
543
530
566
476
546
556
483
548
544
534
560
512
566
545
521
519
526
533
544
497
512
466
508
547
524
511
534
513
514
551
520
522
521
530
547
520
539
536
517
514
557
522
506
514
501
524
514
527
587
534
516
512
497
540
492
479
511
491
517
502
534
500
497
511
504
497
548
497
464
543
533
522
488
524
485
468
526
503
507
516
553
469
482
524
507
467
527
484
510
495
528
534
506
491
491
493
505
549
462
486
467
508
507
516
498
519
508
515
539
507
493
504
532
497
479
505
508
491
460
472
438
516
529
484
463
518
484
472
491
492
471
472
496
481
470
488
464
462
499
488
482
465
470
474
512
516
510
489
476
487
465
468
472
481
438
497
448
459
503
493
457
477
479
434
454
457
477
472
474
428
466
494
485
443
464
425
463
462
520
469
447
458
471
481
500
454
482
467
467
457
438
431
448
452
445
467
456
471
443
454
459
482
472
466
484
423
471
468
483
417
473
447
455
456
467
458
471
466
452
462
460
453
424
421
426
470
511
452
415
430
433
470
457
453
463
464
484
483
470
443
428
497
457
447
469
497
444
450
445
452
464
435
445
410
415
451
466
393
443
429
476
426
461
429
420
458
446
426
458
400
475
444
439
445
477
408
394
437
479
456
413
379
433
445
467
467
455
464
433
457
427
473
427
412
428
437
423
425
436
402
409
443
420
453
419
433
441
452
409
426
381
438
432
449
403
435
416
430
437
417
426
419
453
410
438
436
415
450
425
411
419
458
449
430
416
428
462
434
444
443
384
399
413
390
415
421
424
424
401
397
415
383
458
448
424
445
441
389
403
432
397
448
410
422
429
395
418
393
403
403
407
412
395
425
461
374
421
410
383
431
409
429
381
421
410
413
423
379
413
386
431
379
427
418
435
404
393
403
385
408
410
434
384
405
395
408
404
418
398
445
368
440
409
411
380
405
405
398
376
393
371
406
407
401
445
404
376
372
397
429
413
409
401
368
365
424
408
371
393
398
388
419
388
385
441
442
394
427
414
386
380
409
379
398
427
413
379
412
396
390
412
375
383
363
384
409
403
377
396
352
397
387
361
422
387
396
421
348
439
379
379
375
382
393
405
407
407
383
360
392
404
365
422
344
397
413
402
387
381
404
396
427
373
419
364
368
383
398
424
386
375
400
393
387
399
392
381
389
405
392
412
383
375
381
416
382
383
386
375
372
394
390
357
375
381
407
411
364
368
385
369
376
369
399
404
390
400
382
392
367
382
394
373
354
379
390
420
375
364
389
394
374
394
390
408
397
386
391
343
416
366
336
370
381
380
348
344
361
384
393
375
340
348
353
368
382
347
380
410
393
338
360
391
372
351
388
377
344
357
356
398
361
376
405
358
380
349
362
393
370
338
368
344
372
358
372
333
398
350
363
393
373
375
378
382
327
389
364
378
349
361
380
374
355
380
356
355
383
379
354
378
351
384
387
388
377
346
393
387
340
338
353
365
341
356
378
395
398
380
349
377
339
364
344
341
354
366
384
375
340
383
400
371
352
347
374
415
357
355
376
385
337
385
339
339
361
350
383
363
358
374
401
371
381
357
371
364
370
337
362
382
339
376
370
359
354
351
351
361
381
365
359
371
393
398
328
381
331
378
352
380
416
358
344
356
398
344
358
360
335
368
359
358
360
368
384
395
331
375
385
363
349
350
361
354
323
402
358
351
324
362
388
351
364
375
356
361
354
389
344
368
346
371
338
341
375
376
375
335
342
339
358
364
336
354
384
342
372
323
354
363
325
382
357
338
384
368
352
379
378
382
318
346
318
368
377
358
396
361
353
400
330
371
354
340
339
384
356
363
366
320
360
355
370
344
366
331
358
366
348
323
353
358
398
376
347
360
344
367
401
332
335
369
344
335
366
368
332
340
336
330
342
325
339
335
362
343
315
354
330
333
325
363
352
355
370
342
364
358
324
331
380
386
358
363
358
343
357
358
360
347
344
363
363
406
345
340
342
352
348
333
357
353
364
345
342
373
362
371
384
366
362
354
327
401
355
345
381
378
365
349
342
338
378
363
349
353
333
327
331
343
374
360
376
346
344
351
362
354
354
346
373
380
348
339
373
333
399
359
365
356
351
314
358
343
381
333
379
341
366
360
354
348
320
353
378
341
326
362
347
356
325
366
381
338
363
361
353
372
372
340
338
352
341
325
378
378
334
353
378
340
377
351
340
378
379
313
368
344
342
378
313
350
368
336
333
349
334
347
344
365
309
349
379
385
327
359
332
337
351
343
331
353
337
367
342
345
345
347
314
359
348
348
338
351
333
344
356
354
304
333
370
313
313
309
329
352
303
339
339
376
347
332
340
327
355
334
366
334
336
347
312
345
372
325
342
346
366
329
341
320
337
327
320
328
346
359
340
331
342
355
358
336
335
345
337
315
350
351
338
362
373
327
383
305
385
330
348
354
372
318
362
330
339
329
332
372
335
336
323
348
380
324
331
320
363
321
331
355
364
315
320
346
349
343
333
301
344
325
348
346
318
365
329
342
344
376
379
372
364
339
344
342
330
339
335
357
303
341
357
333
353
343
327
309
321
301
334
352
384
355
359
334
317
323
337
346
346
321
302
345
341
288
315
354
350
353
352
344
341
328
370
338
341
350
356
362
355
336
326
346
333
311
343
364
347
326
338
309
338
346
360
338
369
320
333
343
363
338
347
357
334
363
321
321
327
338
339
346
375
338
384
342
323
324
343
352
340
339
324
343
348
338
340
341
373
336
337
340
341
324
323
344
356
342
330
344
354
301
327
350
346
336
325
317
326
329
355
362
345
343
346
376
347
354
343
340
341
372
302
325
333
341
296
351
322
332
349
327
314
345
340
343
355
321
323
329
346
309
341
370
332
306
363
358
346
322
353
338
342
322
369
339
333
322
350
327
347
337
347
330
350
395
376
333
382
347
364
343
383
352
334
360
347
353
321
308
319
298
364
364
336
307
346
322
363
343
331
353
351
370
384
348
312
340
334
372
367
313
331
353
310
344
346
341
356
372
344
325
317
330
360
333
326
322
370
326
326
312
338
311
317
316
347
352
317
351
322
329
329
328
316
270
301
319
312
321
330
336
364
312
324
338
356
334
324
323
341
301
344
328
336
324
369
334
300
337
367
324
341
343
349
322
335
334
323
331
336
334
338
325
362
337
325
315
360
353
339
344
328
328
363
332
319
364
343
313
298
343
337
340
327
340
338
331
312
303
312
340
369
318
365
328
324
359
352
336
325
332
344
346
336
360
364
359
357
354
342
354
335
343
336
321
328
343
354
359
345
343
347
331
335
344
337
324
339
325
384
332
369
326
353
357
367
344
374
329
350
355
311
339
341
350
348
326
346
350
359
343
365
309
358
347
363
334
328
367
324
361
347
332
326
328
317
291
324
349
373
302
336
368
334
311
346
332
328
324
339
345
321
358
339
342
335
355
346
338
323
291
365
335
338
343
337
350
360
320
366
316
333
311
348
327
347
334
339
312
309
348
328
325
354
329
339
347
333
331
324
334
355
354
332
365
375
370
290
327
332
345
350
325
315
318
335
330
335
324
308
335
340
311
351
308
319
319
338
349
351
335
328
322
331
324
340
366
327
318
337
322
334
355
322
334
331
341
338
337
308
337
344
354
349
345
357
323
335
321
332
336
345
351
344
352
325
333
340
318
355
335
332
355
352
348
324
357
336
327
306
298
342
336
300
327
309
312
315
318
341
339
328
357
318
335
329
340
342
339
351
343
347
335
375
319
343
341
332
307
355
364
351
345
320
345
336
321
357
338
341
354
340
348
352
360
323
313
338
338
352
363
330
360
354
345
336
346
338
348
339
371
336
334
328
334
356
367
358
318
309
316
363
362
320
352
342
318
338
354
322
329
341
291
345
350
342
294
346
349
346
335
322
340
345
367
334
324
328
348
314
391
382
332
338
320
340
365
353
329
353
370
364
331
333
335
336
344
325
334
356
339
308
370
355
327
328
391
346
346
350
329
356
334
322
366
354
356
357
356
381
326
370
350
373
318
318
391
324
353
310
343
319
362
334
314
346
338
351
324
287
341
346
339
338
335
384
343
363
334
323
361
349
345
314
355
346
337
337
325
341
339
321
371
303
319
336
383
340
342
368
321
331
341
361
356
325
348
365
306
365
335
340
301
292
347
371
365
356
338
352
331
350
328
340
341
326
354
338
320
347
345
341
328
336
350
361
338
340
332
349
341
329
360
303
344
353
330
364
357
347
359
355
353
351
341
331
362
359
343
362
371
355
288
339
356
374
383
331
352
357
354
357
334
352
363
309
357
330
365
334
357
348
367
340
393
332
360
337
381
332
388
314
363
349
365
363
339
340
323
340
344
364
317
325
340
334
365
345
337
319
356
340
370
338
349
332
350
371
402
331
368
333
379
343
349
379
374
376
309
357
348
374
365
322
321
335
369
377
345
360
335
331
369
375
342
357
351
339
340
371
339
319
359
316
344
325
345
356
358
351
338
371
376
287
368
349
367
360
362
331
396
392
351
346
352
374
330
353
369
355
360
361
347
344
371
337
356
341
345
357
332
341
375
356
336
347
347
325
355
372
401
365
361
346
382
365
349
362
340
374
358
395
376
372
364
354
341
321
357
341
365
320
375
403
393
388
404
348
375
355
374
377
374
375
366
398
384
384
342
382
366
366
370
307
354
359
339
329
379
356
328
357
358
372
368
341
363
395
358
386
352
389
357
358
366
357
349
348
359
379
378
358
384
355
321
343
370
366
374
352
374
389
394
354
373
343
349
376
389
327
367
378
380
401
344
388
374
368
353
364
353
352
382
358
338
352
340
333
377
369
356
382
367
375
393
371
352
404
393
354
373
389
362
373
342
375
342
370
391
386
363
362
393
396
353
400
370
405
384
327
361
371
394
362
383
344
388
369
377
404
361
388
375
375
408
374
379
400
364
379
408
387
384
412
386
378
401
351
398
377
377
379
408
375
343
378
387
398
362
384
399
409
376
404
364
406
373
395
379
413
370
358
401
426
371
370
396
408
410
398
388
376
381
413
408
421
379
368
392
363
421
381
364
375
359
412
407
406
416
387
378
379
360
395
397
369
392
396
401
391
418
382
409
378
368
423
403
412
402
412
396
373
398
421
373
357
387
387
438
374
376
422
407
382
395
369
395
371
389
400
423
393
390
386
416
422
433
424
399
395
408
387
369
411
410
399
380
370
354
404
394
383
421
364
430
395
417
394
380
365
408
431
352
400
374
392
413
381
400
380
403
402
436
409
405
396
417
419
409
406
407
420
425
427
353
396
357
371
395
400
417
387
366
434
345
367
411
390
385
442
392
429
427
406
406
408
403
418
404
419
391
362
426
434
397
380
381
387
436
403
390
419
403
419
388
417
397
383
400
421
391
411
432
438
392
393
429
372
423
398
404
394
393
409
386
396
400
438
413
389
415
407
387
383
426
435
395
409
377
432
420
405
424
419
420
433
386
383
435
411
403
399
393
433
429
373
418
424
395
409
375
419
377
418
405
399
423
443
464
390
422
408
374
400
380
402
416
403
399
394
433
419
419
436
416
390
436
433
380
443
433
409
431
415
399
389
398
414
433
430
378
417
411
393
391
389
392
376
381
432
399
402
406
429
390
361
409
419
434
438
411
402
433
412
393
412
403
416
408
382
398
408
393
415
437
418
398
398
388
434
407
377
406
397
396
437
433
400
399
413
409
393
427
414
393
406
417
392
408
403
420
432
426
401
416
380
411
421
433
384
417
402
405
390
403
407
389
432
380
418
390
373
385
408
394
401
392
426
371
388
381
411
410
366
405
376
418
396
405
378
388
374
382
406
415
411
399
373
384
396
412
391
363
360
361
390
406
385
370
421
426
375
375
364
356
411
417
375
380
384
383
399
355
384
389
383
349
414
370
377
350
373
383
371
366
373
375
370
363
387
374
371
374
399
343
387
367
382
405
343
362
396
407
361
339
353
389
369
331
398
383
333
381
361
382
339
348
344
352
394
358
368
341
360
395
355
395
366
349
365
372
394
336
346
369
371
376
356
346
352
346
343
353
312
336
331
343
352
329
349
383
341
346
327
349
341
332
376
355
339
315
357
352
344
371
361
355
328
337
369
366
356
312
339
314
346
363
307
364
332
345
339
294
328
321
334
339
354
350
308
322
307
321
349
292
321
314
312
321
354
337
316
337
326
299
338
334
291
307
304
326
314
282
322
307
325
332
311
300
323
298
303
324
309
303
316
306
316
298
336
264
316
281
308
291
297
298
304
306
295
278
333
325
282
317
330
309
293
268
331
314
291
338
300
281
275
300
283
312
303
303
305
286
338
306
297
320
293
308
293
305
296
301
308
269
303
277
259
310
289
288
281
280
301
278
286
267
301
277
278
294
278
274
300
284
282
288
311
312
298
289
268
285
298
275
289
278
284
282
283
313
273
284
290
239
284
298
298
274
285
281
304
286
265
307
293
285
279
319
297
263
247
282
290
290
279
270
257
286
288
294
271
260
269
286
283
246
303
272
298
290
250
268
284
281
274
269
309
285
301
268
250
287
266
263
274
264
267
283
292
275
263
274
314
261
311
290
291
277
272
304
277
258
287
262
272
289
258
306
269
257
254
225
268
281
267
281
253
293
251
267
254
275
288
287
248
259
269
299
254
287
285
272
282
248
248
257
261
271
270
249
264
313
271
276
273
258
241
251
279
266
265
267
258
259
211
257
281
271
320
264
254
277
265
245
280
286
287
267
253
267
272
271
257
266
260
262
236
277
248
241
258
274
286
283
272
232
256
275
285
249
253
260
257
258
258
276
264
238
227
252
278
270
278
254
259
250
236
257
268
251
245
230
257
262
242
272
241
251
239
236
271
250
256
264
249
269
300
259
260
268
241
252
287
244
242
250
274
270
264
266
253
259
291
259
268
236
264
261
304
252
256
273
252
263
261
267
268
250
246
277
271
249
247
276
260
232
274
268
255
243
268
231
238
240
252
251
233
249
276
260
264
269
267
263
234
226
250
261
258
257
247
240
252
255
229
253
216
271
241
249
223
258
242
264
254
252
239
242
240
236
256
246
273
264
238
274
268
260
220
272
224
233
210
259
236
237
241
263
251
256
232
261
239
239
248
253
251
214
233
242
253
237
224
246
261
212
234
235
267
226
238
264
241
243
236
217
247
241
253
245
232
230
222
215
270
241
246
228
223
250
233
232
253
248
217
246
201
266
221
243
239
244
241
257
234
235
231
257
221
236
234
231
268
239
233
234
237
213
254
249
239
240
238
259
229
239
257
238
270
259
243
192
247
253
244
275
261
241
241
244
234
225
251
270
255
235
243
268
275
231
242
264
264
284
224
244
241
254
247
247
264
253
268
253
274
256
245
255
247
241
264
259
256
271
258
246
261
287
289
293
265
238
260
265
238
286
288
259
270
281
294
262
269
300
298
274
279
282
295
330
271
298
279
286
328
286
291
317
330
296
284
307
293
309
303
278
300
317
307
328
311
320
295
351
294
319
324
306
358
345
338
301
336
364
385
346
361
389
305
377
333
352
359
329
344
335
351
404
399
388
350
365
405
367
391
380
395
368
408
413
372
409
353
409
409
387
422
425
412
424
445
427
404
436
451
399
409
456
464
458
466
481
469
455
442
429
455
470
505
482
487
476
497
520
460
545
518
510
472
523
517
522
543
507
559
544
542
523
553
560
533
580
551
572
572
584
595
588
545
639
539
609
620
584
627
566
603
601
643
606
654
628
618
684
646
662
616
669
657
673
670
678
632
733
648
661
720
640
667
662
692
703
660
674
731
759
739
710
753
720
770
764
730
753
724
797
720
765
754
732
729
797
780
830
792
822
821
839
843
816
780
820
817
819
852
888
862
866
885
869
828
906
851
833
916
837
896
907
852
873
858
887
958
932
905
957
963
914
891
932
904
880
933
965
884
906
978
960
963
943
907
946
962
950
959
994
1008
971
981
1018
955
1004
985
995
990
961
1024
1012
1006
967
1041
1016
998
1060
1028
1031
1031
1026
1025
1096
1022
1047
1060
1033
1031
1054
1085
1036
1066
1033
1077
1100
1095
1054
1073
1095
1064
1027
1018
1029
1104
1043
1147
1084
1109
1092
1075
1071
1013
1011
1069
1130
1018
1085
1116
1021
1118
1053
1066
1084
1043
1147
1060
1072
1060
1133
1084
1079
1061
1169
1067
993
1126
975
1099
1088
1067
1073
1061
1065
1121
1111
1134
1082
1102
1063
1098
1067
1064
1037
1125
1085
1123
1067
1119
1041
1067
1034
1034
1081
1053
1042
1029
1029
1070
1070
1054
1069
1060
1058
1026
1046
1059
1029
995
1007
1040
1026
1086
1057
1028
1007
1032
1000
1013
1065
979
973
1045
942
945
961
976
1018
1002
985
970
980
977
926
978
985
963
931
951
954
964
945
955
920
896
943
923
921
914
935
895
869
948
863
881
901
823
900
879
800
891
896
859
908
892
864
884
822
842
859
857
795
814
816
802
796
803
801
798
787
788
818
782
787
749
752
750
763
785
720
766
726
682
736
695
712
738
721
693
701
682
696
722
723
670
727
645
661
683
655
625
620
663
599
628
640
648
625
603
605
541
609
603
604
656
598
576
542
561
556
534
557
592
548
573
498
543
515
528
531
537
529
509
532
508
504
475
488
486
505
481
462
489
438
495
516
511
495
491
478
458
436
425
433
423
440
460
460
455
434
460
437
414
451
422
408
407
439
402
403
390
419
398
373
364
377
385
388
365
338
343
377
390
393
373
359
349
363
345
357
333
351
355
325
354
329
351
324
357
341
323
320
311
350
292
348
321
350
300
305
335
297
326
271
305
290
288
322
316
312
284
304
271
295
281
299
320
335
268
249
288
275
270
300
290
311
273
316
276
320
266
303
277
256
279
234
274
263
292
259
300
307
243
281
282
272
273
290
234
274
284
271
247
308
295
284
287
292
299
273
274
294
291
257
300
272
282
289
267
269
319
272
275
283
280
274
303
293
298
268
310
291
298
287
283
315
292
290
317
283
276
300
268
289
294
269
296
288
299
291
298
282
315
295
330
337
304
320
301
376
322
322
307
327
347
342
350
330
377
349
354
359
367
350
315
341
401
367
364
333
339
366
372
361
399
347
394
347
374
387
403
383
392
383
370
412
387
367
396
382
380
400
401
427
426
420
428
428
427
401
413
413
406
419
438
451
444
459
448
449
444
452
462
490
466
488
448
483
475
478
484
469
464
489
488
494
480
494
480
508
556
518
511
516
495
499
515
512
579
532
533
585
476
544
558
598
522
577
507
525
581
542
572
569
542
565
559
572
533
594
556
561
620
575
630
646
631
570
601
626
580
626
615
660
645
662
631
612
646
614
620
631
628
721
685
682
693
678
654
735
689
668
695
668
692
711
723
683
709
651
750
675
712
732
745
720
711
711
688
788
722
733
741
756
720
753
772
748
725
708
763
786
762
741
779
738
791
705
742
776
793
762
783
772
783
799
777
834
834
777
778
783
771
803
815
774
834
863
876
843
835
823
769
854
773
823
812
814
824
813
851
850
791
831
851
828
838
851
871
845
817
857
873
891
842
823
875
817
917
860
876
801
895
874
882
888
853
833
870
891
869
898
892
868
848
837
883
859
886
813
906
836
895
858
927
895
882
889
893
894
866
906
832
886
922
873
872
830
917
884
874
844
932
850
897
910
902
866
820
823
840
896
864
834
871
798
818
912
855
903
785
811
834
865
808
842
844
832
831
815
828
841
873
848
835
878
822
802
818
872
810
775
873
867
824
850
848
822
761
834
847
802
804
719
821
833
786
830
770
774
832
797
794
804
783
811
795
799
692
775
758
767
778
749
776
768
755
800
750
732
711
766
726
770
710
696
713
701
700
726
669
637
691
713
719
677
711
644
694
650
663
667
734
681
672
663
675
637
665
669
661
651
650
624
629
650
643
621
605
615
590
628
572
582
605
548
588
613
572
576
553
565
579
598
572
561
578
561
523
518
548
563
547
535
540
560
514
537
508
544
550
493
512
484
492
485
489
505
487
504
457
522
505
437
430
498
433
435
506
445
515
459
457
453
440
413
426
425
446
413
390
414
424
371
406
382
409
365
385
371
385
372
400
339
372
361
392
356
351
361
326
376
340
355
345
330
335
338
314
343
333
358
349
315
282
315
313
320
324
300
269
311
272
302
299
320
315
290
278
254
245
290
274
269
290
281
274
266
258
244
277
275
255
258
263
266
249
237
230
244
267
219
205
220
236
229
246
214
240
227
232
238
221
220
205
225
192
187
209
187
191
205
209
199
176
201
185
189
181
199
172
225
191
190
211
185
201
157
154
190
172
186
158
138
190
183
168
161
158
175
166
135
128
156
144
137
173
157
163
164
166
131
148
136
138
149
139
144
115
135
148
123
132
147
140
135
148
126
135
146
119
124
123
114
126
123
140
120
119
126
124
142
124
112
107
113
126
135
121
118
95
128
112
120
101
107
119
104
92
89
110
108
109
127
86
99
117
99
105
83
101
92
87
104
92
116
111
118
111
91
96
99
98
76
90
111
88
98
90
103
82
88
99
74
97
90
67
93
82
94
93
70
83
96
82
86
70
89
86
72
69
74
68
84
91
90
78
83
76
61
80
80
66
78
75
82
87
63
61
76
76
72
82
72
68
65
67
77
56
84
70
65
56
72
72
62
62
53
89
81
66
65
60
67
62
58
67
70
69
58
66
62
65
49
68
55
60
56
52
55
64
66
69
66
47
66
57
62
58
49
62
71
45
55
43
63
57
49
61
51
54
78
62
42
61
51
51
47
50
52
52
49
45
61
42
47
55
53
52
47
42
47
44
48
49
46
50
44
53
35
40
38
41
47
42
32
42
36
45
47
45
56
50
33
37
30
46
48
35
36
41
39
51
41
39
53
42
51
36
34
38
35
32
38
37
24
39
35
34
33
37
24
35
36
40
48
34
41
43
37
33
31
36
41
27
32
31
25
38
35
34
32
33
32
25
33
32
30
33
29
38
32
22
28
25
25
19
27
25
37
23
28
17
37
21
24
20
25
20
27
28
34
29
35
24
27
29
27
22
28
29
23
31
35
19
26
24
18
27
21
16
22
18
21
28
20
16
22
25
27
27
19
19
15
25
23
23
17
27
23
25
25
31
15
26
18
21
18
18
20
17
22
16
18
14
18
16
15
20
22
17
15
26
15
17
18
14
10
23
21
17
17
18
22
22
16
19
12
17
10
17
9
13
14
18
13
20
13
12
20
17
13
17
19
20
16
11
12
17
13
15
12
16
19
18
19
10
13
11
19
7
10
14
11
17
12
20
9
18
13
10
15
18
12
16
14
16
11
10
15
10
11
16
16
9
10
7
11
12
10
18
14
6
11
9
5
9
14
10
7
10
10
8
7
9
9
10
10
13
11
6
7
7
7
11
13
15
9
13
11
10
8
4
15
9
11
7
10
8
5
14
8
12
9
15
9
12
6
10
8
9
8
4
7
11
12
7
14
12
6
8
15
8
12
9
8
11
7
12
8
9
6
13
7
10
4
6
9
6
14
8
12
8
6
7
3
4
5
10
7
11
5
4
5
10
7
7
10
7
13
9
7
5
6
12
5
11
8
11
5
7
4
7
10
9
6
6
13
6
9
9
6
11
11
7
8
5
8
7
9
6
8
9
8
6
6
2
7
7
10
6
11
9
5
3
11
4
1
7
7
9
9
5
10
4
4
12
8
9
7
8
8
9
9
6
7
4
5
6
3
5
5
4
10
11
8
8
13
3
12
3
9
9
13
5
13
7
7
6
7
10
10
9
10
4
11
10
8
4
6
4
10
6
6
6
5
7
6
9
8
7
3
9
10
4
6
5
5
8
5
6
4
6
5
4
8
4
5
5
11
9
5
2
6
3
7
7
7
9
12
5
9
4
7
7
7
7
6
6
7
4
10
6
3
8
10
12
3
6
10
12
2
7
8
7
4
5
7
6
7
3
4
6
6
4
5
2
6
3
8
5
6
6
7
10
6
5
6
3
7
5
9
4
5
9
3
6
8
3
2
7
9
3
5
7
5
7
4
7
11
7
7
9
7
9
11
5
4
7
9
7
2
7
7
3
6
7
11
2
3
5
4
5
6
8
6
7
7
3
8
4
3
10
3
7
8
3
6
5
6
6
9
9
6
6
3
4
8
9
3
4
6
4
4
2
8
10
5
8
5
3
3
6
5
6
11
3
10
8
2
3
6
6
5
9
2
5
3
3
7
3
4
5
1
6
4
3
9
8
6
4
2
5
5
2
4
4
6
7
7
5
6
8
3
5
5
7
7
4
7
4
5
1
8
3
4
5
3
3
7
4
3
3
4
2
4
7
5
4
3
2
2
6
4
5
4
6
6
6
5
3
4
5
1
5
9
6
5
5
5
7
8
10
6
3
3
5
6
5
4
5
2
5
1
2
5
5
5
5
4
6
5
5
5
3
3
5
7
7
8
4
7
4
5
10
6
1
6
6
2
6
6
4
3
3
5
7
2
6
2
2
5
2
8
4
1
2
2
5
7
6
6
4
5
2
6
1
4
5
4
4
7
8
6
2
5
6
4
0
3
3
3
6
5
3
7
5
11
3
6
4
7
6
4
4
6
5
4
2
6
3
3
5
3
8
2
2
7
5
6
4
5
3
5
3
8
6
3
4
7
4
5
5
3
2
4
5
5
5
3
1
5
1
5
4
3
4
6
3
3
6
2
5
7
2
5
7
7
3
5
4
5
7
6
7
3
1
3
4
6
4
9
3
6
5
3
6
5
4
3
9
5
6
7
6
5
8
2
3
3
5
3
7
11
4
2
3
4
3
1
4
6
3
4
4
3
5
3
3
9
3
3
8
5
6
6
2
2
6
2
1
7
7
6
2
6
5
2
6
5
6
3
3
6
5
2
4
4
6
2
2
4
6
3
5
6
6
5
4
6
5
8
4
6
6
1
5
3
6
7
2
6
3
4
2
0
5
2
4
6
1
7
2
4
5
6
3
4
5
3
6
6
1
2
1
4
5
2
6
4
6
2
3
6
2
5
3
3
8
0
0
3
5
4
7
3
4
9
4
5
7
5
3
3
6
2
4
2
4
11
4
9
4
2
9
4
3
5
7
2
6
5
5
6
7
3
3
9
2
4
6
2
1
4
4
3
3
3
1
1
7
7
3
4
3
6
1
6
4
10
8
4
4
4
1
2
3
5
6
3
0
4
6
4
8
8
3
3
9
6
4
2
2
6
3
5
3
3
3
9
1
8
6
5
6
0
4
1
2
6
8
4
2
5
6
4
7
10
2
6
2
5
3
6
3
1
2
8
7
1
3
3
2
8
2
6
3
9
1
4
11
4
6
2
3
7
4
4
6
8
3
3
11
2
3
3
5
9
6
4
6
3
4
3
7
4
2
12
5
5
6
2
3
7
5
6
5
3
3
6
5
3
2
4
3
2
4
5
3
5
6
3
4
0
3
6
7
4
2
5
5
8
4
3
5
4
4
5
9
7
1
6
7
5
1
4
2
4
2
6
5
6
7
5
5
4
6
4
3
4
2
9
7
1
3
5
5
3
4
2
0
4
5
3
9
0
0
6
6
6
3
8
1
5
5
0
4
8
6
2
4
6
4
7
1
2
1
5
1
6
7
8
5
6
5
3
4
2
3
8
4
4
6
3
4
6
3
2
1
2
3
5
8
5
5
4
3
5
4
4
3
5
5
9
5
8
4
4
5
5
4
3
5
3
4
3
5
3
4
3
4
6
3
4
3
9
2
3
8
5
3
5
3
4
3
2
5
2
7
5
2
3
1
3
2
7
3
3
4
2
5
3
4
3
3
4
3
9
3
1
3
4
3
3
5
6
5
6
5
3
4
6
7
4
5
6
4
3
3
1
2
6
2
2
9
8
3
3
2
1
3
3
6
2
1
6
5
6
1
3
2
5
4
5
2
4
5
3
3
5
3
8
2
2
5
4
3
1
1
9
1
5
5
6
6
2
2
3
3
3
4
1
0
4
2
3
4
4
6
2
0
3
2
6
3
2
5
4
5
6
2
1
1
2
3
3
4
5
1
2
3
7
2
3
2
3
4
4
2
2
8
3
2
3
3
2
10
4
5
1
6
3
4
3
2
7
3
6
1
6
4
3
7
3
2
3
4
4
6
1
4
3
9
5
3
4
0
5
2
2
1
8
1
3
5
1
6
3
5
2
2
4
5
4
3
5
2
4
1
8
3
5
6
3
1
4
4
4
3
3
8
4
5
7
1
5
5
5
3
4
2
2
2
1
2
2
3
4
1
2
1
4
1
1
4
6
3
2
1
4
4
2
2
5
4
3
7
7
3
2
4
2
5
5
6
2
2
3
4
2
6
2
6
2
4
5
6
7
2
3
4
3
5
5
0
5
6
2
7
1
5
4
3
2
5
4
5
0
6
5
6
4
2
2
0
1
3
0
6
2
2
4
5
4
2
2
3
7
3
1
3
4
2
3
6
2
3
4
4
1
2
0
4
3
4
1
2
1
4
3
2
1
1
5
3
7
3
2
5
4
2
4
4
5
2
6
4
5
7
3
4
2
2
2
7
5
3
4
3
3
3
2
4
2
4
4
6
4
5
3
2
7
1
4
5
2
0
4
5
4
7
3
3
3
7
5
7
3
2
0
4
5
3
5
5
8
6
3
5
1
1
6
2
6
0
1
1
2
3
2
2
2
4
2
3
2
8
3
4
1
4
2
5
5
1
2
3
3
2
3
4
3
2
2
7
4
3
4
1
2
5
3
5
3
6
2
5
2
2
3
2
7
4
2
1
6
1
0
8
3
2
1
2
5
3
2
2
6
1
3
4
4
1
4
4
1
6
0
4
1
2
5
3
1
1
2
4
1
1
5
2
2
5
4
2
4
2
1
5
2
6
3
2
2
0
2
4
1
3
5
5
0
4
3
4
1
4
5
5
3
3
1
3
2
4
6
3
2
5
3
3
3
1
2
3
4
3
0
1
6
4
1
2
2
4
4
1
2
4
5
5
3
0
4
2
2
1
1
1
3
4
1
4
4
3
4
6
2
1
5
2
2
1
3
4
2
1
6
3
2
3
4
2
7
2
4
3
3
5
4
3
2
3
0
0
1
4
2
3
5
3
1
5
4
5
4
1
5
6
7
2
4
2
1
2
4
3
2
2
3
2
6
3
2
5
4
2
2
2
0
1
3
2
5
1
5
3
1
4
0
4
4
5
3
3
2
5
3
2
2
4
6
2
2
4
1
3
1
2
1
4
4
2
2
1
2
1
2
1
2
3
5
3
5
3
4
3
2
1
2
1
1
3
1
2
2
1
1
5
5
3
5
1
0
4
4
5
4
2
5
4
5
1
5
4
4
2
1
2
4
0
1
2
2
2
3
3
2
3
6
2
2
4
2
2
3
5
4
4
0
4
0
3
3
5
3
0
2
4
2
2
5
2
2
3
4
2
8
3
3
2
2
3
8
3
7
1
5
5
1
7
4
2
2
1
4
1
4
6
2
3
6
3
2
4
0
2
3
4
1
5
4
1
2
3
4
3
1
4
2
1
2
2
2
4
1
1
4
4
1
2
2
4
5
1
1
2
2
2
2
4
2
1
4
3
2
2
7
3
1
3
2
2
2
1
1
2
1
2
2
56
58
56
48
58
54
44
56
50
62
43
52
50
59
61
48
42
60
51
71
53
48
47
60
53
59
54
63
48
41
54
59
40
59
51
72
66
51
52
64
60
44
49
41
47
49
49
60
64
56
66
43
52
41
36
63
46
58
46
65
49
63
60
58
46
49
45
46
55
71
60
47
53
57
41
53
52
43
57
58
41
55
47
47
51
50
41
44
64
48
49
44
50
57
50
45
48
53
45
47
48
59
47
62
38
57
51
50
50
53
62
52
53
45
40
52
45
59
51
49
57
50
55
61
64
75
74
54
