13
14
14
20
17
13
14
19
19
22
20
23
23
11
16
17
18
13
20
14
21
21
21
20
14
13
17
22
17
21
15
14
19
16
15
14
13
11
12
18
13
23
20
22
21
11
10
20
18
13
16
13
17
12
6
16
19
17
41
102
197
390
489
555
575
561
707
841
939
1083
1146
1209
1169
1067
903
741
566
485
483
417
423
425
398
392
347
365
378
375
359
346
372
385
368
383
404
408
410
433
415
420
400
447
389
426
418
411
396
421
395
421
438
421
427
409
433
403
436
426
422
409
427
410
357
390
404
398
383
381
369
410
410
411
375
378
377
404
426
405
388
418
417
387
369
412
418
379
408
370
397
387
373
331
359
381
330
407
385
408
419
392
392
397
362
398
354
415
396
392
361
387
414
396
363
363
348
419
387
400
387
380
424
377
402
399
329
387
400
417
386
383
401
400
404
426
394
369
377
371
373
357
391
416
356
338
406
368
398
438
396
382
392
375
397
412
384
381
405
395
452
367
448
402
408
369
412
413
399
400
393
425
417
394
376
433
408
396
431
375
394
428
369
447
417
385
449
380
392
416
388
409
429
391
395
374
432
427
417
409
410
397
376
431
414
402
399
411
427
446
438
428
420
430
413
436
434
433
394
437
482
395
413
411
431
441
430
437
370
430
460
472
448
441
442
475
441
478
438
453
464
468
405
413
430
440
446
442
465
423
477
440
482
467
459
437
512
435
436
452
470
466
486
465
451
439
452
450
471
459
444
448
483
466
472
492
486
526
509
472
486
510
470
516
505
508
436
451
515
479
497
435
528
509
469
475
435
485
495
523
490
529
501
481
528
505
530
527
467
535
479
471
493
535
526
494
483
500
501
548
495
539
508
507
477
519
506
516
511
543
523
545
543
534
526
537
564
552
518
522
537
567
511
513
543
517
532
550
566
478
582
581
536
517
515
515
542
534
520
588
519
556
522
599
545
533
565
538
564
527
599
573
510
526
585
555
547
552
544
548
549
577
540
581
543
590
552
580
606
578
565
512
503
597
577
555
600
588
538
528
584
567
569
558
559
561
554
561
553
556
545
595
566
581
591
563
586
584
554
604
636
527
531
580
548
574
547
590
596
566
565
569
566
552
551
565
571
579
553
573
539
574
583
564
539
537
589
587
598
572
577
533
560
610
548
554
550
576
598
565
571
531
611
643
579
585
550
544
557
587
570
565
584
538
585
557
557
589
603
546
610
548
596
575
600
552
605
575
584
598
531
531
598
599
611
523
538
637
618
545
556
593
562
564
553
569
582
607
580
579
582
593
579
540
597
533
594
569
602
578
579
578
598
571
548
626
565
541
552
596
616
587
629
611
630
596
578
572
602
602
552
581
552
584
587
605
577
596
561
562
557
572
578
644
609
610
588
612
551
589
575
588
580
577
558
538
600
576
595
575
599
609
588
560
600
591
509
578
598
568
576
594
593
610
648
614
591
619
608
580
625
569
590
598
570
617
629
614
599
584
571
627
623
600
627
603
584
611
628
591
623
607
613
608
607
581
602
584
595
563
601
623
627
624
601
611
613
551
575
614
600
597
632
583
612
628
574
619
610
602
549
632
621
619
617
595
634
608
619
646
588
588
636
615
630
570
568
601
570
578
591
593
586
556
587
591
653
584
591
662
634
597
649
644
611
598
651
609
598
570
645
617
601
579
569
596
596
622
587
623
647
563
591
602
651
597
643
588
613
611
605
622
612
603
599
595
623
563
570
632
581
607
599
619
604
610
635
619
669
616
598
605
603
598
593
631
620
591
576
548
598
577
601
591
588
636
595
601
579
604
601
574
544
642
629
565
582
645
577
605
575
602
600
582
650
608
598
557
609
585
591
611
577
581
588
556
631
601
585
603
601
603
592
586
556
603
620
574
576
593
571
600
638
592
621
603
579
617
617
594
572
586
540
617
629
652
618
621
611
578
640
661
641
580
551
610
591
612
584
592
613
631
595
607
619
620
645
609
635
610
624
599
646
581
614
590
614
588
602
624
648
614
626
620
602
575
612
594
626
656
622
627
638
605
643
581
607
618
630
618
627
590
613
649
614
611
611
666
614
613
647
621
626
647
641
641
616
630
616
660
642
678
646
645
642
670
637
603
646
657
665
660
690
634
645
654
649
650
665
660
672
678
650
633
655
658
674
724
664
687
725
676
689
715
675
666
644
687
694
661
692
679
722
693
670
688
697
713
684
696
706
674
731
706
630
733
717
716
649
755
668
771
722
725
732
779
704
737
703
741
697
739
742
751
715
742
754
745
781
744
734
705
725
716
756
670
798
741
741
720
744
782
698
733
768
780
764
700
769
756
747
767
764
770
714
738
752
764
785
700
703
748
793
724
735
746
744
734
739
749
753
812
759
744
730
709
736
733
755
752
719
735
731
777
765
717
763
717
698
717
731
785
711
740
706
758
781
723
719
694
767
735
710
723
728
787
722
679
698
766
745
716
738
748
712
713
730
717
747
703
716
745
711
709
711
731
729
690
746
723
742
765
716
708
674
710
730
732
736
698
699
703
742
698
743
712
664
709
706
713
703
741
682
660
720
723
699
686
702
672
664
691
668
707
685
718
780
657
690
662
666
662
637
681
704
642
701
674
703
705
653
753
677
654
729
702
646
702
720
624
687
680
718
678
671
703
663
634
649
690
642
665
667
683
693
652
692
664
685
678
685
671
708
655
704
668
652
668
641
654
621
650
647
693
626
677
665
686
659
621
600
634
700
681
665
681
652
695
675
624
672
704
592
680
645
623
651
652
684
636
656
619
666
675
640
656
665
702
678
617
644
678
651
635
697
619
669
597
642
641
622
652
601
638
636
681
672
659
647
657
622
629
633
685
637
616
640
603
577
650
634
633
638
651
608
634
641
619
674
613
630
632
623
632
655
623
678
569
608
632
606
623
634
623
618
592
607
689
615
596
657
635
595
635
613
592
584
604
587
602
607
646
618
623
574
609
627
563
700
627
592
588
616
585
601
616
647
624
654
644
581
623
592
593
637
590
618
625
593
618
624
560
628
571
630
623
589
629
602
597
599
566
614
657
618
558
615
558
588
604
570
620
601
610
583
601
543
600
604
546
608
583
601
626
571
616
579
614
553
598
550
623
621
571
581
579
605
566
567
603
544
581
590
541
597
558
550
556
555
506
544
548
580
538
555
604
550
567
562
594
557
543
595
547
575
573
544
548
591
561
570
567
555
569
523
566
560
517
555
532
567
514
563
539
554
572
617
563
548
569
574
565
561
550
573
541
559
571
580
524
521
590
554
569
504
543
530
553
571
546
517
539
535
521
540
532
548
527
570
556
531
558
510
560
508
577
536
511
596
545
539
535
569
565
516
510
539
506
499
515
534
557
553
537
570
511
526
545
557
529
519
499
547
489
487
569
521
474
540
528
576
500
520
527
515
495
560
498
503
511
506
504
532
552
538
516
495
514
493
484
522
546
537
541
532
480
568
503
522
534
499
521
554
550
527
498
522
484
562
536
492
553
523
522
543
498
489
482
558
515
514
513
508
507
531
508
539
496
517
499
558
519
517
487
535
565
512
524
513
522
533
505
523
536
512
469
517
487
508
533
536
517
551
514
527
521
499
521
488
522
508
542
528
497
547
509
513
519
502
516
525
503
500
509
515
507
517
516
495
537
508
513
506
493
480
512
505
502
497
528
509
519
502
525
453
496
492
476
515
486
496
471
491
498
478
469
505
546
498
529
513
510
514
535
551
496
523
534
515
508
530
544
508
514
518
548
532
514
531
540
486
504
532
525
492
513
507
473
492
541
530
482
535
518
508
513
479
512
515
522
509
482
506
504
490
481
513
547
518
546
511
530
478
491
514
512
488
481
484
521
539
511
524
528
483
511
496
531
508
502
510
494
492
528
538
554
522
476
494
468
506
526
545
515
495
499
520
553
516
527
508
465
499
492
505
491
508
450
477
484
521
510
524
510
494
495
533
493
538
505
523
489
477
494
528
503
516
502
501
504
494
455
487
489
531
500
533
523
446
510
509
514
457
490
492
470
504
491
494
487
509
509
493
461
505
513
478
456
466
490
471
505
457
463
471
498
488
476
489
511
473
443
469
487
502
496
515
473
496
499
487
465
494
462
450
505
503
489
473
475
493
467
465
471
495
478
501
487
473
453
455
420
459
468
442
468
478
496
458
452
466
407
447
473
447
459
478
467
462
421
449
453
503
442
449
448
461
440
417
407
427
450
443
427
411
409
424
378
422
410
443
386
396
441
382
412
391
394
383
429
420
400
438
425
426
433
445
393
387
393
394
384
375
409
415
369
445
413
407
388
379
393
364
385
384
371
375
401
369
360
377
410
362
370
354
358
422
388
345
413
369
360
368
350
343
400
338
354
376
368
357
375
360
366
340
368
368
353
333
328
324
323
320
348
317
350
340
368
319
351
316
330
358
355
355
358
346
305
323
319
328
336
322
328
311
342
328
321
326
325
313
314
325
313
309
305
323
332
318
293
327
318
337
297
313
288
306
344
316
294
290
312
285
294
294
308
274
293
310
273
296
317
280
308
307
302
311
277
292
299
271
291
263
314
295
303
282
284
266
279
297
289
291
277
265
287
296
303
302
264
290
278
289
290
308
276
290
300
251
250
252
277
294
271
272
249
293
275
258
266
280
250
274
250
256
264
265
245
282
281
249
291
259
267
274
236
268
256
268
254
286
272
258
244
245
244
279
242
271
266
236
256
245
286
223
232
251
258
252
271
266
243
279
229
272
261
257
214
268
250
271
244
262
243
240
217
225
233
239
241
242
260
249
243
242
235
249
245
258
246
216
245
227
250
249
207
226
230
242
251
257
217
233
206
251
204
218
226
252
237
227
241
204
222
229
248
250
204
230
200
220
224
205
206
263
201
230
216
208
236
232
224
233
226
237
267
220
231
235
196
222
211
223
225
207
219
220
219
221
234
214
225
205
211
218
201
236
219
214
244
230
219
207
193
214
209
208
215
215
195
214
210
188
217
225
210
219
194
200
203
225
213
210
202
199
211
187
224
226
204
227
222
218
214
212
230
185
199
250
202
233
191
238
201
209
225
233
202
234
215
189
228
223
223
240
209
192
216
195
243
190
224
215
200
215
192
219
203
228
206
195
216
194
210
208
202
206
224
215
201
206
215
222
190
205
203
207
191
209
179
192
184
198
209
210
199
188
198
194
213
184
201
179
213
206
197
177
203
203
190
235
183
186
205
196
192
220
251
207
223
183
194
206
213
180
204
201
192
204
213
200
193
200
201
194
217
219
188
191
198
191
199
201
182
207
205
211
210
199
191
192
181
203
201
180
207
213
214
197
191
206
196
178
194
234
165
188
181
174
198
160
191
200
176
169
213
168
231
166
192
178
192
196
193
189
189
191
184
163
184
210
205
197
192
206
207
209
192
217
186
212
201
189
182
188
185
194
179
198
191
216
183
207
185
176
180
204
196
199
179
181
182
196
216
183
217
187
175
193
186
194
179
202
183
203
192
182
200
195
170
187
178
181
177
198
214
190
194
213
174
169
188
168
187
196
199
209
161
178
200
163
193
212
200
196
190
182
189
179
201
189
175
194
173
183
164
198
195
184
153
175
168
172
170
195
182
192
196
173
195
165
197
175
187
166
187
191
181
162
191
181
190
199
176
207
171
202
181
186
187
198
198
188
195
195
178
196
202
179
190
202
176
191
164
206
174
191
185
192
174
190
184
175
175
178
181
195
218
188
192
192
196
188
183
198
189
173
191
174
180
203
184
192
171
179
175
198
167
186
219
231
191
186
180
189
177
185
187
159
210
181
186
164
226
193
196
182
197
207
175
194
172
184
170
191
188
196
202
186
203
201
198
199
198
182
206
190
208
187
196
193
204
200
218
198
176
183
220
193
216
218
174
177
205
197
189
222
201
225
199
187
218
206
211
209
193
218
229
219
221
230
216
224
228
244
246
267
258
230
217
231
223
234
237
239
247
233
227
218
245
232
249
268
240
256
253
271
239
255
258
277
273
271
284
256
257
286
268
283
287
319
304
337
302
315
314
307
334
310
329
300
327
316
292
353
315
331
358
372
370
348
343
366
395
365
400
431
430
390
400
408
396
427
418
381
427
440
418
440
418
434
422
471
485
453
501
467
509
496
496
490
481
559
544
478
516
565
530
565
593
557
590
623
591
599
600
642
607
577
687
650
680
662
675
680
711
695
727
729
742
727
714
737
806
802
762
788
755
850
806
866
812
882
912
935
911
922
894
925
960
934
912
976
1033
971
1005
1024
1002
988
1051
978
998
1066
1110
1117
1057
1161
1176
1146
1204
1184
1170
1211
1256
1320
1245
1315
1281
1257
1308
1320
1354
1353
1332
1331
1404
1452
1409
1389
1374
1462
1456
1481
1544
1595
1528
1534
1547
1537
1547
1605
1643
1558
1636
1622
1735
1708
1722
1635
1696
1743
1769
1787
1773
1781
1901
1868
1884
1931
1857
1889
1918
1849
1941
2031
1971
2034
2019
2078
2048
2113
2092
2216
2138
2165
2164
2083
2240
2246
2172
2242
2202
2200
2258
2273
2183
2273
2246
2375
2369
2371
2467
2411
2409
2423
2405
2447
2469
2474
2506
2506
2575
2481
2535
2494
2535
2549
2670
2653
2614
2664
2636
2628
2627
2707
2689
2650
2711
2710
2730
2731
2780
2818
2759
2841
2762
2839
2784
2856
2854
2824
2879
2781
2879
2897
2912
2909
2885
2771
2913
2892
2924
2948
2830
2890
2959
3024
2903
2983
2904
2958
3048
2967
2971
3016
3039
2941
2948
2990
3089
2962
3017
3090
3027
3016
3090
2991
3077
3125
2977
3058
2945
3028
2968
3015
3046
3090
3036
3038
3048
3095
3054
3129
2865
3010
2936
3000
2935
2991
2904
2910
3043
3059
3013
3017
2945
2963
2926
2948
2943
2900
2940
2828
3024
2828
2859
2878
2912
2845
2975
2920
2835
2857
2902
2850
2824
2872
2798
2888
2843
2825
2782
2783
2770
2725
2772
2712
2685
2753
2668
2691
2672
2673
2698
2694
2710
2582
2560
2505
2535
2621
2563
2497
2593
2512
2420
2431
2521
2365
2436
2393
2381
2409
2372
2337
2409
2320
2260
2304
2263
2260
2287
2270
2139
2215
2136
2212
2176
2145
2186
2060
2121
2147
2035
2045
2082
2031
2056
1919
1892
1934
1905
1902
1901
1864
1937
1881
1846
1874
1862
1882
1832
1830
1702
1830
1696
1710
1723
1719
1702
1633
1589
1596
1561
1658
1677
1548
1548
1580
1484
1509
1493
1445
1465
1481
1391
1374
1408
1353
1357
1320
1316
1332
1325
1345
1305
1324
1254
1210
1260
1180
1205
1171
1183
1174
1129
1165
1101
1142
1154
1106
1026
1074
1030
1037
1001
1069
985
1057
998
1025
948
937
893
926
918
863
929
843
869
843
893
852
912
802
847
790
805
766
781
784
780
734
731
753
706
758
679
682
666
657
641
657
635
632
578
626
657
573
640
574
594
551
531
552
552
548
578
550
499
487
507
472
532
540
463
447
505
467
468
472
428
459
472
421
416
413
415
454
453
415
405
365
386
410
400
358
357
371
380
365
365
341
312
319
364
312
337
338
316
337
314
313
320
296
288
283
308
313
266
278
281
257
290
263
289
258
246
254
276
259
271
262
222
263
245
229
238
230
233
227
221
248
227
216
212
225
221
196
225
212
233
205
227
217
184
199
205
192
198
176
192
195
190
196
177
177
198
173
194
175
180
183
182
165
171
165
146
182
186
180
148
169
172
182
151
157
188
164
172
160
151
151
141
152
161
163
156
155
143
147
133
141
132
158
150
156
144
160
137
142
144
143
162
141
120
166
143
108
148
129
110
165
133
144
140
138
142
121
134
127
116
133
115
115
118
125
124
120
120
116
117
130
126
150
112
141
104
125
134
105
153
136
119
120
125
108
107
118
109
109
110
134
108
112
107
104
102
109
115
105
99
105
108
113
110
93
104
125
107
115
90
88
99
98
89
121
99
108
97
98
115
103
93
106
104
90
87
73
110
101
103
104
102
102
85
105
93
107
82
102
97
112
104
91
83
107
105
99
89
93
98
106
83
85
103
97
95
100
87
85
88
94
117
104
84
107
83
112
88
85
90
99
108
86
110
107
84
107
92
95
94
106
88
116
98
104
95
94
89
104
80
79
84
101
107
82
78
112
72
88
108
86
96
98
103
91
83
70
94
82
96
76
87
93
86
90
101
78
92
89
81
122
82
99
86
87
87
106
93
100
93
89
111
89
98
84
83
86
98
98
101
89
94
82
91
90
89
88
104
106
80
65
87
89
96
80
103
76
95
73
83
98
67
98
72
80
90
92
102
97
86
80
88
81
92
98
88
84
87
85
97
75
83
79
82
106
92
89
86
87
85
91
93
92
80
98
93
76
80
95
85
86
91
84
74
106
87
92
91
71
89
86
82
102
100
99
84
72
79
95
75
75
110
84
90
81
100
94
92
77
78
96
90
102
90
88
75
84
82
86
97
99
83
78
85
82
77
87
72
74
90
100
83
88
83
91
89
90
89
92
99
84
95
87
93
84
78
99
94
89
82
80
64
66
94
80
77
89
88
89
104
91
88
85
93
91
97
87
75
78
95
98
88
86
97
85
90
79
88
88
72
85
77
90
88
73
89
91
82
86
79
92
97
99
69
95
90
95
89
105
78
85
87
86
98
83
65
82
100
82
89
94
72
75
96
102
72
94
90
91
88
84
107
80
96
70
88
84
76
79
79
72
84
99
75
77
94
97
78
80
79
81
69
96
84
88
94
90
79
84
102
83
64
88
80
91
91
106
89
80
79
83
73
75
94
83
96
78
89
92
83
79
86
79
82
93
103
87
82
103
82
102
82
87
85
75
84
77
86
88
101
88
93
96
65
93
81
77
92
75
80
81
109
87
77
90
92
86
76
81
90
76
82
81
90
85
92
96
86
85
80
81
70
81
75
90
91
95
93
95
95
94
88
91
87
95
90
88
96
72
87
91
89
92
86
95
102
75
97
95
96
85
98
91
83
104
83
88
88
71
81
82
82
93
71
77
95
83
79
80
96
103
101
89
98
104
71
81
91
90
89
102
64
83
89
85
74
78
93
97
102
109
95
87
101
85
82
77
99
101
105
84
71
103
88
85
77
75
85
95
87
91
82
109
91
101
94
90
86
84
97
90
84
79
83
80
77
76
83
100
87
92
110
85
83
94
114
85
93
75
82
93
89
93
108
107
100
80
83
90
93
87
87
90
86
83
81
85
102
100
92
91
73
105
80
93
79
91
72
76
88
97
92
83
92
78
98
92
100
78
96
91
84
77
92
72
91
81
97
84
85
85
97
81
100
80
100
100
90
100
102
76
99
81
85
88
93
80
90
109
88
92
98
84
97
86
93
83
88
91
88
87
87
75
99
100
100
87
93
88
98
83
81
90
88
86
87
97
75
90
104
95
101
84
88
91
97
121
83
101
81
81
95
85
84
84
90
88
101
95
106
81
71
78
81
87
95
99
90
83
102
78
91
111
93
94
68
83
85
78
78
73
83
83
93
85
105
89
94
86
77
84
97
88
98
70
107
80
73
94
100
73
101
101
87
97
90
102
107
82
83
78
98
112
80
98
93
103
102
82
86
79
86
95
85
104
96
81
93
82
86
104
85
84
82
77
102
107
95
93
75
81
90
109
92
73
101
89
80
82
107
66
83
90
102
80
83
94
91
75
96
84
87
78
81
94
97
75
97
90
85
103
98
89
72
82
109
75
99
94
90
79
81
91
93
91
76
68
94
105
84
99
78
98
93
84
99
91
95
96
75
79
83
82
82
90
98
93
111
99
76
72
78
91
82
94
88
77
90
84
98
90
84
74
77
93
95
97
96
95
83
89
96
86
104
89
92
100
87
97
86
75
90
83
99
83
81
92
106
84
80
90
89
87
81
88
83
110
80
85
94
92
76
82
105
85
116
76
86
81
88
92
94
81
94
98
89
99
82
69
69
88
98
91
85
99
91
76
104
88
76
89
90
81
90
82
96
97
76
85
87
84
100
93
90
105
76
94
77
84
96
84
67
73
102
88
76
93
100
83
91
78
88
78
85
78
93
83
88
84
83
75
102
85
79
88
96
111
105
72
93
97
94
84
82
90
95
84
92
81
89
102
91
91
100
83
92
82
95
57
83
85
108
94
94
82
72
92
74
73
93
88
83
82
85
82
85
93
87
84
83
91
91
92
74
91
90
95
74
90
100
86
88
76
103
84
86
77
86
90
81
89
85
97
88
67
100
97
88
95
69
79
99
84
79
96
87
81
85
89
78
81
90
98
87
77
91
98
92
88
77
75
87
75
85
89
85
93
80
89
84
91
79
87
71
96
100
94
94
86
104
86
84
92
81
79
98
75
77
86
75
99
91
73
94
113
95
88
68
87
78
87
89
74
82
92
78
92
73
76
82
77
99
88
82
91
82
91
81
102
83
87
81
71
81
106
108
92
84
83
91
86
83
74
91
89
103
85
89
84
79
74
99
84
97
78
84
80
79
82
74
84
99
87
92
97
86
88
75
73
77
76
94
88
97
94
87
97
90
79
96
82
93
90
107
77
80
73
93
103
98
86
73
97
94
75
71
90
92
86
82
84
81
77
85
106
80
92
90
76
91
104
89
88
85
67
78
90
98
82
91
91
74
93
92
84
87
79
100
76
85
79
86
81
80
90
88
77
92
107
98
99
101
78
86
86
86
87
90
96
92
92
100
92
102
91
83
100
79
93
87
71
83
83
92
100
81
108
75
71
70
67
81
89
84
94
78
75
85
96
111
94
79
97
88
81
95
80
90
88
96
90
87
86
90
86
73
99
84
93
76
79
80
81
82
79
81
86
103
87
85
88
80
93
90
85
82
85
77
84
98
99
96
90
94
86
87
71
84
88
85
81
85
80
73
105
81
86
66
86
84
88
72
95
86
82
98
82
102
75
89
85
91
79
83
70
95
103
94
81
87
73
84
75
102
79
90
88
86
95
88
99
82
83
83
76
90
95
94
86
75
83
88
88
83
94
74
84
92
88
91
75
80
106
87
93
93
90
90
65
86
79
75
71
79
92
90
106
94
106
84
85
99
87
93
85
91
79
88
83
86
68
92
94
85
94
79
85
96
83
98
91
103
81
89
79
74
88
86
81
79
88
87
95
92
93
73
91
94
86
82
85
87
77
94
96
102
76
74
81
65
78
79
59
92
83
79
86
92
84
82
77
76
99
85
77
82
88
92
94
85
84
91
90
91
82
102
80
86
93
73
101
91
92
81
94
94
85
82
85
90
80
84
79
98
97
91
88
84
98
85
91
86
96
86
87
93
88
75
86
85
105
78
99
90
92
80
86
93
83
87
64
84
100
88
85
77
72
79
72
89
81
82
97
86
88
83
96
76
89
77
87
87
95
89
83
84
81
88
104
85
108
82
85
88
90
101
86
91
68
89
81
100
72
95
73
89
83
111
107
109
85
98
100
71
84
88
71
87
95
84
98
89
75
101
82
78
89
88
104
73
87
90
82
81
91
93
95
92
94
73
105
104
78
96
84
82
104
83
91
97
99
90
72
79
96
84
82
85
73
111
82
90
88
87
97
76
92
80
70
86
85
100
89
93
91
103
101
81
94
96
97
74
104
95
81
90
106
99
68
92
91
99
82
94
87
82
87
79
91
95
103
93
99
98
78
85
82
87
97
95
87
91
86
92
91
84
84
97
88
87
88
99
81
87
98
72
83
112
104
92
92
82
90
77
80
90
98
82
90
84
86
84
91
99
86
105
100
105
107
81
86
87
92
97
89
89
110
73
98
73
82
82
94
96
92
82
80
89
93
78
96
97
101
81
81
94
94
94
83
76
91
84
86
103
78
94
87
106
80
90
104
91
95
100
110
89
89
114
102
82
97
96
81
102
88
92
79
78
102
87
93
88
100
89
95
91
83
88
84
100
82
93
105
106
70
96
88
76
109
106
92
89
92
77
81
90
86
94
93
72
100
82
87
82
89
117
99
95
90
104
84
100
96
106
89
79
106
87
108
109
103
82
86
85
95
100
113
80
80
85
101
91
88
84
81
107
90
89
90
99
78
99
105
115
96
79
77
77
111
94
99
95
85
91
89
84
116
94
98
102
99
78
88
94
108
93
92
98
100
89
102
106
98
87
86
104
98
74
94
94
99
101
98
105
87
82
102
78
79
84
103
85
95
104
101
75
96
94
78
91
96
85
100
102
104
84
98
104
85
92
82
102
94
101
94
99
90
87
93
110
78
91
78
77
96
86
100
111
107
103
89
94
95
115
91
103
71
94
97
99
93
84
114
104
104
92
77
90
108
97
79
112
94
88
116
83
104
79
85
99
86
100
113
97
98
96
110
83
99
90
93
106
86
100
110
104
105
86
94
120
75
108
95
95
92
91
76
102
103
98
106
99
105
111
115
104
94
94
88
100
103
100
96
77
102
106
113
97
85
88
89
98
95
110
95
89
98
103
80
94
103
101
96
82
86
113
91
89
103
109
82
79
100
92
86
103
96
108
98
105
113
105
96
81
99
83
95
93
87
89
98
99
99
107
100
93
100
91
119
98
106
106
98
96
100
98
93
88
100
112
116
98
110
105
106
110
113
88
97
102
92
101
110
107
99
89
95
99
101
108
88
104
112
108
88
88
95
109
95
81
91
95
102
120
103
85
95
103
101
105
105
105
102
100
113
104
98
98
123
80
90
101
101
104
104
107
99
113
110
89
100
103
97
106
112
88
101
103
104
114
112
101
87
93
101
105
105
98
103
111
116
106
137
100
92
92
97
103
89
115
98
92
86
121
97
87
101
109
94
98
80
119
99
95
103
107
90
106
99
102
110
119
110
98
110
119
76
95
88
98
92
93
122
105
81
100
114
110
101
106
124
111
92
104
104
100
105
89
110
97
109
103
100
108
96
102
102
127
113
100
98
103
89
106
100
89
101
102
110
119
95
107
107
97
97
96
103
119
102
89
98
105
97
95
117
88
94
123
105
97
96
109
96
91
105
108
94
92
86
111
112
99
103
124
107
109
114
102
117
108
109
104
97
100
116
119
92
103
102
98
104
95
119
120
94
106
107
95
112
111
92
121
104
91
109
88
110
101
96
100
106
95
118
98
100
101
117
81
82
102
105
104
108
96
102
111
109
117
121
109
101
110
94
91
78
95
107
91
103
115
110
108
90
110
102
89
105
115
105
111
103
90
83
96
79
95
120
106
108
89
99
102
91
91
94
123
110
116
97
95
93
100
91
95
82
102
91
94
98
101
101
90
77
98
100
101
79
98
92
109
112
101
96
88
77
81
86
109
100
82
90
99
93
105
96
87
103
91
96
97
93
91
96
84
97
80
96
99
86
92
115
90
94
81
106
90
103
112
94
105
94
107
103
88
77
72
85
87
100
104
86
97
102
88
87
81
97
83
83
92
83
101
93
94
82
77
95
83
97
105
99
79
72
82
106
81
112
93
94
98
79
77
99
101
104
82
67
74
100
96
103
83
85
84
77
81
79
78
91
89
92
76
86
86
76
82
84
82
78
72
80
75
83
71
93
79
86
86
82
76
80
86
71
72
88
79
62
90
87
80
78
72
73
87
73
78
75
80
73
79
71
71
91
75
66
76
63
74
67
100
94
71
84
72
74
83
67
72
68
90
77
83
73
85
88
71
67
68
91
55
64
75
63
81
66
67
76
87
77
70
80
76
70
78
80
85
70
57
67
69
68
62
68
62
73
52
60
67
68
72
77
68
69
73
69
51
79
76
77
72
59
61
66
70
91
68
71
74
73
62
63
62
58
63
74
70
72
74
63
74
54
55
58
67
71
67
78
65
48
64
60
56
65
73
74
57
54
73
67
75
70
76
63
61
54
67
60
51
48
60
58
51
55
64
68
58
50
54
61
62
63
61
56
54
53
57
75
49
52
67
55
56
58
41
61
55
66
56
56
58
54
55
58
55
55
59
45
62
60
49
55
55
66
49
47
54
52
47
42
50
61
52
52
57
57
66
57
49
62
44
50
64
55
52
57
55
58
60
50
41
54
46
56
48
55
48
43
43
47
52
48
54
56
42
47
49
62
53
48
53
55
40
44
57
55
48
41
57
58
48
55
45
42
43
59
39
60
43
51
45
43
51
42
52
36
51
51
47
55
45
49
52
53
49
46
52
40
43
39
51
33
35
45
47
49
42
34
58
42
48
46
35
47
38
55
48
50
39
43
39
47
45
37
23
40
51
39
35
40
54
49
43
40
43
45
42
48
38
47
48
45
47
52
45
34
39
38
36
37
34
26
29
30
45
40
31
29
44
45
44
43
38
33
36
37
35
36
36
41
45
28
39
44
37
40
42
31
29
37
32
50
30
42
54
38
41
47
44
32
40
44
36
42
44
35
29
28
41
31
30
32
31
26
37
35
35
29
34
35
32
30
40
41
40
38
35
33
48
27
47
40
41
46
35
37
41
29
39
31
32
27
35
26
36
27
36
34
32
39
29
24
34
38
24
27
30
35
35
32
33
32
31
34
33
30
30
37
21
31
22
35
31
31
31
24
28
30
26
38
34
34
35
29
42
29
32
26
32
27
30
33
34
25
22
31
28
47
29
32
28
35
28
26
29
30
28
33
30
35
31
28
37
29
30
28
23
22
39
29
26
34
22
33
35
27
26
26
35
17
40
20
27
48
20
36
27
29
34
34
29
12
26
38
33
34
19
33
39
23
31
30
25
33
31
32
26
37
29
31
26
34
37
32
20
39
35
25
30
23
30
25
24
28
31
32
23
27
24
35
23
31
29
23
24
37
34
27
37
37
31
24
27
22
33
28
30
22
19
30
32
26
38
16
29
39
27
21
26
28
31
21
30
25
25
18
24
30
20
20
30
21
27
17
40
30
25
19
28
24
26
21
25
29
16
26
22
34
25
30
18
19
25
23
25
23
24
24
32
32
22
28
20
21
32
19
22
19
18
25
27
23
28
35
28
16
26
27
18
30
24
23
32
36
26
32
17
23
23
32
26
26
28
22
28
22
23
24
24
31
29
24
23
17
20
13
27
19
20
30
25
29
28
27
32
26
24
24
25
21
27
22
25
24
22
21
21
23
22
21
21
19
34
27
28
22
24
22
22
30
20
20
31
28
27
25
27
21
29
31
19
23
26
24
23
35
25
24
30
22
32
22
20
34
25
42
23
23
19
18
23
27
32
29
33
30
23
27
22
21
29
40
26
23
27
30
22
36
27
39
33
26
28
30
21
33
25
27
22
21
24
23
24
35
27
25
23
33
20
28
28
33
25
25
19
37
28
17
17
33
34
18
23
27
38
19
35
30
32
31
32
30
30
24
27
30
41
29
34
39
33
21
35
28
30
26
39
27
25
32
34
27
36
35
32
36
34
26
26
31
37
37
29
39
37
40
41
35
22
36
33
31
32
42
33
38
40
28
37
37
41
35
35
46
44
42
35
40
42
43
40
35
48
39
48
42
32
56
56
37
37
35
54
46
49
38
52
60
36
44
39
44
43
52
39
43
51
53
40
73
61
48
42
49
50
52
46
56
65
61
51
43
71
66
49
54
51
45
60
57
57
52
64
59
61
43
60
63
52
55
60
57
61
71
66
70
72
56
53
82
70
74
54
59
63
74
79
84
83
72
79
67
67
60
65
63
71
75
70
79
90
88
69
67
72
88
74
89
78
92
76
82
86
73
80
77
91
95
69
88
103
86
108
84
107
88
95
81
86
81
86
96
92
101
93
107
83
99
93
105
109
102
116
98
105
115
116
85
105
112
108
123
111
138
108
118
98
112
98
119
100
126
121
127
114
126
117
120
118
130
135
120
128
112
131
138
126
119
147
130
125
129
134
148
150
140
159
141
125
141
144
155
146
151
156
134
167
150
136
155
136
152
155
179
158
151
166
138
160
174
178
179
184
144
176
181
181
166
182
146
159
171
175
169
179
183
171
167
206
183
189
183
200
206
178
167
201
201
203
184
215
175
203
201
188
240
202
202
196
208
210
224
191
209
205
220
206
206
196
211
231
236
218
244
236
213
224
233
226
244
229
232
243
229
202
231
250
194
230
240
251
214
255
229
235
242
234
246
278
258
244
227
235
249
242
275
268
258
281
238
243
271
225
240
267
248
266
290
293
255
260
262
300
261
312
284
275
283
281
274
279
246
279
301
258
295
315
299
316
295
300
290
280
326
293
329
290
284
313
308
266
298
294
323
295
305
331
320
318
325
296
325
353
298
313
291
329
354
328
351
280
358
339
344
328
332
354
349
364
339
328
332
365
326
314
334
335
347
313
354
308
334
329
307
345
356
359
318
329
368
324
365
330
381
358
343
338
395
364
349
360
343
359
352
399
388
348
357
385
370
392
400
387
340
355
417
339
356
360
425
383
389
375
369
356
363
336
406
384
361
390
362
395
394
415
350
397
416
357
369
344
423
406
382
432
383
389
416
361
391
373
393
370
401
385
383
396
379
387
391
396
427
401
431
401
391
409
358
384
400
398
354
391
411
385
384
375
386
400
416
428
403
385
402
435
428
399
387
373
421
402
449
390
427
395
396
442
397
430
401
412
356
361
430
406
420
443
418
389
433
384
379
442
372
421
392
412
410
432
393
391
380
400
398
370
397
360
387
364
399
364
402
403
401
377
389
358
458
418
374
372
391
370
404
374
378
416
393
367
379
351
371
356
411
377
375
368
391
390
388
392
378
391
382
400
406
349
377
363
349
366
392
406
368
386
357
369
377
358
363
362
365
374
359
325
358
350
390
354
370
382
371
403
342
352
334
367
328
339
350
354
367
323
363
335
337
361
340
302
324
346
346
324
356
334
343
325
355
342
348
289
335
330
301
290
298
333
319
311
317
316
303
364
292
314
324
302
322
322
316
306
278
314
289
295
309
299
283
314
296
290
318
273
306
309
295
294
299
273
288
319
270
299
284
286
283
280
279
285
286
256
290
265
271
270
268
266
253
274
292
262
273
272
241
269
272
254
232
248
249
276
236
281
253
265
217
250
271
245
230
244
288
274
226
216
222
243
235
242
228
242
243
226
221
209
219
209
203
261
239
216
238
231
217
226
233
207
206
216
219
211
219
204
218
209
205
226
209
197
218
192
200
184
210
191
179
178
226
213
215
151
189
203
179
194
177
205
193
188
191
169
203
201
177
181
192
188
162
186
183
170
161
142
159
153
151
167
174
156
165
158
154
191
150
157
169
159
180
155
120
132
160
141
148
131
129
127
133
162
134
137
137
135
137
142
133
142
123
127
120
123
145
136
144
115
92
116
120
110
122
116
120
146
125
109
122
120
126
115
127
117
134
130
123
102
127
126
122
109
88
108
110
103
107
112
106
98
110
94
110
108
112
98
107
87
106
108
103
105
106
116
85
91
83
83
87
101
91
90
102
89
109
104
96
100
84
100
91
62
76
88
115
99
94
77
94
81
82
87
70
80
82
92
70
83
84
79
81
71
78
55
82
92
80
76
83
72
69
61
73
59
70
80
79
79
66
51
67
63
70
68
69
50
71
80
62
66
59
63
68
67
74
78
70
58
78
55
67
69
69
56
57
51
61
63
61
51
60
48
70
53
51
58
48
59
58
77
49
42
56
50
55
61
59
48
60
49
57
46
44
44
48
41
43
57
44
61
53
59
40
62
53
52
58
50
57
42
43
43
42
52
47
46
38
56
46
36
33
45
54
38
53
44
39
42
33
34
39
53
42
41
37
30
46
44
32
45
34
35
32
48
40
41
41
43
40
45
32
45
42
40
38
35
23
37
42
47
34
35
35
40
40
37
40
35
30
38
34
39
41
32
45
31
36
40
39
36
32
38
39
35
31
30
41
44
35
31
33
34
30
37
35
28
35
33
51
27
31
27
41
29
23
33
33
39
39
40
29
30
33
36
27
30
30
25
28
26
26
29
31
23
32
26
21
31
28
30
36
27
25
28
28
23
28
28
37
30
39
37
23
21
22
37
37
28
31
27
20
27
29
28
29
24
30
32
28
29
27
27
38
29
33
26
23
24
24
30
28
25
30
28
28
24
23
26
34
24
28
33
20
41
27
30
25
23
29
29
27
21
24
27
24
32
20
30
25
22
22
23
31
28
25
24
19
36
30
34
26
26
37
34
30
19
17
24
15
23
19
22
32
22
24
23
22
33
23
36
33
35
32
28
22
21
29
31
24
22
27
24
29
21
23
27
16
34
31
27
25
21
21
35
19
26
25
19
24
19
22
23
23
18
21
26
30
30
20
17
26
25
32
30
19
24
18
26
27
23
16
23
31
21
28
27
14
16
19
22
18
32
29
18
23
23
26
22
24
23
23
27
22
23
17
24
26
20
17
23
23
20
21
12
19
16
31
19
10
17
29
29
27
19
27
22
13
17
24
25
21
12
19
21
21
19
26
21
19
23
28
18
18
24
18
24
16
19
16
18
24
27
20
17
20
19
24
24
20
19
25
18
23
26
15
26
20
15
15
22
22
17
14
15
20
12
18
14
22
17
16
31
21
13
24
18
34
16
262
286
290
304
272
264
250
264
276
281
289
280
302
286
268
294
262
280
326
276
294
284
290
266
286
294
267
270
279
263
282
281
277
252
268
261
293
251
284
300
233
298
253
256
265
272
280
289
273
278
288
245
289
270
238
247
259
276
255
250
240
242
271
256
272
259
285
281
292
245
280
271
246
252
286
306
286
274
242
257
256
280
262
245
248
240
258
247
209
256
236
279
228
242
248
256
253
296
239
233
258
257
243
241
242
244
215
253
256
261
298
238
239
262
270
232
281
250
264
249
266
263
243
268
273
253
244
152
