5
6
7
14
11
14
15
18
13
14
17
26
13
21
16
29
16
31
27
24
12
26
13
20
16
22
13
18
20
16
15
9
14
18
18
10
24
15
16
21
10
18
18
14
11
21
12
16
16
10
12
20
13
16
16
22
36
59
94
140
258
309
313
321
367
359
389
413
438
545
647
785
956
1073
1056
997
995
797
740
675
615
558
498
490
498
456
513
444
453
406
459
403
461
459
416
435
442
465
474
458
460
423
425
430
386
408
409
411
402
385
418
421
410
392
427
408
412
400
406
426
430
453
433
442
442
432
424
393
378
411
410
419
403
419
374
413
399
379
412
415
429
364
407
398
363
413
433
380
389
401
425
377
393
379
395
392
415
388
370
417
389
425
412
373
399
394
387
412
421
470
413
394
409
415
428
414
412
416
420
388
404
428
419
415
426
373
419
411
435
438
433
402
407
414
421
424
404
422
410
457
437
400
440
429
447
409
434
445
428
440
437
407
428
446
395
431
413
457
430
450
426
437
468
435
431
486
438
464
397
413
452
428
444
471
454
430
443
448
452
443
469
417
446
436
450
497
449
409
459
443
436
470
466
417
475
479
482
466
479
483
432
483
493
454
484
483
498
465
528
482
463
465
448
487
460
448
471
454
497
467
456
476
469
476
482
489
448
477
492
493
476
492
491
496
499
507
501
474
516
488
502
507
507
531
499
474
509
528
537
504
495
533
497
493
517
511
506
513
486
547
493
450
529
501
504
562
514
581
514
533
507
571
501
539
553
486
527
557
496
558
536
578
551
511
544
539
575
538
543
536
528
522
564
571
520
541
574
486
540
545
555
547
524
586
538
549
526
564
585
566
546
599
579
542
591
525
586
559
591
565
566
650
567
541
627
561
563
558
552
589
555
623
571
579
624
579
604
585
616
588
599
543
571
577
559
613
560
595
608
588
623
595
571
560
582
546
577
622
586
617
627
606
614
616
575
604
582
611
611
588
610
622
541
578
572
574
593
610
577
591
605
590
556
597
631
623
595
589
606
651
558
607
586
593
650
606
579
622
619
562
584
579
587
667
590
587
596
675
605
565
593
609
616
626
620
633
646
633
622
638
576
621
589
604
619
611
631
570
673
554
572
620
644
640
609
615
602
594
690
614
530
579
626
625
616
666
607
597
586
614
612
629
637
614
647
579
635
600
654
634
565
606
590
634
644
645
638
638
592
579
593
601
624
661
571
582
646
632
630
588
633
652
628
643
599
644
639
637
640
619
603
606
648
604
642
641
625
628
659
617
659
648
649
652
637
643
630
643
635
642
600
659
624
678
649
635
606
618
577
665
703
627
663
635
659
614
714
622
636
664
643
648
648
601
602
657
668
620
636
625
632
670
638
606
636
640
637
630
667
647
645
629
696
657
650
661
619
632
651
638
646
599
630
675
637
641
660
598
604
645
610
701
626
608
629
662
649
676
591
672
665
635
640
658
650
622
696
698
665
649
661
630
616
636
611
678
685
654
647
644
652
659
644
670
671
657
626
627
636
638
606
591
619
657
630
642
671
645
611
664
600
597
644
598
713
669
645
612
650
632
649
636
652
654
680
669
631
638
623
614
630
664
640
683
609
615
687
670
614
640
614
659
671
657
616
648
637
650
619
629
653
649
656
611
657
640
646
638
631
599
632
588
646
699
667
629
667
655
645
716
696
577
625
650
642
628
629
653
675
657
691
648
696
676
630
645
653
648
658
684
649
659
656
611
662
707
647
602
646
595
666
669
608
639
661
658
631
703
650
661
677
681
640
673
619
653
674
659
617
645
658
629
655
633
663
644
660
648
652
666
685
688
708
700
645
649
695
659
687
671
673
709
670
636
624
657
652
665
654
666
709
657
678
696
667
665
725
692
654
669
674
670
742
640
706
707
679
696
690
713
727
638
680
660
700
685
669
719
662
733
681
725
770
711
673
696
692
730
694
750
726
711
724
720
664
683
710
704
692
711
720
683
752
750
741
734
710
749
740
772
742
724
771
765
716
744
769
764
753
767
790
743
750
734
771
741
757
802
754
781
776
760
751
784
716
770
768
776
814
771
737
736
809
755
747
806
761
790
771
747
768
756
765
795
753
764
760
760
773
767
797
792
806
764
766
792
763
800
814
765
841
807
786
763
789
798
761
757
799
825
777
775
769
803
778
769
815
774
816
818
748
820
797
744
776
801
752
802
777
724
761
771
739
776
782
774
735
715
781
775
782
765
826
811
812
758
776
731
756
761
781
792
750
766
778
751
772
777
723
794
788
782
765
750
805
775
720
789
720
748
763
768
759
783
769
776
752
739
754
780
716
753
750
751
788
780
745
755
782
739
726
714
675
727
751
758
776
789
754
708
766
752
707
695
757
763
734
765
721
658
709
714
708
729
701
752
753
723
735
774
747
685
760
729
715
718
711
741
697
734
725
734
720
743
727
706
722
715
758
692
737
698
659
674
675
679
715
705
741
699
687
735
692
722
677
712
731
688
686
690
685
704
694
750
691
721
642
715
691
738
731
716
719
635
687
729
658
691
626
691
679
663
624
696
716
685
671
695
712
655
680
681
680
683
669
692
694
661
715
681
680
650
686
660
716
727
688
694
716
672
651
688
703
702
678
674
676
678
694
684
664
699
672
656
658
689
701
673
676
691
614
596
648
673
670
650
625
703
646
709
641
661
710
705
627
642
662
647
682
621
650
669
680
630
650
648
658
642
668
650
673
640
643
627
648
622
631
637
655
612
584
643
659
660
638
620
655
627
637
655
661
625
635
626
658
672
639
636
634
647
620
662
712
633
650
609
676
670
633
664
625
589
627
625
638
614
643
636
644
677
639
641
615
653
644
640
637
662
608
649
593
604
619
614
636
605
624
605
610
654
597
611
606
624
579
618
632
587
601
645
631
613
602
641
613
636
617
569
603
588
611
599
616
576
643
583
584
621
652
598
622
600
576
593
583
579
595
574
636
574
578
578
576
627
589
624
589
578
596
566
550
632
592
609
567
529
620
568
550
584
538
567
619
530
598
572
587
611
592
618
578
571
550
567
598
592
547
565
595
607
608
603
548
579
591
604
579
549
594
518
563
590
552
572
603
556
561
556
554
579
592
547
582
527
567
551
576
567
570
551
539
599
586
570
555
583
562
533
577
557
517
582
566
517
576
566
563
514
556
538
550
604
517
535
563
546
562
546
544
585
526
564
540
559
546
536
531
523
578
552
544
546
564
575
555
530
539
567
517
559
580
535
512
518
531
574
572
554
544
524
560
570
556
561
548
519
556
529
527
535
523
566
568
518
572
552
533
541
550
542
577
532
511
538
564
545
565
561
540
572
574
554
545
540
520
557
569
546
554
597
515
501
555
573
521
520
515
565
565
528
536
507
541
568
543
544
536
574
572
512
518
514
568
572
537
541
584
571
543
540
569
543
546
541
531
584
531
608
551
563
529
547
520
543
520
574
541
512
541
581
551
503
557
582
507
553
522
545
550
512
564
564
519
553
551
521
524
530
556
514
523
546
546
560
517
604
501
560
563
520
528
523
527
509
517
533
559
511
527
556
533
543
526
560
559
551
527
522
551
535
554
574
546
552
532
531
532
579
515
488
531
537
542
593
531
519
546
573
534
538
485
506
528
549
550
515
556
543
563
541
510
564
555
525
535
539
534
517
498
539
503
539
537
506
457
522
491
518
523
537
498
545
532
539
516
545
510
438
521
503
524
491
523
494
513
498
538
518
530
502
469
527
496
514
460
513
514
521
507
485
468
478
487
505
500
461
516
489
493
477
503
515
449
456
457
518
512
498
521
489
472
502
494
456
471
466
472
471
463
445
451
443
481
492
443
484
470
483
421
443
474
444
455
461
438
436
490
457
465
427
455
473
418
464
419
449
446
437
443
456
457
413
446
446
457
415
448
425
437
408
420
469
414
434
410
430
434
433
431
389
372
410
435
434
458
365
362
404
382
402
402
367
395
390
447
361
412
363
391
397
407
410
383
428
402
381
377
404
382
392
385
404
388
395
358
363
375
370
386
380
372
360
391
394
362
325
382
376
367
335
399
358
357
373
376
346
353
328
332
358
340
340
368
353
328
317
330
369
351
342
342
350
317
360
354
371
341
333
344
290
382
276
329
290
334
359
359
302
300
305
337
309
334
327
293
332
325
337
310
340
305
312
294
333
300
309
312
322
294
299
312
326
289
336
328
297
301
286
296
304
314
309
289
304
285
326
314
268
285
320
279
280
310
269
289
309
306
285
308
271
299
262
291
288
293
293
309
270
289
308
281
293
263
268
307
300
299
323
285
281
316
285
266
269
307
246
249
309
272
271
271
243
262
272
265
249
265
285
293
283
267
264
274
309
251
264
262
252
296
242
259
275
264
251
278
276
251
271
262
284
263
238
248
282
284
256
237
263
252
266
256
266
312
256
267
218
263
281
265
233
261
276
269
262
269
265
269
232
258
275
240
245
276
252
246
264
235
233
273
263
235
229
257
236
248
259
258
249
252
262
245
235
238
234
229
229
222
221
223
231
246
244
211
257
247
234
232
260
225
265
231
237
208
232
229
253
239
236
199
246
255
246
229
232
229
235
252
249
266
224
228
262
211
252
227
213
218
205
235
231
237
243
229
248
224
231
251
219
229
250
238
204
203
237
247
232
238
224
238
239
211
256
234
252
242
260
240
216
261
248
242
230
199
206
223
233
244
229
222
209
258
236
224
239
214
237
233
221
203
219
240
234
237
215
217
238
223
230
213
227
217
211
211
231
216
248
232
220
214
214
218
213
213
227
217
211
207
240
230
241
234
206
203
231
207
237
215
200
218
210
227
207
204
212
216
235
212
230
214
225
222
226
212
219
199
223
218
230
192
238
207
193
238
210
224
206
199
235
185
220
228
223
234
213
237
206
219
217
215
225
210
186
181
204
225
204
209
216
194
233
214
172
232
216
234
225
209
235
229
211
207
198
197
244
207
214
197
205
233
206
232
200
206
220
198
213
227
197
219
195
195
218
205
225
196
227
224
200
197
210
205
218
215
203
182
222
211
211
218
174
227
219
209
210
192
226
218
218
217
211
209
192
223
191
227
200
227
193
233
208
217
198
212
210
182
214
242
211
228
223
216
233
212
190
191
196
201
224
209
211
218
204
213
203
229
200
203
223
213
201
243
204
232
221
220
202
213
226
209
255
203
217
210
209
236
213
231
208
232
227
196
214
243
218
193
220
210
221
197
230
226
221
212
251
242
219
205
250
261
231
250
214
227
253
221
230
245
230
240
250
217
275
228
253
247
234
263
254
238
234
255
249
242
236
231
230
264
252
260
262
255
248
272
263
272
294
265
258
257
269
258
262
264
293
273
310
274
290
310
298
277
291
296
317
303
315
330
313
314
350
322
326
331
335
331
341
335
342
332
376
314
324
338
362
378
363
403
403
374
363
375
427
386
392
396
398
359
409
400
425
427
437
431
423
453
470
465
446
462
466
468
469
499
476
472
477
545
536
513
474
489
566
546
552
560
532
584
579
547
596
543
587
582
599
603
633
645
630
653
675
669
690
765
703
672
661
718
702
744
709
744
709
772
780
783
800
799
798
762
799
839
852
823
842
864
889
896
917
882
909
901
980
955
919
922
966
1005
1043
1043
1022
1009
1019
1085
1050
1060
1087
1121
1125
1082
1083
1120
1136
1154
1153
1208
1198
1154
1279
1198
1203
1282
1242
1209
1277
1296
1329
1279
1331
1367
1341
1357
1333
1360
1353
1400
1397
1502
1475
1393
1392
1439
1470
1404
1549
1522
1557
1515
1549
1607
1593
1618
1623
1615
1695
1638
1692
1655
1699
1704
1672
1708
1668
1666
1684
1702
1775
1723
1778
1699
1791
1808
1835
1830
1854
1834
1818
1865
1836
1856
1838
1921
1910
1974
1888
1875
1915
1862
1998
1928
2008
2022
2040
2022
2076
2006
2018
2148
2056
2127
2175
2164
2167
2150
2166
2082
2121
2129
2197
2217
2246
2168
2288
2226
2159
2178
2299
2264
2266
2236
2165
2279
2196
2302
2255
2294
2377
2306
2291
2361
2324
2333
2243
2371
2259
2352
2414
2419
2415
2374
2438
2413
2510
2423
2416
2478
2399
2387
2487
2335
2431
2566
2396
2459
2413
2497
2513
2531
2371
2383
2424
2414
2446
2506
2468
2429
2425
2398
2531
2383
2474
2532
2493
2529
2488
2459
2446
2555
2487
2437
2453
2567
2484
2419
2442
2524
2587
2501
2414
2408
2480
2485
2468
2477
2429
2489
2412
2460
2503
2501
2477
2445
2459
2474
2392
2420
2476
2498
2397
2449
2379
2466
2532
2440
2493
2380
2413
2334
2395
2416
2416
2475
2395
2409
2410
2418
2481
2374
2409
2245
2305
2337
2369
2315
2410
2320
2323
2342
2303
2270
2325
2318
2275
2286
2349
2271
2255
2289
2370
2134
2350
2247
2265
2259
2240
2229
2258
2267
2222
2281
2237
2203
2221
2120
2193
2028
2176
2214
2163
2125
2173
2139
2101
2078
2065
2055
2094
2051
2105
2092
2007
2071
2035
2115
2088
1995
2049
2026
1990
2016
2011
1959
1899
1956
1939
1985
1834
1845
1843
1940
1971
1871
1805
1896
1795
1795
1782
1837
1786
1726
1770
1797
1713
1717
1721
1746
1678
1749
1688
1680
1609
1615
1633
1730
1538
1617
1548
1546
1575
1618
1629
1551
1520
1506
1489
1518
1462
1506
1398
1467
1417
1403
1466
1421
1383
1388
1429
1379
1273
1399
1325
1306
1335
1264
1307
1273
1267
1220
1207
1232
1202
1215
1122
1240
1200
1217
1144
1129
1147
1136
1064
1073
1015
1079
1039
1074
1003
971
1042
1044
1015
1014
980
1008
1018
962
931
893
953
928
906
891
926
885
878
900
827
866
779
833
827
834
807
805
768
761
749
780
726
662
729
699
737
730
700
707
701
667
639
641
645
639
661
593
582
614
612
629
615
580
593
537
578
585
531
521
548
521
496
482
498
516
481
503
475
476
500
482
439
441
461
431
464
426
406
459
466
439
416
420
358
388
409
374
385
383
368
328
348
334
328
333
329
342
315
343
329
322
275
270
308
317
299
327
290
299
285
267
304
263
234
283
264
287
265
243
269
229
263
240
235
222
245
226
239
256
228
230
223
228
214
209
227
208
224
198
223
199
187
201
227
192
203
192
203
205
191
196
203
194
188
189
206
177
179
175
186
176
153
175
176
174
161
172
178
149
192
153
158
176
165
160
169
126
136
154
138
171
150
157
145
145
140
138
141
130
165
152
143
161
150
130
157
139
132
139
130
141
144
154
141
145
148
132
144
139
131
139
137
140
132
119
150
140
138
156
134
117
114
114
150
132
139
126
138
131
110
126
116
128
114
122
123
128
120
117
135
107
104
132
98
104
112
131
105
126
117
133
126
114
131
128
105
111
108
105
116
112
122
115
122
96
126
136
102
119
104
119
108
118
115
115
85
93
110
86
102
104
115
117
103
105
114
120
94
114
96
115
98
101
104
101
99
124
90
112
113
90
110
107
112
100
103
96
98
100
125
111
114
105
99
95
112
96
108
105
81
98
107
104
81
93
99
112
108
106
99
108
111
107
100
88
94
107
99
120
130
100
110
101
102
101
83
77
97
104
107
89
85
91
87
99
86
88
111
94
105
88
113
93
97
97
92
93
86
102
127
97
121
104
94
89
94
101
96
93
106
86
110
108
84
91
101
104
103
108
113
110
99
109
117
100
101
100
113
95
87
81
103
98
84
98
90
107
81
98
112
90
91
93
107
81
99
112
98
104
102
100
83
92
111
101
94
95
87
103
102
98
106
101
102
95
88
93
91
85
106
83
92
83
77
104
98
96
81
94
100
98
75
111
79
91
87
96
78
100
102
101
90
82
100
88
101
102
107
104
106
105
85
82
89
95
98
93
90
109
86
79
83
96
87
97
101
75
103
85
113
87
88
89
105
86
98
98
97
89
93
96
99
83
103
95
85
110
113
97
99
82
81
103
82
89
87
100
90
96
91
101
84
86
103
91
98
85
126
97
110
91
97
115
103
98
90
95
83
89
81
89
83
82
100
106
90
99
83
84
91
101
98
97
87
70
94
91
97
96
96
86
85
99
93
98
92
102
86
91
100
101
95
93
92
69
114
92
98
93
97
111
102
99
104
104
95
94
75
100
110
110
83
92
106
110
94
79
83
101
90
91
95
89
99
94
102
79
79
99
89
110
92
106
100
105
74
93
85
86
98
81
85
101
87
94
91
97
96
108
89
92
97
89
75
87
106
105
101
98
98
99
90
107
116
93
89
97
90
100
114
101
90
102
95
70
86
97
86
94
100
91
105
97
95
101
97
104
101
97
92
92
89
96
104
99
89
103
96
88
115
78
92
94
88
93
101
113
112
90
102
71
87
96
99
118
94
103
101
85
96
94
105
91
104
64
99
106
94
105
86
95
95
117
107
96
114
100
105
72
104
106
99
102
124
100
83
94
91
69
87
101
101
101
91
114
96
94
115
85
109
108
101
81
92
90
96
110
86
92
106
98
94
100
98
101
122
85
108
108
106
89
84
99
104
107
79
86
100
98
97
102
119
92
94
97
78
104
111
82
85
84
102
100
86
108
122
98
109
93
101
103
83
110
90
96
87
103
100
101
97
101
95
79
95
103
99
111
110
93
88
98
100
107
99
105
99
99
105
88
84
109
104
98
124
107
87
116
74
102
90
92
106
98
89
94
97
111
87
98
103
90
99
102
101
101
116
85
101
90
92
88
97
90
86
62
93
109
108
91
99
79
92
99
91
99
106
94
102
109
104
94
99
97
97
86
106
104
105
112
103
90
111
78
100
93
98
105
84
112
94
103
117
78
97
90
92
119
101
75
103
93
99
106
95
90
94
99
88
91
95
85
102
101
105
93
91
114
90
86
84
102
90
84
90
99
110
94
88
93
96
99
92
108
91
109
89
99
94
97
90
110
102
75
86
88
95
99
98
85
106
85
90
86
101
85
109
115
88
81
78
95
113
102
102
92
95
82
85
87
100
105
103
83
102
81
93
106
92
98
92
100
101
111
114
109
89
86
97
88
99
92
99
96
93
119
88
89
96
101
91
110
81
81
98
100
87
91
85
83
68
104
103
97
88
106
87
87
96
90
86
96
95
85
79
89
95
105
103
86
110
88
102
103
90
107
91
97
105
75
91
85
92
89
90
92
92
83
96
109
88
106
92
80
102
112
111
91
85
89
93
99
72
100
103
75
107
95
98
108
86
75
98
103
112
86
78
99
104
88
82
108
89
91
105
93
99
99
83
101
102
83
96
81
90
75
103
90
92
94
87
93
100
96
98
100
93
96
112
93
88
96
85
82
98
72
93
90
92
100
81
99
87
95
90
98
79
72
101
100
105
85
95
95
82
87
87
93
88
97
88
90
80
86
76
90
115
83
98
78
87
115
99
106
95
100
97
97
77
99
79
102
93
82
101
101
93
102
94
87
79
82
104
95
84
87
97
88
100
87
93
125
87
109
93
86
96
91
102
96
102
101
97
95
86
95
98
105
122
87
87
114
80
81
82
85
94
92
72
85
101
111
89
82
96
89
93
102
106
91
97
71
84
97
101
104
98
105
90
86
101
117
101
96
110
104
91
109
107
81
89
87
93
92
80
84
88
78
96
106
101
88
104
79
114
99
106
94
77
91
87
77
106
100
87
87
98
111
95
100
93
82
86
82
98
89
81
85
97
85
93
86
85
95
101
92
89
105
85
96
111
95
87
97
97
100
92
81
88
82
98
89
93
98
106
100
95
82
97
91
92
78
97
91
92
93
105
98
97
99
81
96
107
103
96
94
115
99
95
78
90
100
98
90
81
99
100
86
104
104
79
97
68
90
88
103
99
87
93
109
92
70
80
92
90
89
87
106
87
89
88
93
101
91
90
70
96
99
95
81
82
103
98
100
95
92
75
108
99
101
74
101
85
99
97
105
70
93
82
91
81
90
109
93
101
95
76
79
94
96
92
105
84
79
91
81
100
93
99
95
88
82
90
96
90
87
99
84
92
111
80
87
84
103
74
92
93
96
87
98
83
93
87
101
103
103
90
93
87
102
90
93
92
91
94
101
90
90
105
83
86
86
98
106
101
79
90
90
95
106
103
84
89
83
98
94
80
100
96
100
110
101
86
87
98
94
108
115
107
106
94
94
92
93
84
93
102
112
94
90
90
100
87
97
102
91
100
103
90
90
99
81
101
107
95
98
85
91
86
98
104
95
97
87
103
101
90
99
87
104
89
108
97
113
104
102
99
96
86
89
102
97
102
98
81
105
102
88
85
104
104
108
94
100
96
84
88
117
96
75
99
97
97
84
86
111
79
90
95
92
83
86
92
104
93
91
89
113
94
78
97
113
94
68
87
102
92
122
100
95
78
116
100
109
105
101
96
94
92
80
106
92
108
95
94
93
95
97
92
101
108
79
98
96
93
90
92
83
95
98
84
110
85
91
97
93
78
83
108
103
103
108
84
94
97
99
90
105
88
95
84
94
111
82
95
92
78
81
101
84
82
91
91
100
103
88
104
106
118
80
93
75
102
100
99
72
104
84
102
107
93
94
97
90
104
112
85
96
97
93
98
110
86
100
85
123
95
80
103
113
87
104
106
91
91
84
95
100
92
107
89
110
90
94
96
102
78
114
92
89
85
96
96
97
101
93
94
98
94
90
98
93
109
96
101
111
99
104
110
93
103
91
71
105
86
105
87
115
103
95
108
85
95
89
107
85
105
86
85
99
99
112
111
101
87
84
98
104
95
84
108
79
89
83
100
83
99
96
103
86
110
104
108
84
96
98
96
107
90
94
103
85
98
113
107
90
98
97
120
92
95
114
95
106
106
97
97
84
117
104
95
113
79
112
91
88
96
126
100
114
99
95
105
94
94
121
92
112
105
125
107
98
101
98
111
112
102
112
102
97
96
107
100
77
111
88
91
98
101
88
115
98
101
105
110
113
96
103
120
102
89
98
90
98
116
91
99
91
118
100
104
96
95
84
102
114
87
102
98
104
102
88
110
102
106
98
105
84
91
110
95
95
95
110
102
90
85
81
112
100
105
100
125
121
92
101
107
95
126
114
101
104
81
101
95
108
118
118
90
81
101
95
107
110
104
106
107
84
127
110
74
110
131
88
107
123
95
110
80
91
89
99
103
101
100
84
104
106
115
103
106
98
109
111
105
102
100
103
98
86
101
120
107
106
103
102
112
113
113
120
125
105
111
113
97
109
88
117
109
125
89
94
115
112
107
86
108
100
99
94
105
96
109
103
106
116
125
129
100
95
100
100
118
111
130
112
96
129
112
94
117
117
111
96
90
115
99
102
95
95
120
109
97
104
99
107
115
92
103
89
104
82
114
91
104
99
114
116
102
102
109
88
111
106
110
111
113
108
96
121
112
101
107
113
114
113
102
88
127
123
107
114
121
90
114
103
125
107
99
96
123
116
97
98
110
103
110
104
95
101
111
112
117
104
121
118
86
101
109
105
105
88
101
106
118
112
106
107
98
101
100
94
119
112
103
107
88
128
111
96
128
90
105
103
103
102
108
115
130
93
92
114
108
111
105
111
99
118
92
107
118
102
93
88
110
107
103
126
97
114
105
112
116
109
102
104
115
102
107
108
115
111
120
99
112
104
113
99
94
94
98
77
101
103
106
88
104
112
110
98
94
107
113
113
99
101
113
106
102
117
107
110
101
107
118
105
96
109
108
96
103
96
101
91
101
107
99
120
105
95
100
114
111
92
104
82
114
115
105
111
118
109
108
94
113
113
91
110
101
114
119
98
114
84
101
101
101
97
101
118
114
113
118
94
82
114
95
94
86
101
118
99
111
81
84
105
84
108
91
107
95
110
100
95
93
98
106
115
113
115
113
119
84
107
113
102
96
124
106
91
101
97
98
111
111
105
103
113
103
94
98
104
112
107
103
108
105
101
99
101
115
109
111
107
102
102
98
110
92
115
110
102
102
100
118
99
103
88
98
112
108
97
95
100
85
90
95
104
102
113
101
93
106
106
114
99
105
104
112
101
80
106
108
101
111
100
91
95
105
100
86
95
92
101
99
79
82
114
106
115
108
100
109
88
111
90
95
89
86
97
98
89
102
112
92
82
94
99
100
89
97
96
88
96
89
115
108
107
98
113
73
96
106
100
85
100
93
102
96
84
103
99
101
90
110
84
83
84
101
88
85
82
83
97
85
85
86
127
90
84
77
74
78
71
103
87
81
79
100
91
81
110
88
101
98
90
59
80
97
88
107
74
80
91
96
89
82
90
67
65
82
96
85
82
76
85
87
73
84
101
98
74
88
87
78
85
89
72
82
75
90
86
89
85
86
83
87
111
79
89
83
91
56
82
86
81
71
80
84
72
84
74
87
93
79
93
86
91
78
85
93
88
89
105
82
71
78
70
70
80
73
68
61
78
91
89
75
78
79
93
71
76
88
80
79
86
85
66
59
68
64
74
86
72
81
70
79
88
72
81
68
72
60
85
68
63
72
68
61
68
81
55
77
72
65
72
71
70
68
82
68
68
84
64
65
70
56
68
81
58
93
80
50
56
73
69
62
64
65
69
75
59
84
63
73
80
57
71
87
59
63
81
72
74
79
62
75
56
66
75
58
68
74
73
63
77
72
69
62
77
61
66
63
54
72
62
70
52
72
69
82
65
64
70
64
64
53
65
57
67
61
62
69
58
66
65
56
58
74
48
65
56
63
60
57
52
55
63
66
65
65
73
69
73
75
67
78
56
50
56
57
50
60
66
60
62
65
65
72
49
51
61
54
58
62
57
61
61
58
54
59
57
66
61
57
41
51
50
47
55
49
61
47
50
64
46
53
60
64
45
51
57
37
54
47
60
59
47
65
55
55
48
53
48
51
46
31
47
57
56
48
58
57
63
57
45
43
44
39
50
52
55
41
43
44
37
47
51
50
70
35
52
54
51
40
43
49
46
54
52
49
42
54
45
52
49
41
46
52
41
44
41
51
43
50
51
54
53
49
50
54
51
40
41
46
47
41
53
51
43
52
49
47
60
59
43
55
37
49
52
34
35
44
51
49
45
37
41
43
45
49
51
47
48
48
40
42
37
40
52
43
40
35
43
48
36
42
38
51
52
35
44
39
42
39
45
38
43
44
31
50
47
44
46
41
33
47
48
37
29
28
58
37
37
44
30
48
46
41
35
36
44
43
44
39
54
43
38
33
42
46
41
36
37
35
37
47
39
40
43
35
28
38
35
31
36
36
35
34
43
35
42
32
24
40
31
40
37
40
32
35
34
32
36
36
38
40
33
40
38
37
25
34
33
37
46
34
37
38
39
27
45
41
41
36
30
39
30
41
26
39
37
31
34
40
37
31
36
44
37
30
37
34
30
31
32
33
29
34
38
31
34
28
33
46
37
29
43
36
30
35
32
36
30
33
36
40
33
36
37
44
35
39
41
30
32
26
39
35
36
38
43
24
31
43
39
33
35
32
23
37
32
32
29
33
31
38
44
27
34
32
32
28
27
26
27
30
33
38
31
52
38
31
52
35
30
34
42
30
46
39
38
34
43
44
25
29
33
46
40
38
30
28
37
37
40
35
32
30
28
39
29
27
34
48
34
36
32
47
33
34
31
35
30
41
36
50
49
32
42
41
56
26
40
46
37
35
40
30
43
38
31
27
39
36
48
41
46
37
36
31
38
34
41
56
44
69
41
34
44
46
55
43
42
40
45
44
52
37
55
41
32
45
38
46
50
58
47
43
46
36
44
46
49
50
46
42
35
33
46
50
38
34
45
48
48
59
47
33
52
55
58
51
41
52
55
47
51
46
56
49
51
66
47
65
53
51
60
71
56
52
62
48
65
62
49
62
63
68
64
56
67
63
37
64
56
55
66
80
59
71
52
68
61
62
78
65
64
67
70
61
67
54
72
82
62
72
78
69
66
86
77
67
76
93
81
72
68
80
81
80
86
72
75
78
83
88
88
87
78
72
92
89
74
90
105
93
84
99
110
101
83
90
89
81
95
102
96
100
80
88
90
102
93
94
115
90
118
104
79
96
104
101
121
94
101
90
96
97
101
100
102
97
120
114
133
118
108
120
132
126
118
111
100
107
112
119
130
111
114
128
115
104
122
133
131
141
136
144
123
126
144
116
118
137
125
116
146
142
124
144
147
134
144
133
157
115
138
145
136
141
122
155
150
149
139
144
168
157
172
152
151
148
143
155
153
135
151
149
146
165
160
169
183
148
158
175
170
169
171
190
163
187
172
155
184
162
157
170
173
174
186
156
155
155
176
169
159
172
195
183
180
155
174
158
193
201
202
189
162
190
199
208
196
182
163
201
188
179
197
193
176
189
188
200
187
200
191
197
183
207
193
199
219
220
229
195
225
202
197
235
207
213
225
220
209
191
209
239
223
197
232
236
210
207
230
241
216
198
236
213
237
213
232
246
214
232
240
237
260
222
224
236
233
227
211
238
209
229
235
227
254
230
254
244
238
245
253
235
241
242
242
252
229
234
229
265
258
234
241
241
241
244
261
263
249
216
236
262
250
257
224
257
259
265
257
265
218
241
247
250
240
288
263
275
248
238
249
237
271
261
256
245
264
268
270
286
269
273
269
277
262
261
248
252
278
254
257
286
245
267
261
272
257
257
265
247
255
235
292
240
277
243
258
257
292
249
283
266
302
285
272
297
275
317
286
288
265
260
260
276
275
296
269
323
268
277
242
260
277
259
242
268
245
289
245
293
278
270
283
282
272
254
286
285
289
277
258
252
245
287
263
256
257
316
271
274
292
269
245
276
291
282
283
256
254
283
294
259
286
262
287
249
285
273
285
307
287
274
277
289
279
296
256
274
262
298
259
266
258
276
275
282
274
248
267
282
291
248
289
276
274
303
272
294
274
260
260
276
297
279
272
257
269
282
292
260
269
278
280
305
278
278
270
252
268
286
265
243
262
300
256
291
235
283
274
305
288
297
304
285
268
268
278
251
268
303
304
250
269
287
256
312
263
269
273
283
276
286
238
284
261
281
283
246
292
267
292
315
278
282
292
255
278
263
265
262
291
275
299
279
266
288
289
266
287
273
301
266
275
274
252
273
298
256
265
293
279
253
289
282
273
264
278
310
294
270
296
271
272
284
282
273
249
275
276
262
252
268
300
296
275
284
302
283
271
295
301
225
270
288
268
272
284
283
277
300
283
292
280
288
271
274
277
286
290
255
285
287
268
261
289
303
282
291
262
295
300
274
301
298
279
267
308
267
268
258
300
289
283
273
281
277
266
266
291
256
270
312
271
294
274
305
278
271
267
281
252
261
290
274
242
253
273
289
262
285
268
259
262
251
244
255
240
258
266
316
254
287
263
274
250
242
234
242
256
263
271
277
272
284
274
287
281
275
253
266
267
271
261
284
230
266
242
251
237
272
279
225
231
259
261
237
264
282
265
269
245
256
241
254
252
230
242
235
209
272
233
259
239
242
208
287
230
237
237
248
230
251
228
233
257
248
250
240
248
248
219
236
223
231
240
243
256
235
246
232
208
231
251
219
238
235
242
215
210
237
246
208
199
223
237
227
219
226
236
234
239
229
238
225
229
224
224
225
204
204
211
217
200
210
220
210
210
198
228
211
199
203
203
204
199
197
200
220
186
206
219
198
202
199
196
183
197
198
197
189
215
197
180
192
197
189
211
184
170
202
219
182
198
190
176
181
210
207
186
178
185
180
166
157
187
168
177
185
190
179
164
174
180
158
188
176
167
156
168
186
181
158
171
173
171
160
161
178
145
153
165
158
176
165
144
159
149
159
134
134
153
150
140
144
137
150
139
163
133
146
134
151
132
145
130
130
150
125
148
131
114
154
142
134
138
135
110
131
113
126
166
128
124
108
92
136
121
128
132
112
105
115
127
128
118
133
119
131
100
113
116
111
127
110
105
105
107
98
103
107
109
114
115
121
102
100
94
104
109
95
112
94
92
92
87
90
93
81
116
92
96
104
93
84
99
85
104
104
87
81
85
89
84
85
85
84
87
89
88
83
102
83
77
80
89
86
68
88
78
86
77
74
64
78
64
77
60
80
74
85
74
60
72
60
60
65
74
74
67
64
67
64
72
81
83
62
73
62
73
66
70
60
69
70
79
61
70
56
69
57
65
62
73
68
53
61
50
57
70
53
43
56
59
46
52
53
61
46
60
66
53
57
56
49
62
59
48
48
55
54
47
47
54
44
51
48
58
42
42
53
56
49
62
36
46
38
50
44
46
45
49
54
40
43
47
46
40
46
44
44
39
46
47
55
33
43
32
46
36
45
38
42
44
45
40
39
36
47
49
38
42
34
34
30
42
35
41
50
43
48
37
33
37
37
27
36
34
33
50
48
53
55
28
47
38
37
39
47
35
38
33
29
35
37
43
41
43
37
28
47
35
39
36
33
31
26
37
30
30
41
40
44
33
34
34
26
36
28
32
35
25
31
32
37
31
40
31
26
31
28
28
30
22
28
32
43
23
31
29
27
36
29
38
34
37
36
24
31
27
39
31
24
34
26
41
39
26
35
28
27
34
26
38
23
34
29
31
30
38
32
28
39
29
34
29
38
23
33
30
37
18
26
27
31
33
20
26
19
29
30
18
31
27
24
41
27
28
26
23
30
33
26
30
32
29
24
22
33
32
25
39
28
23
32
40
32
28
33
32
28
25
25
22
27
25
24
30
29
24
25
22
20
20
26
25
23
28
30
26
28
24
17
25
21
22
28
27
28
30
25
23
22
20
18
25
29
31
33
24
25
16
21
20
19
23
27
26
32
26
27
24
24
18
23
24
27
20
24
25
28
25
17
31
26
20
26
21
19
24
32
21
32
25
24
23
25
11
20
20
28
23
29
22
30
16
22
20
20
23
27
26
19
38
22
17
30
11
18
15
12
21
18
29
27
16
15
29
24
18
19
20
31
14
34
20
22
19
20
20
14
9
23
22
24
25
15
16
19
14
13
23
18
22
24
18
17
18
14
22
26
18
22
17
17
22
25
23
20
21
28
22
27
25
18
19
12
23
20
22
17
23
11
17
10
7
17
17
20
24
30
25
15
21
16
21
25
20
24
15
18
23
27
22
24
22
20
17
19
16
18
21
12
20
24
15
16
19
15
13
20
15
11
21
19
20
15
18
20
30
20
18
30
19
24
23
18
20
8
24
18
25
19
27
21
22
24
15
16
15
18
18
24
18
18
18
25
18
21
24
20
15
15
23
16
13
23
17
17
20
22
21
15
17
16
23
20
23
18
19
25
30
14
21
20
21
23
20
24
19
20
16
24
17
5
16
17
20
20
22
25
19
18
22
24
20
17
16
21
17
22
16
17
14
11
16
12
17
15
23
13
10
12
25
14
12
14
11
15
15
15
20
19
18
14
25
19
21
20
12
20
17
14
19
25
22
16
23
16
24
12
18
16
14
13
19
16
20
23
25
19
12
18
13
17
18
21
24
10
13
17
14
21
14
21
9
11
19
11
12
21
14
22
21
17
15
26
21
18
12
20
14
19
18
12
9
20
16
14
17
16
8
28
15
16
16
12
19
7
16
15
21
14
16
12
20
25
11
15
26
15
14
15
23
17
16
20
25
14
11
17
23
20
17
26
16
20
25
13
8
18
12
21
15
18
11
12
20
16
15
12
14
15
23
12
17
23
18
12
17
14
13
12
15
19
13
19
26
17
22
20
15
17
13
16
16
21
16
10
14
15
20
8
12
18
18
19
18
14
17
12
7
11
19
19
12
12
11
13
15
17
8
17
16
13
15
9
12
20
12
14
12
12
13
17
14
16
14
14
12
21
9
15
14
16
6
13
13
16
13
12
19
18
10
12
16
19
12
16
14
22
21
5
14
11
14
15
15
14
10
12
17
17
12
18
15
12
17
16
16
12
7
13
14
12
14
11
17
18
13
23
14
14
18
15
13
8
11
14
10
10
19
11
12
16
11
11
12
14
13
12
17
11
15
8
11
15
11
15
23
15
17
18
14
17
12
10
13
8
16
11
18
10
15
11
11
11
9
10
10
9
16
14
12
14
17
21
15
14
16
18
10
12
10
6
22
16
12
12
14
11
14
12
13
14
18
14
17
17
15
10
17
18
7
13
14
7
9
10
9
11
17
9
13
16
17
14
6
15
10
11
8
15
11
7
16
13
15
15
21
15
14
20
11
16
12
19
14
16
12
11
13
12
8
10
11
10
16
10
10
14
7
12
13
12
17
10
11
8
12
10
13
14
9
10
16
7
9
13
16
11
7
13
9
14
13
9
11
15
12
8
10
14
10
12
16
11
4
10
14
11
10
14
13
11
14
14
12
11
16
9
4
4
14
15
14
8
9
10
12
9
9
9
9
12
8
14
7
11
15
8
8
9
12
10
16
13
14
12
12
9
11
8
15
14
11
10
12
8
9
14
15
11
12
10
11
7
13
12
8
14
11
11
11
12
10
7
11
10
12
8
13
12
12
6
11
16
7
9
9
7
5
11
7
9
9
10
14
11
9
10
3
7
10
9
9
14
7
10
16
9
13
6
8
11
12
9
14
5
7
13
7
12
171
171
154
147
137
180
167
143
148
181
156
190
155
148
156
162
153
156
158
159
150
144
181
142
162
152
146
150
154
152
153
144
148
151
143
138
155
141
169
154
142
157
166
152
166
160
174
131
140
155
154
132
148
164
140
150
119
140
149
177
117
133
149
143
151
145
161
158
170
152
159
165
152
126
148
145
161
147
140
156
140
149
151
157
146
130
137
143
149
150
121
137
152
144
157
132
151
154
132
131
159
137
138
123
150
139
135
144
134
143
151
145
145
153
132
150
149
151
133
152
148
148
137
148
159
135
141
79
