0
0
0
0
0
0
0
0
0
0
0
0
0
0
0
0
0
0
0
0
0
0
0
0
0
0
0
0
0
0
0
0
0
0
0
0
0
0
0
0
0
0
0
1
1
1
2
2
4
1
0
1
3
2
4
4
2
4
4
3
1
2
2
3
2
5
0
7
7
4
5
3
2
7
9
7
5
5
5
15
13
18
14
21
17
33
23
32
46
51
55
76
86
111
146
162
210
256
298
348
436
506
625
786
868
1072
1419
1420
1237
1008
901
683
461
187
65
72
77
83
112
135
123
172
185
214
198
236
270
294
327
344
383
399
370
423
465
471
429
370
377
287
254
208
148
155
153
141
142
172
186
233
236
272
313
309
336
362
357
344
356
322
270
256
194
204
167
193
196
213
225
288
284
292
298
346
327
322
300
268
266
255
220
193
205
231
240
275
244
300
271
320
272
322
277
261
206
204
197
215
229
211
261
256
267
276
308
283
269
282
219
272
210
230
219
207
267
254
286
283
277
255
272
302
261
243
217
247
231
240
268
256
254
260
254
283
282
263
255
238
249
239
235
246
238
253
242
239
231
296
279
269
286
274
284
247
269
247
266
258
258
231
262
261
283
260
243
244
269
259
259
277
250
272
268
288
261
259
239
256
243
274
227
235
258
259
235
282
256
262
253
264
271
266
242
298
296
267
250
266
271
261
272
241
248
259
255
276
290
277
274
296
263
281
269
295
236
250
247
259
270
260
281
236
298
257
274
270
275
252
261
246
249
285
262
256
267
282
258
293
263
241
257
264
271
248
249
294
277
267
234
289
285
276
286
256
285
275
293
270
249
249
296
245
292
319
249
295
279
264
314
278
271
279
275
274
263
255
264
272
304
235
272
304
262
273
261
288
287
302
244
286
289
268
271
308
291
281
271
293
276
240
279
286
259
255
271
226
284
277
263
254
274
279
272
287
264
264
283
283
277
271
284
279
294
269
268
246
247
288
293
241
289
285
287
254
281
289
300
278
278
261
228
279
275
276
251
281
258
277
296
256
277
289
256
261
310
278
289
255
269
278
282
271
290
228
265
255
232
253
291
288
267
264
252
271
273
291
265
290
270
288
277
277
255
285
292
260
275
288
257
235
277
272
262
263
257
256
276
280
277
249
294
251
253
267
249
251
249
262
290
276
296
266
272
246
267
248
289
272
262
297
309
253
288
277
312
277
263
279
284
289
262
293
287
276
270
290
278
296
307
260
258
274
292
280
285
263
273
300
272
255
269
288
290
281
286
263
279
276
282
237
259
303
299
247
304
277
290
296
256
265
299
262
282
293
285
298
284
257
293
272
265
294
262
268
262
285
259
267
256
257
264
295
284
283
285
290
265
274
274
261
288
273
252
248
273
267
283
268
277
288
270
256
262
263
268
263
259
245
244
278
274
283
274
259
273
274
291
294
249
266
251
271
288
277
250
259
262
297
264
260
249
284
277
287
254
267
239
256
277
234
241
276
241
270
264
261
258
291
265
298
230
221
281
260
267
279
237
255
254
255
234
229
291
254
282
275
232
262
254
253
268
294
278
271
264
253
248
289
262
231
299
267
276
254
257
279
235
266
287
242
231
260
270
282
283
238
246
268
253
228
251
266
261
241
267
241
246
240
258
241
258
237
247
259
260
255
232
267
250
244
273
247
259
250
244
240
253
261
233
243
230
274
287
270
266
243
230
270
235
229
260
266
251
244
263
258
254
227
241
251
255
237
239
246
233
255
228
246
244
242
261
246
253
234
248
271
243
228
222
219
273
237
259
281
262
258
243
233
255
226
247
251
231
275
238
266
234
263
239
267
258
263
244
232
259
236
245
245
233
235
277
239
249
249
240
230
274
243
225
259
232
267
226
249
238
273
218
261
257
247
240
224
262
234
222
270
240
263
250
247
245
239
239
272
242
249
246
252
248
235
244
261
257
228
258
254
234
244
256
247
209
249
247
273
234
245
236
244
242
264
246
274
258
262
226
247
247
239
239
230
228
245
242
236
233
239
234
232
275
223
228
253
235
215
242
205
220
233
215
247
260
237
238
245
243
242
222
249
211
257
232
263
257
257
257
283
226
240
241
262
263
254
268
235
258
256
251
230
219
246
246
246
235
268
237
278
249
248
258
237
249
251
236
264
261
207
254
246
257
249
265
239
273
227
279
247
262
230
251
267
240
243
222
255
276
238
282
258
229
288
272
232
270
230
294
273
261
233
268
277
290
287
260
277
303
314
277
281
253
298
321
269
278
299
272
290
312
325
347
311
312
326
320
312
304
307
343
314
306
304
306
318
326
340
320
296
318
286
318
311
276
296
273
258
316
310
303
270
290
289
281
292
294
259
295
289
277
238
283
247
263
282
263
281
248
260
256
280
302
273
283
268
258
262
265
255
259
265
256
265
241
272
237
241
238
230
240
249
226
263
255
221
229
230
215
268
266
273
277
235
270
220
216
249
273
245
231
230
198
276
220
244
238
226
255
214
230
231
237
235
228
238
252
235
224
218
230
227
225
205
228
253
242
248
226
260
223
242
226
212
239
232
213
219
246
210
243
231
253
262
270
277
263
263
233
231
233
218
207
261
218
211
234
192
208
214
230
225
254
213
194
211
209
209
187
241
212
233
207
207
229
209
200
215
223
224
222
207
209
232
213
197
205
215
219
213
208
182
219
229
218
187
221
204
218
222
233
227
239
203
236
205
202
209
248
229
227
201
192
197
223
214
239
210
210
197
214
215
209
213
208
212
194
221
195
184
202
214
214
210
239
183
231
199
177
203
224
194
174
194
181
201
187
224
185
201
206
199
190
194
193
195
195
184
192
208
196
206
205
196
241
211
214
210
216
202
199
205
213
201
208
219
205
200
231
204
223
188
195
198
224
202
214
223
216
199
216
204
197
179
172
216
219
199
177
199
199
204
209
200
205
201
207
191
184
209
217
183
212
178
223
194
183
198
209
211
208
207
196
211
186
199
200
184
191
225
208
202
192
204
203
207
204
175
190
184
201
172
204
211
188
205
183
176
210
183
232
202
203
202
178
227
175
193
186
194
177
177
200
230
198
197
207
198
210
175
188
195
189
190
178
189
207
187
209
178
192
202
181
200
183
209
203
170
201
202
155
207
188
171
169
214
193
202
174
164
205
203
194
193
205
189
201
187
158
197
194
190
180
203
190
196
178
234
206
186
183
203
210
180
188
194
177
192
183
169
199
201
212
194
211
177
193
173
187
172
179
183
177
184
206
177
173
186
190
210
183
177
188
178
195
190
191
182
191
185
215
205
194
175
180
200
173
158
170
175
190
209
170
205
196
184
177
169
215
189
163
204
192
180
171
186
192
188
186
186
176
218
186
184
170
171
167
199
202
176
200
188
179
176
173
224
181
198
192
218
210
225
238
219
209
186
173
177
180
184
168
204
201
192
213
198
188
185
195
174
168
193
191
187
196
176
180
191
196
181
199
171
188
186
193
187
194
224
177
181
172
177
164
178
192
186
196
187
204
177
187
210
160
192
179
171
231
200
196
168
191
174
180
150
185
198
183
177
188
178
187
198
187
184
179
199
180
169
167
202
170
171
174
175
184
186
179
191
189
180
195
185
183
191
198
176
163
158
193
175
227
201
191
195
188
188
191
192
169
186
168
169
199
179
187
183
184
186
164
197
192
159
167
199
214
213
186
199
174
206
188
157
199
177
198
189
197
193
166
179
193
183
207
188
211
188
192
165
191
202
208
192
181
167
175
192
187
188
188
193
191
166
191
178
183
168
141
173
199
167
186
194
200
168
191
183
192
195
191
164
185
199
170
170
201
166
206
170
205
162
185
193
168
170
178
194
183
189
186
218
160
186
171
158
187
189
196
201
181
207
188
188
198
214
192
197
180
198
181
175
191
174
178
180
169
164
178
164
174
154
188
182
173
180
181
190
175
179
175
176
186
172
203
179
163
166
176
173
155
165
176
180
186
195
187
161
171
159
163
184
167
185
191
148
180
178
173
175
172
184
154
173
165
163
178
186
179
161
204
156
168
158
168
188
157
179
183
162
164
184
181
199
166
161
194
179
174
163
181
178
171
160
192
196
165
159
198
167
181
171
179
173
180
163
156
180
190
182
200
148
163
155
175
162
178
202
169
179
159
193
197
164
157
161
177
186
181
148
164
184
167
181
168
160
173
158
174
166
178
176
137
171
164
178
149
173
173
152
194
147
174
193
180
153
170
171
155
163
171
154
172
156
175
190
185
166
196
174
166
173
157
170
182
167
161
178
155
164
175
174
193
158
188
141
186
170
157
181
194
167
176
183
148
159
158
159
161
170
168
158
181
171
164
188
172
143
152
160
155
162
144
196
168
124
175
164
163
167
162
185
162
172
165
166
187
192
172
135
173
167
163
154
151
170
158
151
185
179
141
182
175
164
156
154
184
154
170
186
132
169
202
167
159
195
148
165
167
157
177
162
189
155
153
168
180
147
186
161
177
158
158
148
164
153
168
197
151
178
164
152
151
172
163
175
165
143
184
150
169
179
186
156
153
147
139
168
158
168
170
197
171
160
162
165
193
178
153
168
152
168
145
162
162
179
159
171
165
193
177
155
131
147
154
174
174
178
174
167
151
183
162
159
161
167
178
186
159
148
159
141
158
182
161
156
171
180
163
146
165
145
173
163
176
154
194
171
163
157
162
150
182
192
175
165
155
160
185
145
140
172
176
165
183
176
181
170
170
161
152
182
170
156
166
174
147
152
153
174
158
153
164
141
161
154
150
175
168
159
142
148
142
153
193
163
133
155
150
199
184
157
149
163
182
167
161
147
161
181
189
178
172
178
161
139
153
138
169
149
153
172
156
142
158
163
157
142
143
157
153
157
162
177
135
166
177
179
154
151
152
159
155
157
150
170
150
156
161
138
167
162
172
161
162
154
137
162
168
147
141
135
151
152
170
162
159
138
171
171
124
165
151
150
149
176
135
153
156
134
157
149
148
166
154
151
145
152
145
167
127
119
177
144
159
143
156
166
162
158
154
145
141
159
132
147
153
154
172
157
158
130
143
163
152
144
157
139
153
167
162
156
148
170
150
154
161
158
161
133
146
168
153
140
129
148
149
151
154
159
173
156
158
142
164
145
163
151
157
139
157
163
143
173
156
142
151
146
159
164
163
176
174
157
160
156
141
142
150
161
158
168
132
177
147
143
161
158
154
149
153
156
181
141
156
148
167
153
156
137
154
153
169
154
157
162
176
164
160
153
143
143
142
152
158
185
128
158
167
155
164
157
160
156
134
158
158
156
156
154
176
137
163
134
170
139
133
172
128
156
161
202
154
145
132
122
157
166
153
142
166
165
165
151
146
171
166
149
153
148
126
148
136
162
144
154
149
139
159
165
150
138
134
141
143
149
144
168
153
155
141
147
157
167
150
187
156
125
145
149
144
154
151
163
147
163
150
147
169
135
159
130
162
148
177
153
138
148
153
160
151
146
158
143
163
141
160
164
167
148
171
157
145
142
152
148
146
163
148
137
135
160
161
144
154
147
146
159
160
134
180
158
152
165
143
127
171
176
134
165
150
139
158
147
152
153
154
142
134
148
142
166
155
133
189
139
140
134
144
166
148
163
146
148
138
156
147
176
151
156
149
159
150
158
163
142
141
161
148
147
161
148
164
143
162
146
156
132
144
151
132
163
142
149
145
147
192
147
182
149
161
171
195
170
210
180
204
184
166
167
177
159
180
155
188
178
150
173
160
139
149
155
130
157
167
126
136
144
139
151
136
157
144
144
172
157
141
161
144
156
142
140
141
145
178
139
173
137
157
133
126
155
141
163
148
151
131
159
150
167
167
143
153
155
157
140
167
148
165
161
142
130
140
164
145
147
142
139
151
161
159
142
150
162
161
147
137
160
148
142
138
126
144
140
145
147
150
160
144
153
150
154
140
134
131
138
143
141
155
137
144
152
146
147
169
154
146
162
150
154
159
149
153
174
167
167
153
151
152
144
131
146
142
128
131
131
146
155
140
145
129
141
143
129
167
143
156
137
154
154
148
137
142
151
151
172
135
137
155
139
155
135
148
159
146
134
146
147
150
138
146
144
150
146
176
156
143
153
140
146
157
157
153
153
162
148
159
159
145
146
167
128
140
147
142
150
142
152
149
152
156
160
141
149
140
151
141
109
147
130
132
141
139
119
134
131
110
181
129
144
173
161
143
156
171
184
151
136
158
132
135
160
145
148
128
147
162
155
148
151
169
149
145
132
159
154
144
172
144
148
132
123
155
137
132
156
148
145
141
160
130
130
163
135
144
140
151
142
162
159
136
158
139
158
157
144
149
150
135
163
129
153
157
138
146
170
137
175
149
152
167
169
153
149
148
145
153
150
136
144
170
151
135
153
148
158
144
146
126
149
131
159
160
149
131
125
157
145
127
145
163
154
146
162
136
163
151
145
142
157
143
156
148
163
169
120
140
148
162
138
140
141
124
129
143
143
160
152
143
156
165
146
165
151
141
166
154
156
141
127
144
149
148
157
143
168
154
127
136
142
148
176
169
169
175
165
165
176
150
152
136
143
153
163
137
171
138
132
150
151
157
169
138
146
157
175
161
128
148
165
132
143
139
156
140
167
153
162
151
130
141
142
145
136
163
141
155
142
151
149
123
140
160
133
139
148
141
142
155
151
150
138
141
150
145
187
142
152
135
128
160
155
127
143
140
158
156
152
158
156
137
146
131
150
182
166
160
136
160
174
148
169
148
137
124
152
185
145
156
153
151
133
139
144
145
155
138
148
141
144
144
132
149
127
143
150
130
125
164
171
145
158
146
168
141
150
156
154
135
142
114
167
165
153
175
168
175
161
168
154
177
153
151
175
159
170
149
162
145
155
147
158
147
170
144
148
149
153
151
134
147
155
152
139
135
166
161
143
164
130
161
156
132
140
140
141
143
172
156
170
142
144
163
153
149
136
157
153
147
166
142
137
148
148
170
165
130
147
138
163
135
159
145
146
133
147
174
158
149
128
164
133
136
135
135
146
161
159
143
165
136
138
138
152
166
144
145
133
146
145
147
147
154
150
146
145
148
137
148
136
160
154
144
154
121
152
180
146
144
164
156
137
147
181
156
164
162
152
135
150
143
168
141
146
154
139
162
156
146
172
162
143
148
142
171
152
132
147
146
149
143
145
143
168
141
142
165
160
144
166
156
157
154
158
173
167
135
126
172
160
122
137
150
154
179
160
139
148
153
148
159
160
153
148
144
131
156
141
151
168
157
161
145
145
167
152
164
150
156
142
160
156
168
170
180
165
158
165
124
139
134
166
148
146
152
146
141
147
167
152
144
142
155
136
144
129
140
135
132
140
159
159
120
138
159
157
150
132
160
153
160
146
151
161
132
154
172
152
128
155
165
154
157
149
159
131
144
148
155
150
170
155
146
151
152
145
147
150
164
158
166
153
144
154
136
155
166
147
161
140
156
143
151
147
147
168
154
167
134
149
138
148
180
167
153
159
170
153
149
165
142
164
132
145
165
146
155
143
136
149
154
162
163
137
162
136
139
157
162
141
153
169
128
144
178
179
168
142
160
141
149
145
137
146
153
155
146
188
148
166
153
140
135
145
159
161
155
157
148
170
152
169
154
150
158
157
150
149
167
193
173
149
160
180
155
158
138
160
152
168
171
145
168
177
139
144
152
172
142
134
163
147
144
141
153
165
146
164
148
150
169
142
160
183
157
157
151
153
125
154
140
162
160
163
171
184
156
151
155
145
149
156
143
146
141
163
168
164
154
159
146
167
142
154
146
141
150
165
171
143
147
171
162
166
159
174
153
153
142
146
140
176
150
144
167
145
128
128
164
149
152
132
162
136
131
162
151
144
147
130
153
172
151
158
149
151
162
158
149
163
154
152
159
160
146
148
148
167
149
144
171
154
139
147
157
151
142
163
158
158
138
155
157
151
148
166
139
164
139
155
150
160
141
141
165
166
169
138
165
163
171
193
146
155
160
141
169
153
185
147
159
155
155
155
168
187
181
142
157
161
157
152
161
125
156
140
155
153
140
175
146
148
161
173
157
174
179
156
150
152
145
144
167
168
176
154
150
142
168
150
183
161
172
138
163
177
178
159
140
154
154
166
158
158
165
178
142
167
160
163
146
145
166
155
191
163
170
189
149
148
161
145
147
141
169
158
143
160
184
146
151
173
174
163
174
161
155
168
150
177
154
174
158
157
166
154
187
167
144
181
158
185
153
167
175
147
163
147
147
146
176
161
169
142
171
167
165
130
152
158
183
160
175
154
151
170
149
163
151
160
154
174
170
170
158
169
163
152
175
167
172
170
151
158
167
150
159
139
168
166
160
139
141
149
178
156
180
166
157
162
154
159
167
142
185
186
137
169
163
172
155
156
163
154
169
153
159
160
147
160
160
150
158
134
145
153
155
143
143
156
174
159
156
171
160
165
153
174
159
160
161
167
166
172
162
145
153
152
170
189
148
173
163
153
177
159
171
161
153
180
174
163
174
177
166
186
145
161
163
153
150
164
148
157
139
146
164
163
170
167
155
158
153
159
144
152
185
176
150
167
154
172
148
174
160
170
161
169
176
190
171
157
159
164
183
191
183
192
163
193
147
187
162
168
186
159
176
160
175
161
167
182
159
157
164
171
165
172
162
151
168
166
150
180
171
187
161
155
166
187
160
162
175
160
134
170
152
150
172
164
173
176
171
151
172
163
175
195
176
175
163
164
160
166
149
165
156
121
182
151
170
172
151
182
156
173
141
148
172
167
179
189
183
165
178
143
159
171
187
175
181
161
154
168
187
191
171
176
147
179
178
178
164
182
168
163
168
154
204
169
178
168
194
177
155
176
177
162
166
179
177
175
177
174
159
177
193
173
171
181
164
181
182
154
188
181
182
198
174
175
149
160
182
192
163
157
177
160
183
156
178
171
166
177
165
180
175
186
170
187
185
168
163
162
185
185
193
155
177
173
139
166
172
166
161
169
154
169
175
188
147
152
168
158
172
158
195
181
155
163
163
189
174
163
159
166
192
183
158
187
189
170
163
162
189
174
168
166
175
196
160
178
187
176
170
174
172
170
194
179
180
177
155
162
153
163
183
167
183
177
214
191
188
191
169
178
175
176
198
171
172
167
169
177
164
208
183
170
181
172
164
179
185
180
179
178
176
179
176
182
158
191
175
190
171
199
190
186
181
200
164
170
178
166
172
165
162
189
163
163
178
182
170
180
187
165
195
169
194
191
179
199
182
173
183
189
162
179
183
180
166
189
158
195
197
202
179
206
199
189
199
199
196
190
195
184
175
197
176
179
188
163
189
208
181
199
182
181
202
198
183
174
199
166
189
176
182
170
186
191
185
219
182
182
211
197
206
176
195
197
179
201
203
202
207
167
198
180
192
187
170
173
167
185
175
204
195
167
172
202
188
192
167
174
182
206
187
189
209
180
189
209
175
192
185
173
180
173
196
184
165
182
193
186
180
182
194
182
182
182
182
188
182
177
193
233
189
197
179
201
171
197
154
200
198
187
174
198
170
161
191
166
183
186
172
192
201
189
201
198
176
196
206
169
199
184
180
205
200
186
216
217
197
186
206
211
197
175
170
191
163
223
194
183
194
204
187
185
220
179
214
181
206
187
198
196
185
185
175
194
212
192
205
183
187
174
176
181
183
174
180
166
196
191
191
184
227
219
193
178
183
190
194
203
178
184
210
210
201
172
206
203
196
202
187
188
185
206
173
203
197
214
184
177
207
186
199
202
188
193
201
205
213
192
226
185
181
175
174
194
203
221
189
214
215
213
205
194
227
214
215
217
213
207
180
204
175
219
204
201
189
191
197
196
179
171
215
184
196
196
223
195
211
200
228
209
211
214
186
163
209
204
194
186
205
191
199
186
188
180
198
227
226
226
205
210
239
201
226
210
226
207
213
198
207
200
190
208
195
188
195
208
233
205
184
208
217
236
206
207
208
200
199
212
205
198
227
197
227
216
206
203
202
216
206
210
232
209
193
207
233
227
235
226
203
214
197
216
210
216
204
191
207
215
214
195
213
230
199
211
224
218
223
227
214
204
231
210
212
245
215
222
220
212
194
222
198
212
241
177
253
226
208
193
212
227
202
216
246
216
226
197
235
214
227
198
206
215
219
228
200
243
241
205
211
213
223
217
222
211
222
233
237
220
193
195
237
228
221
231
203
218
235
219
234
219
210
209
229
246
214
228
218
234
237
233
234
237
196
229
232
239
250
229
236
209
204
226
222
254
241
215
231
237
234
229
229
222
229
214
221
235
232
221
234
241
223
212
234
251
239
234
239
246
229
236
246
241
237
221
255
256
233
239
225
265
227
229
245
242
237
221
241
230
235
248
241
226
222
227
268
267
224
230
216
243
220
259
236
240
242
204
240
222
232
225
227
233
227
239
249
234
253
239
250
244
224
224
215
259
254
248
242
219
250
216
258
224
244
227
270
254
237
239
241
212
254
248
227
229
228
228
251
239
228
222
265
234
222
230
254
256
225
233
253
249
238
202
280
251
240
224
232
232
242
229
242
250
222
250
252
253
257
244
220
244
260
244
236
263
225
244
208
254
241
284
227
257
256
242
259
246
237
258
225
236
256
262
231
248
240
248
244
288
255
272
215
268
252
264
283
251
256
240
268
237
252
280
265
267
227
259
219
268
266
278
253
254
223
251
265
235
277
237
246
245
217
239
259
266
268
258
256
228
243
232
211
245
273
236
256
277
240
252
265
252
213
251
253
257
274
247
295
251
249
236
244
234
236
229
241
263
255
269
242
228
249
240
249
248
287
256
238
247
239
207
294
260
257
257
253
268
267
252
265
227
270
267
272
246
250
256
256
248
236
260
231
275
264
263
242
230
248
206
260
227
245
235
258
242
211
220
206
236
252
238
232
226
224
229
266
200
229
206
232
237
216
195
203
198
219
224
220
201
187
208
191
209
199
200
213
192
200
213
218
209
222
224
182
179
207
187
200
213
212
189
210
187
223
195
214
205
185
194
189
174
167
190
208
205
186
184
206
203
198
205
202
216
185
172
184
199
171
196
184
239
191
203
213
192
181
209
193
198
210
194
190
185
184
208
201
188
173
182
203
209
182
188
192
190
159
196
188
186
168
195
188
203
193
186
181
181
170
177
170
191
197
191
214
197
181
187
179
185
209
177
145
178
211
204
189
202
172
205
177
197
189
172
156
154
182
181
172
195
170
198
157
174
182
194
191
185
173
190
163
190
187
175
202
167
181
163
225
194
198
183
189
185
189
166
153
160
179
188
174
182
166
178
169
185
188
180
204
193
189
166
184
205
195
188
162
164
187
170
171
187
181
193
181
199
191
194
153
205
186
181
156
193
187
166
180
179
190
180
198
179
179
186
177
182
214
204
196
181
152
186
186
177
168
177
148
167
193
178
178
191
161
162
150
183
189
144
179
176
173
174
172
174
186
182
194
179
152
164
159
164
186
166
179
188
190
169
159
186
176
158
177
170
185
183
178
176
161
170
171
180
169
187
169
193
189
170
150
172
190
174
169
199
192
182
181
188
180
171
167
180
175
186
164
197
168
181
168
183
152
156
168
181
177
173
153
171
159
173
169
179
187
172
164
172
178
202
180
174
189
170
172
161
164
175
179
175
161
177
184
194
167
163
194
162
180
161
167
155
154
187
164
187
162
172
170
176
169
181
188
184
191
162
193
165
185
174
169
163
176
160
188
182
166
189
176
176
170
202
163
166
173
182
168
170
201
153
179
180
196
178
177
175
180
201
178
189
150
172
178
160
152
181
161
169
167
186
170
194
186
147
167
154
159
156
172
151
172
149
173
157
161
119
162
154
178
183
163
151
173
180
163
180
156
168
149
183
173
169
166
177
158
155
177
169
169
181
162
155
169
177
181
171
155
174
154
168
151
193
153
162
153
153
151
176
179
158
160
158
152
158
148
152
163
171
178
181
182
133
144
140
150
159
168
166
171
168
174
144
190
171
163
166
153
156
159
186
155
159
174
162
170
151
170
167
147
167
171
159
176
151
171
159
174
125
162
159
147
139
170
162
169
153
151
174
169
171
161
156
152
184
178
166
162
176
159
166
138
142
149
151
173
155
176
150
163
151
161
173
161
161
164
138
164
152
169
155
149
165
175
167
174
175
181
170
164
159
158
158
180
188
151
183
164
169
171
165
180
160
161
151
181
169
142
162
172
178
144
175
144
180
157
191
140
139
161
184
157
177
148
191
145
183
164
160
163
161
166
160
157
161
161
148
159
164
148
162
168
145
141
164
175
142
170
152
138
176
171
182
177
160
160
171
164
151
161
165
164
172
143
159
163
168
187
178
175
165
149
151
155
166
172
177
168
158
154
147
152
168
156
173
180
189
188
164
159
168
170
163
179
178
163
192
175
163
149
156
163
157
151
182
183
188
161
166
163
180
160
171
146
142
164
148
189
173
158
174
176
162
152
172
174
143
153
192
176
181
160
154
178
166
168
167
156
186
179
167
160
171
168
169
161
169
175
164
184
164
128
170
158
176
171
170
193
142
173
155
180
156
158
164
161
158
179
176
159
178
182
158
183
141
174
172
158
165
169
155
165
155
159
193
145
151
150
148
185
149
162
159
172
164
156
166
146
148
158
159
155
161
147
149
157
175
172
161
156
151
159
137
150
144
158
152
168
183
144
140
143
142
170
154
140
145
124
127
129
124
124
129
133
128
159
128
131
138
127
148
109
100
134
141
115
117
121
127
129
123
148
116
103
124
103
103
102
129
114
118
109
110
109
127
114
104
116
114
94
102
121
119
99
115
125
107
111
121
98
111
113
114
113
102
95
98
106
107
94
108
112
101
103
105
131
89
86
100
101
105
107
92
95
103
84
90
103
108
108
109
108
103
118
115
92
93
102
103
91
94
97
97
101
99
103
106
88
102
105
100
127
99
122
101
92
97
97
106
88
98
94
90
81
82
109
85
101
84
98
98
100
103
88
115
100
93
78
92
92
85
85
101
106
93
128
99
95
89
89
98
101
88
89
98
94
104
107
77
112
99
94
96
121
84
94
96
102
78
101
87
93
94
94
94
79
85
96
107
90
89
105
101
87
111
103
109
96
91
99
108
87
107
103
91
117
104
83
97
114
95
106
98
111
111
110
96
118
111
118
118
109
92
106
105
114
131
119
107
109
111
128
127
127
122
117
138
118
109
131
134
127
132
129
132
133
139
122
125
142
140
131
131
129
136
121
162
125
124
149
137
147
163
119
158
149
141
150
180
159
153
170
153
189
168
157
197
186
208
194
195
207
235
191
235
198
257
330
448
649
924
1452
2197
3121
4230
5584
6498
7461
7999
7724
7206
6514
5238
4316
3353
2566
1942
1493
1165
963
780
585
491
368
277
268
230
151
152
122
125
101
87
79
81
69
71
64
79
94
62
63
78
62
54
56
62
56
72
60
51
69
74
62
56
60
59
69
56
65
60
64
69
68
62
56
71
77
56
62
47
48
52
63
59
59
41
49
58
45
56
47
63
49
67
70
47
69
66
55
57
47
40
68
38
61
60
69
49
42
52
44
50
57
57
51
46
59
50
51
48
41
55
48
52
52
62
49
43
56
54
51
42
53
42
63
57
44
54
60
59
43
53
46
50
53
51
59
55
49
44
41
41
53
48
38
49
57
47
41
43
50
46
62
43
51
43
50
52
38
51
54
43
44
41
35
33
42
42
41
36
46
48
36
50
39
52
33
44
46
37
53
43
48
35
41
44
40
43
41
40
37
49
41
33
49
42
38
39
34
47
30
40
35
44
36
37
39
42
51
48
27
27
40
44
30
39
34
33
39
47
37
38
50
37
25
34
34
42
35
35
40
36
45
45
40
40
38
42
49
46
30
50
37
40
33
36
29
31
45
33
48
28
33
36
37
34
30
31
23
31
33
35
33
24
29
35
24
26
33
34
28
29
29
34
36
22
32
33
31
37
29
36
28
34
34
36
28
30
33
20
28
30
28
31
34
31
31
31
24
38
21
27
27
21
24
29
32
32
34
35
27
32
26
29
20
37
23
28
24
27
34
21
22
33
22
36
29
28
19
23
28
25
28
21
29
38
33
19
23
32
28
34
27
23
23
29
24
25
27
20
27
25
25
30
36
26
27
26
30
24
23
32
28
20
33
21
18
21
30
34
20
19
15
30
27
18
19
35
28
33
19
28
15
23
23
27
21
26
14
21
13
24
27
29
16
19
20
31
22
37
28
16
18
17
20
30
20
20
16
26
19
19
22
14
21
26
20
17
19
21
23
24
21
23
18
20
19
23
26
27
20
21
17
28
20
22
20
19
23
26
26
18
27
19
22
15
33
17
20
17
17
20
20
22
19
21
17
22
20
25
19
22
25
26
17
18
18
22
32
17
19
19
19
20
16
19
19
25
21
21
22
25
22
15
21
18
20
16
23
20
16
19
25
15
21
24
18
17
17
25
20
21
12
19
11
20
20
23
14
27
16
14
26
30
27
25
21
30
28
31
33
27
28
27
33
21
19
23
24
20
32
21
18
28
20
26
18
20
13
23
14
15
19
22
19
17
22
12
19
19
14
13
17
22
17
15
25
8
20
16
23
26
14
18
19
21
17
15
24
15
14
19
19
19
17
17
17
18
18
20
14
15
10
22
24
15
13
21
18
17
14
23
19
14
21
20
17
11
18
16
15
14
21
18
20
16
19
20
12
14
18
11
17
14
15
20
19
16
20
19
15
11
14
19
23
20
15
23
19
15
14
14
21
13
20
26
16
15
11
23
13
6
20
18
17
13
22
15
13
18
22
31
25
18
22
22
18
12
20
11
13
19
16
14
17
20
20
18
12
15
21
18
14
15
19
28
24
17
12
18
19
20
20
20
18
7
14
16
13
12
22
19
21
27
21
10
10
10
18
19
14
13
17
19
12
22
15
18
25
20
25
26
19
19
30
19
32
18
30
24
20
24
22
24
22
32
34
30
27
33
33
32
39
35
35
43
35
40
43
39
44
34
51
31
44
55
35
60
46
42
56
36
63
69
43
47
54
52
63
50
53
68
42
56
52
57
56
60
69
65
48
68
61
78
68
69
60
63
74
74
68
79
83
86
64
80
86
66
84
99
104
95
90
122
101
114
125
137
110
112
136
131
147
153
186
221
324
457
727
1075
1625
2403
3318
4247
5239
6076
6542
6685
6676
5979
5304
4426
3476
2688
2134
1595
1271
969
735
576
483
371
244
229
160
126
90
78
36
37
29
27
18
19
19
14
15
19
13
15
8
10
8
9
4
8
5
3
7
8
7
7
12
3
3
0
8
7
9
4
6
9
4
2
7
9
5
5
9
6
11
6
8
2
8
2
9
9
5
5
4
4
1
7
7
11
5
4
5
5
4
2
4
2
3
5
5
5
4
3
8
5
3
4
1
1
6
10
5
2
0
1
5
3
5
1
4
4
7
3
7
5
3
5
3
8
2
1
4
3
5
5
4
3
9
3
5
3
3
4
1
6
6
5
4
4
4
8
3
4
10
7
5
2
5
4
5
8
9
2
4
5
4
5
3
6
5
3
5
9
1
2
3
3
2
4
5
7
1
5
2
6
1
5
3
3
10
3
4
3
6
5
7
4
5
3
7
2
1
2
3
3
8
2
6
7
5
5
4
9
3
8
5
1
4
9
5
3
6
5
4
4
3
3
0
2
6
3
6
4
3
3
4
6
1
3
5
5
3
7
2
3
5
3
7
5
4
0
1
3
5
4
5
2
3
5
3
3
7
3
2
3
1
2
5
1
3
2
3
3
5
3
4
3
4
7
5
5
1
6
5
3
7
4
5
5
4
4
5
4
7
3
5
3
1
4
4
9
2
3
5
1
4
4
5
5
4
2
5
7
3
2
6
7
1
3
2
2
4
3
4
1
5
5
6
5
2
3
3
2
8
3
2
1
5
6
0
3
2
1
5
6
3
6
4
3
2
0
3
8
4
4
6
3
4
0
2
3
5
4
3
4
6
1
1
2
3
2
3
2
2
5
5
1
4
2
4
1
6
3
3
4
2
3
4
7
4
5
3
8
1
2
1
0
2
6
1
5
4
3
1
2
1
2
2
2
3
4
3
4
3
5
4
6
2
3
6
6
4
3
6
4
4
7
5
3
6
3
6
6
4
5
4
1
2
3
4
4
3
3
5
4
5
3
6
4
3
8
3
4
5
4
5
3
3
3
5
0
3
6
6
3
4
1
1
4
5
5
2
6
4
1
6
1
6
3
2
6
7
4
4
2
5
4
2
1
5
4
3
2
5
5
4
2
3
7
3
1
3
4
1
0
2
3
2
4
6
3
2
3
1
2
4
4
6
3
2
2
2
7
2
5
7
1
7
5
3
3
5
3
2
2
5
3
6
6
4
2
3
5
3
3
2
0
3
4
3
4
6
2
6
1
4
3
6
2
6
2
7
4
6
2
4
2
0
6
5
3
5
8
4
3
3
4
3
6
4
6
3
4
4
8
5
2
5
4
5
1
2
3
4
3
2
4
2
4
3
7
6
1
4
5
5
1
9
3
4
2
6
4
6
2
3
6
5
3
1
4
4
6
3
8
0
6
5
6
6
1
8
5
0
4
2
4
3
8
3
2
8
6
5
11
3
3
3
3
7
6
9
6
15
17
16
29
33
42
44
60
60
70
46
38
40
35
39
20
18
15
8
12
7
7
5
6
10
0
4
6
5
1
4
7
2
4
4
2
4
4
4
5
3
4
1
6
1
2
1
4
3
7
3
2
1
6
1
4
1
4
4
2
4
2
3
4
1
2
1
4
0
3
1
1
2
0
9
4
4
1
3
5
7
3
3
1
2
0
4
3
4
4
5
3
1
2
5
1
3
3
4
5
3
2
1
4
3
2
3
2
1
2
0
2
5
2
1
2
5
1
1
4
2
0
3
2
3
2
2
2
5
3
0
4
4
0
1
2
0
4
1
4
2
3
8
2
4
3
7
3
2
2
6
0
6
5
2
3
1
3
5
2
2
6
2
3
3
4
4
3
2
5
2
1
1
3
2
3
4
2
3
3
5
1
2
4
1
1
2
2
4
3
2
0
3
2
3
1
2
1
4
0
7
3
4
5
6
4
2
3
4
4
5
2
1
7
2
4
5
5
7
3
3
1
2
2
2
2
2
2
0
2
1
3
1
1
2
2
5
3
2
3
2
3
1
4
3
0
3
3
6
4
3
2
3
2
1
2
3
3
3
6
3
3
5
1
3
2
2
2
6
4
1
4
2
3
7
0
1
2
4
1
1
2
2
4
2
1
5
2
3
3
5
2
2
2
3
2
1
5
2
2
5
1
6
4
2
4
3
3
1
2
3
1
7
3
3
3
3
0
4
1
4
0
2
1
6
3
1
3
5
2
2
0
3
1
3
3
3
5
6
3
2
4
6
3
5
1
3
1
3
2
2
6
1
4
2
2
3
0
0
2
1
3
4
8
3
2
2
2
1
3
1
5
5
4
3
3
5
4
3
1
3
5
4
4
0
3
1
5
5
2
2
1
3
2
5
3
3
2
2
0
4
6
5
3
4
6
2
3
3
0
6
4
6
4
2
1
2
4
4
2
3
3
2
3
1
3
4
4
5
5
4
2
1
1
4
1
3
3
2
2
2
5
2
2
1
3
2
3
4
3
0
1
2
3
6
4
1
2
3
2
2
2
4
1
1
5
0
3
4
1
1
1
4
3
4
0
1
2
0
8
2
1
2
5
1
4
2
0
2
1
6
2
2
2
4
2
1
7
3
3
3
3
1
3
1
3
2
3
0
1
5
4
11
3
4
0
2
1
1
2
0
1
1
2
5
3
4
3
3
3
3
1
2
3
3
2
0
2
0
3
1
1
2
1
3
3
3
3
1
2
2
0
2
0
2
2
2
2
3
0
0
5
2
2
0
0
4
3
3
3
2
2
2
2
6
1
5
1
2
2
3
0
2
1
1
3
1
3
2
2
4
3
4
1
3
3
5
2
3
4
0
3
2
4
1
1
2
3
4
1
5
3
2
2
1
1
3
2
2
2
3
3
3
1
1
1
1
2
3
1
2
3
2
1
2
2
2
3
2
2
2
4
0
4
3
3
5
1
2
6
1
5
4
4
4
2
5
5
3
1
5
3
2
3
3
3
2
2
2
3
0
4
0
5
1
3
4
1
5
6
1
6
4
3
3
3
3
1
0
2
4
2
2
2
1
1
3
2
1
2
5
1
3
3
3
2
3
4
1
1
2
2
3
4
2
2
6
2
51
52
47
55
52
57
60
54
56
59
63
56
49
82
53
59
55
64
43
55
60
68
32
59
60
53
52
50
59
49
58
43
50
50
45
55
59
45
65
58
59
52
57
50
51
49
62
41
55
66
57
49
47
52
55
55
51
49
53
39
47
48
43
55
52
40
46
43
48
34
55
51
47
62
49
44
52
56
70
44
43
53
49
47
55
55
59
52
50
49
56
59
53
53
44
47
44
36
47
54
45
70
50
49
64
48
36
39
43
51
63
50
41
47
60
52
41
41
53
56
53
44
43
61
55
46
49
26
