5
2
4
2
3
4
3
5
3
3
1
1
6
6
1
2
2
4
1
2
7
2
3
1
2
4
3
2
0
4
2
3
1
1
0
3
1
1
2
2
3
6
0
1
1
1
2
5
1
3
2
1
1
2
0
1
4
9
62
108
149
173
215
259
245
247
224
253
242
250
250
268
262
277
241
232
236
208
220
210
229
242
226
229
212
223
217
212
238
240
236
250
252
248
218
248
242
245
246
222
246
235
222
202
239
239
273
235
272
251
219
276
263
231
270
254
249
285
253
280
286
292
300
299
282
291
313
310
298
338
292
313
343
331
331
329
332
309
312
352
295
331
330
335
320
303
344
299
326
324
317
318
297
309
284
303
274
326
310
329
330
303
341
345
321
322
297
358
319
332
277
347
314
316
306
328
358
333
289
343
329
359
362
346
373
385
399
387
380
403
426
417
426
403
421
374
452
439
467
463
424
419
459
417
463
506
504
485
464
473
503
510
527
513
529
591
520
498
511
562
569
574
639
617
579
611
632
631
640
687
656
706
736
698
761
767
797
829
842
777
885
850
916
912
989
977
1047
1081
1175
1134
1181
1201
1206
1353
1276
1287
1409
1409
1409
1437
1547
1591
1650
1649
1664
1712
1713
1827
1812
1814
1832
1792
1924
1868
1935
1853
1920
1922
1885
1846
2013
1928
1965
1900
1897
1907
1872
1932
1881
1746
1785
1726
1811
1722
1654
1772
1702
1651
1532
1605
1492
1545
1523
1491
1440
1475
1405
1409
1340
1321
1259
1328
1281
1213
1299
1241
1242
1205
1191
1131
1173
1170
1141
1192
1126
1090
1113
1047
1057
1090
1158
1030
1091
1085
1003
1054
989
933
963
896
949
962
912
905
870
861
820
861
812
819
829
715
807
715
731
752
704
692
649
691
655
641
691
665
663
676
604
603
639
550
559
601
614
531
546
511
555
531
576
552
526
536
532
554
530
532
548
530
528
508
567
557
563
504
514
531
537
515
489
547
564
535
515
527
526
529
517
563
531
503
514
517
524
505
523
468
509
508
530
479
520
541
508
543
537
486
528
575
539
551
533
512
490
561
536
555
510
538
530
558
501
537
585
558
580
544
571
595
517
551
521
561
577
535
567
532
535
518
519
514
566
570
545
538
566
540
562
552
555
591
535
538
582
537
576
517
534
589
606
581
548
599
611
593
588
580
549
577
619
580
568
556
581
565
556
618
557
619
573
569
569
571
589
575
572
603
645
576
527
592
526
571
608
561
577
587
588
616
600
593
581
579
567
588
586
558
563
563
577
595
574
564
576
604
545
550
581
580
578
517
561
548
577
495
550
543
544
512
594
541
552
570
554
508
541
497
588
515
542
488
556
514
533
557
529
533
534
531
524
541
510
517
546
514
523
474
525
555
463
504
524
516
549
472
493
490
486
532
477
476
514
488
471
482
473
509
512
484
468
451
509
499
491
463
460
467
459
510
495
464
488
429
503
480
463
480
478
508
433
466
423
465
455
447
442
481
455
438
496
452
483
493
461
436
483
469
480
483
461
482
430
472
436
423
437
445
464
452
414
412
454
419
442
469
427
458
471
475
415
488
462
475
447
444
515
468
479
463
443
464
468
433
464
478
479
418
440
421
418
438
413
442
494
434
436
448
429
409
457
471
423
459
431
430
465
443
449
431
466
421
460
453
473
446
492
476
423
455
434
436
437
446
432
431
482
444
403
438
477
419
451
414
461
425
395
412
450
436
438
371
431
406
465
419
458
443
466
472
458
462
417
440
427
437
472
457
411
454
454
430
410
425
432
427
445
437
417
445
417
404
430
456
449
425
398
424
437
439
416
441
434
412
417
421
452
394
417
426
449
405
409
450
437
422
399
431
403
443
394
426
441
444
429
422
431
393
410
401
392
429
404
452
412
388
438
425
413
419
375
445
400
387
415
434
383
402
432
429
412
391
402
392
408
417
420
407
420
423
434
408
398
382
402
408
405
419
407
428
426
403
425
421
433
422
409
435
428
440
415
411
437
443
427
436
429
424
489
430
417
453
485
472
481
464
461
448
497
501
515
474
488
509
497
532
508
564
591
538
546
548
542
589
600
591
627
653
652
631
646
624
689
700
712
755
753
754
752
792
796
773
808
877
835
879
872
917
938
976
924
953
1058
978
1072
1061
1081
1087
1133
1179
1187
1174
1158
1228
1152
1221
1252
1358
1278
1344
1331
1404
1400
1406
1409
1450
1487
1480
1483
1495
1564
1436
1636
1534
1561
1519
1619
1627
1606
1621
1648
1657
1755
1694
1688
1704
1625
1733
1727
1766
1744
1742
1704
1739
1773
1685
1754
1786
1750
1760
1649
1773
1736
1686
1691
1766
1708
1643
1617
1682
1644
1614
1699
1609
1710
1492
1618
1553
1605
1643
1615
1527
1553
1553
1525
1489
1527
1470
1417
1373
1391
1367
1354
1316
1370
1314
1271
1269
1263
1249
1168
1222
1205
1178
1118
1115
1057
1066
1059
1055
1038
975
1000
981
939
946
919
910
846
866
849
862
806
835
710
758
769
745
712
665
657
685
609
594
571
557
629
578
527
562
539
504
527
512
504
481
454
460
448
452
425
418
376
407
399
412
376
366
339
371
315
341
318
342
323
333
331
318
313
308
294
281
279
295
265
314
298
269
268
287
276
295
272
255
276
303
265
274
266
279
236
248
242
272
268
249
273
270
257
251
256
260
253
250
246
234
243
247
263
247
248
239
265
248
264
260
237
233
265
280
238
217
257
265
244
265
248
248
274
238
263
273
246
251
255
251
252
238
257
251
234
231
252
262
256
268
291
259
253
226
275
228
274
254
247
241
232
231
236
247
259
259
232
246
248
238
263
238
244
250
248
256
251
253
240
275
241
258
241
257
249
268
244
253
251
243
261
251
250
242
267
223
233
260
262
251
238
228
239
265
233
242
208
248
215
246
225
239
231
249
249
251
236
229
243
222
218
261
249
215
241
222
237
213
213
225
219
254
265
238
240
207
227
233
220
224
226
184
227
226
250
188
224
217
202
211
189
191
215
199
217
215
204
236
198
205
226
225
191
199
191
177
186
199
202
188
189
192
205
182
194
190
193
186
177
179
169
164
182
179
176
177
154
158
160
163
164
165
150
184
182
149
164
157
157
161
150
157
175
162
134
156
143
168
138
135
142
140
168
152
157
171
155
163
146
141
161
155
147
141
137
167
143
152
138
151
145
132
144
139
152
139
130
148
133
122
145
133
140
138
148
129
155
127
129
122
142
147
148
114
141
117
124
129
140
140
137
136
130
118
115
125
113
138
135
154
123
141
136
125
111
122
131
118
115
120
129
145
141
130
125
124
135
113
141
136
122
149
141
117
129
127
135
135
146
115
124
135
120
130
139
136
134
126
132
117
131
135
114
119
116
116
111
121
114
134
134
128
118
106
103
125
119
135
105
131
119
126
102
118
111
107
112
134
105
116
114
120
115
102
113
102
129
152
103
139
101
99
131
122
108
135
108
102
105
95
118
117
108
123
103
113
91
111
100
116
108
119
127
121
100
118
116
113
107
121
117
110
107
121
100
112
110
107
105
131
108
128
116
92
116
95
123
122
127
113
102
105
101
138
107
129
96
130
113
120
121
112
108
99
112
118
112
89
94
104
93
108
121
104
119
106
101
107
115
116
101
97
123
117
98
109
87
99
101
85
95
87
128
105
127
93
93
114
108
100
111
98
102
124
92
86
112
111
117
100
115
110
87
97
83
99
112
106
93
89
112
105
90
105
100
110
80
95
87
101
109
93
106
92
83
101
87
86
97
110
103
82
88
102
90
82
111
92
101
96
87
103
72
85
103
93
96
94
90
102
82
87
90
110
100
94
86
81
86
91
80
104
89
86
87
104
82
109
83
101
70
90
81
100
108
99
84
80
78
96
97
87
94
98
80
84
79
88
69
97
91
93
69
88
80
87
87
90
75
81
68
85
70
84
71
65
68
95
71
92
80
83
81
86
65
62
80
76
79
66
80
68
72
97
82
90
76
91
81
85
82
82
91
74
79
70
81
86
67
91
75
97
71
84
83
80
72
81
86
67
77
67
75
78
72
69
79
90
83
82
65
62
71
67
72
72
60
68
81
74
70
61
79
82
76
70
84
65
63
86
81
69
59
69
59
70
65
81
61
71
82
87
61
76
74
71
69
74
85
84
77
68
75
73
75
78
76
78
58
74
73
91
55
78
73
58
76
63
77
85
81
78
72
81
71
80
73
68
74
78
80
69
74
68
85
72
67
70
73
71
62
75
71
71
61
63
63
80
89
82
59
59
60
63
71
62
75
76
72
58
61
67
80
60
71
66
73
57
70
68
74
83
69
79
81
66
63
68
59
72
87
64
62
65
67
85
62
75
81
85
86
62
77
57
63
76
79
61
56
71
66
65
80
83
58
60
57
78
73
71
78
67
60
57
80
64
69
63
75
67
61
66
68
68
81
70
64
64
65
57
66
73
63
75
79
59
70
69
68
64
87
59
61
64
67
71
64
60
65
63
67
64
72
90
69
72
74
68
66
76
83
96
47
76
98
59
69
77
67
89
61
80
68
80
80
75
63
67
77
83
69
59
81
85
80
69
86
79
70
78
76
75
76
67
66
66
75
87
77
88
72
83
79
87
88
76
94
89
89
90
86
107
81
79
110
82
80
80
89
108
102
97
89
106
93
82
89
102
75
94
85
85
85
91
108
86
100
101
93
89
97
95
111
100
108
93
97
117
96
101
104
114
105
91
96
107
99
104
110
91
99
111
115
118
118
129
116
113
117
116
108
106
125
109
134
128
121
108
131
129
114
120
106
121
116
139
128
129
127
123
132
120
146
127
130
118
132
121
116
137
123
135
121
114
161
138
112
122
119
133
135
156
132
121
146
132
139
133
132
138
147
153
151
154
138
133
121
144
140
139
166
169
152
124
136
136
124
158
134
152
123
131
121
143
129
131
124
157
149
159
147
137
134
142
130
133
137
136
161
130
154
162
162
145
139
131
121
139
123
113
130
136
126
127
143
134
129
119
125
97
131
120
111
134
115
121
112
121
131
129
102
114
101
110
113
130
122
84
127
114
112
105
116
126
116
139
110
101
117
119
124
113
118
105
106
101
108
113
112
100
138
135
98
123
93
119
125
97
114
98
128
89
108
84
98
105
100
105
102
106
101
90
88
99
103
110
120
81
111
87
116
104
98
93
97
104
73
107
102
118
103
95
104
109
103
108
100
99
100
105
116
106
121
92
100
114
113
123
114
138
102
141
104
98
105
125
107
116
106
121
117
108
118
119
116
116
119
121
122
114
117
138
124
158
122
124
149
138
129
116
138
144
142
149
150
133
143
172
175
152
172
150
136
176
142
156
185
184
145
150
158
169
159
151
184
147
168
189
172
177
192
193
213
180
188
203
177
220
210
200
190
183
202
227
192
230
230
215
209
206
203
243
215
249
234
214
226
238
235
237
249
239
249
235
262
239
264
265
261
225
251
253
267
281
237
248
278
277
261
247
252
268
267
302
256
282
286
282
282
266
252
275
291
268
264
279
297
286
261
287
262
333
304
299
291
299
296
296
239
316
261
300
271
294
304
308
291
311
331
282
300
287
304
315
279
295
293
294
265
304
293
312
307
284
299
299
288
284
272
285
314
270
311
297
312
324
283
280
300
285
281
281
274
291
263
277
277
289
278
282
233
267
266
269
258
269
252
294
265
270
256
243
260
252
255
270
236
228
258
223
250
243
261
258
218
234
239
247
232
237
226
217
206
217
205
249
216
213
216
223
184
207
199
208
185
202
233
215
189
183
198
170
169
179
173
192
196
179
160
166
186
168
189
167
168
160
168
193
176
144
149
158
155
150
146
153
151
160
151
138
147
152
156
116
158
120
120
145
109
123
113
115
138
114
110
93
107
111
116
120
106
105
107
118
96
107
125
105
106
98
107
105
90
91
84
100
112
69
78
75
86
97
87
58
91
67
80
84
67
86
70
59
77
80
84
87
64
69
61
64
59
73
61
62
63
62
51
63
49
64
53
56
61
58
62
56
64
52
59
47
63
48
53
53
44
60
48
44
51
45
58
59
58
53
56
50
56
44
38
42
43
44
51
55
40
58
33
47
44
38
49
45
45
36
35
40
40
40
44
44
48
40
38
47
47
39
31
41
40
32
38
27
43
47
32
41
43
25
36
25
46
46
40
37
32
32
33
38
30
29
54
25
31
27
26
25
46
34
26
34
38
32
34
40
32
27
31
48
33
30
28
39
32
38
35
33
28
33
30
27
33
32
30
34
34
22
30
23
28
35
28
31
33
26
32
25
35
31
36
24
34
24
26
33
38
42
31
33
34
31
24
36
27
34
31
22
30
20
24
28
33
27
31
25
32
30
29
17
41
32
26
35
35
39
36
32
23
24
24
26
21
30
35
23
27
26
27
27
35
27
24
33
32
26
24
22
30
28
27
22
26
26
30
41
29
25
26
34
37
38
27
30
30
32
30
30
39
32
27
33
25
30
29
28
34
28
28
27
25
34
31
36
42
41
32
35
27
30
25
33
30
29
37
27
33
33
45
48
32
38
39
45
45
38
41
35
35
30
45
36
31
48
40
28
43
41
42
33
40
45
41
36
49
40
28
40
36
40
50
47
36
34
36
45
44
58
38
40
39
53
44
49
43
51
34
44
39
53
39
55
41
39
41
45
67
43
49
49
54
44
47
55
54
48
56
55
52
60
53
56
53
61
57
50
51
60
49
66
56
63
53
53
50
71
55
49
55
60
57
54
50
57
44
65
58
50
48
65
58
54
62
51
57
49
58
55
66
62
50
57
50
75
59
62
73
59
59
60
70
47
53
72
52
48
58
67
70
63
65
56
71
63
58
66
66
73
66
60
62
62
64
58
65
75
69
54
64
61
53
69
68
66
56
76
55
66
66
65
72
81
66
65
58
55
59
64
72
56
74
63
71
67
67
78
53
66
73
77
71
61
59
63
47
60
60
73
73
64
63
64
72
78
59
66
66
56
54
54
55
59
69
56
70
60
71
62
59
69
68
61
55
62
53
60
65
61
58
48
77
59
63
62
74
50
59
58
50
51
52
47
47
53
46
58
46
54
53
57
52
52
48
57
54
57
54
48
52
47
60
49
54
46
49
43
50
56
44
47
44
59
49
52
54
55
45
64
50
50
46
55
53
49
50
49
57
43
53
45
46
48
48
61
47
40
38
46
40
50
39
52
56
51
37
40
41
36
30
41
58
47
49
42
51
42
41
48
42
46
46
41
41
40
33
34
32
41
42
49
35
37
39
32
44
44
26
44
35
36
28
29
44
35
33
39
30
32
34
39
40
30
35
43
31
34
25
43
43
42
34
31
32
34
34
37
33
31
32
33
31
31
43
38
51
37
41
45
31
34
36
42
38
39
30
35
37
37
37
32
36
25
37
41
34
28
30
24
23
24
41
31
44
24
44
30
38
33
27
23
38
33
33
32
29
36
32
38
36
28
33
38
30
27
34
33
24
28
24
26
30
27
25
31
24
20
36
30
27
31
40
24
23
30
23
33
38
40
22
28
41
30
20
26
36
17
29
19
32
33
26
36
31
27
29
34
26
29
38
24
19
17
31
31
24
42
18
21
27
28
25
21
17
25
29
36
29
22
26
22
25
30
35
30
38
29
25
27
33
26
29
29
30
20
30
32
30
31
35
27
28
29
23
32
25
35
19
26
24
29
35
32
25
30
30
19
23
17
28
24
24
23
17
18
17
26
29
35
36
35
37
31
33
33
27
25
27
35
31
26
30
36
30
25
25
20
20
35
22
23
31
33
28
26
24
26
38
21
33
23
25
34
22
27
29
32
25
32
31
30
43
37
34
39
27
30
38
29
23
34
33
41
40
35
36
32
42
26
34
32
29
25
32
44
38
34
35
32
51
48
45
34
37
44
33
49
35
41
39
30
28
38
27
33
39
34
39
38
35
38
43
38
48
35
40
38
38
36
41
37
37
28
31
46
62
46
39
33
38
35
43
34
29
42
29
38
31
39
37
35
32
33
43
43
42
43
47
41
34
42
52
45
37
46
42
25
34
26
42
28
38
49
35
42
39
41
59
38
44
37
35
42
40
48
39
44
35
47
42
36
38
45
37
48
53
49
29
42
40
61
41
34
35
40
39
46
37
40
38
37
33
45
43
43
44
46
50
38
53
35
44
31
51
35
37
34
47
32
34
41
35
43
48
40
36
44
45
34
43
44
30
40
46
41
40
34
34
39
34
31
41
28
42
42
40
43
38
35
38
50
45
34
36
31
37
29
39
27
42
38
29
35
37
47
36
35
37
34
31
39
41
42
43
36
43
40
26
29
28
32
27
29
24
34
18
41
38
39
28
38
40
34
30
36
26
22
21
18
24
24
19
32
27
23
22
29
32
37
34
26
40
36
24
31
32
40
29
28
30
31
27
27
25
24
20
26
26
27
21
30
24
21
24
32
20
27
24
21
15
23
26
24
28
26
30
27
28
30
26
21
26
30
23
30
26
23
18
18
24
23
30
25
39
26
22
20
25
23
29
26
24
23
19
27
20
26
18
20
26
28
31
27
28
22
18
21
22
22
27
23
18
36
22
28
30
28
27
14
38
26
22
30
18
23
17
24
17
27
22
28
19
31
30
27
23
22
13
19
12
20
13
22
22
21
13
14
31
24
18
23
29
14
16
22
11
20
28
21
14
23
15
14
15
17
22
24
21
20
11
16
20
19
23
11
18
24
18
20
21
20
16
21
21
14
19
15
19
19
23
22
19
12
18
14
15
19
14
21
16
25
18
32
17
18
19
23
22
11
20
22
15
26
14
21
20
21
22
11
20
26
17
15
15
19
20
16
12
30
20
15
33
19
22
17
17
24
27
21
19
18
21
17
26
19
20
10
14
26
19
14
16
16
14
22
20
21
21
17
26
21
16
12
23
23
16
23
14
17
14
16
21
30
18
14
14
28
21
10
10
24
16
20
20
14
14
14
18
11
23
11
20
21
13
21
22
12
22
17
10
15
19
16
18
21
14
14
15
18
12
18
12
30
18
22
23
13
15
25
7
12
13
19
17
16
17
16
12
17
16
6
26
13
10
15
22
16
18
14
18
15
17
21
18
14
20
13
19
11
19
15
19
13
17
20
16
13
16
18
19
14
10
15
18
15
20
11
14
12
17
18
22
14
9
17
18
15
20
19
9
17
10
12
14
17
20
14
20
22
14
15
23
19
17
15
13
15
14
17
19
24
17
16
14
12
22
11
13
14
16
18
19
20
21
23
14
13
14
13
24
10
11
20
19
15
17
10
19
23
13
13
20
16
9
17
20
15
17
9
15
22
21
21
17
15
17
14
14
11
14
11
19
20
14
13
17
21
12
12
18
18
11
16
15
24
14
13
19
19
14
10
13
18
11
9
13
16
19
15
7
17
20
12
12
15
17
20
15
12
15
10
13
16
16
14
19
14
12
14
18
17
14
16
11
13
17
13
19
11
20
14
16
19
12
14
14
16
16
18
18
16
14
8
16
13
10
12
18
13
10
9
19
15
18
12
21
15
15
12
14
14
14
13
14
13
13
17
12
12
14
13
19
11
10
19
18
12
19
14
14
10
12
13
13
13
17
13
13
18
14
17
10
13
10
14
10
7
16
18
16
10
14
18
13
12
9
18
17
14
14
8
14
7
12
24
10
9
12
19
11
15
13
20
21
18
19
17
13
11
16
25
17
15
14
9
13
11
19
7
16
11
14
13
14
22
19
20
15
19
15
15
12
18
12
10
13
6
17
15
9
21
6
11
9
13
17
16
24
15
21
18
7
15
7
18
15
16
16
12
15
7
11
18
16
18
14
7
15
9
13
15
20
12
18
16
10
16
21
13
16
9
20
11
18
16
15
22
15
13
19
13
21
20
20
10
15
12
15
16
19
11
11
13
21
21
20
16
9
15
16
14
20
10
9
14
8
20
16
16
20
17
10
8
16
16
18
19
16
14
10
16
17
18
17
28
13
12
12
12
13
17
13
17
15
11
13
19
14
17
14
15
19
19
18
15
18
27
16
14
11
15
17
10
16
13
13
9
16
16
21
14
15
12
26
24
18
22
19
14
19
17
9
10
13
8
12
20
15
15
15
15
14
20
20
15
15
14
16
20
15
22
17
11
21
14
17
16
15
16
15
17
19
10
12
18
11
25
19
14
18
17
13
16
17
11
14
17
16
19
28
17
15
18
17
15
18
20
15
12
18
7
12
22
12
21
15
21
17
13
14
5
19
23
22
12
12
20
17
14
19
18
7
21
16
19
18
19
17
18
20
15
13
18
16
7
11
18
15
20
10
20
22
18
16
9
14
15
17
14
19
18
13
15
14
17
16
14
16
16
15
14
11
26
17
7
12
19
15
17
9
16
18
15
14
15
11
16
11
16
9
12
16
13
17
12
11
14
21
11
15
12
12
13
12
17
16
12
13
15
18
18
24
17
7
21
11
16
16
21
17
17
12
17
10
17
12
11
9
21
20
10
15
15
9
15
19
17
12
22
20
12
13
16
14
12
23
30
20
13
12
17
12
13
17
12
9
7
14
18
7
15
10
17
10
15
18
17
21
14
11
14
9
11
20
11
19
20
11
16
17
14
15
13
13
18
13
19
20
21
19
10
15
16
14
11
15
10
18
10
17
14
10
16
10
14
11
8
10
18
11
14
13
13
16
14
16
14
10
18
16
14
10
17
14
11
13
20
13
18
14
10
11
10
13
18
12
15
13
13
13
10
8
7
13
6
19
13
19
16
17
11
15
14
12
19
16
12
11
9
15
10
13
17
14
17
17
10
17
13
20
15
14
16
13
12
8
10
14
10
10
8
14
11
12
15
8
11
14
22
7
13
11
9
9
13
18
21
10
11
14
9
8
15
8
18
6
14
12
11
15
16
12
15
18
17
13
14
9
18
10
19
7
14
7
11
18
11
13
11
15
4
11
8
19
10
11
11
10
19
14
16
10
13
11
12
16
13
8
10
5
19
10
9
12
9
10
12
13
15
9
13
9
13
15
15
8
5
8
14
12
8
10
16
17
11
10
10
7
12
14
11
11
13
15
8
9
10
10
17
15
11
10
12
13
6
4
14
12
13
14
11
8
11
9
14
12
23
11
10
13
10
9
8
11
13
12
15
11
15
9
11
13
10
8
10
8
13
12
11
9
13
13
5
9
10
16
17
9
5
18
9
14
11
11
11
12
12
14
12
12
15
15
15
13
16
15
16
9
10
12
13
8
14
12
18
13
10
10
9
14
11
15
12
15
9
16
8
3
7
12
6
9
9
10
11
11
8
10
14
9
9
9
9
11
10
11
13
4
11
12
13
8
17
17
7
7
12
12
8
13
10
16
10
14
6
20
13
14
13
12
17
9
15
16
15
13
15
13
12
19
9
9
8
13
16
11
7
10
12
12
16
7
9
15
7
13
10
12
10
6
13
7
13
14
13
17
11
10
15
10
8
16
8
12
10
12
9
13
12
10
5
24
8
9
13
13
16
10
12
18
18
12
12
7
10
13
13
7
12
12
12
13
11
9
10
13
7
8
10
15
10
11
10
10
5
17
11
10
9
11
11
8
8
7
19
15
12
15
10
12
14
8
13
8
7
16
9
11
11
11
10
9
9
9
8
12
8
10
15
10
21
14
8
9
12
6
14
10
4
16
10
14
11
11
6
13
16
12
12
11
13
10
18
8
9
11
19
10
10
11
11
7
13
12
9
14
17
9
17
7
12
14
10
12
11
16
11
10
10
11
10
12
8
9
5
12
8
10
8
18
15
12
4
12
17
16
12
8
9
15
10
7
6
7
18
13
14
8
15
11
17
17
12
10
16
14
15
10
12
12
9
17
9
9
11
12
13
11
14
10
13
14
10
20
13
8
13
13
12
11
14
7
8
13
11
6
9
9
10
11
12
10
13
4
15
10
7
6
13
11
10
11
18
8
9
8
14
9
18
10
13
12
17
15
10
8
15
7
14
13
12
12
11
6
14
15
8
11
11
9
10
15
12
13
11
11
10
7
13
11
13
9
9
13
9
12
14
14
8
9
11
10
13
9
15
8
11
13
15
14
13
8
7
14
18
13
18
8
14
19
12
10
13
9
13
9
8
15
10
10
10
11
8
11
14
13
8
12
11
6
10
6
11
17
5
10
9
12
5
13
9
7
5
9
7
12
11
18
9
12
5
14
14
16
9
9
7
13
10
17
11
8
10
7
7
11
8
7
5
11
6
12
8
9
14
11
13
8
10
15
10
11
9
7
6
11
2
7
9
5
8
9
11
10
11
12
10
6
7
7
14
8
10
10
11
12
11
12
9
10
8
11
8
10
13
8
11
15
10
11
6
10
6
5
15
14
6
8
14
8
9
9
7
6
11
8
12
7
9
9
5
10
10
11
12
7
12
10
19
13
14
9
11
11
12
10
6
10
8
11
14
9
5
6
5
9
7
10
15
10
10
8
12
8
14
8
5
12
8
8
11
12
9
13
9
13
11
10
11
11
14
10
7
6
7
6
12
10
14
11
10
10
11
11
6
13
14
9
12
6
11
9
10
5
12
6
8
11
12
7
16
8
12
12
10
9
7
9
6
7
13
8
12
10
11
9
10
10
4
12
11
5
8
12
9
13
13
11
6
12
9
17
14
9
8
13
8
4
11
7
10
11
10
11
10
15
8
9
8
5
14
7
6
11
9
9
16
5
14
13
9
14
10
7
12
11
9
7
11
13
7
13
8
9
9
13
9
10
7
7
8
8
6
9
8
13
6
15
16
14
11
6
14
12
8
14
11
14
9
12
12
5
13
11
14
21
11
4
8
10
7
12
15
11
5
9
16
7
9
10
9
12
12
4
10
15
12
10
12
13
9
14
9
12
7
8
15
14
10
9
5
10
12
16
13
6
11
12
16
15
14
14
9
15
6
14
11
16
11
4
13
19
11
9
7
14
12
9
12
12
13
22
11
13
17
13
10
12
13
10
9
16
11
8
6
11
16
15
20
14
12
10
8
11
14
12
7
21
11
12
11
19
16
13
14
13
11
13
9
4
14
11
11
8
8
9
18
12
8
10
13
12
15
11
16
14
16
15
14
17
18
17
10
13
16
16
11
20
20
14
6
8
21
11
11
9
10
25
16
13
13
18
12
17
21
15
10
15
12
20
11
12
13
14
8
23
16
9
12
10
11
17
12
20
10
17
14
17
17
17
13
12
15
9
14
13
12
11
13
15
20
9
18
9
13
19
16
16
16
16
12
14
13
12
18
14
11
17
16
13
15
16
15
7
15
17
16
11
25
12
11
16
15
17
11
14
19
13
16
12
12
24
16
22
19
7
20
21
14
18
22
16
19
14
22
12
15
15
14
16
18
16
16
15
16
17
20
21
15
22
13
17
13
14
12
27
13
12
17
18
21
12
20
11
21
21
13
12
14
15
21
20
16
12
14
19
15
14
21
13
17
20
17
15
14
13
20
14
17
18
14
12
12
18
9
16
18
20
13
14
14
16
9
17
15
20
21
16
23
8
16
22
14
13
17
17
23
11
12
11
17
18
14
17
10
11
16
14
16
15
9
21
20
21
17
22
17
17
14
15
19
12
21
19
13
11
23
17
17
12
13
14
14
23
13
19
14
19
13
20
18
14
17
16
17
17
19
12
8
13
17
15
20
21
17
20
11
11
13
21
14
13
17
24
24
15
15
11
12
17
14
15
13
8
9
18
13
13
15
15
13
11
16
20
17
17
16
14
19
13
15
19
22
24
15
9
10
16
15
20
15
10
12
23
15
13
18
15
17
11
22
15
17
16
15
15
12
11
17
14
15
11
12
10
17
10
14
13
15
16
18
26
16
13
15
12
12
13
15
14
8
19
6
14
20
18
15
9
11
15
9
12
11
20
12
11
13
11
10
8
16
10
7
15
8
13
15
6
12
14
16
14
18
14
14
11
10
14
15
15
9
6
16
11
12
17
18
13
14
14
13
17
16
12
15
14
18
13
16
13
17
12
7
18
18
11
8
13
11
18
12
14
9
19
14
14
8
5
12
15
14
12
14
10
14
17
12
10
10
9
7
13
20
16
11
22
17
7
18
20
19
18
21
13
19
10
17
6
19
19
16
21
3
16
12
10
12
16
14
11
14
13
8
13
20
13
14
13
10
11
13
17
10
18
14
13
16
12
14
21
12
12
13
22
14
16
9
11
12
8
13
13
12
12
7
12
14
13
14
14
9
10
12
21
8
15
17
18
15
12
14
11
15
8
10
18
16
13
14
14
22
14
9
16
14
9
13
14
15
18
13
15
7
15
11
11
19
17
18
12
15
8
16
8
13
19
10
13
8
23
15
16
17
18
9
12
14
19
10
17
17
14
15
14
22
13
18
14
14
16
18
14
11
17
20
11
16
21
17
13
9
12
18
17
17
12
20
17
15
17
14
10
10
14
14
10
12
11
15
13
16
12
19
13
20
16
20
21
15
19
16
11
16
17
16
17
21
11
21
10
19
14
12
14
12
16
13
15
12
14
12
8
11
18
12
20
13
15
12
9
12
15
15
8
14
14
17
7
16
13
18
17
19
18
19
16
11
23
15
17
13
19
19
17
12
6
20
17
19
23
16
17
23
23
11
19
17
13
15
16
13
13
10
12
20
14
16
14
10
14
16
16
18
17
11
17
19
12
21
15
12
14
13
16
22
11
11
18
17
20
14
13
14
21
13
18
6
14
13
12
22
9
12
16
19
10
18
20
10
20
11
10
12
14
13
14
10
21
19
16
13
19
19
22
14
16
13
17
10
11
16
12
16
13
13
14
12
22
9
3
16
11
10
8
14
12
12
16
24
9
11
20
19
12
10
13
14
11
12
20
20
13
21
9
12
14
12
12
16
17
10
11
19
21
16
16
9
15
22
11
18
13
15
18
16
14
16
20
17
17
12
12
15
17
9
12
14
12
11
15
14
12
13
13
5
17
11
13
11
13
16
16
10
15
17
8
10
13
8
12
8
13
11
14
9
15
9
8
18
10
21
22
10
14
12
24
15
12
12
15
7
10
17
15
8
15
14
9
15
4
9
14
13
13
10
12
13
12
14
8
10
7
11
16
14
12
13
11
6
11
9
12
7
8
15
8
13
16
14
13
8
16
12
9
14
15
10
13
11
10
9
5
8
14
12
11
15
9
13
21
12
8
19
15
14
11
12
14
10
14
15
9
17
8
16
10
11
17
7
6
16
13
12
7
9
13
14
9
18
10
11
13
9
10
16
11
17
14
21
11
9
14
8
13
7
10
12
7
9
10
7
15
10
7
14
12
14
16
17
9
12
8
12
18
10
6
6
9
6
13
13
11
19
11
13
13
9
13
16
11
9
9
8
13
8
11
6
12
10
13
12
14
9
7
8
16
14
13
10
14
14
11
13
15
12
11
11
18
11
7
7
12
8
10
13
6
5
11
13
9
12
11
6
8
8
10
13
7
7
6
9
14
12
11
7
10
12
4
11
7
14
9
11
15
13
8
15
3
12
8
12
13
9
9
14
12
14
6
7
8
6
8
9
11
6
12
7
5
11
8
9
7
10
11
12
7
8
14
15
13
8
8
9
8
8
11
9
14
6
14
11
14
9
16
15
8
9
8
8
7
4
12
8
12
20
11
14
8
9
8
12
14
6
13
10
8
11
15
9
9
9
10
19
8
12
9
4
10
12
7
8
8
16
6
11
6
10
6
10
11
7
10
12
7
13
7
9
11
15
6
8
16
4
6
11
9
6
9
9
10
6
8
7
15
12
9
13
15
8
9
8
6
14
8
16
12
12
10
9
8
11
15
12
14
11
12
12
12
7
6
10
11
11
13
9
8
11
10
6
10
14
5
10
10
9
9
15
13
7
10
6
7
18
12
10
6
11
8
8
15
8
9
9
7
10
9
20
9
15
12
17
14
9
11
11
10
7
9
13
9
13
7
7
15
9
8
18
16
8
14
7
11
8
12
7
12
9
12
12
9
11
8
10
7
11
8
8
7
11
9
7
9
5
11
10
9
12
10
11
6
7
11
12
8
7
11
6
10
9
11
9
13
9
15
11
10
8
9
12
11
8
7
10
13
14
11
9
6
7
5
7
11
7
12
15
9
13
5
11
8
14
5
9
8
7
7
12
12
14
10
12
11
8
12
10
6
12
14
9
13
8
8
10
8
13
7
8
10
14
10
16
10
9
15
8
7
7
11
9
7
8
14
12
11
11
6
9
10
14
8
10
11
8
14
15
7
13
13
10
9
9
9
4
7
8
8
11
10
11
16
13
12
14
13
9
9
9
11
18
11
9
11
12
13
12
13
8
10
12
16
8
17
6
8
9
11
8
12
9
15
10
12
11
12
11
11
11
14
7
12
4
12
7
9
11
6
11
11
3
14
11
7
9
11
14
8
9
7
12
5
10
4
14
10
9
11
11
16
4
11
5
7
12
4
10
7
9
8
13
10
13
9
8
11
9
17
12
6
4
5
6
7
12
5
11
14
15
6
9
10
12
13
4
8
6
6
5
14
11
9
3
12
14
12
13
7
10
10
3
14
10
7
8
13
11
7
12
7
9
15
11
12
9
6
10
13
7
9
7
9
16
12
10
9
12
7
11
13
6
13
12
11
9
13
7
9
14
8
4
10
7
11
11
18
8
10
13
12
9
13
7
12
7
4
11
14
5
9
8
6
8
10
11
9
12
13
10
11
10
7
12
12
13
13
9
9
14
9
4
10
22
6
7
11
9
9
5
18
8
11
11
13
8
11
12
12
5
9
9
14
3
13
7
12
13
7
14
10
13
3
6
12
9
8
11
7
8
10
2
15
13
9
11
7
9
9
13
6
16
11
7
14
7
12
10
9
10
15
9
15
10
8
9
15
6
9
11
9
18
5
11
11
8
17
10
11
4
10
11
8
7
8
5
11
7
11
8
7
18
6
10
6
12
6
7
7
11
14
8
6
14
9
10
11
12
11
7
10
8
9
10
9
8
13
4
5
11
11
10
8
6
12
9
10
14
9
8
11
12
13
11
8
8
7
8
7
7
7
11
13
11
6
8
8
7
6
11
12
6
10
12
10
9
6
8
18
5
13
10
9
12
11
16
12
11
7
8
9
9
11
9
9
8
12
11
11
7
3
13
4
6
11
8
9
4
8
10
7
11
11
11
7
8
9
10
9
12
8
6
10
9
7
9
14
4
15
7
13
7
3
10
8
9
9
11
4
16
11
10
15
10
9
15
11
13
10
6
15
8
11
10
9
11
12
12
17
11
10
7
15
8
13
6
5
10
5
12
15
11
7
7
10
6
4
11
9
10
10
8
5
10
4
7
14
8
2
7
7
11
15
15
8
8
5
3
7
9
8
14
12
10
13
10
13
12
9
11
9
15
11
8
10
8
9
12
11
13
14
8
13
20
9
11
10
6
13
16
9
14
13
9
10
9
7
14
8
9
13
6
11
8
9
4
7
14
10
9
13
7
4
9
6
9
10
5
12
6
10
10
16
4
10
7
11
9
8
15
15
11
7
8
8
8
10
6
8
7
10
9
5
7
8
6
13
10
10
19
7
16
9
24
12
8
7
6
8
8
10
5
6
10
5
10
10
12
9
15
13
8
9
9
9
7
9
7
8
12
9
10
8
7
7
12
19
6
10
11
10
10
8
11
11
3
7
10
11
7
12
11
3
5
4
7
12
4
10
7
11
15
14
10
6
11
10
7
8
8
5
13
5
6
5
13
14
6
9
17
8
8
13
6
16
16
8
13
12
9
14
12
13
10
15
10
9
8
11
7
5
13
5
4
6
15
6
6
12
11
9
10
8
8
10
13
6
10
4
12
15
7
6
7
11
13
14
6
10
11
10
11
14
11
11
7
4
7
6
10
10
8
5
9
9
10
15
8
5
6
11
5
9
8
13
5
13
11
12
7
13
11
9
17
9
13
8
7
12
7
7
11
17
8
10
9
12
11
16
12
12
6
15
8
10
10
9
9
12
14
9
12
8
14
10
11
12
14
13
6
12
8
8
9
8
5
6
8
10
10
10
13
12
11
15
10
8
4
4
7
6
11
12
9
13
11
11
12
11
10
18
17
9
15
11
9
13
14
8
11
14
11
7
17
13
10
16
4
5
16
11
16
12
19
13
9
4
13
7
7
13
12
6
13
12
9
14
5
10
16
8
6
13
6
8
6
10
13
7
6
12
11
14
8
11
6
7
5
3
8
8
13
10
9
8
8
12
11
12
11
15
10
9
13
7
7
14
9
11
8
14
15
9
9
6
6
14
15
18
9
7
8
16
8
12
9
20
14
12
13
13
12
14
9
11
10
13
9
7
9
14
7
16
7
5
9
7
11
11
10
12
10
15
10
9
8
11
7
11
12
12
16
14
21
15
5
362
348
353
371
341
354
349
363
375
326
333
351
344
367
348
337
358
364
318
357
348
350
340
357
395
352
365
368
331
360
380
366
359
368
349
351
334
354
330
363
339
334
332
358
382
374
335
366
354
349
326
328
369
345
368
344
355
327
336
357
353
330
360
311
324
341
367
338
342
326
332
357
355
335
321
366
337
328
337
344
324
359
357
372
303
305
318
331
337
363
349
324
306
330
327
363
370
359
339
364
344
305
319
299
351
315
314
335
319
338
328
335
324
348
356
313
336
329
340
318
325
317
332
343
339
348
321
166
