18161
15260
12972
10478
8827
7737
6407
5541
4810
4231
3778
3430
2981
2651
2445
2322
2102
1923
1879
1739
1760
1630
1547
1474
1400
1400
1361
1342
1250
1303
1242
1263
1267
1235
1185
1186
1165
1190
1072
1105
1126
1151
1104
1128
1041
1078
1103
1095
1093
1065
970
1044
1003
932
971
982
929
976
917
933
1086
946
916
966
898
924
851
968
929
884
918
843
873
851
904
863
873
804
838
870
859
835
833
870
845
820
826
825
809
803
782
780
852
819
766
775
805
759
777
735
749
738
736
736
740
782
741
695
712
763
729
770
769
783
779
785
773
718
754
715
722
726
715
704
731
678
679
687
699
701
729
652
671
673
702
635
631
646
673
632
659
640
669
658
614
589
638
671
610
574
604
662
653
671
634
642
614
609
591
632
586
604
568
529
607
582
620
584
605
599
586
551
595
585
549
581
591
540
570
531
584
572
535
576
572
585
569
557
544
518
535
504
583
506
550
495
529
572
551
535
480
515
561
492
511
486
488
526
489
524
515
483
500
555
485
489
488
457
499
487
472
458
430
466
487
467
493
470
474
469
457
443
459
437
455
470
444
436
439
468
467
446
429
456
425
434
426
440
423
442
407
459
398
398
457
379
429
441
411
409
403
489
410
453
435
419
416
431
402
463
422
448
410
438
435
460
431
430
415
433
431
456
442
436
409
434
433
387
441
460
421
415
423
440
454
374
439
423
415
406
394
419
452
433
395
391
393
445
402
452
440
445
402
402
406
382
434
430
404
388
411
392
384
418
387
407
409
363
392
411
442
391
394
388
377
399
381
346
375
403
391
389
371
391
421
346
374
347
399
340
396
414
350
398
398
382
391
361
381
359
378
375
391
382
381
390
372
347
370
381
369
398
384
358
374
386
407
317
374
370
349
350
375
400
352
363
341
370
364
376
352
344
355
352
307
342
362
358
351
373
336
335
355
352
383
320
354
367
319
355
323
394
371
330
378
330
336
343
344
365
366
326
355
361
333
349
360
352
316
316
357
345
319
285
309
367
366
338
323
342
318
344
332
332
341
341
325
334
332
317
328
321
333
309
338
324
328
330
327
347
325
340
269
329
341
302
355
332
323
315
342
317
287
337
332
289
324
315
319
338
349
357
324
312
304
326
318
323
302
356
310
339
295
323
305
331
278
311
293
297
301
316
310
287
318
294
311
313
298
323
295
298
313
293
335
290
283
335
300
294
317
321
316
318
322
302
305
299
316
305
289
309
308
297
273
275
295
274
276
307
279
307
316
339
288
317
287
303
265
294
306
301
293
307
311
290
296
309
296
309
278
266
263
272
288
267
272
299
286
273
276
291
281
297
291
301
244
282
294
290
266
306
295
274
273
286
297
270
275
245
271
251
271
257
266
276
279
261
255
269
257
248
280
317
266
269
228
264
240
277
289
260
275
285
294
281
270
274
281
276
274
265
273
291
276
247
266
257
257
261
282
270
282
282
278
268
260
293
292
257
295
258
287
257
224
252
256
251
255
238
261
278
246
240
250
237
284
239
255
252
221
271
259
269
259
266
228
268
249
267
253
235
262
263
264
251
251
261
259
261
253
251
260
266
248
230
255
244
245
289
216
265
254
273
233
289
234
282
234
233
246
236
266
266
243
259
247
252
263
234
238
247
235
284
217
235
234
279
276
264
263
262
262
231
258
246
250
220
233
236
243
235
257
265
245
247
263
256
264
212
274
252
238
270
240
248
242
283
238
225
271
255
277
239
209
207
220
254
244
247
231
244
246
273
244
233
261
236
235
238
260
251
244
238
256
258
223
243
222
217
246
225
238
241
221
247
224
250
223
213
233
219
230
229
245
212
245
237
246
235
232
253
228
246
220
227
231
246
260
228
243
234
238
219
242
222
217
234
217
261
243
241
252
232
247
208
257
220
224
233
221
219
234
228
269
229
231
241
228
233
209
233
254
246
225
209
216
234
227
234
193
243
234
230
231
229
213
222
229
238
210
221
217
228
198
247
230
237
206
225
221
216
213
220
219
210
224
195
222
231
223
248
226
210
231
222
219
233
241
259
237
212
211
210
230
194
218
211
222
203
228
220
216
237
205
219
222
215
212
220
216
216
237
193
179
230
203
207
234
204
202
245
229
214
207
225
219
210
194
213
226
222
210
199
224
189
218
229
218
201
230
238
199
219
241
217
229
214
205
212
207
230
214
230
219
220
213
217
198
233
231
210
205
196
196
190
217
198
210
218
205
210
193
233
214
213
214
215
193
217
207
212
210
224
214
210
202
209
213
204
200
215
235
208
202
214
213
187
233
212
206
207
193
184
215
219
228
201
217
195
196
190
213
206
226
198
211
223
208
202
208
187
204
215
218
225
206
219
214
226
197
228
224
200
198
200
198
220
225
194
198
193
182
196
219
193
203
201
192
208
219
216
189
205
195
223
188
226
218
207
189
203
221
186
205
203
185
216
201
206
183
205
175
209
192
219
211
203
192
222
235
197
197
200
188
201
212
218
217
228
222
207
198
196
181
216
216
207
218
179
223
218
201
208
194
219
211
193
208
212
233
207
204
209
224
224
230
211
234
230
201
203
201
202
227
204
188
217
223
196
197
203
218
219
236
207
245
218
219
224
234
214
219
221
201
222
206
221
231
214
233
216
232
207
248
207
217
225
210
224
191
217
220
223
209
234
212
217
195
183
208
223
185
209
216
194
217
218
202
191
175
199
182
201
197
161
209
173
170
186
205
202
217
195
185
214
218
181
193
194
202
214
192
172
198
205
183
185
184
195
150
163
166
212
180
203
162
168
196
192
190
175
193
178
159
176
212
173
164
192
196
188
181
192
189
187
184
181
161
184
179
165
184
178
173
173
172
174
177
186
170
199
176
153
166
178
175
180
151
186
174
166
174
166
172
188
166
169
181
190
175
159
158
174
175
167
162
213
173
190
175
151
162
162
183
160
179
194
171
158
186
167
159
165
191
166
183
168
180
154
147
155
184
150
155
162
148
171
169
141
141
162
177
173
197
174
181
167
162
187
173
166
150
156
165
156
178
159
140
153
172
150
169
165
169
144
167
170
159
160
190
142
171
176
154
148
180
158
166
158
184
138
138
156
147
165
156
170
150
164
163
185
164
160
150
153
147
151
160
167
181
158
168
155
165
192
160
163
158
143
169
166
153
154
158
168
148
151
152
162
160
144
165
173
165
165
171
146
184
157
178
154
153
173
146
163
165
160
144
163
159
164
182
141
157
121
161
143
153
152
165
154
153
169
175
155
145
167
144
137
136
165
151
172
165
130
143
152
162
170
159
168
158
155
153
147
158
152
132
127
158
167
143
154
157
158
149
158
138
129
163
171
157
148
156
155
139
133
149
143
144
140
150
151
122
162
150
161
142
143
148
148
169
141
144
157
175
145
142
149
147
146
144
141
151
188
124
157
162
144
167
134
152
134
160
122
152
148
130
152
165
143
144
150
131
128
141
155
129
164
128
148
139
147
135
149
142
165
147
145
144
157
119
141
136
145
140
132
144
118
144
134
160
135
153
128
161
139
162
126
158
136
151
168
145
174
156
149
146
144
139
156
151
136
153
133
118
136
142
127
154
151
128
137
146
127
124
151
124
132
143
132
145
150
132
145
128
132
119
145
140
139
134
135
110
145
141
146
141
154
147
144
145
114
137
137
134
134
124
144
127
125
140
119
113
133
155
141
143
135
138
131
138
123
139
142
138
134
152
134
134
134
143
130
155
145
133
142
144
140
145
128
145
140
142
117
131
139
132
158
145
104
128
135
143
134
145
127
141
126
158
121
125
132
117
158
125
129
131
121
136
149
124
134
148
141
123
137
141
111
128
128
137
141
149
142
143
135
121
141
118
136
141
133
157
135
139
103
138
140
134
120
126
120
133
113
117
148
129
128
154
131
146
140
124
121
133
146
113
119
113
113
138
140
121
130
122
143
110
123
126
128
123
133
138
111
132
130
145
124
128
124
108
114
129
126
146
149
107
148
135
142
124
132
127
116
128
149
139
158
130
124
141
120
128
141
117
141
141
128
131
112
117
118
115
147
130
128
113
125
133
118
135
148
135
116
108
130
125
129
129
113
117
130
133
147
125
140
121
115
130
118
129
133
116
135
121
152
108
129
118
142
124
123
115
130
135
122
132
119
126
122
121
109
119
107
136
110
114
129
132
124
122
130
109
109
145
108
94
130
126
126
103
125
125
110
125
132
135
101
118
116
111
104
109
120
150
113
115
113
132
101
120
133
133
140
138
127
115
115
122
126
105
95
111
113
121
120
120
102
135
125
112
112
105
125
114
101
135
119
97
119
131
121
121
107
124
109
119
103
117
121
129
118
128
123
131
118
126
115
118
111
103
121
114
98
118
134
126
123
124
117
109
117
121
110
122
116
115
117
127
140
103
97
123
112
121
131
111
118
104
104
111
114
129
125
111
113
117
113
118
102
111
116
125
136
112
118
124
121
104
118
133
118
116
96
116
107
126
120
120
104
105
119
116
132
102
97
102
103
107
113
139
125
126
106
113
119
108
114
113
137
127
124
109
109
127
116
126
113
109
117
118
115
121
125
135
128
119
120
111
82
116
106
106
119
104
135
133
108
129
95
104
104
121
107
113
117
115
113
106
107
121
103
124
117
104
90
113
108
111
87
118
120
115
107
127
101
97
134
104
132
97
100
134
111
103
112
119
95
120
110
106
105
107
127
126
103
111
131
128
113
115
118
95
120
106
109
111
116
104
99
128
117
116
125
133
102
128
101
102
97
101
113
108
106
119
106
117
124
120
113
96
101
114
115
118
98
103
106
120
104
116
103
100
111
112
86
92
92
109
100
121
124
111
122
119
117
91
106
108
94
123
115
91
125
108
127
116
121
89
108
100
113
127
126
129
87
111
112
114
106
98
129
105
107
137
115
116
97
122
112
115
109
128
119
103
102
98
113
100
102
116
111
101
96
99
116
94
86
103
125
119
91
134
96
110
116
109
103
93
90
136
97
119
112
108
85
101
105
108
85
94
118
103
130
96
104
102
119
119
113
105
104
109
124
93
128
92
105
103
122
109
105
107
107
94
124
107
116
100
98
99
98
117
102
108
123
100
115
100
96
113
109
108
107
120
84
118
110
105
102
110
107
113
117
109
83
102
98
103
98
105
100
102
110
106
109
113
106
90
110
96
98
120
103
116
107
88
125
90
97
97
127
106
95
109
104
107
96
100
108
124
97
98
119
100
123
113
89
93
107
90
97
99
118
95
107
93
105
96
105
89
113
106
117
85
91
110
102
106
101
92
99
103
102
117
94
101
107
112
104
116
113
120
96
91
114
107
87
113
96
103
86
105
94
113
98
87
104
92
108
94
133
95
99
90
108
111
114
106
100
107
92
96
87
104
96
106
112
95
100
127
107
100
99
90
93
101
108
108
111
110
102
83
97
113
104
94
122
103
106
96
103
95
120
96
85
111
101
113
107
105
95
99
95
106
93
100
93
111
82
102
100
111
81
118
114
108
107
98
103
92
116
93
93
91
93
107
99
107
90
87
105
87
107
114
88
121
100
124
103
99
89
91
112
111
88
103
101
112
97
97
109
111
109
105
101
73
103
77
88
93
98
87
89
92
87
104
96
91
82
118
96
98
93
101
99
92
106
75
81
94
106
98
90
102
89
88
95
107
88
92
92
99
107
99
99
93
101
97
96
102
100
86
100
95
86
115
102
105
103
93
96
107
115
104
97
98
100
97
98
102
85
94
94
87
81
77
90
95
91
104
103
105
99
97
97
100
94
83
102
95
97
111
110
99
114
95
108
84
92
90
104
108
114
86
95
96
89
97
108
107
66
92
113
97
90
94
96
89
116
93
95
85
94
86
74
95
93
89
75
109
89
85
94
80
88
94
107
83
88
94
104
102
94
88
117
104
94
84
98
102
115
97
96
75
103
102
100
90
101
89
85
104
103
109
91
113
102
85
86
89
80
101
93
96
87
94
86
92
79
92
91
89
89
99
90
96
97
86
117
97
114
103
101
101
97
84
105
92
88
89
95
101
123
89
113
80
92
105
94
85
91
93
75
95
87
81
99
70
97
81
101
100
96
82
112
99
90
80
75
93
110
85
87
96
78
96
106
99
93
75
80
77
100
92
96
96
99
96
75
84
95
109
77
85
87
97
99
95
106
87
92
87
86
111
94
117
88
84
88
65
97
79
105
98
102
90
119
102
87
100
82
97
88
84
99
91
79
88
97
83
91
95
98
101
81
96
85
90
93
88
92
93
102
93
72
76
98
95
82
93
87
105
96
91
91
90
94
95
84
88
78
79
75
101
84
82
109
90
95
92
91
80
93
77
88
85
95
85
101
92
69
92
93
91
87
84
95
85
70
86
90
75
75
84
86
88
88
98
85
100
97
74
87
87
85
93
89
95
85
82
84
97
93
74
93
97
97
94
91
85
91
74
92
89
83
93
74
84
83
104
96
94
87
92
91
104
94
95
105
108
107
82
87
86
89
97
90
71
99
96
92
84
85
86
78
91
99
70
78
69
88
87
93
83
90
81
98
82
96
88
97
90
79
77
87
84
81
70
103
84
84
84
74
91
94
106
102
85
83
99
83
90
86
101
82
103
75
93
76
80
86
82
84
114
87
85
97
99
96
83
88
81
101
89
83
84
83
79
88
88
70
81
95
84
89
79
82
107
89
65
79
87
74
74
64
92
79
100
80
96
74
84
86
89
83
100
93
87
89
76
88
101
88
84
101
78
84
79
92
75
89
97
90
96
98
98
87
85
105
86
94
99
90
95
70
99
94
85
85
89
76
86
78
68
88
87
97
81
80
91
75
100
109
84
77
93
78
86
79
92
87
82
71
92
89
101
78
88
91
88
84
96
91
94
74
83
85
80
90
81
83
92
72
76
75
92
83
80
85
88
73
88
98
94
94
96
99
102
81
88
93
79
88
99
99
78
100
85
86
81
89
82
87
76
78
82
86
76
86
85
83
92
72
79
89
80
66
93
83
69
83
92
92
92
93
81
86
76
73
101
73
83
94
70
79
93
99
88
66
95
85
86
83
105
81
68
99
81
88
85
71
87
70
86
72
90
77
84
65
89
74
86
85
74
75
71
75
72
77
72
89
83
91
86
73
90
77
109
76
86
84
92
91
61
87
90
73
95
83
62
80
96
77
78
106
83
90
67
94
79
87
83
72
75
85
70
83
72
81
73
81
82
87
74
74
65
72
77
82
84
87
82
93
73
85
87
90
79
76
72
75
73
82
80
85
83
100
74
91
80
74
83
88
81
83
79
93
77
90
83
72
80
85
76
80
87
78
69
88
65
77
84
68
76
73
79
77
78
80
89
80
83
78
91
95
76
78
75
93
78
98
90
94
79
65
56
87
76
74
84
91
68
95
83
81
76
77
78
75
76
82
89
83
96
69
82
64
85
89
93
87
79
75
77
81
72
87
81
99
78
83
85
84
61
79
82
85
91
90
74
64
72
89
75
70
89
74
76
74
76
84
87
83
103
77
78
85
79
72
78
77
81
72
72
93
91
74
91
78
85
61
83
84
71
85
63
85
78
62
87
73
81
64
73
80
82
77
78
69
79
81
71
84
70
85
73
85
83
80
83
83
80
85
92
84
75
70
75
88
73
67
70
74
87
73
108
71
88
76
74
78
77
78
90
76
89
82
98
72
84
84
66
75
77
73
75
66
57
78
67
98
89
74
86
81
69
78
87
77
82
95
77
76
85
80
75
58
86
80
85
72
92
79
85
74
85
86
68
74
91
69
59
61
84
72
76
74
89
81
79
71
73
72
76
64
70
83
81
73
63
101
82
68
80
74
64
77
73
73
87
93
82
88
75
96
89
74
91
78
84
80
74
73
87
84
70
96
85
84
88
74
86
85
62
80
71
62
65
80
89
89
80
75
63
91
92
61
83
88
70
78
68
60
75
75
66
80
64
86
87
81
86
87
73
92
90
69
95
77
79
75
87
77
75
75
74
80
74
64
71
68
76
62
79
79
83
67
83
81
81
79
76
78
75
81
76
78
74
76
90
68
87
77
80
85
78
72
77
76
81
61
62
75
76
79
79
69
80
54
89
76
59
72
95
69
82
86
77
82
79
75
73
64
79
85
75
71
77
73
76
76
82
86
71
69
83
73
58
74
77
67
87
65
78
86
81
81
78
69
77
89
90
69
68
89
60
69
81
82
70
73
78
74
90
90
66
72
79
77
73
80
72
64
79
90
62
80
77
73
84
77
84
87
79
76
67
75
72
79
71
96
86
94
89
86
90
82
63
69
59
68
65
82
71
67
79
70
77
88
83
66
84
78
69
78
82
69
68
95
76
67
76
71
82
74
49
64
75
69
61
65
79
78
69
87
87
66
65
71
85
89
79
75
88
74
80
81
69
68
76
81
71
72
78
90
75
77
76
99
82
75
78
78
91
71
84
58
69
94
63
72
84
76
74
85
71
77
62
73
73
76
82
93
72
65
87
58
55
83
71
69
61
64
70
84
76
84
68
62
81
90
75
68
70
83
51
66
72
69
64
71
70
83
78
78
86
81
85
67
82
66
81
85
88
71
78
78
90
87
67
65
74
71
80
76
92
73
73
92
70
80
78
83
73
81
75
80
81
79
77
73
77
81
65
61
67
64
75
72
97
61
93
69
52
72
77
78
77
81
85
74
69
68
80
75
77
65
79
88
74
74
72
69
88
88
71
70
71
72
76
74
80
82
82
59
67
87
88
69
79
82
62
90
60
84
68
87
68
62
66
70
79
78
66
82
75
72
67
74
64
59
59
73
80
75
86
72
73
75
73
97
72
75
70
78
69
91
70
90
82
78
68
59
86
68
81
71
75
67
71
77
69
67
82
69
78
66
62
70
71
72
67
73
84
70
73
64
72
77
79
57
64
73
66
66
80
81
70
87
74
75
67
76
72
68
67
77
65
93
76
67
65
66
75
70
74
84
65
71
84
83
74
64
76
70
81
72
70
77
75
69
90
66
76
76
74
76
71
66
85
69
61
65
70
64
80
78
75
71
85
65
91
65
68
62
76
73
66
68
56
66
71
64
90
66
56
74
73
63
58
63
65
74
75
65
92
60
83
83
78
70
67
64
83
73
75
55
69
80
75
66
69
71
72
69
69
76
70
87
72
82
80
84
73
71
73
68
66
71
86
75
76
77
72
69
76
70
82
74
81
79
60
64
76
77
76
64
64
76
65
80
48
75
59
74
70
68
77
96
68
71
79
89
69
84
98
76
76
82
81
71
59
77
70
71
86
67
63
75
60
80
82
81
83
75
74
74
67
81
74
79
78
72
74
80
89
74
71
67
64
65
71
80
77
70
72
93
76
96
73
86
64
67
60
67
85
74
81
93
78
77
75
69
90
56
78
72
78
82
80
92
81
83
66
72
62
79
77
85
65
82
75
63
78
68
69
76
73
62
64
84
74
77
64
70
81
66
65
75
74
78
74
71
72
70
63
68
85
75
68
69
57
72
74
69
86
80
75
91
65
65
90
78
66
72
83
80
63
85
67
79
80
66
60
87
74
66
63
70
77
85
70
82
91
82
81
67
74
67
77
80
65
76
71
76
67
72
75
77
67
78
85
62
84
81
90
70
73
71
83
71
67
76
79
71
71
61
70
74
74
62
81
71
68
75
81
63
56
75
79
76
58
71
73
68
72
76
77
74
82
85
64
79
76
79
74
75
76
71
67
87
77
88
68
61
75
66
83
69
76
73
87
79
66
74
82
72
85
65
76
64
67
82
71
68
68
74
68
85
72
72
81
53
74
67
68
78
75
68
67
61
72
75
94
60
65
68
61
95
77
65
59
64
77
79
83
87
70
72
69
66
76
88
71
84
69
66
90
85
75
83
62
69
71
73
83
68
70
67
80
79
82
82
79
62
90
73
57
74
71
75
69
79
56
67
70
76
73
67
72
69
76
73
84
67
69
73
75
80
85
86
76
79
88
69
72
78
72
67
81
64
75
79
82
67
65
83
84
51
76
65
70
81
74
45
72
75
69
79
80
74
68
74
92
71
77
83
67
66
95
69
70
69
56
78
87
75
57
62
75
76
85
80
86
63
72
83
75
67
72
73
72
70
65
76
77
75
77
89
69
79
89
84
82
80
72
62
64
59
54
65
70
70
86
77
83
68
70
81
67
72
69
71
60
73
68
83
65
69
69
77
69
66
82
77
67
65
77
76
91
88
70
53
68
80
77
69
65
76
67
63
66
75
58
65
71
79
64
74
72
57
81
79
71
69
69
85
73
71
64
71
65
72
59
84
70
62
71
80
62
69
64
68
68
58
80
71
70
62
70
74
65
83
88
60
86
71
80
83
78
82
82
73
70
84
68
63
74
74
71
56
72
104
79
82
94
63
68
74
72
50
85
67
66
63
79
77
74
78
60
73
89
76
69
68
76
76
83
88
71
65
77
72
57
74
68
88
79
90
79
74
82
77
66
61
69
77
73
66
79
84
64
63
63
62
56
78
59
74
85
63
77
79
87
62
75
70
68
64
84
73
84
64
71
80
91
77
80
74
86
70
69
70
74
81
63
64
70
60
75
61
71
79
77
85
68
61
73
78
74
68
70
73
70
88
82
80
71
74
75
61
76
75
77
74
86
60
78
70
82
76
75
92
89
65
61
66
87
79
71
58
68
67
74
85
66
75
68
69
94
79
70
69
75
71
68
89
88
90
57
79
63
81
77
59
75
68
59
63
79
81
74
71
61
86
63
74
83
76
80
65
63
66
63
83
55
81
74
89
72
56
69
72
78
72
70
86
83
89
66
71
73
65
71
65
61
72
86
78
60
82
79
75
71
80
73
65
75
73
66
63
79
74
64
80
81
83
71
76
64
83
75
71
75
72
75
61
74
62
73
62
67
64
63
75
78
73
62
64
73
70
76
75
69
58
79
61
73
58
72
67
74
71
70
76
76
63
95
68
67
59
78
68
56
71
79
58
70
73
68
65
57
77
61
53
78
71
62
69
74
61
72
60
61
70
64
66
76
69
67
63
76
74
65
75
72
50
74
72
68
68
73
55
75
74
67
72
68
69
49
72
63
75
61
74
66
80
55
75
64
57
70
58
66
56
77
66
75
59
75
61
49
73
62
57
59
64
64
60
75
67
65
68
67
64
73
60
61
70
56
73
75
71
60
53
66
64
65
71
73
68
64
82
64
61
56
67
62
58
69
66
60
66
56
70
71
59
64
61
85
70
62
62
78
51
75
61
66
59
62
78
62
66
74
68
68
57
65
61
64
57
73
69
70
52
71
62
74
67
53
77
69
51
64
62
69
67
59
61
59
64
65
49
45
72
70
65
66
61
61
69
63
57
50
67
72
69
52
64
63
56
53
75
72
57
72
68
65
74
52
67
53
63
62
68
55
44
56
63
58
76
65
61
64
54
50
66
72
68
63
72
63
73
71
74
48
64
62
51
66
67
61
70
53
50
51
75
60
69
58
70
60
59
52
64
66
58
62
75
71
57
55
65
63
49
48
63
60
58
62
57
65
55
65
71
64
72
63
67
50
58
46
55
61
52
61
64
48
54
74
57
44
59
73
62
59
62
58
61
54
57
54
69
61
58
67
55
47
48
47
62
49
66
77
62
65
69
57
59
60
54
61
64
63
57
63
58
47
50
57
67
58
71
66
68
49
53
77
68
62
53
52
57
43
54
56
69
66
56
45
45
75
60
55
52
63
56
53
61
81
68
61
49
54
60
48
43
49
76
58
71
61
60
58
72
66
58
69
68
60
39
59
71
57
71
55
54
66
61
61
61
62
57
40
46
60
65
52
58
51
67
59
61
61
60
53
54
54
55
55
44
49
62
60
62
71
57
70
57
53
58
68
64
54
49
61
56
56
58
59
70
71
64
59
44
50
62
57
55
58
71
62
54
59
56
47
50
63
76
53
51
47
60
63
64
63
59
55
72
49
49
66
57
55
47
43
56
65
54
47
79
49
53
54
72
55
46
65
55
54
53
58
46
65
65
42
53
59
53
52
57
64
60
61
53
53
57
69
60
52
63
63
60
57
54
47
68
50
46
57
58
60
59
58
56
56
63
51
61
51
65
61
69
59
53
60
64
62
63
58
48
65
54
54
54
65
62
60
53
57
66
48
38
53
53
56
58
57
49
54
61
47
51
60
58
49
58
52
67
68
72
64
44
69
56
59
57
52
54
66
54
50
60
59
67
58
54
53
72
57
58
68
53
52
51
67
49
53
76
64
59
54
48
50
60
59
40
60
66
66
50
66
55
50
54
59
56
47
59
60
44
54
56
62
50
49
54
54
42
51
62
62
59
57
59
58
59
56
54
49
50
52
50
51
69
44
61
59
64
61
42
58
54
56
57
64
64
60
67
63
48
50
51
74
52
53
60
49
61
55
60
68
37
59
71
58
65
61
59
69
56
66
71
67
52
68
60
60
60
54
62
67
60
53
39
55
63
53
45
60
47
45
46
46
47
52
59
65
62
50
44
57
60
48
64
57
67
49
68
55
62
53
58
64
69
59
64
59
69
72
48
50
53
57
44
61
48
52
49
62
78
54
50
54
60
50
50
61
43
52
59
60
58
61
54
51
65
60
46
51
47
68
57
66
52
68
49
46
48
55
46
53
66
64
40
65
48
54
55
50
43
67
59
55
52
59
66
63
51
47
68
59
55
54
70
56
68
49
72
43
55
61
55
55
57
52
57
45
48
59
69
65
50
43
50
36
51
64
55
53
56
61
41
64
66
62
54
55
52
51
49
42
44
55
64
48
47
41
53
50
48
53
52
43
62
39
52
49
45
47
46
46
46
64
58
60
52
50
57
42
47
46
60
43
41
59
52
57
41
46
45
41
51
46
49
35
48
40
38
51
47
48
51
50
47
49
50
52
50
51
36
52
43
38
44
51
52
58
52
52
54
46
41
43
45
45
49
31
56
44
56
43
48
43
55
52
39
44
53
47
47
48
58
46
44
48
43
53
52
41
35
39
34
49
48
45
43
37
49
56
53
58
39
56
50
48
37
42
35
30
45
44
42
49
37
54
43
47
42
42
59
47
44
44
39
43
53
48
40
50
55
39
44
34
52
48
60
43
37
47
48
47
40
56
49
51
58
37
40
36
48
44
44
43
53
50
40
41
47
60
51
40
38
43
42
45
41
50
47
42
56
62
46
65
37
49
50
31
54
45
45
53
45
45
52
43
38
41
59
48
61
54
52
64
62
40
53
54
49
62
39
43
42
51
58
59
48
49
54
60
52
59
54
52
52
46
57
59
46
48
46
50
62
46
61
59
49
64
56
54
54
57
72
57
55
71
54
60
53
66
75
73
65
66
66
63
73
69
80
67
63
75
80
75
63
86
87
85
94
77
102
124
147
163
187
203
287
283
365
381
428
431
436
401
402
339
315
290
261
207
215
130
128
124
141
99
81
92
83
61
71
70
55
46
52
51
42
48
37
39
56
36
41
39
41
31
43
39
46
38
52
38
45
37
33
41
35
45
36
40
41
44
47
35
34
33
44
37
39
41
38
34
39
37
40
32
42
42
50
32
31
44
32
29
42
39
45
28
41
33
41
31
45
44
31
35
38
40
39
47
33
41
42
36
36
42
39
35
35
34
47
46
46
31
48
45
47
40
42
33
35
32
44
40
38
33
36
42
34
38
49
40
32
42
40
42
37
52
42
43
33
44
46
44
33
47
33
23
34
40
33
47
41
41
43
39
43
44
39
49
35
40
26
39
44
44
53
59
39
47
47
40
37
36
36
36
55
44
50
45
29
44
46
41
30
54
47
49
43
48
49
41
45
31
34
60
50
47
49
53
36
44
52
49
48
33
53
50
53
50
55
48
73
70
63
47
47
61
47
51
67
65
49
55
51
54
64
54
69
69
75
92
73
83
75
98
78
79
88
62
63
61
54
48
39
39
32
40
33
29
23
31
19
19
21
25
20
19
16
16
17
20
20
16
16
23
14
22
8
23
16
17
30
11
22
17
24
20
16
22
19
19
15
24
17
13
18
22
17
18
15
22
20
13
18
21
12
17
10
16
14
13
14
16
16
21
10
16
13
11
21
17
22
24
18
20
17
21
16
21
14
20
14
14
11
16
19
14
13
17
29
20
15
12
14
12
12
12
18
13
19
20
12
20
11
15
15
22
15
19
14
13
24
24
17
10
12
16
27
20
12
17
24
16
20
16
14
11
14
14
24
17
12
20
18
22
11
20
13
7
24
10
18
12
18
14
20
19
16
21
25
9
16
10
20
15
14
10
12
16
18
20
10
20
18
20
14
18
13
16
11
17
18
19
19
8
12
15
19
16
18
17
16
8
19
14
15
26
15
15
11
19
15
20
18
15
19
20
18
21
14
12
21
12
19
15
19
31
9
23
22
9
19
14
15
13
16
18
23
21
12
11
15
17
19
14
12
14
16
11
15
19
9
17
17
19
13
16
16
14
19
10
18
15
8
15
14
13
10
19
13
16
21
21
18
28
11
16
6
17
11
15
18
14
20
11
18
13
18
17
8
18
17
23
14
14
17
15
12
7
16
20
14
13
15
19
14
13
14
13
23
17
7
13
17
16
15
22
13
16
10
18
20
13
22
17
17
15
15
13
17
18
15
15
18
6
11
13
14
11
18
13
11
12
14
19
15
11
16
18
18
15
19
19
14
17
20
19
7
11
14
12
19
25
11
25
16
16
21
16
15
15
21
10
8
16
13
21
19
15
12
20
15
8
21
21
16
22
11
16
12
17
20
9
15
19
14
14
14
15
25
13
15
10
18
12
17
8
21
18
19
17
12
14
19
18
21
17
25
16
15
12
18
16
17
19
17
16
13
17
19
19
12
15
13
16
24
21
13
17
18
14
12
10
18
14
20
20
17
24
16
18
16
11
17
26
11
26
17
17
20
18
19
20
20
16
27
16
14
13
18
9
21
13
16
8
15
18
25
23
20
23
11
19
18
19
20
20
14
17
17
18
14
12
21
21
21
18
15
22
18
22
29
23
23
22
29
23
13
20
27
15
21
19
27
17
22
17
26
25
25
24
20
22
34
36
28
25
26
38
42
36
34
35
31
26
28
32
25
29
35
25
35
30
32
25
34
42
38
34
30
35
42
31
36
33
33
33
37
38
43
35
49
44
44
37
49
40
50
38
58
44
49
52
30
55
54
44
55
51
52
53
57
58
62
54
60
78
76
61
96
83
128
140
183
210
243
354
418
480
560
672
645
671
722
683
630
563
504
455
399
335
275
226
202
160
155
106
108
84
71
64
62
50
36
46
31
27
27
22
20
24
26
12
18
22
24
14
23
18
13
22
13
20
12
22
20
20
20
18
15
22
17
16
19
19
15
13
19
18
15
17
11
12
9
13
24
21
13
19
12
25
19
18
19
18
13
9
20
20
13
30
20
19
18
20
22
16
16
17
19
16
24
11
14
18
16
12
14
18
15
17
18
17
12
20
13
20
18
31
12
22
17
20
21
17
14
22
23
13
13
16
25
18
18
28
19
22
21
25
13
12
17
21
16
19
22
20
22
14
15
20
26
24
20
14
20
24
20
20
25
25
27
21
20
21
26
29
29
26
17
26
23
23
23
27
29
28
39
24
18
15
27
21
25
19
25
22
21
29
24
24
17
18
22
25
33
26
32
29
19
31
35
22
31
34
19
25
43
31
27
26
41
25
35
39
27
37
36
41
33
36
30
33
49
32
40
41
51
42
35
49
43
55
58
55
52
69
60
47
50
46
35
19
22
18
18
19
15
12
15
10
10
6
9
10
2
5
4
2
9
5
4
2
7
2
7
3
4
4
4
2
0
2
5
6
1
3
6
4
3
1
3
6
4
2
4
6
3
4
4
5
5
5
7
6
4
4
6
5
3
4
5
3
8
8
0
3
6
1
3
3
6
2
8
6
6
5
2
1
3
7
5
3
3
4
6
5
7
4
4
3
4
1
3
8
5
2
2
4
6
0
6
4
7
5
6
4
5
3
3
3
1
2
3
2
3
1
5
4
2
3
1
7
7
7
4
5
2
4
6
4
4
3
4
4
1
4
3
6
4
4
4
3
8
2
8
6
1
3
3
5
3
5
1
9
5
2
2
2
5
6
1
3
2
3
4
5
8
3
0
4
5
4
1
4
2
3
2
3
2
4
3
1
5
3
3
6
6
4
3
3
3
0
5
6
2
4
0
2
2
1
2
5
1
2
2
2
4
6
3
3
2
3
4
6
3
2
2
4
4
7
5
3
5
2
5
3
3
3
4
7
4
1
4
4
2
3
3
1
1
4
7
2
3
3
4
2
1
1
2
4
5
3
1
4
5
3
5
3
1
5
5
1
5
5
8
4
5
4
5
6
4
2
7
2
2
2
6
4
4
1
2
4
2
3
3
6
1
3
3
3
3
6
4
3
3
2
7
4
2
2
4
2
2
0
7
5
4
4
2
0
4
2
5
6
3
1
1
4
3
6
6
2
4
1
1
5
3
1
3
3
2
7
3
5
2
3
7
2
2
2
2
2
2
1
4
1
2
1
4
1
4
5
4
1
2
3
2
1
2
1
3
2
3
3
2
1
3
2
2
1
6
3
4
3
9
4
1
1
2
1
1
1
3
5
2
3
4
1
3
5
6
2
2
1
5
10
2
2
2
1
4
2
3
3
6
1
4
2
3
1
8
5
5
4
4
4
3
2
7
4
6
3
4
3
6
2
2
4
4
7
4
3
4
2
4
3
1
2
3
4
2
3
2
6
5
5
4
3
1
3
4
3
2
4
3
5
5
2
3
1
2
5
3
5
3
4
3
2
5
2
3
1
6
3
3
6
3
5
1
2
1
0
1
2
1
3
2
1
4
2
1
3
1
1
0
3
2
2
6
2
2
1
4
4
1
5
3
2
0
2
6
3
2
3
8
4
3
3
3
1
3
3
5
0
2
1
2
4
1
4
2
3
1
4
3
6
5
3
3
3
6
2
4
5
7
5
3
4
2
2
1
0
1
5
2
2
3
1
3
2
3
4
5
3
3
2
6
5
1
2
1
5
6
1
0
3
1
2
3
4
3
2
6
2
1
2
0
3
3
3
0
3
7
7
3
2
2
2
3
0
5
0
6
4
3
1
2
3
2
0
4
2
1
1
3
5
0
2
3
0
2
1
1
5
4
5
1
1
2
3
2
4
4
4
1
1
1
2
2
4
4
8
0
4
2
1
4
3
1
0
0
4
5
2
2
6
1
4
1
0
3
1
4
1
3
3
3
3
3
1
3
2
4
2
4
2
0
0
1
2
3
0
1
4
3
2
2
4
3
0
0
5
3
6
2
3
2
1
1
2
3
7
2
1
2
2
3
2
2
1
3
3
2
1
3
1
0
3
8
3
2
2
4
4
2
1
3
1
1
2
3
2
1
1
5
0
2
2
1
0
2
0
0
0
0
2
2
1
3
2
2
1
2
1
2
2
2
5
1
6
3
2
1
2
1
2
0
6
4
5
0
1
5
1
3
1
3
5
6
3
2
4
4
1
4
1
1
2
3
1
3
9
2
2
3
3
4
3
3
6
3
2
1
1
1
3
0
3
5
2
0
2
4
2
1
2
2
3
3
4
3
2
1
0
0
2
3
6
1
0
0
2
2
3
3
5
3
0
4
2
3
1
3
2
1
1
3
5
1
4
2
4
5
2
6
4
2
5
3
2
3
5
2
0
2
0
5
3
3
3
2
4
5
2
2
2
0
2
0
4
2
2
1
3
4
1
2
2
4
0
2
3
2
5
2
0
1
1
3
0
4
0
2
1
2
1
3
2
3
2
4
1
2
0
3
2
3
2
2
5
1
3
3
2
1
4
6
3
2
3
0
2
4
1
1
3
1
0
3
2
1
2
4
3
1
2
3
2
2
1
2
4
3
1
3
1
2
1
1
2
1
2
1
1
2
4
2
1
0
2
2
1
3
1
1
2
1
2
6
1
3
2
1
1
1
4
1
2
1
1
3
2
4
0
0
1
2
1
5
1
3
2
1
3
3
1
0
1
4
2
4
2
3
4
2
1
0
1
4
2
1
6
1
1
2
2
2
3
2
2
3
3
0
0
2
2
3
3
0
3
3
2
2
2
7
1
2
1
1
5
2
3
0
5
3
1
0
1
2
2
2
1
2
1
1
3
2
2
5
3
3
2
5
1
1
1
2
2
4
4
0
2
1
4
1
1
2
0
4
2
1
4
2
2
1
1
1
6
3
1
3
2
4
8
0
4
2
0
0
99
144
152
158
184
181
191
223
203
243
232
227
284
294
316
374
380
448
488
500
538
558
652
643
715
810
853
897
977
1038
1187
1267
1321
1449
1501
1651
1682
1838
1911
2045
2224
2350
2458
2571
2726
2858
2909
3232
3323
3461
3654
3806
3977
4065
4309
4572
4518
4899
5036
5139
5317
5473
5728
6016
6190
6205
6522
6819
7007
7134
7428
7631
7898
8225
8416
8825
8834
9330
9405
9846
10143
10405
11030
11141
11371
11876
12360
12733
13178
13722
14257
14858
15542
15936
16706
17749
18809
19662
20555
21623
23394
25340
29090
35807
48815
75550
126893
215769
342372
480847
595998
643834
619656
542697
443239
357224
290064
243050
206935
177737
154420
133922
117877
104761
94798
86816
80903
76267
