0
0
0
0
0
0
0
0
0
0
0
0
0
0
0
0
0
0
0
0
0
0
0
0
0
0
0
0
0
0
0
0
0
0
0
0
0
0
0
0
0
1
1
0
1
2
0
2
3
6
5
4
4
2
2
3
2
4
3
5
9
6
5
5
5
3
8
9
7
7
5
10
4
11
6
10
9
7
10
10
16
12
26
25
19
25
20
39
46
56
76
76
95
133
130
183
238
268
342
409
527
662
781
984
1233
1575
1993
2265
2192
1905
1862
1585
1129
392
125
98
86
98
121
120
175
191
245
273
290
327
378
416
484
553
547
577
645
644
704
718
757
668
626
576
502
369
318
255
211
208
208
270
254
287
334
401
482
458
520
573
584
592
554
570
485
453
400
333
314
273
263
318
325
381
443
447
494
470
528
543
523
445
444
387
337
313
322
307
353
369
373
424
495
506
504
486
452
473
410
363
345
334
365
350
372
399
446
444
494
510
466
453
413
405
396
346
339
346
374
437
417
432
478
478
436
467
400
417
386
400
379
356
373
375
410
432
434
396
451
434
457
439
418
376
375
399
383
385
386
426
385
389
417
422
402
449
403
445
445
404
421
435
428
416
386
438
382
407
371
366
449
399
459
429
423
439
414
440
441
420
438
445
439
416
447
435
440
421
439
435
409
416
446
451
440
426
446
454
480
450
468
523
448
468
446
431
419
404
421
417
408
459
475
411
448
438
447
453
468
470
451
431
437
429
414
430
420
444
428
429
448
393
422
403
445
451
420
434
440
398
402
419
403
422
434
471
476
477
468
465
503
522
479
453
434
428
440
439
433
455
452
444
467
480
464
464
454
443
455
428
447
459
419
475
444
462
458
463
470
436
456
446
444
429
421
443
433
450
443
457
496
482
444
474
481
446
503
438
475
440
473
450
483
469
473
443
473
491
445
450
431
438
453
490
462
450
455
457
462
435
491
469
494
456
475
473
481
491
462
469
482
472
456
473
478
443
462
462
473
476
488
481
468
465
448
478
497
506
494
473
522
498
485
503
456
476
484
474
477
467
433
492
447
528
475
496
483
515
523
499
438
479
464
528
462
472
523
466
497
503
503
467
486
465
493
518
459
462
502
514
501
481
553
539
452
471
514
501
498
545
494
483
503
552
482
474
471
471
467
481
492
483
491
470
474
507
512
479
487
505
497
498
473
484
487
457
503
498
483
493
512
516
511
512
489
484
452
469
445
481
500
510
509
440
491
483
514
477
524
518
492
527
518
528
535
553
543
511
523
495
513
509
525
510
479
482
486
510
516
523
468
486
481
465
524
565
521
491
539
475
526
531
483
544
494
507
489
491
467
484
490
481
536
485
528
520
511
514
517
511
519
505
496
520
526
532
524
520
543
482
476
496
476
511
508
468
445
516
500
503
499
510
468
475
469
500
499
482
481
486
497
497
518
510
506
502
516
512
459
481
445
496
486
468
489
465
511
495
462
480
486
489
516
480
519
493
461
490
481
471
481
472
501
510
457
472
492
516
468
512
491
497
469
495
461
446
513
454
492
512
475
481
471
451
510
483
475
519
461
497
471
493
498
451
477
477
511
480
483
426
484
484
488
475
459
497
491
477
430
481
490
454
462
437
441
497
481
488
481
418
468
493
458
438
510
424
479
466
433
508
480
472
440
465
461
439
519
432
425
460
475
417
468
464
481
448
466
443
481
484
466
470
482
476
464
495
460
467
432
422
433
467
461
440
413
481
472
491
447
442
416
495
451
436
431
451
442
473
444
432
455
458
473
408
406
467
427
437
418
447
426
409
420
441
402
437
421
433
430
408
398
433
416
435
437
441
421
407
442
445
416
429
429
396
442
432
413
423
421
421
427
470
431
452
456
407
443
423
433
436
452
423
403
413
419
398
414
418
385
398
445
428
421
411
449
417
418
424
435
427
386
489
438
451
417
420
413
434
444
455
394
444
442
386
432
421
418
385
407
427
428
423
424
425
436
407
419
435
375
433
401
406
436
404
402
439
402
376
437
423
395
396
399
459
417
396
392
396
388
410
432
438
414
376
421
407
400
417
480
426
436
424
466
422
459
421
407
423
416
411
456
409
432
385
383
375
416
390
435
449
365
426
417
452
401
408
408
417
407
390
394
410
377
409
425
383
431
402
412
440
402
434
404
409
431
403
441
455
413
382
397
424
391
418
382
409
409
446
423
388
402
411
402
429
381
430
401
403
404
389
398
418
395
385
424
407
419
377
428
416
450
471
429
392
438
418
406
430
446
386
427
393
422
403
444
447
448
405
441
445
429
420
420
432
438
422
443
436
440
410
462
423
417
416
405
447
431
448
438
404
464
405
420
433
411
388
417
401
444
429
397
419
397
435
422
399
427
439
411
413
427
423
406
413
368
386
379
411
416
425
461
410
415
369
386
424
397
373
385
387
420
368
454
361
372
386
378
397
387
413
402
347
402
406
399
396
380
371
391
398
348
436
392
401
422
401
397
371
361
402
368
385
379
395
420
380
361
397
406
378
386
390
395
352
384
380
380
389
406
399
374
362
406
363
396
356
381
425
368
375
365
402
375
404
428
416
403
393
430
423
357
410
377
385
360
384
408
383
344
353
397
361
405
401
323
385
388
407
417
373
369
432
376
383
359
387
370
367
397
392
390
351
378
358
371
400
382
389
334
388
375
365
353
383
389
380
373
351
346
339
365
405
369
379
361
366
357
365
345
378
396
405
338
355
367
384
371
387
330
357
340
362
366
378
367
365
367
349
350
382
360
345
380
371
371
346
354
363
367
342
327
368
395
367
400
353
352
381
327
382
375
401
343
348
374
360
352
352
375
346
344
351
345
384
363
362
333
320
344
368
351
355
352
382
373
337
322
322
356
313
332
325
348
367
363
336
348
345
375
341
336
372
343
317
332
345
338
349
320
348
329
357
340
362
340
385
366
347
340
361
345
305
326
355
339
353
348
328
331
391
359
335
344
365
316
326
333
335
354
341
329
357
367
344
345
343
301
362
357
377
346
327
295
327
362
319
340
339
342
328
342
349
335
322
329
321
334
307
348
306
344
309
334
303
336
304
328
325
338
328
293
342
329
335
311
318
306
303
325
329
336
301
319
311
343
324
311
349
341
345
318
316
312
336
297
345
327
334
339
306
338
335
322
334
324
330
340
343
305
319
332
328
337
331
362
321
323
295
286
314
334
313
323
335
343
294
330
296
322
353
348
347
313
308
346
314
322
314
310
356
341
328
335
312
328
297
325
320
345
300
322
316
354
315
295
337
279
310
312
300
315
301
311
324
304
313
309
296
290
288
319
343
330
289
311
289
303
318
301
325
277
342
327
310
304
305
259
294
301
291
297
280
302
302
279
322
333
292
308
291
284
303
326
303
306
335
309
328
306
335
321
336
357
335
312
320
324
336
302
288
309
295
337
318
282
296
322
305
292
264
295
325
291
323
300
296
316
299
299
285
333
287
298
277
294
293
283
310
306
295
296
284
326
285
324
322
280
298
317
289
310
305
323
298
304
284
283
298
322
300
298
302
276
286
304
303
301
312
266
275
246
295
295
260
293
256
263
298
288
339
301
293
311
281
299
294
286
292
315
305
287
260
285
292
281
273
315
304
323
288
307
302
286
304
303
289
282
272
291
293
269
316
282
278
263
304
294
288
278
289
305
272
306
290
262
289
273
259
286
306
299
294
252
298
283
290
260
295
276
308
266
302
289
308
298
313
295
299
291
313
281
296
313
295
274
293
304
264
278
269
260
278
307
284
248
281
285
267
259
262
281
274
283
300
273
283
266
306
266
250
281
294
291
278
274
257
276
295
296
283
279
301
307
284
300
279
254
293
256
286
291
300
307
249
273
285
285
262
302
286
293
266
297
291
284
322
303
287
268
274
318
259
283
291
277
281
259
289
288
307
264
255
254
262
280
272
253
297
264
270
258
279
256
271
278
283
274
285
298
265
292
283
266
277
265
264
275
275
262
305
291
232
240
257
291
270
256
287
268
280
299
274
252
293
268
261
260
269
252
277
280
258
255
274
248
278
259
242
224
305
297
280
241
290
271
283
301
279
267
274
273
253
246
269
271
234
277
243
284
266
245
297
260
256
256
260
282
237
267
249
265
264
294
286
270
254
274
254
261
285
271
286
227
254
267
252
266
255
259
242
269
254
257
253
254
265
245
248
275
243
282
253
282
263
245
242
302
255
257
237
250
233
281
260
271
243
246
238
267
249
271
244
254
297
244
248
265
258
254
273
262
265
251
245
240
243
253
236
267
258
263
221
259
258
241
240
263
241
269
274
264
268
240
255
282
256
255
254
268
261
238
241
262
241
261
239
275
258
256
225
226
224
269
246
244
251
259
246
224
287
249
256
268
284
212
272
249
225
266
238
236
271
239
229
261
250
264
255
238
294
265
252
244
253
240
250
232
277
236
263
252
252
242
221
255
213
236
252
284
232
233
264
255
259
246
253
228
234
252
279
242
246
234
222
229
244
257
250
247
235
248
272
242
284
245
269
231
255
253
269
232
222
225
236
240
260
246
247
251
231
243
244
250
230
259
265
249
242
235
243
258
224
229
240
272
220
223
258
239
280
245
284
261
257
229
209
226
235
269
240
238
235
244
256
264
238
226
230
247
251
236
244
219
243
255
251
263
234
222
268
237
260
241
232
257
258
253
220
252
233
223
248
234
219
248
236
252
247
245
240
240
237
256
236
235
241
242
220
217
253
242
266
246
256
249
234
238
242
251
211
260
272
200
253
248
233
235
238
239
235
223
248
232
214
192
244
252
237
276
223
240
239
234
235
229
220
238
242
247
232
230
234
236
236
239
262
243
266
227
236
250
209
221
237
228
232
203
245
229
234
208
223
216
243
226
247
246
230
248
255
225
240
216
222
223
250
253
226
227
195
235
238
211
247
228
228
231
228
224
224
195
232
238
245
223
241
250
208
223
207
254
242
226
210
216
253
221
214
218
218
231
262
239
221
229
232
224
247
245
211
236
206
234
247
226
241
207
211
240
213
221
220
243
244
263
221
222
233
244
199
215
257
210
229
235
247
262
217
243
204
214
232
224
247
198
244
228
219
247
248
203
256
215
212
221
234
218
245
223
188
205
210
232
224
220
228
203
246
239
229
224
231
230
220
233
233
243
228
233
207
224
256
236
222
238
217
214
258
226
258
229
190
220
206
208
208
224
207
228
217
242
245
234
219
218
223
227
213
226
223
223
216
236
228
237
223
216
227
234
211
207
230
221
253
201
224
219
190
212
269
216
207
226
229
226
216
217
223
199
229
189
205
191
220
212
218
237
230
225
204
217
242
241
243
217
199
212
191
249
221
243
235
218
203
223
225
211
223
229
205
225
205
214
235
227
233
221
196
202
212
228
208
218
256
213
246
187
213
226
225
193
238
218
195
228
190
239
211
227
221
221
222
200
231
231
222
202
225
242
207
226
227
220
210
224
208
236
231
202
214
217
208
203
217
212
216
216
214
223
194
210
232
228
215
231
211
195
239
228
217
224
231
219
216
216
224
221
223
238
218
195
207
221
214
219
223
223
209
212
237
220
234
228
200
224
217
229
234
192
226
239
219
238
226
209
200
193
238
221
249
201
196
212
237
229
187
233
205
209
215
219
226
194
187
210
238
202
225
218
202
244
210
205
223
219
209
204
199
233
239
207
217
194
240
202
210
220
235
252
250
240
236
258
232
249
232
220
212
238
241
254
236
211
223
248
203
223
204
221
195
200
219
186
211
201
209
224
215
231
228
208
242
207
219
177
199
208
241
199
197
205
185
222
206
203
208
226
194
201
207
211
207
192
217
199
226
189
209
207
202
211
206
205
213
208
187
215
212
199
174
232
218
198
223
230
199
198
223
245
218
210
197
215
217
203
207
211
196
214
234
209
197
194
193
216
218
219
199
217
215
205
230
198
185
202
203
199
209
211
187
205
226
223
174
213
199
212
202
182
208
191
226
191
212
196
185
223
193
208
220
204
219
212
224
195
205
195
203
229
236
236
193
212
191
206
236
193
223
221
204
185
207
214
207
211
190
187
205
227
207
194
205
211
187
196
219
191
199
198
202
227
196
219
216
235
203
212
204
199
197
197
177
226
218
212
207
222
197
197
166
178
188
202
205
181
202
190
209
195
207
203
200
201
216
200
238
208
194
203
195
204
216
196
201
192
194
184
181
223
204
209
184
198
196
207
211
204
220
195
186
208
184
214
218
222
198
193
174
192
196
189
165
175
217
167
198
198
208
230
179
209
181
210
203
176
196
201
186
188
221
198
219
200
217
200
202
197
221
200
202
191
195
208
168
183
167
194
180
170
194
198
198
227
169
221
202
206
214
168
209
183
193
223
208
221
202
189
191
187
178
216
194
180
210
194
215
193
203
202
195
191
202
190
189
198
205
216
217
192
219
204
224
196
205
197
202
165
190
192
202
195
185
174
233
211
190
192
217
187
217
191
186
194
193
186
186
206
199
201
188
209
215
199
199
197
184
212
199
194
182
197
225
198
181
186
209
175
219
183
186
223
171
189
219
198
215
219
213
213
206
202
217
193
205
180
203
191
205
211
199
195
174
180
191
210
178
218
212
180
211
195
203
199
198
204
188
195
152
197
176
201
201
196
181
201
195
211
196
177
207
223
210
196
193
180
198
207
184
219
192
185
166
189
203
214
193
185
186
208
190
213
187
211
203
221
192
214
165
173
189
214
199
188
200
213
207
206
203
172
200
207
183
174
190
181
201
200
167
192
202
174
204
210
196
196
173
228
211
212
208
205
189
209
182
170
186
205
202
161
189
201
222
175
192
211
185
204
211
189
187
180
194
197
197
191
200
226
220
224
193
198
197
205
215
224
220
190
189
196
208
222
193
199
181
191
187
171
180
192
195
211
181
192
202
161
187
205
192
213
196
221
175
190
192
204
198
160
198
177
201
184
196
180
207
197
199
196
203
196
188
164
190
206
189
188
209
197
219
203
184
170
210
179
200
188
180
183
176
184
188
199
203
177
182
174
204
201
212
186
174
206
202
172
177
186
181
176
193
196
193
189
184
200
191
188
186
209
200
185
200
219
192
190
170
182
205
206
195
189
209
182
177
186
192
197
202
197
200
183
184
191
192
202
163
191
204
188
171
184
192
168
193
190
209
194
203
213
206
209
186
189
200
183
180
178
201
216
190
190
177
194
202
200
175
188
179
186
186
200
188
178
174
198
183
216
186
202
178
179
224
209
179
190
163
187
181
175
201
148
183
204
208
206
186
181
192
189
168
197
180
195
205
175
193
192
177
184
197
175
166
168
197
182
187
173
196
198
175
186
203
184
207
188
184
192
190
182
176
186
202
182
177
174
185
185
168
194
182
192
192
228
190
141
220
192
207
183
178
199
178
167
194
187
211
173
179
172
192
169
177
188
175
191
210
204
162
190
179
177
203
191
175
209
207
174
222
193
173
212
200
199
182
203
197
192
182
165
204
182
224
203
210
183
178
178
183
189
191
200
175
180
195
217
191
170
189
158
183
211
181
181
190
199
179
188
169
165
173
194
204
199
196
194
182
158
193
177
183
172
159
205
205
175
193
178
198
182
203
179
177
210
202
196
205
182
198
200
175
181
181
183
165
203
199
184
199
178
184
165
194
193
200
183
193
180
179
177
171
206
218
201
189
186
188
190
182
175
188
182
188
173
198
181
171
181
217
184
194
205
153
190
195
171
168
187
209
198
178
169
189
180
182
182
177
193
200
175
195
209
186
198
199
180
195
175
182
189
179
183
200
179
192
183
173
189
182
184
179
182
203
189
207
169
199
198
186
162
170
176
191
194
206
177
185
184
192
194
183
202
189
165
211
184
176
201
204
221
171
194
180
221
197
218
195
204
195
193
168
185
189
161
214
190
176
179
205
188
191
199
197
188
189
182
170
159
209
193
177
182
167
214
183
199
178
181
170
190
176
182
184
193
186
179
169
187
176
203
192
180
199
184
177
170
185
199
185
208
184
168
185
174
198
179
165
187
189
188
180
211
198
192
198
182
198
176
168
205
187
204
192
181
155
187
188
176
195
182
198
190
190
181
177
205
193
225
187
197
217
178
185
180
202
178
187
189
176
203
180
175
197
196
170
167
188
217
204
190
192
190
210
195
167
193
213
216
183
165
209
167
192
195
200
207
163
192
173
182
190
177
219
185
178
237
180
205
186
186
194
190
167
173
188
179
196
200
165
180
192
208
207
225
164
188
204
177
166
176
178
189
171
182
201
197
190
194
179
200
190
195
188
195
202
180
201
197
200
180
189
181
186
175
191
190
189
194
170
203
182
189
182
175
206
184
204
174
170
196
196
179
191
165
199
167
196
178
194
182
196
179
172
214
185
172
159
175
184
195
190
179
211
191
212
202
159
179
190
182
184
178
203
175
222
218
176
206
169
197
190
187
189
186
187
178
201
184
210
183
172
184
214
198
181
157
199
198
192
190
213
193
191
209
212
224
194
184
191
178
169
188
167
171
172
183
196
181
199
189
201
194
212
178
209
193
207
195
209
215
183
190
199
179
182
188
210
171
184
204
212
189
197
200
189
190
193
219
215
217
198
199
166
225
190
185
201
204
193
168
178
172
193
229
190
192
185
190
190
192
180
216
195
181
193
194
188
194
176
176
198
189
202
175
211
185
175
207
176
192
179
192
177
187
208
182
184
223
185
192
194
178
207
190
189
192
219
172
202
184
176
183
170
189
198
215
200
193
188
191
195
192
207
194
208
180
196
186
202
193
209
152
198
177
180
184
208
192
167
175
181
232
172
190
184
205
184
217
224
189
205
218
188
185
184
207
172
190
214
211
198
204
184
184
193
196
193
206
181
182
204
190
224
199
212
195
206
195
185
198
197
190
210
176
190
208
215
203
171
180
180
201
175
199
175
202
205
179
170
215
199
184
208
212
215
171
200
203
187
195
195
204
195
181
204
188
178
200
206
201
200
182
202
204
209
203
178
209
194
190
170
222
199
178
211
216
195
181
228
205
195
219
203
210
219
216
169
220
206
194
201
174
208
213
200
192
209
196
191
175
196
217
196
166
210
197
203
187
201
212
188
209
209
182
194
197
199
200
221
216
200
195
231
171
209
220
214
212
202
210
186
186
192
197
178
209
237
204
204
207
187
181
210
220
192
191
196
219
200
210
214
206
189
188
217
220
192
198
198
191
174
201
207
204
223
206
204
202
196
209
191
199
198
185
190
184
196
201
214
214
201
181
204
203
190
199
202
205
187
180
174
199
221
202
208
190
208
220
203
243
209
214
219
218
245
219
244
211
220
191
252
215
211
203
203
195
167
186
187
212
188
221
191
228
217
173
179
218
228
199
203
194
216
193
199
201
170
199
210
203
238
215
202
211
209
199
200
208
222
219
222
197
206
191
172
204
208
197
217
213
205
190
186
183
203
190
209
218
223
219
211
203
243
180
195
200
203
219
233
191
206
207
216
231
197
202
214
215
225
225
184
205
201
215
227
210
218
194
232
204
223
203
200
213
221
216
221
206
206
220
195
200
197
197
199
222
202
214
201
206
191
229
216
213
219
180
190
204
219
216
222
207
210
217
203
199
222
241
196
196
216
217
207
212
192
204
212
204
209
219
210
204
216
258
195
200
205
230
221
207
233
210
215
212
234
194
182
194
202
209
221
213
189
216
196
209
228
206
237
218
188
191
236
212
199
209
217
211
229
226
220
187
190
208
210
218
224
209
198
199
214
208
193
227
210
209
230
214
204
203
220
224
209
231
209
198
226
187
216
250
227
217
226
236
209
220
191
250
222
210
208
230
209
228
213
229
197
202
238
228
206
193
236
201
219
214
222
229
211
249
220
230
218
210
226
204
223
223
212
231
215
212
216
213
221
228
263
232
218
217
221
198
203
217
208
204
228
207
203
239
228
202
203
206
225
228
207
237
222
204
221
207
218
222
213
217
211
236
213
226
202
204
213
215
220
224
227
249
233
230
224
216
224
236
255
235
242
206
249
258
213
235
208
228
201
224
210
229
201
219
230
246
240
232
223
214
237
202
232
215
223
229
235
224
236
238
214
235
224
250
214
225
223
232
225
217
216
214
254
228
221
231
222
238
243
211
234
251
199
222
224
228
229
254
249
261
229
224
259
208
239
267
205
239
227
229
226
251
242
237
216
224
249
217
257
256
233
262
224
217
214
251
223
234
226
231
229
272
253
233
246
241
213
239
252
237
217
238
250
250
219
231
215
220
252
245
213
232
254
245
212
252
233
237
245
233
251
243
241
245
250
252
248
260
246
262
250
240
238
218
234
234
219
240
260
222
242
257
222
255
247
227
248
246
255
248
244
265
244
244
223
248
255
213
256
256
237
250
237
225
232
233
213
230
253
219
251
211
237
270
234
248
251
257
248
220
238
212
234
259
243
215
244
230
250
247
239
234
260
229
233
251
235
210
273
234
228
243
238
274
276
240
260
260
268
244
274
287
237
252
270
252
244
253
242
247
242
243
239
259
242
243
264
236
230
246
239
270
275
261
260
293
264
234
280
273
260
262
268
265
265
257
255
235
245
255
223
221
247
257
248
275
254
241
257
247
270
277
243
260
239
249
226
256
242
253
250
284
269
275
255
277
242
256
250
232
236
226
250
277
256
296
252
241
292
224
250
225
237
262
229
226
289
272
284
244
268
247
258
282
256
255
260
258
251
265
281
297
266
294
235
257
270
229
242
249
267
237
254
241
223
251
263
215
263
254
281
228
276
251
270
247
279
275
263
246
253
263
259
264
272
252
282
271
270
254
253
247
252
292
270
270
239
271
262
262
249
238
263
265
252
234
227
276
265
262
245
270
270
264
228
255
239
250
259
277
253
250
248
260
268
228
252
270
241
259
261
234
240
260
247
245
245
253
226
229
244
245
234
231
225
227
245
269
245
248
231
214
261
240
238
228
240
250
225
255
231
237
240
225
211
213
216
218
207
240
224
217
214
225
201
233
191
192
208
214
207
213
250
217
222
188
222
203
208
201
205
220
207
197
219
222
200
207
197
220
206
201
216
184
187
206
201
193
201
202
197
199
231
183
182
177
194
210
200
203
210
217
207
207
211
208
224
210
183
193
238
203
176
230
188
222
209
194
188
214
201
211
204
190
180
190
204
209
198
208
197
212
206
192
212
211
202
184
188
192
203
190
207
207
204
185
185
184
209
165
198
191
188
210
199
215
217
181
197
187
174
209
209
220
223
188
192
174
180
201
220
199
202
209
199
194
190
179
205
208
204
232
184
198
180
198
192
203
229
196
205
182
200
208
186
196
157
176
208
186
166
200
225
196
204
201
189
183
195
192
173
207
190
169
195
175
172
198
197
180
188
202
183
196
177
207
214
206
167
200
189
200
191
183
197
188
180
206
185
193
194
200
189
162
187
198
216
211
209
200
192
180
185
209
221
188
207
204
223
191
209
194
190
200
169
182
183
181
211
198
187
189
188
216
201
184
186
184
176
187
192
194
192
205
191
161
194
188
199
178
208
173
211
175
175
195
172
192
186
188
193
202
198
194
182
190
171
176
204
170
175
175
192
177
173
206
197
174
176
169
182
198
181
179
187
194
181
179
189
174
189
163
191
200
166
185
197
179
185
186
191
191
167
172
175
179
191
192
199
202
167
188
177
178
169
167
186
167
177
180
185
193
189
181
197
206
193
180
193
143
185
178
172
201
179
206
146
182
173
184
192
179
187
206
181
186
175
188
154
182
190
182
188
157
179
187
178
159
174
183
175
192
176
181
165
168
198
164
202
193
176
174
182
204
184
180
170
176
169
210
176
174
206
192
173
190
200
185
160
189
186
168
173
177
150
195
168
179
182
179
185
166
164
189
204
189
171
208
170
188
166
164
163
165
166
184
188
192
176
168
205
201
181
177
175
172
164
160
190
179
184
165
172
167
162
188
175
162
187
170
160
165
154
164
168
172
158
173
194
171
189
181
184
197
208
172
170
181
157
184
199
176
185
153
194
158
169
176
183
166
170
182
183
180
174
159
179
147
188
163
154
199
174
188
178
194
177
178
172
167
149
179
176
181
160
162
206
157
162
161
188
188
169
183
166
168
178
172
175
183
202
144
189
171
148
157
185
172
181
166
190
181
184
173
182
193
171
188
180
189
173
167
148
161
166
169
169
173
208
163
178
145
188
186
177
175
174
168
152
186
214
164
193
155
183
176
201
166
170
169
172
170
162
155
176
181
173
161
177
170
156
155
178
173
169
171
183
191
164
173
152
166
176
162
172
178
193
179
166
164
190
188
179
145
171
196
168
152
183
167
156
162
168
180
144
158
203
157
176
164
177
148
202
179
185
180
170
193
169
169
172
163
170
175
180
173
171
164
173
169
151
171
178
149
144
152
176
178
161
186
159
161
171
146
180
163
186
169
180
202
189
164
176
173
171
198
176
179
161
174
166
176
186
162
155
180
180
180
173
157
170
189
183
169
172
174
164
201
167
172
177
152
150
180
174
175
166
165
180
173
173
175
183
174
175
175
149
166
175
184
203
186
190
158
168
172
172
172
153
184
159
149
178
167
191
155
174
178
172
162
150
187
173
170
196
181
155
161
172
160
169
157
185
179
171
170
151
157
172
153
175
182
184
172
160
145
150
144
151
171
187
167
174
149
170
183
143
170
178
162
148
183
141
157
160
164
147
176
165
151
154
145
160
154
159
167
155
145
145
145
149
136
137
146
151
146
127
120
143
153
108
110
150
134
144
136
131
135
138
123
137
121
121
128
131
135
120
135
137
123
122
123
115
133
144
119
130
123
107
113
111
138
111
107
116
129
133
114
123
94
115
121
124
114
107
121
100
109
117
115
111
124
131
114
126
114
107
104
102
102
115
119
114
97
109
124
96
115
118
129
130
119
98
110
101
94
121
124
117
114
124
122
116
121
106
128
118
114
122
109
107
102
113
112
94
103
132
103
105
104
102
142
127
92
113
106
109
103
94
97
100
94
110
100
101
92
99
93
94
109
85
103
101
90
95
103
99
92
90
107
110
119
87
99
91
119
114
105
86
103
103
108
106
94
107
97
114
103
108
97
96
103
94
100
96
115
100
77
101
98
92
101
93
86
103
111
94
110
102
94
107
94
120
97
105
105
101
117
108
114
86
123
102
121
128
124
144
107
135
105
128
117
125
106
141
138
115
131
122
141
133
127
115
118
124
134
145
111
131
117
120
135
131
137
130
136
153
135
152
168
158
148
156
157
141
121
159
152
128
146
153
161
155
155
179
174
171
175
174
180
195
179
213
175
217
225
189
225
214
204
212
236
228
259
262
271
315
359
517
695
1036
1541
2272
3169
4237
5272
6392
6967
7299
7047
6734
5828
4881
3863
3053
2352
1810
1492
1184
883
690
531
449
352
296
198
197
176
160
133
134
94
100
102
94
72
93
67
71
56
65
74
71
77
66
75
74
62
88
82
67
72
85
54
75
72
61
56
67
65
61
63
53
81
63
65
69
63
65
58
69
65
74
83
51
52
82
71
81
60
74
69
65
66
59
66
87
53
52
56
66
64
67
60
65
61
74
56
46
59
66
52
84
61
49
47
63
65
72
68
46
49
53
63
54
59
52
59
68
66
53
54
61
68
59
72
41
57
58
60
52
61
50
55
54
44
49
52
56
45
51
54
49
56
60
64
55
44
59
47
55
64
47
65
72
62
58
41
41
54
59
52
56
49
54
58
48
50
53
46
43
60
62
51
48
51
59
62
45
47
46
68
57
46
39
50
44
55
47
40
47
47
55
46
40
33
56
51
58
39
52
44
52
38
36
41
43
41
43
42
31
51
46
45
48
36
40
54
44
32
43
41
38
51
33
33
33
33
41
33
27
47
43
47
50
41
44
37
37
38
45
47
36
35
30
46
40
30
25
46
33
47
43
41
48
28
44
37
43
40
42
39
36
36
39
26
39
39
51
43
46
44
35
37
35
39
30
48
31
50
30
46
34
39
33
30
36
33
43
36
35
34
39
25
37
28
54
43
32
34
30
35
30
37
40
31
25
42
28
45
26
39
42
36
36
47
31
39
38
35
37
35
34
40
25
33
29
29
34
28
31
44
34
30
28
41
40
54
37
35
39
40
32
29
27
29
26
29
32
32
36
31
36
27
30
31
27
24
29
40
35
21
31
30
38
21
22
29
29
19
25
15
26
40
20
27
31
30
31
24
31
26
23
27
27
30
28
29
27
32
32
31
37
29
34
29
26
29
25
25
27
22
25
20
28
29
26
31
35
37
29
22
20
24
21
28
27
28
38
28
21
21
29
29
27
19
26
22
21
22
18
26
24
18
22
37
24
27
31
26
23
23
17
23
18
19
16
29
26
26
21
30
17
23
21
25
17
32
30
24
29
18
22
37
24
30
22
29
33
28
26
16
21
30
25
32
23
27
19
27
25
28
25
26
27
12
26
35
29
24
23
21
24
28
16
22
16
22
23
27
25
21
25
27
22
24
20
18
19
21
33
23
21
22
23
21
23
27
29
20
26
25
32
31
24
33
37
36
22
29
27
21
14
22
33
25
24
20
26
19
15
9
23
24
20
20
17
27
17
23
23
27
25
28
19
19
24
20
27
29
15
19
22
25
29
22
20
23
28
28
23
21
25
25
22
26
20
36
25
13
19
24
18
16
17
25
21
36
30
28
18
26
19
21
21
17
24
17
27
27
24
23
26
23
28
21
20
31
21
12
31
24
22
18
17
16
25
21
14
20
27
23
12
17
27
24
21
20
28
19
29
26
31
27
32
20
21
22
19
19
16
28
24
18
11
25
19
15
18
22
22
25
25
21
21
24
22
17
19
27
27
22
21
22
15
18
23
25
25
23
20
20
37
27
30
18
23
10
18
27
19
15
24
15
28
14
32
23
13
14
18
21
16
21
23
20
20
19
23
35
19
15
23
21
15
23
17
20
23
20
21
20
30
19
26
31
25
28
32
28
29
29
36
26
34
24
39
31
28
37
33
32
28
40
31
30
42
42
29
47
40
56
40
47
45
47
43
52
47
49
46
45
49
64
62
61
56
76
55
72
54
52
60
61
64
61
70
55
76
63
63
68
83
57
73
84
72
76
74
86
67
68
83
96
101
89
92
103
123
103
98
110
120
106
120
126
140
138
156
171
170
150
152
186
184
232
240
299
447
729
1051
1538
2262
3081
4083
4802
5428
6156
6354
6539
5787
5085
4343
3528
2704
2230
1629
1252
932
758
609
469
335
267
212
161
152
110
82
51
51
34
30
32
23
15
24
19
13
12
18
14
12
15
9
7
11
10
13
11
8
8
12
13
8
9
11
10
5
5
13
9
13
11
6
6
8
13
6
10
6
8
7
7
10
8
6
7
14
6
4
6
8
9
10
7
4
4
8
7
9
5
6
6
5
4
3
10
8
9
9
5
4
12
7
6
7
7
6
4
10
4
4
6
10
8
6
5
10
4
9
7
7
6
8
8
9
4
4
7
7
7
6
7
6
7
9
5
6
8
10
12
5
10
5
10
6
2
8
6
9
6
9
5
6
5
4
9
1
6
10
7
3
6
6
3
8
8
4
11
4
6
7
5
2
6
5
4
3
4
3
7
3
4
4
10
4
5
11
6
10
6
10
5
8
3
8
5
8
6
8
3
3
7
6
9
7
4
7
8
6
6
7
8
9
5
2
5
7
7
4
4
9
6
2
6
9
9
4
6
11
4
6
5
5
5
7
8
11
3
5
6
10
1
3
7
7
6
7
7
8
6
8
7
5
2
6
3
7
3
3
8
10
4
11
7
3
2
10
8
9
6
2
5
6
5
4
9
6
8
9
7
4
6
5
4
6
8
6
7
9
3
7
4
10
3
4
8
7
5
11
6
9
9
7
8
6
1
8
10
2
5
6
8
7
8
4
9
4
4
6
6
5
4
5
4
9
6
5
7
1
8
5
5
5
5
4
7
7
5
12
6
3
8
6
5
2
12
5
5
4
9
5
4
9
4
5
8
6
8
2
8
2
8
6
10
8
4
2
3
3
5
2
6
4
4
7
5
6
7
4
4
4
5
3
6
7
11
1
9
6
5
7
3
5
6
7
2
6
12
4
2
3
8
4
10
7
6
3
5
6
3
3
2
10
5
8
8
6
5
9
3
8
2
4
4
11
4
4
1
8
3
6
4
5
6
5
5
7
1
11
8
5
6
1
6
4
3
6
9
2
7
2
6
6
9
4
5
6
7
3
4
4
0
4
5
4
5
1
8
7
6
2
10
4
7
7
2
1
2
8
4
7
3
8
5
10
6
4
3
1
6
2
5
9
3
5
2
8
5
8
7
8
5
9
2
7
4
6
4
8
3
3
4
5
1
5
5
4
6
7
5
5
4
3
3
8
4
5
7
6
5
7
2
4
3
6
4
3
5
4
4
3
2
4
0
3
6
7
7
1
8
6
5
4
5
2
6
7
3
5
7
6
4
3
5
2
6
5
6
5
9
4
5
3
7
8
5
4
4
4
5
5
6
2
2
3
9
5
2
5
4
4
3
3
7
5
13
8
6
1
6
6
5
8
9
6
7
4
6
4
5
8
7
5
4
9
9
7
6
6
6
4
6
5
4
8
2
7
6
1
5
4
2
7
6
8
3
9
8
2
5
2
6
5
7
8
11
8
8
12
18
21
16
38
24
40
38
47
40
40
50
38
43
33
30
19
21
19
12
13
3
11
7
11
6
6
7
3
5
3
4
8
5
8
5
3
6
2
2
5
9
4
5
4
5
2
6
3
6
5
2
6
2
1
3
5
4
3
3
3
2
5
6
2
4
8
3
5
3
6
4
4
2
8
7
2
2
7
5
3
6
3
1
4
5
4
4
6
3
4
4
6
3
7
2
5
1
6
5
2
2
4
3
7
7
3
6
3
3
4
6
4
5
4
2
3
1
7
4
5
4
8
2
6
5
2
6
3
2
2
5
5
2
6
7
0
8
8
5
7
3
5
6
5
6
5
6
7
8
6
3
3
3
4
6
3
3
4
1
5
4
4
4
3
3
2
7
4
3
1
2
2
2
6
2
8
2
5
3
4
6
2
3
2
1
4
4
2
1
5
2
1
4
3
5
6
7
3
5
1
5
4
2
4
4
1
4
2
2
1
6
4
1
3
5
4
3
8
3
4
1
5
3
2
4
1
2
1
5
4
5
2
6
7
5
4
5
4
5
5
3
4
2
1
3
5
7
2
3
3
10
6
3
6
4
5
8
2
6
3
6
6
4
9
4
3
7
3
1
6
3
3
5
2
2
4
2
6
5
1
3
2
3
3
2
2
5
3
7
4
4
2
3
4
5
5
3
3
3
3
2
3
4
2
2
6
2
5
7
6
1
5
2
2
1
2
2
2
7
1
2
4
5
4
2
5
6
5
1
2
5
4
4
1
1
3
2
8
2
3
7
6
8
2
6
3
2
6
4
1
0
2
6
3
4
1
4
3
5
6
3
6
1
3
1
3
3
2
7
2
2
7
3
3
3
1
4
4
3
2
3
3
2
7
6
4
7
4
7
1
3
1
2
2
4
4
0
4
3
4
6
4
0
6
6
5
5
1
8
3
4
3
5
2
3
6
6
2
4
4
4
3
2
4
3
5
6
3
4
4
3
4
4
5
7
4
5
2
6
3
5
3
4
4
1
3
8
2
4
3
6
4
4
2
5
3
5
4
1
1
5
1
1
3
4
2
4
7
7
6
4
2
4
1
5
3
4
6
6
3
3
0
2
5
3
5
7
4
2
3
0
4
2
0
2
7
4
5
1
2
8
4
2
5
3
2
1
5
1
3
5
4
3
7
3
4
4
4
2
5
4
1
3
3
0
1
4
2
4
3
2
4
4
1
4
0
2
7
2
6
3
4
6
3
2
4
1
3
1
3
2
1
2
3
2
5
5
4
2
5
2
2
2
2
4
3
2
4
3
3
5
0
3
3
3
3
5
3
2
2
6
2
4
5
1
3
5
1
3
2
4
4
2
0
4
5
3
3
5
1
2
1
5
5
5
9
4
9
5
5
4
4
8
3
6
2
3
1
1
3
4
3
6
4
4
2
2
4
1
4
2
1
3
5
4
4
2
2
2
4
3
4
5
0
3
2
2
3
5
3
6
2
1
6
2
7
3
7
1
4
5
3
8
3
2
5
4
3
1
5
2
4
5
8
9
4
1
2
1
4
4
4
4
1
3
3
3
3
5
6
3
1
3
4
1
3
1
3
2
2
3
3
5
4
0
1
2
5
2
4
2
3
1
5
64
65
67
57
73
46
73
62
58
54
66
58
50
67
64
61
61
71
50
68
60
60
62
50
55
57
60
55
50
46
54
54
49
72
46
65
56
63
62
57
62
59
68
48
55
61
52
45
61
68
57
60
64
64
72
78
69
56
50
49
54
63
62
58
58
77
70
73
64
61
65
55
52
54
60
57
63
48
75
55
51
50
58
45
53
67
50
60
64
53
43
58
67
52
43
51
53
57
57
58
52
67
59
67
49
57
50
69
55
53
50
50
57
51
52
54
57
54
53
61
49
58
50
49
58
53
71
28
