0
0
0
0
0
0
0
0
0
0
0
0
0
0
0
0
0
0
0
0
0
0
0
0
0
0
0
0
0
0
0
0
0
0
0
0
0
0
0
0
0
1
0
0
2
1
2
1
0
2
2
4
4
3
5
2
6
4
2
6
4
1
9
7
7
3
11
13
11
8
10
16
11
14
17
27
25
31
30
41
40
45
56
55
60
89
76
82
90
95
121
131
136
175
199
223
262
302
320
331
372
428
444
557
635
662
776
851
784
717
711
576
401
186
94
92
93
105
127
121
140
143
149
166
195
217
260
234
256
272
295
304
319
296
313
333
297
298
278
243
220
192
150
146
127
152
146
173
183
191
211
226
174
257
265
259
303
263
252
272
225
215
229
182
184
148
176
182
179
190
237
243
251
265
265
265
224
225
193
216
210
199
194
178
181
183
224
205
259
235
229
242
226
223
207
199
178
219
195
162
217
215
234
239
248
233
253
255
217
220
209
214
183
191
243
194
207
228
262
248
217
269
255
204
225
207
211
181
218
221
221
224
252
260
258
250
220
216
210
230
234
205
212
222
223
232
222
228
210
236
248
257
238
230
263
208
220
240
240
218
210
222
223
232
224
210
251
229
232
228
240
244
245
255
238
240
246
230
234
224
227
251
247
256
231
237
226
249
243
212
267
242
271
250
271
256
230
213
275
243
240
231
255
257
223
251
254
257
261
257
227
269
267
272
262
241
288
233
274
254
272
248
268
274
261
278
275
276
263
246
272
275
256
270
245
250
236
256
260
281
272
276
245
249
242
283
306
267
264
270
277
262
252
289
296
284
270
264
290
264
276
259
282
264
265
252
261
285
233
299
302
265
263
265
279
252
276
276
284
286
263
276
282
262
302
323
265
296
268
278
311
278
292
309
275
323
315
291
298
292
283
244
277
283
305
304
320
313
271
309
309
311
277
274
292
318
309
289
257
283
280
277
316
275
264
294
284
298
279
316
295
297
263
255
313
278
309
298
318
299
278
314
290
310
312
285
303
309
313
283
281
303
318
320
299
287
316
305
282
281
284
276
277
285
341
310
312
321
300
317
297
298
288
298
287
309
310
297
317
306
294
317
299
278
294
303
305
284
347
312
315
292
286
315
308
297
317
267
340
296
329
317
292
319
290
290
298
310
297
312
255
286
335
309
300
301
272
276
306
316
296
269
325
305
285
306
325
298
315
288
316
281
284
303
322
316
290
303
290
330
298
332
290
288
328
299
320
318
349
325
294
313
327
293
298
302
304
291
326
323
302
290
312
315
254
242
295
310
323
291
308
326
302
293
296
304
324
299
284
287
304
333
310
292
250
320
285
271
300
310
301
311
311
280
283
301
324
307
290
288
272
296
271
317
306
280
294
325
309
292
291
298
297
292
288
273
315
288
273
265
290
280
254
262
297
314
267
284
265
297
282
288
245
236
259
249
264
287
257
260
308
266
311
306
324
278
263
274
281
260
251
287
247
301
275
255
281
266
261
266
268
252
266
285
293
236
272
279
266
251
266
274
254
258
240
275
295
290
238
286
285
293
292
271
261
264
273
274
270
280
284
265
269
271
258
257
263
266
236
230
272
241
292
279
272
227
287
252
265
274
275
268
265
256
265
268
246
258
258
273
263
247
237
269
235
247
232
263
250
229
263
280
236
221
247
249
261
224
238
233
239
241
240
231
242
242
259
248
241
242
234
245
270
233
275
239
258
238
247
264
239
224
248
231
249
240
269
275
241
261
211
278
223
256
252
243
242
250
219
258
253
251
237
208
244
239
240
256
284
252
243
235
236
231
263
251
243
222
262
258
229
232
220
227
238
250
220
224
268
250
249
258
235
213
219
220
259
216
205
215
237
243
238
277
251
249
236
261
251
218
232
220
237
256
187
224
223
226
245
225
248
230
242
243
245
243
243
245
237
213
245
232
252
248
267
250
237
224
236
231
249
230
227
244
208
200
240
239
235
223
258
220
255
238
245
227
222
234
219
255
242
209
209
262
211
244
225
235
247
241
245
249
257
210
237
226
226
240
223
210
219
226
215
213
233
200
240
223
205
239
240
250
240
219
214
196
203
255
223
225
237
233
221
243
218
219
201
228
214
212
236
215
218
219
193
245
232
251
230
200
229
234
162
224
220
241
217
217
214
220
208
216
223
198
231
225
238
239
214
216
229
213
193
223
222
220
226
237
234
198
225
247
222
217
240
235
227
228
237
229
227
224
235
211
230
226
234
254
240
241
232
261
235
243
242
221
242
227
228
215
268
239
228
246
246
250
248
237
271
240
236
255
268
241
253
245
262
234
218
225
238
256
276
259
246
246
242
216
232
210
214
230
275
243
246
215
219
220
214
244
248
256
240
215
225
234
195
200
231
217
203
203
222
239
217
216
222
224
211
195
213
230
216
208
195
234
218
219
203
216
221
194
218
190
214
220
223
209
184
183
176
208
203
187
217
221
194
197
204
224
201
201
218
206
211
206
191
200
191
192
185
169
230
205
193
191
179
194
193
212
190
176
198
178
193
210
207
192
192
181
184
152
218
185
176
198
189
205
204
226
212
260
200
202
196
198
180
191
180
185
174
193
166
184
186
175
181
184
164
155
188
194
201
200
203
165
194
181
178
187
182
167
180
180
171
180
178
201
181
185
161
186
189
163
197
168
175
172
180
188
186
179
168
154
170
173
150
199
176
181
176
172
193
167
177
151
177
191
190
174
184
180
183
201
187
166
165
174
183
183
181
169
178
148
185
186
175
179
165
168
148
153
163
188
184
171
177
179
148
163
177
186
174
184
169
155
149
166
159
168
168
182
169
161
151
175
181
176
167
144
167
164
154
153
159
160
158
162
185
164
195
176
177
169
179
169
167
170
165
163
146
167
184
148
148
156
136
175
207
180
183
148
178
167
161
143
158
194
140
170
176
154
144
166
169
165
164
162
170
126
148
155
162
153
148
161
191
153
149
156
173
160
159
157
173
154
152
172
157
165
148
155
153
169
141
131
160
158
175
183
163
139
174
167
158
151
142
152
152
159
158
157
168
131
165
164
154
185
148
161
153
128
167
147
168
158
161
158
160
170
165
158
145
158
142
163
178
167
155
147
152
151
138
154
161
154
168
145
144
173
167
158
156
157
159
167
152
183
162
146
149
142
136
158
155
144
149
173
147
142
158
142
150
155
151
149
157
180
158
147
135
145
154
153
151
154
161
177
143
137
148
140
144
164
141
152
146
166
151
144
151
168
146
152
136
165
150
151
165
154
127
134
138
161
138
158
156
168
125
132
133
166
121
152
122
144
162
160
127
124
124
150
140
148
160
135
135
129
146
155
149
134
149
168
148
138
167
149
151
152
135
178
127
126
137
169
129
143
142
156
137
137
127
156
156
174
156
146
163
144
163
152
155
135
156
154
148
142
151
153
146
146
139
138
146
131
132
157
143
136
138
148
136
138
147
140
129
139
113
140
150
141
145
141
162
149
152
143
137
129
127
130
129
144
146
139
129
118
138
133
159
131
119
134
163
150
159
162
143
131
126
137
145
150
137
135
147
131
142
118
145
134
146
129
141
127
142
144
158
140
137
128
117
144
140
150
151
155
130
140
144
132
140
116
135
131
121
128
145
127
112
125
150
128
138
124
124
147
155
141
136
167
144
147
135
144
105
146
131
128
140
141
107
135
151
118
137
117
139
153
134
135
122
131
156
144
139
135
140
159
157
147
134
151
141
144
141
155
151
157
137
99
145
137
136
120
112
115
141
142
136
130
148
133
133
142
108
131
123
139
128
121
123
165
139
115
139
124
116
132
124
114
136
119
147
130
122
121
152
137
109
122
140
125
143
133
139
127
146
113
127
115
130
131
150
138
139
170
146
146
166
151
174
154
135
134
136
115
132
122
103
126
142
118
147
136
141
136
140
139
132
132
137
116
133
142
112
135
138
121
136
146
124
134
132
133
112
144
133
135
146
131
130
121
115
127
133
129
120
110
120
138
130
131
127
121
121
122
124
123
125
116
131
138
123
117
122
130
159
122
129
135
102
106
120
132
117
97
113
107
140
124
120
129
119
117
119
109
120
130
126
114
128
134
110
126
121
141
118
112
128
102
123
133
130
130
130
121
137
131
161
107
127
119
112
101
149
115
121
126
103
124
117
99
120
114
120
128
120
133
117
119
122
112
126
122
131
128
134
121
106
117
128
113
111
125
111
120
132
124
122
123
113
133
104
122
118
130
125
113
114
118
113
125
138
113
131
120
118
109
105
111
133
126
122
114
118
133
122
138
111
113
118
100
131
117
107
113
123
110
122
133
118
124
120
105
118
125
118
103
108
122
121
125
124
119
113
117
113
115
101
125
123
99
132
91
119
123
120
118
111
106
124
104
123
101
122
120
101
131
135
104
91
122
123
117
103
130
122
98
116
112
115
130
110
105
92
95
118
113
121
79
104
114
92
112
114
106
128
115
122
112
98
110
125
109
118
98
139
111
124
113
128
109
107
120
121
123
120
102
120
132
127
113
106
102
113
111
113
112
131
104
124
112
114
95
117
105
126
123
99
109
128
104
99
116
119
117
119
117
93
110
112
115
116
122
114
113
114
123
111
106
125
108
106
109
132
117
114
103
103
103
116
109
108
104
107
102
109
117
111
115
115
108
91
116
85
98
116
131
108
115
129
103
107
91
106
109
120
121
111
99
97
104
117
107
117
108
100
141
95
121
117
89
94
131
106
94
131
93
103
105
99
121
107
115
116
128
100
104
106
106
102
103
110
106
105
124
108
116
98
103
101
110
109
119
103
107
90
112
118
99
114
105
117
96
98
110
121
125
113
110
108
109
117
111
107
108
117
109
110
100
120
98
110
111
127
99
112
129
104
101
103
102
99
102
107
112
103
111
97
87
121
97
105
100
93
108
110
110
104
119
109
116
117
93
119
98
100
121
116
98
97
95
102
120
109
109
96
114
123
121
108
107
106
103
89
118
99
111
106
96
98
97
90
113
107
113
111
86
92
92
104
106
114
103
103
91
104
88
81
120
105
102
131
117
86
105
111
113
118
98
107
99
119
105
95
106
95
101
100
81
113
115
107
107
99
119
95
110
100
118
88
102
111
94
89
98
105
103
110
102
103
99
88
116
98
112
128
108
97
102
143
108
117
121
103
106
119
125
94
106
95
97
102
91
100
126
95
101
98
101
107
101
118
107
119
94
82
84
74
77
87
99
85
107
116
94
103
98
88
114
89
86
92
101
108
107
80
87
118
94
102
105
114
95
103
112
114
99
104
98
112
117
95
105
96
90
81
101
100
110
110
116
79
98
89
110
102
112
110
105
116
106
74
104
118
119
101
103
107
93
111
114
97
109
98
101
100
104
94
115
98
97
123
110
95
103
99
104
108
97
107
87
94
97
99
101
99
115
119
99
121
82
85
95
95
118
98
115
100
75
99
90
95
107
101
97
109
99
97
86
97
91
102
87
87
99
87
99
92
97
105
103
89
102
118
90
93
107
109
95
90
76
96
111
107
98
79
117
131
95
89
95
109
105
89
101
118
90
87
104
115
91
100
106
108
109
107
91
90
88
95
82
93
104
114
96
87
104
112
110
94
107
106
120
100
101
97
105
98
94
103
93
98
95
101
95
92
99
96
97
112
101
105
101
92
104
87
118
99
108
82
102
97
112
101
110
109
115
108
113
110
119
140
137
156
123
130
124
146
132
136
136
139
106
121
102
96
107
110
103
81
110
93
94
90
98
115
109
105
93
98
90
86
107
97
84
102
109
92
111
108
80
99
98
93
90
104
80
96
109
82
82
82
117
114
102
96
85
79
91
79
106
101
96
107
99
100
107
90
111
101
97
90
105
102
91
94
93
85
93
96
95
103
105
86
117
96
95
102
95
95
103
80
90
96
95
98
92
99
83
92
101
91
91
100
113
85
96
93
92
94
94
92
91
100
84
99
83
84
104
91
89
84
93
94
104
83
82
83
102
97
95
80
96
104
89
101
93
107
94
106
101
96
115
90
91
90
83
94
94
82
96
111
87
90
90
76
83
101
93
92
96
90
89
124
82
103
96
93
98
93
90
96
99
89
95
92
106
85
94
86
108
110
89
86
90
108
90
92
91
103
94
95
84
86
104
106
100
97
92
78
94
103
85
88
74
101
81
84
89
95
99
110
82
81
88
102
96
82
95
101
100
87
113
84
98
90
105
95
109
103
103
99
100
116
89
111
95
94
80
89
94
92
96
81
106
85
83
103
95
80
97
85
92
91
88
93
74
82
97
96
92
105
108
84
90
86
99
88
79
118
88
108
86
88
99
93
102
96
102
98
93
99
102
99
105
99
79
113
89
94
99
96
85
80
95
99
114
82
91
100
87
78
104
89
91
100
80
120
97
99
101
91
97
77
94
88
100
101
95
89
95
72
108
95
102
95
91
78
93
91
88
104
93
102
92
83
93
102
82
116
101
91
89
89
97
89
97
91
90
114
78
99
92
77
92
105
78
120
102
104
87
72
96
94
88
76
95
93
77
108
103
93
90
114
118
113
106
104
99
83
100
101
96
107
88
91
97
87
94
90
78
84
111
101
99
100
83
87
109
79
89
91
88
105
72
78
96
106
82
107
119
87
84
92
88
89
87
95
102
107
97
90
97
91
95
93
73
93
79
83
74
94
91
87
101
90
84
87
79
120
90
94
94
83
97
84
95
80
75
83
86
87
91
81
85
98
88
82
77
101
102
85
82
85
91
93
83
91
81
94
74
101
91
81
101
83
88
66
101
84
102
106
81
85
73
97
83
92
89
78
84
91
81
89
92
99
80
102
96
92
88
80
102
90
111
104
102
101
105
102
96
90
103
90
108
108
96
92
89
75
85
81
82
67
79
88
89
78
89
99
87
86
90
82
97
98
81
83
85
93
90
96
91
96
100
88
81
94
90
92
105
87
91
83
96
84
77
88
98
66
89
86
92
93
97
70
100
89
116
102
86
83
87
87
96
85
90
91
82
91
90
84
92
89
96
73
93
106
97
83
83
91
89
90
82
94
94
77
82
87
80
91
80
84
78
67
85
85
83
79
86
119
86
88
85
91
78
85
78
84
85
82
84
88
109
87
87
101
91
98
79
86
91
85
87
87
73
84
84
90
95
89
70
82
82
78
82
72
88
66
65
77
85
90
103
101
79
80
82
84
83
94
87
83
88
71
82
67
85
93
97
81
77
87
82
82
87
87
86
94
79
90
94
82
81
87
76
70
95
77
79
71
102
87
85
92
81
80
74
100
88
76
80
85
96
89
91
75
90
83
104
92
89
103
88
106
87
74
83
88
95
85
79
77
102
85
87
98
79
83
69
71
92
86
87
82
99
95
99
69
100
72
103
83
78
79
82
81
74
85
73
75
88
88
79
86
79
79
100
81
94
79
88
73
82
91
99
75
106
92
75
91
78
66
81
87
75
89
79
81
84
76
94
102
80
78
81
81
76
101
83
84
79
78
88
100
98
85
88
98
99
81
74
105
96
68
84
84
86
80
93
81
87
85
82
87
72
69
87
103
114
67
71
74
85
66
77
93
72
89
78
88
86
81
83
92
85
91
90
75
92
83
97
67
93
112
105
67
76
73
104
92
107
88
93
86
94
85
88
76
100
96
86
93
87
76
78
84
90
85
89
77
87
79
94
78
65
89
87
75
97
73
77
85
98
88
78
88
76
70
103
93
75
77
81
84
80
91
78
104
81
75
85
97
79
94
89
93
78
81
78
65
79
99
95
84
81
84
87
74
90
70
77
96
92
88
76
90
83
74
92
75
81
81
77
90
82
75
76
77
97
92
82
65
98
98
104
79
101
75
81
75
81
97
95
75
83
77
93
68
117
86
92
69
88
81
79
98
99
105
81
82
87
66
87
86
88
94
93
73
96
105
87
86
95
67
66
100
93
75
90
82
86
96
91
75
86
87
93
76
79
78
69
87
92
65
76
65
76
82
87
88
90
85
83
84
99
81
84
85
73
73
70
82
94
85
75
59
83
88
82
84
96
92
71
81
76
82
95
77
74
94
68
83
79
77
87
99
80
81
71
73
73
71
87
65
88
97
75
80
86
83
87
76
79
87
89
80
89
86
76
63
95
92
84
83
76
77
71
95
94
74
64
87
78
90
95
94
90
83
77
87
79
72
60
83
76
76
79
84
79
76
85
81
89
73
95
94
79
82
101
75
82
93
84
99
79
81
71
81
64
66
90
86
82
76
83
94
83
74
84
97
96
83
97
81
87
77
104
64
86
73
70
77
76
92
83
73
80
70
89
73
89
82
74
75
109
82
84
68
101
90
86
89
75
84
84
65
90
77
67
71
76
81
85
92
103
80
62
73
79
86
78
49
73
90
77
76
92
88
85
79
84
88
75
79
77
83
93
80
87
86
98
85
76
86
83
85
80
74
98
75
78
79
90
83
72
77
81
85
81
73
68
89
76
86
75
84
97
75
61
85
89
71
77
88
87
77
87
73
75
63
80
80
89
60
87
78
84
67
81
61
85
71
88
68
90
86
72
93
83
90
76
99
88
84
77
81
72
76
81
79
80
77
76
87
80
80
91
79
79
96
69
71
82
73
73
80
66
80
65
78
87
81
89
73
81
78
93
70
75
84
102
110
79
78
88
104
95
76
87
79
74
98
77
88
90
69
102
80
79
84
76
88
84
68
65
73
77
76
92
81
84
71
74
90
83
78
90
84
72
78
68
75
69
85
80
83
85
87
90
73
85
83
97
69
74
101
81
71
82
72
73
95
81
77
83
85
78
58
72
97
92
86
84
96
91
94
86
80
73
90
90
102
85
93
82
94
79
83
64
86
89
67
92
90
75
69
86
78
89
82
85
74
89
84
75
62
76
78
94
73
74
94
76
73
99
75
88
81
85
92
91
87
96
69
94
76
76
78
71
79
77
97
99
60
87
100
100
94
91
85
85
83
81
91
80
94
81
80
83
78
70
88
73
86
87
95
68
77
90
88
92
99
82
82
77
91
69
90
78
68
91
70
70
85
88
81
76
88
92
94
78
91
88
84
73
87
79
74
81
76
85
78
81
66
68
85
88
71
83
89
87
93
89
82
98
97
77
83
79
76
72
84
81
75
86
76
79
75
79
77
100
85
80
99
78
89
85
81
91
92
82
82
82
80
85
96
89
79
77
85
90
77
88
80
76
69
61
80
86
80
64
84
94
76
98
93
84
77
96
92
81
94
77
97
81
69
77
78
77
70
69
80
87
88
76
79
76
88
89
102
84
94
99
86
95
75
81
76
84
94
81
107
78
93
70
96
78
73
83
93
82
85
91
71
80
87
88
82
73
86
83
110
83
70
69
95
73
70
67
89
88
80
85
87
82
78
100
91
91
94
79
68
90
67
78
93
81
78
88
75
71
68
71
89
99
112
95
88
82
74
97
82
78
82
73
88
90
75
71
89
67
91
88
84
81
75
82
87
67
85
89
86
98
71
87
87
71
86
105
96
101
90
78
92
98
78
72
90
98
72
96
98
87
72
97
88
80
86
107
86
85
73
93
80
86
85
87
87
93
84
95
75
87
85
82
91
105
97
82
75
87
74
81
85
88
83
70
100
89
85
71
75
81
88
93
71
69
91
93
73
63
88
76
82
93
74
78
75
93
77
83
91
86
70
80
84
77
91
117
79
94
69
71
77
95
66
83
80
80
79
77
84
91
70
97
88
71
94
75
86
85
82
89
79
75
87
95
67
94
93
90
85
79
86
83
84
85
97
72
82
88
89
77
77
75
78
96
81
82
75
85
75
79
91
90
83
76
80
87
78
84
63
96
85
80
75
74
85
95
89
103
66
96
75
88
81
96
94
88
87
90
97
84
83
99
91
71
92
107
103
86
94
76
67
78
105
94
84
73
84
70
90
86
88
84
92
87
93
93
96
72
78
87
83
105
89
84
64
111
84
93
85
84
81
86
90
80
94
98
86
79
86
75
79
93
101
76
84
79
99
101
85
93
112
78
73
96
79
95
98
80
90
96
94
91
94
77
80
65
97
76
81
102
92
82
99
117
93
88
81
109
82
80
92
81
86
94
90
85
98
99
102
114
87
101
86
91
89
83
92
96
96
101
92
98
91
91
91
92
106
93
93
90
89
94
85
87
100
78
92
88
111
94
87
83
97
91
93
84
97
95
87
80
69
85
88
100
91
90
86
98
91
98
91
108
89
89
93
91
86
95
88
82
94
79
82
108
109
101
83
80
101
100
76
97
81
102
90
84
105
82
100
85
93
86
88
117
78
107
100
81
78
74
95
94
94
114
94
97
97
91
85
110
104
101
98
108
113
108
95
84
96
102
87
83
99
85
83
98
97
89
102
88
83
90
72
92
87
96
98
77
106
107
92
105
80
87
84
87
106
118
103
97
107
78
121
99
99
92
97
88
86
107
93
81
87
94
83
95
90
96
84
97
97
117
91
86
83
99
92
94
118
107
106
109
101
111
95
108
94
99
80
135
106
101
111
85
93
116
93
93
94
102
83
125
98
106
90
92
89
98
107
81
101
100
97
98
81
88
92
98
103
103
107
95
90
110
128
88
92
93
111
109
92
88
99
94
109
89
86
98
94
105
103
92
105
92
113
106
114
95
79
104
96
82
93
102
88
99
105
108
118
93
100
99
90
89
84
104
101
81
93
84
110
112
95
119
87
109
111
92
112
107
82
86
94
115
88
108
99
101
89
95
115
98
118
109
97
128
104
106
113
82
105
97
107
93
105
92
113
105
110
97
97
96
97
102
111
92
106
108
103
95
97
102
101
108
105
98
95
104
89
103
103
88
113
109
84
101
107
94
108
102
102
100
107
87
92
90
110
101
104
90
105
102
93
103
90
83
79
82
84
103
95
108
110
94
88
102
90
95
100
87
100
84
77
92
94
99
89
96
94
116
103
93
90
89
92
86
82
88
78
91
77
92
68
87
56
87
83
84
80
88
93
80
73
82
94
95
74
93
101
90
76
90
95
77
82
77
79
105
79
64
78
78
87
76
74
85
83
41
79
87
78
82
78
84
97
81
71
86
67
87
81
79
82
73
96
80
66
81
75
72
78
53
82
84
75
76
74
80
80
73
62
92
71
68
73
87
90
70
74
71
71
72
76
91
79
75
80
66
82
89
73
66
72
66
77
102
59
78
79
80
73
80
92
69
74
76
67
62
76
77
76
68
57
81
101
79
74
57
75
80
55
72
71
75
78
87
91
71
61
74
78
72
77
71
87
66
74
90
65
70
66
64
72
82
70
78
74
73
70
84
71
82
79
77
80
73
83
60
71
84
76
77
64
80
67
63
75
63
81
77
80
71
63
75
82
72
73
69
82
84
81
90
65
76
65
69
79
72
92
64
89
69
79
75
72
71
65
60
90
89
73
63
63
75
70
69
84
77
68
79
70
53
77
66
72
81
69
54
82
82
64
77
65
71
86
66
67
71
70
66
65
81
70
71
68
69
63
77
68
77
75
75
62
68
73
64
69
73
55
70
76
59
76
83
76
73
77
79
64
80
67
65
87
89
63
87
73
76
78
75
70
73
64
66
71
72
68
65
86
68
61
73
73
74
80
63
79
71
68
76
69
75
64
86
64
70
76
63
62
80
66
61
72
73
61
79
58
93
64
93
62
87
70
61
60
68
69
73
76
63
66
82
74
63
66
83
65
67
71
68
63
80
77
65
68
76
68
68
68
76
75
70
66
54
71
52
71
70
76
83
60
72
64
74
66
86
79
72
70
68
64
84
66
64
63
53
73
68
64
78
87
52
71
63
62
79
67
59
67
72
75
76
76
68
72
68
58
65
95
72
69
64
61
68
51
67
67
85
58
70
67
57
75
64
74
86
64
82
70
66
62
53
68
64
79
78
65
69
72
62
71
63
68
72
82
66
61
66
73
71
72
64
57
66
54
59
65
77
57
68
80
61
65
49
73
64
59
54
67
71
64
55
58
72
66
72
61
61
77
61
65
66
61
70
72
70
81
56
53
84
74
75
72
75
75
70
66
81
51
64
64
67
68
61
67
74
82
69
79
77
57
64
64
79
67
75
63
66
57
60
73
64
50
55
70
61
67
73
74
71
70
67
74
79
71
59
62
58
58
66
75
54
59
71
66
69
64
71
77
59
68
66
58
73
70
64
50
68
67
68
71
50
56
62
66
65
73
85
60
63
62
66
55
85
55
56
55
71
64
74
70
68
65
65
54
72
69
55
69
71
63
63
56
52
76
62
58
54
59
65
50
57
61
64
76
71
68
64
54
63
63
73
70
76
60
83
72
59
91
76
66
69
73
66
75
61
70
72
62
61
75
53
56
59
60
60
71
53
53
66
66
71
66
64
70
56
66
75
56
63
68
61
52
58
78
48
70
62
67
56
74
72
79
70
70
58
64
69
74
67
49
69
49
65
61
78
64
64
69
61
76
77
71
73
59
64
59
74
60
69
64
77
60
58
79
72
69
70
55
63
57
66
69
57
73
88
70
70
55
55
65
67
56
74
66
61
67
70
69
57
76
64
63
66
68
72
61
67
57
70
52
78
72
68
68
61
87
80
74
60
80
69
56
59
55
54
69
69
53
71
67
62
63
59
64
73
62
63
60
62
70
48
54
68
67
56
55
64
68
56
69
64
54
51
64
56
67
63
69
60
62
47
60
77
62
71
56
64
59
57
64
58
47
42
53
49
47
55
67
54
57
49
66
48
54
58
41
82
55
55
63
58
64
47
46
53
39
47
56
56
41
54
44
50
50
45
37
59
37
42
53
51
45
52
48
44
51
53
53
41
46
46
53
35
41
42
34
42
45
47
48
32
46
43
40
49
48
48
38
39
52
46
48
39
48
40
35
39
36
54
34
37
36
41
39
36
48
35
40
40
42
51
39
50
35
43
34
45
42
46
42
46
32
40
38
40
38
41
52
39
45
40
43
43
48
47
48
48
40
32
42
39
45
39
46
32
48
43
42
44
35
44
36
44
47
37
43
40
35
45
38
32
33
49
46
51
40
32
42
47
40
42
42
49
27
40
27
47
49
44
37
30
49
32
38
39
40
38
37
33
49
41
44
39
29
28
39
40
42
29
31
41
40
39
41
40
38
36
41
36
41
46
39
41
32
47
35
44
37
58
38
48
45
43
35
43
35
43
30
43
28
38
41
42
39
35
45
55
41
37
42
33
44
38
40
49
50
43
47
53
36
55
37
46
37
56
48
58
41
44
53
44
52
41
39
37
45
45
44
49
38
50
37
47
50
40
72
50
48
58
58
49
51
63
37
53
49
60
50
58
60
72
52
68
80
102
151
224
328
523
798
1117
1596
1941
2417
2681
2954
2868
2682
2344
1866
1494
1101
775
610
383
246
192
151
106
85
68
53
56
37
35
40
38
23
23
32
28
37
32
33
30
25
31
32
32
29
14
32
27
19
28
21
30
18
27
26
18
38
29
22
30
26
23
24
18
19
24
33
23
32
24
28
20
26
23
18
20
37
26
19
28
28
17
25
21
24
27
34
24
24
18
31
34
30
30
25
22
27
19
22
21
12
23
20
15
20
25
21
24
23
27
26
18
25
24
21
27
19
28
16
21
16
22
29
30
23
23
24
25
21
18
13
30
26
24
19
23
24
22
17
22
14
20
21
14
22
22
23
17
21
21
30
15
24
21
22
26
27
16
23
17
23
19
40
16
21
18
23
23
21
20
21
21
18
23
14
12
11
22
21
17
25
18
25
30
25
13
19
26
19
23
14
19
18
15
22
19
22
22
23
23
34
25
19
19
15
16
22
11
20
16
13
19
14
20
29
13
25
10
12
15
20
13
12
15
11
13
17
14
19
10
22
8
19
15
15
19
16
16
17
19
15
19
15
23
14
19
10
12
14
17
18
15
9
17
18
15
16
19
13
13
18
18
14
10
13
12
10
17
18
15
17
17
17
17
21
13
18
20
13
20
13
16
14
14
15
11
17
11
14
14
12
13
15
16
10
18
13
18
12
13
12
14
19
9
13
13
14
10
17
19
19
11
7
12
12
18
13
11
13
18
9
12
17
17
11
6
16
11
15
17
15
13
11
12
14
12
18
16
18
10
14
17
14
15
15
22
8
10
8
22
12
12
10
12
12
12
10
11
15
12
10
16
10
6
15
7
4
9
13
14
11
14
8
11
11
14
13
11
14
12
11
16
18
10
8
9
14
5
10
18
11
17
13
12
9
10
7
6
8
8
5
15
13
12
11
16
13
6
15
9
10
9
9
11
12
8
14
12
11
14
8
9
22
8
7
4
10
8
9
10
13
9
7
11
11
10
11
10
8
7
7
16
10
10
7
15
10
8
13
9
8
8
12
6
12
5
7
10
5
7
10
16
11
4
11
10
13
10
5
18
11
9
7
11
10
10
11
7
14
9
10
15
11
11
7
10
10
12
16
8
12
4
2
14
9
5
15
9
9
6
11
8
7
11
11
11
3
13
14
10
5
12
5
8
7
16
8
10
13
12
14
23
25
30
29
28
23
27
26
20
19
14
13
12
6
13
11
10
11
12
14
7
4
5
7
8
5
7
10
8
12
11
10
8
15
12
11
8
10
10
11
11
9
8
9
8
9
10
13
13
6
7
6
11
4
12
5
8
8
5
14
8
8
7
13
12
5
6
8
9
15
9
13
7
8
4
10
11
11
9
9
8
5
6
7
3
7
6
10
8
6
10
11
9
10
6
13
12
9
10
7
5
5
10
19
4
11
11
9
11
11
11
8
12
10
9
11
10
9
10
10
7
7
9
10
7
13
9
8
5
6
6
8
10
10
11
7
9
7
11
8
5
5
9
9
7
7
4
8
9
4
3
6
14
10
3
10
7
8
7
11
9
11
8
7
7
4
8
9
8
13
9
9
10
10
11
16
6
21
12
13
6
8
7
7
13
7
7
11
12
4
9
9
7
9
9
7
10
12
9
11
14
10
11
7
11
9
9
11
6
12
12
7
13
4
13
10
13
9
14
9
13
11
6
11
12
7
13
12
10
11
14
11
11
11
15
9
13
10
19
13
14
13
22
10
17
15
21
15
13
11
19
18
11
20
14
22
27
21
13
23
21
19
18
12
18
14
20
19
29
26
15
18
23
18
23
35
29
22
27
20
29
28
42
34
30
46
47
65
99
150
225
340
588
820
1196
1632
1921
2288
2505
2670
2481
2318
2021
1668
1301
1036
689
477
317
223
157
107
85
71
32
26
26
18
12
14
5
7
5
6
3
4
1
5
3
2
2
3
2
2
3
4
4
0
5
1
2
4
2
5
4
6
0
2
0
3
1
1
2
1
1
3
2
4
1
2
4
2
3
4
2
0
1
1
3
2
3
1
1
2
0
1
2
0
6
3
2
4
1
2
0
0
0
3
1
2
1
1
2
6
2
3
1
2
4
3
0
0
2
0
4
3
0
1
1
1
2
2
0
1
2
3
1
1
3
4
0
4
1
1
2
4
3
1
3
1
4
1
2
4
0
1
1
2
2
2
3
0
4
1
1
3
3
1
3
2
3
1
2
1
1
1
2
2
0
2
3
7
2
3
1
1
2
1
4
2
0
3
3
0
0
2
1
2
3
1
3
1
2
3
2
2
2
3
3
0
4
1
1
2
1
2
2
1
1
2
3
2
0
4
0
0
1
1
1
4
3
0
1
0
3
2
0
2
0
3
0
1
1
1
1
3
1
3
2
0
2
4
1
5
4
4
0
2
2
1
2
2
1
0
0
2
1
1
1
2
0
2
0
1
3
3
3
1
0
2
2
1
2
1
1
0
2
4
2
3
1
0
5
3
3
1
2
2
1
1
5
0
1
3
2
1
0
0
1
0
2
2
0
0
0
0
1
2
2
3
0
2
0
2
1
3
2
0
1
1
0
3
2
2
3
0
2
1
2
4
0
0
3
2
3
1
1
1
0
3
2
2
3
2
4
2
0
3
0
0
0
1
1
3
0
1
1
5
3
2
1
2
1
1
0
3
3
2
0
0
0
2
1
2
1
2
2
2
2
1
0
0
3
2
3
2
2
0
3
4
1
3
0
4
4
1
1
2
0
4
4
2
3
0
1
0
1
2
3
2
0
2
0
1
3
3
6
2
0
1
3
5
1
0
3
1
1
1
1
1
3
1
1
2
2
1
1
3
2
3
0
4
0
1
2
2
0
1
2
3
0
0
0
0
2
0
0
1
1
1
1
0
3
1
0
0
1
1
3
0
0
1
0
3
3
1
1
2
0
1
0
1
2
1
1
1
2
1
0
2
0
2
0
1
1
5
1
1
1
1
1
1
2
1
0
0
1
1
0
2
1
1
1
1
0
0
1
3
0
1
2
2
0
0
1
3
0
1
1
0
0
0
2
3
4
0
1
1
0
3
1
2
1
2
2
2
0
1
0
2
2
1
2
2
2
1
1
3
4
2
0
1
0
0
3
1
1
0
1
0
2
1
2
1
2
5
1
1
0
2
2
2
5
0
1
3
2
2
0
1
0
0
1
2
0
4
2
0
2
2
1
4
2
2
2
0
4
3
1
1
2
1
1
0
2
2
0
1
3
2
1
1
1
1
2
1
0
3
3
2
2
1
2
1
3
2
1
2
3
2
1
0
1
0
2
3
1
0
4
4
10
7
5
12
23
24
36
48
47
55
54
48
45
48
30
35
27
12
10
11
7
4
6
4
5
5
2
1
1
0
1
0
0
0
0
0
1
0
1
0
0
2
2
2
2
0
0
2
1
1
1
1
0
1
2
1
0
0
0
3
4
2
1
1
1
2
1
0
2
2
0
1
1
1
1
3
0
1
1
2
2
1
1
1
0
0
1
1
5
1
2
2
0
1
1
1
0
0
2
0
0
0
1
1
1
0
0
0
3
0
3
0
0
0
0
2
0
1
1
0
0
2
0
1
1
0
1
2
0
2
1
0
0
1
0
2
0
0
0
2
0
5
2
2
1
1
2
0
2
1
2
0
2
1
2
0
1
1
1
2
1
1
0
0
0
3
1
0
1
1
0
1
1
3
0
2
0
0
1
1
0
1
2
3
0
1
1
1
1
1
1
1
1
2
1
0
0
2
1
2
0
0
0
2
0
2
2
1
1
3
1
1
0
2
0
0
2
4
0
3
0
0
0
1
0
1
0
2
2
1
0
0
0
1
1
1
3
2
0
0
3
0
1
2
1
3
0
0
1
3
4
3
1
0
1
2
1
2
3
2
1
1
0
1
2
2
1
2
0
0
0
0
0
2
1
2
1
1
0
0
1
0
1
3
0
1
2
1
0
1
2
2
0
0
2
1
2
0
1
3
2
2
1
1
0
0
2
1
1
0
0
1
0
1
1
0
0
1
2
0
1
0
2
0
0
1
0
2
2
0
0
0
1
2
2
1
0
0
1
1
1
0
0
0
1
1
1
1
0
1
1
1
0
1
2
0
1
2
0
2
0
1
1
0
1
0
0
0
3
1
0
1
0
1
2
1
1
1
1
1
1
3
0
1
2
0
1
0
1
3
1
2
0
0
2
0
0
2
0
0
1
0
1
0
0
0
0
2
0
0
0
0
0
0
0
1
1
1
1
0
0
0
1
0
0
1
0
0
1
1
1
1
1
3
0
1
0
0
0
1
1
3
3
0
1
1
1
2
0
0
0
1
0
1
1
0
0
0
0
2
1
2
0
1
0
1
2
1
0
0
0
1
1
1
0
1
0
0
0
0
2
1
1
3
1
4
2
1
0
3
0
0
2
0
1
0
2
0
1
2
1
0
2
0
1
1
0
1
0
0
1
2
0
0
0
0
2
1
1
0
1
0
2
1
1
0
0
1
2
0
1
0
2
1
1
1
0
2
2
0
3
0
0
0
1
3
1
5
0
0
0
1
1
1
1
1
1
2
1
2
0
1
0
2
0
1
1
1
1
0
0
1
1
1
1
1
1
2
1
0
1
0
2
0
2
2
3
1
0
0
2
0
1
1
2
1
1
2
1
0
3
0
0
2
2
1
0
0
0
0
0
2
0
1
1
3
0
2
1
0
1
0
1
2
1
1
0
1
1
0
0
0
0
2
0
0
1
0
0
1
1
0
0
1
0
1
0
1
1
0
2
2
0
5
0
2
2
0
3
0
2
2
2
2
1
0
0
0
1
0
1
1
1
0
3
5
3
0
2
3
5
4
0
3
2
0
3
2
0
1
0
1
2
1
0
1
3
0
1
1
1
0
1
3
0
0
0
0
1
2
0
2
3
0
0
1
0
0
2
16
23
21
21
26
24
22
17
16
27
18
16
13
16
21
23
20
19
15
22
18
19
20
11
21
20
16
25
18
15
10
19
22
17
22
17
22
19
13
19
11
15
14
22
16
20
21
14
18
30
18
20
16
22
25
20
19
25
15
21
18
17
18
16
19
12
20
11
16
25
14
20
15
17
18
18
15
15
15
13
22
18
16
27
23
11
12
19
13
20
21
24
12
15
24
21
24
16
15
11
13
24
17
21
19
20
17
24
18
11
20
15
10
12
14
22
23
12
21
14
18
7
14
13
24
22
19
13
