30
30
20
26
25
14
16
24
17
20
24
24
12
18
20
23
11
19
27
22
14
17
17
18
16
14
15
22
23
18
21
13
13
8
17
13
21
15
16
8
12
15
14
10
15
11
15
13
15
12
16
16
10
15
17
12
19
35
56
126
297
442
510
515
608
634
720
798
943
1117
1270
1216
1136
977
747
655
598
539
506
469
491
451
545
501
486
481
450
464
503
469
471
431
494
437
486
486
491
484
519
429
494
489
441
469
447
486
458
413
459
450
477
507
486
478
464
451
498
477
487
463
440
471
495
532
504
496
476
484
484
495
464
472
445
450
460
481
490
495
475
499
502
442
498
464
478
499
476
510
497
495
489
473
466
498
472
464
491
472
447
486
481
467
454
484
481
501
481
531
465
513
481
491
516
527
479
470
490
489
504
513
471
520
521
488
533
516
538
476
524
528
564
548
568
589
543
528
558
568
510
560
542
519
567
485
527
562
556
527
557
550
543
548
575
540
534
564
554
543
561
566
579
566
589
533
526
567
520
556
583
578
565
595
583
572
579
603
594
604
555
595
617
607
630
573
592
593
633
579
617
578
576
620
601
590
613
584
603
604
613
577
549
619
646
599
627
618
571
607
614
616
592
653
633
631
608
609
614
622
603
597
677
614
657
653
571
628
688
650
661
631
664
657
668
645
667
633
650
675
648
669
651
679
668
618
642
671
688
666
733
670
635
688
697
671
691
657
675
691
679
658
699
737
707
681
654
665
686
678
718
712
704
679
721
711
723
650
688
674
691
689
671
694
709
725
707
740
673
703
678
737
666
735
654
735
656
696
675
710
693
697
713
745
716
685
726
692
671
650
712
679
658
725
646
724
710
686
664
668
701
702
680
632
699
723
691
758
698
703
692
675
719
636
725
699
738
743
703
778
698
690
673
659
709
724
700
681
689
752
719
736
641
739
684
749
660
675
745
740
726
734
727
758
703
700
683
716
738
739
712
667
756
728
741
703
698
723
744
750
756
735
728
700
732
723
730
731
739
692
678
731
712
706
668
695
721
679
739
723
741
769
734
683
746
725
720
755
745
733
750
716
733
770
691
682
779
737
733
746
732
716
756
751
714
727
759
760
720
746
739
733
716
770
668
702
738
780
746
736
767
747
720
723
715
709
705
783
705
737
780
762
753
734
756
732
771
764
787
763
706
744
713
771
745
758
748
790
772
738
762
746
758
682
713
719
693
783
751
759
773
769
746
721
721
737
728
736
724
744
768
776
753
747
772
783
654
764
679
779
800
789
725
752
764
769
798
783
695
735
749
747
728
756
743
733
698
768
708
788
749
759
706
736
788
771
701
716
760
730
738
780
789
693
752
753
728
732
732
801
715
765
759
752
710
754
711
753
710
688
708
726
750
754
746
740
734
741
761
755
772
809
777
806
666
727
735
720
707
706
748
748
780
712
764
755
785
770
812
759
738
754
771
683
715
722
751
730
744
753
704
702
723
802
731
768
733
762
727
742
767
749
736
752
734
741
756
755
734
751
728
758
777
726
803
763
784
765
731
705
759
746
745
721
748
739
769
779
842
796
725
782
781
777
816
798
796
828
801
788
765
764
849
816
783
762
819
831
809
840
765
771
824
791
806
866
819
850
859
807
814
861
809
817
856
841
869
896
878
832
831
791
882
803
848
953
822
816
857
823
856
884
849
888
877
853
887
856
905
911
910
827
886
899
911
901
920
890
874
913
884
878
913
891
881
896
954
911
945
939
922
941
944
897
906
839
889
852
917
912
895
909
938
915
931
903
909
916
882
954
881
931
916
899
955
876
933
880
891
922
940
922
915
944
880
851
941
883
879
891
880
866
902
925
871
913
923
882
852
849
927
903
889
913
909
902
913
909
925
912
879
938
864
921
883
879
872
883
894
865
849
928
892
859
910
877
864
910
876
928
866
884
891
892
886
893
822
888
843
817
896
851
859
848
820
860
846
903
853
873
847
869
823
872
814
798
786
872
877
857
853
865
831
870
806
826
845
814
809
791
861
784
823
873
795
799
831
843
806
809
842
823
843
819
793
791
888
826
791
777
824
839
836
829
834
850
808
834
815
831
797
781
838
783
821
826
790
821
858
777
790
793
817
815
778
791
750
787
782
790
763
797
770
832
821
751
781
809
760
767
746
774
789
744
812
803
768
755
761
817
817
810
799
763
768
783
758
776
767
762
744
804
726
733
779
759
770
805
773
761
784
789
760
813
725
753
766
777
762
740
774
715
744
752
756
759
759
783
729
779
756
783
756
746
812
706
763
781
746
726
713
779
737
724
770
766
729
726
770
767
728
702
717
756
710
675
743
729
700
723
782
728
759
721
742
713
703
703
783
723
711
737
761
686
749
676
768
789
704
745
719
695
693
644
716
670
705
696
666
644
714
733
721
692
672
690
718
697
688
708
673
711
693
693
737
678
682
667
675
695
681
741
732
641
664
684
659
710
738
672
677
678
652
679
657
692
640
693
687
673
663
672
699
673
690
681
654
646
688
681
701
632
674
608
625
684
735
672
661
653
674
645
682
624
615
689
650
653
660
658
653
640
682
654
648
658
691
641
637
651
654
593
645
605
674
649
665
658
643
640
640
665
625
610
598
607
638
686
650
656
624
626
672
593
643
625
681
666
628
621
684
653
586
611
657
638
628
659
651
638
648
637
600
630
631
617
590
651
572
627
629
592
630
646
688
580
564
630
616
626
616
606
645
640
602
614
632
576
623
590
618
601
594
624
661
649
623
611
641
608
592
662
668
607
602
612
606
623
648
632
660
601
592
565
587
599
625
635
612
611
587
581
614
570
622
606
635
611
665
607
601
600
610
605
604
663
619
616
611
634
621
586
633
622
646
630
620
627
596
651
613
598
658
587
578
593
594
599
616
614
594
599
628
605
598
625
604
572
605
622
598
581
638
588
627
618
630
611
640
602
605
626
615
637
642
602
593
603
628
649
629
583
605
610
609
622
608
674
627
584
584
631
601
562
600
608
618
578
645
615
624
635
616
666
647
628
602
609
613
645
628
564
585
588
622
632
584
563
585
640
583
562
660
604
573
602
665
620
580
618
604
611
647
598
617
595
596
595
592
620
661
565
592
604
623
585
582
615
585
594
605
577
574
603
618
561
569
595
625
635
556
599
570
558
581
608
566
562
569
572
586
584
548
597
575
557
539
572
565
543
534
523
570
578
569
579
568
578
561
514
575
533
542
521
554
574
541
486
508
519
535
524
506
511
519
497
537
537
536
525
524
519
468
487
491
489
474
495
530
455
514
478
495
508
494
458
496
520
461
474
502
456
512
513
488
523
465
466
458
465
467
428
449
424
436
492
462
417
394
474
464
458
479
408
426
444
429
415
432
433
431
428
437
423
475
416
406
447
404
411
431
441
404
428
401
403
423
424
366
378
407
405
370
365
390
381
372
414
406
385
377
402
372
367
349
369
366
400
405
384
399
368
360
359
353
389
352
391
373
350
363
359
352
391
368
361
394
364
357
339
378
382
377
310
352
328
341
358
354
318
337
354
354
359
319
327
348
346
327
331
356
347
298
333
300
332
303
301
314
353
302
279
327
317
307
295
302
334
338
300
324
329
301
324
322
320
347
316
334
307
305
321
311
292
295
307
319
321
307
296
324
298
268
297
300
282
293
313
289
279
274
310
298
287
316
286
291
292
306
306
276
283
273
315
304
271
272
296
309
264
274
271
324
255
301
281
303
274
284
284
290
330
282
276
318
275
289
293
292
284
282
277
275
285
287
293
273
270
276
309
264
269
277
285
244
263
255
265
263
260
279
283
262
276
302
303
288
242
291
264
260
300
260
274
272
274
248
280
277
266
253
289
243
263
252
227
263
274
277
263
290
265
257
260
253
264
269
263
286
246
249
264
264
234
246
259
252
266
265
241
238
265
276
237
254
258
268
246
219
249
228
243
262
255
248
238
281
228
254
244
261
257
262
241
262
271
249
234
225
241
230
226
235
257
230
246
229
235
250
258
257
254
235
257
267
253
267
248
237
251
229
252
243
234
250
282
217
249
280
271
247
241
254
259
252
238
245
245
212
264
221
228
254
284
275
237
281
284
250
241
269
259
255
236
250
269
236
249
246
252
259
230
286
257
240
212
247
260
266
247
238
264
231
268
240
242
242
260
250
269
229
230
234
237
237
259
238
227
258
216
240
237
274
225
228
214
233
249
233
259
227
223
240
242
237
245
254
255
245
206
242
269
228
225
222
248
226
236
232
243
254
270
215
189
220
213
217
224
224
243
238
213
217
256
243
207
211
224
259
223
231
200
232
210
237
243
243
244
247
215
231
218
235
227
237
251
225
212
242
241
229
238
212
249
236
214
233
244
221
262
253
251
216
258
243
236
233
241
230
223
224
239
222
210
239
222
212
217
234
212
183
275
211
230
209
233
259
235
238
230
239
227
263
244
245
234
234
256
243
224
246
226
220
241
247
215
249
240
248
254
232
217
243
218
243
234
244
251
237
236
252
261
247
251
238
245
286
239
237
263
239
246
251
248
284
260
241
239
252
248
261
265
292
277
274
281
284
284
266
286
264
226
302
281
295
281
276
295
279
306
288
350
288
297
311
293
311
349
334
358
309
316
293
335
317
348
338
359
337
355
338
354
362
402
426
410
380
365
420
407
411
433
406
454
433
454
448
462
465
455
456
464
508
497
573
518
512
502
554
523
541
538
577
572
573
551
555
579
643
649
667
644
681
689
653
720
738
729
704
712
741
745
786
807
863
774
790
881
892
871
870
892
921
916
893
851
912
987
945
942
988
997
1093
1054
1071
1049
1104
1108
1205
1151
1175
1238
1169
1253
1312
1229
1292
1317
1391
1316
1292
1342
1413
1479
1416
1509
1449
1501
1535
1637
1587
1630
1581
1626
1649
1626
1700
1731
1700
1781
1684
1764
1848
1836
1875
1899
1854
1913
1899
1971
2045
1938
1955
2020
2154
2120
2149
2209
2240
2182
2136
2256
2321
2366
2295
2352
2392
2349
2380
2440
2462
2438
2344
2548
2412
2517
2605
2493
2567
2552
2663
2647
2743
2646
2785
2818
2718
2803
2820
2841
2919
2828
2933
2978
3041
3050
2885
2976
3127
2940
3142
3067
3069
3143
3158
3032
3076
3173
3143
3168
3199
3162
3320
3232
3218
3219
3207
3247
3236
3271
3322
3407
3363
3366
3436
3286
3348
3328
3517
3423
3415
3343
3390
3477
3421
3507
3383
3414
3496
3494
3497
3469
3516
3479
3469
3470
3530
3537
3551
3458
3431
3498
3568
3525
3440
3586
3417
3493
3488
3494
3591
3537
3491
3431
3457
3463
3332
3447
3402
3445
3351
3351
3325
3403
3307
3431
3289
3364
3329
3278
3257
3312
3289
3341
3236
3173
3230
3166
3195
3114
3268
3083
3156
3148
3171
3047
3050
3122
3014
3055
2994
2962
2932
3003
2987
2980
2792
2793
2816
2829
2836
2818
2791
2782
2712
2708
2658
2662
2660
2684
2670
2645
2530
2600
2529
2436
2471
2432
2407
2315
2462
2413
2324
2333
2216
2252
2293
2212
2194
2209
2217
2141
2188
2079
2025
2114
2097
2012
1992
1936
1895
1920
1841
1859
1846
1822
1820
1807
1804
1776
1720
1685
1693
1709
1601
1647
1600
1571
1642
1541
1449
1545
1471
1460
1458
1412
1440
1406
1365
1387
1377
1318
1273
1267
1287
1243
1312
1243
1193
1232
1146
1115
1136
1127
1072
1081
1032
1057
989
988
1007
973
985
959
947
943
899
879
897
844
829
870
820
809
808
803
727
727
737
779
771
716
691
673
709
690
667
606
658
661
650
692
587
643
644
657
525
562
570
545
462
538
537
490
485
506
473
482
455
420
470
442
483
468
449
445
434
396
412
375
391
393
353
398
408
396
369
361
357
343
324
325
327
334
325
340
304
282
307
274
286
303
309
319
284
295
323
311
266
301
240
246
259
273
244
247
245
236
251
260
250
235
231
219
264
222
232
250
237
202
223
237
204
207
210
226
204
205
193
191
199
213
196
186
204
192
211
196
170
166
194
169
157
160
167
188
159
181
163
189
168
149
168
172
166
161
153
171
135
136
168
165
166
162
149
182
136
142
174
164
172
148
146
141
139
144
141
148
142
167
137
165
130
139
167
123
120
125
133
133
132
135
141
163
139
152
138
142
158
114
116
141
132
130
152
118
135
129
151
130
138
128
135
145
121
132
137
125
113
121
136
117
142
120
125
124
110
104
131
125
113
140
135
109
120
96
119
136
107
133
121
122
110
128
115
126
117
116
94
117
123
123
117
109
108
112
106
115
111
99
111
120
135
127
134
119
116
113
112
118
107
103
116
108
127
108
118
109
114
100
116
120
115
110
97
113
121
115
91
108
105
96
114
114
95
114
102
105
117
122
120
112
103
97
109
115
107
93
130
118
124
94
112
109
115
124
121
116
111
126
122
107
108
112
122
99
121
117
118
125
119
111
101
117
110
112
109
96
110
104
110
122
116
106
101
104
112
101
106
102
103
114
95
112
126
111
109
101
95
77
104
119
92
109
99
112
102
128
108
106
117
96
122
98
110
82
92
96
97
117
100
90
121
109
106
118
120
94
98
104
82
107
115
92
97
100
112
102
114
126
102
100
108
107
103
119
105
116
106
96
108
98
93
112
100
106
119
114
107
126
103
97
109
117
104
114
110
107
112
110
124
93
103
108
100
105
100
93
103
109
87
104
101
108
86
100
116
106
117
108
104
115
96
97
107
105
111
106
107
105
93
99
94
106
81
120
93
100
95
101
116
102
97
103
111
103
112
113
100
110
85
104
99
123
95
113
116
99
100
131
114
101
111
98
112
91
121
85
113
109
107
121
102
103
109
111
109
112
103
101
122
113
105
105
95
112
106
105
100
114
117
105
96
125
121
98
94
118
103
111
100
114
122
89
104
126
95
104
102
107
91
106
105
111
104
100
115
102
102
117
104
86
106
86
121
101
113
113
130
102
108
109
123
101
97
94
90
94
102
125
111
126
110
119
117
108
109
89
113
109
112
103
123
99
114
119
109
121
108
115
96
106
106
111
107
118
103
99
112
106
113
113
111
114
110
111
113
89
114
110
105
132
103
108
107
100
108
98
114
113
124
97
117
114
96
115
104
98
110
115
123
130
110
111
117
112
117
103
118
109
95
114
98
117
104
96
106
99
98
112
101
127
114
93
137
120
105
110
120
108
100
126
118
98
129
94
115
125
114
126
109
119
104
118
102
119
108
122
117
120
129
97
101
104
119
122
104
103
120
113
114
120
101
115
113
110
116
120
113
110
81
117
132
119
105
93
125
118
115
110
116
125
109
126
118
132
99
111
123
112
95
131
119
119
110
103
121
113
95
90
110
138
99
94
106
118
111
118
122
118
104
111
111
96
110
84
100
107
128
118
108
111
121
115
110
84
118
98
94
107
105
107
113
115
102
90
107
117
113
90
127
104
111
104
104
101
111
114
106
92
118
113
104
116
105
111
109
108
76
118
116
110
110
86
107
104
113
107
112
130
107
125
97
103
107
112
94
102
121
124
97
107
106
110
118
94
107
99
116
93
114
96
104
113
114
97
87
114
106
90
108
107
122
100
103
120
88
93
108
87
120
100
116
83
122
122
91
101
120
101
99
110
100
104
92
102
112
103
91
76
115
93
107
92
86
101
96
100
99
129
111
106
113
105
108
124
100
97
106
109
107
109
121
91
110
99
104
110
117
115
90
112
110
111
113
125
89
91
110
97
97
103
113
105
133
105
91
104
99
85
122
102
103
105
123
110
118
115
110
85
108
115
115
115
124
96
105
95
105
102
104
105
96
95
118
103
108
100
100
119
103
113
96
89
97
98
111
94
122
102
106
112
116
105
118
107
99
99
120
115
97
109
99
107
105
126
95
91
101
94
96
118
117
101
111
111
93
102
103
116
98
115
127
94
118
96
125
127
106
106
102
92
110
117
126
103
106
111
93
102
121
118
100
121
110
117
117
111
84
105
100
103
88
109
115
110
103
120
107
101
112
81
92
100
97
113
112
100
117
102
99
103
114
98
86
117
106
105
126
94
110
124
89
99
109
114
100
89
119
113
95
81
89
108
111
110
92
114
92
99
121
116
87
105
89
114
107
95
121
104
104
104
105
117
103
107
106
126
110
93
113
110
88
127
101
116
105
111
112
114
91
104
116
127
107
107
99
107
94
109
105
104
96
82
110
115
119
113
103
107
108
100
104
101
90
103
107
99
101
116
101
119
87
115
103
107
104
100
88
110
105
100
100
102
98
106
95
91
117
110
96
113
96
92
98
121
104
100
120
113
96
98
121
105
101
103
100
93
110
113
94
104
113
89
118
92
112
102
118
103
97
119
106
124
100
106
114
109
114
99
82
134
105
95
96
101
98
122
105
81
101
114
109
102
88
119
105
97
108
103
116
118
97
102
100
106
88
97
112
99
119
99
106
105
89
101
106
110
99
100
102
128
97
86
102
94
106
98
98
105
101
104
88
128
114
98
101
113
98
104
97
116
99
92
93
125
125
107
118
88
114
114
126
118
88
95
124
104
108
114
98
109
102
99
106
98
124
108
116
94
101
126
96
115
110
94
93
97
109
81
103
123
103
84
111
105
116
109
119
95
99
106
92
114
91
101
99
109
101
106
112
112
117
110
95
104
114
89
122
106
121
109
124
114
123
98
115
105
96
90
118
88
121
111
111
106
109
92
119
102
110
100
118
97
107
98
115
92
97
94
119
121
92
122
94
94
133
101
99
112
98
96
107
106
110
93
111
125
110
99
108
118
109
105
97
92
104
100
118
107
89
113
126
103
110
107
90
111
113
110
122
97
97
98
120
115
95
109
121
121
83
114
104
105
98
113
103
112
98
110
114
109
114
131
108
115
97
103
98
94
111
107
125
135
105
116
108
136
116
101
111
111
122
101
99
113
106
105
116
111
105
119
117
117
111
123
102
115
137
113
109
94
112
108
108
117
108
103
121
104
102
104
100
94
98
108
112
100
125
122
104
123
94
104
135
103
114
110
101
107
120
122
114
106
125
96
116
115
109
117
97
106
112
87
101
115
93
103
120
115
122
113
111
129
109
125
107
85
106
94
114
95
111
121
109
100
117
102
112
94
120
99
110
118
91
114
95
114
95
121
107
103
102
105
102
109
112
119
113
119
117
133
116
126
95
94
106
125
129
118
131
120
114
89
89
101
107
119
117
95
84
113
101
122
133
107
106
129
111
114
115
119
124
106
105
105
107
110
112
124
116
113
104
128
112
120
107
97
124
108
126
124
116
117
132
98
123
99
87
119
94
123
119
119
121
107
104
114
114
107
126
107
98
123
110
118
116
115
111
113
107
118
87
107
125
111
114
120
126
101
112
115
116
117
113
124
100
124
126
97
120
135
125
125
117
108
99
124
116
117
106
115
97
125
84
116
94
107
117
105
107
114
93
121
122
95
106
123
115
101
143
129
96
102
106
111
124
110
131
119
101
109
113
120
132
114
107
113
121
96
109
118
111
104
94
114
115
108
124
127
123
111
126
123
120
111
134
134
114
124
126
129
143
120
115
138
112
112
98
142
111
121
138
122
108
144
117
124
123
108
114
114
104
111
114
115
124
132
121
117
93
114
123
131
123
137
130
119
102
124
128
98
124
96
106
118
116
124
134
131
134
132
145
99
126
111
132
136
109
144
124
137
123
118
129
132
119
128
115
116
111
122
137
97
120
118
115
96
115
127
123
127
132
125
115
126
115
104
117
119
125
116
135
126
136
121
140
114
116
120
128
137
145
101
109
140
124
130
138
108
115
105
107
109
149
117
122
121
117
114
123
129
121
125
125
114
131
133
146
139
127
120
125
104
122
148
107
133
139
123
114
139
109
129
114
118
120
116
129
137
124
115
121
114
131
131
145
110
114
124
138
116
124
106
128
124
130
110
142
116
119
120
125
107
118
115
131
128
118
133
128
106
140
93
124
114
125
129
137
128
132
136
118
143
127
136
115
130
114
127
111
139
127
132
122
143
114
110
120
130
128
117
114
122
127
125
133
116
126
126
116
118
112
106
116
108
140
115
117
131
128
129
116
112
109
119
138
115
119
131
130
115
118
120
120
121
111
116
131
120
144
116
121
108
125
119
115
111
130
121
123
132
104
118
123
141
135
137
127
124
115
142
115
118
112
113
114
110
114
121
116
128
117
121
114
142
133
124
116
133
115
118
126
112
106
111
116
123
134
141
103
103
100
120
113
110
111
119
110
107
140
128
125
128
120
127
132
107
136
116
120
109
109
112
121
112
112
135
128
106
112
118
107
112
118
115
113
128
115
96
110
98
114
111
107
124
125
113
120
101
83
104
109
109
128
104
110
113
93
126
101
97
107
125
95
127
105
106
104
114
120
105
106
104
103
118
98
116
102
97
113
108
108
101
122
100
104
107
115
97
103
99
109
100
96
106
96
113
95
98
106
99
92
114
101
120
105
110
103
83
104
101
107
108
108
104
105
96
107
102
85
99
115
100
92
88
107
95
81
105
75
89
98
104
86
85
94
89
92
101
83
108
97
84
87
85
102
84
92
91
89
79
98
82
90
86
77
88
89
93
96
89
88
88
85
93
83
82
88
79
87
90
99
91
86
73
90
77
82
84
82
71
81
78
91
70
82
72
71
76
95
74
72
86
74
82
76
91
77
77
58
77
89
77
68
100
88
95
73
76
66
80
75
86
75
77
85
80
79
66
68
82
70
79
78
77
64
81
71
85
74
71
77
63
68
73
65
111
80
65
64
62
74
80
58
75
58
82
64
74
76
66
56
62
79
82
60
58
79
78
74
72
79
56
70
61
61
65
67
72
59
59
65
68
57
59
54
64
67
60
60
57
48
60
66
67
64
63
65
51
67
63
70
69
66
56
58
57
78
66
53
54
64
56
62
58
59
46
50
57
40
72
57
51
74
54
44
50
45
59
60
62
68
47
47
60
46
54
60
66
65
67
58
58
50
52
45
67
55
63
62
49
52
51
50
58
43
47
44
54
44
73
40
54
52
57
53
54
42
47
48
43
60
45
46
35
51
36
47
55
55
51
40
60
49
54
47
51
51
47
58
55
50
50
57
43
41
35
46
47
43
48
52
48
52
42
44
49
51
35
36
52
48
50
48
41
42
36
48
47
39
44
43
43
41
48
45
42
41
43
40
35
43
38
43
38
43
42
38
36
34
49
42
45
45
33
46
33
29
43
44
41
47
44
25
42
57
40
41
36
46
34
35
42
34
32
39
35
48
40
44
38
47
44
33
27
38
51
27
33
34
30
34
30
43
26
30
47
32
39
43
32
35
46
60
40
29
37
33
37
34
44
49
35
43
30
35
28
36
39
31
30
41
41
42
36
40
37
40
42
39
30
42
34
42
48
32
32
29
28
41
34
30
31
29
40
35
30
43
30
35
26
28
25
30
38
34
39
36
32
34
38
29
36
42
40
31
40
34
43
41
34
31
27
34
35
34
29
31
29
27
36
23
28
28
23
40
35
35
31
26
28
38
28
27
36
35
48
30
31
34
35
27
26
35
37
38
34
29
31
36
32
37
31
26
40
30
30
29
31
26
44
32
34
34
27
43
29
30
37
35
26
26
32
33
29
29
26
26
35
22
39
37
26
33
25
29
36
33
30
44
30
33
25
41
32
33
34
35
34
28
33
31
22
47
29
33
25
27
36
32
29
31
25
29
25
48
27
30
26
33
40
27
41
28
32
29
30
35
22
26
26
38
33
32
28
32
23
36
33
32
30
35
33
29
38
23
40
35
36
39
33
41
39
29
27
31
34
31
32
30
24
31
34
34
29
39
43
23
38
36
42
32
39
37
48
35
36
44
25
42
45
43
32
31
39
39
28
38
32
37
36
43
44
41
35
49
38
40
44
38
43
36
39
41
52
46
40
47
43
53
49
42
54
45
50
41
56
43
57
49
34
42
52
42
48
48
60
49
45
48
48
49
55
53
55
42
51
51
46
52
55
60
68
61
70
57
55
61
68
59
67
70
56
71
67
77
76
68
68
65
71
89
79
73
79
66
73
69
95
80
70
90
87
81
76
90
72
99
83
88
85
70
75
79
99
105
94
113
100
93
109
85
93
101
96
89
110
102
96
86
107
118
117
107
93
118
91
111
120
108
101
122
110
114
111
143
130
114
127
119
147
114
120
128
125
134
131
118
148
128
126
121
139
138
146
140
139
121
166
157
171
160
155
163
143
155
178
178
163
153
152
168
180
157
176
178
151
164
182
167
179
159
172
175
162
182
197
171
191
168
204
187
182
191
218
196
177
211
189
204
230
204
216
213
216
207
228
211
245
199
256
216
229
216
231
264
236
224
219
243
264
249
232
258
244
239
269
248
223
251
254
271
254
246
266
253
281
239
275
271
286
285
252
294
266
277
294
320
267
277
307
307
280
279
319
297
255
294
308
299
298
309
321
309
325
293
309
302
296
314
293
336
314
309
343
324
362
333
324
363
340
308
367
368
332
325
355
315
354
346
342
350
374
380
370
363
348
362
351
384
371
372
381
388
361
378
337
379
372
393
399
362
360
379
400
404
383
378
359
398
378
408
401
370
375
380
373
400
417
427
383
396
375
429
457
416
416
373
406
439
403
419
402
431
437
406
391
402
476
414
421
427
442
411
406
445
447
444
444
428
426
452
460
414
390
452
416
409
439
409
457
442
420
442
423
409
445
454
413
450
425
442
431
450
428
428
447
449
469
431
423
476
460
456
451
438
448
413
424
474
470
445
425
442
440
468
449
481
416
466
459
424
421
476
449
449
431
474
453
428
420
454
444
470
453
478
444
457
457
451
427
432
443
459
448
452
463
423
460
449
428
463
437
439
446
431
452
433
410
405
471
475
428
413
438
467
421
448
515
390
435
432
402
408
427
469
406
425
408
405
421
433
450
460
447
453
419
390
409
420
386
430
436
439
448
428
416
444
422
387
419
422
392
387
403
423
392
404
442
455
407
372
382
387
417
430
428
386
408
409
378
389
397
351
356
375
380
372
379
393
376
353
382
413
359
376
379
325
363
392
373
392
347
349
340
355
363
393
362
342
365
329
334
374
349
362
351
306
398
325
362
364
339
317
346
282
306
360
306
323
306
342
286
299
324
301
335
299
309
296
281
319
295
317
280
288
299
325
304
334
288
309
296
275
322
299
297
289
282
268
288
280
260
267
251
269
278
283
295
273
245
263
252
266
249
220
242
257
229
253
285
247
227
227
238
247
250
231
215
245
216
249
208
235
224
247
214
215
191
206
230
198
227
212
202
219
213
209
221
217
207
217
200
189
180
213
187
198
197
199
192
194
187
164
202
174
187
195
196
184
176
182
189
171
149
162
173
175
165
167
185
161
164
175
144
168
150
143
160
163
151
148
155
150
158
145
144
158
139
155
145
129
157
146
149
141
130
127
163
128
155
135
118
126
128
137
140
123
111
97
116
114
121
132
115
112
101
128
99
102
115
105
117
110
119
126
106
105
108
113
95
104
85
102
94
98
90
91
96
95
82
103
100
90
98
82
99
103
104
76
92
89
82
92
63
74
85
70
76
91
75
93
78
66
73
67
72
87
91
68
71
63
69
68
78
84
80
64
68
81
63
51
53
63
76
71
74
70
71
61
61
68
71
53
48
56
82
64
69
59
79
65
49
57
66
65
64
70
63
69
54
52
59
50
54
45
60
62
58
51
52
51
59
57
63
53
73
65
54
56
52
46
35
47
65
65
53
49
40
51
46
59
43
48
46
62
45
34
45
52
46
58
29
52
39
44
45
50
53
50
42
57
33
49
40
47
34
41
40
45
33
51
47
41
35
41
32
35
40
45
44
38
40
39
37
41
32
39
41
47
32
36
26
42
34
31
41
34
37
27
31
45
53
41
36
44
35
38
34
54
43
33
36
35
29
32
43
37
34
40
29
48
37
36
25
18
30
27
28
30
26
26
32
43
33
44
35
39
41
31
28
38
40
34
39
26
31
28
25
28
26
32
27
37
28
26
32
31
26
39
32
30
41
31
26
28
28
21
18
29
25
34
29
36
30
22
35
24
29
25
35
30
25
33
29
34
35
36
25
33
19
24
36
34
19
32
29
36
29
22
28
19
25
38
33
34
28
29
24
19
25
26
24
33
24
26
27
29
28
31
29
34
25
27
31
28
29
19
20
22
23
21
27
27
18
27
25
23
32
36
22
20
30
29
27
26
24
33
22
30
31
37
28
25
29
22
18
26
29
31
20
20
32
23
21
25
21
22
24
20
16
24
27
25
21
25
15
26
21
20
20
29
26
27
28
32
25
24
23
24
22
21
24
19
29
22
24
16
34
27
15
25
19
27
15
27
28
22
24
23
18
14
19
20
26
22
21
20
29
19
26
28
30
22
21
22
19
26
30
22
22
23
20
15
20
23
21
26
21
39
27
20
17
17
18
24
29
31
25
17
17
22
24
18
18
26
20
23
29
32
18
31
22
24
25
30
32
27
19
18
22
27
27
16
37
19
25
14
17
21
26
25
27
23
19
21
19
15
29
29
22
23
30
16
22
27
18
28
22
31
27
17
22
28
23
25
17
17
22
20
21
28
20
13
21
23
24
26
28
22
21
21
27
28
25
18
24
27
19
16
21
25
19
20
18
26
17
25
21
23
26
25
24
24
15
12
18
27
22
24
27
29
20
25
14
20
12
24
20
29
29
26
17
31
18
31
18
21
31
25
31
31
33
20
28
24
23
17
21
22
29
16
18
37
17
22
28
22
24
20
26
21
22
26
17
18
19
27
25
23
12
26
16
29
22
18
25
21
18
20
17
19
19
18
35
20
21
20
24
21
17
17
23
29
20
19
19
23
18
23
21
20
26
23
19
15
22
20
26
23
17
24
27
21
17
23
20
17
16
24
18
23
23
19
23
20
17
18
19
24
21
20
11
17
15
18
19
23
23
18
19
24
11
21
24
16
17
19
19
12
22
13
28
17
21
18
20
15
23
23
14
24
13
23
26
22
19
23
18
22
20
20
16
25
19
11
10
18
26
19
18
19
15
19
23
24
14
20
23
15
20
10
13
19
13
24
18
13
19
18
24
19
22
18
16
11
18
16
24
17
22
19
19
15
19
18
23
19
15
17
13
16
17
22
20
16
21
25
22
12
16
17
14
16
25
17
16
18
19
14
7
21
16
21
15
20
17
15
17
20
22
23
15
15
19
21
22
21
13
15
18
17
20
12
22
16
11
25
19
17
16
13
22
16
21
19
18
26
18
20
24
17
13
24
14
20
19
18
19
17
20
18
19
15
8
11
15
18
14
11
23
26
14
17
16
17
13
19
11
18
12
20
15
18
17
11
8
17
15
17
19
16
19
13
15
16
8
18
13
12
9
14
25
18
17
11
10
14
19
15
15
15
15
18
13
15
18
12
13
18
20
18
10
19
12
12
17
11
8
25
16
13
19
21
15
13
13
7
8
14
20
15
16
16
12
12
13
11
22
14
15
13
10
10
23
8
14
17
14
12
14
23
18
16
9
14
15
9
13
18
20
17
11
16
17
15
11
13
11
19
17
7
13
19
10
18
18
15
5
11
10
11
12
10
14
23
13
17
16
8
11
7
7
15
5
10
13
14
16
15
18
15
20
17
20
11
5
13
13
15
14
12
18
13
13
9
7
12
10
11
18
9
10
8
11
10
18
11
10
12
15
12
15
8
18
8
9
7
10
10
12
11
13
14
13
11
10
10
13
12
14
10
3
15
11
7
9
16
8
10
9
12
9
8
11
8
9
12
15
11
9
15
13
11
14
12
13
7
15
11
13
11
12
9
11
13
7
10
14
16
8
12
18
16
13
11
18
14
15
14
10
11
14
13
10
15
15
9
16
14
10
18
7
13
11
9
6
13
12
15
12
11
10
11
8
11
9
14
11
8
8
8
8
16
15
12
14
8
7
6
7
13
16
9
5
11
6
12
7
11
12
13
12
7
7
6
11
16
10
13
7
9
8
8
14
6
11
11
8
10
10
15
9
8
7
9
12
6
15
9
9
9
7
7
5
10
10
13
8
9
8
13
14
7
7
6
9
10
15
6
9
10
11
4
10
5
7
8
10
14
11
13
7
6
11
6
9
10
8
11
7
8
4
4
7
8
17
14
2
12
14
8
15
7
6
9
9
3
7
9
5
6
5
5
11
6
13
8
7
7
17
4
10
9
10
9
10
10
8
7
11
13
7
11
12
4
7
9
7
4
5
7
12
9
6
9
6
13
11
5
9
9
7
9
5
6
6
7
6
8
14
6
6
13
4
9
3
8
9
8
6
8
10
6
8
5
10
5
10
4
5
3
7
4
10
10
7
5
3
7
7
8
4
4
14
8
3
7
13
6
9
5
10
8
8
6
10
8
5
3
6
10
8
10
11
5
8
3
12
2
8
6
4
4
6
9
5
12
8
4
10
2
9
4
3
7
9
10
9
7
9
6
6
4
11
12
7
6
6
3
7
6
4
6
5
4
3
5
6
8
9
4
5
5
5
7
2
6
11
6
6
4
7
2
1
5
5
6
5
3
3
3
5
7
4
7
3
7
6
8
9
4
5
1
6
4
8
4
5
8
3
7
6
9
9
7
3
5
7
5
8
3
7
5
2
10
7
6
4
4
9
3
5
1
3
5
7
4
5
5
10
9
6
3
6
6
4
3
3
6
8
4
5
4
8
7
5
1
5
4
9
2
7
12
8
3
5
7
7
5
1
1
7
10
7
9
5
5
6
5
4
5
12
8
3
6
8
4
2
5
6
5
6
4
3
8
2
6
5
8
7
1
8
6
10
3
8
7
4
6
7
9
4
2
7
5
7
5
4
7
9
6
3
4
8
5
6
4
8
8
3
6
4
6
2
3
8
4
5
5
7
4
0
6
9
5
4
5
5
2
6
3
4
5
4
6
5
3
9
5
6
8
4
7
3
8
4
7
3
5
3
6
5
5
5
7
2
6
9
6
5
6
7
9
8
7
8
6
3
6
9
11
7
6
5
5
8
10
5
8
4
7
8
11
5
8
8
5
6
6
6
4
10
5
7
10
5
12
2
5
13
4
8
6
6
7
4
4
7
6
14
3
11
13
11
9
4
7
2
6
6
6
5
6
8
6
9
8
8
6
12
5
8
9
11
10
15
10
9
5
12
9
9
5
6
9
9
10
9
7
7
5
6
12
8
10
11
11
10
11
9
7
10
9
7
8
5
12
9
6
6
13
9
13
6
10
18
13
16
9
10
12
4
7
10
10
11
8
8
16
6
10
10
9
16
7
14
10
8
8
11
8
8
12
6
9
15
6
10
14
22
12
9
11
14
16
14
8
8
16
11
9
15
7
18
14
9
12
15
10
11
13
10
8
16
11
14
17
15
14
15
13
16
14
12
17
10
26
18
16
9
20
17
15
18
13
11
12
16
17
9
15
15
18
15
23
19
10
15
16
14
17
17
23
17
11
17
15
12
12
22
14
11
15
18
15
17
10
18
15
22
13
21
19
12
23
20
20
20
19
27
14
11
16
8
18
30
22
10
18
22
17
18
11
12
10
12
23
16
16
10
17
19
15
24
10
20
14
18
21
18
21
16
19
12
12
17
14
25
21
14
24
26
24
14
18
15
10
15
18
16
26
23
20
16
15
12
16
22
17
21
23
12
19
16
22
22
12
24
18
27
19
18
21
23
18
25
23
18
19
15
17
19
27
25
22
17
21
17
19
18
20
21
15
24
16
19
15
19
15
14
16
17
28
12
22
22
21
20
22
17
14
18
15
10
21
20
12
23
22
16
17
24
15
23
28
15
18
17
30
16
15
19
25
22
26
23
24
19
17
22
13
18
22
31
13
21
18
24
21
17
14
27
16
24
19
30
21
16
22
13
23
25
20
20
14
24
21
23
24
24
12
18
15
19
22
21
25
16
19
10
37
22
29
12
22
12
13
19
16
10
25
18
16
22
20
10
23
18
26
13
22
24
23
14
15
24
25
17
31
20
22
16
18
19
20
20
20
20
17
20
15
25
17
18
21
15
16
14
30
18
17
26
22
21
10
19
25
15
23
22
20
19
18
16
18
16
11
19
16
15
11
18
27
16
26
25
19
16
22
19
18
18
19
15
13
13
15
19
17
24
21
28
17
30
12
15
19
19
19
18
19
21
13
16
19
15
19
18
10
13
18
23
15
12
12
17
16
14
19
15
16
16
17
18
18
17
20
14
14
14
20
23
12
12
10
19
15
11
18
17
23
20
17
13
15
20
19
12
15
21
19
19
18
14
11
15
12
16
16
8
14
8
11
14
14
11
13
16
22
12
15
14
17
25
14
21
19
14
8
10
19
13
8
13
10
13
17
21
17
14
15
9
18
14
14
11
11
10
11
14
14
9
16
10
14
12
17
8
12
13
13
10
8
10
16
15
11
11
7
15
11
11
12
7
13
10
12
13
8
11
5
12
10
8
6
14
8
12
10
15
6
11
7
19
45
55
42
49
52
52
49
55
48
34
39
53
41
44
32
43
31
39
48
43
42
36
55
40
32
31
47
39
46
32
35
31
52
44
29
39
34
40
44
40
48
49
42
35
37
40
41
31
41
33
36
26
37
33
32
37
37
41
36
34
36
41
21
36
37
31
42
32
33
38
37
36
47
33
34
22
39
34
32
23
40
39
37
33
36
32
31
36
25
33
36
26
39
26
27
33
32
34
25
25
36
28
24
28
35
23
33
27
21
29
29
28
37
23
24
30
40
27
36
35
34
35
40
43
46
45
49
31
