4
5
10
11
14
17
16
25
24
11
26
21
21
15
12
18
19
22
23
18
11
20
15
12
22
13
18
23
14
14
14
16
20
10
20
15
17
8
12
12
11
13
11
18
14
8
12
15
13
9
4
13
8
9
10
9
24
33
57
104
133
223
278
261
273
317
330
359
350
445
595
684
818
875
919
879
742
664
569
537
527
469
471
416
462
429
442
367
431
436
432
413
387
397
405
343
395
349
375
383
364
354
361
364
353
334
350
381
387
352
382
385
345
409
400
379
370
399
384
411
387
363
366
385
363
363
347
344
398
381
347
352
389
355
368
357
408
370
365
379
355
374
347
408
388
326
378
361
362
393
355
371
319
398
358
357
377
392
372
399
356
351
362
345
358
366
374
363
369
388
370
370
382
369
365
372
389
373
366
382
394
359
401
387
398
375
341
375
389
377
372
367
399
381
393
404
364
412
373
376
364
422
381
370
396
372
410
402
381
410
400
362
380
374
379
381
386
401
451
402
399
424
398
367
390
377
366
373
382
392
405
419
425
420
370
410
400
411
423
360
429
403
411
433
387
430
403
396
426
379
389
385
428
394
441
418
429
397
419
443
409
427
476
419
427
441
391
470
419
432
447
453
433
443
441
463
441
418
458
445
447
422
453
473
442
442
473
470
448
473
418
438
483
456
439
465
530
474
483
447
456
469
474
479
480
459
436
461
452
483
469
454
483
484
450
457
486
503
496
469
465
466
499
495
495
498
487
438
480
477
493
491
537
499
541
480
455
501
475
474
481
483
515
504
505
538
513
498
478
524
547
552
515
521
526
497
513
526
538
517
530
530
531
504
499
538
518
517
589
495
541
519
550
557
504
544
542
543
529
547
517
523
535
589
553
526
553
541
510
574
569
510
577
553
566
583
548
504
558
528
560
523
537
551
584
571
561
532
526
564
531
545
589
539
542
550
534
588
539
517
575
535
563
539
574
567
528
565
587
559
589
561
580
580
532
640
574
588
549
575
585
602
591
576
570
572
587
619
535
544
570
566
596
573
599
569
560
578
592
576
545
576
562
518
566
594
575
548
555
549
548
567
594
628
554
563
552
542
548
557
585
608
584
586
583
589
574
590
550
576
593
592
580
558
588
561
601
589
522
541
557
579
582
520
563
555
550
612
594
592
592
598
589
614
583
617
612
569
559
585
595
551
550
572
591
578
606
592
653
578
587
635
583
586
562
560
617
546
584
587
629
601
611
578
563
603
541
616
602
617
584
612
608
577
600
596
604
564
598
575
569
576
606
561
606
549
639
604
614
592
579
566
579
596
594
589
549
631
564
570
588
572
609
607
650
586
580
587
582
631
604
580
571
578
602
592
589
609
583
602
597
567
581
660
571
579
626
594
606
584
565
611
595
603
644
626
635
585
641
621
609
582
628
566
611
614
597
641
598
600
593
600
627
576
589
608
607
601
590
607
579
615
605
612
586
598
663
584
593
685
596
595
608
587
603
591
592
652
609
591
613
625
597
543
642
577
614
600
634
577
589
610
607
633
650
585
586
577
598
588
599
615
623
648
574
566
609
626
640
624
592
597
608
604
590
614
567
609
587
627
635
586
571
595
611
597
629
593
648
612
589
571
617
641
624
642
616
593
571
583
587
622
645
577
593
650
591
618
615
594
614
586
597
595
631
617
617
632
554
636
600
600
585
641
612
612
600
589
630
651
596
619
579
584
581
605
576
607
575
597
571
545
636
605
628
640
600
619
608
579
614
633
572
614
630
609
644
637
625
614
647
619
584
575
597
614
621
669
580
626
612
600
603
630
641
617
596
633
619
593
602
612
581
671
624
601
640
624
618
586
624
571
606
611
636
573
643
575
663
624
622
627
610
646
628
625
644
646
599
614
661
735
666
639
679
640
644
627
651
701
680
676
661
610
633
652
677
630
733
650
658
651
685
679
626
700
677
670
645
651
691
656
707
753
709
697
668
690
711
684
722
673
677
682
674
703
700
668
707
709
693
734
726
684
732
728
696
685
720
679
689
759
739
743
729
707
726
728
723
720
723
715
681
739
695
723
708
745
727
771
697
776
755
739
762
759
716
758
757
705
689
702
722
732
740
758
682
783
791
732
749
713
747
709
807
730
780
765
726
823
762
729
744
738
750
724
691
701
773
749
746
732
703
718
718
732
737
737
723
741
715
697
744
718
709
694
714
700
766
714
742
714
702
765
745
712
682
721
744
734
750
696
722
760
739
768
752
725
728
740
727
713
715
704
696
727
734
692
710
769
712
792
659
671
696
720
693
720
688
715
705
719
704
747
664
724
691
689
651
717
730
723
675
710
726
651
735
677
722
655
649
728
701
695
683
682
722
664
657
669
662
640
682
701
686
651
690
694
710
653
686
673
668
681
632
706
683
694
666
672
687
691
639
688
686
685
695
652
638
654
643
672
633
674
701
657
622
657
700
650
673
613
686
664
661
674
638
637
654
680
668
681
664
638
664
602
657
680
620
608
674
684
629
679
673
660
672
650
651
662
599
611
631
671
668
603
607
616
646
624
601
656
664
661
607
629
631
624
652
676
621
614
643
605
601
619
624
676
658
592
643
614
638
629
640
612
590
627
658
619
626
627
612
652
634
666
592
589
662
573
638
618
620
568
700
573
665
591
609
618
581
628
602
609
618
614
594
603
612
631
617
564
619
664
603
605
612
570
573
572
619
607
593
648
551
626
608
565
592
599
575
572
610
623
604
575
613
591
606
593
606
582
586
603
584
639
569
600
560
573
561
637
579
590
566
569
605
607
556
616
572
514
618
596
598
587
561
613
609
550
595
553
551
546
613
510
547
627
614
583
599
609
590
515
578
563
582
564
569
566
559
531
528
515
563
573
606
556
559
513
551
538
561
529
555
544
543
581
558
582
544
544
514
543
531
548
509
579
546
578
522
533
574
554
587
549
514
525
545
530
498
545
572
515
564
581
510
581
540
570
528
553
540
537
546
548
510
518
553
499
561
523
512
501
545
558
530
510
517
548
495
489
527
530
537
512
532
540
528
542
490
549
553
543
509
535
492
495
550
568
457
501
511
513
496
525
497
507
490
522
509
511
533
486
522
486
481
466
482
502
547
525
498
494
513
524
513
502
499
539
518
509
507
497
542
531
526
519
481
510
479
517
521
494
501
471
529
554
472
569
472
515
502
512
509
497
484
501
541
520
467
482
480
536
534
465
538
474
514
467
492
496
493
495
532
488
514
487
520
527
517
486
547
516
500
489
470
490
489
467
523
498
479
453
471
487
526
503
497
497
496
496
486
486
498
516
494
500
514
502
459
502
511
546
469
497
498
495
518
479
509
488
498
481
435
507
494
472
471
527
503
469
517
506
470
505
531
509
506
469
461
449
466
476
528
500
511
522
505
481
498
469
440
470
516
500
454
500
483
489
490
532
481
462
514
497
504
491
455
527
486
497
500
489
478
531
439
537
540
495
470
490
500
471
511
461
438
499
535
490
465
558
518
475
490
488
472
495
533
476
503
562
491
498
459
463
461
490
487
466
487
460
520
482
485
490
503
454
520
480
469
508
500
487
465
474
493
466
482
440
515
495
449
482
491
514
472
466
491
521
476
507
483
469
540
483
475
463
449
474
480
451
492
466
463
478
466
486
487
465
488
445
481
492
423
464
474
467
442
484
477
473
458
467
447
444
463
430
459
423
473
451
467
426
470
414
456
501
440
438
483
464
457
457
452
452
480
419
421
437
419
479
402
436
395
435
419
475
445
460
436
470
449
457
402
455
432
420
422
435
467
374
471
388
455
415
425
433
403
429
430
378
391
426
384
434
408
412
387
403
393
412
408
415
378
397
377
411
409
399
394
405
384
386
398
382
398
435
404
409
371
413
378
371
368
388
404
383
359
367
389
372
395
394
352
365
362
373
354
380
387
378
374
352
383
349
351
359
377
404
327
345
378
352
350
338
320
370
352
327
349
355
357
337
317
332
312
335
314
299
368
325
323
349
321
321
314
384
291
339
317
319
303
307
296
286
332
314
312
283
321
320
297
305
283
301
323
287
325
307
312
302
330
312
326
279
298
321
286
298
291
308
317
332
268
310
269
291
306
274
269
277
294
324
302
302
270
285
292
291
298
256
260
290
317
294
267
285
291
249
282
305
269
257
258
279
256
295
267
285
256
269
298
252
230
267
233
298
253
282
286
262
268
261
260
257
257
235
257
239
250
254
277
233
235
250
245
241
269
234
263
216
265
237
254
241
257
274
245
246
243
222
210
232
245
241
228
236
239
242
245
255
240
252
246
247
228
261
219
260
234
206
242
254
273
255
257
248
225
246
230
236
252
221
250
249
234
221
224
245
254
207
244
231
239
247
215
223
211
215
218
217
225
223
192
217
219
217
203
223
224
242
202
236
220
234
235
222
209
231
229
227
220
201
217
189
220
199
215
203
222
201
217
227
247
224
193
216
208
205
238
232
226
217
184
251
216
198
203
197
211
205
230
202
187
208
215
206
218
185
195
184
220
190
228
222
209
206
198
197
202
209
186
228
209
226
240
203
195
197
230
211
189
210
201
198
193
199
200
195
192
206
194
208
192
189
194
207
207
207
183
205
199
174
170
206
195
185
205
185
199
205
211
227
187
218
189
200
201
203
193
213
173
185
183
193
185
207
219
194
211
171
195
185
199
179
196
224
201
171
193
174
196
183
188
200
197
215
198
210
184
192
212
185
184
190
181
192
209
195
176
208
176
197
189
194
187
197
183
179
179
184
171
195
177
189
189
177
175
199
185
193
183
198
183
196
183
186
186
190
175
201
180
199
214
192
208
199
183
194
171
189
201
188
197
176
175
185
171
181
186
187
191
185
177
189
177
202
186
195
192
186
188
163
187
182
174
187
185
202
181
188
182
190
153
192
188
182
197
182
193
181
183
204
196
186
186
172
192
183
185
188
176
198
177
158
164
185
184
161
175
200
196
211
165
176
174
188
176
172
189
176
174
184
190
177
203
178
170
188
186
180
188
187
165
188
192
156
193
189
172
165
168
162
187
179
171
156
173
151
172
182
206
176
166
180
189
194
188
181
184
159
178
164
172
177
193
191
182
167
199
184
185
172
162
197
179
187
220
178
190
197
192
169
160
187
180
190
176
202
182
188
190
200
178
193
173
178
183
189
193
186
193
187
192
191
192
204
182
168
199
188
194
188
164
204
186
203
214
193
178
193
193
207
182
214
170
186
184
183
200
205
197
208
225
210
185
199
209
213
214
192
200
185
204
188
200
193
230
186
208
201
216
197
214
208
210
231
235
244
249
230
233
246
234
242
236
237
212
230
257
234
266
236
242
236
223
267
267
255
274
242
269
278
268
273
287
274
297
276
281
297
286
293
335
297
328
301
324
296
315
314
310
319
322
319
345
349
338
348
350
362
367
345
371
346
395
361
364
406
381
390
399
389
367
397
387
447
404
417
441
443
453
408
467
457
458
514
447
490
462
506
502
506
570
518
473
548
535
558
562
576
529
590
605
594
602
629
584
580
634
667
585
626
622
679
642
670
669
652
690
764
677
730
709
760
693
679
804
749
774
749
796
816
805
777
779
805
861
856
852
865
871
873
913
924
941
917
971
943
890
994
913
982
955
973
1017
963
1007
1009
1053
1034
1151
1100
1158
1054
1108
1132
1152
1185
1144
1135
1213
1197
1187
1150
1230
1279
1286
1260
1253
1177
1238
1262
1337
1405
1276
1382
1346
1397
1399
1337
1368
1400
1432
1431
1425
1408
1392
1442
1504
1498
1617
1538
1542
1499
1541
1530
1502
1589
1616
1618
1623
1590
1558
1639
1713
1660
1671
1648
1685
1752
1757
1780
1751
1762
1794
1829
1776
1901
1794
1850
1811
1852
1840
1920
1832
1917
1867
1879
2017
1991
1970
2013
2014
2017
1934
2012
2063
2098
1959
2030
2010
2003
2098
2157
2098
2048
2047
2133
2128
2120
2069
2223
2179
2179
2187
2130
2278
2210
2146
2244
2263
2302
2201
2235
2265
2339
2325
2294
2266
2217
2290
2281
2272
2261
2346
2332
2357
2275
2369
2294
2414
2381
2389
2274
2335
2256
2352
2281
2362
2357
2456
2469
2411
2418
2460
2406
2410
2437
2458
2370
2348
2350
2476
2408
2510
2421
2410
2365
2397
2389
2524
2487
2494
2448
2437
2457
2564
2543
2442
2416
2424
2447
2467
2452
2494
2401
2404
2485
2415
2432
2441
2416
2415
2416
2357
2394
2433
2536
2459
2477
2489
2453
2377
2458
2336
2409
2363
2448
2414
2362
2448
2425
2330
2386
2317
2303
2438
2389
2321
2314
2373
2315
2256
2348
2310
2261
2286
2313
2270
2244
2264
2248
2260
2243
2153
2103
2155
2211
2254
2184
2142
2196
2169
2110
2131
2168
2178
2042
2085
2040
2055
2097
2058
2046
2012
2032
2083
2072
2018
1998
1932
1980
1927
1978
2010
1943
1912
1925
1905
1938
1883
1795
1800
1799
1842
1844
1784
1753
1778
1719
1793
1680
1760
1705
1751
1647
1688
1643
1607
1594
1518
1633
1617
1597
1582
1566
1546
1506
1435
1474
1417
1449
1441
1488
1393
1381
1357
1333
1396
1360
1362
1321
1304
1325
1328
1310
1298
1288
1222
1224
1240
1218
1193
1140
1227
1190
1183
1115
1116
1068
1122
1103
1093
1033
1091
1113
1072
1034
998
967
983
986
982
941
981
972
953
862
926
914
886
812
805
883
786
797
803
823
834
762
830
784
741
788
719
731
676
758
688
695
714
648
648
649
625
621
648
622
624
612
556
572
585
580
575
534
524
569
542
469
554
542
521
476
480
459
509
469
491
465
455
438
408
454
422
407
405
407
421
407
425
386
384
377
362
379
395
375
362
358
338
360
340
368
330
327
308
335
328
305
332
290
275
317
280
281
289
278
287
280
270
280
271
282
277
243
257
236
261
250
241
280
267
239
227
207
233
227
206
209
227
187
236
212
196
193
193
222
175
204
201
191
201
195
193
194
178
210
203
190
178
176
203
190
173
157
144
173
168
153
174
174
185
137
152
156
167
147
166
180
152
128
162
141
148
140
135
135
173
152
135
150
127
172
137
125
114
158
148
111
107
140
128
137
134
133
151
133
150
134
141
102
116
121
124
134
127
120
127
126
143
110
95
130
121
112
120
102
131
113
104
132
96
118
127
119
114
110
126
106
123
123
99
117
114
100
129
117
100
137
125
113
107
84
117
98
109
130
102
99
112
77
100
108
119
97
97
96
97
97
111
92
103
117
127
96
104
94
103
101
99
89
113
116
98
106
93
89
94
98
85
107
93
98
85
93
104
107
86
102
102
101
89
104
91
107
84
94
116
93
97
90
85
109
98
85
93
85
102
100
95
105
82
87
103
90
83
99
86
95
100
86
84
99
85
85
91
91
108
88
89
97
105
81
101
78
80
91
95
87
89
91
100
106
80
102
97
95
83
85
84
94
86
92
71
97
103
106
88
81
71
78
84
80
92
69
101
120
86
80
89
86
88
86
84
88
81
88
77
102
90
93
92
90
78
86
81
88
91
91
96
82
90
80
87
84
77
90
76
83
87
83
72
87
86
96
85
83
88
83
93
81
84
91
83
83
75
87
94
87
82
80
93
93
94
99
90
103
98
86
91
79
95
82
82
86
87
83
84
66
76
66
77
100
83
88
78
90
84
78
95
91
84
82
85
77
73
73
75
104
67
86
87
88
91
83
89
102
76
78
73
82
82
91
90
82
86
80
75
78
81
82
81
92
66
84
88
75
88
90
90
68
64
86
93
73
81
77
94
74
76
81
69
90
101
85
67
98
75
79
91
78
99
98
92
79
82
95
97
94
91
94
91
89
81
84
78
72
82
76
91
86
80
81
79
70
69
84
74
63
97
59
90
104
80
68
79
88
80
83
92
94
89
77
94
99
94
83
84
68
105
86
89
86
75
83
84
93
80
86
94
78
85
86
81
88
100
77
71
80
115
105
64
78
66
83
68
79
92
92
92
88
70
86
90
73
96
84
89
74
95
81
79
88
90
87
85
84
80
84
102
80
84
82
82
87
77
95
92
93
85
73
86
71
76
103
85
69
75
85
83
89
85
85
76
77
64
103
70
93
94
76
78
97
77
73
74
93
89
83
80
81
88
80
82
85
108
87
71
79
90
74
74
95
87
86
83
84
86
91
73
96
94
83
87
100
105
107
88
84
85
85
101
84
78
60
72
82
80
92
84
93
88
102
90
99
81
93
86
87
67
76
81
92
103
80
72
90
76
88
84
75
84
77
86
88
80
79
93
87
80
88
70
91
82
73
85
93
93
82
71
95
79
87
70
101
81
83
96
97
72
90
84
78
74
77
89
90
90
77
89
80
81
86
97
66
80
88
79
94
87
91
85
74
108
91
83
67
87
76
86
79
94
79
79
81
90
97
69
94
78
83
100
81
106
96
81
72
96
95
95
85
57
97
80
92
87
75
74
88
91
94
88
73
87
98
85
82
89
74
84
87
95
79
85
96
89
89
89
78
105
85
107
77
92
90
92
85
91
66
81
75
82
90
94
69
90
105
87
102
85
79
80
97
77
102
93
98
75
89
97
85
83
87
101
80
84
97
82
98
87
100
78
102
90
82
82
90
76
103
87
86
83
87
104
76
78
93
88
90
75
82
81
99
98
79
74
86
76
78
101
76
95
81
86
97
81
96
90
93
87
87
90
104
79
89
98
75
80
85
85
92
73
86
74
82
73
80
92
78
92
90
89
90
107
83
83
73
98
84
69
99
87
87
76
88
86
70
93
74
87
80
100
85
81
75
89
79
85
83
91
85
72
87
69
70
81
99
80
58
80
87
90
72
90
89
93
72
81
73
95
72
83
83
87
84
89
89
72
81
88
93
94
91
89
94
86
74
73
87
90
80
70
81
94
78
80
76
88
88
84
71
81
105
86
84
79
89
82
90
81
84
66
96
92
90
101
85
80
82
79
93
92
86
93
91
76
77
96
89
77
76
79
97
84
105
84
95
90
87
81
63
84
76
94
74
87
91
73
81
82
87
78
72
71
90
89
90
80
75
71
96
98
81
87
97
70
85
74
81
77
72
77
86
81
77
70
86
72
94
76
89
84
93
90
79
91
83
88
88
69
93
79
88
89
83
81
95
75
86
66
92
75
78
77
88
77
80
88
84
87
84
102
83
81
72
80
86
93
81
80
75
88
78
86
78
84
77
85
81
71
79
77
82
96
76
83
93
77
81
86
93
72
89
83
84
72
67
89
77
87
84
59
77
67
94
83
80
77
85
81
85
83
76
81
74
88
98
96
83
87
82
78
96
88
85
103
66
83
83
92
71
87
77
78
61
77
100
82
69
100
80
77
75
73
84
96
91
90
77
82
83
80
77
95
75
77
90
88
66
86
78
93
100
80
77
96
88
88
94
78
80
84
76
77
80
79
91
87
84
83
89
85
89
80
88
93
72
72
76
82
73
78
85
77
88
91
83
89
91
82
71
85
93
82
84
94
83
82
95
70
88
86
75
77
82
85
74
83
67
93
82
83
85
107
75
91
79
102
84
82
81
77
90
81
75
92
87
79
88
78
70
75
91
76
82
94
97
90
95
81
81
82
78
86
81
75
101
91
73
83
95
86
86
78
90
88
71
80
84
81
82
93
71
77
92
98
87
74
64
91
89
87
82
89
97
91
80
84
81
78
80
84
91
74
87
103
73
91
82
85
85
88
93
93
79
98
90
88
95
87
90
90
81
86
96
74
70
93
74
60
92
73
102
84
90
87
85
81
70
80
97
92
76
66
83
84
73
87
65
100
78
93
84
101
72
79
75
96
94
86
80
75
71
82
105
79
81
92
84
76
82
72
100
84
80
70
77
92
80
83
87
88
71
67
91
90
74
89
84
88
65
75
76
82
78
70
75
101
83
83
89
99
101
98
92
79
97
74
93
65
96
84
96
67
92
90
91
104
109
80
69
88
98
71
62
70
74
74
108
88
74
85
82
93
88
79
86
86
85
77
77
90
80
91
80
92
104
84
80
91
71
69
72
78
84
98
94
67
75
78
80
73
95
85
86
92
90
78
98
83
81
89
97
76
86
103
78
98
75
86
85
94
81
84
75
92
87
96
94
80
80
88
89
84
93
70
85
88
98
76
73
82
95
78
89
98
78
93
74
88
79
90
89
76
91
86
77
71
79
76
83
84
96
75
84
78
88
85
86
103
100
90
80
87
75
89
87
84
82
85
83
73
73
80
84
68
84
92
95
86
79
83
96
74
82
67
79
71
73
84
93
68
74
80
82
96
83
90
84
75
78
98
94
97
76
95
81
104
81
85
81
86
90
81
97
87
76
77
121
88
89
88
89
87
88
81
75
94
84
91
87
81
96
82
75
83
77
89
90
96
89
97
67
88
77
79
99
84
66
69
85
84
94
94
77
104
79
87
73
89
72
76
87
100
89
77
88
89
84
70
91
107
97
76
88
85
85
88
93
89
76
76
92
82
88
87
64
79
78
94
99
88
85
93
92
96
79
88
79
86
81
81
79
88
95
100
88
69
87
86
79
93
97
80
84
91
96
92
91
88
80
89
96
89
107
91
99
88
81
86
87
88
103
90
99
95
78
89
61
94
80
102
87
99
85
97
92
107
106
87
91
98
71
82
83
89
89
89
88
91
80
94
84
93
86
86
74
102
62
82
96
83
89
100
104
82
90
92
89
93
87
99
98
69
113
94
89
89
114
83
97
88
103
102
101
76
107
86
88
100
104
92
116
88
98
85
99
95
82
93
90
89
82
119
91
92
75
98
83
66
95
97
86
100
88
100
98
90
81
90
79
103
92
87
85
87
77
109
77
74
88
86
104
96
89
85
86
79
92
107
92
91
107
84
89
81
88
82
82
104
88
85
81
108
83
82
95
100
97
69
84
95
83
109
91
90
88
70
93
94
109
95
98
74
93
86
82
90
100
111
89
80
84
98
94
93
76
84
96
77
86
77
98
100
93
104
89
85
91
103
85
79
86
97
104
88
78
89
86
84
92
78
92
106
101
115
90
83
93
97
87
85
100
107
84
92
85
97
95
90
88
89
109
91
96
92
88
95
94
101
86
85
90
89
98
90
88
80
98
108
114
96
105
93
84
89
91
103
105
111
97
109
93
70
102
86
88
94
89
111
103
93
105
109
109
98
85
85
76
91
104
114
106
94
106
81
92
89
93
84
98
82
109
87
88
105
84
106
88
102
82
115
86
102
100
81
92
92
78
100
91
76
101
109
86
106
97
117
106
86
88
106
101
83
90
116
93
94
96
108
110
97
83
97
99
94
91
68
87
111
80
79
77
96
104
109
97
97
87
90
88
96
110
92
84
96
78
75
111
111
98
81
100
101
95
95
86
109
109
95
101
103
92
83
111
85
98
104
89
110
96
77
104
99
84
101
94
100
113
105
100
85
107
99
91
89
103
87
81
95
100
101
93
106
77
106
102
82
91
100
117
95
108
89
99
89
91
90
104
96
108
81
99
98
87
92
115
92
88
92
112
113
104
108
93
96
104
95
99
89
91
79
96
94
83
99
94
100
82
96
77
89
91
99
90
100
105
93
86
108
106
113
96
69
93
85
111
102
97
87
89
93
93
87
99
88
88
113
86
97
104
95
85
102
98
101
84
109
96
100
85
103
95
88
106
97
102
96
97
119
99
107
95
112
110
100
81
85
100
90
105
90
110
111
90
97
101
87
105
101
95
98
99
110
91
86
86
127
82
109
98
74
110
94
88
102
87
79
104
93
91
76
106
87
90
108
101
89
76
80
92
90
85
89
103
105
87
84
84
76
81
85
102
88
101
86
100
80
96
104
92
83
92
100
95
84
97
76
106
68
103
77
91
86
92
94
94
98
94
94
94
102
90
88
82
75
90
97
95
98
98
92
99
82
81
95
97
83
96
96
74
81
73
98
95
99
115
92
101
83
88
96
102
91
69
82
95
83
104
92
94
87
95
85
85
79
68
84
76
121
87
95
81
94
97
77
92
83
88
100
92
91
84
83
90
78
83
91
100
94
82
76
82
91
99
82
76
105
89
101
67
83
89
90
75
83
80
79
77
96
62
83
89
69
83
75
95
93
85
79
85
82
78
80
74
97
83
65
75
66
79
84
72
77
97
82
69
66
87
74
80
85
93
87
90
76
65
72
77
92
90
64
72
71
62
71
83
74
68
70
77
79
79
68
70
69
87
68
70
67
90
76
91
71
81
68
88
76
80
57
50
71
71
46
65
85
78
57
70
71
61
71
76
76
68
69
74
81
60
52
72
69
82
62
69
70
60
64
58
71
60
67
63
66
70
74
61
65
83
67
67
62
70
63
55
74
57
61
60
62
64
69
76
86
62
62
56
72
71
51
61
56
66
58
66
76
60
62
63
61
63
64
67
69
56
61
82
54
58
56
60
61
67
56
66
65
76
53
58
61
58
59
51
59
57
48
77
53
67
69
51
54
54
55
53
61
60
59
49
54
70
71
67
65
58
52
50
50
58
49
59
58
69
64
66
62
49
54
78
51
54
67
62
49
56
56
54
67
56
61
51
65
48
68
47
47
40
50
51
47
50
48
50
47
41
53
53
59
55
52
48
57
50
53
45
57
50
46
59
48
52
57
34
56
47
53
43
54
44
46
56
50
48
46
58
41
46
37
38
41
37
50
43
51
42
49
38
51
44
39
42
41
50
47
31
42
41
43
42
41
39
46
32
29
48
55
32
48
46
48
58
49
40
48
55
40
36
52
29
35
51
43
49
36
52
56
40
35
54
40
40
37
45
44
30
32
34
42
46
38
36
38
40
34
46
54
39
37
42
35
28
47
37
33
33
37
32
24
40
38
31
37
28
32
30
32
49
34
46
38
35
55
31
41
37
41
29
46
46
40
36
32
35
50
31
33
37
34
29
24
37
30
37
34
35
38
41
53
33
33
42
39
40
26
34
39
38
36
40
39
29
30
42
34
46
37
36
37
36
42
35
37
25
28
38
32
39
27
34
36
26
37
33
30
39
34
41
37
38
29
32
22
31
28
37
35
31
38
34
30
34
23
21
39
30
31
26
37
32
42
22
21
31
35
33
37
24
28
35
29
48
36
28
33
41
35
37
39
30
24
30
33
36
25
32
34
32
40
31
27
37
30
30
33
31
37
33
33
30
32
33
29
30
38
35
33
21
22
27
33
25
34
30
31
24
27
31
29
27
25
24
24
24
25
28
28
41
24
35
37
32
28
24
30
28
28
13
35
23
25
21
32
30
22
37
36
29
27
29
28
31
24
27
36
23
21
26
36
26
36
34
32
31
30
27
23
43
29
31
30
28
30
18
35
25
36
19
33
41
28
33
31
27
29
19
24
30
31
23
25
35
32
26
39
25
26
34
29
28
36
28
28
31
26
31
26
21
38
32
31
28
29
36
32
17
19
28
27
30
31
29
31
31
22
43
37
22
24
30
26
41
26
32
28
29
28
22
24
22
33
36
39
33
27
50
40
30
36
34
32
38
39
35
26
28
28
37
31
32
27
33
35
30
28
30
37
29
35
30
32
41
21
31
35
30
41
40
26
42
29
37
26
46
43
46
37
40
33
44
37
50
30
40
41
36
36
40
39
42
26
38
41
31
49
38
45
39
38
35
38
42
46
43
31
52
55
47
44
39
40
47
29
34
40
46
43
43
45
46
45
39
41
43
43
45
31
48
34
51
59
45
36
51
54
52
43
64
61
59
44
60
60
50
55
36
43
59
40
60
50
60
50
64
60
56
48
57
49
59
62
54
45
54
47
64
74
62
69
63
69
72
65
56
70
63
62
63
75
72
63
78
61
70
67
73
61
72
79
78
76
85
61
80
85
81
74
87
73
72
79
75
94
59
76
76
63
87
89
78
94
66
70
87
78
94
90
104
92
98
80
82
85
96
78
91
90
83
94
96
82
109
102
91
92
90
90
93
90
109
88
99
103
116
94
110
111
114
93
98
91
100
91
107
95
102
110
103
104
92
105
122
114
90
131
93
101
119
136
116
115
125
117
108
124
121
110
122
124
112
125
138
124
103
126
115
108
126
121
130
117
128
137
137
116
120
128
131
143
129
142
117
149
121
128
137
124
141
143
149
141
135
134
138
164
137
159
142
147
147
146
133
161
140
152
147
156
154
145
150
149
167
167
146
137
180
157
168
168
174
178
189
155
148
162
175
161
158
171
162
180
171
173
179
174
179
170
158
163
194
177
154
171
173
196
178
182
184
164
177
177
195
204
181
181
193
178
166
165
188
189
193
195
193
176
186
188
205
197
179
207
183
202
208
184
199
179
208
197
187
185
210
213
200
195
193
199
171
194
198
192
189
209
199
191
203
170
197
194
226
212
209
185
209
200
200
198
198
201
227
223
219
227
187
236
212
189
202
198
218
210
209
239
216
219
257
227
234
223
221
218
217
206
216
212
190
220
221
217
223
200
216
202
215
251
245
217
231
246
222
245
233
229
219
237
207
250
242
210
254
269
255
238
267
226
238
226
252
278
239
252
251
255
267
230
250
263
258
245
232
247
244
235
256
249
209
239
223
273
267
270
266
266
269
237
282
256
277
256
265
241
274
266
267
236
254
247
241
275
279
282
267
285
256
259
270
264
243
258
267
287
270
291
272
249
278
258
266
284
277
272
284
265
275
287
266
275
300
281
281
276
262
296
299
277
271
285
277
301
263
286
275
306
314
264
308
283
266
288
272
278
306
306
317
307
272
261
305
283
265
291
317
334
307
316
283
279
274
317
309
318
281
343
291
323
306
278
282
302
295
308
304
311
314
292
334
291
317
292
281
292
282
291
314
282
311
284
306
315
283
300
306
310
284
272
303
330
316
332
261
281
282
278
323
316
291
337
294
324
303
325
278
292
296
297
302
318
318
328
344
281
303
268
278
293
278
283
337
329
302
282
289
331
285
296
305
311
318
328
276
307
342
317
249
301
336
297
333
325
301
350
279
282
293
323
314
322
267
308
314
308
315
325
328
305
276
307
310
319
304
305
309
289
289
290
330
285
314
307
326
318
336
319
311
295
299
332
271
324
302
302
293
323
291
310
279
315
282
304
288
308
287
268
314
311
276
313
305
313
283
305
285
272
290
280
257
277
304
307
263
264
294
275
295
291
275
274
255
309
270
262
268
295
262
280
259
259
259
278
281
273
246
283
248
256
267
274
254
254
254
275
286
264
265
285
252
256
254
274
223
251
262
265
234
263
241
241
244
253
267
252
252
246
278
237
226
238
233
225
249
245
253
231
220
227
253
240
227
226
255
227
241
257
220
218
217
217
214
253
214
212
231
238
241
227
239
212
210
223
233
201
233
225
220
204
211
203
211
227
209
220
222
203
174
202
184
222
202
203
203
188
192
217
191
208
185
188
202
171
203
187
192
199
218
181
182
183
198
174
195
192
182
159
210
172
180
190
159
182
155
156
141
200
157
189
152
149
201
137
150
169
185
165
170
156
154
146
171
149
150
147
147
142
153
137
144
139
121
160
136
144
144
142
142
147
143
155
149
128
131
132
138
146
142
121
115
133
142
122
138
113
132
119
117
120
118
137
127
120
109
112
126
121
109
125
127
109
116
103
112
108
113
92
112
102
105
91
113
120
99
117
106
104
116
95
107
93
87
92
107
92
94
81
107
99
86
98
91
94
95
92
86
95
89
96
90
71
85
88
77
81
82
84
99
95
78
70
89
62
85
85
71
83
88
62
70
58
72
67
68
75
81
72
63
72
73
55
88
64
63
61
69
64
66
75
85
55
69
77
65
59
64
74
64
55
51
69
69
57
64
46
57
53
62
59
48
52
71
55
60
47
54
58
59
54
66
59
56
51
45
68
65
54
50
48
58
49
47
55
44
53
59
56
55
55
50
56
55
50
43
46
48
56
54
53
46
35
41
51
42
48
41
50
54
43
60
48
51
52
42
48
49
47
46
48
45
43
34
45
28
41
51
36
41
34
40
32
43
39
43
32
37
30
47
26
33
32
37
34
37
30
38
37
39
40
37
34
34
29
30
37
25
33
29
34
39
37
28
33
42
35
33
27
39
32
43
33
37
43
37
32
31
35
29
36
40
33
36
32
35
37
31
35
34
31
24
28
33
29
28
31
39
38
34
32
29
26
30
36
33
32
29
24
31
24
38
38
31
30
30
28
17
29
30
21
28
31
28
33
29
21
29
24
34
27
20
29
23
28
27
29
39
25
25
22
18
22
24
23
24
24
25
21
24
29
21
22
20
19
29
26
30
25
26
19
27
30
27
19
25
26
16
23
16
20
30
25
26
29
31
26
27
23
21
23
19
23
35
23
18
24
24
33
25
27
24
18
16
24
26
20
26
33
20
24
23
19
18
17
29
28
23
26
23
24
26
25
26
17
19
17
28
23
21
21
20
17
23
22
23
20
22
23
17
20
16
13
14
21
29
20
26
24
17
20
21
21
17
16
16
14
17
17
20
13
34
19
20
16
18
20
28
20
25
15
19
22
12
21
17
21
29
18
21
18
21
17
22
18
23
20
16
28
11
24
22
23
21
28
20
13
13
18
18
22
20
15
14
15
19
11
26
21
28
18
17
17
15
18
21
16
19
17
17
12
25
27
26
17
13
21
26
12
17
13
22
12
17
22
19
26
21
24
13
17
13
20
17
16
17
15
17
10
22
20
26
15
19
20
15
18
20
15
18
17
18
23
14
22
17
17
20
15
21
30
19
19
25
15
18
17
12
17
19
17
13
20
24
17
14
18
23
22
19
26
17
19
20
17
15
9
14
18
21
9
21
19
18
17
18
12
22
19
16
15
14
17
16
20
19
22
15
19
9
26
16
14
26
14
19
10
10
10
21
11
13
22
24
15
16
13
26
12
22
14
16
22
19
17
21
13
15
15
17
20
13
21
23
15
14
11
18
16
20
17
22
20
13
22
11
21
15
18
22
17
18
12
17
16
14
23
12
21
21
22
19
20
16
18
19
20
21
21
32
18
11
16
20
13
10
11
16
19
20
14
16
20
11
20
19
14
13
20
17
16
18
21
15
14
23
15
21
21
17
9
13
15
15
17
18
13
18
19
11
14
17
21
19
21
17
10
21
21
14
24
21
18
13
15
12
19
13
15
16
17
25
20
15
20
17
8
18
14
15
20
7
9
12
22
20
17
22
17
14
22
15
14
12
14
19
15
17
17
14
19
18
15
15
15
9
10
18
24
14
11
12
17
18
17
23
13
12
17
19
16
15
19
16
14
14
20
12
14
18
27
19
23
18
11
10
22
16
21
12
9
17
24
12
16
16
17
13
12
8
14
13
10
14
22
11
15
25
16
15
15
15
16
23
10
15
17
20
10
15
19
15
17
12
19
14
16
21
20
13
11
13
20
12
8
15
17
19
12
14
18
12
14
12
13
9
9
26
17
16
10
13
10
11
17
19
12
11
12
12
9
12
8
17
17
13
14
12
12
10
11
14
15
8
15
20
13
12
14
14
19
5
16
12
10
13
18
17
12
12
13
12
17
15
13
16
17
20
16
14
14
18
15
12
14
14
7
16
13
11
11
15
17
12
16
11
20
17
9
12
10
5
13
10
9
11
13
12
14
16
18
13
12
11
12
19
10
15
12
14
11
20
14
11
13
14
14
12
15
16
12
18
11
14
13
25
16
13
13
12
9
9
13
9
11
10
7
11
12
12
10
7
12
15
20
8
9
14
9
19
8
15
12
8
15
9
11
18
12
12
12
10
13
15
12
10
10
11
11
20
20
7
9
6
9
7
13
8
12
7
11
10
15
13
8
10
8
11
9
12
3
8
7
8
9
11
7
6
10
9
13
9
8
9
7
10
9
9
12
8
11
13
8
8
14
9
15
14
7
9
11
10
9
8
14
11
6
14
9
16
9
21
12
8
11
12
7
10
13
8
9
7
18
11
6
8
7
11
10
8
8
13
10
7
7
11
12
12
9
9
10
12
14
7
12
15
10
8
6
11
11
5
9
10
14
13
14
7
10
9
9
10
10
6
18
11
10
13
12
11
8
10
11
7
11
10
9
9
16
7
11
11
13
12
13
6
6
10
13
16
10
6
5
8
10
4
9
10
9
6
11
7
12
11
10
7
10
9
7
8
10
10
9
6
11
7
4
7
14
15
16
11
5
7
9
3
12
11
9
3
12
16
8
9
11
8
8
7
11
5
10
8
6
12
6
8
10
6
17
13
11
4
11
10
5
8
6
12
6
9
10
13
9
9
14
11
9
8
7
8
9
11
6
11
6
9
7
7
8
7
0
6
5
6
8
10
10
9
5
10
11
6
6
15
8
8
8
5
11
10
10
5
5
10
11
8
9
3
3
5
4
9
11
10
10
4
5
9
8
13
8
7
6
6
11
9
14
6
6
6
2
10
6
10
13
9
11
10
9
7
7
10
10
9
7
8
9
11
11
8
8
8
12
7
1
4
6
7
3
13
12
7
6
14
14
7
10
5
11
6
7
8
3
12
6
8
12
6
4
4
4
11
10
6
8
3
10
8
124
119
114
140
118
129
131
145
125
107
113
111
126
107
115
109
136
116
106
114
121
108
117
138
107
122
120
137
112
119
137
129
108
119
133
133
112
134
136
115
140
106
134
138
131
116
127
105
118
116
131
133
126
120
122
103
136
118
107
133
126
138
99
109
132
137
108
109
118
113
124
126
142
123
122
117
127
118
112
138
124
130
115
117
106
110
134
110
115
110
115
104
125
116
111
117
123
111
112
104
112
120
126
119
127
116
98
104
125
106
105
110
111
114
129
110
125
114
113
98
126
118
123
121
108
107
106
62
