19672
16537
13912
11706
9858
8470
7361
6446
5679
4945
4424
3977
3525
3218
2911
2709
2514
2264
2146
2030
1976
1840
1755
1720
1687
1592
1534
1556
1484
1483
1472
1431
1407
1361
1316
1342
1357
1268
1326
1217
1275
1282
1258
1231
1266
1205
1241
1184
1148
1173
1200
1183
1120
1143
1146
1090
1066
1078
1141
1074
1065
1080
1062
1045
980
1017
1027
1019
1039
1028
1031
1025
1050
965
994
985
983
977
951
939
963
969
984
923
902
904
942
880
916
926
913
886
922
882
947
887
894
835
865
913
844
819
839
867
824
803
845
833
862
829
824
872
866
860
816
883
877
917
877
795
868
868
813
818
797
807
795
750
788
740
795
767
762
737
790
752
785
748
714
771
723
776
727
749
715
756
747
751
667
735
723
749
702
723
709
670
762
685
695
690
700
676
674
717
657
675
678
647
682
677
684
725
675
698
634
653
643
668
640
651
618
655
606
646
658
699
651
621
647
648
695
670
589
628
637
585
632
570
588
625
586
621
624
564
659
599
597
602
614
565
624
572
556
597
570
562
623
592
539
555
584
553
577
553
559
556
565
591
560
585
560
564
510
572
597
531
562
556
557
539
505
509
551
534
561
468
507
523
508
444
477
470
504
459
474
470
507
483
503
449
467
481
450
495
492
487
490
532
470
476
493
494
473
478
456
491
513
479
471
486
493
500
457
504
493
500
511
493
453
511
513
493
464
501
531
465
452
458
458
455
449
489
477
484
439
482
450
489
474
467
492
480
417
468
434
492
468
453
459
471
483
463
447
464
449
462
444
443
470
482
394
446
409
470
466
447
415
461
450
440
460
412
447
421
463
452
422
402
472
399
451
423
460
390
437
436
426
426
438
443
413
404
433
418
393
387
404
413
391
413
429
435
449
432
394
422
458
414
454
422
406
409
395
396
430
459
423
412
416
419
401
432
368
429
408
414
423
396
440
441
407
411
408
380
451
404
439
407
375
434
425
388
421
360
396
366
379
386
368
389
387
367
370
391
352
374
392
416
378
398
364
445
399
345
420
392
393
426
363
420
383
351
389
374
390
400
387
414
397
372
418
423
375
383
377
373
388
332
391
334
376
371
388
379
372
358
389
363
370
368
424
356
392
325
394
394
379
343
351
351
369
372
383
367
369
379
349
359
349
377
350
374
357
371
303
345
355
377
373
343
330
335
366
368
351
340
342
349
329
365
353
376
361
316
347
349
367
375
313
346
355
348
321
345
339
334
364
319
344
356
335
339
332
334
333
343
375
342
337
329
365
344
356
321
333
364
351
344
321
326
328
319
345
332
338
300
346
323
319
347
348
362
351
322
359
331
337
291
333
303
331
313
345
327
314
302
310
305
310
338
306
349
330
324
342
303
328
327
274
299
329
308
339
325
330
338
315
345
275
317
330
341
295
293
322
312
309
310
304
355
306
301
283
271
326
297
303
304
324
309
317
343
307
301
319
313
264
307
323
309
306
285
330
330
315
310
312
308
322
320
305
323
274
305
296
327
288
323
285
328
340
301
316
293
288
285
288
312
296
305
310
310
295
296
296
304
296
267
278
322
268
298
275
290
321
283
302
301
341
285
301
315
283
284
313
253
303
254
282
297
273
297
281
260
277
268
292
297
297
265
275
289
259
306
295
258
278
280
266
288
289
266
307
295
277
295
287
259
279
308
303
269
281
282
296
288
270
265
269
245
263
263
274
289
293
304
280
292
273
260
287
291
292
255
278
305
282
292
274
280
282
268
283
268
295
317
290
233
286
288
259
303
263
276
277
284
290
272
300
284
257
286
325
263
258
272
292
273
287
289
275
267
258
265
251
302
251
265
264
268
287
294
274
261
249
252
241
262
266
250
281
272
258
259
239
252
281
274
266
262
258
259
275
255
253
269
275
262
247
249
273
252
280
239
287
245
259
275
267
282
267
264
255
275
284
289
300
290
240
226
226
267
261
246
257
252
256
252
253
261
278
278
239
227
262
275
233
247
264
245
251
251
228
269
252
257
244
243
250
270
237
274
227
259
246
253
255
255
261
262
246
236
252
258
261
258
237
264
250
261
243
232
261
280
252
235
260
247
246
250
239
276
264
257
281
268
248
256
243
288
255
251
260
251
239
262
268
249
246
261
251
258
238
227
254
267
256
237
229
271
261
273
260
228
207
256
244
225
227
238
262
267
243
255
256
240
243
262
253
253
248
235
263
233
243
266
231
236
231
252
270
260
235
231
229
250
243
262
266
239
249
221
272
236
241
212
216
259
250
243
247
256
240
237
231
216
225
264
244
230
247
272
237
246
213
231
249
229
258
254
246
222
245
217
222
274
220
240
227
230
234
233
249
242
239
234
241
228
222
227
264
245
281
226
237
241
237
227
207
206
258
245
232
223
214
221
232
266
218
230
218
195
227
217
228
242
244
238
274
241
219
236
233
224
235
228
227
241
237
281
248
236
230
249
252
240
247
236
224
232
213
227
230
252
220
235
223
233
261
236
215
239
213
249
248
245
248
212
250
233
231
222
237
203
244
237
254
230
269
269
232
238
245
232
258
273
237
264
255
248
247
243
231
229
240
247
244
251
271
227
277
262
252
211
223
254
226
224
240
202
242
231
227
223
245
216
217
215
239
245
246
248
207
241
245
226
224
191
224
225
192
210
230
219
205
223
252
246
257
216
196
216
215
235
226
234
243
250
225
195
222
240
197
205
221
232
215
203
217
202
231
199
229
218
203
197
224
229
213
215
225
212
207
210
223
208
193
195
247
210
243
200
223
210
204
212
215
194
173
220
212
240
192
215
222
225
207
192
178
224
215
217
215
199
209
210
208
211
205
203
199
222
198
218
191
195
223
220
204
216
189
189
205
196
189
205
197
191
211
196
215
217
220
229
199
208
200
206
209
202
209
208
207
219
199
210
177
232
200
200
188
199
191
197
176
208
203
202
186
209
200
219
196
221
191
181
178
212
197
193
210
163
221
220
197
194
218
193
175
197
189
201
191
185
172
165
178
192
188
186
201
185
206
203
215
194
215
194
207
183
196
201
160
211
183
184
200
176
198
200
206
165
206
179
175
181
219
186
200
204
198
185
179
195
179
201
180
190
191
156
170
202
182
183
174
195
182
188
205
193
207
182
174
184
204
178
200
186
191
191
170
217
188
206
170
163
167
167
205
200
199
182
184
168
182
174
156
180
178
211
218
198
181
182
181
172
171
172
180
175
174
182
183
172
166
172
193
172
210
141
192
195
178
198
193
149
177
178
172
190
201
157
165
171
170
168
164
197
185
156
174
177
190
191
206
183
202
166
180
161
173
197
186
171
176
176
170
175
174
183
169
180
178
165
176
166
170
156
153
160
180
147
184
181
186
195
192
186
168
172
176
185
145
156
159
158
194
176
196
175
164
189
183
175
168
190
184
178
164
147
176
181
149
174
183
175
173
171
171
173
158
153
162
170
168
160
174
158
169
197
158
165
146
181
181
160
167
174
173
188
150
159
184
161
181
160
154
152
173
174
191
139
175
142
171
153
173
146
160
152
173
174
162
174
175
154
195
157
183
160
162
135
181
151
168
169
154
161
171
158
182
134
141
154
178
152
141
171
158
161
155
169
154
170
177
160
157
163
160
156
153
170
168
154
177
148
144
140
171
159
159
167
146
173
154
158
166
160
153
156
168
146
173
144
147
152
159
138
147
155
132
154
168
130
158
156
146
161
136
154
166
149
159
172
174
170
176
158
171
182
166
183
180
143
189
137
178
156
181
160
144
145
152
181
147
178
150
141
144
149
161
145
159
165
147
159
166
167
160
134
153
150
157
148
167
149
155
135
163
155
156
151
161
134
132
146
143
144
166
141
144
146
153
128
155
150
159
148
137
149
153
137
123
161
152
171
147
149
137
141
169
156
133
149
155
140
148
134
150
144
152
152
169
147
157
150
131
158
138
160
155
138
145
143
161
163
162
160
166
141
171
152
140
141
130
137
155
149
146
132
150
127
156
166
138
146
164
137
149
140
155
145
147
158
149
151
168
161
158
148
134
135
155
161
164
177
153
126
147
131
145
150
153
145
167
119
142
169
145
138
150
163
135
145
133
154
134
143
141
140
118
146
162
148
149
151
169
132
158
126
165
140
145
137
172
156
166
154
135
138
146
147
147
121
160
136
138
131
141
148
150
150
157
145
148
146
148
147
146
143
155
162
136
147
129
153
133
147
141
142
146
138
117
139
139
147
148
138
140
149
140
158
138
184
135
130
135
143
152
149
137
134
146
144
170
136
142
131
141
145
154
147
120
152
136
174
147
135
162
153
121
149
131
139
141
146
148
147
150
124
154
135
154
137
151
132
136
151
145
123
147
165
141
146
134
130
158
125
143
133
134
135
145
150
133
150
144
139
161
157
154
139
130
117
133
129
124
142
126
149
156
146
140
131
142
122
129
134
136
131
134
142
145
117
138
153
117
159
140
126
137
135
141
129
151
145
137
134
136
134
138
141
135
146
152
133
141
154
135
127
133
123
125
126
139
127
136
141
132
116
121
110
131
132
146
119
143
111
140
131
123
148
133
146
131
135
111
134
133
134
111
119
130
138
138
108
121
126
137
157
161
133
144
136
144
121
122
128
134
129
142
112
135
133
121
135
132
142
127
129
119
125
119
127
145
145
125
117
151
136
119
114
115
133
137
138
131
110
135
135
116
131
128
120
126
130
129
130
114
146
143
114
132
114
117
124
122
154
132
132
130
130
120
142
131
148
118
144
123
121
130
150
141
128
129
122
145
150
127
117
134
124
138
125
117
132
114
118
132
126
127
127
116
132
125
121
100
112
137
133
114
115
115
125
117
119
132
140
118
145
130
121
122
145
131
122
133
107
117
123
115
120
135
149
143
113
122
119
112
131
128
125
139
117
114
141
133
140
121
121
140
145
112
120
107
139
144
141
124
126
128
124
129
143
122
119
127
128
114
114
119
118
119
121
114
143
118
114
102
113
125
115
131
125
154
129
140
130
111
118
131
108
116
130
126
129
142
125
116
139
119
126
134
134
135
114
127
135
107
117
133
121
137
120
132
130
127
133
128
140
125
115
120
118
129
139
113
113
131
105
115
114
109
119
130
124
119
114
119
122
135
124
127
117
121
111
122
137
113
113
107
117
114
121
117
119
114
138
99
127
99
120
124
142
140
117
107
120
117
124
118
132
123
129
118
136
140
131
131
112
134
113
116
123
112
115
124
118
109
131
109
125
125
125
127
132
133
127
119
130
123
104
127
120
117
122
126
113
110
110
131
135
117
110
116
124
120
144
136
129
119
106
129
118
119
92
98
122
108
113
106
108
121
110
107
127
127
102
121
99
131
122
117
107
129
115
119
132
118
113
128
113
120
118
126
116
131
119
113
110
115
132
130
114
118
109
113
136
103
93
135
114
117
110
123
121
135
119
107
124
120
118
110
115
105
100
102
106
109
113
109
121
128
111
113
117
98
109
110
99
121
120
125
111
107
126
110
140
112
121
101
135
123
99
122
110
125
118
129
112
102
114
114
93
96
111
132
102
110
124
103
119
113
112
109
119
100
126
117
104
118
102
117
115
127
127
108
100
114
122
123
111
117
115
106
142
97
106
121
106
120
116
108
125
127
97
107
115
107
110
117
106
120
114
118
111
140
105
113
116
121
103
125
112
122
114
109
110
99
106
123
125
109
100
109
112
128
118
112
107
103
116
114
104
116
126
134
115
107
112
105
101
116
107
97
118
114
109
95
104
105
113
125
106
99
118
98
97
107
124
113
111
111
111
117
90
111
115
111
104
118
126
131
120
129
99
102
116
116
125
103
120
101
112
124
111
112
106
106
120
103
116
121
112
105
114
105
125
118
120
105
115
126
90
105
107
116
112
113
130
107
110
103
118
108
114
95
114
90
106
97
115
121
106
122
114
114
122
108
102
89
108
102
113
116
111
98
127
116
85
104
114
107
99
114
114
125
129
126
118
106
125
104
105
119
117
109
107
134
109
113
110
116
92
108
109
100
90
100
118
125
101
101
115
100
83
118
113
110
106
113
91
102
120
108
103
101
98
116
100
113
116
102
105
98
101
118
97
115
112
113
116
118
112
104
133
96
100
104
116
111
94
105
108
100
110
110
103
89
117
112
98
103
104
110
128
96
118
113
114
106
98
120
102
118
125
89
117
98
109
106
120
100
101
109
103
126
110
103
112
124
98
87
94
100
104
108
106
107
93
90
111
100
100
84
108
118
100
110
110
136
116
106
109
120
102
88
108
116
109
87
102
91
131
97
104
103
117
107
114
113
103
109
108
100
109
117
117
96
109
117
94
96
109
97
115
107
107
86
93
91
114
94
112
120
101
93
114
102
105
114
130
110
130
108
116
115
115
106
108
106
97
88
98
89
95
117
104
105
113
103
117
106
101
106
89
92
130
107
105
111
113
110
101
122
111
107
104
95
127
105
108
112
112
107
112
123
104
106
101
94
93
110
98
93
108
106
107
91
115
90
98
107
91
99
115
115
100
108
101
91
101
87
90
108
117
119
115
110
93
90
86
106
98
101
91
95
113
101
95
118
106
105
94
94
114
109
97
103
96
89
102
111
88
115
110
118
109
125
104
100
104
102
105
107
104
109
93
106
118
118
94
102
94
109
119
97
90
100
111
103
124
91
109
108
100
103
85
96
110
104
87
103
102
86
89
96
116
91
106
115
80
103
109
93
84
124
105
108
108
99
111
112
106
109
80
96
90
96
91
85
93
98
115
101
98
113
96
86
104
111
95
80
79
93
107
86
98
101
96
86
105
97
106
102
105
110
98
95
93
100
117
89
93
83
104
105
111
106
108
103
94
98
111
100
97
92
97
92
115
91
98
103
95
85
115
97
83
93
107
96
108
98
99
100
108
91
100
102
119
96
116
100
80
93
101
84
101
97
97
104
105
116
100
100
112
113
85
86
79
98
101
90
94
92
117
93
83
95
117
93
110
84
88
97
95
86
96
90
108
91
110
100
101
91
93
99
102
101
97
99
89
91
90
112
91
106
98
100
86
97
100
99
91
101
106
105
78
77
110
91
103
101
103
112
105
101
79
104
119
106
95
95
103
110
103
87
99
89
101
110
93
88
102
102
97
93
93
89
96
102
104
97
86
94
101
105
127
97
99
101
103
93
101
75
93
97
76
101
94
97
96
108
106
99
101
89
86
88
100
90
101
99
107
89
108
92
96
94
103
96
106
99
104
93
105
92
94
89
101
90
88
103
94
98
101
99
100
111
92
95
90
88
99
91
95
89
96
86
87
104
105
81
79
98
97
96
94
98
89
77
108
96
74
82
96
81
95
88
90
85
89
87
97
81
100
119
83
103
86
98
114
99
105
96
106
104
102
89
93
113
104
88
95
98
110
87
106
86
95
102
100
105
102
82
92
93
99
98
98
91
97
105
90
114
91
84
109
94
92
89
103
99
104
105
105
102
86
92
117
97
90
93
90
86
90
111
93
83
95
90
101
104
88
89
91
69
100
94
101
99
78
82
88
101
93
104
93
94
77
97
85
109
93
96
91
96
101
96
108
91
81
95
79
82
102
91
82
97
82
110
93
79
100
91
99
103
83
97
102
82
97
85
89
77
87
99
89
101
84
83
78
96
88
106
91
92
85
94
83
105
106
83
97
105
85
78
85
87
94
97
115
80
77
119
101
69
91
108
75
80
98
99
86
92
103
99
83
94
93
89
98
90
96
94
91
86
79
83
92
75
93
82
93
89
87
88
111
92
79
101
105
93
84
97
93
75
95
100
88
77
93
95
92
77
98
94
102
78
93
102
92
88
74
98
89
82
91
66
105
93
73
86
95
88
103
86
96
84
82
93
87
84
84
90
77
91
81
99
74
83
85
85
99
81
92
92
94
69
81
93
74
91
96
91
88
100
94
92
83
98
92
95
90
73
100
91
78
92
93
79
79
74
77
74
88
89
98
87
86
84
92
99
81
93
90
84
76
83
92
90
78
89
110
99
86
90
85
84
79
81
85
93
83
87
98
88
96
96
83
88
89
102
104
86
97
90
82
94
111
101
88
104
87
92
91
89
124
99
89
87
98
98
90
105
77
78
92
98
81
93
90
77
96
91
105
93
77
101
91
95
94
99
81
80
85
85
82
101
99
85
79
92
90
110
87
91
84
100
80
110
96
85
92
104
98
99
77
89
110
89
94
102
84
86
84
90
79
86
88
98
90
77
92
100
85
89
85
90
75
100
87
100
99
71
83
82
97
103
77
78
75
82
64
99
78
105
83
104
80
82
87
85
95
94
99
87
107
87
102
100
85
84
95
62
81
100
83
104
84
90
97
89
104
96
95
89
72
95
87
84
91
81
90
81
75
87
81
85
90
89
79
80
96
87
82
90
76
80
63
90
83
81
115
74
83
89
98
76
77
84
96
86
92
88
74
82
93
85
92
79
97
89
103
89
85
96
77
83
89
103
94
82
83
82
83
84
91
95
75
76
79
94
90
84
87
87
98
79
94
81
110
66
83
84
94
88
98
81
91
88
87
96
88
91
79
101
90
95
86
98
93
88
83
92
92
86
101
85
81
99
91
90
80
105
98
87
83
91
82
87
85
83
96
69
86
76
89
97
84
94
89
74
78
84
77
78
94
101
97
82
71
83
89
88
80
94
111
94
79
85
94
84
82
86
93
88
95
86
84
85
70
87
74
84
67
93
88
91
81
99
91
109
95
97
78
67
97
89
72
72
97
92
90
92
98
81
87
88
88
87
82
80
78
89
75
84
82
89
86
107
90
80
81
80
83
80
93
91
90
85
89
104
72
94
80
92
82
73
89
87
90
76
100
76
96
78
94
79
85
99
82
82
84
68
87
88
79
66
76
91
94
87
65
77
85
88
97
86
80
67
110
103
87
86
75
86
83
99
81
66
102
92
85
99
92
87
93
102
79
96
79
70
94
98
82
81
65
86
79
89
88
93
88
72
97
82
92
85
85
91
91
78
94
83
95
98
78
71
87
75
88
99
85
86
60
78
94
78
71
103
92
74
85
91
73
80
95
96
80
72
95
79
87
88
71
91
73
85
96
95
78
88
82
81
104
88
81
82
85
73
99
89
90
98
89
99
88
91
93
91
93
89
92
71
77
100
67
86
92
83
87
89
88
78
76
87
94
89
98
79
95
82
80
92
98
95
94
98
83
89
80
80
69
91
85
70
94
80
91
85
85
95
89
85
86
80
87
66
92
80
107
91
76
74
86
91
81
78
89
78
93
79
86
89
87
99
82
78
64
80
76
74
89
73
84
85
77
115
108
84
71
94
84
83
87
101
71
81
90
87
77
111
72
82
94
96
70
86
81
94
78
78
89
81
92
99
97
84
80
78
94
80
76
102
103
73
69
80
82
89
84
97
86
90
97
79
77
87
76
98
79
76
74
88
76
81
70
69
100
89
91
89
71
69
94
85
100
79
87
95
85
72
70
82
82
93
94
76
69
82
78
72
96
89
88
87
98
90
83
98
82
82
86
79
81
77
77
81
81
84
82
89
97
87
88
91
84
74
79
65
97
101
92
83
85
89
76
80
75
87
100
78
81
93
94
93
86
98
75
102
82
87
90
79
78
86
86
80
87
88
74
75
93
94
86
91
95
87
101
80
78
84
86
87
70
76
85
79
84
76
73
83
76
83
93
79
87
81
77
92
87
78
85
76
92
83
85
75
78
94
82
65
86
95
83
107
82
84
79
84
76
93
85
75
79
87
81
80
74
87
76
90
84
82
83
75
89
82
95
96
90
87
80
86
93
75
86
84
73
97
84
94
84
104
83
86
85
94
92
80
91
91
72
80
85
85
78
77
87
64
81
81
78
87
91
91
81
86
73
91
91
80
68
91
84
71
72
84
91
81
88
101
82
83
83
81
75
92
80
86
83
106
93
72
108
80
87
67
90
83
81
84
97
98
93
98
94
75
81
88
78
97
98
82
99
69
81
108
86
71
85
80
75
99
94
104
63
91
90
73
89
75
79
90
94
99
74
89
76
88
84
102
73
87
87
69
88
99
87
76
89
79
85
95
82
83
77
91
89
98
93
95
77
76
87
88
83
87
71
53
105
94
86
93
83
80
89
98
81
77
74
92
97
68
85
78
89
95
86
95
87
72
93
86
79
85
69
87
86
71
72
88
91
68
75
75
98
84
73
90
80
93
71
95
84
91
82
87
78
79
107
75
106
80
79
78
78
90
90
87
84
79
89
84
71
95
83
95
93
81
101
81
96
77
84
69
89
75
90
89
59
84
92
101
88
90
102
118
69
94
79
97
93
97
84
81
87
84
76
84
91
89
72
78
101
87
69
80
96
90
73
94
93
83
88
85
76
100
96
101
80
79
111
86
88
113
88
90
85
86
80
92
84
80
100
101
82
76
86
79
84
79
88
84
75
95
93
76
84
91
106
83
74
68
83
69
77
87
84
94
80
74
85
86
66
72
86
88
84
84
75
80
96
89
89
80
81
94
79
94
93
80
94
89
88
84
83
98
94
98
85
92
81
75
58
89
70
101
79
63
99
68
84
69
89
86
74
82
82
104
87
75
64
82
94
87
70
94
84
95
100
107
89
90
100
88
83
99
94
97
77
83
94
93
89
85
85
84
84
81
105
97
85
87
87
88
82
92
84
74
72
88
90
74
86
99
85
75
99
72
70
81
80
64
86
88
94
100
71
88
85
81
82
96
91
77
84
93
95
84
84
80
78
78
78
92
90
64
85
75
93
99
107
103
82
79
96
80
96
97
84
80
92
85
74
90
86
94
89
75
87
99
87
82
91
76
76
96
90
83
78
90
85
69
89
68
71
82
81
92
93
101
85
96
80
73
90
84
91
95
89
77
88
84
89
83
87
82
81
81
85
103
88
88
90
79
77
87
82
97
81
114
67
82
97
96
67
76
80
67
77
97
88
94
77
81
88
81
90
72
71
103
82
83
85
83
63
84
86
90
83
80
107
76
96
85
61
74
73
81
73
85
84
81
80
81
100
86
75
66
89
70
83
93
86
80
72
78
77
84
90
86
83
76
72
109
86
79
77
73
74
72
76
82
74
82
62
105
67
85
84
70
70
89
76
73
85
72
65
84
78
78
85
86
67
72
86
76
60
81
102
73
71
88
76
86
69
83
76
84
88
85
68
81
76
84
94
73
74
74
82
73
83
79
87
79
90
85
78
78
77
83
65
68
94
61
80
61
71
73
77
78
65
70
78
90
83
75
79
71
80
99
76
71
75
72
91
81
64
98
66
66
78
75
90
79
81
69
81
79
72
74
80
66
92
61
79
87
77
67
62
70
78
65
68
84
61
79
67
92
76
74
78
82
74
80
72
68
83
75
69
73
63
93
72
76
79
76
70
65
77
61
69
70
73
81
59
66
75
74
62
65
89
81
67
89
69
73
77
56
64
80
78
68
69
71
76
80
76
73
66
69
66
76
75
71
76
76
75
67
62
85
68
66
73
63
99
61
74
67
69
61
52
70
76
81
73
74
74
77
83
67
67
71
81
64
74
67
81
75
74
54
75
81
73
68
83
80
69
56
79
82
72
86
72
73
72
55
62
50
62
63
83
66
59
68
75
73
59
75
66
71
81
72
64
64
78
77
64
74
63
76
66
77
78
70
63
48
62
71
60
77
72
66
90
59
80
74
65
74
64
63
67
77
82
62
67
85
67
60
73
72
80
87
59
70
58
68
73
89
74
55
66
69
65
76
63
71
71
53
57
69
70
64
88
66
76
70
79
59
60
65
69
77
59
78
84
87
57
73
58
89
74
79
85
81
78
75
60
85
77
59
56
63
75
79
83
72
62
62
71
71
79
67
74
74
78
65
78
67
68
64
82
69
60
76
64
82
69
70
75
59
60
73
62
73
65
62
73
64
70
83
75
70
60
74
75
61
66
69
66
58
69
71
59
51
83
57
57
57
76
70
68
78
71
80
63
63
71
65
61
71
62
65
68
75
75
74
71
60
76
72
68
89
89
55
80
66
57
67
65
65
64
83
69
56
70
72
72
76
71
72
61
72
77
62
60
73
64
81
85
61
59
70
57
80
61
67
53
59
78
59
57
63
70
71
72
63
80
70
62
63
59
76
77
53
76
63
65
74
65
80
63
70
79
74
75
70
58
90
65
79
67
61
59
83
74
73
52
77
67
66
78
76
66
57
87
70
64
76
79
67
69
69
71
65
62
71
68
60
67
67
85
64
53
66
74
86
64
49
69
74
62
59
61
67
63
76
64
71
58
60
62
66
64
74
76
71
67
58
63
86
70
76
79
70
77
65
68
55
73
79
63
65
72
80
69
67
78
74
68
68
83
62
49
70
69
67
60
79
79
79
78
67
66
69
60
74
67
53
66
78
57
68
81
78
72
72
69
71
66
86
65
63
65
63
72
67
67
68
71
71
69
63
69
64
75
76
77
63
59
66
67
80
65
78
57
78
64
59
69
62
72
68
56
61
73
68
64
77
83
72
76
66
64
67
72
62
80
76
69
68
64
68
72
71
65
75
74
77
82
59
66
61
67
89
71
58
68
60
69
66
68
54
69
58
76
70
58
78
70
66
67
62
72
68
61
67
57
63
68
67
58
76
61
71
65
70
74
86
70
58
56
61
63
67
73
71
67
78
70
74
79
65
66
91
73
67
80
71
74
67
59
67
61
68
67
72
69
50
57
72
65
68
70
60
65
67
52
75
67
65
67
70
70
65
60
73
63
61
76
76
56
73
68
65
71
58
62
61
62
67
56
68
69
69
66
74
44
66
65
50
70
67
65
68
55
64
57
64
66
52
55
66
74
59
58
70
52
41
60
68
53
70
59
50
42
63
65
59
55
67
62
62
65
59
55
39
67
51
51
55
71
54
53
62
53
43
57
55
59
49
55
57
56
44
59
39
58
51
49
55
51
59
44
53
61
64
68
51
51
54
51
43
46
69
66
66
64
67
66
52
60
66
57
50
51
55
56
46
48
60
51
60
41
52
57
46
55
64
59
59
56
46
49
48
57
38
58
55
58
56
54
48
55
50
54
54
58
52
55
59
69
51
58
51
35
65
53
56
55
60
62
47
53
65
51
50
54
62
61
57
44
55
51
50
54
60
52
44
50
44
69
49
66
52
53
60
50
49
55
64
64
40
59
41
70
50
56
66
57
67
53
53
61
61
60
49
50
50
64
48
56
48
59
65
52
54
60
67
50
62
58
55
56
51
52
53
52
63
59
63
47
54
60
60
55
66
55
58
68
48
56
66
67
61
64
60
57
58
47
68
59
74
64
57
63
71
71
59
74
65
61
64
64
61
73
54
75
69
73
81
73
56
75
66
59
77
59
81
76
72
66
76
71
73
83
69
86
98
88
112
80
105
110
99
87
120
131
122
127
149
199
220
255
316
357
448
442
436
415
454
398
358
342
316
267
209
202
174
138
143
119
108
75
87
75
60
66
70
67
64
54
59
52
53
58
53
40
50
42
57
56
47
52
46
49
40
45
45
53
47
36
49
47
47
48
50
49
50
35
54
59
47
41
48
44
43
39
51
44
65
53
47
46
49
48
44
46
31
47
48
52
46
47
35
41
57
44
52
41
43
50
49
45
46
41
43
45
45
33
34
47
47
40
39
58
49
41
41
55
44
57
45
51
42
48
54
40
45
43
43
31
45
46
42
65
51
48
48
46
51
53
54
58
45
60
45
36
51
42
52
40
59
49
51
43
44
43
52
50
42
39
48
55
53
37
47
50
56
47
63
43
55
52
51
50
47
48
50
49
59
55
55
47
60
50
59
34
44
46
39
58
45
48
62
57
52
42
53
50
63
50
69
55
59
72
52
51
48
77
61
57
57
51
52
48
61
59
64
60
62
60
69
65
54
56
60
65
59
75
63
64
69
75
52
66
70
76
79
70
82
85
86
97
95
97
90
92
79
89
59
59
74
47
47
49
44
51
30
38
33
31
32
30
30
26
25
23
18
21
24
24
21
23
20
22
32
20
26
27
17
23
26
20
26
22
32
25
24
23
18
21
20
23
20
17
24
27
12
31
28
27
19
19
19
18
11
18
22
21
20
29
31
19
24
29
23
21
21
21
21
23
23
22
14
16
16
28
23
10
27
22
27
17
21
19
24
26
20
23
14
18
20
19
18
23
22
14
15
17
20
22
24
14
15
29
21
15
24
16
12
14
19
22
17
17
19
21
24
19
21
14
16
20
22
15
16
26
22
19
27
25
19
19
19
13
29
25
21
22
23
19
20
14
19
18
21
23
18
23
15
17
13
9
13
21
15
16
17
25
31
23
20
23
13
20
20
23
20
13
19
13
20
18
31
30
20
21
15
15
18
14
15
16
19
17
16
23
18
13
12
20
21
19
19
17
16
8
18
25
18
16
25
18
11
18
20
17
23
13
22
20
21
25
18
25
23
18
21
15
17
8
16
13
21
18
19
16
22
22
22
27
11
23
18
20
13
22
15
30
18
23
27
14
17
21
27
16
16
15
18
16
24
15
23
14
19
15
16
19
14
19
24
19
16
21
17
17
21
15
12
16
23
23
19
24
16
28
12
14
22
22
31
15
23
22
13
18
14
13
27
22
20
23
16
20
17
20
20
22
11
18
22
21
21
16
15
22
17
18
18
12
15
20
9
16
17
14
23
21
15
16
16
10
21
15
20
18
24
17
17
11
14
16
25
24
20
20
22
21
11
17
13
16
20
20
26
16
24
20
18
13
15
16
20
14
16
16
14
16
12
20
28
15
39
16
20
21
19
17
20
13
18
15
19
19
17
23
18
20
16
17
17
18
13
26
19
11
17
17
14
16
17
22
15
23
16
17
20
15
17
14
27
21
19
13
23
22
19
18
19
16
21
31
22
19
20
11
16
18
16
23
17
22
19
15
14
15
20
14
14
13
29
19
18
26
25
12
21
24
19
14
16
27
14
20
23
19
19
24
17
9
21
17
13
28
24
9
23
26
26
21
25
21
23
22
19
26
28
23
22
17
22
29
14
25
22
17
24
27
22
26
22
23
27
29
28
27
27
32
28
26
22
35
27
32
34
30
27
21
32
35
34
33
40
37
34
26
37
32
41
34
36
36
42
37
37
36
34
40
40
44
34
40
41
30
44
41
45
48
37
41
42
40
49
48
37
49
40
49
48
43
43
62
44
49
55
49
53
34
52
62
51
48
56
63
64
64
57
67
78
67
77
80
88
89
93
103
133
156
179
213
270
360
446
580
643
738
862
971
923
912
889
781
692
658
521
437
388
304
259
226
214
138
131
96
95
93
94
51
54
54
44
45
41
31
33
25
30
33
28
23
23
17
27
18
26
25
27
15
20
21
13
18
20
20
15
16
19
25
16
11
11
20
15
20
19
11
22
24
23
25
23
21
12
20
21
19
24
25
33
20
18
24
15
18
23
26
22
21
26
20
26
17
23
24
23
23
20
29
21
23
20
13
12
30
15
24
23
25
21
17
23
23
23
26
18
22
19
21
19
22
23
22
29
19
17
26
19
23
26
22
26
13
18
18
31
25
20
28
14
23
31
24
24
17
24
30
23
24
24
25
25
28
26
21
21
24
18
25
22
27
21
28
12
28
21
27
23
29
21
28
27
32
16
21
36
22
29
32
23
26
29
17
27
33
28
30
7
35
13
20
35
42
26
24
32
39
34
26
34
47
25
25
27
27
36
31
31
35
34
51
33
35
33
34
36
32
36
36
46
45
39
45
47
61
50
49
51
66
61
60
65
70
77
59
65
61
57
59
50
53
38
33
23
22
21
23
20
24
17
9
8
6
5
13
15
11
5
11
3
13
13
2
5
3
8
6
6
3
6
4
10
3
6
4
3
5
3
7
7
7
3
2
4
12
3
5
5
5
2
5
4
8
6
0
3
4
4
5
4
2
8
7
6
7
4
7
2
4
4
0
4
6
2
5
3
4
5
5
5
8
2
2
7
3
2
2
5
3
8
5
5
6
9
3
7
6
3
6
7
7
4
9
4
4
3
6
3
8
9
4
3
4
7
2
5
6
9
7
3
2
3
6
2
2
1
4
7
6
8
6
6
4
1
4
4
6
4
3
6
7
6
2
4
5
7
3
3
2
5
4
4
5
6
3
3
7
7
3
5
2
4
4
3
5
4
3
6
4
5
2
4
10
2
4
4
3
0
3
5
5
6
3
4
1
4
6
3
6
4
4
3
7
4
7
0
10
5
7
2
7
2
5
4
4
5
3
4
5
5
3
6
2
3
4
3
6
4
4
2
6
4
1
3
2
3
3
3
4
4
4
1
4
5
6
3
3
3
4
6
4
3
5
2
7
4
4
5
7
2
8
5
2
7
3
2
6
6
5
2
3
3
6
5
3
4
2
2
1
3
2
2
4
4
8
2
3
3
8
3
7
4
5
2
1
6
10
1
4
6
4
1
5
0
6
3
3
4
2
0
1
2
7
2
4
7
2
8
3
4
3
3
5
2
5
2
5
4
3
3
3
2
5
5
4
5
1
4
6
6
2
4
3
2
1
0
1
6
4
11
3
4
2
1
2
1
3
5
4
4
6
7
3
5
1
10
5
3
2
8
3
2
4
4
6
3
6
4
4
3
2
5
4
2
1
1
4
3
5
3
5
3
5
2
1
4
3
6
2
5
6
2
6
4
3
1
6
6
7
7
2
5
5
1
2
4
2
1
3
5
4
1
2
2
5
3
3
2
2
3
5
2
6
6
9
4
8
6
4
4
1
4
4
1
2
4
3
3
7
4
4
3
2
4
3
1
4
8
3
6
3
3
1
4
5
1
4
5
8
2
2
2
4
10
3
4
2
1
0
5
4
4
5
2
7
4
1
5
1
5
2
2
3
2
5
3
1
3
0
4
2
4
2
7
4
4
1
4
0
3
1
4
6
4
4
8
3
5
6
1
1
2
3
5
2
2
2
4
3
3
2
1
6
4
2
5
2
2
8
4
1
0
5
1
3
0
4
3
3
4
3
2
2
5
3
0
9
4
2
3
3
2
4
1
7
4
2
5
4
3
1
4
1
4
3
4
2
4
4
3
7
3
8
3
7
2
2
5
4
3
2
1
2
3
3
0
0
3
4
3
5
5
2
0
3
4
7
4
1
3
3
4
1
6
4
5
2
3
5
2
1
3
3
4
2
1
4
0
3
7
1
1
2
3
1
7
2
2
4
1
6
4
3
3
5
4
3
6
8
2
9
5
4
6
2
5
3
5
5
3
1
5
4
1
1
2
1
7
6
5
3
3
1
4
4
3
3
2
0
1
3
7
2
2
4
3
1
3
5
2
8
4
6
0
3
4
5
2
0
3
3
2
1
7
4
1
4
6
1
1
2
4
3
2
2
3
2
3
6
3
5
3
1
0
1
2
2
3
0
7
4
4
1
2
0
0
6
4
2
3
4
2
3
1
8
4
2
3
3
4
3
2
2
1
0
4
2
6
4
4
0
5
3
6
1
1
3
3
0
5
1
0
1
2
1
2
1
3
1
2
0
1
1
3
2
5
5
2
5
2
3
5
1
3
4
3
4
1
3
3
2
1
3
1
1
4
3
5
2
3
1
2
1
2
4
2
2
1
2
1
3
3
4
4
3
4
2
1
3
2
2
2
0
3
5
3
1
1
4
3
3
1
2
2
2
1
1
2
3
2
3
3
1
3
2
3
2
3
1
5
2
1
1
1
2
6
0
2
2
1
1
1
2
2
3
4
3
4
2
2
2
2
2
1
4
2
4
3
3
1
1
6
4
0
4
3
3
3
1
3
2
1
5
1
1
3
3
1
3
0
3
2
2
1
0
5
0
1
3
3
3
1
2
7
0
3
2
1
2
1
4
2
3
2
1
1
2
3
3
4
6
7
2
1
3
4
5
0
2
0
1
3
3
2
5
4
2
3
1
1
6
3
1
2
2
3
4
3
3
2
2
5
4
1
3
2
4
0
2
0
5
1
1
6
3
3
5
3
5
6
2
3
2
2
4
4
2
2
4
3
2
1
7
3
1
6
2
4
4
2
2
3
3
3
4
3
1
6
4
3
4
3
3
1
2
4
4
1
4
0
3
3
6
5
2
0
3
4
2
1
2
0
3
6
5
2
1
5
1
2
3
5
4
2
2
1
3
4
1
8
4
3
2
0
1
0
1
1
2
3
1
0
1
4
3
3
1
1
0
5
0
1
3
2
1
3
1
4
3
3
4
3
4
2
2
2
2
3
2
0
3
4
3
2
4
1
2
2
1
1
0
1
2
3
3
2
3
5
3
2
3
119
195
208
194
208
224
234
273
267
306
290
365
374
404
446
474
528
534
634
650
740
736
856
869
917
1029
1090
1169
1332
1430
1535
1586
1721
1831
1894
2080
2218
2304
2428
2523
2661
2930
3050
3095
3403
3485
3648
3909
4132
4219
4434
4717
4851
5069
5233
5323
5633
5807
6027
6138
6571
6675
6864
7113
7414
7697
7981
8137
8316
8578
8914
9107
9662
9819
10281
10540
10889
11093
11557
11903
12043
12459
12793
13272
13697
14096
14827
15195
15781
16463
17023
17619
18454
19166
20101
21073
21963
23339
24511
25495
27603
29079
32321
38919
54190
90375
167157
299854
483852
669349
785197
790636
697982
565889
443518
353306
291944
248753
216056
188628
163187
143239
126896
114035
104215
96708
90893
86492
