0
0
0
0
0
0
0
0
0
0
0
0
0
0
0
0
0
0
0
0
0
0
0
0
0
0
0
0
0
0
0
0
0
0
0
0
0
0
0
0
0
1
0
0
0
0
0
1
2
1
1
2
3
3
3
2
2
5
3
3
1
2
2
5
4
8
6
7
4
9
9
16
15
12
15
10
14
15
24
24
29
31
31
37
52
54
58
73
81
80
121
121
141
151
162
215
233
294
318
364
423
452
555
657
762
841
1058
1146
1181
946
734
625
445
290
115
99
106
114
135
149
138
168
185
215
241
267
267
290
323
326
318
333
346
373
398
392
363
360
327
286
269
215
178
139
171
175
163
205
237
228
238
244
289
329
337
316
332
323
330
284
241
280
219
202
204
191
195
234
215
241
266
292
298
303
301
293
265
278
260
238
219
185
196
207
235
247
240
255
278
284
250
266
250
228
248
245
219
245
241
233
258
239
264
265
268
285
280
269
257
251
258
233
241
219
268
256
255
272
289
292
259
258
258
259
240
267
223
271
245
218
240
248
267
265
269
238
244
256
255
212
246
249
235
226
223
245
246
224
252
281
240
260
247
262
248
266
230
221
238
276
263
241
234
252
221
264
262
273
244
242
252
219
278
261
242
255
249
238
277
269
258
258
281
281
246
262
244
282
248
231
253
229
236
250
280
239
277
269
248
251
253
257
276
255
238
258
256
263
274
266
254
276
262
253
289
273
244
241
278
248
235
286
244
251
242
274
227
294
257
272
268
257
254
260
244
291
266
288
242
250
259
276
259
270
256
297
301
272
227
266
273
265
253
227
281
270
246
259
265
281
266
290
266
254
244
256
245
278
277
257
266
275
245
290
253
246
282
256
275
263
278
269
256
279
258
274
286
241
270
257
278
249
255
258
285
290
265
278
244
283
287
280
241
286
284
284
308
258
254
259
307
264
273
293
250
248
279
244
268
262
267
263
255
259
289
290
281
285
317
229
255
270
257
279
297
239
264
268
273
249
277
250
257
274
284
248
275
287
265
283
272
263
272
255
260
251
267
248
246
254
247
229
270
250
266
274
278
256
257
269
254
273
242
267
260
291
239
266
275
264
278
254
258
254
289
264
253
258
283
286
271
254
259
268
255
262
229
265
250
268
258
270
252
265
257
266
237
263
275
247
256
258
272
264
250
259
263
248
306
274
252
254
253
245
275
274
249
206
251
272
243
265
264
274
260
271
256
277
239
226
274
289
260
253
235
264
246
258
248
255
238
286
291
254
256
243
279
258
263
263
262
238
248
272
252
263
250
249
244
266
275
241
265
253
230
238
279
262
264
267
251
296
263
274
246
267
264
255
265
291
257
248
292
277
245
252
267
233
273
280
262
276
253
235
278
253
286
261
266
246
258
240
249
242
230
249
252
244
262
264
233
267
250
254
267
253
259
266
247
259
245
260
226
264
255
257
257
289
251
222
231
257
242
249
226
252
246
238
276
264
244
237
252
227
251
241
232
262
235
279
222
235
228
225
254
252
240
248
241
266
259
241
255
247
251
248
261
231
233
259
251
265
233
268
269
240
273
257
213
228
240
255
250
239
234
239
240
225
262
222
225
235
252
228
242
239
221
209
239
223
239
239
240
232
238
228
251
248
245
244
231
253
245
237
240
222
249
219
230
253
258
238
255
241
238
214
235
223
241
229
207
218
231
245
258
224
249
253
254
259
233
240
244
232
221
223
222
246
226
233
241
224
220
226
235
205
231
223
227
269
246
233
235
251
224
215
223
231
230
244
236
217
210
216
236
205
221
241
236
198
220
230
228
251
236
260
219
247
236
250
242
217
240
225
230
267
262
225
198
217
224
244
212
237
201
227
240
229
228
240
243
210
224
214
222
244
224
238
213
234
237
226
216
255
209
208
226
194
213
227
197
210
246
227
234
224
227
218
227
219
226
209
226
222
205
230
242
217
219
229
236
228
238
249
230
251
225
238
225
237
218
259
223
223
219
224
220
233
244
256
235
227
245
249
234
237
236
231
236
246
232
253
224
222
225
247
222
219
240
213
215
245
220
246
207
228
239
242
237
238
200
223
234
250
239
238
218
245
242
238
235
224
210
228
230
232
234
233
250
221
252
215
226
227
221
223
211
218
211
214
239
214
214
211
234
228
235
235
255
249
183
242
208
208
234
220
221
238
218
206
252
245
238
228
247
267
242
241
227
219
259
242
236
233
236
239
246
262
227
284
257
266
254
245
248
259
294
262
267
292
256
279
277
263
318
292
283
263
265
308
306
287
306
293
318
310
285
310
298
302
295
328
284
297
309
286
307
320
302
293
278
304
298
300
276
298
296
285
321
280
302
271
325
261
290
303
258
268
286
262
275
246
268
254
276
268
252
239
263
258
256
243
240
255
243
259
252
244
241
253
222
240
205
245
243
229
217
241
224
227
243
234
232
230
233
219
211
233
222
236
228
248
219
253
216
176
235
228
224
211
208
214
213
231
220
207
227
219
212
241
225
219
208
233
210
227
203
194
193
225
254
249
194
212
199
219
259
218
210
199
201
180
218
197
221
230
207
231
203
220
220
273
223
266
221
249
215
211
210
204
205
226
204
227
189
198
179
225
208
230
200
203
206
192
188
214
195
214
195
179
204
210
205
210
202
191
196
185
208
192
192
197
189
177
179
186
188
216
216
191
195
215
203
191
206
189
181
193
205
194
196
184
181
190
213
196
224
190
209
178
209
201
190
197
179
185
209
191
162
189
171
186
194
189
217
189
185
201
196
220
185
190
169
164
204
211
201
187
192
187
201
201
183
189
183
177
175
193
159
193
194
170
197
191
198
192
198
174
159
182
186
184
180
199
186
213
220
183
175
183
173
183
180
185
170
194
183
178
198
180
192
202
167
184
187
203
180
216
214
170
188
174
183
200
185
161
180
188
184
164
224
202
180
180
174
200
165
164
199
209
169
193
174
203
182
182
194
177
190
181
214
187
183
183
170
159
174
209
180
190
182
202
174
183
188
218
170
186
174
207
155
185
192
152
165
178
162
187
198
161
171
201
191
189
174
183
173
180
171
219
205
185
182
180
172
164
196
167
168
173
174
160
201
170
178
205
176
177
174
168
191
194
153
173
178
172
182
153
180
176
176
184
174
191
180
185
158
170
180
207
167
178
190
194
191
180
164
180
169
157
173
181
177
168
171
186
168
178
172
198
153
207
178
165
166
159
187
184
214
186
169
169
183
176
180
187
182
179
188
185
185
173
178
196
168
189
183
163
164
175
184
197
202
179
193
170
171
164
171
189
123
160
185
161
165
194
147
179
160
176
160
173
183
165
186
173
172
147
160
170
183
173
164
164
154
155
181
190
175
186
157
170
173
188
189
169
152
180
163
150
187
187
189
166
182
199
166
209
237
208
177
191
194
189
182
174
202
185
166
154
185
153
163
164
168
169
180
148
199
203
172
164
180
155
170
181
161
166
177
187
157
160
163
158
148
138
164
185
170
170
180
195
150
158
167
201
175
155
162
161
172
166
165
195
165
165
184
174
176
174
164
162
171
168
167
191
161
163
161
158
164
180
170
165
158
154
175
160
156
161
173
187
166
182
199
177
165
171
187
195
170
189
178
172
168
150
177
177
144
163
174
180
173
167
193
174
184
179
177
159
144
174
171
172
153
194
166
177
150
189
165
191
143
161
150
145
159
170
166
155
164
167
193
197
167
166
182
178
175
193
181
176
219
187
197
161
169
159
160
177
146
173
158
136
146
191
148
161
161
155
184
149
170
151
168
151
182
176
157
159
177
158
156
169
178
156
142
163
162
168
164
166
175
150
160
166
160
148
164
145
176
200
158
161
156
197
152
172
181
172
167
183
158
157
162
172
163
163
187
173
214
163
192
179
202
165
188
165
162
167
168
164
160
154
153
188
168
137
154
159
172
164
145
132
188
160
158
184
159
153
161
143
153
146
156
158
177
173
151
153
163
151
154
157
140
133
168
141
170
166
156
141
138
150
165
144
141
162
161
161
155
190
175
146
169
142
166
182
171
162
181
174
150
159
192
172
143
144
162
162
151
151
175
157
139
170
161
151
162
140
145
148
141
182
184
136
163
175
161
173
163
181
152
148
161
160
155
169
166
149
166
148
152
165
156
169
150
166
166
174
159
192
169
130
136
160
139
167
137
147
161
165
174
147
162
166
155
173
149
151
147
150
168
172
150
174
170
162
168
165
153
151
171
153
152
169
145
151
155
183
136
178
145
173
159
156
153
169
127
178
140
152
148
172
174
168
146
164
151
171
163
140
177
184
157
177
159
165
177
158
156
162
161
142
167
179
151
142
150
139
167
150
165
154
172
164
153
158
154
154
157
142
162
155
155
155
176
159
142
134
153
152
142
167
163
187
158
173
150
153
175
145
131
149
160
158
155
153
176
163
164
156
146
172
158
158
172
161
173
167
138
150
148
156
159
144
174
161
168
155
162
149
147
158
173
164
168
142
171
132
167
191
152
142
143
168
168
116
148
168
152
163
163
137
132
147
151
156
144
152
155
151
148
137
139
168
174
151
169
156
157
134
149
185
146
151
160
148
162
138
126
137
175
170
146
159
147
154
123
167
150
156
151
164
168
146
139
167
129
155
154
152
141
131
147
155
162
149
148
146
151
159
142
139
169
123
154
167
164
152
148
129
160
153
168
183
150
152
146
161
129
152
115
145
143
142
143
154
134
154
154
125
155
162
143
140
154
159
152
146
148
139
150
154
155
173
130
178
175
161
160
140
164
142
150
139
164
141
152
141
148
144
144
162
144
148
145
140
138
126
128
131
156
116
151
130
125
142
156
138
151
143
158
152
147
139
128
153
150
161
164
154
140
165
159
170
131
128
139
159
151
158
138
148
142
150
146
135
143
138
138
169
169
143
163
159
138
142
148
143
173
152
138
149
167
157
147
145
153
152
155
142
134
157
161
133
147
149
151
141
149
153
135
132
147
147
154
141
156
140
148
152
130
149
150
162
147
147
157
169
124
143
139
150
127
124
144
145
143
131
148
133
144
152
140
140
138
144
156
155
136
132
158
153
146
151
143
150
145
152
155
168
122
160
146
158
141
149
137
138
157
159
140
141
146
118
155
143
142
157
158
158
144
167
162
125
133
156
124
138
151
147
147
152
146
158
163
138
149
146
169
141
135
152
160
130
141
139
155
132
165
140
150
129
151
152
148
146
139
178
164
145
131
144
134
156
157
165
151
133
138
138
153
145
120
121
131
133
133
168
151
139
133
137
144
153
160
131
142
128
132
157
165
127
146
136
153
145
139
138
159
135
132
136
132
158
135
155
141
156
145
145
149
150
180
133
134
161
149
140
149
154
126
149
137
152
163
125
163
152
124
151
149
148
157
143
125
128
150
150
121
161
158
148
134
153
116
145
119
123
122
126
142
132
158
131
124
159
157
139
145
129
125
112
150
141
149
150
141
173
159
130
163
156
146
140
146
150
148
140
121
155
137
139
132
123
131
127
140
124
136
142
108
142
144
132
138
141
128
156
168
145
149
159
127
129
143
145
132
148
124
123
137
146
145
158
122
163
147
142
132
153
151
149
139
167
124
136
156
103
147
138
154
141
170
138
141
144
134
133
127
158
141
132
132
128
135
131
129
134
158
167
126
140
158
160
154
156
136
149
151
110
135
156
160
151
144
134
139
123
149
148
173
121
142
140
159
161
165
163
168
143
157
174
154
138
142
149
152
153
109
131
159
144
143
146
138
158
131
137
154
155
157
127
141
144
139
144
166
148
157
157
154
122
137
134
121
158
129
160
151
145
151
122
157
148
150
149
154
146
136
164
118
133
132
136
122
157
152
135
160
137
125
143
145
137
148
152
137
143
154
165
124
135
147
164
153
122
136
139
152
143
137
135
138
147
133
142
127
137
137
141
143
148
117
134
137
137
140
132
156
139
130
136
141
129
133
151
139
160
155
125
132
144
166
140
138
161
139
127
141
147
135
143
142
142
162
130
146
148
151
120
137
139
156
159
125
141
150
153
136
141
145
162
154
130
131
141
152
151
139
143
142
124
124
151
145
134
132
128
139
129
140
163
143
125
145
118
151
130
144
109
133
145
132
120
122
131
157
131
143
125
143
151
139
138
150
118
141
134
143
142
144
116
147
145
131
147
121
168
135
140
146
129
146
144
134
101
141
133
132
137
130
128
128
140
129
129
136
135
144
132
136
137
142
140
163
151
134
135
136
168
136
145
140
132
156
128
135
136
135
148
160
138
134
136
152
139
140
140
151
143
131
177
135
155
155
130
155
146
145
128
167
152
155
131
126
124
144
120
156
143
123
108
136
142
138
152
126
159
153
153
124
145
129
134
158
144
135
127
140
129
134
122
146
138
137
125
150
135
126
123
144
125
144
142
133
143
134
154
137
124
118
149
126
144
162
129
153
159
145
134
137
131
137
143
164
140
149
137
131
163
140
154
142
142
139
141
139
130
150
143
141
130
153
148
144
132
153
115
120
144
157
135
124
147
128
133
143
134
142
154
142
147
151
166
153
159
154
143
158
178
137
173
149
139
161
150
150
126
171
157
139
141
142
128
157
143
127
136
131
156
128
146
137
155
147
155
122
144
146
132
143
153
106
119
150
139
160
146
128
157
155
144
146
137
144
144
146
157
164
132
139
136
133
131
136
139
153
136
120
139
163
147
133
149
128
160
144
142
157
134
151
150
134
132
133
152
127
116
153
132
157
144
165
152
138
143
129
133
153
143
130
130
153
113
125
121
137
144
140
145
118
132
135
138
145
154
132
156
154
127
139
149
152
143
112
165
137
124
147
158
154
149
137
158
136
133
171
162
161
176
152
192
175
153
152
143
142
134
163
142
166
125
140
136
130
127
139
138
141
134
135
139
127
166
147
155
146
133
141
154
158
117
134
140
153
142
145
164
156
149
165
135
148
136
141
138
129
140
146
140
124
151
141
145
133
137
133
145
146
131
149
154
145
117
150
147
135
157
163
152
152
142
122
146
147
153
138
125
134
148
142
156
149
138
135
136
136
126
124
132
164
141
147
134
171
145
149
149
139
141
140
153
146
145
134
131
154
144
134
143
134
141
151
130
136
143
154
133
154
146
146
143
139
148
140
129
138
144
147
145
156
133
148
135
126
143
114
133
158
154
117
130
142
135
135
143
143
147
134
152
150
131
138
126
156
152
161
153
162
133
128
138
154
139
138
151
144
139
122
130
142
132
134
147
145
138
126
146
133
145
140
138
123
150
135
119
154
132
127
127
170
143
148
151
159
148
138
129
176
147
138
133
160
148
164
144
148
136
148
141
158
142
124
125
171
145
124
158
152
146
164
129
167
130
169
151
146
162
148
130
163
152
174
127
139
145
150
134
168
155
130
143
143
144
141
159
129
141
144
167
146
138
145
150
144
130
155
147
141
149
147
157
151
141
162
146
166
127
158
164
148
151
129
157
167
149
141
164
142
141
160
165
147
172
157
129
147
137
140
147
153
132
162
127
144
136
133
133
150
127
171
165
141
130
155
136
138
156
151
148
140
146
145
137
151
163
152
139
145
162
154
148
145
151
147
154
140
149
138
121
146
130
138
168
147
143
153
148
131
158
174
146
141
146
135
153
124
143
144
170
166
157
155
153
148
150
141
145
135
136
142
154
154
148
178
138
120
149
144
140
133
155
175
147
165
141
155
141
148
119
175
167
149
164
153
125
140
146
143
145
141
143
162
142
151
149
159
145
120
125
127
152
143
138
155
139
145
136
125
131
151
149
127
160
134
135
142
150
177
158
144
158
132
149
128
145
153
127
161
163
153
157
147
144
143
143
144
143
155
151
138
164
145
141
167
141
160
149
136
154
125
138
135
164
140
136
158
148
143
168
144
141
146
147
135
151
127
147
140
157
145
150
158
142
150
166
135
164
129
161
169
143
153
149
149
165
142
136
128
145
178
155
145
146
150
126
149
138
148
144
161
160
132
167
148
136
150
131
131
132
146
138
164
146
147
161
169
134
152
183
149
172
150
160
148
139
166
135
115
148
159
153
145
148
133
155
145
138
145
142
137
147
140
142
144
157
157
162
147
163
153
148
140
163
160
152
151
159
143
150
141
140
150
156
149
141
165
152
166
141
155
136
144
125
154
137
153
139
142
137
163
163
150
150
140
151
128
157
157
149
149
147
156
145
147
168
158
154
147
156
153
153
140
156
143
149
153
167
129
147
136
150
162
136
140
165
158
139
191
157
146
139
152
141
159
171
167
151
142
151
156
155
143
139
168
165
181
145
156
150
151
145
138
163
152
167
160
157
147
142
171
142
146
147
153
148
161
127
182
139
149
161
167
142
153
156
153
158
174
150
149
163
170
167
127
191
144
145
151
141
147
154
166
154
129
162
159
145
148
144
153
188
159
159
165
165
145
143
159
149
176
164
146
157
149
154
150
156
166
155
165
145
166
160
152
143
145
165
141
144
146
144
150
160
161
148
179
173
135
141
158
160
148
149
163
183
149
148
145
161
139
139
169
154
158
153
158
177
147
150
134
153
156
174
173
172
155
167
153
176
166
142
164
166
186
168
172
148
163
170
171
171
165
179
163
150
141
164
174
144
166
171
185
163
161
134
161
158
163
179
161
160
144
150
144
162
176
174
150
166
166
165
150
156
168
151
160
167
166
171
160
153
146
152
165
149
160
161
165
176
160
171
158
167
157
148
141
139
138
155
149
155
147
153
152
148
134
172
167
174
173
146
172
170
164
165
160
164
159
145
149
186
167
170
177
158
154
146
198
160
160
149
161
152
171
170
153
169
195
161
175
141
165
168
184
161
164
186
170
182
196
151
163
152
170
171
166
187
180
144
171
167
156
182
172
157
160
155
172
165
179
151
180
164
161
169
167
182
175
149
164
185
172
206
169
157
176
148
180
159
169
164
170
162
159
171
176
182
163
163
170
160
152
172
162
170
150
185
171
156
159
180
140
153
167
183
144
165
178
165
168
159
184
157
181
157
181
162
182
169
147
154
159
183
171
178
174
157
178
162
170
181
176
173
169
180
159
168
180
171
177
158
170
169
145
162
141
179
185
183
172
186
178
172
168
187
180
180
172
169
174
169
175
182
178
180
171
162
178
170
164
166
174
159
214
169
170
177
152
168
169
180
187
164
177
162
187
159
182
188
191
200
200
191
164
137
180
195
190
195
171
174
197
179
168
155
182
167
176
185
179
191
172
177
173
190
167
176
172
191
169
202
153
158
156
172
176
175
188
177
171
181
189
180
195
203
190
197
194
174
195
192
202
202
181
192
191
202
178
172
168
175
183
181
199
191
189
179
169
183
173
168
165
170
179
174
192
177
192
210
158
177
165
162
196
186
177
183
196
166
186
179
179
180
172
182
163
181
176
177
204
188
181
202
193
198
180
190
180
163
203
207
159
199
187
187
191
186
173
159
190
164
187
167
172
160
169
193
194
176
173
179
197
179
195
175
176
189
173
182
184
159
169
199
187
212
188
181
185
187
191
165
183
210
185
166
170
192
187
199
182
197
171
173
173
185
181
178
191
193
203
185
182
175
187
176
239
208
182
186
201
185
191
184
208
184
188
170
206
172
187
179
211
195
195
186
197
200
200
207
159
174
192
160
201
161
194
181
198
192
187
181
197
202
193
173
180
205
179
180
171
194
185
189
173
186
175
196
209
181
153
190
207
191
175
173
206
178
186
198
169
195
174
185
179
183
217
205
200
179
207
197
201
194
182
190
195
206
209
194
204
178
190
194
187
196
193
190
184
196
196
181
190
160
211
177
202
189
163
190
205
176
168
177
204
172
183
190
194
198
214
182
202
189
182
198
196
196
174
175
214
192
190
202
202
207
218
181
193
190
214
197
208
221
186
196
211
213
204
194
206
205
209
184
212
183
198
203
209
200
198
192
205
190
208
215
198
200
225
210
175
195
211
178
226
208
198
213
191
219
188
208
226
204
182
185
197
201
183
195
185
188
207
181
210
196
194
197
196
203
201
207
205
222
200
216
220
212
199
213
188
208
217
199
202
210
186
206
221
184
216
217
229
208
190
233
221
207
185
197
183
228
222
189
213
205
200
200
212
195
211
193
205
209
212
201
221
230
218
211
187
227
199
228
214
215
218
231
226
196
213
187
222
206
233
193
223
220
227
214
210
216
217
238
223
197
205
206
212
223
218
216
217
219
207
201
213
227
203
208
214
216
179
212
236
244
214
211
234
218
210
219
230
200
216
239
230
235
208
216
235
210
229
239
213
225
226
210
213
224
227
196
240
200
234
219
235
217
218
209
197
244
233
241
223
219
232
236
255
243
241
239
258
208
227
238
230
250
222
208
254
222
227
210
232
230
236
226
214
219
248
238
237
226
228
214
225
206
212
235
236
193
227
251
219
245
217
232
222
198
237
224
247
247
233
237
224
218
224
213
201
213
249
237
234
222
216
238
247
258
246
229
207
214
216
235
237
230
227
279
218
232
220
223
241
222
219
233
232
233
228
192
254
217
252
239
236
211
234
222
212
218
248
231
234
218
222
249
237
230
212
210
232
263
225
254
245
260
220
231
246
241
225
237
249
274
264
209
239
247
254
265
226
228
255
236
245
244
226
274
244
236
268
259
259
254
236
257
264
225
260
254
237
235
226
228
233
250
241
273
233
239
262
273
286
216
236
239
244
263
250
246
251
238
252
226
218
247
249
254
243
242
233
241
240
256
239
272
240
245
228
258
243
232
242
256
287
258
237
251
249
228
239
237
252
247
265
253
239
254
231
260
246
267
241
241
274
238
260
253
235
261
252
251
244
273
252
269
256
244
246
245
237
259
244
275
248
265
265
281
243
230
237
258
265
215
209
203
251
237
262
239
219
243
259
236
233
223
252
228
217
236
250
237
245
196
232
229
240
237
235
222
219
208
215
227
242
210
218
196
203
235
236
224
209
212
245
171
202
202
217
205
234
213
211
194
212
197
233
217
199
202
228
223
211
199
201
185
195
192
198
194
207
212
203
202
195
174
178
215
194
195
188
171
193
175
170
195
189
203
199
186
170
200
193
180
177
201
207
192
207
179
184
180
200
186
207
197
184
160
159
195
203
170
189
165
191
170
177
209
179
211
171
198
182
173
187
179
172
180
178
168
187
198
174
178
193
177
190
187
179
182
169
182
183
194
156
171
165
180
216
161
179
204
189
135
197
176
171
179
191
185
157
190
201
180
200
165
206
190
167
192
189
156
184
196
195
152
189
166
165
174
176
170
183
176
186
172
157
172
201
164
174
185
193
174
172
173
159
181
160
189
165
204
179
144
173
158
174
170
187
170
200
184
176
157
196
160
170
154
175
177
184
181
166
194
178
177
178
184
183
178
179
206
167
177
176
184
195
186
182
190
177
175
173
182
209
171
188
163
161
171
206
186
191
171
202
186
180
160
186
185
182
161
174
183
162
179
176
179
160
185
183
167
163
184
192
164
188
156
178
193
175
151
161
170
148
160
183
159
177
176
153
152
170
166
158
166
150
153
186
175
158
169
172
160
166
188
176
170
187
180
176
185
149
172
184
187
162
191
186
153
163
186
205
154
177
144
162
164
185
197
141
151
176
177
178
157
160
161
151
164
187
185
157
149
156
159
175
174
198
144
161
165
155
174
165
179
187
200
173
180
172
184
143
186
156
163
193
183
184
168
150
160
165
164
186
143
168
168
178
173
171
154
141
156
177
172
181
171
172
170
142
178
158
190
169
173
151
159
171
162
146
150
168
164
171
170
175
168
149
179
163
162
182
166
182
158
134
198
177
175
155
150
158
157
142
161
156
168
148
165
172
155
185
165
186
167
176
175
170
150
171
136
165
165
176
169
163
173
152
168
183
150
171
160
151
153
164
172
159
140
156
173
152
170
166
148
153
165
139
155
170
155
160
162
174
184
162
185
150
161
156
155
145
152
172
150
141
157
153
174
157
195
138
147
163
165
169
169
167
162
154
150
157
161
147
158
170
141
174
170
139
165
160
154
160
127
164
136
176
164
176
174
159
138
172
168
145
140
176
149
171
142
157
126
165
156
139
159
170
157
133
168
153
168
156
172
157
179
164
156
152
177
150
146
172
167
163
135
141
152
178
162
143
153
152
171
173
151
151
156
139
168
137
150
171
153
171
169
142
182
155
165
146
155
149
169
154
147
150
168
167
163
174
153
167
149
138
146
153
163
148
148
134
152
153
169
155
159
166
134
138
190
155
181
175
150
165
171
164
156
153
156
204
166
165
161
159
164
143
160
169
152
175
146
154
158
149
163
149
153
163
164
184
150
151
166
127
154
144
181
160
167
157
167
149
180
166
155
146
153
162
153
171
185
175
172
183
152
148
175
142
154
173
140
156
167
144
152
167
153
173
173
170
169
166
176
152
169
138
167
170
158
144
161
182
159
171
157
179
161
156
152
159
181
181
157
138
150
155
158
175
150
145
161
154
159
160
147
166
155
167
184
157
149
146
179
168
169
163
142
159
137
165
139
163
165
159
161
166
167
155
169
173
167
162
158
160
155
161
166
158
177
168
152
176
156
168
158
138
177
142
163
179
160
159
151
173
176
178
139
148
158
149
146
161
167
149
154
178
189
152
167
146
152
146
157
157
147
149
157
158
142
154
157
188
143
159
150
164
143
172
150
161
128
160
167
149
141
157
155
149
148
140
139
171
122
143
117
124
154
118
135
127
131
137
124
127
113
123
133
142
126
126
142
123
144
121
129
130
122
104
131
103
133
121
115
119
128
106
119
127
115
110
95
115
116
103
98
94
122
104
111
124
117
121
94
108
93
98
95
103
114
100
116
127
111
99
106
99
104
87
108
80
93
101
96
90
111
93
97
110
92
92
104
105
102
85
81
97
92
105
92
106
101
113
91
111
78
88
108
109
103
98
79
83
101
80
77
107
110
86
111
92
93
89
100
107
102
118
98
102
101
97
94
100
98
88
96
110
84
85
88
102
100
86
81
106
99
108
85
81
89
106
88
95
95
90
85
103
104
90
106
93
66
96
87
87
97
74
97
93
92
108
89
95
84
108
106
104
93
85
84
88
90
73
105
74
85
90
96
91
92
87
98
94
99
94
78
97
82
100
106
85
94
97
79
97
102
96
97
98
101
109
92
94
108
91
106
96
103
104
100
97
107
112
124
88
91
112
100
111
114
116
100
104
108
118
108
115
105
115
127
116
144
117
131
125
106
124
129
121
120
134
117
137
122
131
124
123
140
123
126
121
130
133
138
145
142
128
167
136
144
146
154
171
163
180
156
142
164
183
194
181
177
173
179
194
223
199
200
251
300
366
542
774
1356
1892
2798
3893
5004
6160
7140
7680
7799
7165
6603
5547
4442
3580
2636
2041
1443
1140
928
684
604
431
373
261
233
173
157
147
115
94
94
92
91
86
69
72
81
66
70
63
63
57
70
55
75
70
59
69
62
58
52
63
66
40
77
52
60
69
52
64
48
63
55
57
55
54
42
77
50
52
63
55
45
54
68
52
69
53
54
47
65
54
68
50
70
39
51
59
69
46
57
58
52
54
54
54
56
53
47
65
45
59
55
52
46
50
54
39
45
56
47
38
50
52
62
69
59
50
58
51
43
48
46
41
57
52
47
35
36
49
52
59
58
45
36
44
51
51
48
49
48
52
42
37
44
38
51
42
45
47
37
49
49
43
44
32
43
46
46
46
30
46
39
52
46
44
42
40
42
43
45
50
38
37
40
43
42
54
40
29
43
45
44
36
47
40
38
38
32
37
27
41
28
34
40
49
28
35
34
38
30
46
37
32
53
30
37
27
34
36
43
31
32
30
31
34
27
33
38
31
27
32
31
33
43
42
48
32
29
37
29
30
32
27
25
29
36
35
30
21
21
27
30
26
33
38
22
27
38
36
28
30
35
25
26
35
31
29
30
40
28
34
34
34
21
30
26
36
26
33
32
22
28
31
34
31
31
25
29
27
26
29
18
20
45
22
31
25
31
23
28
28
25
25
29
28
21
25
32
34
33
24
29
28
34
14
20
21
29
29
24
31
27
29
24
21
21
28
20
21
29
19
21
30
27
32
29
21
26
26
20
22
18
21
23
29
26
18
23
24
35
22
22
26
31
28
15
25
20
31
23
28
16
28
14
23
23
21
20
22
32
26
22
26
27
15
14
19
30
25
24
21
21
11
19
25
21
14
14
22
23
19
21
12
27
14
21
22
25
21
15
27
18
22
22
29
19
26
19
15
24
12
20
19
16
21
14
26
15
22
17
25
25
14
22
14
18
15
20
11
17
14
15
18
18
24
26
26
14
21
15
27
18
11
21
27
18
24
18
19
19
18
15
13
17
11
22
24
17
25
19
9
20
13
21
23
17
21
19
15
27
18
13
25
17
9
17
21
20
22
16
21
23
22
16
15
23
18
10
14
23
18
19
23
17
24
14
17
23
18
20
23
12
15
24
18
12
20
17
22
17
23
17
24
19
9
19
22
17
9
18
24
26
18
15
18
14
19
18
18
26
14
16
14
17
15
15
16
24
13
21
19
25
11
22
13
18
11
18
12
26
14
15
18
10
4
17
12
17
15
26
18
18
24
14
14
25
18
9
25
14
23
16
15
16
13
23
18
22
12
18
17
16
23
17
18
23
6
13
18
16
18
13
14
21
14
19
12
10
15
10
15
16
16
14
9
17
19
15
15
12
15
20
18
16
12
15
17
20
12
24
12
12
21
19
22
10
14
16
14
7
23
17
11
16
21
22
24
24
20
14
24
15
19
14
17
26
17
18
11
16
12
12
10
23
20
19
12
16
17
22
14
17
13
9
21
16
15
11
16
26
17
20
19
11
18
10
16
19
15
16
15
18
17
15
15
15
17
16
19
18
20
15
13
16
22
19
23
13
21
15
16
13
20
19
20
15
20
21
15
26
19
20
20
20
16
20
15
19
14
22
10
21
17
25
19
23
18
21
15
26
13
16
19
20
28
14
23
20
24
26
34
28
38
27
26
45
34
29
26
38
31
34
48
42
28
36
39
44
40
44
44
43
46
48
36
55
55
52
49
55
55
54
57
62
48
52
47
50
56
55
61
67
56
54
61
66
58
41
80
75
75
72
74
74
79
81
66
70
85
99
93
85
100
85
107
95
111
95
102
110
106
107
119
149
161
261
319
489
898
1337
2003
2727
3765
4784
5622
6452
6641
6742
6260
5555
4707
3793
2978
2361
1742
1331
939
774
586
423
318
272
198
152
118
78
61
56
45
30
29
28
17
19
12
12
13
8
7
9
7
8
3
4
6
9
4
6
1
8
13
2
8
4
4
5
1
7
5
7
8
5
7
5
2
4
7
4
5
6
7
6
3
8
5
3
5
4
6
3
5
8
2
1
1
8
5
6
2
5
1
5
2
2
7
5
6
3
5
5
10
4
7
2
6
6
9
3
4
1
4
2
7
5
3
3
4
0
8
3
7
3
5
6
2
1
4
9
5
4
4
6
6
3
3
3
3
4
8
3
1
7
3
4
5
3
5
3
5
4
2
6
9
5
6
3
2
3
5
2
5
2
5
6
5
1
2
3
2
3
2
3
3
5
4
4
1
1
4
2
6
1
6
4
3
4
5
6
3
6
5
3
9
3
4
2
3
2
2
2
4
4
6
6
3
4
8
5
5
4
5
2
4
5
5
1
8
3
3
1
0
4
0
3
5
3
3
5
1
4
4
1
4
3
10
5
7
4
3
6
2
5
8
7
5
2
8
5
3
4
4
3
4
4
5
1
4
1
2
4
4
5
3
3
6
6
4
3
3
6
5
3
4
5
1
3
2
4
1
4
3
8
4
3
4
3
6
5
4
5
5
5
2
3
3
7
1
3
6
6
7
0
4
7
3
6
1
4
3
3
4
4
3
3
2
3
2
1
4
5
5
2
3
5
2
3
6
2
6
4
3
4
3
4
3
3
6
7
4
2
1
3
1
3
2
3
4
3
3
2
4
6
4
3
5
6
3
0
6
5
4
4
2
4
3
3
6
4
4
4
3
6
6
6
1
5
3
2
3
1
3
5
4
6
6
2
2
4
7
3
1
3
6
8
1
5
2
3
0
1
3
4
3
3
3
3
6
3
2
3
3
6
2
4
5
1
3
6
3
1
5
6
2
6
3
2
5
4
6
4
2
6
5
6
0
4
3
1
6
2
4
4
2
3
1
3
1
0
2
6
4
6
3
2
5
4
0
3
3
4
1
1
3
1
4
3
3
2
6
3
5
0
4
3
5
5
6
6
4
2
2
2
4
2
4
3
8
2
2
0
4
1
4
2
2
5
3
3
2
3
2
2
2
4
3
4
6
8
3
4
5
2
2
5
4
2
2
3
1
5
4
4
1
5
3
2
8
4
6
6
1
3
2
4
5
6
7
7
4
4
5
5
5
3
5
2
2
0
2
4
1
4
3
1
4
2
2
1
2
5
1
2
4
5
3
2
2
3
2
1
6
5
6
5
2
2
2
2
4
1
1
6
7
9
2
1
8
3
2
0
5
2
1
3
1
3
2
3
2
2
8
1
6
4
9
1
1
2
2
2
2
2
6
2
2
0
5
2
4
3
4
2
4
2
3
4
7
2
3
5
1
3
3
4
0
2
3
2
2
5
1
4
6
6
3
7
8
7
7
8
14
16
30
44
48
44
55
74
61
46
60
36
35
34
30
14
18
15
6
12
9
2
6
5
3
1
3
3
2
2
1
2
1
6
0
5
2
4
3
4
1
6
1
2
4
2
3
4
3
3
0
7
7
4
4
4
1
4
7
1
3
3
2
2
2
3
1
2
3
5
2
6
3
4
6
3
3
4
4
4
4
2
6
3
3
1
5
1
5
1
3
1
3
4
4
4
3
7
4
3
6
4
0
1
4
5
6
2
3
2
3
3
3
1
1
3
5
4
4
5
1
3
4
4
4
4
1
1
1
3
4
3
1
2
0
3
3
2
2
0
7
1
3
3
5
3
2
2
3
4
5
1
4
2
1
0
1
2
3
2
1
2
2
3
2
3
3
2
4
5
5
4
2
2
3
3
1
3
1
5
3
3
3
3
5
3
3
6
6
6
1
0
0
1
3
4
0
3
0
1
4
2
1
2
2
1
1
0
4
2
4
5
2
3
3
2
1
0
7
2
1
2
4
4
4
4
1
4
0
6
2
2
2
0
1
3
1
1
5
2
1
2
0
1
4
2
5
0
2
2
4
2
2
2
0
3
0
3
7
2
5
2
3
1
4
0
3
4
4
1
1
2
4
4
0
0
2
5
3
0
3
1
2
5
2
3
2
2
1
1
4
3
1
1
2
3
2
1
3
6
2
2
3
0
1
4
2
3
2
5
3
3
2
2
1
4
2
2
2
3
3
3
3
2
4
5
2
4
1
6
0
2
0
2
0
3
1
2
4
1
1
7
3
4
0
3
4
0
5
2
4
3
1
1
3
1
4
0
2
2
3
4
0
4
2
2
3
3
2
0
2
2
5
1
2
3
3
3
4
2
2
1
0
4
1
5
5
2
3
1
1
0
2
1
3
5
1
3
2
1
4
3
2
0
3
3
6
2
4
6
6
4
5
3
4
5
1
0
1
2
3
2
1
1
2
3
0
5
2
1
2
3
0
2
2
0
3
2
1
2
1
3
3
0
1
2
1
0
3
3
3
4
1
2
1
2
4
2
3
0
2
2
3
3
2
0
4
3
0
2
2
5
3
1
2
2
3
1
3
4
1
3
5
2
1
2
1
2
3
1
1
3
2
3
5
3
3
3
2
3
2
2
1
2
4
2
2
1
1
5
0
1
2
0
3
2
4
3
2
4
4
3
3
2
3
3
1
3
2
2
2
3
2
4
1
4
3
3
0
1
1
1
3
3
3
3
1
1
4
2
3
1
2
2
1
5
1
1
0
3
2
3
1
2
2
2
3
4
5
1
3
3
3
5
0
2
4
2
0
3
5
2
5
1
1
1
0
1
1
3
2
2
2
3
1
3
2
2
0
1
7
0
1
1
2
0
1
0
3
3
2
1
1
2
2
0
4
2
3
4
3
4
4
2
2
5
0
4
4
1
3
1
2
5
4
2
0
1
3
0
1
3
0
2
3
2
2
4
3
3
2
2
1
1
4
3
2
3
3
3
0
5
5
2
0
4
1
5
4
5
3
7
3
5
6
1
2
7
2
4
4
3
0
1
4
3
3
1
5
1
2
3
2
0
0
1
2
3
5
1
3
4
1
3
4
0
2
5
2
3
4
2
4
2
54
58
46
41
48
39
58
47
48
55
37
46
52
55
49
52
49
51
60
55
51
53
68
53
51
62
40
49
49
47
52
44
58
40
54
48
57
51
62
52
56
51
53
51
38
49
50
46
53
54
42
58
62
60
42
43
45
54
49
58
53
51
58
52
42
47
54
49
72
39
58
45
46
55
39
50
57
42
43
40
45
45
58
50
50
46
53
62
38
49
48
43
59
49
53
43
50
58
55
49
45
57
56
42
43
55
41
45
52
53
55
57
49
49
55
43
42
46
47
46
50
35
52
41
51
41
37
29
