14
18
13
22
19
18
17
19
17
14
10
18
10
18
10
14
17
13
10
11
15
17
12
10
10
15
6
14
13
11
16
15
12
8
13
12
4
12
9
8
10
14
13
8
16
16
10
9
7
6
4
11
6
9
9
9
10
32
73
99
187
324
385
399
447
449
479
591
644
724
874
916
920
751
696
584
505
490
471
500
480
529
522
474
479
489
469
456
491
462
478
467
457
449
471
453
466
424
408
446
411
394
393
403
408
382
418
384
383
421
437
379
418
447
406
445
418
425
439
447
402
439
453
472
416
428
429
441
445
441
439
430
421
441
467
423
468
460
431
435
453
459
467
448
458
454
463
440
454
437
445
496
503
375
446
419
475
438
469
452
486
396
456
443
462
459
475
419
440
451
510
487
505
467
492
471
477
451
428
475
488
472
481
505
493
457
478
484
479
524
500
482
546
490
513
517
514
500
513
527
522
553
532
477
503
513
520
515
523
508
549
534
513
559
538
540
568
569
530
564
519
534
579
581
608
552
554
547
523
567
524
573
555
567
566
555
560
573
576
548
588
547
541
556
602
556
609
577
623
571
622
580
654
599
641
626
627
593
591
636
614
614
627
628
642
601
645
613
583
608
603
642
634
606
610
604
621
649
678
622
636
604
689
609
652
626
649
665
661
609
581
652
631
669
657
670
635
635
653
668
637
670
645
594
680
685
576
669
657
657
640
628
596
675
630
648
655
680
662
643
661
654
684
700
686
636
665
648
651
677
670
687
672
697
638
644
687
655
684
686
667
707
685
671
727
643
684
656
636
691
648
661
676
668
683
686
697
663
662
704
685
712
741
685
637
645
722
648
686
698
658
705
657
707
670
691
669
697
669
719
653
677
719
737
686
672
663
689
655
702
734
680
681
718
678
689
714
739
689
697
727
683
704
640
710
694
664
693
709
691
685
661
752
732
719
730
662
717
707
740
697
736
680
735
723
656
734
721
671
646
702
684
744
658
704
721
731
697
704
694
677
682
675
690
660
714
718
690
682
707
670
746
771
725
713
727
747
741
692
695
724
669
678
651
704
678
706
697
676
682
722
762
683
729
728
714
731
741
727
711
712
696
761
735
744
687
706
701
731
740
683
683
676
655
684
727
711
661
710
722
716
715
696
717
714
721
716
736
717
709
686
705
748
716
711
724
699
670
747
676
698
746
717
690
758
701
709
697
686
712
737
719
738
748
675
684
778
717
666
723
746
698
732
718
715
674
719
688
750
720
694
695
730
700
745
704
653
701
723
728
762
693
721
723
700
703
703
730
739
708
699
731
689
646
701
684
715
701
708
699
714
713
663
720
711
724
718
681
667
706
707
678
735
713
688
688
708
698
729
697
689
723
726
666
694
741
672
709
704
742
707
687
735
703
722
679
718
730
730
751
748
705
744
774
715
761
741
713
725
716
753
729
715
736
725
700
730
671
746
740
740
706
715
702
725
712
808
726
741
735
746
771
709
720
780
760
759
752
777
775
716
753
772
745
781
746
735
776
752
739
805
797
771
740
805
784
756
774
808
787
869
856
815
818
835
818
814
823
814
821
835
816
818
868
886
862
843
852
835
841
897
883
803
869
941
830
880
848
882
812
875
787
873
873
880
851
899
861
883
875
860
888
902
891
857
894
833
903
864
871
906
915
915
858
872
886
882
846
905
799
827
840
851
915
900
864
870
902
896
798
880
834
910
887
797
836
862
915
819
901
817
825
830
818
900
831
854
889
860
788
878
896
856
830
867
879
841
835
900
853
813
878
804
870
859
789
835
867
833
805
869
804
824
806
844
831
868
820
805
810
813
871
832
807
785
808
815
840
765
810
791
823
786
802
831
855
788
828
798
734
803
782
742
783
771
749
789
763
822
856
800
773
795
713
747
813
806
835
752
773
780
762
804
849
783
797
776
750
815
702
807
778
776
718
823
751
792
726
791
762
762
747
753
758
765
773
714
724
745
702
773
705
757
752
793
730
758
728
763
688
740
777
765
723
727
759
752
732
770
740
707
713
743
713
802
781
747
780
758
769
721
720
764
704
730
764
770
783
771
746
745
730
802
697
714
695
740
726
726
744
726
760
733
754
705
741
732
731
708
708
746
729
719
739
691
712
750
757
727
722
720
699
701
670
693
675
729
723
687
701
776
655
660
682
705
679
714
669
652
655
694
709
732
679
686
678
726
706
649
640
655
684
672
634
665
698
718
670
632
680
683
657
691
669
702
666
689
696
650
655
698
696
655
692
672
665
657
665
656
635
645
646
646
584
617
671
698
638
694
638
689
643
632
627
631
600
666
639
672
675
587
636
610
622
630
610
608
611
629
608
646
645
618
677
614
642
612
690
682
612
577
628
635
614
605
629
642
624
638
611
582
584
649
652
601
560
642
651
580
570
622
584
604
581
600
530
600
580
608
658
592
555
627
593
603
609
579
623
609
658
603
586
643
633
567
584
570
592
609
634
608
570
594
598
547
589
536
593
570
569
607
579
609
594
556
588
610
566
554
575
585
609
613
577
608
578
540
583
564
601
580
612
586
575
573
614
557
548
540
609
574
607
615
581
591
567
597
563
620
560
584
561
552
564
640
573
565
580
603
614
566
542
551
582
550
589
593
555
584
572
580
570
580
567
585
546
570
576
567
609
547
585
590
575
580
571
543
593
626
556
546
575
553
546
606
558
597
549
569
548
527
572
577
565
557
574
569
523
542
623
564
574
525
616
566
564
562
558
589
566
539
531
571
618
548
552
578
546
587
561
500
570
537
567
528
583
592
602
577
559
553
589
564
593
570
532
557
560
559
547
553
532
562
570
547
583
580
535
543
584
590
534
589
584
549
554
547
544
608
601
581
545
592
563
580
565
566
569
568
559
559
571
540
563
541
534
571
576
579
545
566
546
592
559
518
559
563
562
553
540
551
543
556
548
522
540
552
547
581
589
553
559
495
542
514
552
543
535
472
541
523
530
512
542
515
552
475
530
531
508
535
472
502
504
517
539
520
500
490
496
475
530
525
517
466
469
478
485
518
461
471
463
470
493
477
494
467
452
461
474
447
480
464
419
445
463
444
493
455
457
420
464
438
437
436
405
442
447
462
477
429
410
434
420
448
428
413
454
394
455
430
415
410
391
437
419
439
418
474
441
453
378
386
402
402
380
430
389
425
383
362
398
426
347
394
360
361
403
358
384
405
372
351
359
369
351
364
382
384
346
349
338
311
316
343
346
364
332
388
342
336
344
348
323
355
310
335
332
318
320
345
311
306
319
324
348
321
339
343
320
329
314
329
311
327
313
301
316
275
321
300
275
324
308
319
305
313
266
311
325
271
304
272
313
313
307
324
310
294
311
296
309
282
294
304
299
319
296
285
286
288
290
294
277
295
252
272
299
254
278
283
293
273
268
287
268
283
285
269
294
286
281
281
305
288
286
290
265
305
304
245
243
239
280
278
239
268
274
246
271
249
251
284
270
271
256
245
249
238
252
262
230
264
226
244
270
253
250
292
228
283
249
212
263
242
262
260
251
280
246
243
244
279
255
247
236
212
247
237
238
240
227
228
225
239
272
258
252
263
245
251
267
246
261
260
220
239
229
245
244
255
215
262
234
247
241
232
230
259
224
220
231
214
240
232
236
225
264
227
244
216
222
246
244
237
238
249
220
227
236
265
250
221
217
216
225
221
232
264
221
224
226
236
245
237
234
212
235
219
213
222
250
176
209
226
225
217
229
217
213
229
229
243
203
219
222
226
243
216
235
234
229
230
221
224
218
213
243
230
231
221
214
211
223
239
216
206
208
219
220
212
201
205
239
189
203
187
217
238
223
217
218
178
219
204
181
225
218
185
213
187
213
182
223
218
202
181
219
199
217
177
209
215
185
207
199
200
200
196
208
196
196
199
222
204
196
196
203
210
195
183
230
215
223
211
207
212
194
236
194
190
204
209
200
213
225
189
206
190
221
196
212
208
201
221
214
218
202
193
202
206
220
187
205
190
190
217
191
196
222
207
198
184
205
205
190
189
202
200
210
212
218
210
208
178
200
193
215
212
212
205
190
200
170
201
206
212
188
198
174
206
218
211
180
196
206
214
197
177
216
209
199
200
202
215
213
183
183
219
220
198
169
204
220
187
215
206
200
207
182
204
197
213
197
206
193
180
227
200
205
201
185
173
193
200
189
222
195
183
209
188
196
191
215
180
182
193
196
206
198
199
208
208
187
200
209
219
215
213
205
206
174
201
206
225
202
211
204
208
210
214
207
212
214
208
198
209
218
179
212
198
181
198
216
233
194
241
223
209
246
229
203
258
221
216
215
262
220
233
214
239
234
246
238
240
249
234
266
247
299
258
271
265
283
293
296
243
299
297
281
292
298
296
313
294
305
334
305
348
327
305
362
373
380
355
370
388
399
404
418
388
397
380
427
424
415
416
419
470
478
420
450
510
490
491
543
510
546
564
529
591
612
607
609
643
605
634
668
686
628
672
680
719
689
744
735
806
819
772
799
802
786
882
870
879
904
925
959
937
981
1012
1001
985
1015
1051
1071
1091
1103
1134
1171
1195
1177
1278
1234
1374
1305
1274
1334
1363
1432
1437
1342
1494
1477
1394
1427
1503
1572
1612
1641
1571
1715
1682
1735
1744
1742
1734
1873
1834
1869
1890
1828
1926
1955
2046
2123
1983
2088
2071
2113
2089
2241
2262
2289
2263
2299
2369
2325
2373
2407
2473
2530
2460
2581
2541
2484
2590
2602
2661
2626
2627
2740
2691
2725
2737
2825
2814
2839
2906
2868
2873
2947
2969
2910
3029
3059
3053
3158
3026
3047
3179
3142
3095
3184
3164
3244
3190
3244
3185
3203
3358
3394
3204
3352
3406
3471
3338
3366
3305
3386
3493
3451
3423
3494
3468
3569
3489
3361
3560
3413
3680
3489
3502
3548
3526
3558
3621
3572
3466
3617
3524
3509
3612
3577
3480
3569
3619
3572
3612
3516
3545
3485
3524
3400
3542
3546
3472
3406
3478
3476
3437
3422
3380
3375
3312
3253
3337
3312
3306
3273
3316
3252
3232
3185
3285
3064
3130
3128
3082
3102
3203
3067
3076
3056
3002
2928
2959
2901
2939
2897
2747
2821
2828
2726
2726
2689
2707
2644
2794
2643
2490
2540
2513
2507
2525
2392
2300
2385
2309
2357
2250
2291
2268
2265
2203
2223
2132
2151
2121
2061
2067
2007
1987
2005
1911
1946
1910
1869
1857
1802
1771
1747
1726
1724
1683
1778
1655
1635
1554
1499
1467
1582
1514
1481
1444
1402
1416
1394
1309
1314
1376
1335
1189
1205
1253
1159
1255
1193
1132
1156
1106
1042
1095
1054
1016
1063
965
981
932
980
906
917
858
837
797
804
828
800
776
772
764
746
761
758
672
680
696
639
659
651
644
622
623
616
636
596
591
556
555
560
522
499
506
455
459
461
459
454
472
421
477
424
455
430
392
390
360
379
413
387
345
370
389
341
348
343
342
346
312
336
318
347
319
298
330
274
311
305
311
283
258
303
286
262
261
255
277
224
253
255
240
237
242
239
240
240
244
209
223
230
228
190
231
218
201
196
173
210
203
189
218
201
205
185
192
182
208
173
190
178
172
190
181
189
194
213
153
155
171
189
159
174
154
191
155
165
167
163
168
155
165
126
148
149
152
146
151
152
158
128
135
146
147
137
112
132
133
163
116
123
117
149
125
143
147
130
130
110
114
132
132
135
115
128
137
128
141
138
113
128
114
125
125
131
143
117
132
94
129
131
107
137
128
122
118
131
116
104
122
134
118
112
104
117
129
114
117
117
85
111
100
127
124
116
107
111
112
95
102
118
109
115
111
90
123
121
110
105
100
118
91
118
139
106
110
111
106
96
95
101
113
109
126
117
106
92
109
97
102
110
90
119
88
99
89
105
108
107
109
103
96
111
109
99
106
106
97
97
98
100
110
96
99
102
103
98
95
106
120
109
104
82
93
105
110
98
108
96
104
88
100
91
111
101
103
102
103
95
110
88
107
119
101
94
90
98
104
93
87
107
97
97
101
108
88
100
108
95
110
95
96
93
91
103
93
107
92
101
114
85
73
98
82
101
80
87
82
100
101
108
102
77
94
99
96
93
87
101
100
113
91
103
102
96
104
98
91
96
91
98
82
96
96
99
81
87
97
102
99
103
100
86
124
112
84
99
96
82
90
90
99
101
90
79
92
75
94
85
101
106
90
95
74
86
91
95
98
104
102
103
91
94
92
101
91
112
83
95
89
101
118
100
103
114
111
90
93
91
101
94
86
100
96
89
100
92
73
62
94
101
88
89
101
102
106
97
84
96
86
109
106
89
83
93
94
109
98
110
87
88
82
87
109
116
101
82
95
99
96
95
93
92
84
91
78
86
85
87
84
100
94
83
112
100
81
84
107
90
103
97
93
105
92
103
99
93
87
82
107
95
107
100
88
87
84
97
113
78
106
86
89
84
95
86
103
99
98
85
77
99
97
97
95
112
81
87
97
85
99
92
108
99
103
101
91
83
106
100
110
115
96
94
88
99
93
94
90
91
99
116
109
81
87
102
88
99
97
93
105
80
96
96
90
102
106
78
84
95
101
86
97
80
90
85
98
95
105
99
89
100
110
87
103
92
112
93
93
96
107
101
110
107
104
95
118
99
84
106
95
93
97
74
99
77
91
97
92
105
95
120
114
85
105
89
108
94
104
103
110
85
99
101
124
96
91
102
101
111
98
82
102
111
100
98
98
94
106
91
86
99
108
103
106
95
110
89
104
89
106
92
86
72
105
110
94
89
98
88
87
96
95
101
100
95
89
87
101
96
87
91
102
95
100
104
99
108
93
111
89
110
92
104
90
87
91
109
101
111
93
89
118
106
92
101
95
78
100
99
106
80
95
102
85
92
114
91
83
92
80
96
129
82
88
110
99
98
113
79
86
82
97
90
91
106
92
98
90
86
86
81
99
104
91
76
83
105
82
91
95
95
84
120
96
96
87
95
94
100
103
90
102
89
100
101
87
91
108
98
84
85
81
89
97
90
88
93
93
103
88
84
99
101
100
85
85
91
97
85
111
94
113
107
90
82
112
97
87
101
108
101
95
101
102
91
91
106
114
78
91
91
102
100
93
107
95
107
77
88
89
90
100
78
92
106
87
105
88
86
91
106
66
103
125
97
96
90
85
90
94
76
94
99
104
84
108
92
95
86
97
112
98
75
88
92
90
95
94
101
78
115
108
80
91
95
92
113
108
84
91
103
97
87
81
101
85
69
99
102
93
85
84
88
98
104
93
109
101
86
108
105
110
98
98
100
95
99
79
90
88
87
90
84
87
102
113
91
102
106
95
93
91
94
83
91
80
87
97
91
86
83
87
95
93
97
92
89
87
96
114
93
96
106
90
81
83
86
101
103
112
89
91
93
78
92
97
115
95
80
100
98
88
97
75
94
77
85
84
85
90
93
97
91
82
76
97
101
92
100
85
100
117
100
105
91
97
90
85
105
93
98
112
96
89
84
97
83
80
98
87
93
98
86
109
98
95
101
115
88
82
104
100
109
107
103
92
85
79
103
90
94
90
104
106
97
107
102
93
104
91
93
106
82
95
84
100
104
92
105
98
87
93
99
85
83
89
108
76
109
102
106
106
111
93
86
97
82
109
87
115
87
89
90
103
106
96
93
99
78
98
102
117
100
119
101
104
99
84
111
100
92
74
87
106
97
105
90
95
109
89
96
116
111
100
88
92
107
91
107
92
99
94
106
104
96
95
94
103
84
85
106
92
88
79
106
114
93
95
101
102
108
88
93
93
84
102
81
80
109
107
109
92
81
98
84
103
96
100
106
101
108
103
96
87
101
96
88
80
85
97
101
98
96
87
112
106
93
97
101
95
97
108
114
90
105
109
95
101
90
103
94
92
98
95
85
93
102
104
110
83
101
82
112
103
108
103
95
89
91
75
92
94
103
86
112
114
88
88
87
93
94
99
106
90
100
92
102
119
92
103
98
95
75
95
98
117
82
110
91
88
89
88
92
110
87
101
95
98
88
75
99
88
104
113
97
83
89
94
97
109
98
91
84
92
93
103
98
98
92
74
95
102
98
86
78
84
80
104
103
95
98
85
100
103
100
77
106
82
78
103
88
81
97
86
94
89
93
88
112
93
90
98
99
90
94
101
103
96
94
101
99
110
117
98
95
97
91
104
75
101
77
74
93
78
100
93
94
84
97
101
101
116
87
105
99
88
95
91
85
94
87
104
89
107
104
100
89
102
86
97
94
103
90
106
95
101
89
102
89
105
94
94
106
87
95
104
90
114
110
102
94
90
96
91
94
88
101
86
89
86
96
104
122
92
100
94
86
100
110
118
99
96
104
96
98
102
99
93
102
92
85
102
91
92
71
105
103
88
91
81
99
104
69
87
96
101
83
95
87
90
112
103
98
111
88
104
102
80
86
102
76
80
94
98
97
118
90
107
96
122
92
83
112
109
103
100
96
104
105
88
88
120
106
120
99
111
114
94
83
91
82
109
119
107
102
115
109
83
107
107
98
87
97
107
87
102
111
92
96
103
90
104
120
100
118
96
97
99
109
96
103
102
83
100
101
89
106
96
122
87
115
94
98
94
101
90
79
90
100
95
95
78
116
80
109
101
87
112
115
102
100
108
94
119
87
102
106
113
110
99
103
103
117
88
115
108
109
96
108
92
89
109
99
104
98
109
110
89
113
102
93
91
104
107
110
119
122
91
106
113
93
109
97
108
94
99
97
106
104
115
100
102
87
104
103
88
106
97
116
85
107
102
123
94
92
95
88
99
110
107
98
111
99
113
97
111
108
111
107
95
112
106
111
94
100
109
107
115
93
125
104
110
112
116
109
86
122
89
105
94
108
99
108
112
88
105
102
95
114
98
97
112
98
88
115
87
104
88
98
93
90
117
97
115
115
110
115
103
124
103
95
100
90
116
94
100
105
98
95
114
101
97
97
104
111
117
125
127
112
106
121
111
104
88
120
117
100
102
98
104
78
113
82
112
122
101
102
103
93
126
128
133
114
107
110
120
103
100
114
84
134
123
105
105
120
94
108
114
105
106
104
117
123
101
114
116
100
118
116
112
120
110
125
106
107
99
114
109
115
128
108
92
128
99
111
103
111
105
117
108
121
122
105
113
113
125
117
129
105
100
113
117
96
109
108
96
100
105
116
116
108
117
117
120
129
119
97
117
94
124
129
103
106
130
111
106
132
90
120
111
95
100
110
113
122
94
102
98
119
122
113
116
129
130
105
111
105
111
107
110
100
104
104
113
126
116
117
123
111
105
121
115
103
127
107
102
110
120
119
106
104
102
123
105
106
115
109
93
103
113
126
135
108
98
106
116
139
105
115
105
100
119
122
132
122
110
120
119
119
108
135
112
97
121
108
123
107
120
118
113
138
105
119
111
122
108
113
109
113
120
114
117
103
104
102
114
116
117
111
96
103
95
109
99
104
112
96
129
112
124
119
120
107
111
116
116
130
127
118
127
126
102
96
107
139
128
112
115
114
111
114
118
95
102
133
119
105
118
95
116
117
116
118
136
109
123
106
124
105
111
101
100
101
125
106
121
106
102
101
119
102
109
132
87
120
109
111
91
99
118
104
129
142
116
111
120
112
125
104
96
106
118
126
117
96
98
99
109
96
121
104
100
112
99
106
107
106
91
109
92
96
117
102
97
106
109
81
101
82
91
87
99
86
92
114
101
89
95
114
87
118
96
103
102
112
98
81
96
89
116
103
87
101
96
92
95
109
101
105
111
94
116
94
88
118
87
107
102
93
74
107
86
97
92
78
97
94
103
91
102
88
83
89
81
106
81
106
110
77
81
92
98
97
97
78
98
71
93
85
89
89
92
85
79
81
98
87
101
88
52
90
95
76
81
95
71
82
70
64
85
87
84
81
89
82
89
67
85
78
84
78
86
81
64
71
70
67
77
71
70
78
94
66
100
78
70
67
83
70
71
73
73
80
84
82
72
79
65
73
53
52
65
73
70
59
58
74
48
70
66
65
67
62
51
79
68
76
62
56
77
65
62
64
71
79
60
61
64
65
69
59
73
59
69
59
68
65
57
61
53
50
76
62
63
65
62
69
68
62
65
64
58
63
69
44
59
40
61
61
62
63
54
62
40
65
49
68
58
42
60
61
61
53
68
60
50
75
44
60
51
58
53
58
39
54
61
49
39
50
49
49
63
43
38
42
55
56
55
41
66
55
47
50
54
41
61
51
39
44
53
44
43
49
43
45
47
36
33
50
54
34
44
54
42
42
52
48
45
44
54
45
51
50
52
43
34
40
42
46
48
36
30
56
44
38
46
41
41
53
42
46
46
42
52
51
41
46
43
40
40
49
48
41
37
35
50
42
45
55
36
32
35
44
43
38
36
53
32
47
43
43
39
39
47
49
37
38
36
32
33
34
51
30
32
48
30
41
30
43
40
47
39
23
30
40
36
46
46
35
44
30
35
32
40
52
44
44
33
37
50
36
40
32
41
44
31
39
48
41
41
39
24
38
23
33
33
38
34
39
27
45
37
35
40
44
33
34
31
41
34
27
34
39
28
37
30
40
27
34
43
29
40
41
39
40
25
32
28
24
40
24
25
29
34
29
36
27
30
26
24
24
42
27
26
28
30
28
23
33
32
25
33
27
29
30
34
26
21
28
34
36
21
31
34
36
35
25
36
31
26
17
35
31
29
27
26
24
43
37
33
28
32
31
26
18
20
34
33
38
27
27
29
22
31
30
36
26
36
29
30
22
31
27
17
20
20
27
28
28
22
21
25
24
29
27
24
31
28
26
27
25
25
22
26
32
30
20
20
36
21
31
36
19
36
27
20
28
25
35
27
18
26
21
32
23
24
23
25
22
29
24
21
30
22
21
20
26
17
23
25
32
22
20
32
22
25
22
37
30
20
31
23
26
22
24
23
27
35
17
23
24
25
31
22
23
17
30
22
27
24
30
19
22
29
22
21
34
24
22
22
29
20
22
21
25
23
27
22
31
23
20
20
16
23
31
20
18
24
21
21
20
25
20
26
18
25
24
20
22
22
21
25
33
31
34
26
26
18
31
27
20
30
24
24
28
23
28
19
30
21
22
26
26
31
21
27
27
30
24
24
33
32
22
30
29
18
15
20
25
26
29
28
23
27
32
33
29
29
25
20
29
20
28
24
31
30
28
23
28
31
29
26
38
32
19
26
22
26
27
25
31
33
32
47
27
31
26
27
40
32
25
50
33
39
44
26
36
41
37
36
42
38
41
47
37
42
50
29
52
35
42
30
39
35
38
30
50
40
46
35
45
43
42
38
47
44
58
48
50
46
49
45
43
44
47
53
40
42
53
48
54
53
37
44
54
51
57
63
54
60
48
58
62
68
71
57
59
79
61
78
63
65
76
71
81
82
81
74
72
81
69
89
63
78
81
75
81
92
87
72
82
88
82
94
102
94
90
114
93
88
108
84
88
100
104
101
108
81
113
93
134
127
106
120
114
124
128
122
118
123
115
124
129
118
124
123
119
127
125
123
153
151
143
165
165
159
146
155
142
150
175
173
166
165
141
164
186
153
149
188
161
187
168
175
181
164
168
195
187
191
209
186
213
225
218
210
209
223
181
224
226
245
228
229
239
210
201
235
226
226
272
230
217
266
276
237
257
274
276
243
266
253
272
245
262
276
287
250
273
277
269
301
317
276
296
309
290
300
296
283
298
289
315
310
355
298
353
321
339
341
324
324
334
357
351
330
333
346
330
362
358
372
373
347
367
349
362
367
369
414
347
371
402
391
389
375
370
385
390
412
402
402
389
416
400
427
382
390
413
409
408
430
433
418
411
471
444
427
443
433
454
458
449
420
447
441
450
413
422
441
427
424
422
451
467
453
449
475
465
451
439
470
462
479
519
480
502
481
498
462
452
453
481
509
500
486
479
553
500
468
527
497
504
493
461
500
496
449
507
512
507
477
511
511
507
491
501
509
503
511
480
518
559
541
469
535
523
497
467
499
509
533
499
527
508
486
502
522
506
522
508
470
526
528
484
469
510
514
519
488
515
514
480
460
461
451
503
487
519
504
491
465
426
515
455
534
486
522
470
490
452
458
519
471
488
455
491
495
477
469
489
467
457
455
477
449
459
453
464
443
426
417
429
423
407
475
431
433
449
405
416
426
422
405
414
424
391
431
397
401
364
417
415
426
411
390
405
379
380
387
408
457
352
397
380
382
364
402
337
366
370
369
345
345
379
369
310
357
357
334
375
315
327
327
329
317
321
343
317
348
313
320
325
330
317
304
292
305
302
296
309
283
271
285
292
265
308
299
276
268
249
285
282
275
247
252
250
237
264
232
244
256
247
226
254
243
259
247
240
229
236
234
221
246
245
221
235
217
223
233
238
206
209
187
251
213
210
197
221
182
208
203
205
190
208
187
177
203
161
189
173
203
161
184
163
173
160
186
174
169
194
160
170
176
161
139
172
146
142
166
161
145
154
161
112
134
146
151
133
131
144
132
136
122
137
135
124
142
100
138
115
126
118
113
114
125
119
126
119
135
123
109
114
122
112
127
119
97
106
104
100
114
102
104
90
90
102
96
92
81
99
101
84
96
80
83
96
87
89
95
89
86
81
71
72
88
76
73
73
73
66
77
82
76
87
80
78
88
65
63
85
51
68
59
60
80
81
59
58
68
71
65
75
70
59
63
66
53
65
66
59
56
68
65
54
53
61
63
60
62
49
44
64
65
60
57
61
48
48
51
51
48
59
46
36
62
47
69
44
45
55
56
58
44
51
40
44
30
46
58
44
63
43
61
46
41
58
37
53
43
44
44
48
42
40
53
52
41
52
50
53
39
40
46
48
49
39
45
44
47
41
41
33
40
40
38
45
47
32
42
41
41
42
27
26
31
46
37
42
29
32
34
38
35
36
35
29
34
33
34
45
34
44
38
30
34
45
42
27
39
33
24
38
39
33
38
35
24
31
28
29
29
31
35
28
24
37
28
40
36
42
37
16
27
18
29
28
33
29
35
32
23
28
45
32
37
42
39
23
25
29
27
35
26
28
31
28
29
24
26
28
30
28
20
30
32
17
36
27
21
23
18
23
28
24
20
33
33
22
24
21
27
22
30
32
21
26
32
26
16
21
25
23
28
25
28
22
26
31
30
24
23
20
23
32
32
23
26
21
22
23
28
15
32
27
18
24
34
25
20
20
26
20
26
27
17
31
26
24
32
27
19
29
17
19
28
19
20
19
15
25
27
23
24
33
22
21
17
23
29
19
19
28
20
20
19
29
21
17
30
25
22
24
21
28
18
15
28
20
21
19
25
21
23
21
26
20
11
18
21
11
20
22
19
29
13
23
20
21
18
22
22
24
28
25
19
22
16
22
20
20
28
19
25
24
20
23
21
20
16
26
22
22
25
16
13
23
14
21
30
23
22
22
15
20
27
18
16
18
26
12
25
20
14
18
17
22
25
30
17
16
19
19
15
26
18
17
19
13
13
13
22
17
26
22
28
27
24
24
20
16
21
20
16
18
20
23
13
24
20
19
21
23
20
17
17
19
15
12
19
19
29
22
18
24
24
24
23
26
17
22
26
13
18
17
29
21
27
27
19
21
15
14
22
22
35
21
19
22
32
26
32
16
16
19
12
24
19
25
23
22
20
19
25
14
24
27
24
17
17
19
21
20
18
22
15
25
22
18
26
18
22
19
23
24
23
22
11
18
20
23
23
22
18
21
23
11
23
20
24
23
13
27
21
17
15
27
23
26
23
22
19
22
18
15
13
25
23
13
21
23
31
21
30
15
22
21
25
16
17
21
15
20
21
25
26
23
21
23
15
17
31
21
14
17
19
23
19
16
17
18
26
21
24
17
29
17
18
17
18
21
24
23
23
18
22
19
15
25
17
16
16
16
22
18
13
15
16
19
23
11
28
18
24
18
17
19
17
19
20
27
13
18
26
17
25
14
14
20
13
16
20
15
20
18
22
22
24
8
15
19
12
21
20
18
19
16
18
17
22
17
22
16
23
15
20
16
18
24
15
17
25
14
20
23
18
25
22
27
17
24
23
16
11
16
6
16
12
15
16
16
18
18
10
23
18
12
12
22
16
13
16
9
16
15
9
20
15
21
24
14
17
12
14
16
23
13
11
10
10
16
9
14
7
13
19
13
9
20
20
12
18
14
16
16
22
19
11
13
12
14
20
20
8
11
9
16
15
18
16
10
18
19
8
9
23
9
14
17
14
15
11
14
11
17
15
17
13
15
9
11
12
17
13
16
12
10
11
13
15
19
16
11
20
18
14
12
12
11
13
10
19
10
12
13
13
24
14
14
18
17
14
9
13
13
14
13
15
19
11
8
10
17
11
10
7
18
11
14
14
20
12
12
13
14
9
12
18
12
8
11
16
15
11
7
15
13
13
12
14
17
9
15
13
9
13
12
15
14
14
12
12
15
21
12
13
10
9
12
9
17
15
17
11
13
19
11
13
14
10
14
9
13
13
7
9
10
13
9
9
11
17
12
12
16
10
7
14
13
11
11
15
9
18
13
18
10
7
12
9
9
14
10
12
18
17
12
7
15
13
5
16
5
16
10
16
22
11
11
12
10
14
22
14
11
10
17
12
10
11
11
13
9
11
10
9
13
13
6
13
14
13
7
11
11
10
17
8
10
8
11
14
12
14
6
8
18
14
6
10
10
14
9
3
6
5
20
14
7
8
7
14
13
10
8
9
8
9
12
12
13
15
9
14
9
13
7
13
10
11
13
11
12
14
7
9
10
10
12
13
8
13
14
14
7
13
9
9
7
10
7
9
12
15
11
9
9
8
11
12
9
5
13
12
11
10
8
8
6
14
3
8
12
12
6
4
8
8
2
6
7
5
9
11
9
16
11
9
5
7
9
10
13
9
16
11
13
8
13
8
11
5
8
13
11
7
6
6
5
11
8
11
10
4
9
7
7
7
4
9
9
3
4
8
13
10
9
9
11
6
9
6
6
9
11
8
5
6
11
8
7
8
7
14
14
6
6
7
7
14
4
5
8
9
11
13
7
13
5
10
3
7
5
12
8
11
14
6
5
6
7
8
8
5
7
3
0
6
6
10
6
9
11
4
4
4
8
6
6
8
9
9
3
9
8
11
2
3
6
12
8
7
10
8
5
8
11
7
9
5
5
7
6
6
8
5
4
6
9
3
4
6
12
3
12
8
3
10
8
8
8
5
3
7
8
4
8
5
9
3
3
7
9
8
4
7
7
7
2
9
9
7
8
7
3
5
3
4
6
9
6
8
3
7
4
4
7
7
1
4
4
7
2
10
1
3
8
8
5
4
6
2
3
3
4
5
4
10
7
6
4
4
8
4
6
5
7
4
7
5
1
3
3
4
6
5
6
4
3
6
4
7
6
4
12
3
1
1
5
0
5
2
6
11
6
6
1
3
2
4
5
3
7
5
6
5
5
4
5
4
4
4
9
5
4
4
5
7
3
5
2
3
0
7
5
4
4
5
5
2
6
8
3
4
4
7
6
4
6
5
4
4
2
7
5
7
6
2
4
2
3
3
5
4
0
5
5
8
3
1
4
4
6
3
7
5
3
3
2
5
4
2
5
2
4
2
5
8
9
2
6
6
6
6
4
5
7
1
4
6
3
4
3
3
6
5
4
8
4
4
4
3
3
2
6
7
7
2
3
5
4
5
4
3
1
1
4
6
5
2
4
7
3
2
3
10
5
5
4
3
1
6
4
2
6
3
8
3
4
2
1
1
5
2
7
6
2
0
4
6
5
3
4
4
2
8
2
6
8
2
2
9
4
5
5
2
2
2
3
7
7
4
5
7
6
2
4
1
4
6
3
6
3
3
5
8
3
0
4
6
2
4
4
4
1
5
2
4
5
3
4
5
1
6
5
6
8
3
2
3
5
3
3
4
5
4
1
4
9
4
4
3
2
4
2
6
4
4
5
3
3
3
1
4
4
8
4
5
4
0
3
5
11
3
2
7
4
5
5
3
6
5
2
9
5
6
9
1
2
3
2
7
3
4
4
7
5
4
4
9
5
1
2
3
5
7
7
4
1
7
5
7
5
3
5
1
4
2
1
3
10
4
6
5
4
4
4
6
4
5
5
6
5
5
6
3
5
4
5
7
5
6
8
4
2
4
7
12
6
5
12
6
5
5
6
6
8
7
7
7
6
11
1
10
13
5
6
3
11
8
6
5
9
10
8
6
12
5
6
3
11
6
6
4
8
8
6
4
7
7
4
9
5
6
5
7
11
9
8
5
9
6
9
7
13
7
9
14
7
6
8
9
10
14
6
11
14
5
7
8
6
7
15
9
13
6
10
6
6
6
10
3
6
7
12
9
14
5
10
10
10
13
13
8
10
9
8
9
11
13
11
12
6
7
9
17
15
6
14
10
9
11
6
9
12
9
19
12
11
12
17
6
7
11
11
13
11
21
16
18
9
10
20
12
16
7
7
15
16
10
21
22
8
13
7
12
22
16
16
16
15
13
16
14
16
16
13
11
13
18
13
6
17
17
20
14
17
10
16
19
14
13
12
19
23
16
9
12
14
11
21
16
24
21
11
23
16
14
19
21
13
18
18
17
14
18
17
15
13
11
26
17
10
20
15
18
15
20
18
24
17
12
21
13
22
20
20
19
17
12
20
13
18
22
13
20
18
20
16
17
19
28
26
19
16
22
18
18
15
13
17
15
20
11
19
20
19
15
15
16
16
13
20
14
22
19
13
15
21
11
26
16
22
23
20
17
14
16
24
16
14
16
17
15
19
19
13
18
21
20
12
16
18
26
24
28
18
20
17
17
16
15
29
13
22
16
18
21
16
15
23
18
16
25
28
21
18
15
22
20
20
20
10
19
14
15
13
19
17
16
22
21
16
20
16
21
17
11
9
28
19
18
20
20
25
18
19
16
13
13
29
15
17
25
19
19
23
17
18
17
18
20
18
19
11
23
9
6
17
16
17
14
10
23
17
22
19
18
15
17
21
19
11
16
14
12
16
11
14
16
23
15
15
18
11
18
14
16
24
16
11
12
20
17
17
11
13
9
14
12
15
13
19
15
18
6
17
10
19
12
20
13
16
16
14
11
9
16
13
11
16
11
10
16
13
16
11
8
9
8
16
7
9
8
14
10
19
11
11
10
14
16
10
11
10
13
12
12
13
18
9
6
9
15
8
8
12
5
6
16
14
10
5
11
6
10
16
7
8
6
10
4
16
8
3
16
6
13
13
12
3
10
7
8
12
12
7
11
8
9
9
9
8
13
4
5
14
3
5
7
5
6
6
15
8
7
8
5
1
8
5
6
8
7
2
10
4
7
4
11
7
7
9
4
8
10
12
8
3
0
8
2
7
5
5
5
7
6
5
6
5
3
3
4
4
10
5
8
5
6
6
5
8
8
6
4
7
7
5
4
5
4
5
6
7
11
9
8
8
3
3
2
5
4
3
2
4
4
11
1
4
4
4
3
4
3
5
3
4
4
5
4
6
4
6
2
5
3
5
3
5
5
2
6
2
4
3
4
3
3
1
3
4
4
3
2
3
3
0
4
5
1
1
4
3
1
3
3
3
1
2
2
2
3
9
7
1
3
0
2
3
1
1
3
3
1
1
4
3
5
1
7
3
4
5
2
3
3
5
2
2
0
3
1
5
1
1
2
1
1
6
2
1
2
1
1
1
1
4
2
2
2
0
2
3
2
1
3
1
2
0
2
4
2
2
4
4
2
1
2
0
3
3
1
1
4
1
1
0
3
0
2
2
4
1
3
1
3
1
0
1
0
2
3
1
3
2
1
1
0
3
2
1
3
1
2
4
1
0
6
3
1
0
1
1
0
3
3
2
0
3
2
2
1
0
1
0
1
0
2
2
2
2
2
1
1
2
1
1
2
2
0
1
1
1
2
4
1
0
2
0
3
3
1
1
1
3
0
1
2
1
0
0
0
1
2
1
1
1
0
0
1
1
2
1
3
0
0
1
2
1
2
0
0
2
0
1
0
2
0
2
1
0
0
1
1
0
1
0
0
2
1
2
0
0
3
1
1
0
2
1
4
3
0
0
3
1
0
2
1
0
2
3
0
1
1
1
1
1
0
1
2
3
1
1
1
1
0
1
0
2
0
2
1
1
1
0
0
2
2
1
4
5
1
1
2
0
0
0
0
2
0
0
0
1
0
0
1
0
0
0
0
0
0
2
1
2
1
1
4
1
2
2
1
1
1
3
1
0
1
0
0
1
0
0
0
0
0
1
3
1
1
0
0
1
1
1
0
0
3
0
1
1
1
3
0
0
0
1
1
0
1
1
1
0
2
1
2
2
2
0
0
0
0
1
0
2
0
0
2
0
2
1
0
0
0
2
0
0
1
1
1
2
2
2
0
0
1
2
2
1
0
1
1
3
0
1
0
2
2
3
0
0
0
1
2
0
1
1
1
0
0
0
1
0
25
18
19
26
12
22
29
20
21
14
27
15
18
17
27
15
18
19
28
26
24
27
19
30
20
31
27
27
20
22
28
24
19
29
23
24
20
25
23
29
25
16
21
15
18
31
19
19
34
20
17
19
22
20
18
28
20
10
19
25
25
24
25
25
22
24
25
22
26
28
25
22
20
23
20
17
20
28
14
19
29
27
15
20
22
19
20
21
22
21
21
19
21
27
27
22
21
20
28
25
28
19
21
13
25
20
27
21
20
23
23
24
20
25
16
25
18
29
22
23
20
28
30
25
35
31
26
22
