0
0
0
0
0
0
0
0
0
0
0
0
0
0
0
0
0
0
0
0
0
0
0
0
0
0
0
0
0
0
0
0
0
0
0
0
0
0
0
0
0
0
0
0
1
1
1
0
0
0
2
2
1
1
2
3
2
1
2
2
1
2
4
4
5
3
4
6
4
5
8
4
8
6
11
10
17
18
7
13
14
15
29
25
24
21
35
32
33
45
49
54
58
70
72
87
85
115
99
137
148
158
172
198
190
225
247
302
332
299
302
306
293
163
83
41
32
28
49
48
57
61
74
81
73
96
86
105
84
107
104
124
115
125
131
120
127
127
106
127
113
100
86
82
69
57
48
64
67
80
80
109
92
103
106
95
94
128
132
117
118
108
106
84
79
68
76
72
67
81
92
86
99
81
110
102
107
104
104
79
95
91
77
56
68
84
85
91
106
92
103
96
115
89
98
108
77
84
97
76
60
81
91
109
90
96
96
102
94
106
90
87
75
70
85
93
89
101
79
130
104
83
102
88
95
92
85
89
85
86
77
79
102
89
107
103
100
107
85
107
110
102
79
86
88
94
98
87
99
96
105
87
106
101
93
105
81
85
85
113
90
96
76
85
89
99
95
71
92
101
78
108
92
98
84
99
93
91
99
89
101
96
98
95
82
94
98
87
93
105
87
96
93
106
103
99
94
100
93
89
109
93
85
92
113
86
81
94
95
98
94
91
101
108
109
88
95
100
98
82
117
81
106
93
105
98
91
96
91
97
117
97
80
97
101
91
98
89
104
102
98
104
101
108
111
94
106
103
104
103
115
100
99
86
86
89
95
100
93
97
99
105
91
97
78
104
120
80
80
104
106
99
111
112
99
91
86
96
107
103
104
92
105
104
90
105
111
99
112
114
108
124
102
94
90
94
115
91
112
104
89
99
94
81
77
103
101
91
101
109
94
99
91
91
96
88
101
94
83
102
84
117
101
127
102
97
87
94
98
108
94
102
94
97
95
83
108
95
86
90
107
85
103
102
104
87
87
85
105
99
95
94
90
91
87
101
93
124
96
84
95
98
112
112
86
99
118
84
108
95
102
112
109
96
97
85
93
98
105
96
105
98
120
105
104
100
110
106
91
110
92
98
83
105
99
110
95
97
95
89
104
105
101
99
111
93
110
92
107
97
103
92
80
108
104
97
102
99
107
108
109
94
105
99
109
101
100
109
109
107
108
106
96
107
117
98
115
112
100
99
93
109
93
115
102
89
108
103
110
121
97
111
94
100
91
112
107
123
94
101
102
108
95
108
93
105
90
101
106
115
109
85
107
108
102
113
103
100
123
110
113
95
105
99
89
93
104
95
97
106
106
103
98
113
104
112
115
91
98
97
122
76
95
107
95
90
105
101
95
82
79
104
87
105
111
102
107
96
97
100
128
91
81
103
94
109
103
92
99
95
103
113
101
106
100
81
103
105
107
80
91
84
117
108
103
98
95
93
93
106
100
110
108
87
107
87
77
101
77
101
102
91
93
109
106
80
106
104
103
90
110
105
101
97
99
105
90
107
103
76
88
90
93
100
106
94
90
98
114
108
92
93
95
101
95
102
93
97
87
115
92
104
93
104
99
69
99
95
79
97
95
95
89
77
93
89
105
100
93
103
104
115
90
95
91
92
87
83
103
77
99
83
94
99
88
98
110
89
99
101
102
102
93
103
93
97
93
93
85
86
89
118
97
111
85
87
102
95
77
70
86
109
110
119
83
90
98
118
108
95
81
99
113
98
84
105
94
110
104
106
99
102
97
108
104
97
111
117
101
97
116
115
85
107
101
106
112
99
118
111
103
120
111
100
116
123
123
119
115
105
94
96
106
109
86
110
96
95
119
109
112
111
119
87
102
125
103
115
91
112
103
109
131
120
131
99
119
98
98
105
98
97
102
91
95
112
97
108
129
120
100
92
93
86
88
94
82
104
115
99
118
100
87
105
91
111
107
93
95
101
97
107
101
103
106
72
105
85
104
102
98
102
88
113
105
98
93
114
95
84
97
84
104
109
92
94
101
97
95
95
92
102
94
87
100
99
106
116
93
106
82
101
107
92
103
98
91
92
106
93
119
97
102
92
92
84
98
116
87
102
97
82
90
107
102
92
99
90
107
95
98
98
93
87
86
106
77
94
74
110
85
90
81
105
90
86
99
88
74
88
114
99
93
97
79
87
83
76
105
102
72
70
85
85
86
102
96
103
87
107
105
107
101
104
91
93
105
126
104
91
79
104
106
100
89
101
98
104
73
92
106
94
100
84
101
93
108
99
114
113
92
102
78
94
100
104
101
115
111
108
113
114
88
101
109
78
85
93
97
96
103
89
86
103
96
102
82
106
93
97
96
90
85
108
91
84
92
97
110
93
87
100
106
85
90
104
96
87
81
96
84
83
79
104
94
89
96
90
89
87
95
76
104
89
89
80
83
102
96
98
99
102
83
75
89
84
96
96
81
86
90
87
92
93
93
88
95
89
98
79
90
92
84
83
76
92
85
76
96
94
83
90
89
86
69
89
82
89
71
79
84
79
93
93
78
86
102
84
77
73
114
102
104
103
103
108
108
110
77
92
78
76
84
75
78
71
101
84
88
99
91
94
99
80
87
88
81
72
79
86
98
85
104
83
92
91
78
81
90
90
74
81
79
101
80
86
83
84
79
85
76
74
74
91
79
90
89
84
71
86
75
80
94
88
96
80
80
76
78
73
92
83
79
77
77
79
88
71
83
71
72
83
97
87
93
62
92
74
88
80
93
92
65
84
71
79
86
97
92
81
87
95
92
84
60
86
88
72
58
70
77
84
71
74
82
92
88
75
90
69
75
83
91
77
89
96
95
88
88
91
90
83
70
84
83
87
84
79
86
83
70
83
59
95
75
76
82
73
84
78
70
82
89
93
88
78
73
80
80
84
85
62
74
92
70
77
81
82
69
71
72
78
83
74
81
83
70
78
79
89
87
85
81
79
78
82
71
74
78
74
89
89
67
81
78
84
89
80
69
71
79
93
81
103
95
86
73
88
80
68
83
67
76
69
71
90
85
68
86
93
90
81
105
100
69
77
93
85
80
70
78
82
88
80
82
68
83
84
77
78
74
77
96
75
100
92
69
77
84
89
79
88
68
97
69
82
78
77
81
68
85
82
69
83
75
88
83
78
88
69
82
87
85
81
79
83
82
92
83
69
97
99
87
77
85
78
81
85
90
89
90
87
85
85
80
85
85
91
90
74
86
75
87
87
92
85
86
88
81
81
88
86
94
81
87
86
101
71
84
79
69
78
84
77
93
86
99
82
80
91
72
78
70
62
61
80
79
81
78
79
87
77
70
67
83
81
91
65
90
79
89
87
84
93
81
96
79
76
78
75
69
79
81
84
93
86
103
95
86
88
71
74
70
93
88
70
92
82
81
86
90
87
94
94
83
73
94
90
81
82
93
76
79
78
80
67
94
89
86
89
89
78
96
90
94
81
81
95
84
88
89
110
92
69
75
71
90
68
67
82
91
78
79
75
95
92
79
77
99
86
74
79
81
77
94
84
69
100
104
86
89
97
104
88
87
73
94
95
79
88
91
103
96
105
84
90
87
72
81
91
82
99
84
87
99
79
87
86
86
88
96
93
99
91
77
86
90
77
96
83
89
84
115
76
80
95
89
91
90
90
93
94
79
96
96
76
79
88
92
83
86
83
82
94
94
79
83
80
92
97
77
85
66
90
77
92
70
81
85
89
65
87
63
69
74
49
69
71
76
80
64
68
77
81
72
67
84
68
71
54
65
52
65
59
74
64
61
70
68
47
65
63
60
64
72
74
48
59
68
70
51
58
57
69
53
55
49
71
55
67
70
51
54
57
57
60
64
58
62
65
65
54
71
59
49
54
77
55
65
54
60
69
48
51
51
47
66
55
65
59
58
52
55
53
63
52
57
53
55
51
41
54
40
52
53
45
45
50
38
59
46
41
38
44
61
54
52
41
56
62
44
46
50
43
34
48
55
58
61
50
45
44
44
40
50
61
39
61
54
57
42
51
49
52
55
51
60
48
54
55
49
53
44
53
60
40
35
54
41
59
40
48
39
47
45
49
52
49
55
51
48
49
43
47
38
44
46
42
45
51
48
49
59
44
42
47
48
55
36
39
42
45
57
46
38
47
38
45
45
38
55
34
36
48
33
32
45
43
48
47
46
40
33
40
47
45
45
49
49
46
41
42
42
34
47
44
40
57
39
33
47
46
39
26
50
41
48
33
46
41
43
45
45
39
46
31
37
34
33
42
43
36
48
44
44
45
47
42
42
43
44
47
21
32
45
37
40
40
44
25
47
35
31
49
37
43
40
32
52
40
37
44
43
41
32
40
38
37
40
32
45
35
31
31
35
43
45
45
39
22
34
20
38
30
43
34
38
41
35
28
39
45
35
37
33
27
44
28
34
42
36
34
32
30
35
44
41
29
25
37
31
35
34
34
33
23
34
32
30
37
38
32
49
29
27
31
40
25
32
32
40
41
29
28
38
37
32
32
20
44
39
38
27
31
44
36
38
39
33
35
35
39
33
33
33
38
22
46
30
45
34
33
30
32
28
39
27
30
40
30
34
35
38
28
27
40
33
36
29
35
26
37
21
27
31
33
35
30
25
30
34
32
30
32
31
25
32
42
29
34
31
36
26
26
39
37
22
29
33
33
40
34
29
24
36
27
28
30
33
20
34
41
33
26
32
28
25
33
31
34
32
21
33
25
23
40
32
31
29
31
36
25
36
26
34
27
31
31
31
28
38
41
28
25
19
30
38
33
21
27
28
33
41
21
30
32
31
21
29
24
24
25
17
41
28
29
28
27
42
34
24
24
34
30
23
39
25
37
23
37
37
26
30
25
30
38
26
31
31
39
39
34
23
30
29
29
37
18
40
27
28
33
31
32
38
34
34
18
28
26
26
26
37
37
33
35
39
30
20
39
32
22
29
27
35
30
31
19
24
27
26
26
22
17
35
29
24
31
26
23
32
29
34
31
26
30
36
34
21
23
23
26
31
29
30
36
27
36
35
28
22
39
25
28
36
22
19
33
32
30
33
21
31
24
33
34
28
34
38
26
23
31
31
29
36
35
31
26
31
29
33
39
37
33
32
22
30
26
32
25
26
26
32
25
24
25
27
32
29
34
26
36
32
35
25
26
35
34
38
30
32
32
30
19
22
36
25
37
22
38
32
24
31
24
29
33
40
34
25
33
37
21
36
32
17
27
23
23
27
24
26
27
26
26
30
38
32
23
28
23
25
30
27
25
24
31
26
25
20
28
32
34
26
29
29
29
30
25
19
28
30
34
38
31
28
28
35
42
23
22
33
33
36
23
22
28
25
35
29
36
35
26
27
26
28
34
28
20
26
29
27
29
27
38
26
33
24
26
15
25
44
31
19
34
25
28
29
20
30
27
18
30
24
32
36
22
23
35
27
24
28
20
20
32
24
27
28
34
27
28
27
26
24
31
31
21
28
26
23
26
28
34
27
30
43
35
36
33
27
25
30
30
30
30
41
26
29
26
24
41
22
21
23
27
31
31
35
28
28
36
28
42
26
32
32
34
31
26
35
24
23
38
34
33
31
41
31
38
31
28
33
44
35
40
30
37
44
31
35
31
38
35
36
44
46
43
66
55
59
52
54
64
61
67
57
73
80
91
105
101
129
148
182
266
350
358
496
588
744
1013
1082
1394
1525
1728
1905
1955
1989
2020
2083
1993
1774
1604
1494
1217
1023
856
719
583
476
358
282
195
159
134
97
80
66
38
42
44
29
25
21
21
21
24
23
19
29
26
25
18
16
13
19
20
21
21
17
18
21
10
19
21
20
21
19
17
12
21
18
11
17
24
24
15
14
14
17
12
9
9
15
20
12
15
14
19
18
11
26
20
20
18
17
13
13
14
13
20
22
16
23
13
26
13
17
25
15
13
15
15
24
15
4
14
12
24
21
15
16
23
13
23
14
18
12
19
20
18
26
17
22
14
21
15
17
16
15
22
16
28
21
15
22
14
22
20
18
14
15
23
14
13
14
21
14
22
23
15
19
20
13
17
19
16
17
12
11
18
24
23
20
15
16
22
15
17
16
17
15
9
21
22
15
22
9
13
17
10
10
17
22
11
19
12
20
16
16
12
19
21
20
13
16
18
14
14
18
23
18
15
13
8
16
21
14
15
22
10
16
14
16
14
18
18
18
18
15
10
26
12
15
15
23
19
16
23
22
10
14
10
18
13
20
18
16
14
18
18
10
19
18
11
18
16
22
18
15
19
16
20
10
17
14
13
14
8
16
8
12
16
17
12
21
19
18
13
25
16
14
16
10
12
19
20
13
17
11
19
18
19
13
23
15
13
14
19
16
16
12
17
17
13
15
16
16
12
24
11
17
16
15
21
14
19
8
18
20
14
25
16
18
17
14
14
17
12
15
17
17
16
21
15
15
19
18
16
16
16
19
14
16
23
15
15
16
14
14
14
20
13
23
28
13
12
19
19
11
24
21
23
17
9
20
23
18
26
12
14
13
23
22
15
22
12
18
15
12
16
23
19
15
17
22
18
18
33
17
17
18
19
15
14
13
16
11
17
8
16
17
19
15
12
16
19
9
20
12
16
13
19
16
11
14
17
22
15
21
17
12
16
17
18
13
16
15
19
18
12
16
16
15
17
10
18
21
14
16
6
21
17
12
13
20
17
13
18
13
16
18
13
18
14
20
20
14
11
13
21
23
14
19
18
18
14
14
11
14
16
16
11
15
19
16
19
19
9
17
17
20
19
19
18
19
16
15
14
15
14
19
24
18
10
21
14
16
16
22
21
18
9
18
20
10
17
20
28
21
16
11
16
14
22
25
21
20
19
24
21
28
28
20
21
14
13
27
15
11
17
18
21
14
15
15
20
11
17
24
13
16
7
16
14
10
18
11
17
19
14
16
17
21
18
18
14
15
18
11
9
20
15
11
12
18
14
15
12
20
13
20
14
14
16
16
19
14
14
14
15
16
15
10
9
15
15
18
13
16
18
12
14
19
15
27
11
20
13
15
13
11
16
16
23
16
23
17
12
14
10
18
20
13
18
6
13
10
11
25
7
12
14
11
16
14
21
16
18
15
12
23
14
19
7
8
15
19
16
15
9
16
21
14
14
14
12
20
15
10
10
19
11
13
20
18
19
20
16
14
20
18
12
10
17
11
25
20
16
14
16
13
8
24
10
14
16
21
16
10
17
12
22
12
14
13
21
10
8
12
11
13
15
20
20
14
12
16
12
19
9
19
11
17
18
16
19
6
13
13
13
17
12
18
12
21
15
15
23
13
7
17
18
15
15
12
15
17
16
23
16
12
17
14
14
17
18
14
21
18
11
19
12
13
13
7
17
21
15
19
14
12
14
16
16
15
11
13
13
19
19
17
19
11
21
18
10
17
17
16
19
15
22
9
15
22
20
14
19
17
23
15
12
16
15
11
22
13
15
18
20
23
11
15
9
15
16
12
9
11
13
20
24
15
20
14
15
11
10
7
16
14
10
15
18
14
10
16
18
12
17
16
21
21
15
14
11
14
8
21
14
12
9
15
17
15
16
18
17
9
10
21
10
16
23
21
16
8
14
20
23
23
15
13
7
15
14
13
17
13
16
7
17
12
21
12
16
12
15
9
25
24
18
10
16
18
17
12
15
16
13
12
17
19
19
13
19
14
21
23
14
16
16
16
18
12
20
23
17
15
14
14
15
23
13
13
23
13
17
25
15
16
25
11
16
14
16
17
12
12
20
15
13
15
14
15
12
14
19
14
13
11
16
12
11
12
18
16
20
19
13
12
21
18
13
12
14
17
19
15
20
14
21
12
14
19
12
20
21
23
13
10
17
13
16
21
22
17
18
17
20
12
9
12
21
12
10
22
14
9
17
18
14
12
16
15
10
15
16
14
10
19
15
9
16
18
18
17
22
14
15
22
10
10
19
15
11
13
12
17
21
19
15
16
17
13
13
10
12
20
11
12
11
19
6
24
11
17
16
16
22
13
16
17
20
16
20
25
13
20
20
15
7
13
26
23
14
12
15
16
12
12
11
11
13
14
16
13
18
11
14
11
13
15
16
21
15
21
15
7
20
12
8
12
13
12
16
15
15
20
10
19
16
7
18
17
14
11
11
16
18
27
11
16
24
11
10
12
17
15
12
15
11
17
23
13
12
16
20
13
17
20
18
19
13
13
14
12
14
17
13
11
20
21
16
18
15
14
20
19
14
19
10
10
28
20
16
20
16
18
13
13
15
16
13
15
13
17
20
14
20
12
19
12
14
18
17
20
15
18
14
18
17
19
13
12
8
11
11
23
23
14
15
8
22
9
14
14
20
21
22
11
16
21
12
9
19
17
10
11
14
15
18
22
21
13
20
16
16
17
13
8
13
13
16
17
17
10
13
15
17
8
18
16
20
13
14
15
9
16
18
17
9
16
11
15
13
14
20
23
19
5
14
15
17
8
12
18
18
12
18
12
15
17
13
23
15
19
14
14
17
14
17
19
16
20
16
15
20
19
18
12
7
21
11
13
16
22
14
13
15
17
13
13
30
27
12
16
9
21
17
12
13
17
18
11
19
11
12
12
26
18
17
17
14
16
11
11
17
17
27
14
22
8
17
11
17
15
13
24
14
15
15
17
14
19
18
16
21
14
14
17
20
16
20
15
14
13
18
21
17
10
15
21
13
21
10
14
16
15
20
15
21
15
14
15
13
13
10
25
20
13
19
12
16
14
15
19
12
14
14
13
9
16
17
18
18
18
23
22
13
9
21
22
10
23
11
17
16
12
24
8
24
12
13
19
16
24
14
15
14
14
12
20
23
13
12
17
22
13
18
13
9
13
12
13
18
11
20
9
16
18
13
17
10
16
18
20
16
13
18
17
12
8
16
11
22
9
12
17
17
10
17
16
16
14
16
14
14
12
21
16
15
14
14
17
8
15
14
17
16
19
17
17
28
14
14
16
18
15
18
16
17
15
16
17
27
18
9
16
19
14
16
20
15
12
16
12
18
18
15
19
18
25
11
18
16
14
22
20
13
18
13
19
20
14
16
19
18
17
13
19
12
20
18
18
12
22
15
16
18
25
20
14
17
17
16
20
9
17
12
18
15
16
19
20
22
13
12
13
15
16
17
13
14
16
12
12
17
16
21
14
21
15
9
8
16
12
21
16
20
18
12
19
21
21
10
18
20
18
21
14
11
16
16
15
10
10
19
19
9
11
12
17
17
15
15
16
12
17
17
13
18
22
15
18
16
14
22
11
18
18
18
16
18
19
11
12
9
13
14
14
15
18
9
15
14
23
19
14
20
18
18
16
14
14
15
21
15
14
16
22
23
19
19
13
10
10
18
19
15
16
12
21
15
22
17
13
19
12
19
17
16
18
21
17
21
12
15
18
10
17
17
17
16
23
15
11
19
15
19
15
15
18
17
21
14
17
15
15
15
15
13
14
12
23
13
13
20
17
14
15
18
17
18
21
15
12
23
19
22
18
21
15
25
24
18
15
16
19
12
20
21
20
26
18
10
20
14
20
22
20
18
14
20
15
14
20
20
23
23
18
14
16
18
14
14
16
23
18
14
23
16
12
16
20
17
24
21
19
21
20
14
19
18
21
12
16
8
16
17
20
10
19
21
15
18
18
14
16
22
13
17
19
18
15
16
14
14
16
10
12
12
19
19
20
16
13
15
20
24
18
18
15
14
9
17
15
15
12
13
17
20
24
14
20
20
16
14
17
16
12
8
17
16
23
12
22
14
18
14
16
20
16
21
29
20
19
15
10
20
18
16
16
12
16
16
12
20
25
16
20
20
20
23
25
18
23
16
15
17
16
18
19
22
20
18
16
25
21
19
24
20
16
17
15
23
26
15
20
14
16
25
25
15
15
14
18
20
20
24
22
16
21
16
16
22
18
22
17
20
21
15
28
24
23
26
20
15
20
14
21
20
19
21
15
27
14
20
18
18
12
15
31
19
15
17
16
20
17
15
19
18
23
16
11
16
17
15
17
16
21
21
11
21
18
20
12
17
14
17
19
19
18
21
22
18
23
16
18
18
22
20
15
15
23
22
20
12
16
17
15
23
22
24
12
27
16
19
19
19
16
14
11
25
23
20
11
22
12
24
17
19
21
14
20
15
33
15
18
16
23
21
13
25
20
24
27
19
21
14
19
17
12
25
19
24
15
26
22
19
17
19
20
20
15
20
21
20
23
16
15
12
16
30
16
26
20
15
13
19
19
27
20
23
23
22
18
25
18
13
12
15
19
23
20
23
14
18
23
16
21
23
23
18
20
22
24
21
20
18
17
15
20
20
21
19
22
17
23
17
23
25
27
21
24
32
14
19
30
22
20
21
22
23
24
18
28
17
14
22
18
23
23
22
16
22
13
24
24
18
24
23
19
23
17
18
24
23
27
10
23
15
17
21
25
21
23
23
29
14
21
12
15
24
28
14
20
21
24
26
22
24
22
16
19
24
17
19
20
24
18
19
14
15
17
23
27
20
17
14
15
18
28
18
20
19
18
25
23
14
22
20
15
29
21
28
19
20
21
25
26
26
13
18
19
18
25
18
26
24
17
26
22
17
16
17
26
21
21
22
14
21
19
22
21
18
17
26
18
24
28
23
13
21
29
24
23
15
17
33
18
19
22
22
21
18
26
14
17
20
20
24
21
25
23
27
22
24
18
21
13
18
27
15
29
17
21
23
17
29
18
21
25
16
26
23
24
17
21
24
30
20
26
22
20
19
21
23
19
26
22
23
14
30
19
17
23
16
23
19
27
23
18
13
27
31
20
20
19
34
23
23
16
17
29
25
26
12
14
22
21
22
35
20
22
18
14
22
25
20
18
25
21
24
24
28
25
20
17
13
25
25
17
30
19
16
19
28
22
16
19
17
25
25
30
17
26
18
21
26
23
29
24
23
19
23
27
24
17
33
26
17
29
29
27
23
19
19
20
15
26
23
33
12
18
24
20
18
14
26
16
28
25
14
26
20
20
16
23
25
20
21
16
23
18
18
14
27
20
15
23
16
19
28
24
27
28
11
27
21
16
22
21
18
17
18
15
23
20
20
26
25
17
24
19
30
23
16
13
18
22
20
17
15
20
17
13
22
17
24
17
27
17
22
18
19
24
17
17
21
20
34
14
17
17
27
20
25
21
17
25
16
16
23
16
17
25
20
32
24
28
19
18
16
25
15
20
15
16
9
17
20
14
20
14
24
12
22
21
18
17
14
26
28
18
26
23
24
20
25
31
15
27
24
26
33
19
20
24
17
29
22
18
13
16
17
14
21
26
16
15
20
21
19
21
17
17
26
24
29
20
25
10
17
15
30
29
28
23
23
29
16
21
22
21
20
20
20
29
23
13
16
32
18
25
19
20
22
29
26
24
21
23
20
20
23
21
25
23
32
22
25
26
21
19
21
23
17
30
20
15
16
27
22
20
16
16
11
24
28
23
27
27
16
14
29
24
31
20
20
20
25
21
17
25
27
18
25
17
18
23
22
21
14
24
23
31
16
25
25
27
26
27
21
16
25
21
27
27
32
23
25
27
23
24
32
28
24
26
21
29
27
24
24
14
29
15
22
19
26
27
23
25
23
22
24
21
22
29
22
27
28
27
17
23
16
27
31
20
13
18
17
24
18
29
27
21
26
21
16
17
17
14
27
19
25
21
18
24
28
24
22
35
15
26
21
23
27
24
16
27
22
23
26
25
25
22
22
20
23
18
26
22
20
25
25
19
24
25
23
24
14
23
18
27
23
18
19
19
21
20
25
32
15
20
28
17
29
19
23
22
17
19
27
15
23
20
37
24
20
26
25
18
25
25
27
21
18
20
21
19
23
21
22
26
25
28
22
17
24
17
22
29
20
24
15
30
26
22
22
20
24
16
19
18
23
23
22
18
29
24
34
17
27
32
21
27
23
22
25
23
27
13
21
25
25
15
25
17
27
23
22
24
28
24
14
25
19
27
22
23
18
22
20
16
23
22
18
19
26
30
22
24
19
26
29
20
22
14
21
28
21
31
33
23
26
17
22
30
27
30
12
14
27
29
22
23
12
17
30
17
23
25
21
19
19
11
21
27
15
18
15
23
20
19
18
16
18
16
14
15
15
14
18
18
17
15
17
15
13
18
22
18
18
20
21
14
16
17
16
23
18
17
19
9
24
20
18
8
13
16
12
11
10
17
22
20
16
13
16
16
18
12
21
18
13
16
20
18
21
12
15
14
22
13
19
20
18
17
8
13
17
13
14
11
19
14
14
11
16
16
12
12
15
22
16
16
13
25
18
15
21
8
10
20
23
24
17
23
20
14
11
11
20
20
25
17
9
17
11
17
18
12
13
14
7
15
20
16
16
11
14
13
23
11
12
24
16
19
13
15
16
20
11
17
16
18
18
26
13
11
16
16
18
16
15
19
10
20
12
13
19
16
15
16
22
18
10
18
13
17
16
18
10
13
5
13
13
20
14
13
7
17
14
13
13
15
14
21
17
14
14
9
19
12
9
16
13
14
13
18
14
12
16
17
14
16
23
21
13
14
12
13
17
12
18
12
17
8
12
8
14
14
12
18
10
14
14
16
13
14
23
15
17
11
8
15
13
14
12
17
10
23
15
8
13
12
14
15
9
12
18
15
12
15
15
13
16
15
13
13
17
10
8
12
20
12
16
19
21
17
16
10
13
19
19
12
14
14
19
13
15
9
10
17
12
11
15
9
11
10
8
12
11
18
11
17
9
14
14
9
13
11
21
15
16
7
12
9
11
12
13
8
6
11
9
14
10
15
8
9
11
10
12
10
8
10
10
6
11
9
12
9
16
15
8
9
11
7
6
8
9
14
12
13
8
14
15
11
5
9
10
11
8
9
12
6
7
10
8
10
9
7
7
15
8
10
13
15
5
15
10
15
6
6
9
12
11
7
7
8
9
10
9
10
16
7
8
13
12
14
7
13
12
5
10
12
15
9
8
12
8
12
13
6
10
10
8
9
11
16
6
12
7
6
8
5
7
16
7
5
14
7
8
9
13
12
7
8
7
3
14
10
10
8
11
11
5
17
3
13
9
10
9
10
12
4
9
7
11
11
3
11
6
7
13
5
7
7
8
10
10
6
6
6
11
9
6
9
11
9
9
6
7
9
6
11
7
6
6
12
6
8
5
10
7
9
11
10
10
7
13
10
16
7
9
8
6
9
6
8
8
6
7
4
10
8
7
6
4
6
8
7
8
7
8
9
8
5
12
11
4
6
7
8
4
5
11
6
4
10
8
9
5
7
8
12
7
11
8
5
7
9
10
6
5
5
9
5
5
7
10
14
11
7
15
18
19
38
46
64
105
124
195
247
299
325
332
337
295
257
203
155
154
92
58
52
28
21
21
16
11
9
7
5
13
7
10
7
5
7
6
9
3
4
5
7
7
6
4
6
5
5
2
6
6
1
3
4
3
9
6
8
8
4
2
2
6
7
2
12
8
5
6
4
4
8
8
8
4
6
8
7
7
2
8
8
9
2
4
5
2
5
5
6
6
3
5
4
7
7
5
5
4
3
5
6
6
3
8
1
8
5
6
9
5
2
4
5
7
4
2
4
6
7
5
4
2
3
7
1
5
3
3
6
3
7
7
5
6
9
8
3
5
4
5
6
3
1
2
4
6
5
3
3
3
3
6
6
5
5
2
6
3
4
3
6
7
2
3
4
3
3
3
3
5
1
5
6
7
2
4
7
4
4
1
6
2
1
6
8
3
0
5
5
6
4
7
2
3
3
1
2
4
4
3
5
4
3
0
6
4
3
2
3
11
1
4
3
2
9
2
5
4
3
4
2
1
4
0
8
4
2
5
1
5
1
4
5
2
2
4
4
2
6
7
2
5
4
5
6
7
7
2
7
3
3
9
8
2
5
3
10
2
3
5
2
4
4
4
6
1
5
4
5
3
2
7
0
2
1
3
4
6
4
1
5
3
2
6
4
4
1
5
2
1
2
2
2
3
5
3
6
5
4
6
2
5
4
2
4
4
1
4
1
5
5
7
5
7
3
7
3
5
2
6
4
2
4
4
2
5
2
3
1
6
0
1
1
4
3
5
8
0
2
4
2
3
5
2
4
0
4
4
4
3
3
2
7
10
3
5
2
3
3
9
1
2
3
3
0
2
3
5
3
1
1
3
4
7
8
2
5
4
4
6
2
2
1
3
3
2
3
1
1
2
6
4
3
2
1
3
1
1
3
2
6
3
4
2
2
6
2
4
3
4
3
5
8
6
2
4
3
5
6
2
1
3
1
2
1
1
1
2
4
2
5
3
2
3
4
2
4
3
2
6
3
4
3
4
3
2
2
4
3
3
2
5
4
8
7
4
3
2
3
3
3
2
0
7
6
5
4
3
6
3
4
7
3
3
5
5
3
6
6
8
7
7
4
6
5
7
9
7
4
1
14
7
3
5
7
8
8
5
13
7
2
14
9
6
7
10
7
11
7
8
12
21
5
10
19
22
28
27
49
102
141
234
329
440
533
653
779
749
803
746
672
526
461
336
234
152
110
76
50
42
20
24
11
12
11
2
3
1
4
2
4
5
2
5
4
5
3
2
3
1
0
0
2
1
4
2
2
2
3
2
3
2
0
0
1
3
3
1
2
4
1
1
4
1
2
4
1
3
0
0
2
0
4
0
2
3
3
1
0
2
0
2
0
2
3
1
0
1
1
0
2
2
1
0
3
0
0
1
1
2
2
0
2
1
0
0
1
1
3
2
2
0
0
3
3
2
2
1
2
0
1
3
2
1
4
3
0
2
3
1
2
3
2
1
2
0
1
1
1
1
2
4
1
1
2
0
2
0
0
2
0
0
0
4
0
1
1
1
1
0
2
4
2
2
0
4
1
3
4
0
3
1
2
6
1
1
1
0
2
3
1
1
3
1
1
0
1
3
4
0
1
1
1
2
0
0
0
3
1
0
1
0
1
2
0
2
0
1
3
3
2
2
0
1
4
0
0
2
1
4
4
0
0
4
1
0
1
1
4
4
4
2
0
2
1
2
1
2
0
1
3
2
1
2
1
1
4
2
2
3
3
3
0
2
4
2
1
1
2
2
2
3
3
0
0
6
3
2
2
1
5
2
3
7
4
2
2
5
4
5
4
4
0
4
4
5
10
4
5
4
9
12
18
24
26
48
82
93
152
225
246
301
322
294
235
236
207
160
138
94
74
47
34
14
9
11
9
8
6
1
3
1
5
1
1
0
1
2
2
2
1
1
1
0
1
0
1
1
0
1
2
0
0
1
0
1
1
2
1
2
0
0
2
1
1
0
0
0
2
0
0
1
2
0
0
0
0
1
1
0
1
1
0
1
1
1
1
2
0
1
1
0
0
1
0
1
0
1
0
0
1
0
1
2
1
0
0
1
0
2
0
0
1
1
1
1
0
1
0
2
0
1
1
1
3
2
0
0
0
2
0
0
0
0
1
0
1
3
0
0
0
1
0
0
1
0
1
3
0
1
0
0
0
0
0
0
1
1
1
0
1
1
0
1
1
0
1
1
1
1
0
1
2
2
2
0
2
0
1
2
1
1
1
0
1
0
0
1
0
1
1
1
1
1
0
0
0
0
1
0
2
1
0
1
2
1
0
0
2
2
4
1
0
1
0
0
1
2
0
0
1
1
1
1
0
2
0
0
0
2
3
1
0
0
0
1
0
2
0
1
2
1
0
1
1
1
3
0
0
1
0
2
0
1
1
1
1
1
1
0
0
1
0
2
0
0
0
0
2
1
0
0
1
1
0
1
2
2
3
0
2
0
0
0
0
0
0
0
0
1
1
0
0
3
0
0
0
0
0
1
1
0
0
0
0
1
1
0
1
1
0
0
3
1
0
2
2
3
1
2
1
1
0
0
1
0
0
0
1
0
0
1
2
1
2
0
0
0
0
1
0
1
1
1
0
0
0
0
0
0
2
1
0
1
0
0
0
1
0
1
1
0
3
2
2
0
0
1
0
1
0
2
1
1
0
0
0
0
1
0
0
1
1
1
0
0
1
0
0
1
1
0
1
3
1
0
0
0
0
0
1
0
0
2
1
2
1
0
0
0
0
1
0
2
0
0
1
0
1
1
0
1
2
1
2
2
1
1
0
1
0
1
0
0
0
1
1
0
1
0
1
0
1
0
1
2
0
1
2
1
1
1
1
0
1
0
0
1
0
0
0
0
0
1
1
0
1
1
0
2
2
0
0
0
2
0
2
0
1
1
1
1
1
1
0
0
0
1
2
1
0
0
1
0
1
0
1
0
0
0
2
0
0
2
0
0
2
0
0
0
1
2
0
0
1
1
0
2
1
0
0
0
1
1
0
0
1
0
1
1
1
0
1
1
0
0
0
1
1
0
1
0
1
1
2
1
1
1
0
0
2
1
1
1
1
1
1
2
0
0
1
3
1
0
0
1
1
2
0
2
2
0
0
0
0
1
1
2
3
1
0
0
0
0
2
0
0
1
0
0
1
1
0
2
1
0
2
0
0
0
1
1
0
1
0
1
0
1
0
0
1
0
1
0
0
1
1
1
0
0
0
1
1
1
1
2
0
0
0
1
2
0
0
0
0
1
0
2
0
2
1
0
0
0
2
0
1
0
0
0
0
2
3
2
2
0
3
4
10
7
9
13
15
23
24
16
15
27
16
17
13
7
8
3
2
2
3
1
1
2
0
2
1
1
0
0
0
1
0
0
0
0
0
0
0
1
2
0
1
0
0
1
1
0
1
0
0
1
1
2
0
0
0
1
2
0
0
2
0
0
1
1
0
0
0
0
1
1
0
0
0
0
0
1
0
0
0
0
0
0
0
2
0
0
1
1
0
0
0
1
0
1
2
5
0
0
0
0
0
0
2
0
1
2
1
0
0
0
0
0
1
0
1
0
0
2
1
1
0
0
0
0
1
0
0
2
1
1
0
1
0
0
0
0
0
0
0
0
2
1
0
0
0
1
1
1
0
1
2
1
0
0
2
1
0
0
0
1
0
1
0
0
0
0
0
1
1
1
0
0
0
0
0
1
1
2
0
0
0
0
0
1
0
0
1
0
0
0
2
2
0
0
3
0
0
0
2
1
0
1
1
0
0
0
0
1
0
0
0
1
0
3
0
2
0
0
0
1
0
0
1
0
0
0
1
1
1
0
1
1
1
1
0
0
1
1
0
1
0
2
0
1
1
0
0
1
1
1
0
1
0
1
1
0
1
1
0
0
2
1
0
0
0
1
0
0
1
0
0
0
0
0
0
0
1
0
1
2
0
1
0
2
3
0
0
0
0
0
0
0
0
0
1
2
0
1
0
0
0
0
1
0
0
0
0
0
0
0
2
0
1
1
0
0
2
0
0
1
1
1
0
0
0
0
0
0
2
1
0
0
1
2
1
0
1
0
0
0
0
1
0
1
1
0
1
1
0
1
0
0
1
0
0
2
0
1
1
0
1
1
0
0
0
0
0
1
1
1
0
1
0
1
0
2
0
1
1
0
0
0
0
0
0
0
1
0
0
1
0
0
1
1
1
2
0
0
1
1
0
1
1
1
1
1
0
0
1
1
0
0
0
0
1
1
0
0
2
1
0
0
0
0
0
0
0
0
0
1
0
0
1
0
0
1
2
0
1
0
0
0
1
0
1
0
0
0
1
1
0
0
2
0
0
1
1
0
0
1
0
1
1
0
1
0
1
1
1
1
0
0
0
1
0
0
1
2
0
1
1
0
0
1
1
1
0
3
0
1
0
0
0
0
0
0
0
1
0
1
0
2
0
2
0
0
1
0
2
0
2
0
0
1
0
0
0
0
0
0
2
0
0
0
1
0
0
0
1
0
0
0
1
0
0
0
0
0
0
1
0
0
0
1
0
0
0
0
1
0
1
0
0
2
0
0
0
1
0
1
1
0
1
0
0
1
1
1
1
0
0
0
0
1
0
0
0
0
0
0
0
1
2
0
0
0
0
0
0
0
0
0
2
0
1
2
1
0
0
1
0
1
0
1
1
0
1
1
0
0
0
0
0
0
1
1
0
0
2
1
1
0
1
1
1
2
1
0
1
0
0
0
0
1
1
1
0
1
1
1
0
0
0
0
0
1
2
0
0
0
0
2
1
1
1
0
0
1
0
0
0
0
0
1
0
0
1
1
0
2
1
0
0
0
0
1
3
0
1
2
0
1
0
1
1
0
1
2
0
1
0
1
1
0
1
0
0
0
0
0
7
4
7
4
5
11
5
11
10
6
6
6
9
13
6
4
9
11
3
9
10
11
8
2
4
9
11
8
14
13
10
7
5
6
2
4
10
7
4
6
5
13
10
2
6
8
10
6
7
5
7
5
6
4
6
4
4
7
8
11
8
5
8
6
6
9
5
4
7
6
5
5
6
9
12
4
5
10
9
6
4
5
11
6
10
7
8
6
9
7
8
1
7
5
3
10
4
5
5
2
5
4
4
6
5
5
10
3
3
3
3
2
7
6
6
6
8
8
5
1
3
9
9
4
3
4
5
0
