0
0
0
0
0
0
0
1
1
0
0
0
0
0
0
2
0
0
0
0
2
0
0
0
0
1
3
1
1
1
0
1
1
1
2
0
0
0
1
2
4
13
14
25
31
40
31
39
32
39
28
22
34
32
33
59
81
137
258
324
468
589
700
834
896
970
960
1021
989
1073
1008
990
1065
1061
1047
1152
1103
1103
1149
1195
1127
1134
1124
1067
1004
999
906
870
839
825
787
759
691
641
617
664
626
639
653
600
596
611
601
594
610
582
606
540
551
593
557
521
581
550
513
550
545
521
560
601
562
523
517
539
509
486
519
545
548
505
518
479
528
554
492
512
480
496
562
527
507
518
498
540
496
462
454
481
517
504
509
518
511
547
543
550
485
513
518
529
498
513
518
551
498
527
523
501
553
529
509
545
533
533
556
564
551
469
587
537
491
565
584
534
547
547
552
563
508
572
555
562
500
538
531
539
555
567
567
561
566
550
526
534
578
572
544
586
551
543
569
608
574
575
578
595
576
590
561
565
578
557
586
599
582
558
564
555
632
558
588
541
567
563
581
630
604
588
571
558
589
607
559
566
623
636
615
598
568
577
586
571
590
598
619
562
622
589
551
617
622
597
677
591
607
568
624
591
558
623
581
605
599
560
607
646
600
597
657
612
642
611
626
616
561
583
615
620
600
665
611
644
635
590
637
645
629
624
646
590
618
601
623
600
656
609
580
628
657
617
653
625
621
642
636
617
618
563
601
648
592
663
595
617
620
625
645
655
593
615
635
641
635
603
680
594
608
689
657
647
631
625
624
669
662
618
640
643
640
602
636
639
652
675
603
645
581
636
638
665
616
593
658
648
622
626
615
639
628
620
595
602
633
643
611
596
649
670
612
645
638
632
677
605
613
621
642
645
642
652
626
674
611
657
649
650
645
602
661
615
631
631
649
626
615
636
654
610
715
624
675
626
647
612
601
624
674
691
680
577
655
678
651
629
637
631
651
645
628
610
641
654
647
643
716
632
619
636
673
655
639
677
685
662
579
632
671
670
674
658
610
665
675
674
662
640
692
635
650
671
648
653
626
686
658
607
661
626
704
645
645
645
606
629
661
693
665
680
639
671
686
649
638
673
684
636
697
681
642
687
671
633
654
671
679
675
667
681
675
643
659
665
672
670
654
677
655
677
682
634
635
716
649
643
647
655
693
652
664
678
663
604
679
696
616
655
634
679
668
720
674
688
707
657
677
689
708
624
666
717
651
680
669
648
661
707
663
661
644
665
653
656
701
652
667
685
686
665
657
660
679
698
648
668
644
703
704
714
683
649
686
685
681
670
693
689
663
669
684
620
651
659
612
698
641
670
641
671
685
634
683
660
660
624
677
649
670
677
715
655
664
650
677
686
701
701
646
649
692
694
675
693
679
646
698
654
640
632
702
687
694
656
659
619
664
690
671
680
630
663
663
668
638
688
692
666
677
667
634
659
687
690
689
660
665
656
648
737
651
641
663
683
611
638
638
640
652
669
647
701
658
621
667
700
673
692
701
625
688
659
691
715
640
625
684
669
681
705
697
686
642
686
696
636
649
654
721
655
652
651
670
636
662
666
703
636
646
671
683
664
679
671
693
638
729
704
676
686
682
665
711
650
629
725
670
737
658
662
626
688
668
690
719
685
728
714
686
672
668
642
666
673
712
717
714
687
736
680
717
701
672
727
729
738
721
733
730
720
680
709
734
744
695
694
732
749
712
743
757
727
722
688
713
753
801
737
719
795
698
747
715
767
755
783
770
792
748
738
775
805
738
747
748
713
806
782
774
763
793
789
808
784
764
758
741
777
855
789
782
735
837
783
788
794
808
770
780
847
831
820
746
788
837
810
796
815
832
856
848
816
840
818
784
857
853
809
819
797
805
809
806
784
791
864
800
795
819
815
840
806
834
859
852
819
836
823
851
810
841
885
777
826
837
854
836
856
806
803
823
794
738
809
805
801
803
808
845
795
785
798
821
786
847
839
765
856
841
844
828
820
803
765
807
860
828
821
742
797
788
821
777
831
830
753
786
849
832
740
779
798
810
783
831
752
812
749
752
762
821
784
769
780
769
798
798
714
793
783
794
740
789
779
711
821
802
777
782
772
720
792
739
774
760
777
800
786
759
775
766
750
717
737
770
708
812
767
756
751
757
772
713
775
755
827
742
767
772
740
713
764
834
755
767
713
749
770
747
750
711
762
713
740
740
790
749
707
704
723
761
716
759
741
748
684
718
716
758
735
760
759
713
719
726
734
703
753
768
695
743
764
710
727
703
718
748
691
701
733
733
745
672
718
701
709
664
741
682
755
771
729
719
777
772
747
714
730
685
691
686
743
685
703
692
710
702
662
720
707
723
686
744
676
707
718
719
726
688
697
665
717
710
725
671
670
654
721
694
713
720
660
709
700
703
672
718
675
703
659
675
660
733
669
690
699
670
675
700
688
713
685
721
673
701
719
686
693
684
681
680
668
666
658
616
616
694
662
646
635
705
713
643
646
675
659
682
660
659
693
650
633
666
678
659
628
651
663
638
666
710
635
691
661
715
639
632
653
659
644
715
650
614
623
658
698
638
619
688
603
663
690
672
656
658
660
633
621
651
651
630
648
623
662
666
653
625
638
669
602
685
618
637
620
557
644
622
637
643
602
647
625
641
599
647
633
579
681
623
630
646
628
673
627
640
665
606
622
613
583
634
608
645
611
604
612
566
613
604
589
628
641
642
583
606
588
649
610
644
555
618
613
598
612
642
604
602
604
567
596
631
599
623
616
620
594
646
564
594
614
569
571
551
582
599
555
567
619
565
640
639
597
545
588
595
592
571
563
604
592
623
609
598
585
586
599
568
537
556
591
561
576
565
595
580
590
607
545
571
551
547
587
639
554
564
570
578
590
575
575
533
565
580
601
582
610
592
595
544
585
595
561
594
607
595
536
514
559
570
584
579
597
599
529
588
594
606
587
607
585
548
586
527
601
596
526
557
553
569
576
530
563
531
546
537
610
567
564
495
526
609
550
553
556
550
547
582
562
543
555
551
550
568
568
586
556
550
585
519
511
545
602
564
616
569
516
579
565
553
581
556
545
565
530
539
603
510
554
548
550
537
543
567
561
553
526
555
533
560
561
543
526
519
515
566
598
566
546
537
562
524
522
576
609
593
534
515
585
547
568
590
531
578
538
558
529
525
517
566
529
585
560
537
569
568
582
554
560
515
566
570
561
590
588
606
530
549
551
528
536
562
592
560
562
535
521
546
521
534
549
564
573
602
569
604
579
557
610
589
543
567
528
570
520
572
535
546
554
511
545
541
534
570
534
539
547
605
538
505
553
540
588
585
569
525
599
587
547
555
591
570
537
552
528
596
558
588
510
539
563
541
545
562
562
546
551
563
524
587
528
577
530
527
549
548
552
571
573
566
539
569
541
543
573
581
513
570
528
536
577
536
526
553
529
535
538
546
556
560
548
560
520
539
556
537
512
481
575
534
509
540
546
543
540
534
579
550
508
544
550
554
497
521
546
531
534
527
566
571
484
531
531
534
515
518
514
549
523
532
533
524
548
561
530
524
528
542
517
499
502
514
495
504
500
513
510
474
469
507
539
509
475
508
478
527
499
518
533
453
519
451
469
454
491
475
488
499
478
482
461
529
475
468
456
475
474
476
494
468
457
457
464
468
446
433
444
504
445
461
481
469
431
445
428
421
452
427
420
439
407
466
439
422
468
388
449
433
415
420
420
424
439
437
402
424
434
396
407
377
419
420
450
419
383
388
416
392
433
397
401
421
402
374
395
370
377
365
410
401
378
368
380
391
403
401
396
354
359
364
397
397
393
370
361
358
348
368
383
370
360
355
390
364
376
364
354
334
344
354
365
390
362
352
372
342
349
349
335
347
355
337
299
329
331
343
364
337
363
351
318
348
333
343
340
335
312
355
343
306
318
297
291
315
281
348
314
342
321
300
331
320
296
304
304
307
308
344
302
315
303
308
294
325
308
320
308
301
314
301
302
303
289
299
303
299
300
292
327
285
290
295
292
286
307
278
279
294
279
295
305
311
329
292
301
283
282
287
269
295
270
307
255
287
242
278
281
279
264
251
239
283
253
275
270
287
285
264
258
269
294
263
317
262
290
254
244
240
259
258
272
279
254
263
279
275
279
270
271
272
255
274
277
276
273
269
248
261
269
263
257
287
265
240
260
242
279
244
268
294
247
265
249
261
274
256
275
297
260
255
268
266
287
247
236
250
234
244
211
237
272
252
249
247
261
255
233
204
244
250
286
247
260
275
262
260
275
237
268
227
260
263
251
246
213
235
238
245
255
245
250
272
245
240
212
250
232
239
262
251
240
224
246
240
236
274
262
242
260
222
253
253
272
233
250
245
240
259
238
241
215
236
221
246
245
209
251
241
235
220
229
247
231
253
241
245
211
232
221
232
241
235
230
240
278
227
233
229
247
236
220
266
243
226
223
237
233
251
202
222
241
235
237
229
247
234
217
219
219
220
192
251
218
253
242
231
222
244
218
227
218
225
196
243
225
238
215
196
239
233
214
213
216
226
214
237
222
234
197
252
229
248
232
209
226
200
241
209
226
220
222
210
207
176
231
205
250
218
216
206
229
225
205
216
207
213
205
225
219
230
211
219
221
227
203
205
202
217
251
209
185
244
223
222
206
229
216
210
224
233
205
232
228
206
213
222
206
225
231
236
211
226
235
218
190
209
225
216
236
205
205
199
258
213
244
216
205
203
207
209
252
252
180
187
227
187
199
214
211
216
222
231
214
204
205
210
230
235
199
237
233
228
241
206
197
193
221
249
207
198
185
222
199
242
205
186
196
201
213
224
194
190
193
210
185
210
187
198
207
223
217
187
224
226
198
220
182
224
216
211
190
211
209
184
177
193
221
228
196
206
210
201
208
207
214
199
209
197
213
193
191
197
205
221
212
189
199
214
218
208
204
204
202
202
201
191
236
209
187
220
191
186
204
200
166
217
202
220
189
203
196
177
194
203
205
223
206
175
214
219
197
191
197
218
204
193
189
214
181
186
218
187
201
200
214
201
213
204
213
201
214
206
229
229
223
187
213
172
218
204
199
219
187
225
214
214
200
245
200
217
212
203
243
238
206
208
207
215
194
231
199
227
195
202
212
201
198
229
206
210
191
194
246
204
194
195
217
187
230
200
221
211
187
201
211
222
236
231
224
203
227
220
255
221
214
197
204
216
224
232
237
235
245
242
210
205
206
242
252
221
205
264
220
263
213
262
230
249
230
212
243
239
271
241
267
233
251
233
259
251
270
250
276
282
252
261
269
267
332
283
279
273
290
315
325
266
286
302
321
289
317
287
325
327
339
306
327
317
362
348
349
386
339
378
373
349
388
386
408
360
414
395
374
426
411
441
489
420
417
446
437
468
464
476
482
500
540
487
497
499
524
525
512
563
530
532
563
596
588
604
639
627
627
669
680
660
667
702
715
675
734
714
664
735
735
754
768
759
808
804
846
815
828
848
829
852
894
900
883
927
898
987
955
1010
1034
1009
1056
1018
1009
1034
1021
1186
1101
1089
1152
1103
1159
1230
1162
1233
1267
1265
1331
1310
1297
1332
1379
1385
1392
1359
1461
1432
1513
1551
1446
1542
1514
1541
1483
1562
1592
1603
1647
1640
1696
1695
1723
1724
1764
1790
1807
1905
1888
1806
1902
1867
1958
1912
1991
2002
2064
2066
2025
2054
2186
2079
2183
2161
2190
2177
2246
2223
2280
2225
2249
2346
2269
2390
2361
2438
2323
2441
2343
2497
2465
2509
2674
2620
2603
2522
2673
2613
2666
2702
2722
2715
2668
2729
2790
2789
2844
2834
2801
2865
2927
2949
2919
2987
2951
2975
2963
3048
3045
2982
3013
3131
3058
3127
3169
3037
3142
3259
3171
3109
3279
3210
3299
3251
3256
3378
3263
3343
3339
3398
3259
3382
3430
3301
3444
3389
3509
3472
3493
3378
3393
3425
3540
3456
3603
3485
3456
3556
3509
3475
3671
3551
3509
3624
3553
3463
3583
3533
3506
3519
3628
3539
3534
3456
3620
3511
3431
3477
3516
3589
3643
3551
3518
3592
3553
3514
3511
3474
3595
3514
3528
3560
3411
3417
3469
3419
3417
3418
3409
3385
3363
3396
3419
3312
3415
3386
3385
3311
3304
3319
3298
3320
3296
3195
3352
3177
3176
3246
3116
3170
3173
3176
3097
3111
3082
3023
3026
3045
2979
3009
2941
2901
2896
2954
2834
2845
2906
2860
2821
2810
2728
2727
2661
2747
2754
2725
2600
2697
2735
2632
2572
2519
2598
2561
2483
2421
2469
2552
2562
2396
2465
2302
2213
2285
2321
2268
2269
2253
2248
2186
2149
2195
2114
2123
2117
1989
2056
2020
2006
1964
1998
1914
1890
1907
1953
1852
1845
1828
1747
1752
1762
1726
1782
1640
1686
1700
1615
1586
1520
1511
1519
1458
1528
1468
1457
1445
1409
1417
1342
1330
1394
1347
1343
1347
1285
1285
1170
1164
1285
1116
1187
1154
1131
1082
1070
1078
1080
1066
1013
1053
1045
1088
1033
992
986
924
961
898
928
911
883
867
848
882
849
828
778
781
794
757
781
757
767
724
742
737
722
699
699
641
647
660
624
640
616
589
585
635
591
630
578
602
578
542
486
482
529
527
478
499
501
512
500
463
481
489
477
435
443
405
422
406
419
417
415
389
412
379
379
432
364
396
368
335
344
325
363
354
328
352
370
365
332
292
322
300
323
311
317
279
288
291
280
298
303
264
260
257
247
282
266
240
262
256
245
242
217
238
247
263
239
198
204
211
224
225
254
207
208
238
235
229
224
189
226
232
208
203
190
197
212
172
200
175
207
196
196
199
186
173
190
202
186
183
177
186
163
178
190
170
176
160
151
165
169
160
160
166
172
176
180
133
158
174
162
165
154
142
151
160
133
131
151
149
144
135
153
165
135
173
146
136
141
121
145
140
111
136
142
126
141
154
126
133
141
129
136
138
134
140
113
139
132
128
126
113
120
119
122
143
134
128
98
117
129
125
130
135
123
138
134
118
127
122
130
118
100
103
117
102
123
107
113
111
144
110
120
106
118
119
110
108
123
115
119
123
110
108
129
122
106
116
93
126
119
108
96
112
115
129
122
110
117
105
121
122
111
79
98
134
119
112
103
109
94
106
90
110
108
96
93
106
99
106
101
94
84
95
118
102
94
104
101
119
114
112
108
95
101
118
102
115
106
98
99
105
131
98
109
103
97
116
111
100
99
93
102
93
90
127
97
121
117
118
124
98
89
119
107
97
91
105
102
99
107
107
76
95
96
101
87
114
107
98
116
102
113
118
86
109
100
118
101
111
106
97
108
123
110
123
99
101
100
116
106
112
83
106
100
114
98
113
118
108
115
82
96
103
116
119
74
109
108
113
94
99
109
115
98
105
90
105
92
97
114
101
93
98
105
121
109
95
103
122
96
105
102
94
99
99
112
113
87
89
116
115
103
95
109
101
124
99
102
92
106
92
107
93
84
102
98
102
87
102
106
115
103
95
116
109
104
106
106
111
116
94
99
92
104
90
100
106
83
104
88
87
92
98
115
91
93
102
104
87
112
111
94
132
93
103
90
94
114
100
122
112
93
97
106
98
110
87
92
82
112
83
108
88
93
91
96
105
103
105
93
98
105
96
103
85
107
114
88
100
82
98
100
108
98
84
90
107
89
89
102
102
92
80
115
86
97
105
111
91
107
94
79
87
90
95
99
116
106
91
88
91
98
107
102
85
90
96
100
98
102
114
105
102
109
78
106
92
91
96
92
106
93
94
84
91
106
80
83
94
80
104
100
86
87
108
94
85
107
81
85
110
98
92
112
99
107
94
106
84
92
99
92
90
111
100
105
94
114
91
108
114
85
104
86
93
96
97
94
89
83
93
90
104
109
97
90
89
82
72
107
86
96
105
109
89
106
93
89
95
90
79
89
105
112
94
87
104
106
105
86
101
96
112
88
91
98
113
104
86
110
83
102
90
111
101
91
108
105
108
94
116
90
92
76
90
115
98
95
106
100
94
81
90
85
94
107
108
98
99
113
103
110
117
96
101
94
95
94
92
109
103
99
102
105
92
116
84
88
99
104
95
101
101
105
95
94
90
81
96
110
105
79
97
97
89
92
108
83
92
93
93
111
114
94
97
99
98
83
96
101
95
103
107
93
102
104
115
108
99
108
80
95
90
88
82
99
91
99
96
98
93
98
92
101
91
104
113
83
85
99
101
94
87
92
109
101
92
95
122
108
104
98
105
108
93
83
111
94
105
90
124
86
119
104
115
100
114
103
90
107
98
107
89
120
101
110
109
110
92
89
88
123
107
113
100
82
117
121
111
87
105
92
90
115
103
114
110
107
116
115
99
101
97
101
97
99
104
102
123
88
110
100
82
106
83
102
111
86
104
100
104
95
96
96
106
92
107
98
105
119
85
116
119
92
119
94
111
112
114
100
94
106
100
109
112
112
114
111
90
114
95
105
107
96
104
104
123
104
91
106
87
95
110
100
106
103
94
98
124
90
94
117
86
89
93
105
93
115
93
92
91
108
88
106
113
85
93
96
91
91
116
104
100
92
90
85
96
101
97
94
78
91
82
100
92
97
103
84
93
99
111
102
79
99
95
92
118
78
106
88
108
102
117
102
90
102
93
103
104
99
104
93
103
116
105
79
105
97
98
95
104
120
98
106
86
108
94
100
105
107
81
114
74
114
98
110
83
95
92
87
90
94
124
95
104
112
84
110
100
116
87
104
91
95
101
88
112
104
95
94
108
108
94
72
102
104
100
99
100
108
105
100
102
80
95
83
109
90
92
108
108
86
92
103
85
99
99
104
104
115
98
105
87
113
97
78
92
90
121
90
106
93
108
80
114
105
74
98
102
103
88
87
109
92
90
105
91
86
97
79
97
85
95
100
91
88
108
103
94
99
107
88
94
101
118
105
88
95
96
87
96
138
99
81
107
101
93
96
111
91
93
93
82
90
113
85
91
109
108
99
104
98
76
89
110
114
86
99
91
94
93
98
83
99
96
97
94
93
107
106
93
108
87
113
108
109
93
90
111
93
91
87
90
88
117
105
82
104
89
92
98
103
121
104
94
107
106
111
96
86
91
93
90
98
99
96
115
97
80
102
132
94
93
94
96
86
80
107
102
96
105
101
89
95
112
104
109
110
99
90
98
88
96
90
103
88
97
99
99
105
96
101
88
101
105
115
87
98
93
100
114
100
105
108
100
80
97
99
79
89
95
100
92
96
114
102
90
101
94
108
89
122
102
85
96
98
94
103
116
90
82
89
87
93
110
99
90
104
110
95
95
104
92
105
87
112
91
105
95
83
100
109
94
86
91
95
86
95
94
78
95
87
105
113
104
106
95
80
91
95
117
106
99
118
94
94
87
105
106
99
117
100
96
104
123
102
101
104
105
106
91
85
95
88
107
94
92
89
97
106
103
100
81
97
102
88
118
94
110
83
95
109
94
106
80
102
110
108
98
88
115
92
83
95
98
102
99
96
107
79
112
89
99
91
80
97
97
99
94
96
86
102
85
98
106
105
96
116
135
96
93
85
96
83
102
113
108
91
91
102
98
98
91
85
86
83
103
94
105
94
103
91
100
105
84
90
102
95
101
112
100
98
107
77
100
97
108
92
91
105
93
106
97
95
102
108
95
90
86
90
106
100
82
92
131
106
108
111
103
101
99
120
100
91
93
98
106
79
106
98
90
98
100
88
125
102
103
110
96
93
108
89
83
90
101
101
111
83
88
111
109
112
92
91
98
99
89
88
98
103
105
85
99
80
103
102
102
86
115
101
94
102
92
79
72
110
86
90
96
98
111
98
97
122
87
91
97
81
90
84
93
98
107
73
90
89
111
119
109
111
96
95
102
99
84
94
85
86
107
102
112
95
92
92
86
89
100
95
95
97
101
96
96
89
98
108
87
108
86
82
104
99
102
95
102
107
95
80
111
85
81
103
103
85
102
99
94
93
109
97
89
96
103
91
82
94
102
105
77
94
109
131
80
87
90
108
86
111
106
122
109
104
77
107
91
79
86
85
83
102
84
109
87
104
86
101
103
97
103
97
96
87
80
95
97
96
94
88
99
102
91
100
82
89
103
105
87
95
111
83
102
86
102
91
111
96
99
88
82
103
105
106
115
105
87
102
91
83
97
110
111
96
103
83
97
104
104
93
120
100
96
90
100
108
100
85
86
82
92
93
98
93
99
104
89
88
99
91
92
107
107
96
103
88
89
84
108
104
107
93
100
102
99
95
88
103
97
85
95
99
90
91
92
100
79
94
88
91
88
90
91
93
108
94
94
106
93
92
91
93
108
114
111
100
101
116
76
87
90
104
113
86
96
98
90
101
105
86
97
98
101
100
107
103
108
102
92
92
98
104
93
70
104
89
100
89
113
108
105
92
81
87
98
101
89
90
97
98
85
107
86
101
107
102
70
112
80
95
124
98
89
103
87
99
96
106
89
100
99
94
95
118
93
98
97
101
103
97
101
102
99
124
99
96
108
101
103
92
113
111
113
97
105
88
101
92
87
93
108
99
114
85
78
89
107
111
98
96
98
102
109
111
113
87
105
112
122
112
75
111
114
82
91
113
101
103
99
96
104
95
115
87
109
110
89
103
96
80
109
115
116
114
84
113
94
102
89
97
95
117
115
120
83
99
96
104
95
116
86
100
109
99
102
100
107
95
99
92
89
109
108
102
109
92
106
91
93
98
107
108
119
99
91
104
116
118
108
104
126
96
129
104
104
99
114
107
94
95
104
94
109
109
98
102
103
99
104
102
108
108
106
92
114
96
93
111
110
103
113
109
94
108
101
112
104
101
96
112
108
101
101
92
111
98
101
115
115
107
106
111
95
103
98
94
106
120
93
90
111
101
122
104
93
111
91
110
93
88
116
95
110
88
104
107
118
105
96
101
114
112
122
101
98
121
96
100
92
97
109
107
98
109
119
92
105
125
103
91
105
91
107
96
137
95
104
120
92
112
106
91
99
99
111
109
97
127
114
106
107
111
106
97
108
95
88
124
110
101
115
107
126
102
91
99
104
90
113
93
111
100
110
93
121
108
109
113
103
107
103
97
96
91
103
105
98
102
91
90
114
111
93
98
125
115
101
124
117
96
108
115
97
110
121
112
108
105
107
125
98
109
102
89
115
107
85
116
118
118
78
117
111
97
115
102
105
99
117
92
122
99
114
97
105
109
116
114
110
119
108
101
108
133
104
105
112
111
129
103
118
102
113
115
110
118
107
91
123
107
121
108
97
100
101
106
95
101
111
111
118
100
116
101
102
121
127
105
97
102
122
103
110
96
110
109
101
106
121
118
121
124
109
126
87
93
118
104
117
109
100
109
104
117
108
102
120
112
115
118
110
105
98
113
98
80
101
117
120
128
107
107
114
113
120
113
110
116
104
110
106
109
115
107
118
114
117
111
117
114
117
116
81
118
99
126
108
103
112
135
95
118
106
135
119
120
116
107
106
111
121
93
122
107
128
116
129
121
108
135
118
130
120
108
106
124
118
123
107
105
123
111
103
103
144
81
120
112
116
102
100
108
113
134
121
121
139
98
121
103
112
107
117
121
167
112
115
103
112
126
98
128
121
110
129
96
129
120
112
118
117
138
97
119
125
114
117
121
114
100
124
112
119
98
130
119
96
113
115
121
118
91
91
111
113
130
117
117
107
109
104
116
118
137
128
102
129
104
105
113
99
105
93
131
125
110
120
115
121
143
139
123
101
129
113
120
130
107
123
119
125
118
95
96
149
113
101
120
120
106
106
100
107
118
93
107
116
114
100
116
98
122
128
113
101
120
128
111
110
116
117
108
138
109
106
112
111
111
120
120
94
131
110
108
115
112
128
113
100
125
107
129
108
115
125
103
119
122
96
116
97
121
116
103
115
105
105
117
120
105
126
113
102
113
97
93
110
112
114
110
121
112
133
108
120
109
100
114
107
97
105
110
95
120
113
129
107
119
108
119
104
97
103
103
106
112
105
86
103
112
99
107
104
129
112
83
87
93
120
104
102
98
107
118
95
129
112
95
111
135
84
100
105
101
104
106
87
108
94
95
96
88
107
101
106
105
102
98
102
97
99
96
109
100
98
88
92
102
90
96
106
99
108
101
113
101
102
99
105
83
125
93
109
101
102
92
90
106
87
93
76
113
86
91
84
88
113
86
98
99
111
92
102
91
85
117
93
108
104
94
97
75
110
94
77
87
90
70
96
98
85
101
82
94
84
99
88
91
81
104
86
87
102
78
85
87
102
105
85
87
93
87
111
94
90
85
98
80
95
96
87
69
82
88
93
92
91
77
80
95
83
84
90
88
72
78
103
71
95
88
72
75
85
74
82
71
89
76
102
87
75
74
83
97
77
79
77
78
73
77
82
75
71
85
70
87
74
91
75
82
70
68
83
68
89
72
75
72
73
71
83
64
92
82
68
68
73
87
72
88
65
62
65
63
69
69
72
65
75
76
74
76
68
70
74
74
64
57
71
72
47
77
66
59
59
65
60
89
58
58
73
62
63
82
63
82
84
64
61
70
87
68
74
60
65
70
68
64
76
68
66
66
54
55
66
58
60
65
65
57
82
49
60
58
55
58
68
56
68
75
65
59
67
57
56
61
53
69
71
43
59
54
63
65
61
62
57
61
62
54
52
52
47
50
55
48
46
62
46
58
47
58
59
53
55
52
59
39
49
54
61
59
46
55
68
65
52
55
59
57
66
45
51
46
57
45
39
58
45
60
63
62
57
62
54
62
53
50
52
58
52
39
44
67
45
52
45
61
51
49
50
51
47
51
40
58
48
47
54
54
46
53
44
45
48
51
53
59
33
38
48
47
54
47
52
46
40
42
51
42
58
40
39
53
56
40
42
53
42
49
37
44
50
47
41
43
41
44
49
41
42
55
48
37
46
55
49
51
32
38
48
42
51
36
51
35
38
30
44
52
50
39
45
43
37
50
34
55
35
49
40
40
32
46
35
48
54
36
43
44
41
42
45
43
36
37
44
43
39
53
46
41
37
47
40
41
45
37
30
32
39
51
39
38
37
42
42
42
38
40
51
32
40
35
41
26
39
35
38
43
35
31
34
47
41
36
49
24
39
39
45
43
32
33
46
39
38
28
45
36
27
38
29
29
27
37
34
38
31
36
24
39
53
39
48
37
26
35
29
42
22
30
39
45
38
32
32
38
37
43
43
34
33
44
24
34
31
25
27
27
41
32
33
31
42
27
32
40
31
35
30
31
42
25
44
35
28
35
38
33
35
35
35
28
38
24
26
40
31
26
31
32
26
31
24
25
27
38
25
24
26
32
29
34
23
32
30
34
22
31
31
28
32
32
30
29
33
27
46
36
22
27
29
36
38
32
33
37
25
28
22
24
22
35
32
30
34
31
25
31
32
31
35
28
33
25
43
30
35
29
25
27
36
32
19
33
29
33
29
30
43
32
36
37
35
27
32
31
31
28
26
31
29
41
33
29
31
38
32
28
30
24
25
21
30
28
19
22
32
28
34
26
31
19
30
29
26
29
32
29
36
31
27
24
19
33
32
27
36
34
33
19
22
34
37
31
37
31
22
30
19
31
36
16
32
25
28
31
32
31
33
33
28
34
32
29
28
24
23
26
25
25
28
18
27
41
26
24
17
29
28
28
24
17
32
24
29
21
26
23
33
21
28
20
23
26
29
29
25
26
26
20
23
23
20
26
29
27
28
35
33
21
20
28
29
27
31
26
40
25
19
28
29
37
22
31
24
24
16
23
28
32
34
30
25
34
28
28
28
25
21
23
29
29
29
24
26
24
27
34
28
34
22
24
27
25
23
30
18
29
20
23
36
30
35
26
29
25
26
27
22
36
27
26
18
28
34
29
25
28
26
28
25
32
31
30
18
24
25
24
23
28
33
26
24
27
35
34
26
26
30
36
32
28
29
31
34
32
23
21
16
34
42
28
28
25
23
30
27
30
22
33
21
27
23
35
36
37
25
32
30
27
33
29
32
26
30
31
37
25
28
24
31
35
23
23
39
33
43
35
42
37
35
49
29
36
39
31
38
35
37
35
35
38
43
28
41
28
32
35
36
31
31
42
41
35
51
39
30
42
32
44
47
42
35
39
38
46
38
36
32
43
57
38
47
52
40
52
37
34
37
46
50
47
50
37
53
45
43
45
39
40
24
40
37
54
40
40
58
70
49
59
45
47
55
51
53
52
66
54
55
47
65
53
52
55
66
62
63
59
54
55
62
61
57
70
64
65
54
65
57
66
52
54
52
51
62
78
85
65
67
82
59
71
74
72
67
82
68
84
72
93
71
93
77
71
101
87
87
87
79
77
90
95
95
84
91
93
107
94
118
113
108
97
109
108
112
106
93
113
131
114
105
127
102
109
121
104
120
133
123
108
130
129
115
140
109
106
119
120
129
120
134
140
144
122
116
137
160
154
141
153
157
138
135
134
143
139
160
152
155
151
166
148
172
160
152
138
182
168
173
179
170
164
181
176
177
176
178
184
197
198
168
179
179
180
213
196
208
206
180
204
205
228
231
210
215
209
211
194
224
200
221
212
241
236
225
251
226
241
246
232
224
234
258
264
245
243
255
255
241
275
272
274
272
280
278
277
286
256
293
268
272
298
269
268
299
251
288
284
298
287
285
285
297
291
283
309
336
342
300
330
321
302
291
320
348
323
331
348
314
335
348
362
322
366
316
346
359
370
371
379
395
352
337
350
345
382
347
392
382
406
348
375
353
375
404
384
355
390
405
401
353
405
396
414
397
408
401
411
436
428
426
422
397
407
428
429
408
401
423
418
448
392
381
460
434
422
473
463
410
452
429
438
468
426
469
466
458
471
439
476
438
457
464
479
417
488
439
446
464
431
455
499
499
457
492
520
492
478
490
455
481
461
462
483
474
506
463
493
504
495
503
482
457
470
479
502
512
478
515
481
491
445
465
528
504
487
479
488
529
494
507
514
517
474
503
529
472
473
550
504
496
513
536
522
503
518
519
509
463
513
553
544
490
527
484
567
568
484
495
522
485
499
493
491
521
534
466
533
507
494
481
505
494
521
498
494
509
508
508
543
481
490
525
509
469
498
497
476
503
482
491
522
484
451
489
490
473
501
496
472
507
495
475
504
449
444
519
480
432
501
446
470
452
463
480
438
492
480
506
488
492
482
463
445
525
451
447
454
484
484
487
481
463
474
424
429
449
439
439
445
459
427
443
420
417
407
424
459
448
482
376
424
415
383
392
384
403
472
360
381
419
409
376
398
377
361
382
409
380
403
386
392
413
388
353
376
389
359
359
395
370
359
353
356
379
351
369
349
356
378
353
324
360
347
328
325
335
355
317
347
349
319
356
324
331
347
293
302
351
308
329
332
304
297
314
292
302
314
304
291
316
293
291
296
303
285
266
280
301
302
289
296
297
294
297
266
276
258
262
271
260
253
258
243
236
269
266
248
254
252
244
219
223
263
248
243
261
235
245
208
222
211
227
204
225
223
219
214
212
216
223
219
215
217
209
234
200
190
219
190
183
219
186
203
208
184
193
182
201
167
190
178
177
196
193
180
201
159
173
177
179
161
162
166
189
145
168
172
158
165
151
182
151
186
145
147
183
187
161
189
141
158
143
152
132
148
153
148
165
135
129
123
124
144
142
137
134
110
134
137
126
127
126
160
137
106
114
121
145
117
130
100
105
110
118
110
136
125
104
85
115
123
112
131
123
110
106
102
87
93
80
115
103
100
124
103
110
108
118
102
101
108
104
103
110
93
88
87
82
105
88
83
105
114
102
91
85
95
98
85
101
85
102
78
88
74
71
97
67
71
91
82
79
81
65
88
76
76
73
70
77
63
85
73
70
94
75
77
79
71
76
64
69
77
80
76
70
64
61
60
66
62
58
75
54
56
62
72
60
68
60
70
61
66
60
60
65
50
61
67
61
61
53
67
45
49
61
56
51
67
55
56
57
48
53
53
54
53
63
56
50
64
60
58
57
47
51
44
49
52
51
56
43
59
62
70
50
57
37
51
44
40
54
54
48
47
50
49
40
54
58
45
46
50
37
48
46
53
44
42
42
57
43
45
55
43
43
41
51
36
44
49
43
49
43
44
46
38
42
41
36
37
46
40
37
34
38
31
39
35
32
32
30
37
48
46
35
36
44
35
42
41
33
34
46
37
31
41
42
38
44
32
40
29
41
48
39
28
35
34
31
46
36
31
33
32
27
31
39
35
42
40
26
36
35
43
39
45
32
45
28
37
31
32
33
31
34
34
37
37
34
30
33
33
45
26
28
33
37
21
25
26
26
31
35
40
40
21
38
32
20
33
33
27
27
23
17
26
35
26
25
29
18
21
26
21
36
36
37
34
27
36
33
27
25
33
30
29
22
20
27
18
31
33
21
35
29
30
25
31
36
30
27
37
32
25
36
30
36
25
29
21
34
28
26
26
17
32
22
21
30
18
27
23
25
20
19
25
31
26
27
21
23
27
18
21
34
31
23
18
26
19
15
23
26
12
26
18
20
23
28
29
29
27
20
18
14
27
21
24
25
22
27
21
29
21
19
23
25
14
14
19
27
32
27
21
25
24
23
22
23
19
23
24
20
25
25
22
25
18
27
17
26
20
26
26
26
30
19
22
14
17
23
18
27
26
25
12
31
24
29
18
22
16
26
22
16
25
27
13
20
23
33
23
14
21
26
21
19
19
17
21
28
24
25
14
16
28
20
32
19
18
18
25
21
30
17
20
25
22
16
18
24
21
23
19
17
14
19
23
16
20
24
24
26
18
17
21
17
18
27
22
18
31
32
25
23
26
16
22
14
21
23
24
19
15
22
28
26
21
17
19
20
18
21
19
9
27
22
21
27
24
24
17
27
14
24
14
23
26
19
21
22
38
22
20
25
21
24
27
18
16
16
15
22
18
15
18
28
37
17
23
12
21
25
12
16
21
20
26
19
24
27
24
21
18
15
24
30
23
19
18
23
19
22
22
27
22
21
14
18
27
22
22
21
17
16
27
18
18
14
22
17
23
15
22
29
27
19
20
22
16
22
23
16
22
23
22
24
12
29
19
21
18
12
25
22
26
22
25
20
19
27
23
26
23
19
25
19
21
17
27
21
21
29
21
19
28
27
25
19
20
31
18
20
25
21
12
24
21
14
22
25
15
28
25
18
23
23
20
26
22
36
27
20
19
23
28
22
21
24
24
16
26
24
21
28
20
24
23
21
21
12
20
20
26
25
20
17
20
19
30
15
25
26
23
14
21
26
17
18
23
29
23
20
29
22
19
23
16
18
24
17
26
21
15
29
22
25
16
21
20
20
23
17
25
25
16
18
19
16
22
16
28
17
23
20
23
24
27
16
18
23
14
19
15
25
14
23
17
27
19
22
21
23
18
18
19
19
18
20
30
19
21
22
22
17
21
20
17
23
16
9
26
20
15
21
25
19
27
23
20
12
15
27
13
21
16
12
11
19
16
16
15
25
24
16
22
14
21
16
17
15
24
23
18
11
20
19
22
17
18
16
20
20
16
26
20
18
23
22
14
10
20
17
22
20
20
11
21
22
10
20
24
22
26
24
22
12
17
19
16
18
15
12
22
12
16
16
17
15
15
15
17
19
28
21
15
12
11
20
15
17
19
14
19
19
19
17
16
18
23
24
21
14
14
19
19
21
13
23
18
20
22
12
15
14
13
20
17
14
24
13
13
18
9
14
17
10
20
18
12
12
20
15
17
21
19
15
18
14
21
14
17
21
18
12
17
16
20
19
15
23
12
20
8
17
18
11
18
18
21
16
17
17
12
17
18
15
18
23
16
19
13
17
19
21
17
19
14
20
15
17
15
14
10
15
25
16
15
15
15
17
15
14
18
15
17
10
18
14
27
24
14
16
6
19
13
26
13
16
9
16
21
18
12
12
10
19
21
15
20
12
19
16
13
14
7
20
18
7
24
11
15
20
11
20
13
18
19
11
18
21
14
13
14
13
11
15
10
18
28
19
12
13
19
15
18
16
9
21
22
11
12
17
14
19
16
15
14
19
15
13
14
13
12
16
18
19
17
8
18
13
17
18
18
17
17
16
9
16
12
14
18
11
9
10
19
12
17
14
17
14
12
14
13
12
14
15
12
12
21
11
18
13
18
18
16
12
19
13
17
16
8
12
19
14
19
10
13
15
14
9
18
18
12
14
10
7
20
12
9
14
10
18
22
18
12
15
13
8
15
14
13
12
16
13
19
14
18
18
17
9
17
14
13
10
16
9
11
9
11
13
13
16
9
18
18
9
14
4
11
12
13
14
15
14
14
13
16
9
21
17
14
7
12
13
17
13
14
21
18
15
11
13
9
10
15
19
12
17
10
16
13
15
18
15
18
17
17
18
12
12
10
13
15
8
11
13
13
13
7
9
14
9
17
18
8
15
10
11
10
12
10
15
12
13
10
9
13
11
11
13
17
9
8
7
10
14
7
16
16
10
18
18
18
9
15
179
172
171
186
174
171
182
204
167
184
173
156
159
169
166
178
159
201
174
175
174
177
182
180
146
189
174
176
175
171
181
201
177
155
171
168
175
190
155
201
172
174
172
172
160
161
166
171
152
175
189
155
183
156
167
147
167
182
170
188
175
166
172
166
173
163
161
173
193
163
187
181
164
190
153
164
171
169
169
157
151
156
180
185
169
160
159
153
183
143
163
159
159
150
142
184
161
156
158
160
182
161
149
178
173
172
155
141
154
169
158
141
171
160
169
164
159
161
166
159
166
157
161
153
158
150
164
81
