0
0
0
0
0
0
0
0
0
0
0
0
0
0
0
0
0
0
0
0
0
0
0
0
0
0
0
0
0
0
0
0
0
0
0
0
0
0
0
0
0
2
1
1
1
2
3
2
1
5
0
2
2
2
0
5
0
1
3
1
1
2
5
1
4
5
6
0
6
5
6
3
7
6
10
5
3
15
10
18
17
16
25
26
28
31
45
49
56
60
81
72
107
131
153
159
217
272
263
325
399
481
562
719
851
969
1218
1303
1130
1013
841
675
462
170
92
64
94
100
105
116
132
162
182
213
207
236
276
295
301
337
338
384
375
387
427
395
379
391
362
300
251
201
186
164
133
133
166
189
185
197
251
258
298
312
331
341
335
354
333
318
287
223
241
187
189
206
202
223
236
245
262
271
303
296
320
284
295
238
251
234
216
217
194
210
258
229
272
284
318
305
280
264
269
238
240
202
222
193
210
219
218
257
247
280
278
289
229
259
279
231
224
222
194
230
254
263
286
271
260
265
269
243
245
270
236
224
228
223
202
246
249
281
244
230
235
252
251
258
260
209
232
231
226
236
250
245
233
234
250
254
271
253
248
245
253
251
263
252
241
241
259
210
270
227
256
233
241
245
240
266
236
233
245
247
218
248
231
216
232
234
223
261
246
293
258
252
243
252
264
250
245
282
255
276
237
217
284
284
230
247
245
258
255
260
269
274
275
253
300
239
247
248
255
266
260
243
248
296
271
285
254
249
257
260
283
253
248
242
261
241
288
278
246
252
256
261
250
268
260
254
274
281
286
265
260
257
252
286
254
257
250
236
267
269
276
258
277
280
259
237
274
240
235
271
286
263
263
276
273
276
289
268
257
259
250
286
262
235
275
279
271
280
269
265
268
256
296
239
257
266
255
272
255
237
270
273
276
271
265
297
267
297
267
278
285
282
269
277
309
254
275
270
266
231
288
263
286
243
290
284
243
250
282
307
248
283
251
279
300
269
270
259
242
255
261
283
276
268
279
255
266
260
288
250
269
253
307
269
272
282
304
275
259
267
255
268
277
260
257
256
291
237
283
269
264
278
264
267
260
278
274
272
266
266
268
285
273
280
273
288
277
257
292
273
290
259
281
250
283
276
285
274
269
286
274
265
262
284
269
289
269
256
275
258
266
284
268
259
241
306
263
273
302
281
271
283
281
274
299
265
275
258
253
272
274
258
269
250
275
283
313
277
280
272
259
266
262
269
284
283
269
256
258
282
292
273
273
295
266
238
273
256
251
300
269
302
289
278
263
246
282
272
277
272
306
271
285
275
258
279
300
271
261
275
281
303
289
288
273
293
293
298
300
288
269
258
309
286
298
265
277
254
302
272
265
276
291
270
263
285
291
300
255
263
276
313
261
271
285
278
305
289
286
285
270
269
277
264
263
259
270
273
264
303
254
256
269
255
282
304
246
265
265
305
269
272
264
294
232
296
254
255
235
266
285
268
250
281
299
277
279
268
302
264
255
284
281
272
273
292
278
262
270
298
279
293
299
329
268
287
243
294
259
282
255
267
235
267
255
257
259
268
281
296
290
249
293
273
272
264
262
290
264
271
268
282
274
250
268
263
290
234
293
257
242
272
254
283
263
263
251
272
227
277
263
267
268
246
244
265
243
274
264
269
253
276
253
230
286
262
280
242
262
226
263
262
225
281
256
246
249
260
254
244
272
251
290
257
273
224
278
257
260
257
290
258
254
277
239
253
283
278
283
270
266
285
239
256
273
232
223
260
257
250
258
286
268
232
261
274
255
265
268
249
250
235
253
267
243
254
250
264
236
278
240
270
224
228
251
246
224
239
274
261
243
272
238
232
288
276
290
268
223
226
235
261
244
248
249
253
250
233
265
260
256
231
251
275
256
238
264
298
227
250
243
220
249
245
259
276
276
265
252
237
266
271
233
283
269
259
260
260
251
248
259
286
249
255
255
302
250
238
276
247
273
261
279
256
211
238
217
235
256
243
276
249
244
258
256
255
248
238
256
221
247
245
262
233
276
209
255
220
233
265
260
263
253
252
287
240
230
252
244
265
243
239
270
232
257
262
275
251
273
261
248
264
266
235
268
247
241
274
255
297
239
226
243
294
250
249
273
260
256
241
243
251
229
279
255
254
260
275
251
257
259
260
259
264
230
221
262
235
235
262
258
259
212
240
262
240
273
243
233
248
255
258
248
252
243
283
204
268
235
240
262
256
264
280
251
283
292
261
237
266
288
292
306
284
302
278
253
310
309
316
299
279
336
319
319
309
279
294
340
280
299
314
323
324
320
290
307
287
313
291
294
296
305
303
289
303
295
314
310
299
320
309
322
306
291
309
278
303
293
316
274
298
308
281
297
277
278
257
300
254
272
268
257
255
297
276
301
272
269
233
264
230
271
274
263
261
256
253
233
266
268
257
242
236
246
248
239
248
271
219
243
271
230
230
232
236
227
253
227
242
202
217
235
237
245
213
221
261
231
223
221
229
236
236
251
221
187
218
227
226
220
242
228
231
189
218
212
196
206
216
241
208
215
233
212
214
199
242
226
225
264
242
247
250
261
248
219
256
252
273
244
231
245
202
228
238
227
222
206
184
236
223
213
230
225
239
240
205
207
192
178
206
170
228
214
215
190
244
189
214
218
249
195
217
194
210
189
215
188
203
201
206
214
204
191
206
206
224
204
199
204
231
211
202
207
196
168
188
206
197
202
194
203
231
184
189
182
205
209
222
197
193
212
223
213
218
212
201
200
201
214
206
200
213
232
226
216
200
180
208
207
200
175
166
215
208
193
209
194
205
206
193
214
194
200
220
203
187
174
210
169
197
185
197
216
189
188
176
192
187
212
201
162
180
203
201
193
168
201
192
190
181
194
207
194
194
187
169
211
212
196
193
187
203
184
195
196
187
192
194
189
177
201
172
202
177
224
216
207
181
206
184
194
197
182
187
223
188
186
179
164
170
179
189
189
171
184
196
208
172
200
196
183
175
194
180
198
205
198
197
204
191
179
203
206
179
206
181
176
176
178
178
183
170
210
172
169
190
197
210
194
181
188
159
195
194
179
196
225
199
179
173
202
191
203
185
152
183
176
201
173
182
198
175
199
179
185
190
181
182
181
180
188
184
187
217
170
190
174
178
170
180
185
148
171
173
196
159
167
178
180
204
192
169
176
180
188
177
186
182
192
171
171
176
168
172
176
171
169
187
182
193
178
196
181
208
186
206
213
211
194
196
177
192
190
193
181
184
142
170
198
210
171
194
179
182
178
175
198
169
196
182
182
178
179
183
160
154
172
164
172
175
163
180
141
173
166
195
159
185
162
183
175
186
176
166
208
165
189
172
147
187
165
177
187
172
188
181
205
174
179
182
156
191
203
162
181
188
206
169
190
199
202
195
195
179
180
191
179
165
183
159
167
201
155
168
182
166
186
188
151
158
208
151
168
178
158
160
178
171
177
181
177
165
182
160
151
183
193
210
183
182
156
161
160
180
177
196
170
178
173
163
158
170
174
168
170
176
168
151
165
183
181
142
187
166
184
173
206
161
170
168
171
173
168
167
181
145
187
186
175
179
156
189
181
179
167
163
144
195
162
160
156
163
186
178
169
167
174
182
177
175
159
161
172
160
198
173
166
180
163
155
185
164
182
196
182
186
183
150
186
166
176
174
172
163
163
169
166
165
154
170
187
173
162
177
193
164
160
167
186
173
193
166
189
149
181
199
171
199
154
177
190
164
181
178
179
161
165
157
166
185
193
169
173
180
156
187
164
179
159
153
179
169
176
185
177
163
173
170
167
175
152
161
165
179
161
174
171
179
164
177
168
173
133
149
168
172
174
156
161
171
162
171
162
189
169
179
213
177
196
196
207
194
201
185
183
191
163
189
176
155
183
183
172
155
173
170
145
157
164
159
172
181
156
145
181
159
155
161
168
158
158
170
177
157
192
171
160
188
174
152
153
158
177
154
181
149
186
174
160
180
147
155
179
158
156
169
159
165
146
165
170
137
176
164
168
176
151
153
164
191
162
153
159
177
172
160
175
171
156
155
148
173
140
147
168
158
156
150
178
151
151
137
169
154
166
142
161
166
187
171
175
163
153
196
184
144
171
159
161
158
171
162
146
158
180
178
167
168
149
141
168
178
167
159
135
168
157
186
168
161
163
194
167
174
140
159
171
144
166
188
145
158
141
147
146
143
157
150
163
172
153
151
144
161
155
154
159
170
152
185
148
160
161
146
166
185
166
158
162
131
165
153
156
147
167
169
143
178
153
162
170
159
162
163
162
154
177
141
153
156
157
163
151
155
158
166
147
153
181
196
159
157
148
146
168
165
155
156
164
171
132
168
180
162
146
160
161
158
154
165
131
146
144
158
159
172
164
177
172
140
167
170
191
149
144
174
167
145
162
159
137
188
158
179
151
159
140
152
148
160
160
158
149
156
176
141
148
164
151
171
149
128
153
139
153
169
169
140
168
153
174
154
151
163
158
163
151
162
161
151
146
149
143
160
159
167
157
154
152
148
171
164
129
166
123
148
134
148
155
157
149
159
154
161
129
159
150
172
161
162
155
126
164
152
157
144
162
136
140
136
132
158
160
135
160
147
148
152
159
139
144
162
168
149
161
148
150
150
150
176
139
134
159
151
142
168
123
149
164
132
144
173
146
154
151
151
147
150
136
162
150
141
148
145
144
147
151
144
155
147
155
170
165
147
133
150
166
142
150
143
164
171
178
151
144
143
147
148
159
145
144
137
156
171
154
166
136
162
146
145
155
140
151
156
161
154
148
155
174
157
167
129
159
170
161
154
161
174
148
152
156
153
135
153
173
151
142
135
181
150
137
142
160
125
152
152
168
149
132
113
161
171
137
162
164
180
141
155
160
177
145
159
150
152
145
149
157
160
134
132
164
144
144
151
157
147
153
154
149
164
148
165
150
131
160
141
158
146
147
145
147
142
124
150
148
136
170
137
135
128
145
163
146
150
134
159
147
160
131
157
142
137
150
143
138
143
137
145
146
162
136
167
159
135
127
130
140
141
126
163
151
169
154
140
150
184
150
169
148
148
149
137
142
155
138
131
143
145
124
123
143
142
150
151
116
140
138
154
152
149
142
160
158
139
130
172
129
122
147
157
132
166
151
160
169
161
157
148
155
144
166
154
144
136
145
160
147
133
146
156
145
161
148
147
146
158
147
155
143
124
148
146
154
132
164
124
154
160
155
138
136
127
160
153
159
153
163
143
170
158
146
152
158
127
154
131
154
163
144
148
160
146
144
140
133
142
140
120
150
127
145
119
152
145
151
146
137
135
148
126
165
134
138
154
139
147
146
151
145
134
149
144
146
172
167
135
131
130
156
134
135
151
149
159
142
135
150
141
140
146
121
155
147
155
146
137
124
140
148
134
146
150
155
155
127
134
143
129
153
145
155
145
138
151
133
155
162
141
149
150
144
137
110
132
141
142
135
149
140
149
168
134
145
134
134
147
165
163
129
163
135
131
154
162
129
151
155
158
125
158
151
158
158
138
149
132
140
132
134
145
128
155
138
128
154
141
143
163
142
127
150
139
144
135
136
144
137
160
136
153
148
136
154
152
159
140
142
133
137
138
156
140
148
157
147
164
142
133
137
130
158
152
136
155
183
160
139
146
159
146
146
132
143
150
127
144
154
141
136
148
140
174
141
158
189
132
147
138
151
145
184
153
184
185
168
196
141
157
175
156
169
168
164
151
167
132
133
139
127
128
142
157
134
136
159
134
119
129
174
171
143
173
136
163
160
165
136
142
171
152
158
148
152
142
159
125
131
122
133
140
134
130
158
160
138
141
139
161
135
144
125
151
128
143
126
153
138
131
128
149
145
135
160
136
129
154
142
150
135
146
143
143
132
145
146
142
156
152
137
153
137
148
115
135
127
144
130
142
135
141
137
139
148
128
142
126
127
125
130
139
128
131
148
134
142
138
153
150
139
165
141
144
154
141
148
151
122
131
134
154
139
144
131
120
140
143
144
145
141
128
135
155
137
159
136
127
154
153
141
150
129
136
146
120
135
131
158
142
131
128
137
149
135
142
140
134
155
129
152
142
133
150
141
137
136
156
135
137
145
135
152
127
160
141
121
144
127
142
156
137
138
140
129
132
132
133
144
141
135
156
125
151
150
175
136
144
144
120
145
126
107
144
152
119
157
159
130
128
135
149
147
111
142
138
139
160
127
159
131
150
132
154
140
135
156
148
150
156
124
142
164
141
135
131
115
137
121
131
128
146
138
134
151
140
112
163
127
138
150
144
143
139
137
122
180
164
147
133
125
152
136
148
113
113
128
143
139
151
148
158
128
122
128
146
139
135
149
121
130
140
143
140
137
124
163
130
149
139
145
130
145
126
127
144
139
149
128
140
152
157
151
139
153
137
153
139
158
154
125
127
144
145
130
135
152
133
162
130
149
148
152
126
141
171
143
135
133
152
143
138
161
133
161
127
123
146
144
142
120
136
141
135
143
150
131
129
161
121
139
138
150
156
148
137
154
142
135
143
153
154
155
159
156
150
150
137
130
136
163
134
141
170
145
128
140
137
149
132
166
144
131
122
142
138
152
133
161
136
133
150
164
140
134
144
128
131
146
152
149
132
146
164
128
153
138
158
131
163
143
134
126
127
144
117
146
122
139
150
148
130
131
140
140
134
138
146
144
150
138
169
125
107
147
129
136
136
125
135
156
137
139
150
131
149
147
143
146
149
135
150
123
134
145
144
154
140
146
128
141
145
118
127
169
156
135
116
137
121
140
121
157
158
144
146
138
146
123
141
129
129
118
138
128
133
130
148
150
145
148
138
136
155
151
165
203
151
148
154
148
139
141
134
142
131
152
111
130
157
137
154
142
148
160
130
152
149
134
144
135
135
133
154
138
144
146
130
139
138
148
137
140
125
154
144
143
119
130
128
137
144
145
122
129
148
142
140
143
142
133
150
133
133
145
138
156
128
131
139
124
127
135
148
134
119
129
139
120
124
144
115
135
150
132
143
137
156
124
150
118
153
139
125
146
142
143
151
144
142
146
148
117
163
143
142
128
131
128
131
141
155
149
137
158
150
142
134
154
129
144
151
133
135
139
120
145
161
114
148
145
146
139
150
140
145
150
120
156
141
155
131
126
120
135
149
131
158
142
127
117
161
159
143
134
147
132
114
143
148
132
149
137
136
154
117
157
146
136
121
137
124
117
155
124
163
136
146
114
146
134
151
142
137
143
133
131
159
136
136
160
132
124
147
131
147
126
140
153
136
140
133
154
139
128
122
149
131
136
144
134
142
141
125
147
148
157
134
137
151
116
134
133
113
138
130
135
150
160
138
143
127
155
156
147
148
142
112
154
141
140
135
143
130
151
118
135
137
143
118
142
145
149
125
152
141
137
145
158
147
172
134
121
133
136
141
134
134
128
138
112
137
157
140
136
145
149
145
146
153
158
136
139
146
137
135
135
127
135
128
133
123
140
133
152
138
135
143
119
145
128
140
142
132
136
146
147
142
123
148
157
129
131
140
124
147
138
127
132
139
147
118
129
155
138
148
143
125
125
121
165
117
139
121
140
168
132
129
131
133
139
160
120
143
127
110
139
136
142
138
145
160
162
146
134
135
156
149
161
148
154
135
110
140
138
132
136
125
153
145
145
154
150
129
150
128
139
162
139
130
121
140
121
136
161
135
162
145
143
144
145
149
152
137
134
131
149
145
135
147
154
155
130
133
136
142
154
148
142
153
169
149
140
142
151
141
132
134
139
151
144
133
152
122
137
138
132
156
130
145
126
129
148
145
134
146
134
152
134
133
148
131
136
152
161
135
138
147
123
132
142
116
137
138
142
157
120
116
133
144
150
142
137
131
158
140
142
134
139
158
150
136
124
134
146
148
160
143
134
122
139
147
136
154
126
159
136
165
139
144
126
140
128
158
147
125
142
148
168
134
142
153
154
114
131
128
157
137
134
122
134
114
165
155
149
140
132
153
144
142
136
145
126
159
145
107
142
123
151
158
147
134
144
135
132
136
128
127
137
129
167
141
163
142
122
143
142
114
156
144
142
160
144
147
149
121
153
142
135
144
142
136
135
160
144
144
137
154
152
155
127
146
128
127
157
135
140
147
132
138
137
135
145
153
140
147
154
135
126
155
141
155
140
136
127
140
128
164
131
128
132
145
140
146
145
152
133
137
150
151
151
147
139
141
122
143
161
125
164
161
152
153
136
141
131
133
147
166
149
127
135
135
138
131
142
124
141
137
146
124
149
133
167
156
137
147
146
138
139
135
140
139
125
137
130
133
146
153
144
132
145
115
154
162
129
142
143
127
138
135
160
136
147
128
139
127
155
138
124
128
144
144
145
139
141
163
141
155
161
134
145
165
150
134
136
129
127
136
138
146
163
154
136
142
147
134
133
143
159
114
142
161
142
138
146
143
167
153
145
137
138
160
144
153
138
155
134
146
137
146
144
137
142
117
172
152
138
137
129
144
153
129
125
119
142
143
152
126
157
149
150
144
140
148
154
126
138
129
140
141
133
124
135
142
161
127
133
154
120
141
160
132
155
138
136
147
149
124
138
158
149
127
141
154
152
156
158
148
143
130
150
150
145
157
153
154
143
131
159
155
137
143
149
163
139
148
135
157
159
142
160
146
137
149
146
162
175
129
156
153
149
167
155
129
148
143
131
142
107
156
133
162
142
162
159
141
163
149
155
140
146
154
141
143
115
127
142
144
156
138
130
154
164
148
150
137
165
151
154
151
152
154
153
151
149
166
152
138
153
136
165
144
172
125
141
189
155
147
144
148
151
179
134
150
141
144
158
148
152
145
159
128
142
163
146
151
148
134
155
158
151
144
151
149
180
150
146
159
132
150
163
168
127
168
158
153
147
163
146
155
143
147
155
142
148
154
144
166
161
138
155
134
160
142
160
172
160
144
154
169
161
174
133
151
150
140
130
146
161
135
155
168
172
169
158
136
153
165
144
152
140
147
157
133
168
135
131
156
149
129
163
143
163
144
153
150
155
136
162
137
164
130
154
173
157
147
139
138
150
175
146
147
141
167
139
155
163
147
164
148
153
168
166
149
132
145
151
146
168
149
164
124
143
148
148
144
174
136
147
154
146
161
160
136
137
166
165
155
143
142
155
149
136
152
157
155
168
145
175
154
143
167
171
151
151
170
162
151
147
169
134
172
156
156
165
143
162
139
163
151
167
180
153
166
148
136
154
170
144
137
143
136
179
178
170
161
161
149
138
164
154
156
161
168
169
197
153
192
157
195
134
203
149
158
160
172
174
152
149
182
162
175
181
163
175
148
179
146
160
184
178
151
153
159
174
148
157
138
156
156
165
158
152
165
157
159
176
153
180
150
166
145
173
177
163
152
163
154
156
134
152
146
182
160
173
176
141
173
155
182
155
168
161
152
168
144
173
166
165
175
165
155
149
160
180
166
163
152
167
150
171
161
156
163
155
154
191
155
155
169
167
158
175
153
167
178
184
176
169
171
170
159
156
153
131
155
158
143
156
166
188
189
166
173
178
145
152
159
168
151
152
181
177
153
171
178
167
172
161
151
181
188
168
159
177
166
172
148
175
163
169
172
163
136
167
171
153
139
171
159
171
158
168
173
177
170
172
198
164
170
163
167
176
187
179
152
168
176
152
158
155
170
160
163
170
161
144
157
177
168
171
172
180
146
155
175
170
165
178
176
143
157
160
174
160
174
163
181
175
135
155
164
181
184
157
163
183
172
157
158
158
156
168
171
156
168
187
157
156
162
184
191
160
169
170
166
157
158
195
168
183
163
151
179
177
160
175
166
172
166
152
169
202
190
187
151
168
158
168
161
184
152
180
175
182
162
167
174
171
175
166
174
168
169
159
172
171
185
171
169
181
172
193
173
172
181
181
167
177
157
172
170
162
173
174
158
154
192
180
206
167
167
166
191
165
175
172
174
163
170
176
172
182
190
205
183
166
165
179
181
183
164
174
171
168
175
185
154
174
159
186
202
177
173
192
194
160
203
195
199
209
178
149
164
158
159
199
177
163
178
176
177
164
178
172
178
181
169
178
155
165
168
184
164
173
156
173
192
180
181
183
216
189
180
170
178
186
197
194
180
172
169
185
220
198
189
171
168
191
176
177
198
173
196
165
169
175
177
194
203
190
162
185
188
184
169
211
197
157
190
178
185
181
185
184
175
195
202
165
194
189
198
221
185
179
169
185
200
216
170
178
183
203
190
182
158
199
188
199
200
220
199
204
198
195
186
206
198
177
181
187
188
207
217
200
178
195
191
196
210
213
184
211
183
227
183
184
185
193
206
223
199
209
196
202
187
187
193
211
190
203
187
193
185
158
206
210
204
181
182
181
206
186
194
218
170
180
192
165
199
193
203
191
181
182
181
189
194
206
203
210
176
221
200
188
182
218
196
188
175
194
187
194
186
191
186
206
178
181
207
202
193
203
210
201
205
193
217
188
211
187
201
176
189
194
202
200
215
202
208
193
225
172
212
196
211
179
199
194
197
214
196
216
170
197
221
197
218
196
204
175
220
193
199
209
199
191
204
213
196
215
194
211
216
188
199
212
200
194
177
210
199
204
200
194
186
194
212
202
191
218
164
198
199
194
221
187
204
195
218
188
225
198
198
194
222
219
217
206
223
182
180
208
197
228
205
182
210
219
215
204
211
198
226
189
207
197
216
190
197
210
194
214
222
236
192
215
244
189
224
181
227
192
223
184
206
202
189
195
201
200
193
183
234
198
210
202
212
202
184
207
232
197
209
196
165
190
209
209
197
215
228
224
233
196
194
205
227
211
225
205
211
199
215
189
211
219
187
200
188
202
193
189
204
197
199
226
227
208
204
216
201
229
204
208
186
202
199
211
190
176
189
200
191
194
177
208
186
185
221
167
166
188
184
196
179
183
156
191
174
203
179
167
173
165
169
163
196
200
177
180
180
160
183
164
185
189
165
164
166
166
180
188
190
174
179
172
175
169
157
176
158
172
187
153
153
147
176
171
175
172
161
162
162
149
160
177
141
152
165
145
144
166
176
158
166
160
150
161
156
142
169
146
159
153
136
155
151
155
138
134
166
132
161
145
148
154
134
143
184
154
134
158
152
161
143
178
177
158
163
149
164
160
176
160
148
141
173
168
158
178
167
172
151
154
152
150
146
159
150
150
172
157
155
154
170
160
156
168
163
142
143
123
146
153
159
158
171
147
153
162
156
159
145
159
166
146
156
161
153
161
145
164
171
150
155
137
141
154
148
144
162
141
149
142
151
145
163
140
158
175
131
162
143
160
153
169
136
167
175
167
161
164
161
180
144
134
171
134
152
149
149
147
156
148
162
149
156
153
144
164
142
180
160
172
159
165
167
139
149
140
150
131
128
162
126
150
148
162
164
155
158
150
152
153
156
149
129
147
121
174
152
144
154
146
158
156
147
160
142
167
135
124
138
152
152
154
175
155
155
163
164
159
142
137
143
153
148
125
152
126
142
151
150
168
167
147
154
142
169
168
147
145
146
156
161
173
122
137
139
130
147
165
163
141
152
137
153
161
149
146
167
140
169
137
144
161
149
122
146
156
153
140
127
122
125
168
135
137
126
137
153
142
137
121
128
178
130
155
154
152
147
136
130
132
123
144
135
145
129
141
156
156
150
145
148
127
125
158
150
159
149
134
172
148
134
134
149
125
138
134
134
117
159
173
146
127
137
166
158
133
121
140
122
127
156
150
137
150
132
134
153
170
147
110
156
156
141
162
148
148
126
124
133
128
128
137
155
127
128
131
122
138
158
143
118
122
134
133
127
154
138
130
145
136
138
139
137
147
140
133
128
117
134
129
131
130
125
138
142
135
114
125
134
138
129
138
130
128
136
150
146
123
159
139
145
144
113
124
144
163
145
146
145
130
135
144
141
138
141
149
141
158
132
127
146
138
139
168
144
131
149
126
149
140
121
128
122
145
128
150
151
130
138
137
151
132
136
122
135
120
126
142
141
142
142
124
136
129
127
160
135
124
134
129
139
137
144
146
119
151
151
122
131
145
140
123
132
161
158
144
142
142
141
152
124
119
150
142
146
140
150
117
129
134
138
134
119
127
126
131
150
126
147
142
134
141
136
140
143
137
150
113
150
130
112
127
135
167
143
136
139
147
131
161
138
139
141
145
134
134
143
146
162
148
146
146
148
145
138
135
122
152
139
125
128
140
159
126
142
135
133
160
125
114
139
127
156
116
110
144
134
156
141
169
134
130
123
111
136
133
143
121
154
147
126
127
152
125
126
135
118
125
136
145
163
130
143
124
132
130
133
124
148
135
114
131
132
112
144
119
127
143
124
116
145
165
138
149
139
155
141
131
140
139
165
122
133
158
155
120
136
131
140
134
127
147
139
134
131
138
159
131
123
137
140
151
124
129
129
146
106
124
143
140
123
141
164
135
151
139
145
125
129
146
130
143
131
139
132
126
132
131
141
125
144
129
155
140
124
152
144
117
138
149
147
144
127
135
137
141
128
142
139
135
134
140
144
118
137
144
125
125
120
120
123
125
138
132
115
132
130
117
122
133
135
141
127
144
122
131
130
139
138
141
128
123
130
131
132
120
132
121
136
132
132
113
130
134
130
144
126
140
126
127
123
149
138
119
139
114
129
119
133
131
133
115
134
132
141
98
100
117
117
114
108
103
128
91
144
108
103
128
110
103
121
102
110
108
120
104
104
100
106
116
117
124
113
103
119
92
98
119
103
111
87
113
99
109
104
99
95
98
104
97
94
85
81
104
89
94
105
90
81
87
95
97
85
79
90
91
87
91
76
95
95
84
79
113
95
82
75
89
103
69
82
103
83
93
95
98
76
90
91
86
110
87
102
97
81
83
73
100
101
64
95
80
97
86
91
85
86
79
92
81
71
72
75
74
78
86
90
90
89
87
69
94
81
87
88
96
72
66
73
95
80
72
73
91
71
77
73
107
90
71
72
79
77
75
80
76
79
68
69
71
82
92
86
75
69
91
72
88
82
71
75
71
62
63
80
82
78
77
91
76
79
75
82
87
80
78
74
78
96
74
65
89
66
77
65
76
73
75
83
66
73
93
74
78
100
87
81
92
102
77
92
68
96
76
81
98
90
86
81
81
80
87
81
83
84
103
83
95
83
92
93
110
95
93
99
97
103
105
106
102
98
98
91
108
102
107
98
96
95
89
106
88
89
102
115
105
113
123
92
117
96
94
105
116
98
107
118
114
117
110
109
109
139
143
134
124
128
124
125
142
128
137
139
115
127
138
156
145
172
171
166
156
194
233
265
408
508
795
1324
1978
2666
3606
4638
5418
6006
6289
6099
5626
4834
3996
3158
2455
1838
1370
1079
728
638
458
355
300
243
177
173
135
97
95
80
79
74
71
70
59
70
55
61
71
57
65
66
48
52
65
49
53
56
46
60
52
50
53
46
61
54
47
52
53
47
64
47
40
46
44
46
53
47
60
52
52
59
47
61
48
45
49
47
56
48
56
51
62
50
42
57
46
43
63
46
44
50
55
46
43
38
38
49
40
51
42
40
54
50
53
36
47
49
51
35
38
46
59
45
51
47
40
40
37
38
47
34
36
44
40
54
49
57
41
32
42
33
29
49
39
36
48
38
44
45
54
43
46
27
42
40
42
40
27
47
30
41
46
43
37
44
29
46
36
35
35
39
40
49
46
33
32
49
35
39
30
34
31
39
32
43
40
25
29
39
45
40
29
45
42
32
30
25
38
37
29
32
35
36
26
43
32
32
33
33
33
32
35
30
31
41
40
51
30
32
37
32
39
38
26
27
36
38
37
43
28
29
32
32
29
25
34
35
38
27
34
34
30
32
33
22
18
34
23
22
34
30
26
23
34
27
24
28
26
23
34
25
31
32
32
37
29
36
24
23
25
23
21
32
30
28
28
24
19
36
31
27
29
25
31
26
29
35
24
26
22
23
29
32
31
22
29
28
27
34
32
24
31
31
29
28
29
31
21
25
31
21
31
22
22
23
24
22
22
21
18
24
28
21
20
20
30
24
20
22
27
27
24
22
25
21
20
21
17
23
15
21
20
20
26
20
26
26
25
22
26
21
26
25
31
21
27
23
27
21
16
23
21
23
29
24
23
24
22
22
19
19
15
29
25
20
26
25
26
22
24
25
15
19
16
15
18
18
13
22
19
15
26
21
26
17
18
19
24
16
28
23
21
15
19
14
19
25
15
13
18
17
23
21
21
16
22
13
19
15
23
18
12
18
21
16
25
21
16
15
23
20
14
16
12
19
25
21
20
10
26
19
23
23
18
13
12
13
20
22
21
15
19
18
14
24
12
33
17
10
22
17
15
22
18
13
13
20
9
13
18
19
21
12
10
18
21
27
17
15
16
12
27
19
5
18
22
20
21
13
14
21
22
15
15
19
20
17
11
14
14
16
15
25
15
15
19
21
28
15
11
14
18
12
16
15
17
21
7
16
16
15
18
23
17
23
15
24
20
19
18
24
18
26
34
31
28
25
26
18
27
13
16
13
16
17
17
15
21
11
19
23
15
10
8
9
21
25
6
15
16
22
19
17
13
24
12
19
15
18
16
17
12
10
17
12
24
13
27
14
18
9
11
18
21
17
14
21
23
26
16
19
23
19
12
16
16
18
17
24
14
11
17
13
15
17
19
9
10
16
12
14
13
12
16
21
13
15
16
19
14
13
18
14
8
15
15
14
12
21
17
18
16
13
12
18
13
9
17
22
11
22
11
12
15
15
10
14
10
12
19
10
19
13
16
9
13
10
13
14
14
18
14
7
19
16
14
13
19
12
17
16
12
13
7
15
13
15
12
18
14
10
14
11
12
7
18
12
14
9
19
24
19
16
13
16
14
12
11
21
15
14
16
13
9
17
9
16
13
12
8
15
22
14
15
28
22
18
13
22
12
17
20
15
13
16
18
18
15
16
25
13
19
20
24
22
27
19
25
22
28
23
30
33
29
30
26
30
24
25
28
31
23
32
38
33
28
37
43
25
51
36
34
33
38
32
44
33
45
37
45
44
38
34
49
57
51
35
44
51
44
49
33
38
45
46
56
47
50
63
55
45
56
63
45
57
53
56
40
73
67
77
66
73
77
75
75
90
80
89
81
107
81
94
128
150
182
249
387
586
925
1373
2051
2711
3527
4388
4920
5359
5565
5408
4835
4171
3475
2657
2135
1562
1163
843
670
503
352
295
209
173
131
92
82
58
43
37
26
21
22
12
12
6
11
14
8
3
8
7
4
7
7
2
4
5
8
6
3
5
5
1
7
6
6
4
3
5
6
7
10
5
3
2
4
1
5
6
3
5
5
4
4
3
6
3
2
5
5
1
3
1
0
3
2
4
4
3
4
6
3
1
7
8
2
7
4
5
4
5
1
2
10
2
1
6
3
2
3
3
0
2
5
8
7
4
6
3
5
3
4
2
4
1
1
3
2
4
5
7
5
4
4
4
3
2
2
2
3
3
2
3
2
2
3
5
3
3
4
2
5
3
6
1
7
2
0
1
5
3
6
3
4
4
3
1
2
3
1
1
3
7
5
5
3
2
3
3
0
1
3
2
2
0
6
3
3
5
4
0
5
0
8
3
3
3
3
3
3
3
7
8
4
4
3
6
5
2
4
4
6
1
3
5
3
3
4
1
2
3
3
3
4
3
1
4
1
3
6
4
7
3
3
8
7
4
4
10
8
6
3
3
3
4
2
4
3
2
4
7
5
4
3
3
2
4
2
7
0
9
5
3
3
2
2
4
1
3
2
3
4
4
2
3
2
3
2
4
7
3
4
2
5
0
4
1
1
3
3
2
3
4
2
2
3
4
3
2
2
2
5
2
1
2
3
4
2
3
5
3
4
3
3
1
1
6
0
0
3
2
3
3
3
2
6
1
1
3
3
1
2
4
4
1
3
1
3
3
3
3
2
4
3
8
6
3
4
4
4
2
2
2
1
2
2
7
2
3
2
3
4
2
4
2
3
4
0
1
4
3
1
7
3
4
3
4
4
2
2
3
3
3
3
4
3
1
2
5
7
5
3
5
3
2
2
0
4
2
4
2
2
1
2
2
2
5
2
6
3
4
7
2
2
2
0
1
6
5
0
2
0
2
2
3
1
3
3
2
2
5
3
2
3
2
6
4
3
3
0
2
2
4
2
8
2
1
7
1
1
4
2
8
4
2
2
2
4
2
4
6
5
2
4
4
3
4
3
2
2
3
2
4
1
3
5
5
4
4
2
3
2
3
1
1
5
4
2
1
3
1
4
7
4
2
3
2
1
4
5
5
2
4
0
4
1
7
6
4
3
5
6
3
8
3
2
7
7
2
1
1
4
1
4
0
5
2
1
2
3
2
2
5
3
2
0
3
4
1
3
2
8
0
5
3
1
4
3
4
1
2
2
1
4
3
3
5
3
4
4
5
2
2
7
2
1
1
3
4
2
1
1
3
2
5
4
5
4
4
5
5
6
3
4
2
0
3
4
0
2
2
3
0
3
3
2
1
5
2
5
0
1
1
2
2
0
1
1
3
1
4
4
3
3
3
5
5
4
2
2
1
3
2
3
3
4
4
1
3
3
6
2
4
1
6
2
3
5
2
6
2
3
6
2
8
7
5
4
9
13
7
14
26
41
39
45
54
64
62
60
39
58
42
22
26
16
16
15
11
6
7
6
8
4
6
2
4
2
1
1
3
5
4
7
0
6
3
3
1
2
1
1
4
2
3
2
2
2
0
2
5
1
1
3
2
2
0
2
2
3
5
4
2
1
2
2
6
3
4
3
3
2
2
5
6
4
3
0
1
2
2
7
3
2
1
1
3
1
4
1
3
0
1
3
1
5
3
2
0
3
3
3
4
2
2
1
2
2
1
1
1
1
1
1
3
1
2
1
1
5
4
2
2
5
5
1
3
1
3
1
2
2
3
3
1
3
5
1
5
1
4
3
5
1
1
3
2
1
3
1
0
0
1
1
2
0
3
2
3
2
0
3
3
2
3
4
2
1
4
1
1
2
1
3
3
0
2
3
3
3
3
4
1
3
3
1
2
0
4
2
3
3
2
4
1
2
1
2
1
3
1
5
2
4
6
2
3
1
2
1
1
3
1
1
4
2
1
0
4
4
2
3
1
5
2
1
0
3
1
2
1
1
1
4
1
3
2
0
0
2
0
3
2
2
2
1
2
5
1
4
2
2
4
1
6
0
2
4
3
1
4
1
5
0
2
4
2
4
4
2
5
5
2
0
3
2
4
2
0
2
2
1
2
4
4
6
1
2
2
1
1
2
0
1
2
2
2
4
1
0
4
1
3
2
2
1
1
3
3
3
2
2
4
3
0
0
2
6
1
3
1
0
3
0
1
2
4
2
3
4
5
1
5
1
0
3
1
2
2
2
2
3
2
6
0
1
1
0
3
3
2
1
1
2
1
5
0
2
6
0
0
3
1
3
3
1
1
1
4
2
2
3
4
2
2
2
1
3
3
1
3
2
1
0
1
3
1
2
4
4
6
4
0
3
2
2
1
0
5
1
2
2
1
2
2
4
3
1
0
3
2
1
2
2
2
0
3
1
2
3
4
0
5
1
1
1
4
1
2
2
0
0
4
5
0
2
0
3
1
5
2
1
2
1
3
3
4
1
1
1
2
1
2
1
5
1
2
2
1
1
2
5
2
2
5
1
2
2
0
3
0
2
3
0
2
1
2
3
2
2
2
5
0
3
4
6
2
3
2
1
2
3
4
3
1
3
0
5
5
1
0
2
4
2
2
1
2
3
2
5
3
3
0
2
2
1
1
4
1
2
0
2
4
3
2
1
1
2
3
1
1
1
1
2
1
2
6
3
3
0
1
4
1
1
2
1
1
3
2
4
4
3
1
4
0
0
6
1
0
3
1
2
0
3
2
1
3
2
3
1
0
2
2
6
4
0
2
1
3
2
2
1
2
1
5
4
2
3
3
1
2
1
0
4
1
5
1
2
3
2
1
0
1
5
3
1
1
1
2
3
4
5
2
2
2
1
2
1
4
2
0
4
1
5
1
0
1
4
2
4
2
2
3
2
0
4
4
4
0
3
4
2
5
1
3
2
2
6
1
2
2
2
2
3
6
1
5
2
3
2
0
0
1
0
2
4
2
1
6
3
1
4
3
2
2
2
2
3
3
2
2
3
1
4
2
3
3
0
1
2
1
1
3
1
2
1
1
1
1
3
3
2
3
1
0
3
1
1
3
0
0
1
0
1
1
3
2
44
58
33
32
51
36
43
44
40
36
30
37
38
33
39
31
41
38
30
45
47
43
37
37
42
27
43
34
43
54
40
49
43
32
43
30
46
34
32
42
51
40
51
42
33
38
34
40
45
36
46
46
41
46
26
46
38
38
37
37
42
38
30
36
37
54
35
40
39
29
35
29
32
41
36
44
30
44
37
42
32
37
45
26
39
29
36
37
50
38
32
32
44
46
35
37
38
51
32
49
34
39
36
33
46
49
31
27
37
35
43
43
34
41
35
33
35
36
41
24
49
41
51
42
34
31
44
23
