0
0
0
0
0
0
0
0
0
0
0
0
0
0
0
0
0
0
0
0
0
0
0
0
0
0
0
0
0
0
0
0
0
0
0
0
0
0
0
0
0
0
2
0
0
0
3
0
1
0
0
3
2
0
1
2
2
3
2
0
2
1
4
4
3
8
5
5
3
9
9
10
6
7
13
15
11
24
25
22
24
25
23
51
35
47
63
81
72
82
108
130
121
144
169
184
224
254
269
303
361
415
482
558
684
806
865
963
872
680
570
419
329
153
85
94
100
97
107
122
144
149
145
180
175
211
238
249
216
259
287
330
302
335
296
320
303
279
258
230
202
176
166
134
137
133
137
173
158
212
189
220
245
278
261
258
263
252
225
251
226
178
171
164
152
154
172
180
177
224
211
242
271
283
251
214
234
235
173
190
171
167
208
199
186
197
203
214
226
220
215
218
214
198
201
187
194
193
210
209
209
215
202
249
240
216
214
193
196
184
179
168
187
200
190
229
222
192
241
205
231
218
204
199
204
212
182
187
200
218
201
195
213
220
205
227
205
191
197
191
211
210
196
216
182
193
207
220
217
225
212
219
233
193
221
194
229
203
207
211
208
207
222
188
209
219
216
225
216
201
187
243
215
213
228
214
207
218
202
214
204
202
234
265
271
282
257
229
231
241
258
266
283
341
284
314
292
291
256
252
259
234
228
220
243
225
226
218
209
211
227
219
228
220
203
222
240
202
224
224
243
217
248
205
219
243
210
185
215
216
184
250
204
244
222
207
213
228
236
229
242
240
258
256
271
279
307
291
255
235
248
243
226
220
241
236
266
204
234
260
218
246
238
220
245
235
223
214
234
244
213
232
227
227
236
232
208
196
203
223
231
177
205
232
232
194
202
204
218
226
224
218
235
243
217
225
218
250
192
215
217
207
218
224
228
223
200
207
218
235
219
214
222
213
205
229
217
231
196
207
208
219
225
236
255
230
236
209
224
220
214
217
234
207
229
218
226
205
224
228
191
220
228
198
214
195
212
235
216
190
213
228
222
203
233
222
220
203
213
232
225
215
227
227
247
226
207
229
219
200
218
227
202
197
211
236
221
228
220
202
241
193
215
216
206
205
216
212
233
190
201
213
210
225
218
232
223
205
204
215
234
220
232
218
210
214
225
190
212
217
252
230
223
207
252
207
223
231
199
226
209
228
225
204
194
208
221
194
216
243
228
227
190
209
232
220
190
236
215
212
210
228
209
208
217
204
199
209
206
248
211
210
197
220
221
198
213
219
201
221
229
211
177
217
221
211
215
209
213
220
228
191
196
227
211
204
207
223
207
212
233
223
190
228
214
207
208
214
236
199
232
197
203
209
219
198
221
235
227
210
220
239
218
221
221
192
190
206
198
211
203
193
227
190
190
189
228
234
206
209
231
214
203
191
225
213
208
230
214
203
192
230
220
183
217
195
221
201
203
223
209
202
234
189
173
217
179
194
201
205
190
200
199
198
191
177
187
188
186
196
193
186
207
220
191
200
224
199
215
199
219
183
204
188
188
193
239
222
178
186
215
191
224
204
198
202
192
192
208
221
198
183
187
187
182
176
203
198
184
197
190
204
202
189
192
199
204
200
237
210
230
186
195
204
181
206
188
201
193
185
211
192
226
180
220
184
193
195
189
178
195
207
189
198
189
205
173
186
169
200
171
195
196
177
206
198
190
167
182
190
219
208
179
181
167
194
209
177
202
213
179
153
192
195
190
184
209
176
200
181
209
150
188
172
189
216
194
205
198
171
171
203
169
174
187
163
185
201
195
168
212
183
193
167
187
189
203
195
224
171
195
196
185
179
164
195
179
217
199
184
173
177
194
172
193
188
196
180
194
194
207
192
192
179
175
184
204
166
189
161
185
172
186
188
197
174
205
203
180
180
182
194
168
179
200
183
191
168
185
196
175
196
180
196
203
197
197
187
170
160
201
206
173
175
210
195
189
179
162
220
200
213
200
206
164
175
206
190
169
184
180
186
201
176
169
174
190
186
177
190
199
193
199
203
189
192
216
187
174
185
192
173
176
179
187
180
210
186
196
197
179
187
186
188
196
175
182
180
210
201
197
206
200
187
200
174
204
187
200
198
195
197
203
186
198
186
211
196
192
197
185
184
197
191
206
195
182
184
214
210
206
191
195
216
190
215
209
199
172
194
212
184
184
214
189
191
202
196
185
215
213
198
185
212
188
226
235
200
175
223
198
221
219
218
242
230
255
228
225
223
240
237
236
231
254
221
249
250
231
236
236
225
217
253
227
267
215
258
233
262
250
217
242
247
223
268
228
263
260
279
252
227
216
253
247
253
240
248
242
231
245
227
239
247
228
248
214
201
229
210
215
261
236
202
205
214
224
200
231
211
187
201
214
211
210
174
207
171
212
185
184
184
191
176
200
216
189
184
204
170
169
165
175
206
191
191
193
204
192
183
195
190
186
188
166
193
193
200
187
168
212
204
208
184
183
175
181
170
183
184
183
188
180
173
189
173
170
173
166
197
158
168
164
189
182
196
172
170
174
192
188
176
178
157
185
174
191
166
198
203
214
203
211
210
206
179
185
188
176
175
166
172
186
194
178
156
171
172
182
181
171
167
168
169
166
173
157
173
181
168
162
168
169
168
169
178
181
182
152
179
162
141
160
165
164
173
156
179
172
163
161
156
164
189
177
160
154
175
146
160
180
161
150
149
151
163
160
140
143
174
161
155
154
140
165
161
169
145
162
167
177
164
171
136
153
159
169
158
163
157
138
152
170
156
182
159
145
159
155
171
142
168
175
162
154
158
174
143
154
175
152
152
163
165
149
174
150
146
161
155
166
166
149
146
161
178
157
161
144
166
138
165
145
156
154
161
136
162
161
140
164
159
156
171
162
146
160
148
141
148
156
158
140
160
171
137
161
160
135
165
176
166
136
164
160
160
152
156
157
138
163
154
172
148
157
126
167
161
166
158
120
172
143
169
135
136
178
146
146
142
157
148
153
141
176
159
135
126
148
152
157
147
146
152
161
150
151
184
166
149
163
154
146
147
128
144
147
129
153
145
169
169
140
144
132
149
159
149
159
128
148
170
155
181
153
139
141
141
169
156
149
146
144
145
149
166
135
159
136
161
158
159
156
144
180
120
149
160
133
155
166
172
152
163
153
157
139
166
136
154
145
166
129
158
148
154
152
154
140
152
143
158
163
149
172
155
153
156
174
163
172
142
139
152
152
162
148
156
147
147
129
140
149
152
149
133
137
140
128
147
149
147
154
153
156
152
126
128
161
133
174
144
131
165
140
160
121
148
132
144
142
133
153
123
144
135
131
139
147
126
145
169
153
137
155
146
145
136
141
154
136
155
139
151
172
167
173
128
151
149
147
126
168
155
172
158
170
162
185
185
163
175
143
139
153
131
164
168
183
133
117
149
134
173
133
143
166
125
126
157
136
135
140
143
132
131
145
151
151
151
161
135
124
125
145
133
117
153
120
158
154
153
132
125
151
159
137
133
115
147
135
138
154
146
120
124
157
146
145
146
132
161
148
142
148
160
134
142
119
158
147
154
139
130
133
137
143
139
140
174
140
150
146
155
142
145
146
161
159
130
148
149
126
140
127
150
127
140
157
137
141
126
149
156
152
137
132
131
140
132
155
128
158
135
136
131
145
126
139
153
147
140
153
132
142
153
143
133
148
146
139
138
123
144
139
140
144
132
163
150
150
153
125
153
153
141
154
132
106
146
149
140
139
168
130
137
123
136
132
151
128
137
148
119
137
137
151
148
146
126
146
137
144
144
153
139
150
150
122
158
140
159
153
147
146
139
130
135
141
136
151
145
152
153
148
145
136
139
149
136
138
129
134
135
157
166
142
155
132
180
177
170
170
165
132
155
154
138
137
152
146
148
130
148
137
140
150
149
126
127
133
157
115
131
143
129
139
138
131
152
140
151
148
148
136
130
143
135
143
135
132
145
129
131
145
169
152
158
132
145
137
126
129
135
133
132
142
124
135
131
139
127
140
136
133
117
137
115
120
131
142
113
136
127
153
140
142
129
144
138
144
151
120
147
123
145
124
147
126
163
157
126
144
121
128
156
132
151
142
146
127
144
142
121
139
144
122
139
134
133
127
138
144
150
137
128
144
133
131
146
120
122
133
144
126
150
141
141
133
140
124
135
143
159
133
126
137
162
148
145
145
139
122
131
122
150
153
127
144
117
130
141
155
144
129
138
140
138
120
135
145
115
128
140
149
144
141
141
142
135
131
130
128
130
142
129
144
145
126
154
127
133
126
140
130
119
127
142
120
138
129
140
129
152
117
121
149
143
144
130
122
139
138
130
140
131
127
136
145
138
135
137
133
118
123
134
155
142
125
126
140
137
129
131
153
119
132
134
135
152
130
147
126
120
127
137
128
142
138
138
141
126
156
118
124
132
136
126
144
155
134
139
121
129
126
143
130
135
124
133
142
121
148
151
128
130
125
139
118
136
138
144
145
136
124
135
137
145
134
146
158
134
131
120
134
135
139
134
137
145
116
133
111
137
158
112
139
137
138
120
139
124
158
141
128
135
123
126
133
130
140
140
127
138
126
128
123
135
127
142
121
124
132
143
123
112
112
120
128
119
140
136
146
126
124
127
134
145
130
113
150
138
128
129
115
138
134
137
148
135
139
126
116
130
153
137
140
126
148
115
145
147
131
143
112
126
142
117
137
110
122
136
140
136
118
155
142
148
151
127
137
142
143
137
145
136
125
139
115
135
129
124
158
117
127
135
137
135
132
127
129
150
129
130
114
143
153
134
132
133
136
125
120
131
123
116
140
137
160
130
109
140
130
132
133
147
134
126
158
123
132
145
115
140
124
113
129
140
136
133
99
116
130
131
146
139
141
132
133
126
113
122
120
144
128
115
141
124
125
109
140
143
127
141
119
119
146
102
137
135
146
141
119
125
140
118
113
131
123
130
150
126
143
126
135
149
140
131
116
128
109
122
117
129
141
124
131
143
141
131
121
139
137
141
136
101
154
154
122
143
143
140
131
129
134
133
139
102
125
145
148
140
142
103
109
156
131
131
111
150
145
121
127
147
121
125
120
134
122
133
128
112
124
136
148
120
145
129
118
126
125
116
128
131
111
135
132
121
141
129
114
140
146
144
127
138
125
138
110
143
139
123
134
123
124
114
121
131
118
118
128
140
118
125
118
130
126
138
126
132
122
142
124
107
135
127
125
127
121
127
133
128
143
137
136
127
145
137
136
123
127
127
135
133
142
144
112
129
110
132
134
118
110
131
124
153
133
122
131
121
128
112
133
121
127
147
125
127
145
133
132
129
117
152
121
130
129
111
123
112
136
130
137
125
116
142
118
148
106
128
132
109
119
134
136
120
116
135
125
119
124
140
131
142
153
99
142
127
138
131
147
127
119
126
117
142
112
138
130
135
127
128
122
121
114
141
119
118
128
123
110
121
103
124
112
141
117
117
126
116
127
113
138
129
127
126
126
127
105
122
125
120
152
133
130
109
128
132
137
101
129
121
147
114
124
144
137
121
143
136
121
113
130
115
134
129
110
112
103
125
103
133
134
130
122
131
149
136
124
112
134
136
119
138
116
131
112
122
155
129
133
130
123
134
124
132
123
157
144
116
130
123
98
133
134
119
113
129
114
123
129
140
116
136
118
129
137
151
138
143
146
145
144
137
148
144
156
143
133
151
165
166
145
137
148
158
151
137
161
137
122
139
142
129
112
130
100
157
156
144
122
155
109
124
110
129
137
134
129
127
109
136
149
143
131
137
120
133
127
129
143
114
108
123
122
135
135
142
123
148
125
126
117
126
117
121
137
145
132
113
126
122
106
121
139
138
135
133
134
141
129
128
138
124
129
133
114
118
106
138
139
131
107
115
126
134
134
142
142
115
120
137
125
131
120
111
118
137
116
128
118
115
139
122
137
120
135
135
135
133
130
128
136
137
125
128
99
121
121
140
126
122
146
114
121
125
136
125
124
131
105
121
121
116
129
139
121
123
141
119
116
123
132
129
121
130
116
114
122
117
117
108
132
121
108
141
121
107
137
111
146
138
110
132
143
132
116
138
120
133
133
121
123
135
107
126
107
122
148
129
133
115
132
142
131
98
140
128
128
142
110
132
118
122
118
131
117
137
125
99
119
125
140
128
131
119
106
132
135
130
121
131
114
132
117
128
129
148
134
124
120
129
126
119
134
136
130
111
148
108
141
127
119
129
131
127
117
107
116
131
126
130
122
136
131
126
117
125
123
143
145
118
135
129
125
117
137
142
107
121
123
123
126
129
132
143
117
122
131
126
153
127
143
132
121
120
132
128
122
120
117
119
128
132
110
113
118
126
133
148
125
121
114
117
141
135
126
143
120
134
141
119
116
130
106
116
135
126
139
134
139
123
134
115
135
126
113
137
118
147
119
127
135
120
142
112
111
114
145
105
124
138
132
118
115
117
116
140
119
140
129
144
136
126
127
119
125
116
149
127
139
125
125
116
125
114
136
120
129
127
128
109
122
135
141
115
127
136
144
146
160
147
151
128
142
129
125
112
118
129
124
135
132
147
116
135
127
116
126
120
107
137
132
117
113
133
131
142
140
107
123
146
143
123
122
118
124
144
120
113
136
124
133
117
122
139
126
125
168
119
123
136
126
129
126
121
139
128
149
127
124
130
120
129
136
130
135
116
131
120
135
133
127
136
136
123
143
132
103
145
128
135
135
126
129
125
117
126
137
122
114
133
148
128
127
116
129
125
147
116
127
108
150
114
127
136
135
117
99
121
113
146
132
137
112
145
113
120
126
126
137
128
128
128
121
116
115
148
112
139
140
156
146
170
154
139
144
142
139
140
117
115
119
143
111
150
110
142
136
122
111
128
128
112
122
120
125
125
144
118
133
137
121
113
124
127
122
113
126
142
116
122
130
103
131
119
131
132
135
130
132
120
135
107
115
119
129
141
115
128
128
129
116
120
135
127
136
139
136
137
116
123
108
149
134
136
113
144
124
138
132
151
134
152
150
114
119
143
132
123
136
122
129
103
119
130
118
132
119
129
156
112
118
127
152
126
130
139
130
130
123
120
138
128
114
122
118
144
132
119
119
134
125
119
119
126
133
128
122
127
137
131
124
132
132
133
126
115
136
127
120
129
116
121
119
119
132
124
115
129
122
117
124
132
128
133
129
137
120
126
139
136
119
118
111
133
147
112
124
112
134
143
137
103
128
124
133
137
127
142
132
135
114
145
137
120
130
144
125
118
104
146
127
129
130
142
161
137
119
121
140
117
106
145
129
138
125
144
146
135
110
99
120
137
140
119
131
126
143
115
136
120
132
118
126
128
137
128
113
122
123
144
125
130
125
97
124
127
127
132
130
114
139
151
124
129
129
131
134
115
132
158
134
142
147
112
141
118
119
131
130
138
132
127
121
122
121
135
124
136
135
132
137
136
123
123
133
128
138
123
129
129
148
142
139
151
116
137
144
111
118
120
125
119
140
119
154
127
140
136
129
129
144
132
145
122
105
129
141
139
139
126
130
120
118
130
135
125
123
109
127
107
137
130
113
136
143
121
139
121
127
126
149
115
97
116
132
133
141
136
144
121
152
141
120
129
109
130
121
145
113
137
131
139
133
122
105
138
112
131
116
150
135
139
147
143
143
111
137
126
144
121
129
130
126
149
118
128
134
116
114
124
122
139
111
132
117
155
123
131
150
130
115
114
133
138
153
124
123
142
137
143
129
124
127
118
134
131
132
164
121
131
150
160
136
109
141
132
138
137
112
123
124
134
120
141
135
130
102
126
136
134
120
142
137
105
134
137
128
130
115
129
127
136
115
132
122
124
133
110
112
121
146
134
128
121
139
134
151
141
134
115
137
134
125
118
128
132
134
130
113
122
175
147
143
144
120
143
144
110
167
129
144
111
142
128
133
141
144
125
122
111
147
137
126
133
125
139
119
129
106
140
131
132
123
130
129
121
131
126
127
125
133
129
124
133
136
119
150
123
129
136
141
136
115
133
141
129
129
134
148
125
144
141
144
149
122
118
135
102
126
119
130
116
139
146
120
131
141
137
119
126
152
128
145
136
121
129
139
128
138
147
131
122
128
150
125
125
140
143
126
135
124
148
129
123
143
152
123
143
131
118
133
140
137
128
152
126
119
130
113
157
127
127
122
135
163
127
118
122
135
118
122
148
139
149
127
120
152
112
123
125
126
133
121
135
136
119
150
135
128
127
141
117
136
141
124
150
144
170
152
133
131
129
131
150
143
119
117
122
122
159
136
129
129
129
124
141
146
153
130
131
130
123
123
120
134
138
133
139
132
110
140
147
152
130
151
132
142
135
136
108
151
126
137
129
133
135
134
148
156
165
131
129
151
137
145
168
131
150
122
142
144
125
133
143
150
138
148
133
114
137
136
163
134
131
136
127
132
133
145
132
119
133
128
123
142
139
131
138
114
112
138
116
134
137
128
149
139
127
148
130
138
140
132
137
137
119
152
134
129
132
131
146
116
148
141
134
132
133
138
137
155
113
142
140
151
147
127
150
132
126
142
134
142
137
129
112
148
138
117
134
134
156
132
148
133
135
129
135
126
145
124
137
119
132
126
133
147
131
144
150
144
107
142
134
126
130
131
125
137
123
140
137
148
144
129
150
116
130
149
143
154
144
164
131
131
145
140
147
154
143
135
133
134
147
133
143
151
144
137
141
145
149
139
145
144
151
120
156
129
151
130
148
152
133
148
156
145
130
143
137
113
156
129
156
148
140
157
145
151
145
134
156
140
131
145
132
139
131
152
140
144
133
144
146
151
140
131
129
126
135
145
124
135
134
128
140
157
122
121
123
155
132
139
138
138
129
152
139
147
138
149
165
146
134
132
151
118
134
152
137
147
130
145
159
136
137
118
152
154
132
143
156
165
129
131
141
139
147
133
124
145
129
147
160
146
149
119
138
140
127
147
145
138
148
151
152
138
139
143
145
127
148
140
151
140
154
136
146
149
123
141
136
135
135
151
138
142
129
152
128
132
155
156
162
150
151
146
138
130
156
184
142
153
159
143
104
143
144
140
147
157
154
134
165
128
158
153
129
139
140
155
129
139
148
151
152
140
147
111
144
155
137
151
146
130
161
155
150
131
135
146
140
140
134
128
138
134
145
150
153
160
149
153
134
136
153
139
158
142
151
153
133
143
121
139
144
130
141
140
128
133
147
148
124
156
132
167
166
157
155
147
134
125
152
156
130
153
150
153
136
154
132
152
151
147
142
167
151
177
140
153
153
159
186
180
167
176
158
170
172
178
158
169
145
146
161
148
140
171
176
165
150
172
162
132
146
145
152
154
148
165
157
133
128
151
160
132
149
167
142
155
152
142
159
139
157
160
139
148
132
155
166
146
151
161
155
166
150
146
145
147
165
144
175
149
155
133
164
156
157
144
158
146
124
159
161
154
155
132
128
158
150
141
174
141
151
138
151
144
147
152
143
157
167
164
158
164
148
136
172
151
169
142
151
153
138
161
159
166
165
142
143
140
166
160
153
162
121
152
183
145
169
155
140
178
163
156
179
148
134
126
150
157
160
142
172
158
177
149
161
166
146
154
171
149
156
157
158
173
148
184
191
153
140
165
158
129
163
165
159
157
159
139
143
143
133
155
141
163
171
175
174
174
160
158
131
175
165
157
154
178
165
163
147
158
161
173
153
154
142
139
151
147
160
148
165
160
142
172
171
160
136
169
174
187
147
145
191
142
147
163
176
142
162
173
163
162
163
144
176
135
157
171
170
147
151
158
160
163
166
178
185
170
133
178
163
156
166
137
141
156
171
143
186
141
171
167
148
176
162
173
160
162
177
164
155
156
174
160
167
176
172
168
162
165
179
159
138
148
164
159
167
165
201
155
176
175
171
162
180
188
164
153
167
167
154
160
174
155
165
179
155
173
161
163
175
179
171
148
186
184
162
174
141
171
175
165
159
198
171
172
160
171
181
179
169
200
171
179
151
148
174
198
194
167
181
164
155
171
182
170
176
180
184
173
166
173
176
183
177
180
159
167
149
164
178
189
189
172
167
155
198
160
186
167
172
150
170
182
183
184
150
158
184
186
177
159
177
173
178
174
178
170
153
181
179
172
175
159
174
175
167
188
172
181
187
145
165
169
209
184
176
174
163
178
161
147
162
170
175
193
161
179
186
175
178
196
191
162
188
199
185
193
202
186
182
183
191
188
163
167
176
203
173
175
205
185
182
184
195
202
187
175
164
186
166
178
184
166
156
167
165
168
167
157
175
168
186
189
177
188
180
169
176
193
194
196
217
190
181
205
207
205
195
175
195
182
202
180
184
196
200
164
191
196
166
171
179
180
194
202
199
183
186
188
192
181
198
190
212
164
178
204
166
174
198
188
187
173
192
186
176
186
178
194
189
188
200
194
168
177
180
184
190
192
181
171
165
183
193
193
203
224
196
162
189
217
193
191
193
189
190
202
174
166
183
172
173
197
185
206
200
170
177
176
183
214
208
181
180
182
192
182
178
190
194
210
190
201
187
186
200
173
174
203
198
184
205
176
183
197
179
191
181
176
212
204
161
181
183
207
197
197
185
202
187
211
212
208
186
208
210
190
188
189
187
223
201
176
204
189
184
180
193
184
225
175
205
192
200
187
181
198
198
197
190
191
176
205
201
203
170
178
191
229
213
188
193
196
201
197
207
197
171
216
200
213
194
166
205
230
191
215
192
199
170
192
220
216
181
202
184
191
202
174
219
226
176
186
215
201
189
161
195
220
200
184
198
199
209
209
227
196
197
199
185
193
191
196
203
209
167
194
233
197
174
203
195
225
191
227
225
207
196
207
170
202
198
176
199
168
196
210
175
205
220
198
180
188
193
197
201
204
209
174
183
187
168
193
214
177
213
198
180
165
163
170
198
174
184
181
159
189
166
167
197
189
170
157
168
160
160
162
158
165
178
191
164
165
171
188
164
165
153
170
173
168
164
159
159
141
143
168
179
151
140
136
177
157
141
158
130
132
157
154
154
165
170
175
179
159
157
152
138
151
168
162
172
176
151
180
125
140
145
151
153
162
151
125
149
140
164
159
136
170
139
158
146
164
140
160
135
159
149
144
146
122
161
141
163
145
153
158
167
167
142
145
139
146
144
163
146
151
146
161
143
154
165
139
154
164
138
147
152
146
140
171
138
153
147
140
139
156
151
180
137
125
166
149
127
166
134
137
150
157
149
128
145
156
147
137
130
125
165
156
150
148
156
155
148
171
161
131
119
165
144
146
153
171
166
147
148
139
153
170
136
136
116
145
153
162
175
126
146
143
145
148
140
136
150
141
155
112
160
138
129
143
139
131
140
135
139
150
146
135
143
132
160
159
157
137
148
152
177
130
160
135
140
139
153
173
147
125
132
128
158
135
148
153
133
148
144
150
160
143
140
133
130
145
158
132
134
151
157
142
159
154
136
159
147
150
142
119
125
125
146
153
128
139
162
131
135
152
165
127
127
146
142
152
126
125
129
131
124
138
134
137
108
127
129
131
151
155
164
121
140
147
144
119
132
120
126
132
173
140
129
140
119
136
142
119
151
151
162
147
141
153
115
150
140
130
142
161
149
134
132
149
129
153
121
144
137
127
152
166
144
141
115
138
131
142
117
155
126
152
143
131
132
142
124
123
159
153
153
151
130
131
169
152
128
125
132
132
122
116
130
139
128
129
148
117
147
143
164
142
134
130
139
126
144
129
143
155
162
139
175
148
142
118
131
132
136
146
139
127
142
147
111
128
114
121
116
152
137
142
136
129
156
145
126
136
135
130
139
128
126
137
145
131
155
135
151
145
130
134
140
117
138
142
134
122
127
148
117
126
127
141
130
137
148
141
125
120
119
140
154
127
148
140
129
144
130
141
148
142
137
113
137
130
137
143
148
118
122
120
144
112
126
156
162
116
132
127
123
144
112
120
136
114
134
135
133
110
134
142
110
120
139
115
126
135
125
138
158
142
130
113
131
138
146
137
138
122
143
115
129
123
146
116
120
143
134
123
131
121
137
130
134
118
148
121
142
113
140
121
136
130
130
147
140
127
129
144
154
114
121
101
138
129
120
124
126
147
136
141
109
135
152
121
152
135
134
119
132
121
130
132
133
140
116
135
132
125
123
129
140
138
120
126
130
131
128
115
118
118
142
110
135
106
148
129
131
143
123
133
129
126
134
139
132
132
152
147
129
116
116
132
116
132
141
144
152
156
137
138
123
126
115
146
132
120
129
123
115
132
123
138
125
134
133
146
124
106
143
109
138
121
114
145
157
120
129
128
140
124
123
142
113
135
130
137
140
132
131
143
131
127
111
136
128
115
127
140
132
137
139
133
131
119
141
158
141
131
155
132
143
150
133
141
121
131
131
137
144
153
130
125
121
139
135
135
125
123
127
136
139
120
152
126
135
124
135
120
129
145
147
126
122
120
140
109
116
148
147
130
146
142
128
122
136
120
109
129
132
138
131
131
131
161
115
132
153
120
134
131
132
119
138
117
136
138
141
123
129
116
141
123
131
133
120
133
138
131
139
129
141
145
106
124
163
117
127
139
139
152
119
138
128
162
124
132
138
138
138
159
137
130
126
114
150
140
133
129
110
107
141
128
109
127
125
113
108
124
124
129
101
124
119
113
115
113
141
116
121
104
123
112
121
127
121
109
122
129
137
102
109
118
118
121
101
98
117
84
108
114
113
118
103
93
82
117
86
86
86
88
116
129
94
101
115
87
75
89
93
78
103
90
81
87
93
99
94
108
79
91
76
102
85
67
80
87
97
96
80
112
89
80
72
80
91
95
85
78
93
87
80
90
88
89
86
81
73
80
81
87
83
95
89
89
86
80
85
78
92
86
87
84
80
76
65
68
90
63
69
85
77
97
77
62
74
82
73
93
76
75
85
86
79
96
84
90
93
72
83
77
78
84
84
76
78
87
83
83
85
75
74
78
78
93
87
74
70
74
73
76
80
62
74
76
75
89
66
83
75
81
73
87
81
70
80
71
64
90
82
78
88
69
84
76
85
83
88
74
88
84
62
76
70
75
74
65
60
83
85
72
79
59
79
71
71
88
101
80
68
68
88
77
90
85
83
73
91
81
94
93
71
72
85
86
97
86
92
69
77
85
63
88
89
74
98
78
85
93
75
99
85
101
87
87
83
86
91
92
81
82
97
99
73
108
106
90
89
107
106
96
94
86
117
101
84
108
107
100
91
98
112
98
94
123
109
115
120
105
138
101
112
110
115
125
117
115
140
109
124
141
126
141
131
139
135
141
134
160
176
269
347
500
823
1258
2014
2814
3675
4663
5452
6019
6142
6000
5587
4689
3806
3021
2274
1722
1233
866
668
529
448
369
287
203
176
141
117
113
79
90
65
68
69
60
73
59
55
56
61
59
42
55
54
52
51
50
47
38
51
56
56
46
48
54
66
40
51
53
59
57
42
56
47
65
60
40
44
45
40
53
49
45
49
35
51
52
47
46
40
55
40
53
48
56
39
54
45
44
39
51
50
43
51
56
44
43
51
38
40
46
33
44
47
51
47
41
52
52
48
44
41
35
26
31
37
31
43
40
37
40
42
43
29
48
38
40
36
41
59
49
25
26
43
40
43
45
32
40
36
45
33
30
42
39
49
31
33
37
41
46
45
32
33
38
45
50
37
29
39
44
39
37
42
35
41
26
37
37
36
28
34
30
38
35
36
37
29
26
36
33
36
37
38
33
44
30
36
32
36
41
27
24
25
24
35
26
32
34
37
39
22
32
24
42
21
35
27
29
41
36
48
37
37
26
26
34
36
24
27
34
18
36
26
29
34
33
40
35
28
20
30
23
35
35
35
37
40
27
26
23
26
24
21
35
31
35
21
29
31
11
34
28
26
21
21
23
23
27
23
31
27
20
21
35
21
33
20
23
29
27
18
30
25
27
24
24
18
31
23
25
21
25
19
21
19
21
24
18
24
17
27
31
21
27
30
27
27
21
21
21
24
38
18
21
18
24
22
27
29
23
22
15
19
13
23
22
23
25
21
22
22
21
17
23
19
27
22
14
22
26
19
24
15
20
32
18
26
24
26
18
27
26
21
21
9
16
13
20
23
21
22
23
18
21
28
21
20
15
28
16
16
20
20
22
19
13
24
8
20
23
20
19
17
16
14
23
27
17
17
16
17
20
18
14
16
15
19
19
20
17
20
17
15
21
15
18
15
13
10
19
21
15
22
20
10
9
6
16
14
13
19
13
25
17
21
20
12
19
24
16
16
20
14
12
7
15
22
21
19
22
17
17
15
16
14
23
12
20
16
19
18
13
13
22
15
17
15
16
15
23
14
12
16
17
25
16
18
25
19
16
10
19
14
18
13
16
22
20
14
13
15
18
20
20
12
19
9
21
15
14
9
15
13
12
19
10
14
11
13
13
13
13
19
26
19
13
16
21
17
12
16
9
22
16
20
12
22
7
16
16
18
17
17
17
14
17
26
13
18
20
15
22
16
18
23
21
17
21
18
24
12
22
16
18
14
22
16
10
15
14
13
16
15
14
14
13
14
17
10
15
20
12
12
16
14
10
16
14
14
20
10
17
13
17
13
21
15
20
14
18
16
21
13
12
20
10
17
13
14
12
12
19
14
14
13
10
17
17
24
15
13
13
17
6
12
11
11
15
13
13
11
7
13
13
16
6
18
17
14
11
14
14
6
12
17
9
10
17
16
17
19
16
21
10
16
11
15
15
22
10
14
15
8
10
12
9
16
15
9
15
14
14
12
12
19
17
13
7
13
24
13
8
11
15
11
19
11
9
12
11
8
17
13
14
9
12
19
15
20
11
12
18
16
15
18
16
13
12
11
11
20
8
20
21
20
18
19
9
14
19
18
12
15
8
20
10
14
14
21
16
23
22
18
13
11
12
19
10
18
12
15
13
16
23
18
18
22
18
16
27
18
20
12
21
18
25
16
24
17
19
17
21
23
20
16
24
31
27
28
17
24
29
23
24
23
25
29
30
29
19
28
49
29
36
39
34
37
28
34
31
39
37
42
27
30
32
37
33
45
36
40
46
56
55
39
38
36
48
43
48
63
55
54
46
54
52
54
45
48
49
55
53
57
55
70
63
55
84
75
75
85
67
64
88
99
119
166
226
333
554
824
1336
1896
2631
3395
4269
4808
5350
5527
5186
4769
4172
3390
2699
2023
1489
1107
839
644
459
350
271
188
152
116
69
70
49
33
24
18
15
13
11
10
6
5
7
8
9
4
5
4
3
2
6
4
5
3
5
2
3
3
4
4
3
8
1
8
4
7
4
1
7
5
3
2
4
1
1
3
7
3
5
3
3
3
6
5
1
4
2
3
2
0
5
3
4
5
2
2
7
4
3
2
4
2
7
3
5
5
1
4
1
3
4
1
5
3
3
0
1
3
1
4
6
0
5
4
5
1
2
4
4
2
3
4
1
7
1
4
4
3
5
5
1
2
1
3
2
2
2
2
3
6
6
3
3
3
1
3
0
3
1
6
2
1
4
1
4
5
4
0
2
4
4
3
2
0
2
2
4
2
4
2
4
4
4
1
2
2
6
2
3
2
6
0
3
3
4
3
3
2
4
2
3
2
5
4
3
5
4
1
2
4
3
5
8
8
5
3
4
3
5
3
0
0
2
4
2
2
1
2
1
3
2
2
4
3
4
3
4
2
3
4
0
4
7
6
7
4
1
4
4
1
4
0
2
5
3
3
3
2
2
2
1
1
3
3
3
3
4
3
1
3
4
1
1
2
2
4
5
5
4
2
2
2
4
3
3
5
4
2
1
2
3
0
1
3
9
4
5
1
3
2
1
1
3
0
4
4
5
2
4
2
4
4
2
1
0
4
3
1
5
1
4
2
3
7
3
6
2
3
0
5
4
3
3
1
1
3
4
2
1
1
0
2
2
5
2
5
1
1
4
1
2
0
4
3
4
5
2
2
2
1
6
8
4
3
5
2
3
3
3
1
2
1
4
2
1
1
2
5
2
4
3
3
2
5
3
3
2
5
7
4
2
4
1
1
10
5
4
5
2
3
4
3
4
3
4
2
2
4
1
4
2
5
0
5
6
3
2
1
3
3
2
4
3
2
4
0
2
4
1
4
6
7
7
2
1
1
2
4
4
1
3
4
7
3
2
2
3
3
1
3
1
1
0
2
1
2
3
2
1
2
1
2
5
3
3
2
2
3
2
3
1
3
4
5
1
2
1
2
2
2
2
2
3
2
1
1
3
0
5
3
2
1
0
0
5
1
3
0
2
4
3
1
1
2
5
1
1
2
4
0
0
2
3
1
3
2
2
1
2
3
3
1
1
1
3
1
1
3
5
1
0
4
4
6
0
2
4
4
1
5
3
1
7
2
4
1
1
2
4
2
3
3
2
2
5
3
3
3
0
2
1
1
2
3
2
6
2
2
4
2
1
1
1
0
3
2
1
4
4
1
0
0
3
3
1
5
2
3
5
5
2
3
1
4
4
4
0
1
4
7
2
4
5
3
1
2
1
5
2
3
2
0
1
0
5
4
0
1
2
1
2
5
0
2
5
2
1
4
2
5
3
2
3
3
1
5
2
2
4
3
6
2
4
4
5
4
4
1
4
2
6
3
8
5
8
11
10
21
14
25
35
45
53
69
66
85
61
50
39
35
39
19
15
18
10
5
5
4
1
5
4
2
4
5
4
3
0
2
1
2
2
0
2
1
2
2
2
0
4
1
1
3
3
2
0
3
2
1
3
3
0
3
2
1
2
3
2
2
5
1
0
0
2
0
0
2
3
4
0
1
1
1
0
1
6
5
2
2
2
1
1
3
1
4
1
4
1
3
2
3
2
1
0
1
3
3
1
0
1
1
0
4
1
3
2
0
1
2
2
2
3
0
4
5
2
1
1
2
2
3
2
3
5
3
5
4
3
0
4
5
2
3
1
3
3
0
2
1
1
3
4
3
3
4
1
3
1
2
4
3
1
1
0
2
5
1
2
3
4
0
2
3
3
1
1
0
4
0
1
3
1
0
4
1
6
3
3
2
0
2
3
5
4
1
1
0
4
1
1
3
3
3
2
4
2
4
1
3
2
4
1
3
4
2
3
3
0
3
0
1
3
1
3
3
0
1
0
1
2
4
3
2
3
2
2
0
1
3
1
3
2
0
4
3
0
3
1
2
4
3
2
2
1
3
1
1
5
5
3
3
2
0
1
3
2
2
3
0
1
3
0
0
1
2
0
1
1
3
2
1
2
1
3
0
1
3
1
6
1
2
1
0
1
3
3
1
0
3
1
2
1
2
1
2
3
1
1
2
3
0
0
1
0
4
1
1
5
1
3
1
2
1
2
5
2
1
3
0
2
1
4
3
1
1
1
1
2
5
2
3
3
2
1
4
1
1
4
1
5
3
1
3
2
1
0
2
0
6
1
0
1
2
0
0
2
2
1
1
5
1
3
2
0
1
2
2
2
1
2
4
1
1
2
1
1
1
4
2
2
1
3
3
1
1
3
3
4
0
2
2
2
1
1
2
1
3
2
1
2
2
2
2
2
5
1
2
1
2
1
0
2
2
0
1
5
1
2
3
2
1
1
0
4
1
4
3
0
3
4
7
1
3
0
4
0
4
2
2
4
1
1
2
0
1
2
1
1
0
3
2
3
1
5
4
2
2
1
2
1
4
1
0
2
4
3
3
2
2
3
1
1
0
2
2
2
5
4
2
0
1
1
1
1
1
0
3
2
2
6
4
3
1
3
3
4
2
1
1
2
0
5
3
3
2
1
4
1
3
0
4
3
2
3
2
1
1
1
2
2
1
0
1
2
1
5
1
3
0
0
1
1
0
2
2
2
0
0
1
1
3
1
0
1
1
0
1
2
2
0
1
1
1
2
1
0
5
2
3
1
0
3
4
2
4
4
3
1
3
7
2
1
1
3
1
2
4
2
1
2
2
0
2
3
4
0
2
0
3
1
1
0
2
3
0
3
0
2
2
2
3
2
1
1
3
4
4
4
2
5
0
3
4
0
1
1
0
2
1
1
2
2
4
2
2
3
1
2
0
1
3
3
0
0
1
2
2
0
0
2
2
3
2
3
3
3
5
2
1
0
5
3
4
6
3
1
1
1
4
0
0
2
3
4
2
2
4
5
2
3
6
2
3
2
4
5
1
2
5
2
3
1
2
1
2
2
3
3
1
2
1
0
1
1
4
1
5
1
0
1
0
3
3
4
1
3
0
1
1
2
3
44
40
40
41
36
43
35
30
34
45
38
41
32
30
37
43
28
39
30
38
46
30
40
41
38
33
42
32
27
30
53
39
33
39
29
42
37
30
29
40
44
34
46
48
31
40
31
34
43
43
33
34
20
36
43
51
44
34
43
34
44
41
28
24
45
27
35
35
29
37
38
36
35
44
30
40
31
30
31
37
39
33
36
28
21
34
37
32
34
38
35
37
32
38
26
32
41
52
36
33
43
33
27
26
43
27
29
33
39
44
35
33
37
44
36
35
38
42
35
31
40
46
36
32
36
35
39
13
