0
0
0
0
0
0
0
0
0
0
0
0
0
0
0
0
0
0
0
0
0
0
0
0
0
0
0
0
0
0
0
0
0
0
0
0
0
0
0
0
0
0
1
1
1
2
1
1
3
2
5
3
1
6
2
7
3
4
4
7
7
4
6
10
6
8
8
5
8
6
4
7
2
7
9
9
4
8
7
11
7
9
11
7
12
16
7
11
23
21
26
31
32
44
60
65
94
137
197
269
375
485
642
940
1218
1630
2231
3028
3325
2913
2602
2448
2194
1619
1049
564
292
133
116
131
147
159
199
237
262
312
393
448
546
562
679
773
767
840
871
958
1029
970
936
889
798
660
574
431
332
313
276
239
268
315
366
450
519
570
686
668
720
764
842
793
717
680
587
508
451
391
371
350
372
433
489
567
581
647
668
733
705
669
601
521
511
459
424
474
419
436
486
551
577
668
674
624
626
615
538
527
520
491
483
475
440
503
546
553
574
621
625
634
578
501
520
522
471
489
480
517
504
547
597
624
563
628
532
566
505
523
449
474
507
521
504
505
520
577
555
519
608
611
548
517
544
506
519
536
489
484
514
530
581
519
527
593
586
579
563
536
561
527
568
513
504
493
525
485
491
552
534
532
559
565
505
545
509
600
558
557
526
552
527
550
556
557
539
503
506
515
516
530
541
554
562
541
548
553
522
554
574
548
538
564
512
555
543
531
516
527
511
531
532
566
551
539
529
552
469
488
516
502
482
529
547
508
533
554
527
519
550
500
565
560
559
528
502
532
529
516
508
523
579
523
532
539
490
550
553
541
491
557
548
537
522
600
559
563
525
513
545
519
542
607
505
577
559
559
548
488
539
524
495
556
515
564
522
557
524
563
568
476
540
520
535
579
544
532
542
563
552
515
531
531
537
540
505
585
572
524
538
529
530
537
512
560
557
540
528
537
562
537
533
503
535
511
506
516
538
535
541
527
548
549
557
493
570
533
490
534
549
540
545
535
537
501
567
562
549
473
493
581
578
503
563
549
544
585
528
494
541
488
546
560
504
582
530
483
527
535
547
566
528
521
530
511
542
527
514
552
536
545
497
538
523
509
528
502
550
584
550
556
567
553
504
526
558
559
485
503
558
563
537
543
554
537
502
553
532
534
555
554
523
531
528
530
552
512
560
530
512
557
554
534
502
554
547
537
502
569
537
513
548
530
545
510
528
514
512
524
525
513
538
507
578
544
552
567
523
593
555
538
523
552
516
536
539
537
525
517
551
570
536
565
527
531
560
559
527
539
511
509
517
516
552
552
512
546
504
515
517
528
551
538
555
544
521
515
533
595
523
542
551
525
564
542
563
575
560
550
508
579
565
531
500
541
491
541
554
524
546
503
536
526
565
562
502
538
534
540
525
553
538
584
525
530
491
537
539
577
555
542
528
531
504
496
552
577
554
555
546
508
499
478
527
547
523
560
490
541
547
531
556
516
534
517
527
523
550
528
528
521
575
541
524
507
503
546
522
527
522
508
531
473
531
547
539
530
504
550
525
558
520
490
540
487
530
488
561
545
510
513
517
548
492
519
544
520
519
543
522
514
543
508
523
559
533
510
534
535
494
538
508
551
526
538
501
544
561
543
523
503
501
520
501
512
521
507
545
516
553
524
531
468
514
524
497
527
536
524
559
515
538
474
549
504
479
495
507
546
507
491
477
542
521
536
488
531
533
484
519
500
546
510
509
499
488
520
474
529
462
504
545
508
518
499
543
499
509
532
490
509
519
514
502
497
524
497
500
507
500
496
479
503
498
518
538
483
498
466
515
528
493
527
505
517
486
513
486
537
522
508
488
485
530
496
526
511
505
515
535
484
484
473
503
511
480
500
509
481
473
523
491
498
528
510
502
478
502
507
493
532
529
495
490
499
483
519
472
459
513
478
510
433
510
479
507
524
484
504
490
503
512
528
493
512
492
492
515
523
482
493
501
465
505
493
503
490
493
532
514
487
501
515
490
449
464
512
513
523
459
467
477
505
485
535
497
449
502
526
457
482
485
501
469
492
481
474
497
477
476
499
500
479
474
483
489
481
520
489
505
484
533
509
476
489
511
478
489
485
489
485
464
490
491
504
466
528
499
546
464
511
545
509
490
487
514
488
481
474
451
473
483
473
504
505
481
534
519
518
522
497
515
481
462
535
528
487
491
491
498
552
483
489
518
502
526
547
494
470
513
536
517
543
503
507
523
529
524
567
566
540
555
558
535
540
525
501
503
571
575
556
571
543
542
551
542
540
541
577
547
549
560
565
590
527
579
580
580
605
560
544
566
565
621
569
608
584
599
579
596
565
605
606
600
615
586
604
582
595
573
571
570
605
571
633
622
604
625
518
580
547
587
543
543
598
561
568
526
555
550
531
534
604
550
584
570
506
552
543
544
576
574
544
567
548
564
543
524
546
536
566
556
574
525
551
546
540
565
509
539
530
542
476
552
500
520
528
529
503
590
555
533
521
518
480
524
553
528
521
537
505
550
535
526
595
535
572
558
517
547
516
533
527
503
507
520
534
518
531
517
536
511
532
544
499
510
506
534
526
563
523
527
536
562
485
536
577
540
577
574
576
543
549
565
513
495
511
549
518
543
515
519
511
497
512
526
554
532
525
472
517
503
516
533
534
505
487
491
493
503
529
524
507
490
525
515
502
518
495
493
488
472
497
512
457
497
498
491
494
486
449
516
482
519
509
487
500
500
544
530
458
496
502
470
475
501
502
496
446
504
499
475
519
486
448
492
452
502
460
450
497
468
480
479
493
487
443
521
514
513
477
450
475
482
503
446
515
490
473
504
478
479
485
509
467
452
442
485
448
483
495
453
467
457
455
492
502
521
467
493
477
475
442
461
465
475
448
455
478
494
444
536
468
458
465
461
474
431
449
460
481
484
475
465
500
445
463
434
534
471
449
447
423
464
424
469
445
438
421
434
495
472
464
466
429
420
466
481
450
450
469
452
426
441
447
465
484
472
490
456
458
468
455
445
447
449
450
427
452
430
452
444
442
438
452
414
460
475
455
433
450
431
414
444
424
464
454
431
393
379
431
411
412
475
468
456
460
440
435
399
456
443
426
437
474
437
427
418
463
445
487
427
455
443
408
440
413
502
447
406
393
454
402
394
417
413
375
423
420
422
401
464
400
407
437
400
403
454
423
436
430
394
421
446
383
390
436
415
425
377
391
448
465
422
419
432
453
430
447
430
429
432
439
426
426
413
447
423
460
447
423
416
416
402
398
387
427
440
454
434
413
408
420
383
432
408
434
441
392
432
436
409
435
428
406
392
435
423
390
395
422
392
434
375
384
414
452
393
423
389
429
413
398
413
455
397
395
401
392
404
397
407
412
393
446
384
414
412
423
368
440
372
423
365
372
414
382
413
399
425
396
412
415
415
419
461
444
444
478
442
468
341
429
417
398
419
467
363
365
421
391
424
409
402
406
422
375
398
395
427
376
418
366
428
433
383
413
391
394
429
385
373
383
390
406
412
391
384
380
400
383
412
395
385
425
371
387
348
412
401
389
374
406
386
380
393
379
380
423
431
397
397
364
386
412
356
393
376
408
397
398
394
397
418
410
364
415
382
385
381
368
409
395
385
401
408
358
386
373
357
404
373
411
388
380
378
397
421
366
393
417
426
372
379
364
410
368
402
357
392
381
383
383
419
380
345
373
395
394
382
391
388
372
396
365
358
356
407
431
398
363
373
404
406
388
409
362
367
394
401
376
398
397
359
372
394
375
387
368
398
362
355
396
360
359
388
395
377
387
384
374
393
337
377
390
403
384
381
394
394
383
371
369
376
361
387
363
386
371
354
371
357
392
349
388
397
376
391
381
382
372
373
363
378
368
354
368
392
381
362
342
384
392
386
385
365
422
358
414
406
387
374
392
371
394
369
362
375
336
357
352
361
393
366
403
360
384
402
323
348
356
350
352
349
372
374
360
341
388
402
366
370
332
370
341
371
320
369
330
341
395
389
351
381
351
344
375
375
367
385
357
333
382
378
358
349
303
388
371
373
344
377
357
385
352
425
354
348
387
367
349
341
344
360
350
356
359
372
386
348
340
330
358
358
352
347
374
351
388
358
324
350
344
347
394
347
342
361
349
310
388
366
341
360
368
372
370
366
338
371
358
345
366
356
347
370
348
358
344
340
371
345
345
313
355
375
362
331
340
393
343
356
352
369
357
366
333
376
345
375
401
346
355
403
369
328
343
351
347
336
365
346
365
314
341
351
361
335
361
359
333
354
360
350
345
351
383
340
357
323
344
352
366
372
349
350
332
345
352
354
363
341
372
291
377
314
348
356
347
333
354
373
320
370
358
346
343
362
318
321
370
352
340
355
364
341
365
368
344
351
363
328
341
324
351
334
325
371
372
328
380
360
307
366
354
364
341
330
376
380
391
341
354
311
335
349
362
365
339
336
340
360
314
344
365
362
378
348
329
339
348
366
349
343
389
323
379
331
345
365
339
336
349
326
369
333
342
352
367
354
371
332
345
368
341
324
336
355
354
336
339
322
314
322
343
310
364
319
354
329
316
304
322
346
303
351
351
345
331
321
336
368
327
348
340
329
382
371
346
352
299
368
341
340
340
330
348
341
348
332
316
341
347
377
343
320
350
305
322
333
358
329
360
320
340
327
352
309
357
328
334
371
298
354
333
322
376
337
349
323
323
345
350
335
326
352
334
305
350
334
310
334
358
347
347
307
317
332
331
334
354
323
332
327
361
347
354
353
341
342
327
358
326
335
363
316
340
298
320
359
328
339
342
365
324
332
295
351
306
329
341
288
355
340
331
338
312
330
362
344
346
325
356
363
340
335
317
380
354
333
319
306
323
331
338
318
357
341
312
366
344
360
342
342
352
339
332
339
339
339
357
332
363
356
334
323
337
304
303
322
316
320
351
343
312
336
363
363
309
314
354
325
331
344
355
333
319
332
353
302
334
357
317
309
329
346
355
355
348
331
325
311
330
328
360
321
336
307
347
326
341
312
318
282
288
318
295
329
325
330
343
336
354
342
302
323
326
297
337
303
329
337
318
338
340
327
330
339
349
334
333
335
339
331
341
327
345
361
321
327
365
315
318
347
318
308
335
338
361
358
313
333
323
323
303
330
328
352
348
330
334
296
331
317
334
322
351
336
342
300
320
353
346
332
310
338
337
330
331
319
342
274
329
302
332
350
345
331
321
319
313
312
313
309
314
332
298
306
342
303
323
283
337
318
336
330
345
323
299
291
339
332
304
317
314
347
322
358
350
346
324
303
312
360
316
323
336
288
296
315
316
329
313
322
308
323
308
313
323
338
346
334
335
286
337
346
301
339
321
312
322
318
331
319
339
356
303
291
316
294
333
320
323
337
306
360
348
302
319
320
336
335
378
308
317
344
338
343
314
305
339
312
349
307
322
342
344
326
330
296
346
368
335
315
314
312
320
315
316
319
332
318
308
286
330
327
303
343
334
300
323
309
312
322
279
314
322
343
316
327
330
308
331
311
304
321
335
314
276
304
322
297
317
315
312
305
347
321
289
282
357
305
299
318
302
307
337
322
317
310
316
317
297
349
305
290
333
305
308
320
330
342
302
310
325
320
315
303
320
322
339
326
307
299
314
333
312
295
317
300
327
300
306
300
302
329
339
316
320
301
313
295
310
309
328
311
319
327
270
334
313
315
299
344
341
288
297
309
322
304
314
367
315
328
352
362
354
328
348
362
335
323
378
322
342
371
328
361
361
337
332
329
373
351
319
325
288
334
283
289
307
317
310
312
334
323
301
311
314
304
315
324
308
319
335
309
321
321
291
341
348
295
314
315
338
308
319
294
312
312
317
323
327
336
332
284
259
301
294
292
316
273
319
346
329
335
283
320
316
288
326
334
320
338
298
324
335
307
352
332
311
340
308
314
316
300
306
290
309
317
293
277
327
313
301
331
302
306
306
371
315
339
347
289
280
284
319
321
297
298
289
315
308
305
327
345
333
326
305
315
322
348
316
324
333
321
292
314
319
275
309
308
320
313
311
316
331
327
297
314
327
329
347
321
320
303
334
292
309
280
291
325
299
310
320
329
309
296
339
341
300
324
313
300
328
322
324
320
303
334
335
307
310
292
308
316
322
324
296
286
304
319
337
291
328
311
312
313
327
342
306
314
325
335
335
314
312
317
325
308
309
315
305
321
322
336
295
316
320
322
339
309
312
329
278
319
295
293
348
281
344
314
301
295
302
309
316
321
308
312
301
286
323
321
312
332
313
294
303
309
323
313
320
322
288
342
325
305
305
316
337
288
305
289
332
288
318
330
313
292
311
300
351
291
304
298
285
306
330
341
326
330
309
284
344
312
329
333
314
339
293
303
286
285
305
292
300
327
299
300
300
334
289
297
298
294
347
335
294
298
279
313
305
326
317
300
342
292
345
279
303
304
303
293
294
303
324
301
294
350
304
291
327
311
302
294
302
285
331
312
292
271
310
310
296
303
293
296
313
337
279
301
305
291
325
320
312
316
303
333
325
294
311
317
294
317
305
329
300
280
311
314
309
340
298
297
337
314
320
284
318
334
308
308
320
325
334
310
304
336
291
322
320
291
300
316
310
326
305
319
322
306
297
285
307
291
331
290
285
317
289
316
297
311
328
334
326
287
319
322
332
285
315
277
275
300
302
298
309
313
323
301
303
304
282
304
293
288
282
302
326
279
326
333
295
340
309
314
319
313
326
301
318
299
354
328
277
283
299
292
322
302
326
292
330
300
301
318
289
305
272
308
313
362
289
319
351
287
315
300
339
294
327
359
351
325
310
304
286
307
305
299
331
323
298
321
348
299
292
284
317
290
301
337
277
314
319
330
300
306
302
346
343
329
352
343
300
318
294
319
301
335
295
312
333
309
295
325
303
268
311
291
292
322
345
306
298
290
307
309
302
302
342
325
318
303
312
316
304
319
324
295
341
300
309
304
310
298
301
312
285
332
321
307
348
313
292
303
314
326
341
304
312
338
354
314
312
333
266
298
296
343
311
305
302
303
293
317
320
286
298
342
351
316
338
306
338
310
306
304
317
297
329
320
324
302
276
283
279
312
295
301
331
327
315
312
335
264
341
344
326
311
304
295
285
307
312
307
302
313
282
317
317
301
303
324
268
311
278
300
271
308
303
320
299
299
321
339
276
320
315
297
328
336
286
321
348
323
295
308
301
311
300
308
314
303
309
313
285
304
302
322
300
328
339
297
305
301
324
326
295
296
326
288
340
309
299
308
290
323
324
312
301
295
328
289
275
299
307
315
307
317
312
345
264
293
300
300
319
365
299
322
303
277
322
286
329
294
290
307
307
305
307
294
315
301
287
284
283
308
319
293
297
274
310
290
319
302
360
341
350
305
304
309
295
347
292
321
300
325
277
323
323
287
321
282
286
301
319
288
298
320
299
298
309
285
297
314
302
312
285
301
309
305
327
272
282
325
347
304
308
314
328
334
319
318
332
336
321
306
284
296
345
304
321
302
315
322
310
334
305
338
330
303
310
326
330
317
305
347
297
290
294
278
300
331
313
300
303
345
310
305
310
295
281
320
359
363
310
289
309
311
298
327
306
321
302
293
317
316
294
326
299
320
314
306
309
293
314
375
314
297
348
284
293
323
302
305
280
301
274
299
340
310
307
300
311
324
323
332
316
286
305
339
318
269
306
315
333
333
307
350
320
273
312
324
303
299
334
315
336
319
363
325
299
300
323
313
321
276
319
324
296
311
313
292
324
312
286
335
298
301
268
310
300
311
310
325
320
315
330
312
278
310
322
321
336
271
326
295
277
311
317
320
301
296
294
319
295
310
325
302
309
291
332
308
298
320
306
303
307
344
335
324
305
319
299
347
317
305
326
355
327
302
289
295
291
298
329
320
310
308
353
350
314
298
305
299
292
296
334
295
324
292
324
322
306
326
257
326
294
332
316
323
313
327
350
320
297
340
327
299
333
326
328
331
306
302
305
352
317
311
296
336
316
306
310
299
315
343
314
313
315
320
341
320
333
318
355
288
348
316
307
298
299
288
309
342
315
314
322
323
307
318
313
288
347
344
317
332
308
311
316
318
306
336
319
338
283
349
303
307
303
319
336
332
310
329
323
298
330
320
344
303
296
328
324
324
299
328
365
310
328
320
296
300
323
330
311
309
325
334
349
293
296
352
338
299
299
320
308
323
309
348
328
347
341
328
357
325
316
311
322
301
333
319
353
323
340
304
310
309
298
308
334
324
305
323
310
332
334
344
329
326
319
300
340
324
274
337
323
314
337
318
321
337
319
305
343
314
329
318
369
310
304
353
330
359
305
333
306
305
330
314
305
304
329
310
308
299
332
312
335
310
311
324
346
324
341
329
325
305
337
306
322
312
300
322
341
316
330
304
322
315
323
307
351
341
318
335
323
350
326
314
308
333
324
359
320
344
341
331
306
323
327
317
301
338
321
335
296
334
314
291
332
320
333
344
314
317
322
344
308
326
318
318
311
316
303
313
326
333
307
328
318
373
344
271
330
321
322
344
320
320
329
341
342
327
352
298
358
280
309
325
331
315
313
351
317
295
328
331
343
350
340
343
341
329
319
378
310
361
342
329
340
363
309
348
335
327
318
344
311
371
321
336
334
326
334
334
328
324
317
331
318
301
294
362
359
324
326
347
334
389
337
282
320
306
365
315
339
338
346
318
356
312
334
368
314
336
358
328
314
383
351
308
313
333
336
368
340
331
348
343
340
337
343
326
328
365
329
330
300
354
335
335
306
369
326
346
341
324
319
334
334
374
365
346
342
329
317
339
332
349
334
324
366
291
349
318
352
364
307
328
309
341
325
334
333
317
363
328
319
319
317
373
347
322
324
352
340
387
349
356
347
318
330
336
320
322
318
293
315
322
344
330
352
334
359
329
333
365
330
348
354
348
371
321
345
337
369
331
361
323
353
350
294
316
339
346
321
301
370
341
384
342
357
334
352
341
367
341
331
353
388
348
334
329
371
335
361
322
359
327
340
349
377
351
367
379
359
334
353
355
328
338
348
344
348
353
326
356
366
348
352
339
364
369
371
342
343
377
384
341
326
388
315
357
346
367
343
366
359
373
333
383
354
326
342
361
329
389
341
355
345
357
360
368
346
358
356
324
353
355
355
347
362
357
368
344
329
357
357
322
354
366
380
366
377
365
354
324
355
355
336
360
358
366
355
333
326
353
343
348
358
343
367
347
344
325
358
362
369
346
355
351
373
379
335
348
347
367
363
372
348
378
370
342
369
350
389
371
380
372
378
345
341
353
382
384
406
347
369
367
385
406
409
409
376
393
391
372
371
383
373
388
380
374
433
402
351
358
361
383
370
350
339
385
397
358
354
377
320
365
371
373
363
345
347
360
335
340
367
335
406
387
366
373
357
393
384
354
384
394
404
367
415
395
360
396
361
367
400
355
355
348
387
358
351
348
381
378
363
384
395
382
354
367
398
388
372
383
368
353
403
355
368
371
369
373
400
349
397
373
363
376
372
381
378
397
368
376
358
350
387
373
351
344
388
400
354
368
387
377
381
391
377
409
400
393
396
383
353
402
381
370
383
377
391
372
374
387
364
379
401
370
379
373
375
411
391
373
370
342
346
342
376
369
410
399
390
389
397
384
368
389
414
362
376
380
405
402
362
379
386
394
408
354
396
414
395
393
367
371
382
381
429
362
405
364
378
426
372
373
430
416
393
405
383
427
381
390
407
366
380
367
372
431
402
394
392
386
411
410
395
425
406
380
386
394
390
383
393
364
377
385
411
391
394
390
407
384
387
433
397
413
432
367
369
378
445
437
418
390
382
411
398
385
394
390
371
367
422
397
434
429
392
410
391
387
382
374
421
409
380
406
388
372
387
401
364
378
411
413
423
400
393
391
392
383
399
411
417
383
377
419
407
384
435
376
396
383
384
395
384
436
403
385
383
388
408
417
443
423
395
406
400
394
432
418
442
424
416
382
433
439
392
417
387
413
433
436
362
435
413
408
409
381
401
404
402
413
385
403
398
414
414
405
425
431
436
455
415
377
415
368
438
405
413
453
457
427
460
392
450
409
422
424
401
427
448
465
417
442
449
421
387
439
448
449
464
447
403
446
437
413
455
447
420
433
471
487
431
416
438
458
434
481
425
406
419
449
479
453
457
438
465
431
418
466
426
474
424
411
434
471
462
452
438
426
420
413
417
432
444
423
404
450
479
423
454
441
485
473
415
490
441
450
412
482
478
443
491
435
433
481
476
480
451
455
483
453
455
440
457
443
434
455
456
436
467
420
451
464
452
425
407
445
521
463
434
475
470
478
486
466
473
428
450
475
465
473
444
486
471
476
455
459
411
501
442
478
424
495
500
445
468
455
419
473
485
446
462
481
465
464
446
503
449
463
417
448
487
478
502
440
475
495
444
512
464
496
455
491
447
496
404
493
451
478
472
483
494
457
493
515
489
465
503
475
505
454
448
493
458
503
459
485
475
482
503
487
517
490
505
513
457
498
478
423
471
499
470
499
530
472
505
483
557
453
497
517
479
532
481
457
526
489
525
493
481
481
510
507
530
490
474
483
516
485
476
535
486
528
502
530
530
474
500
506
483
526
499
523
517
469
501
497
537
525
539
496
508
497
524
476
541
504
500
499
542
494
508
517
545
510
527
508
495
543
498
518
508
513
513
539
495
531
493
529
533
549
533
523
526
461
549
520
529
513
542
476
477
534
505
537
527
544
531
532
542
547
548
507
521
520
549
512
511
551
522
507
582
504
549
539
509
533
539
528
502
513
558
524
533
537
508
544
537
529
511
502
551
505
511
531
527
516
575
552
515
543
573
524
547
495
552
531
560
549
530
519
534
478
519
495
533
525
493
497
579
489
528
545
506
528
544
519
491
539
505
532
543
502
545
488
507
514
490
474
501
458
480
470
487
470
516
484
440
454
541
470
483
472
469
490
444
493
461
432
408
450
435
439
469
441
409
447
475
404
429
413
409
411
426
454
435
412
450
414
391
472
392
414
441
394
365
429
437
390
434
412
405
414
413
419
423
412
361
408
430
397
400
392
406
454
354
395
401
411
405
403
380
414
415
399
399
406
332
371
409
387
381
368
397
373
398
374
386
420
405
366
397
378
405
404
386
363
404
393
413
378
384
390
424
381
387
336
422
405
404
387
378
374
418
409
369
420
354
363
395
406
412
379
396
381
370
346
362
352
381
390
348
360
370
388
356
364
388
362
373
409
374
371
378
409
368
376
360
400
357
362
391
377
350
386
375
411
359
375
363
361
367
376
353
411
360
381
349
361
356
390
367
358
386
397
381
369
367
383
409
379
370
426
388
362
389
362
372
351
382
379
378
349
354
367
383
365
359
364
354
367
390
361
409
353
350
368
383
341
428
370
407
363
365
379
395
370
376
362
394
338
353
372
367
399
409
400
373
408
376
384
369
363
393
372
355
361
374
367
369
382
339
310
389
353
385
354
356
348
370
393
377
347
353
360
376
406
385
357
321
351
332
333
352
373
371
331
363
378
318
352
339
363
363
379
362
342
353
382
353
394
362
355
344
340
332
344
370
347
360
345
347
369
359
330
375
378
335
359
369
333
346
370
330
360
357
333
349
360
332
367
384
360
365
340
331
379
349
344
385
385
330
369
355
347
366
344
344
351
334
367
357
364
387
338
330
340
340
369
335
362
338
324
351
333
355
355
344
358
371
348
325
340
346
333
342
305
352
352
314
375
312
352
323
352
322
332
348
329
319
372
372
336
348
337
347
381
332
355
340
312
335
370
355
378
330
343
351
349
319
357
367
353
348
329
329
346
356
342
353
352
353
343
356
330
368
363
346
352
359
335
352
331
330
338
350
371
362
323
364
339
334
328
335
336
343
329
322
354
322
344
333
377
350
283
330
320
320
335
333
295
372
339
317
322
332
329
337
328
322
347
353
333
344
326
351
331
360
337
323
342
334
346
352
320
352
316
313
364
336
333
350
371
356
338
379
346
349
317
336
320
328
346
359
346
339
353
347
349
341
354
348
334
351
337
363
345
320
343
318
315
289
336
339
357
335
320
339
341
352
332
318
293
338
357
300
299
302
343
313
340
353
325
331
348
302
328
342
362
299
326
297
307
310
332
332
327
358
327
318
353
342
328
311
348
343
303
344
363
332
365
346
335
377
353
331
326
305
335
331
351
384
335
313
320
317
357
335
395
342
337
338
349
361
360
333
354
348
347
361
319
357
376
325
355
335
375
282
355
329
341
357
342
312
360
326
373
337
342
308
314
322
328
327
345
321
328
358
342
337
332
352
343
332
325
361
356
343
318
347
339
341
331
370
323
321
375
320
321
342
349
333
329
333
348
321
341
355
362
339
353
320
315
370
338
338
356
364
329
359
352
355
364
347
339
347
353
354
339
354
366
333
317
350
357
375
348
363
361
388
370
352
335
362
338
355
350
375
324
365
391
353
314
336
344
314
340
353
354
336
341
332
356
356
350
324
342
332
363
383
367
339
348
362
346
353
349
337
382
341
363
360
357
351
360
345
321
369
384
361
383
343
339
364
356
374
369
323
363
373
336
331
329
374
371
366
349
367
368
330
341
384
359
365
352
348
363
355
324
346
341
331
343
360
357
358
366
353
393
361
358
349
343
329
310
351
335
286
337
317
347
345
329
325
326
341
335
334
332
328
348
325
313
341
345
309
315
308
334
307
347
333
312
334
314
321
304
317
310
294
301
308
309
278
277
293
276
297
286
274
287
270
265
278
282
249
260
227
268
264
271
265
239
237
261
253
245
276
248
236
253
244
236
227
252
244
243
235
230
232
242
245
240
247
219
231
218
211
254
221
246
202
243
215
226
213
266
224
202
229
231
215
219
197
247
221
235
234
226
229
226
232
230
264
215
243
233
226
222
230
220
202
213
203
211
233
228
234
231
199
204
221
227
200
230
206
209
211
215
203
185
208
209
185
210
220
234
209
229
201
219
197
200
232
195
198
204
192
202
203
219
216
204
197
240
187
196
208
207
198
198
207
199
209
197
206
204
198
182
213
204
196
223
198
222
196
217
216
197
198
210
219
203
188
220
196
194
187
221
206
207
221
180
192
169
220
200
235
221
215
200
227
203
206
208
191
227
228
229
199
248
234
222
205
216
233
203
215
216
244
240
253
253
252
238
252
252
267
285
257
272
264
282
303
275
267
298
303
304
284
323
318
301
289
341
347
304
302
339
351
340
333
333
351
386
344
355
366
345
390
359
368
394
402
377
394
370
380
363
389
394
424
464
441
443
464
468
461
434
507
494
501
544
498
567
538
523
592
607
613
597
599
637
628
614
675
711
789
884
905
1156
1581
2104
2870
4054
5530
7106
8506
10140
11266
12266
12360
12108
11311
10212
8922
7499
6413
5517
4546
3823
3152
2629
2195
1902
1610
1224
1057
916
756
659
568
502
414
364
334
268
255
224
196
221
196
178
179
165
173
168
150
163
123
147
135
145
132
142
125
136
131
153
141
135
149
131
119
121
137
116
139
121
127
146
120
151
144
132
127
125
130
132
142
126
124
120
116
147
111
139
115
128
120
128
128
129
122
126
143
98
121
119
108
121
100
139
132
123
107
96
106
114
131
115
116
110
126
111
117
112
114
116
98
123
117
114
128
95
99
110
107
102
115
114
111
117
103
94
109
99
103
105
97
117
99
102
106
108
104
102
98
98
105
117
117
105
103
114
106
86
100
95
106
103
101
100
100
120
111
86
106
91
73
95
87
106
87
112
100
98
89
93
74
78
123
105
111
80
100
88
94
103
94
104
97
66
87
94
81
93
80
85
98
80
86
98
96
77
74
87
78
81
84
76
86
100
78
93
96
87
97
86
78
76
77
74
66
96
86
78
66
72
74
71
91
76
62
63
84
89
63
94
79
81
80
72
75
73
67
82
68
76
90
64
55
66
80
64
71
68
73
71
81
85
77
62
74
73
78
60
67
70
73
69
79
72
75
58
60
61
71
68
70
70
60
62
61
86
67
77
62
55
77
51
72
78
84
71
65
54
64
75
49
61
72
59
68
64
71
55
58
46
55
64
75
55
62
71
73
70
62
60
59
58
64
61
66
65
57
57
56
58
71
71
67
49
62
58
51
56
58
59
55
64
66
57
56
55
50
61
58
72
64
47
54
67
59
56
58
53
52
44
51
50
54
51
52
52
58
55
42
50
56
50
51
49
59
54
54
43
50
42
54
58
50
53
54
63
46
61
42
48
42
52
49
60
49
53
54
53
55
54
50
45
64
44
56
40
54
56
61
45
49
50
41
56
51
63
43
48
53
57
45
45
36
55
43
39
48
48
46
39
45
51
46
38
48
54
36
49
39
46
43
41
47
57
36
46
53
41
57
41
55
52
55
43
38
68
52
42
38
46
49
49
41
55
52
40
47
43
44
45
45
46
54
51
38
49
43
43
36
52
41
51
39
42
47
54
55
50
38
53
53
45
35
30
53
49
43
45
51
44
29
38
49
47
37
47
50
56
40
46
43
38
40
38
54
41
50
56
52
53
50
46
46
45
47
59
52
53
39
50
50
50
45
47
52
37
41
49
44
44
45
51
48
50
49
49
39
42
43
45
40
42
39
51
44
32
34
49
42
48
43
50
31
41
40
52
48
46
38
42
39
34
41
49
45
46
55
40
38
37
41
44
61
46
44
42
33
49
40
40
32
33
42
35
41
48
41
51
36
49
51
45
44
49
31
40
41
40
47
37
42
39
49
39
54
34
50
38
51
36
24
38
42
41
36
48
38
42
37
39
43
49
44
37
44
49
38
44
47
51
41
30
65
51
41
47
38
39
36
36
50
38
41
40
39
40
35
51
58
47
46
44
39
40
51
41
42
57
45
41
29
38
44
44
42
49
30
45
40
51
40
58
47
46
44
60
56
45
54
35
53
52
54
52
41
54
49
54
56
60
50
52
46
52
55
52
48
47
49
52
44
58
52
54
64
46
49
68
60
59
62
60
59
50
70
61
71
81
70
83
63
98
77
95
64
88
107
88
103
127
139
110
116
132
136
135
130
121
138
136
142
149
162
137
153
172
159
170
170
181
208
191
185
197
176
189
188
205
236
227
224
217
237
243
233
221
264
225
233
267
262
248
272
253
256
274
270
273
301
320
323
272
296
330
332
354
353
361
358
395
404
431
419
463
455
483
469
498
516
593
581
730
964
1276
1688
2396
3255
4415
5710
7281
8456
9633
10476
10768
10693
9936
9271
8199
7058
6086
5052
4298
3618
2961
2510
2014
1680
1445
1102
965
735
642
526
437
318
269
247
208
171
146
131
107
73
69
63
59
47
50
50
44
37
39
49
29
31
44
35
24
20
19
26
22
24
26
20
25
24
26
31
28
16
16
17
21
26
11
22
19
19
27
17
17
20
17
18
31
16
19
31
26
17
14
22
20
23
20
20
16
21
20
21
27
17
26
24
20
21
21
18
14
19
25
18
12
24
15
23
22
23
18
16
21
27
21
17
16
14
21
26
23
14
22
17
20
14
15
10
22
15
14
19
18
18
16
23
18
17
29
16
11
16
12
17
15
12
26
17
22
15
22
13
19
21
20
16
16
16
23
12
11
20
23
14
16
16
12
27
25
22
22
13
16
22
20
15
14
17
25
15
11
16
10
13
20
16
17
16
16
17
18
12
17
18
18
16
14
19
16
10
18
18
15
27
21
17
17
17
18
11
20
25
19
13
15
10
19
11
19
15
16
19
15
16
18
12
12
15
25
15
13
20
18
13
18
23
13
18
13
10
23
13
20
21
24
14
23
23
8
18
18
17
15
20
8
13
19
16
13
16
18
15
13
23
24
11
17
13
12
13
10
17
19
16
17
18
16
14
15
24
17
16
11
18
18
19
15
16
20
15
13
14
14
21
14
16
15
16
30
15
23
17
11
16
9
11
13
15
13
16
15
18
12
11
26
14
16
16
13
12
15
11
17
21
10
9
15
14
11
18
20
13
21
15
19
23
14
17
12
15
20
19
10
13
11
13
13
18
8
18
14
17
15
10
18
10
15
18
12
13
15
18
15
18
19
13
10
16
18
13
17
18
9
20
8
10
17
16
16
7
11
18
22
17
13
9
15
14
12
20
15
18
22
16
14
14
23
18
15
18
14
16
14
8
6
22
14
19
14
13
12
16
16
18
18
12
9
15
10
14
21
10
14
8
12
10
13
13
18
12
12
14
8
14
15
10
21
18
11
12
12
12
23
20
8
12
21
18
14
8
13
12
20
11
24
17
13
11
17
14
11
14
13
20
16
15
16
13
12
13
17
12
13
11
15
8
14
14
20
10
14
11
18
15
16
11
12
15
16
11
18
12
12
14
13
20
11
14
13
13
17
12
17
14
20
9
6
13
11
20
15
13
7
18
9
11
18
16
12
12
14
14
18
11
19
10
19
15
17
14
15
14
14
9
17
19
13
12
18
17
16
14
16
13
14
10
9
13
17
25
10
12
11
10
14
13
18
10
14
12
18
14
13
18
9
14
20
14
9
17
16
9
15
12
18
18
18
10
12
14
10
10
16
17
15
11
9
15
14
13
10
17
15
14
8
12
6
20
15
16
11
14
15
15
19
9
16
13
17
15
10
10
16
18
13
12
12
14
19
9
20
17
15
8
15
19
7
22
14
10
16
22
12
12
18
15
9
14
11
18
16
16
14
24
8
19
16
18
20
19
27
32
42
37
54
52
56
78
48
53
40
42
30
34
41
29
25
16
24
18
15
23
14
15
12
12
18
17
13
20
14
15
19
21
20
15
11
12
14
14
17
9
13
13
13
11
14
20
16
9
17
14
20
11
10
11
15
14
11
8
11
12
13
15
18
11
12
6
8
7
15
11
15
15
13
10
17
11
12
18
13
13
13
16
15
12
13
13
11
9
20
15
18
14
14
16
10
13
12
10
11
12
9
10
12
13
14
12
17
18
13
14
5
14
11
8
16
11
14
16
12
14
15
7
14
6
10
8
14
18
18
11
14
14
10
13
8
8
14
9
17
11
9
13
15
13
8
14
7
16
7
13
14
11
12
12
10
22
20
14
7
18
13
11
11
16
13
14
14
8
16
9
7
10
7
14
13
7
8
11
17
10
9
8
10
14
12
11
18
7
12
11
13
16
9
13
7
15
13
16
14
3
18
12
13
9
10
17
10
15
19
18
11
15
17
8
12
13
17
9
15
10
6
11
5
14
6
17
9
13
11
9
9
7
10
10
14
11
8
10
14
16
20
16
9
10
12
10
12
8
19
10
10
10
7
13
10
7
12
18
16
16
14
7
11
8
14
7
13
13
9
13
15
8
10
12
14
7
8
7
6
8
10
12
15
11
14
5
7
19
11
11
11
9
8
12
15
18
18
11
14
7
15
9
17
7
14
16
9
13
15
10
13
14
9
9
11
8
7
12
7
8
17
9
9
18
17
14
13
10
11
16
10
7
16
7
15
7
13
14
20
16
14
11
16
17
10
9
12
5
11
4
8
16
13
8
11
10
11
8
13
10
11
19
12
8
12
7
13
11
16
9
16
16
13
15
12
6
15
16
16
13
15
9
3
7
8
15
15
11
15
8
10
11
14
13
10
12
12
13
12
12
12
10
8
12
9
13
4
15
10
9
11
12
8
10
7
12
12
10
17
11
13
10
19
13
10
11
19
12
11
15
15
13
14
5
6
9
13
9
7
14
14
13
6
12
14
7
14
9
11
9
20
13
17
5
19
9
5
18
14
9
17
8
12
8
12
7
9
5
10
8
12
11
14
13
8
13
7
12
15
11
9
15
4
12
15
13
14
7
9
18
8
13
13
12
14
13
10
18
9
12
5
14
10
15
5
12
8
11
6
10
10
6
13
13
7
14
14
18
13
14
9
5
12
13
16
12
10
9
8
17
14
11
13
8
13
8
9
11
8
10
11
14
7
14
9
12
12
12
8
8
9
11
7
15
8
13
9
15
10
16
13
11
12
7
7
15
12
8
10
13
11
6
7
9
10
11
11
17
8
14
11
8
7
12
7
5
13
14
8
14
12
15
11
8
10
10
9
7
7
10
10
12
11
11
15
5
14
15
9
7
8
9
12
10
4
15
4
16
11
10
6
8
14
11
5
3
11
10
6
6
13
16
7
8
15
13
10
8
11
13
7
11
14
12
6
8
16
14
15
18
8
8
12
16
9
14
13
11
7
10
10
7
10
9
9
17
13
17
9
10
13
10
9
17
17
17
10
11
13
6
11
7
6
13
5
13
9
14
8
13
10
6
10
14
10
9
199
209
222
215
217
207
197
208
225
196
191
225
191
197
204
204
211
221
196
194
215
189
217
194
212
202
209
197
224
202
204
194
181
208
209
202
213
183
193
202
207
192
202
201
190
190
220
183
199
227
208
217
205
197
204
206
185
212
219
222
197
202
234
188
207
198
207
203
207
206
188
207
215
189
190
181
185
191
210
199
193
213
181
202
205
190
179
177
194
190
203
174
196
227
212
199
183
195
179
172
191
173
199
180
181
192
178
194
187
196
176
204
179
165
191
188
170
198
190
188
193
198
188
172
197
189
189
116
