19462
16474
13937
11814
9833
8515
7333
6254
5602
4798
4253
3897
3438
3105
2983
2578
2442
2321
2196
2163
1961
1777
1850
1788
1625
1554
1531
1509
1484
1497
1422
1454
1359
1350
1324
1370
1315
1231
1366
1274
1304
1221
1314
1256
1247
1230
1271
1219
1288
1161
1183
1196
1114
1134
1120
1049
1110
1081
1038
1174
1076
1059
1034
998
1077
1053
1027
1066
1086
1047
995
1020
979
986
1038
960
1033
994
962
988
968
939
946
907
931
912
924
916
954
903
893
933
937
894
873
901
883
852
860
873
901
930
879
828
824
870
816
850
866
846
895
863
805
826
884
907
875
898
825
902
835
833
838
799
857
797
752
847
733
775
771
758
735
791
783
775
798
722
752
729
769
765
770
734
715
776
751
754
724
687
771
688
693
754
699
707
716
722
664
716
634
731
646
646
743
692
637
678
717
694
707
685
695
699
672
641
657
644
656
703
666
664
664
618
591
640
642
657
618
651
621
649
666
672
609
600
605
658
616
623
607
582
621
573
618
567
613
614
640
629
592
573
631
622
562
583
548
568
571
596
533
587
584
544
557
585
568
583
611
534
514
534
600
511
570
511
486
543
542
506
514
497
520
487
528
493
518
488
507
507
460
467
512
530
494
476
472
498
500
507
481
476
505
480
500
490
534
519
487
495
509
506
455
505
492
467
499
512
467
480
490
497
516
452
490
461
461
474
472
487
459
497
475
514
533
469
478
497
551
502
431
458
512
474
499
492
492
464
509
471
473
488
444
488
499
454
441
484
490
463
467
469
478
449
446
397
468
455
499
508
456
434
469
451
468
437
443
448
495
469
443
441
476
412
444
429
435
433
469
463
437
430
424
451
456
454
465
387
415
455
466
445
418
434
448
418
426
417
402
429
416
393
428
456
422
433
450
421
429
399
442
466
446
400
413
408
413
393
443
418
424
420
379
443
406
358
377
388
416
422
408
415
427
401
434
397
419
382
394
387
413
399
398
422
394
382
407
383
399
398
388
357
422
389
398
380
383
396
405
360
402
411
384
374
371
348
364
343
391
402
404
400
366
375
391
393
339
364
373
374
355
341
356
390
378
373
412
388
363
367
390
400
385
395
375
390
383
378
367
391
344
329
359
381
376
359
394
375
340
341
337
323
364
372
366
363
383
375
380
383
363
315
332
377
373
325
345
340
352
379
323
371
373
340
372
335
329
358
327
367
366
324
343
345
336
324
369
325
347
374
380
352
325
344
336
311
307
349
348
334
337
338
325
344
350
321
339
327
351
295
349
331
313
321
347
345
322
337
328
315
333
323
322
330
325
323
333
333
340
344
279
308
319
341
336
331
333
335
332
309
283
322
338
341
304
314
331
348
316
333
297
320
307
314
337
333
292
339
329
307
313
316
301
321
346
316
338
323
302
334
331
302
302
330
299
297
310
312
302
347
307
331
293
326
309
317
272
336
337
274
317
294
314
289
325
335
297
307
318
285
347
309
298
304
288
290
306
322
305
323
306
306
296
316
291
272
287
306
298
307
340
282
295
309
319
297
310
302
308
302
280
283
304
291
273
309
310
278
300
274
295
313
304
296
274
312
300
287
301
316
279
299
287
288
301
300
303
315
301
304
278
298
347
283
303
290
298
301
274
291
316
288
264
275
292
280
277
308
317
279
284
276
302
297
306
288
286
282
304
262
300
317
280
300
282
296
284
289
274
288
284
277
302
269
291
284
295
296
296
289
298
295
281
249
253
279
251
305
285
271
274
291
277
297
289
275
263
275
279
258
287
304
293
293
280
286
251
272
285
282
290
260
236
281
296
288
298
282
266
258
260
278
298
284
270
274
268
250
256
260
285
268
291
280
258
256
259
261
285
251
294
284
292
300
286
229
300
265
273
272
287
259
251
265
267
268
265
258
252
271
274
282
283
279
256
313
254
229
267
275
247
279
253
260
283
260
281
244
263
274
270
268
265
269
257
265
243
234
242
271
272
250
242
250
256
265
267
247
257
271
263
251
250
262
233
260
267
277
229
241
253
274
276
267
252
238
250
289
269
234
282
233
249
275
250
235
259
252
251
222
254
251
250
250
220
266
242
221
274
239
246
256
247
276
242
258
255
260
265
256
255
232
233
234
213
264
239
255
242
249
255
252
214
258
237
274
276
237
265
237
229
272
258
240
259
222
253
261
233
233
219
254
277
271
236
250
242
231
225
233
255
245
245
263
255
224
241
269
259
247
219
248
263
229
220
233
244
236
247
246
243
225
270
257
247
247
238
244
246
227
227
225
224
210
244
230
224
217
235
255
252
240
230
222
226
243
222
240
237
246
270
229
234
224
205
223
223
243
259
246
230
249
205
217
246
254
239
232
244
240
257
226
237
237
236
256
242
241
236
228
215
240
213
234
252
216
241
261
245
255
229
262
205
224
224
233
228
233
247
246
234
237
231
227
240
242
205
233
218
272
219
252
250
203
220
220
237
227
238
253
251
226
221
235
245
240
232
240
266
240
254
263
241
233
239
257
238
224
240
221
241
222
237
239
229
216
239
240
249
254
261
234
252
237
253
248
255
226
208
236
231
243
226
245
260
233
229
219
237
245
226
264
238
240
240
251
244
234
218
232
249
219
244
245
217
243
208
243
237
218
245
202
209
232
239
241
248
244
251
238
216
265
217
230
185
227
195
205
226
202
242
190
215
207
238
195
200
243
210
254
205
209
200
224
223
213
222
222
212
212
200
221
212
259
201
214
243
212
198
226
215
216
227
221
210
216
181
201
211
223
207
220
190
208
184
222
219
216
206
184
178
185
200
193
213
204
201
222
225
230
204
199
199
196
214
199
243
178
208
207
211
198
207
223
220
199
191
181
234
196
198
206
213
211
198
210
187
224
211
210
188
227
199
204
199
196
225
208
192
194
209
189
218
164
215
195
189
190
178
181
175
214
203
190
227
213
174
197
211
206
185
167
188
195
192
221
206
181
203
187
200
157
194
176
198
223
190
170
218
217
196
199
203
197
170
174
200
183
206
192
182
193
188
172
170
179
203
199
200
194
179
185
173
195
201
178
192
189
182
223
185
173
206
169
195
166
200
172
198
171
192
198
183
203
180
189
171
200
182
202
215
200
180
189
183
175
172
188
205
203
187
185
216
207
188
175
193
177
161
174
199
168
174
176
163
186
198
169
211
177
153
178
193
179
185
193
192
183
176
164
193
182
155
171
161
168
184
178
169
163
158
206
177
171
188
175
180
198
189
196
184
186
176
147
157
173
155
181
184
193
168
160
178
184
179
187
192
150
180
171
166
181
204
171
200
181
186
185
193
180
213
170
160
179
169
182
169
162
178
169
165
183
181
158
197
160
153
163
201
164
176
172
166
147
167
172
188
165
178
164
156
196
188
167
186
186
200
180
187
170
162
165
175
186
175
171
172
157
176
184
135
175
193
175
167
170
161
178
183
183
171
193
182
182
160
149
182
170
179
149
154
169
182
183
183
155
176
177
174
157
151
172
162
174
153
154
172
152
163
159
145
168
183
139
177
146
181
151
182
159
193
159
164
156
166
168
152
150
173
172
162
181
171
190
170
156
186
153
184
163
166
173
183
149
161
159
158
158
181
179
162
175
177
144
166
157
193
152
193
168
172
159
161
165
151
171
159
157
161
145
147
170
151
171
158
177
178
159
140
142
166
158
163
155
164
145
157
175
147
177
167
184
159
176
167
156
165
149
153
171
153
162
156
149
150
151
168
156
153
116
146
173
141
177
150
148
143
146
155
159
136
157
178
155
149
164
157
165
157
134
166
164
161
162
144
135
147
179
166
168
166
173
157
155
158
150
157
122
149
172
167
162
161
173
158
158
153
139
146
147
156
159
141
167
149
129
168
153
153
144
146
162
153
140
153
153
151
163
187
164
138
158
173
160
162
156
141
147
136
151
130
147
150
149
159
156
154
161
146
183
168
133
156
147
149
157
146
146
163
146
155
155
134
143
144
146
180
150
149
162
128
152
149
143
150
137
145
125
149
146
140
134
135
161
161
166
131
120
171
169
153
147
138
139
149
160
155
136
165
161
143
148
142
151
160
149
126
158
138
137
154
135
145
143
142
121
146
155
133
146
174
155
134
149
144
159
145
136
145
142
134
142
129
119
132
146
127
138
139
144
153
160
166
154
137
153
134
146
128
145
136
156
149
155
146
161
143
129
129
117
134
158
146
125
143
140
152
122
147
173
148
129
153
135
144
134
142
132
161
142
151
134
132
154
147
132
146
133
152
162
159
153
160
147
138
155
154
133
130
150
123
136
141
127
152
141
123
157
141
140
139
153
141
128
108
141
135
159
153
144
151
127
149
132
153
170
124
145
121
143
141
148
154
136
148
137
133
135
136
138
134
150
132
145
133
155
150
132
115
127
137
123
120
124
145
166
129
119
125
138
118
130
148
154
120
147
127
158
142
124
137
139
165
132
146
141
120
139
131
122
126
136
125
139
136
122
155
138
131
134
144
136
134
131
112
119
150
134
127
148
144
149
135
165
118
139
128
138
124
137
130
134
143
135
137
144
146
129
180
144
140
132
136
128
157
140
133
134
142
152
128
132
113
146
146
130
141
144
142
148
129
137
125
126
110
129
141
137
138
130
125
137
135
129
143
119
136
153
144
121
118
103
138
134
121
123
124
116
131
140
139
127
125
115
135
132
152
119
142
126
110
155
132
140
143
121
106
148
137
134
137
114
124
139
114
133
142
141
105
121
135
122
158
135
134
152
124
127
124
105
119
130
121
128
128
136
127
129
136
128
125
130
133
122
136
126
123
112
137
130
134
126
136
137
133
110
135
116
126
111
130
128
132
126
122
125
106
118
133
131
128
129
128
108
145
116
133
140
133
133
135
122
126
127
120
133
130
136
132
112
133
137
133
127
137
138
117
143
114
112
120
113
126
108
136
134
119
118
124
119
137
129
124
137
134
116
102
120
124
126
120
112
128
140
117
125
127
129
137
122
152
136
128
139
117
135
130
112
127
134
116
130
116
124
124
134
123
116
120
114
125
122
129
128
133
120
139
139
126
127
107
120
121
114
130
142
144
137
122
123
128
111
120
116
127
122
133
119
115
133
148
104
128
115
108
98
122
131
124
115
110
115
117
115
121
126
126
115
131
145
105
104
111
108
116
119
125
137
124
126
132
126
111
138
123
107
104
115
118
118
114
127
128
134
109
130
120
124
117
127
96
118
119
123
122
107
110
117
112
123
112
116
128
137
124
117
108
119
115
127
113
128
118
120
113
124
114
103
121
94
127
125
100
93
117
133
130
103
122
134
135
125
109
112
131
112
127
121
108
122
117
118
127
116
106
114
108
109
119
106
111
124
100
113
104
119
122
117
115
108
101
96
113
127
118
132
123
103
118
122
112
127
118
107
124
104
127
122
120
103
93
98
115
110
116
121
116
104
108
139
113
110
126
103
107
111
118
119
112
82
117
127
102
110
111
109
115
132
102
105
108
116
132
118
123
136
106
135
127
108
111
123
128
126
117
123
113
109
115
137
119
122
110
126
129
119
124
103
117
106
115
123
111
119
128
120
118
113
126
111
130
113
106
117
121
114
129
100
128
124
118
108
105
94
110
122
118
101
103
105
135
102
118
119
111
126
100
108
128
123
117
131
107
108
101
115
124
123
108
106
119
126
125
108
102
101
106
125
106
96
93
119
132
95
121
111
105
104
110
131
112
112
118
106
122
121
107
124
103
115
131
134
110
109
106
106
109
113
115
125
104
101
108
113
119
97
97
123
120
128
110
129
118
122
111
105
107
120
117
100
101
122
106
136
106
99
112
99
110
117
81
98
121
99
114
113
101
107
104
89
107
116
114
109
118
106
116
110
108
96
102
114
129
124
124
114
98
99
106
91
96
110
114
121
107
106
122
107
109
117
113
124
115
99
97
104
95
95
100
119
113
116
128
96
107
103
115
90
107
110
113
105
105
115
108
97
109
107
78
100
110
99
96
109
108
113
111
117
109
110
110
103
88
105
119
114
97
106
122
107
97
114
113
91
97
101
133
106
107
106
112
101
107
117
116
92
111
104
112
135
89
115
111
103
115
102
104
119
99
121
101
117
113
118
106
100
104
121
98
103
104
107
107
109
102
104
108
132
93
122
89
107
113
103
109
105
119
92
106
104
97
107
97
108
103
92
108
127
112
114
115
110
108
99
108
118
102
97
109
98
105
100
107
122
102
110
110
100
128
100
82
95
115
103
105
137
101
95
102
101
108
113
102
121
94
106
113
112
107
99
94
110
98
100
113
88
88
115
110
110
114
112
107
109
89
116
120
92
127
105
85
111
105
99
101
102
108
112
102
104
112
102
103
114
107
95
109
108
116
100
93
104
108
118
88
120
72
107
99
76
89
91
113
99
112
129
108
105
113
101
101
105
86
103
120
105
108
119
109
99
98
105
90
95
106
107
108
111
109
98
107
102
109
101
97
92
91
80
104
101
100
107
88
122
120
106
109
119
119
95
105
122
101
97
99
107
110
105
116
107
74
107
94
102
101
93
105
110
101
87
105
86
94
105
97
105
112
105
98
103
86
111
88
103
108
100
126
96
106
86
109
119
109
102
115
107
98
96
113
112
87
109
104
95
96
86
97
106
86
104
104
107
86
104
112
105
83
99
115
88
92
105
113
118
116
89
96
96
108
109
88
94
96
103
106
95
101
114
85
105
100
102
103
95
106
119
105
118
100
116
102
100
94
82
97
110
105
107
115
105
93
132
106
92
96
92
114
96
109
95
99
115
124
109
100
105
95
122
82
89
89
101
102
113
104
91
105
109
119
103
101
84
97
99
96
88
104
86
110
93
76
113
104
86
86
95
97
85
113
77
98
97
99
89
90
92
86
103
95
101
108
105
99
94
102
84
85
102
101
95
89
113
99
105
102
85
99
85
109
94
115
99
114
116
80
102
99
93
89
97
96
96
102
90
91
104
101
96
104
100
97
96
90
87
91
94
108
77
95
118
96
110
102
97
86
85
91
89
83
113
101
100
93
109
100
103
102
78
96
105
90
94
112
81
103
100
72
111
102
96
93
108
89
101
107
90
91
72
100
89
96
116
99
78
111
92
86
85
101
88
104
97
106
90
92
94
85
87
81
76
100
90
110
90
85
92
94
109
86
92
108
93
94
96
100
92
90
112
101
75
103
93
86
82
85
108
96
88
98
90
82
95
98
87
103
97
92
92
99
85
81
106
87
89
108
103
101
80
92
104
107
96
100
88
97
115
99
87
88
91
83
109
92
96
107
101
85
89
83
105
94
94
109
91
98
107
98
97
105
104
99
108
99
100
87
105
83
105
103
98
93
94
83
91
88
97
100
84
109
86
96
101
100
104
89
100
89
97
77
78
87
87
90
77
94
103
77
86
105
99
86
82
105
80
89
70
82
95
74
90
75
101
87
111
82
96
92
94
85
95
75
93
101
79
100
87
107
109
87
107
91
93
97
110
90
88
112
78
85
84
101
85
87
93
91
81
103
90
69
97
89
92
93
87
93
99
85
104
96
102
107
83
87
91
97
89
100
82
85
100
92
95
79
95
76
97
96
82
99
75
92
98
96
98
79
87
92
80
81
83
82
102
103
73
117
111
96
99
78
92
80
94
94
81
97
97
77
87
73
86
98
83
105
112
97
77
95
91
94
93
101
87
96
80
106
80
84
98
78
96
85
74
96
83
92
85
95
92
98
98
94
74
91
109
96
96
96
97
82
100
92
103
90
66
80
95
93
91
97
124
96
105
98
84
86
97
93
92
93
86
87
96
123
88
96
87
84
82
80
92
76
85
96
79
81
88
100
76
91
69
100
76
100
89
106
84
87
105
83
101
78
101
117
94
90
96
88
78
85
85
95
78
78
92
91
94
87
100
100
93
86
80
99
83
75
83
105
84
104
88
84
92
74
81
70
96
100
87
83
91
96
87
93
72
75
92
92
91
96
96
86
81
97
105
85
86
106
76
94
96
85
100
91
89
99
85
70
90
84
103
93
90
83
80
86
91
92
73
96
94
98
93
69
87
99
91
92
97
85
92
73
90
97
75
76
93
89
91
97
77
86
74
91
96
67
86
86
83
106
83
94
77
91
94
90
95
102
82
110
75
80
77
93
78
85
88
91
100
102
92
78
83
75
95
83
72
82
90
93
96
74
86
77
79
90
106
81
85
85
87
114
83
98
71
100
83
77
98
89
111
100
82
102
75
89
87
92
84
104
75
86
93
85
88
96
97
96
81
75
85
88
75
78
98
94
105
96
86
105
94
82
90
74
87
72
85
81
82
87
93
84
94
85
87
94
85
80
88
95
90
90
87
80
91
110
87
76
100
105
83
101
88
91
86
84
91
95
100
77
84
98
94
79
90
87
94
85
90
112
84
89
92
92
79
85
96
89
87
85
78
83
78
79
79
86
99
81
81
94
93
87
92
66
82
106
83
72
84
90
85
83
75
88
101
90
100
77
96
80
81
85
114
90
100
90
84
85
88
74
80
83
77
92
98
83
76
80
69
88
73
87
81
85
100
86
65
89
86
82
76
72
81
100
70
76
87
84
79
100
96
68
93
99
82
92
83
93
82
72
96
109
84
86
87
77
99
89
85
83
89
72
81
85
90
75
73
84
84
88
84
78
93
82
82
92
99
74
74
89
82
86
86
79
98
79
86
99
105
87
83
72
77
76
93
77
86
85
85
84
83
104
100
93
97
94
91
88
88
90
81
77
80
83
92
86
79
79
85
95
89
87
88
77
84
122
94
92
71
83
72
82
87
95
104
84
84
77
76
96
78
78
74
72
90
71
78
87
108
81
102
100
91
90
76
71
87
77
95
88
85
81
91
77
76
75
101
88
74
83
75
90
93
92
87
77
92
86
71
84
83
79
73
91
92
81
82
74
79
95
105
86
88
82
91
72
64
83
90
96
87
96
82
81
85
105
90
80
90
92
83
92
88
86
78
78
85
82
85
88
112
79
66
77
80
100
90
82
96
92
92
102
84
102
93
80
83
78
91
86
94
81
95
77
98
74
90
102
85
103
79
104
83
71
82
102
99
73
63
68
75
85
74
81
77
85
105
75
86
74
85
99
79
69
93
90
73
81
94
82
102
63
98
78
86
70
85
69
87
83
83
93
91
76
86
89
79
80
88
99
91
78
97
73
86
100
75
73
67
74
86
84
74
78
82
81
96
97
92
80
79
93
81
110
79
87
100
90
90
87
90
79
117
80
88
82
86
91
97
89
83
87
93
101
101
98
78
71
77
76
94
79
105
84
84
93
93
77
82
92
86
99
88
80
94
92
79
71
104
72
74
84
65
91
72
99
85
86
91
84
88
78
76
82
90
88
96
86
82
94
98
99
93
98
96
97
106
86
98
79
82
100
105
96
77
81
91
89
85
79
92
90
82
79
87
98
87
97
98
99
90
99
77
72
77
86
89
82
81
87
105
78
68
85
86
81
90
91
79
77
97
101
88
75
89
81
79
83
90
86
73
92
77
80
95
82
82
72
94
87
85
99
87
84
70
88
74
99
85
105
75
89
89
94
61
75
88
96
75
72
76
81
88
83
66
86
79
75
77
89
85
92
82
69
74
106
93
102
79
81
86
98
123
92
95
73
106
92
70
89
74
93
64
95
88
98
89
86
91
82
80
103
63
73
75
81
93
92
81
82
77
93
87
80
75
79
89
87
78
79
85
86
83
81
72
83
77
74
73
83
85
76
110
97
67
92
80
71
88
83
75
92
78
85
95
81
98
94
86
94
91
90
90
93
75
73
90
69
93
84
87
76
71
78
88
92
88
84
81
82
77
65
72
77
87
86
71
92
77
92
67
103
87
99
70
80
95
98
90
86
94
86
69
99
76
91
79
85
99
71
91
78
95
72
97
86
97
96
112
77
83
73
79
77
92
98
81
68
83
92
73
96
75
85
81
82
80
72
77
93
84
89
77
76
85
80
79
88
85
67
93
78
79
88
99
93
81
86
84
79
70
83
83
90
81
91
76
86
85
93
77
85
81
79
76
90
84
89
91
86
89
88
86
80
93
77
94
78
83
80
82
100
86
84
81
87
76
96
69
92
81
72
97
98
76
96
76
82
89
80
81
66
87
79
91
77
75
81
84
79
82
87
87
82
92
91
85
79
82
75
95
84
85
88
79
63
92
89
87
84
98
87
92
81
79
88
75
99
96
76
102
70
93
89
88
88
77
82
96
103
82
90
93
87
89
80
88
90
67
94
81
86
80
94
93
89
77
79
79
83
85
89
77
86
85
71
82
94
81
71
91
96
96
85
90
108
81
93
83
77
84
102
84
100
70
104
83
94
96
79
78
98
82
85
84
86
95
78
86
94
80
68
80
93
87
81
70
67
78
96
93
90
96
81
91
76
96
87
75
83
82
86
93
83
86
71
74
75
70
71
83
73
82
97
103
75
85
79
84
72
101
93
86
102
94
90
86
81
76
83
93
103
90
80
80
88
86
91
81
75
77
75
75
80
80
91
79
56
86
86
63
76
86
71
76
77
92
86
85
72
86
84
96
88
77
82
78
93
84
71
108
78
93
73
83
86
87
89
81
72
77
82
99
73
92
75
80
67
82
87
87
77
84
80
80
82
76
79
90
89
77
75
82
96
94
99
88
87
79
72
85
85
89
65
86
79
91
84
76
80
70
71
73
87
94
81
92
100
77
89
87
96
86
94
82
85
85
86
94
83
79
106
98
96
76
81
94
69
98
86
78
72
78
108
84
87
92
89
87
91
78
88
87
99
82
88
87
89
96
85
61
86
99
78
70
79
89
77
76
61
80
83
84
81
91
75
92
86
83
83
87
81
77
87
91
74
89
84
85
95
78
78
71
94
75
84
86
67
70
79
82
73
95
88
67
72
77
89
97
88
78
87
79
83
96
78
103
89
75
77
88
71
93
78
96
89
87
82
93
83
83
93
78
81
88
86
83
75
71
75
70
81
69
88
92
76
85
61
73
62
77
88
85
76
79
73
76
96
98
71
95
83
97
92
78
81
75
81
71
88
73
84
94
83
85
81
86
78
81
78
86
65
93
86
81
78
88
72
82
71
75
66
77
97
83
70
84
91
61
81
66
88
72
87
95
81
66
72
76
77
72
76
83
84
70
71
71
57
73
98
78
68
95
88
92
77
75
74
84
75
73
82
69
67
77
75
75
83
64
86
61
81
69
71
68
83
64
70
78
83
85
75
74
70
80
75
76
79
68
73
81
85
76
69
80
84
72
77
79
77
83
80
77
93
83
77
92
67
80
98
77
72
67
72
69
79
71
72
66
89
67
81
69
73
68
77
83
67
80
76
88
72
75
78
76
84
79
66
70
62
85
77
76
86
67
89
89
77
64
70
74
75
72
75
71
79
85
74
86
73
86
72
67
82
81
82
84
77
65
83
75
82
71
67
69
53
77
68
64
68
71
59
77
63
75
71
79
91
76
83
77
67
80
62
87
68
63
65
67
80
91
67
69
52
64
80
69
76
69
84
68
83
75
77
72
65
89
65
64
82
72
70
72
88
86
64
75
86
84
71
71
72
70
61
63
67
67
79
55
72
77
64
69
63
59
57
74
60
71
67
61
64
64
64
66
68
72
65
59
69
77
74
71
64
74
71
76
63
67
62
75
66
72
80
76
85
55
67
65
66
80
76
81
75
81
76
55
74
64
61
70
75
73
74
63
69
73
65
80
67
76
62
66
65
55
60
69
72
71
66
60
80
68
53
64
75
61
70
69
70
68
76
65
90
70
76
76
81
67
90
61
60
63
55
65
78
83
70
69
68
66
75
64
66
60
72
57
74
53
54
52
92
69
68
78
74
71
77
71
78
57
80
68
64
58
66
81
77
79
64
61
63
77
57
85
46
74
74
67
81
63
66
65
80
81
63
64
79
62
67
75
62
84
48
63
74
70
66
64
66
64
91
66
59
72
66
69
78
68
64
77
82
74
60
69
70
66
67
57
82
74
71
86
76
66
65
59
67
80
87
66
63
71
68
64
47
64
59
84
70
74
77
74
87
69
68
68
65
64
66
63
84
91
65
73
59
67
77
67
66
70
78
85
66
74
77
58
72
73
76
68
62
76
65
79
61
60
70
73
70
62
60
52
64
73
71
68
69
78
61
72
66
88
65
60
71
80
73
77
77
62
66
75
62
74
69
79
60
66
67
69
65
80
81
69
77
70
75
73
63
92
71
79
67
69
72
77
80
67
69
77
68
72
65
75
75
62
51
78
68
70
67
54
76
80
71
66
70
59
62
70
59
64
79
71
60
74
60
50
65
68
64
68
75
73
66
57
54
64
79
75
67
69
54
51
74
60
63
63
66
69
58
69
68
73
54
59
66
56
69
67
66
59
77
72
60
69
67
71
65
69
72
67
73
62
67
65
56
72
60
68
75
66
70
66
81
71
89
80
65
76
62
83
72
74
71
73
55
69
80
51
66
64
66
55
60
64
74
63
72
73
73
65
48
63
70
74
83
92
79
68
81
66
80
74
83
74
60
66
69
73
76
68
65
62
71
65
67
70
70
62
74
61
66
79
57
69
67
76
73
63
77
66
65
65
78
78
73
58
83
69
84
64
74
74
67
69
68
53
66
80
73
74
58
83
73
56
56
67
67
58
79
64
62
85
73
57
73
64
70
73
75
75
71
75
70
72
50
48
69
66
71
66
71
56
83
71
56
64
70
60
59
63
57
53
67
69
74
76
63
64
60
61
76
72
54
68
61
66
69
74
59
84
61
80
70
75
74
74
61
67
56
58
75
71
60
68
61
67
57
64
69
64
50
62
60
53
66
72
74
62
62
52
67
56
50
49
41
71
61
57
50
50
58
50
63
55
67
59
59
61
55
66
59
58
55
53
58
51
57
65
69
57
58
63
65
49
58
61
51
59
66
52
52
69
53
61
46
54
50
51
62
58
50
63
48
62
58
65
48
57
44
57
61
65
53
60
46
51
54
44
41
53
62
48
56
45
73
66
46
58
44
55
57
53
53
46
60
55
61
61
64
56
52
55
47
46
58
61
50
54
51
66
54
51
55
65
44
62
48
68
72
66
53
61
45
61
48
47
54
52
63
56
53
56
48
45
50
62
50
54
45
55
55
64
63
51
57
57
54
48
56
44
46
47
54
57
52
55
51
44
55
53
49
58
46
49
49
59
51
48
59
51
70
50
64
66
55
48
55
57
45
66
57
55
57
51
40
44
52
49
57
54
45
61
58
53
75
59
59
65
72
50
78
64
59
65
60
67
59
61
67
68
51
73
50
44
67
69
52
59
53
58
57
57
65
53
62
73
55
55
71
60
68
56
76
77
57
74
76
65
73
74
69
62
62
62
83
85
86
94
80
89
67
78
74
85
91
108
95
110
125
124
131
151
179
226
261
311
301
362
405
427
433
442
452
429
361
327
270
260
212
190
174
138
114
120
100
96
84
69
72
64
64
69
52
49
38
46
38
53
60
55
50
36
46
43
48
37
53
43
49
35
45
50
41
50
48
28
32
39
44
50
54
50
44
40
45
49
45
50
38
54
51
51
37
54
39
31
51
51
43
47
41
53
35
40
60
46
50
50
38
37
38
43
38
41
42
35
47
52
45
45
45
41
50
55
37
45
41
56
39
57
49
44
53
48
58
32
53
45
46
40
45
49
44
37
41
50
53
34
50
47
40
42
41
59
38
54
58
50
54
43
48
58
40
61
48
45
41
53
55
52
43
50
48
45
57
50
43
68
49
44
55
44
53
49
57
49
56
56
54
47
40
54
47
47
55
49
58
41
51
48
44
54
44
61
54
51
48
55
61
48
59
49
48
40
38
47
52
54
44
60
56
54
63
54
56
61
77
52
64
51
64
73
63
43
59
61
54
59
53
60
58
62
65
70
70
90
87
81
88
102
81
89
106
87
102
99
102
93
81
96
68
78
62
54
42
54
49
40
23
25
24
21
35
25
29
21
22
30
29
24
24
18
16
22
25
21
22
27
24
17
25
16
17
22
26
20
18
21
24
22
25
20
21
24
26
14
28
13
21
25
19
18
20
23
18
21
19
26
23
15
27
16
16
21
16
27
23
22
17
16
24
16
19
20
22
22
17
26
27
20
25
16
22
19
26
22
12
18
21
26
18
16
20
21
21
17
28
17
12
21
20
26
18
18
25
16
22
19
21
24
22
20
20
17
16
18
22
17
19
14
18
28
24
21
26
27
10
21
18
15
15
30
21
15
29
20
20
22
26
21
17
16
15
20
17
16
19
19
23
18
23
20
22
13
24
18
13
22
10
23
16
18
20
16
14
22
21
22
18
17
20
22
21
29
20
26
22
16
16
17
14
23
19
25
21
22
32
16
9
32
17
26
14
20
16
17
20
20
14
22
12
18
17
16
21
18
13
14
16
18
19
23
19
17
14
23
21
16
18
15
16
18
15
33
15
19
22
11
20
25
17
18
14
16
20
12
20
15
22
15
18
14
11
26
15
25
14
15
22
19
23
16
22
13
18
21
11
18
23
24
27
16
10
16
10
15
23
19
17
14
14
16
18
19
21
22
14
19
17
12
17
23
27
18
18
14
17
16
14
18
16
22
17
14
20
17
13
20
21
13
19
12
16
23
15
16
19
18
22
14
19
21
17
19
24
10
18
16
16
14
18
26
21
20
18
22
21
18
16
27
16
18
20
19
18
26
17
18
15
12
15
17
16
10
19
18
13
15
15
21
17
11
15
16
22
20
12
21
15
18
17
14
22
17
18
16
12
23
22
14
22
17
17
16
17
22
21
11
24
16
18
19
17
24
25
18
27
24
21
16
16
12
15
16
20
17
21
17
11
21
20
25
21
15
24
20
14
22
16
15
20
24
22
19
19
18
17
15
19
16
30
23
19
22
22
18
21
19
19
21
23
17
25
28
18
13
21
18
25
18
19
29
26
17
15
17
25
27
26
24
20
18
18
21
26
28
23
26
19
22
30
22
22
15
14
22
16
20
30
28
20
21
23
23
26
28
18
20
22
28
23
24
25
24
19
32
29
31
25
20
29
27
29
29
28
19
22
34
28
27
41
30
32
43
31
37
38
29
36
34
37
34
45
29
36
37
38
36
36
29
42
44
36
44
34
51
30
49
35
50
40
56
45
39
45
53
55
50
54
41
48
49
50
48
61
61
48
50
48
61
54
49
62
60
62
61
51
77
74
57
67
64
74
67
86
86
82
82
85
100
122
148
168
237
267
325
449
594
693
721
900
919
980
923
883
789
684
606
515
448
402
334
266
231
190
163
127
120
103
104
72
53
42
55
51
38
17
24
32
25
29
22
19
16
29
28
30
32
20
21
23
20
16
24
21
15
19
18
18
26
25
26
23
14
24
18
23
17
15
18
22
25
20
31
18
16
25
19
23
20
17
22
20
20
18
22
18
32
16
16
25
22
21
20
19
18
21
21
22
22
17
20
22
18
21
23
16
25
21
20
30
25
27
27
27
16
25
17
21
24
23
21
20
23
22
22
24
19
24
19
21
26
32
21
23
23
21
20
16
25
36
24
24
33
27
17
23
30
14
23
27
18
14
37
26
20
34
21
29
25
15
27
25
19
15
21
28
25
29
18
24
40
19
31
38
19
23
28
37
34
26
28
28
26
25
32
29
29
22
22
35
23
41
27
30
26
25
33
26
27
39
35
44
43
25
38
32
39
34
42
38
28
28
47
36
40
39
47
49
44
42
34
45
32
44
45
53
50
53
56
53
60
64
63
68
71
77
57
54
58
43
45
49
31
31
31
19
22
16
14
12
19
18
12
12
7
9
9
9
9
4
7
8
4
10
4
10
8
5
2
1
5
4
4
7
7
2
2
8
10
3
6
7
4
2
3
2
4
5
9
4
2
1
1
3
4
11
3
4
7
4
5
5
3
5
5
0
3
9
4
7
10
3
9
6
4
9
6
6
5
3
6
4
5
4
2
3
2
5
4
11
3
4
5
3
4
6
8
4
5
5
4
3
3
4
5
0
2
7
6
3
1
4
3
0
4
1
8
8
7
4
1
3
6
4
2
1
6
5
1
9
4
2
9
6
2
3
1
9
5
6
4
0
10
9
7
5
4
6
6
5
8
5
7
4
4
5
5
2
6
7
4
5
7
7
5
3
3
3
8
2
4
3
5
5
8
3
3
3
3
6
7
4
1
2
3
7
3
7
6
3
3
6
3
2
4
5
7
5
4
6
7
5
6
1
6
5
4
0
4
2
4
4
5
4
7
5
4
5
2
2
2
5
4
5
2
7
5
4
5
4
4
2
5
3
2
0
8
6
5
3
7
4
3
2
6
1
3
5
1
8
2
4
5
5
6
3
6
3
2
2
9
2
1
2
5
2
4
2
3
6
5
8
1
9
3
6
1
3
5
5
6
8
5
2
3
2
2
7
3
2
4
4
2
6
3
2
4
3
4
7
4
5
4
2
6
3
5
3
4
2
2
10
4
3
3
7
3
7
4
3
2
3
5
2
5
1
6
5
3
3
8
3
6
1
6
2
6
2
8
7
1
4
2
1
2
2
4
1
6
4
2
5
2
4
7
5
4
2
4
2
4
1
4
2
4
5
4
2
2
3
1
2
2
6
6
4
4
4
4
6
3
6
2
3
1
3
3
4
5
3
1
7
5
5
7
1
2
3
2
6
4
6
4
5
5
1
3
7
8
4
2
2
5
0
4
3
1
6
3
6
5
3
6
5
4
3
10
2
2
4
5
4
2
2
7
5
5
2
3
4
2
1
1
3
2
4
2
1
8
3
2
6
4
1
2
1
3
6
7
4
3
6
6
4
1
3
7
3
7
3
4
1
4
5
2
5
3
3
5
6
1
5
3
1
5
5
4
5
0
3
3
4
1
3
1
9
2
5
3
3
2
7
2
6
6
3
2
4
5
3
2
2
5
1
8
3
4
5
2
2
3
5
3
2
3
5
4
4
6
3
4
3
1
1
2
4
5
1
6
3
3
1
8
4
5
4
9
3
3
4
4
1
1
6
1
5
3
5
5
4
7
3
1
3
4
5
5
6
6
2
3
3
5
3
6
3
5
1
1
2
5
2
2
2
3
1
5
4
3
6
3
3
6
1
1
2
5
8
1
4
3
5
4
5
3
2
3
1
5
1
4
3
0
2
2
7
4
2
5
3
2
4
5
1
1
6
3
1
2
2
1
6
4
5
1
2
2
2
2
2
5
6
2
3
2
4
0
3
3
3
8
4
2
3
4
2
5
3
0
0
3
3
5
1
0
2
6
0
7
3
2
3
4
3
3
4
2
4
3
3
2
4
1
4
6
1
5
2
1
4
3
3
6
3
3
1
5
3
4
3
7
3
5
4
6
3
1
2
1
1
6
3
3
2
4
3
3
2
2
5
6
2
6
4
1
1
4
3
2
2
1
6
0
0
3
3
2
4
3
3
4
5
1
2
2
3
0
6
1
2
2
1
3
2
2
3
5
2
1
1
2
3
0
3
5
0
3
6
4
3
3
4
6
3
1
5
1
3
5
3
5
1
2
1
5
3
3
0
2
4
3
2
2
3
2
2
3
2
4
1
1
4
4
1
2
1
3
0
4
6
4
3
2
2
4
4
5
5
1
4
3
2
1
5
2
1
3
2
1
2
4
0
4
2
4
1
4
2
3
4
0
1
0
8
2
1
5
1
1
0
4
2
5
2
1
2
3
2
1
3
4
1
1
3
0
4
4
3
3
2
2
3
2
1
0
1
1
4
4
3
2
4
2
0
2
2
2
3
3
2
0
4
2
7
0
2
1
5
1
0
6
5
2
2
5
1
2
0
5
2
2
1
4
2
6
2
2
5
5
3
2
3
4
3
4
0
1
3
1
0
6
4
2
2
1
3
0
3
2
5
2
6
0
1
6
2
1
3
5
1
3
4
2
2
1
3
3
4
5
2
5
2
4
3
2
4
6
2
5
1
4
0
4
4
0
2
4
4
4
2
2
3
3
1
2
5
2
2
1
4
5
3
2
1
2
5
3
5
3
1
5
4
2
4
0
3
5
2
1
5
4
1
5
2
1
6
2
2
2
2
3
1
0
3
5
6
2
3
2
1
5
0
3
4
2
1
2
3
2
3
2
0
2
3
1
3
1
5
2
2
4
5
4
2
3
2
5
0
0
2
1
4
3
1
4
1
1
1
3
7
4
3
1
1
5
2
1
2
2
2
3
4
2
3
1
2
4
5
2
2
3
1
1
3
2
3
1
0
3
0
6
0
3
1
2
4
2
4
6
0
1
120
200
206
223
222
244
254
303
275
260
299
315
351
369
416
461
456
540
550
639
673
727
795
844
915
975
1075
1167
1230
1446
1486
1558
1649
1836
1809
2008
2134
2202
2398
2487
2625
2841
3019
2985
3224
3505
3738
3825
4034
4182
4392
4625
4705
4908
5122
5391
5440
5687
5998
6179
6450
6413
6715
7187
7141
7612
7758
7701
8244
8723
8930
9158
9231
9854
9967
10367
10579
11007
11309
11711
12101
12424
12941
13377
13642
14056
14877
15165
15721
16195
16834
17456
18311
18866
19813
20720
21662
23141
24322
25384
26663
28297
31126
36504
48505
78257
145134
267814
446887
639846
773976
803919
725812
595240
465216
367927
300159
254787
220501
191718
167064
145476
128531
114636
104963
96798
90823
86269
