0
0
0
0
0
0
0
0
0
0
0
0
0
0
0
0
0
0
0
0
0
0
0
0
0
0
0
0
0
0
0
0
0
0
0
0
0
0
0
0
0
1
0
3
8
6
11
17
17
19
22
15
20
33
24
35
31
29
38
31
30
42
33
35
31
37
45
43
41
41
45
50
58
55
43
47
65
64
74
59
99
105
89
104
130
140
158
146
177
199
261
295
308
347
381
484
547
610
769
904
1128
1215
1055
758
523
259
156
113
127
115
122
116
130
105
139
141
141
143
183
189
206
236
248
260
251
261
281
303
302
301
328
365
355
376
375
367
354
371
361
325
304
335
296
300
238
236
205
192
177
188
215
209
213
218
229
255
254
250
255
289
278
299
312
305
297
287
309
295
268
245
247
214
237
222
209
244
247
228
245
277
271
288
269
304
272
291
262
296
266
293
264
270
227
227
251
209
234
229
231
265
255
242
255
228
287
268
277
256
275
252
241
235
264
260
255
250
241
228
234
258
246
233
229
266
248
232
238
271
247
243
239
255
270
279
259
251
262
238
264
248
244
246
264
258
221
238
239
231
235
241
263
243
268
251
274
268
263
252
283
236
254
241
276
286
236
262
244
250
244
261
262
246
258
256
277
263
257
277
286
254
252
260
276
270
235
258
241
217
257
257
278
229
254
293
253
258
283
284
280
245
273
292
224
270
245
285
300
273
272
266
248
277
264
271
249
233
307
254
254
283
261
286
280
271
287
236
277
262
282
250
250
260
272
262
282
246
297
286
261
261
265
276
266
261
231
264
294
275
260
262
261
247
307
264
246
280
283
283
239
267
284
269
294
256
260
259
268
266
269
224
291
231
280
298
272
262
277
267
247
268
239
292
278
249
273
265
273
309
267
278
268
250
305
264
262
255
284
289
258
239
275
265
257
265
247
244
275
263
289
274
270
280
269
257
269
243
245
262
250
236
265
262
275
272
247
287
253
260
249
281
268
248
247
252
288
275
281
275
282
267
275
267
265
269
255
263
268
268
236
259
290
268
274
306
240
258
286
273
273
269
274
270
276
268
269
273
262
250
236
262
286
274
264
265
257
260
321
268
246
239
258
272
253
270
249
266
267
263
289
264
248
276
264
230
277
275
241
269
271
288
290
280
251
274
276
252
269
259
267
300
262
290
276
258
276
288
263
296
252
231
258
270
241
244
251
250
275
237
262
251
271
255
285
271
245
278
261
253
244
258
274
281
248
249
241
258
280
263
261
287
266
257
273
274
279
273
270
257
281
272
279
287
262
241
270
283
275
279
279
275
281
268
268
261
259
255
275
281
263
277
269
282
261
241
249
272
259
281
259
278
246
264
249
255
244
233
268
234
238
276
270
261
279
235
260
259
273
291
241
260
268
264
266
285
253
265
247
293
268
259
262
230
254
244
250
238
274
254
259
262
275
272
255
237
252
286
235
243
245
274
241
238
245
251
234
250
234
251
250
284
273
250
255
266
234
247
264
238
251
236
236
243
253
243
251
237
230
254
257
246
258
243
232
269
255
235
243
235
247
243
235
234
243
247
259
229
273
267
288
257
231
244
252
242
251
238
269
243
264
266
247
231
231
263
243
254
239
245
237
212
261
205
236
230
221
218
249
252
261
250
241
272
223
239
253
229
262
243
214
237
242
250
249
243
279
232
255
261
221
220
215
232
244
247
256
234
226
222
220
256
219
229
253
245
262
212
256
238
229
233
243
239
237
249
246
225
232
244
216
224
236
211
235
224
265
241
223
227
230
224
222
244
238
234
218
246
242
239
231
215
228
225
229
245
217
259
250
234
198
239
254
246
223
214
234
253
242
235
241
240
269
207
229
230
215
243
213
234
246
225
221
248
251
238
250
222
228
240
230
213
263
221
230
237
210
230
203
208
213
232
229
240
228
236
218
223
236
218
255
221
235
231
222
211
263
205
224
256
230
215
237
240
231
216
255
227
242
226
253
204
237
231
246
208
240
222
250
221
231
207
214
221
232
242
228
223
221
231
229
219
237
210
221
190
227
234
234
237
237
251
249
207
224
238
221
198
223
232
255
241
228
218
229
244
210
210
243
208
236
220
225
243
234
258
254
244
232
243
234
237
211
235
219
227
232
236
225
239
221
215
225
222
222
213
206
238
229
234
233
237
237
246
244
236
233
252
229
208
239
242
243
221
240
239
243
248
227
253
255
268
254
251
244
241
250
210
243
265
243
278
272
252
291
269
252
309
276
269
258
281
312
280
288
308
291
301
306
283
317
308
285
311
292
319
318
316
318
305
277
326
288
321
312
270
313
295
306
300
311
285
304
317
302
259
281
288
294
289
308
308
317
286
302
291
259
267
260
259
262
287
293
264
274
238
277
261
240
229
243
228
255
255
242
262
263
246
244
241
243
278
258
237
254
249
237
251
241
272
248
240
240
241
218
228
212
227
225
215
228
238
226
188
235
237
246
213
216
233
228
216
222
210
215
210
247
226
229
228
219
230
201
214
226
207
218
182
240
199
201
230
217
240
211
220
206
250
227
241
224
216
215
213
216
222
202
221
196
199
224
232
224
244
236
274
274
267
249
251
214
191
237
236
217
223
213
234
237
229
198
228
218
208
228
217
216
201
217
216
207
206
208
227
186
228
247
223
209
220
201
228
210
183
218
215
195
178
189
225
216
204
221
211
201
205
171
202
184
178
192
204
184
206
186
201
218
207
204
205
198
182
204
205
181
208
211
198
183
219
201
214
206
189
175
207
203
172
205
226
197
210
181
188
208
218
190
190
165
167
198
217
178
191
187
211
198
199
198
183
187
211
161
198
183
186
175
197
194
202
209
169
194
182
206
211
186
157
181
189
184
180
205
210
189
198
195
183
182
205
181
171
176
191
176
184
168
205
183
197
197
195
194
201
189
204
169
192
175
185
209
174
210
217
191
179
177
196
205
192
173
194
189
196
185
189
202
173
223
186
202
201
184
169
193
179
179
192
182
208
191
159
196
190
185
193
193
190
182
201
168
165
191
202
189
171
184
214
187
215
175
191
193
182
177
172
172
179
157
202
168
191
182
159
206
173
171
194
196
191
179
167
188
205
201
200
202
171
193
191
183
168
189
187
187
179
193
159
182
186
184
185
171
197
193
198
188
188
169
192
202
162
191
164
192
195
215
176
167
168
191
192
187
182
189
161
186
172
179
181
178
165
189
198
173
187
168
196
178
186
184
165
175
188
182
220
191
191
187
199
176
170
187
172
169
152
200
168
170
163
179
171
188
182
163
178
210
169
162
178
173
176
173
170
172
172
175
198
190
156
188
179
175
159
180
172
160
178
159
179
192
186
176
185
208
165
189
169
156
186
172
217
174
189
169
175
174
175
162
187
187
184
160
155
174
163
204
189
187
188
171
196
211
231
220
193
190
189
203
157
163
180
167
180
174
187
201
163
196
154
195
187
174
167
150
165
190
172
166
187
184
177
194
177
176
184
170
170
195
170
183
165
158
168
184
162
176
192
157
167
171
163
177
189
162
165
164
192
177
178
170
186
156
168
175
161
183
157
177
173
170
181
156
179
164
172
167
168
168
200
164
174
168
171
159
190
152
178
198
200
206
162
173
158
182
177
197
170
172
194
168
162
168
164
131
182
193
166
170
166
172
181
171
186
170
171
176
183
164
154
177
177
183
177
163
144
189
179
189
168
154
157
168
171
180
156
170
172
174
172
178
163
183
207
188
191
203
162
168
173
173
162
160
170
148
180
166
167
160
182
146
164
179
160
171
165
145
143
158
185
160
155
179
160
177
185
161
188
186
161
165
178
186
171
157
176
171
188
170
160
176
161
157
169
158
178
159
172
166
180
177
168
166
150
182
149
177
155
169
167
169
196
208
183
212
202
186
199
186
185
188
175
154
173
180
191
161
169
197
148
174
170
165
180
176
168
156
167
167
154
168
187
141
156
156
173
169
171
157
165
178
165
154
178
138
151
156
152
163
153
175
169
176
177
145
182
160
192
168
145
161
152
166
171
151
179
174
157
162
186
153
160
170
134
153
143
160
162
155
165
163
149
176
160
146
167
159
163
158
172
173
190
155
174
180
153
149
146
169
184
161
169
175
175
157
175
178
148
161
171
151
142
185
175
170
150
167
194
157
152
151
130
166
133
149
165
177
158
144
161
146
154
172
180
158
175
159
154
149
138
162
165
168
160
149
165
172
157
150
166
185
159
174
163
157
162
139
178
167
163
166
155
161
161
148
151
156
132
171
159
146
150
156
165
150
149
153
165
143
157
152
181
143
163
143
155
144
163
157
145
149
174
168
154
143
165
161
171
146
151
174
174
166
171
145
178
155
151
150
142
193
159
173
163
161
133
141
161
166
172
155
164
155
164
165
168
155
175
144
159
155
184
149
135
141
149
155
173
195
161
144
179
171
182
137
158
147
155
154
158
134
161
176
151
154
189
147
143
172
162
147
165
143
163
142
167
142
160
169
156
170
176
144
165
174
156
132
171
136
160
167
148
136
171
156
162
149
154
182
156
159
148
158
138
154
149
160
162
185
184
139
158
188
155
134
155
137
161
165
152
174
141
170
151
155
150
157
171
185
169
144
136
153
163
139
159
158
172
146
170
171
168
147
157
132
171
149
170
158
133
153
147
138
161
148
165
131
154
131
141
171
155
167
170
143
145
164
155
154
151
150
135
150
155
133
183
143
154
157
170
156
159
151
164
174
137
159
168
179
158
143
160
161
153
137
153
164
160
169
145
150
123
144
139
175
151
145
155
149
159
143
144
144
165
138
156
169
148
189
168
149
142
161
153
164
161
140
150
147
147
122
147
163
151
170
133
147
164
132
141
162
151
142
146
163
172
147
141
139
144
167
139
147
155
177
141
147
168
161
145
174
152
157
139
174
157
145
146
158
140
144
154
141
168
155
167
171
158
158
149
152
153
151
138
140
147
174
148
150
141
168
175
139
160
157
147
140
152
154
154
142
150
157
150
162
137
135
130
142
146
138
143
162
183
155
147
139
143
162
142
150
126
169
169
147
183
146
138
150
147
146
151
133
144
159
158
170
142
154
140
158
149
147
139
131
105
132
153
149
141
157
152
168
126
146
133
150
146
155
156
168
148
159
144
128
146
136
138
164
153
132
156
146
154
158
141
134
154
149
128
153
158
166
178
163
153
148
151
132
156
142
146
141
150
150
157
154
155
139
142
138
150
162
151
138
134
158
135
151
142
150
128
143
150
136
138
157
142
155
161
129
140
152
135
151
151
136
148
154
149
155
137
147
141
157
140
153
143
141
165
154
149
148
134
144
146
143
153
135
154
117
147
159
143
164
131
133
142
129
163
125
147
138
151
138
132
163
131
143
154
148
167
155
139
140
153
138
148
139
145
146
109
158
161
158
151
148
151
131
127
178
149
153
148
143
132
174
147
129
157
150
145
138
149
136
157
138
160
149
161
151
117
150
157
134
175
130
142
153
145
140
140
145
165
153
140
164
143
144
126
171
166
145
163
141
143
171
145
158
136
139
138
138
152
153
165
154
155
149
152
164
154
142
167
134
141
127
161
137
137
130
147
148
120
148
138
134
135
147
126
153
172
169
126
152
123
132
162
146
155
147
140
151
122
157
165
160
138
157
129
147
155
162
143
157
139
113
147
135
156
157
142
146
176
120
147
150
130
134
139
143
139
174
125
106
155
132
158
145
135
139
151
135
143
152
145
179
173
168
175
177
170
134
153
150
142
161
158
145
155
133
136
157
140
131
145
137
147
135
144
148
118
157
136
148
123
159
143
147
168
168
155
133
136
136
171
139
132
162
141
160
150
128
154
131
145
129
122
177
172
142
152
138
159
139
144
160
135
163
128
140
141
135
156
162
168
156
149
154
144
141
151
144
142
136
150
135
152
157
151
162
146
144
159
170
122
159
157
128
148
138
136
141
175
159
168
141
143
129
131
148
144
131
133
145
128
150
163
137
147
133
159
144
163
136
144
132
138
147
161
137
145
134
134
142
166
152
150
136
155
155
138
159
135
141
168
119
164
151
147
165
147
152
151
143
153
138
139
135
141
133
125
142
149
123
144
131
160
148
156
130
135
157
151
141
147
155
153
127
149
141
147
139
140
133
132
137
140
136
148
160
161
137
162
134
152
155
140
147
154
141
120
151
113
120
136
150
132
137
154
138
137
153
129
157
140
113
129
131
130
144
126
134
128
155
133
162
142
129
152
146
158
125
148
156
143
143
149
134
165
143
130
147
160
149
150
123
160
147
140
127
157
149
150
145
135
146
156
150
155
142
117
149
155
148
143
127
143
149
144
149
168
151
146
149
153
155
136
149
164
154
150
151
142
161
111
158
146
149
148
145
155
138
134
143
167
147
153
173
154
142
149
137
152
151
143
160
144
152
143
139
150
137
153
151
136
143
150
125
124
124
147
146
148
126
158
145
186
158
156
143
145
120
133
140
162
137
153
151
154
154
127
130
127
134
148
134
149
158
161
148
154
150
177
150
126
156
151
148
126
145
154
153
155
155
149
152
135
150
155
161
117
160
166
171
160
155
164
163
178
152
136
142
136
140
159
153
157
157
138
158
153
143
159
129
149
143
125
143
134
184
139
160
130
133
149
130
169
143
141
145
166
153
163
173
153
153
152
164
142
146
138
142
148
175
153
145
154
144
156
147
134
146
163
128
139
162
143
119
129
141
136
153
142
148
137
125
150
134
144
171
133
133
145
148
124
145
141
140
124
147
114
141
145
125
162
131
157
141
146
135
174
143
148
134
145
127
151
140
147
136
140
154
154
132
127
151
148
144
144
156
138
167
153
173
145
148
153
137
138
156
154
135
148
155
148
161
146
177
180
171
173
157
155
175
155
155
135
154
131
153
131
126
130
140
125
135
153
143
138
132
142
159
163
126
159
143
158
127
128
140
144
138
153
146
131
134
164
155
140
153
131
140
128
147
158
144
137
120
146
132
146
131
140
165
143
156
143
152
128
158
131
145
154
148
135
143
147
162
139
144
136
142
124
149
131
169
152
145
146
137
134
153
147
136
147
163
145
122
149
137
144
149
145
143
168
140
134
153
161
139
151
141
109
148
165
150
143
132
163
137
169
151
125
149
133
124
139
137
160
122
158
146
136
143
161
138
149
151
146
146
126
145
123
150
130
139
128
145
162
143
151
137
135
153
149
136
142
136
142
148
142
148
143
147
153
136
152
150
155
174
142
175
170
141
158
148
160
147
143
142
159
152
147
150
148
157
155
135
159
152
160
133
156
142
136
172
150
153
157
153
141
147
145
139
161
141
149
149
157
139
142
152
151
159
159
166
143
152
140
134
159
133
152
140
162
142
142
141
156
143
170
149
150
168
139
155
149
142
155
151
164
140
156
178
135
151
148
129
139
121
155
166
143
132
128
139
145
139
152
135
164
162
152
128
166
144
159
141
140
151
156
144
153
145
170
163
183
167
175
151
139
123
151
151
156
167
150
171
147
156
154
136
126
185
156
142
139
138
138
143
174
141
145
167
159
158
147
147
163
135
144
150
128
149
160
171
161
138
147
136
158
159
153
173
137
140
130
142
157
150
151
159
134
151
172
159
135
140
139
128
164
157
134
160
152
140
137
146
138
154
158
139
138
153
142
150
144
161
187
140
123
148
153
152
153
158
160
171
121
158
142
157
156
169
161
146
134
134
136
144
150
144
145
143
141
146
148
153
149
165
130
145
135
154
137
172
125
160
137
166
153
143
140
175
141
149
166
129
144
175
150
164
147
151
151
137
168
125
143
146
156
151
150
152
167
139
150
171
146
153
165
168
129
147
146
145
161
150
140
143
157
157
144
151
138
141
152
137
154
170
139
160
148
144
144
169
165
152
151
142
196
157
174
151
156
148
154
141
163
179
145
172
144
160
153
166
153
154
152
155
162
173
155
146
172
154
144
155
180
146
165
185
157
173
152
151
154
125
136
138
159
151
181
134
141
149
130
140
159
161
161
145
155
144
144
156
162
156
145
165
147
142
146
157
145
166
140
141
164
168
172
151
156
162
171
151
166
153
162
159
128
150
183
147
148
143
150
169
134
149
143
163
154
142
155
151
138
147
145
162
173
141
168
174
152
164
140
163
166
152
146
179
168
171
141
134
160
163
167
147
149
126
144
160
153
136
155
140
132
181
165
141
159
140
147
168
158
153
140
146
159
149
157
146
158
159
172
162
156
146
185
179
143
182
173
173
153
164
144
149
139
160
165
160
187
149
149
170
157
132
142
147
144
166
167
158
139
169
161
172
154
130
161
164
151
164
159
152
149
152
144
152
131
160
157
143
169
149
160
157
178
157
185
174
206
155
162
148
171
164
173
136
135
145
149
146
170
162
146
151
150
161
175
164
154
162
174
156
142
177
155
156
171
143
157
176
149
175
177
150
182
168
136
156
134
160
149
160
174
132
162
155
185
150
155
160
168
176
153
187
172
154
139
160
170
157
154
156
161
165
144
177
147
165
164
154
154
161
166
166
162
172
164
153
149
156
167
157
184
165
175
155
162
149
169
181
171
152
163
169
143
140
166
119
185
149
183
164
143
159
187
158
167
149
173
172
178
147
174
179
165
180
173
175
148
177
149
167
166
162
197
155
169
178
179
156
155
149
179
162
187
176
158
159
150
160
154
165
145
144
173
164
171
166
155
166
150
177
178
179
170
150
159
191
157
164
173
159
160
145
177
188
154
163
161
151
158
185
151
150
163
171
165
155
167
179
172
176
173
168
169
154
163
173
165
172
173
169
168
169
159
148
174
163
187
164
163
173
167
181
175
175
154
189
162
175
185
146
182
197
167
171
157
175
166
151
165
153
184
155
174
169
186
141
177
170
175
164
172
172
187
176
169
163
155
162
184
163
161
156
178
176
158
164
170
168
183
171
166
152
174
168
168
175
160
157
151
174
160
172
179
173
168
188
163
173
185
155
185
173
174
141
187
163
142
159
174
163
177
176
168
179
156
148
179
165
177
190
163
168
143
174
189
170
173
159
171
188
157
185
186
163
178
182
186
198
155
174
169
181
153
164
188
172
178
177
162
155
189
168
179
163
179
183
189
174
179
168
150
172
160
186
168
177
183
177
169
153
164
170
178
165
180
175
156
171
156
174
183
195
188
187
187
199
178
191
171
170
163
183
176
170
213
184
181
161
167
165
166
174
164
167
165
163
183
192
160
197
195
168
142
144
187
180
201
177
188
194
189
185
155
193
177
182
170
175
164
185
164
166
197
188
172
177
186
171
179
186
163
166
194
167
186
172
180
180
199
190
184
208
199
222
208
219
221
206
199
187
212
177
193
216
213
187
179
190
206
200
184
190
181
192
192
202
216
194
192
186
161
187
216
182
177
176
175
168
184
189
179
167
184
227
176
199
197
189
181
179
168
177
196
194
196
182
175
173
178
154
192
188
173
192
180
192
187
193
197
165
208
194
178
195
184
195
171
202
179
202
203
197
186
190
184
201
202
192
205
175
168
214
183
190
186
202
182
207
195
170
195
183
172
180
176
184
184
214
161
170
184
183
179
162
180
200
195
186
165
196
193
207
174
188
188
184
187
179
222
210
179
195
201
186
191
162
204
196
188
195
198
187
200
184
191
205
205
197
212
184
209
198
198
184
190
196
175
209
215
200
183
200
170
188
179
211
191
197
201
197
198
191
216
213
189
205
171
193
184
198
188
225
213
205
223
216
208
206
197
191
208
192
203
198
191
184
185
196
207
183
194
202
180
193
188
210
207
191
202
200
220
218
187
223
187
211
200
222
195
189
238
180
192
217
199
200
184
222
200
202
168
211
190
193
207
203
209
198
165
207
208
209
204
193
217
214
200
219
195
212
216
217
216
190
187
221
174
195
214
201
212
212
207
184
214
213
221
209
195
203
215
213
201
225
210
214
210
223
220
210
220
204
201
205
211
238
209
213
218
208
193
201
176
182
202
218
217
208
214
195
209
216
194
181
201
213
226
188
222
211
205
224
234
201
198
214
215
209
199
205
229
213
216
217
229
224
236
209
212
221
218
202
195
182
214
210
230
212
196
199
211
226
216
216
236
222
228
215
189
232
212
220
218
231
221
254
235
221
203
202
216
204
245
223
223
225
209
213
244
208
197
219
216
201
228
215
193
244
221
237
226
242
190
221
225
232
245
238
196
223
214
216
229
236
184
232
217
199
225
218
222
225
226
187
234
251
225
217
215
233
218
221
245
245
227
230
199
237
218
211
222
203
209
251
245
223
219
215
224
234
236
218
214
221
237
227
234
242
252
234
189
211
204
203
231
248
232
205
214
222
229
238
225
204
253
250
242
239
238
230
222
246
255
228
249
249
245
218
209
253
218
233
252
223
229
219
242
223
210
219
241
206
225
230
250
231
237
226
209
252
224
234
235
253
209
252
234
261
242
228
245
239
229
221
219
226
249
239
243
247
234
236
239
236
239
248
220
224
218
254
252
250
219
212
261
225
230
245
238
220
258
231
241
248
234
257
238
239
249
217
258
235
266
232
254
247
223
234
246
243
237
227
263
239
238
266
232
239
252
249
263
220
235
257
254
240
274
224
249
242
265
240
271
239
266
266
235
250
227
222
239
250
244
255
210
218
241
239
243
252
254
271
269
247
228
256
248
249
262
242
254
223
223
266
246
259
254
248
245
246
252
252
225
275
253
255
231
232
270
226
266
259
253
239
264
260
246
253
260
250
233
275
248
254
263
265
266
249
247
271
243
230
255
259
268
235
278
235
250
231
233
237
231
234
258
273
250
233
248
264
241
251
274
235
277
252
256
258
278
252
238
253
240
289
254
243
250
259
272
252
227
247
227
229
248
261
265
265
281
234
258
262
236
239
248
227
256
265
250
275
254
235
261
251
255
241
259
239
274
248
258
233
235
224
226
216
249
238
230
256
259
229
238
231
237
231
262
200
220
243
211
214
228
229
206
239
237
240
216
224
215
226
228
248
213
189
210
231
218
207
218
184
216
214
210
193
229
222
240
193
203
230
216
211
198
190
206
229
195
173
202
204
195
197
177
204
231
198
208
175
202
179
212
193
181
203
223
202
184
183
203
202
186
204
175
187
196
203
222
183
205
171
190
213
172
190
179
198
188
181
199
204
176
181
174
193
200
187
177
160
202
213
170
186
196
183
203
194
188
194
180
190
212
162
196
192
186
202
182
193
184
160
192
185
178
187
173
194
177
200
187
191
187
198
174
195
192
198
194
170
186
187
187
200
198
193
188
170
171
199
195
164
193
204
209
177
170
187
185
182
181
200
201
200
176
191
193
187
180
189
201
183
173
151
191
185
178
197
194
180
210
191
188
192
167
186
192
166
181
184
196
184
175
176
202
165
166
175
185
181
176
186
175
184
166
186
179
178
160
192
186
147
175
165
195
146
175
178
194
176
177
162
188
179
197
190
186
178
180
173
168
180
178
193
183
180
196
181
172
189
182
162
173
170
168
184
179
183
180
179
184
185
183
190
180
182
186
182
172
172
174
179
150
194
178
197
181
154
181
176
192
181
176
205
171
168
183
167
171
173
168
183
199
173
192
180
174
191
183
165
175
190
172
178
182
176
153
196
186
171
168
167
189
166
176
164
179
177
157
164
182
189
175
178
160
165
165
203
176
181
174
175
196
148
168
188
195
179
165
177
155
175
155
173
196
200
187
172
187
189
160
156
156
177
171
168
160
180
150
134
188
179
169
150
175
176
172
173
168
192
203
175
193
154
149
179
183
166
176
201
168
188
177
167
165
174
173
169
189
153
175
200
158
187
172
180
192
178
170
160
179
174
171
175
187
162
180
162
182
172
179
176
159
176
158
168
152
158
176
164
178
154
190
141
187
172
169
162
175
162
155
171
156
158
170
162
183
184
183
181
146
169
144
162
171
156
171
179
194
179
183
176
194
172
178
165
144
155
137
164
168
170
154
162
194
163
145
152
155
168
171
161
136
197
170
147
181
165
152
149
175
169
136
174
161
165
164
169
160
168
177
195
171
159
166
158
167
155
165
180
175
166
172
138
150
170
183
158
177
183
164
154
170
138
160
157
152
161
165
175
156
152
163
155
149
177
157
179
172
169
142
159
168
175
144
177
174
149
164
174
164
172
163
176
175
176
169
147
161
154
173
149
178
159
152
178
169
155
152
186
142
165
163
162
145
169
166
181
141
141
169
176
150
146
160
170
157
142
161
182
162
168
175
159
173
162
165
189
154
155
162
178
161
177
161
169
158
174
165
153
142
194
169
157
159
164
158
149
175
151
157
181
177
153
161
182
175
147
175
154
188
159
176
162
133
177
170
185
148
178
155
185
146
173
175
143
177
170
190
165
165
177
169
152
175
149
133
132
176
150
155
140
173
168
167
148
150
168
165
172
166
176
174
160
179
164
161
180
149
181
178
174
179
154
152
171
145
160
159
175
169
158
158
163
166
163
158
174
180
170
158
169
170
157
153
178
144
199
173
156
145
175
172
147
166
163
162
171
170
158
190
158
180
148
156
167
160
173
174
176
180
162
161
153
177
165
176
169
175
156
173
177
182
174
174
205
190
145
173
181
157
152
174
121
167
189
173
157
159
166
197
159
183
167
157
179
168
168
134
159
178
184
165
140
187
171
163
158
154
173
172
159
157
159
165
173
163
182
156
163
168
155
149
172
144
170
170
155
151
159
161
146
151
164
156
148
158
160
153
144
148
148
135
162
144
154
144
130
132
118
146
136
137
149
154
109
119
103
133
131
140
118
129
123
132
126
104
115
120
120
119
121
120
136
117
122
121
121
121
122
112
122
112
98
119
108
107
100
106
106
107
105
99
124
111
105
123
108
86
119
83
107
107
95
122
103
120
98
95
106
103
113
97
109
102
112
92
104
105
96
98
113
93
81
86
94
95
123
101
103
88
104
105
108
101
87
98
95
111
95
96
92
110
112
90
94
97
95
112
114
98
96
93
94
107
100
110
114
108
99
102
87
96
109
112
97
110
104
85
96
100
109
103
92
94
89
84
95
99
81
85
90
97
115
99
89
89
96
91
91
88
103
97
82
79
79
91
89
92
102
84
99
108
86
87
84
81
87
92
90
80
82
88
91
99
103
112
89
78
99
88
91
87
78
73
82
83
93
89
94
98
79
78
87
84
80
105
77
85
93
76
103
86
82
94
71
101
81
95
78
98
101
79
92
75
81
96
78
92
89
88
88
94
84
90
94
88
85
92
82
77
74
72
87
90
85
85
94
97
80
84
80
76
84
89
88
101
106
101
91
105
110
121
98
124
119
131
123
128
136
127
144
128
143
127
155
166
165
161
153
163
155
162
184
201
285
343
529
753
1189
1695
2438
3532
4600
5729
6926
7858
8470
8387
8041
7394
6057
4816
3804
2734
1949
1367
898
531
359
213
155
113
103
62
65
78
55
73
76
72
70
44
70
56
70
68
67
68
62
67
61
69
58
62
58
66
64
65
52
66
61
65
55
58
51
49
53
57
61
64
57
54
69
69
66
57
52
55
59
55
49
53
48
52
54
53
54
54
60
43
63
54
48
62
45
48
49
58
52
67
51
72
57
36
51
58
60
50
44
50
45
50
55
42
49
47
51
56
49
47
41
54
44
44
55
51
42
48
50
46
46
53
50
52
49
51
56
51
56
47
40
60
66
50
57
56
45
41
54
51
45
53
54
52
49
55
51
36
44
45
38
30
42
34
30
42
63
36
48
39
36
42
28
39
31
38
57
43
32
36
36
37
41
41
46
37
34
47
36
35
34
34
36
38
48
31
37
37
34
50
34
32
45
39
36
31
40
36
36
40
56
34
43
40
28
34
31
20
30
29
27
29
32
41
26
38
33
36
39
36
22
28
35
39
33
34
33
28
30
36
46
46
28
39
27
32
25
31
27
31
37
40
36
26
20
32
35
29
35
28
29
36
33
30
43
30
30
33
20
25
27
19
31
28
21
29
31
30
22
23
27
26
27
19
24
29
25
27
37
30
29
22
21
30
28
34
28
27
20
28
26
31
21
14
17
23
25
39
25
28
23
22
36
23
25
33
29
31
15
28
33
29
33
26
20
23
27
22
28
27
26
26
26
24
26
30
28
22
21
26
33
20
22
18
20
27
21
23
26
30
25
23
15
24
29
27
30
33
23
19
22
24
27
19
21
15
28
25
16
19
22
22
16
31
20
19
16
23
28
13
19
17
19
16
22
26
28
27
18
22
20
12
22
22
20
22
18
22
23
18
13
14
26
13
22
29
18
9
16
20
11
15
22
19
24
17
11
12
24
21
15
16
16
11
15
16
22
13
26
23
24
24
21
19
15
15
17
13
18
21
20
12
13
23
19
16
16
24
14
13
12
15
19
16
16
20
17
19
13
20
12
15
18
14
13
22
23
12
19
19
17
21
11
19
12
23
15
20
17
16
12
17
26
22
16
20
18
10
20
11
18
24
16
20
22
12
16
14
14
15
14
16
19
23
15
21
19
20
21
21
15
15
14
18
11
24
22
10
9
15
16
15
16
20
20
16
14
16
15
16
22
16
21
29
12
16
18
18
22
14
16
22
16
11
18
15
12
19
15
16
15
15
14
19
23
12
15
11
17
13
21
16
15
9
21
22
14
14
11
20
17
18
26
16
13
21
16
12
13
19
24
12
21
15
19
13
22
18
19
9
21
18
11
9
20
13
9
13
8
9
10
14
16
23
18
18
19
11
20
22
21
15
20
10
15
17
11
20
22
26
15
12
8
19
18
16
16
12
13
15
12
13
17
18
12
10
21
13
17
20
15
16
15
13
15
15
14
15
8
13
13
9
12
17
23
22
18
17
14
14
14
15
23
17
18
14
20
15
18
13
11
15
14
17
13
12
21
16
20
24
12
9
11
14
17
14
14
11
10
17
18
10
16
12
13
16
14
10
22
18
11
13
9
12
14
18
13
10
14
15
18
17
15
15
14
22
14
13
14
15
14
19
13
19
16
22
12
14
15
18
11
16
10
7
16
16
22
12
19
16
17
10
8
13
17
11
21
19
17
13
22
16
17
18
22
11
18
15
15
19
19
17
15
13
16
11
12
12
14
18
15
19
25
13
25
17
19
13
23
20
12
19
23
23
22
23
27
26
34
35
30
42
39
59
44
55
40
39
56
55
60
64
54
61
75
63
62
78
76
79
83
108
89
144
159
232
296
463
672
1155
1609
2275
3224
4240
5124
6099
6712
7123
7128
6748
6203
5309
4502
3391
2537
1774
1244
827
513
316
195
111
71
36
25
20
13
2
10
8
9
7
9
2
8
4
4
12
6
7
7
8
0
4
4
2
3
3
3
3
4
3
6
4
6
1
3
2
3
4
7
4
1
4
4
1
2
5
5
7
5
6
1
4
5
5
3
4
0
2
2
1
4
4
8
3
4
3
2
3
4
5
4
5
1
3
3
2
0
0
5
1
2
1
4
0
5
1
0
4
3
5
5
3
4
3
5
3
1
0
8
6
1
1
4
2
2
3
2
5
3
3
3
3
5
4
2
6
2
1
2
5
5
3
0
1
3
3
2
3
5
4
2
3
2
2
2
2
3
2
5
4
3
2
4
6
2
1
1
2
3
2
5
2
1
0
3
3
2
4
6
1
1
3
0
2
1
2
2
4
3
2
5
2
5
3
2
4
7
1
3
4
4
3
2
5
2
1
6
1
3
0
1
4
3
4
3
1
5
0
0
4
6
0
5
3
7
3
2
3
3
4
3
1
3
3
2
3
3
3
4
3
2
3
3
6
2
7
2
2
3
3
7
1
3
2
2
6
5
2
1
3
1
5
2
5
1
2
2
3
1
2
3
0
3
4
3
2
1
6
3
3
2
3
3
4
5
1
3
1
2
1
2
0
3
2
1
0
2
1
4
1
5
3
2
1
1
5
1
3
1
4
5
1
3
1
1
5
7
2
2
2
3
2
3
4
3
4
4
0
0
4
4
3
3
1
1
1
1
3
2
4
2
3
2
1
2
3
0
6
2
1
7
2
2
4
5
3
1
1
1
2
4
2
1
1
3
1
0
2
2
8
3
1
6
2
4
3
2
2
2
3
2
2
0
2
2
5
3
2
6
2
3
4
2
6
2
3
1
4
4
4
4
0
4
2
2
0
4
2
1
1
3
1
2
3
1
4
3
4
3
2
7
3
0
3
0
2
2
2
2
4
3
4
1
3
2
3
4
3
2
4
8
1
2
1
3
0
2
2
1
3
1
1
4
6
1
4
1
2
3
2
1
2
0
1
2
2
0
6
2
4
4
3
3
1
10
4
1
2
0
0
1
2
1
3
1
3
3
2
3
2
4
2
3
3
5
3
1
2
1
2
3
2
3
2
0
4
3
2
3
6
2
1
5
1
1
1
3
2
1
1
1
2
2
4
3
1
5
6
4
3
3
2
3
3
4
0
1
5
2
6
1
9
2
1
3
4
2
1
3
3
3
4
1
3
1
2
0
7
3
2
0
1
2
6
1
1
2
2
4
1
6
0
2
6
2
4
3
1
2
4
1
1
3
2
1
2
0
6
4
2
2
1
1
1
3
0
1
4
4
2
0
1
1
1
4
1
0
1
2
2
3
4
1
7
0
2
2
6
3
3
3
4
1
6
0
3
3
2
1
4
2
1
0
2
0
3
5
6
2
6
3
6
4
7
5
2
6
6
14
9
8
26
29
28
47
60
52
52
67
72
57
49
43
42
27
14
16
3
7
3
5
1
10
2
5
0
1
1
2
3
2
2
0
2
4
3
3
3
0
3
3
3
4
0
2
1
2
2
2
0
2
2
1
2
0
0
2
1
2
1
2
2
0
1
6
4
2
2
1
3
1
4
2
3
1
2
2
3
5
2
2
1
3
3
3
0
1
3
4
0
2
2
4
1
1
1
2
3
1
3
0
2
2
4
1
1
0
3
0
2
1
0
2
2
1
0
3
0
0
1
1
1
0
2
4
5
1
2
0
1
3
1
3
1
3
2
3
3
2
0
2
2
2
0
1
1
2
3
0
0
4
1
0
4
1
0
2
1
1
6
2
2
1
6
2
0
1
2
1
1
3
2
1
1
0
3
3
0
1
2
5
0
4
1
2
2
2
0
2
4
2
2
1
4
0
4
3
1
0
1
4
2
0
0
4
0
2
0
2
4
2
3
1
4
2
1
2
0
4
6
2
1
3
0
0
3
4
3
1
2
1
2
2
3
3
2
1
3
2
3
1
3
3
0
0
1
3
3
2
1
0
0
6
2
1
3
1
0
3
1
4
7
1
3
0
1
3
3
3
2
4
0
4
3
2
0
2
4
2
5
1
1
0
3
0
1
0
0
1
3
4
1
1
0
2
2
3
1
4
3
2
1
1
0
1
1
2
0
1
1
1
1
4
3
1
3
4
1
3
3
1
2
2
2
0
2
3
2
1
1
2
2
1
1
5
4
2
1
0
0
1
1
2
0
2
0
3
2
5
1
2
2
0
2
3
1
4
3
3
3
1
1
3
1
1
5
2
1
1
5
1
2
3
3
2
4
1
1
1
2
1
3
1
2
1
2
2
1
0
1
1
1
1
2
1
2
0
1
0
0
2
1
1
1
1
4
2
3
2
1
2
0
1
0
1
2
0
2
2
1
4
0
1
1
2
4
4
1
1
0
3
2
2
3
2
3
4
2
1
1
2
1
3
0
2
5
3
3
4
2
1
7
1
2
5
5
1
4
6
2
0
0
3
3
1
2
0
3
3
2
0
2
2
3
3
1
1
4
2
1
1
3
3
1
0
2
1
1
2
0
3
2
3
4
2
2
3
2
1
4
0
1
3
2
3
3
0
2
1
1
0
3
4
6
3
2
2
4
0
0
1
1
3
1
4
1
3
4
1
0
1
4
0
1
2
1
2
0
3
0
1
2
2
2
4
0
4
2
2
1
3
1
0
0
3
1
1
1
1
5
2
2
2
3
0
2
3
4
3
1
1
1
2
2
1
2
1
0
1
1
3
0
2
5
1
0
1
3
1
4
1
0
4
3
1
2
3
3
2
2
2
0
1
0
4
0
0
5
3
1
2
1
1
1
2
1
2
2
2
2
2
0
2
2
3
1
1
1
0
3
0
1
2
1
1
3
2
1
0
1
3
3
1
1
3
3
4
3
2
1
3
2
1
2
5
1
4
2
2
1
2
2
1
2
1
2
2
5
3
5
5
0
3
2
5
1
2
3
6
1
5
2
3
1
2
1
1
2
1
0
5
0
2
1
4
0
0
2
1
0
2
2
1
0
37
47
25
37
33
44
51
43
47
46
28
26
31
51
38
47
37
38
43
44
38
35
46
36
36
37
29
55
26
38
38
45
43
36
45
44
41
45
53
37
38
34
45
39
40
32
39
31
43
44
37
35
39
46
35
34
36
32
34
40
25
39
23
36
33
31
34
41
38
30
41
40
38
37
40
31
40
29
34
35
40
37
35
33
39
26
42
45
44
34
39
19
24
23
40
39
33
26
34
30
42
35
40
34
24
25
31
29
28
42
43
40
36
29
35
32
27
39
32
38
39
44
29
24
38
39
39
19
