0
0
0
0
0
0
0
0
0
0
0
0
0
0
0
0
0
0
0
0
0
0
0
0
0
0
0
0
0
0
0
0
0
0
0
0
0
0
0
0
0
0
0
0
1
1
1
2
2
3
5
0
1
3
7
4
4
2
5
4
3
3
5
5
10
3
6
12
15
14
13
13
12
19
20
30
27
25
33
38
37
38
51
72
53
53
85
78
91
99
114
122
160
176
183
195
251
253
285
300
310
387
452
507
600
676
734
813
752
676
625
486
337
163
102
79
117
106
113
137
145
167
164
186
167
211
192
228
240
240
287
261
302
287
291
297
280
260
278
228
188
168
161
153
147
140
152
146
171
175
176
243
214
249
254
225
248
253
243
245
214
228
188
177
183
154
181
175
186
203
192
210
202
226
226
220
219
191
194
213
180
185
169
156
180
177
181
232
228
241
206
221
204
211
194
173
176
177
210
191
199
222
203
212
216
209
206
234
220
207
174
183
179
183
176
184
189
223
218
234
242
205
208
191
184
200
189
180
202
213
187
231
203
222
220
237
218
215
202
213
207
205
214
193
210
188
199
201
224
207
210
234
243
229
199
205
217
204
231
201
196
211
244
212
197
237
214
228
208
248
236
226
217
230
206
237
212
209
261
213
228
211
234
222
228
218
203
225
238
228
218
215
226
240
260
231
221
214
257
238
201
232
232
235
212
212
219
234
221
212
225
246
217
213
227
240
239
249
236
212
246
234
212
243
249
227
244
234
237
233
251
225
264
224
240
230
220
217
253
257
237
247
238
255
229
263
263
265
242
231
223
241
275
265
221
245
275
286
238
251
264
258
230
247
259
262
252
241
266
263
273
277
271
227
239
258
239
282
258
241
247
261
240
237
290
263
264
232
246
263
261
245
255
278
231
268
262
253
243
269
261
273
242
267
273
215
255
269
255
257
258
262
261
290
249
252
294
255
254
264
252
258
259
255
244
273
241
267
285
268
268
277
266
276
307
266
239
273
302
252
241
229
244
275
253
260
272
273
232
262
286
251
275
252
293
258
261
278
271
247
253
249
263
242
279
271
256
261
276
287
270
263
248
238
263
278
279
237
238
245
276
246
281
256
255
244
260
267
274
256
269
259
238
255
261
266
291
256
273
254
276
253
258
255
254
258
276
280
270
234
264
259
279
292
278
250
281
239
276
264
291
265
283
249
269
250
291
274
268
256
280
266
260
254
248
279
262
257
269
241
282
265
282
271
310
278
244
268
237
278
273
275
278
283
296
256
274
262
276
272
276
278
287
290
274
284
278
272
295
248
250
283
276
268
279
264
288
277
281
315
280
252
291
268
269
258
256
280
260
238
278
258
274
266
270
258
252
245
295
284
279
247
270
257
255
281
227
286
269
300
245
235
272
300
247
241
280
260
263
264
248
263
268
245
283
272
285
267
228
264
252
252
258
219
294
279
235
261
247
263
272
241
259
240
252
260
254
238
255
285
237
259
243
248
239
251
243
252
235
252
256
257
256
213
226
229
262
241
220
251
260
235
245
242
225
231
256
252
267
263
238
252
239
242
250
235
237
255
234
220
238
256
230
234
235
234
256
230
247
253
248
251
229
233
241
215
277
219
232
230
258
230
235
239
256
251
226
237
198
250
274
258
211
238
223
251
246
237
250
243
242
231
256
228
217
259
202
229
208
222
213
221
210
222
233
210
223
236
247
237
231
270
221
209
238
244
224
226
218
220
203
240
220
247
220
242
220
220
188
220
220
240
222
218
234
220
213
228
191
230
241
219
226
199
228
231
222
235
231
229
254
240
257
244
233
208
230
222
223
238
237
224
222
211
225
222
231
218
233
226
233
224
234
209
226
238
229
228
213
204
229
221
219
212
249
210
221
214
187
231
224
202
234
215
201
236
231
231
225
225
202
206
211
206
205
203
222
230
185
208
218
221
219
229
200
198
224
201
215
213
215
197
248
208
217
233
210
245
207
246
236
221
211
197
226
211
227
226
205
183
193
202
204
203
200
213
197
228
225
180
207
212
201
216
216
221
192
209
203
195
209
197
183
206
188
230
210
216
223
191
202
221
190
188
178
202
206
247
217
195
205
220
216
199
213
197
204
216
215
199
208
191
207
221
215
216
230
188
210
203
194
200
196
189
210
204
222
204
195
198
221
204
214
209
201
185
197
219
199
204
191
186
216
203
207
159
184
218
251
218
206
194
223
211
216
210
220
201
211
231
207
214
190
235
216
203
212
249
231
222
233
223
240
257
239
227
209
222
214
218
256
218
240
241
245
227
231
221
228
227
250
267
226
240
239
220
221
248
226
231
239
212
238
218
233
244
207
231
225
228
199
244
220
238
205
217
206
222
201
221
214
210
217
232
227
213
209
193
191
189
207
230
240
206
192
211
198
201
229
220
196
207
207
168
162
211
197
204
221
189
201
208
185
198
187
194
194
182
199
187
193
214
181
187
212
200
187
210
177
182
208
205
196
179
183
192
170
198
174
177
173
212
198
164
189
187
198
183
193
193
187
195
174
189
192
199
180
167
184
184
165
191
185
204
175
201
185
190
204
208
213
213
193
198
181
197
176
193
182
179
212
159
186
184
186
190
154
173
171
176
202
177
180
169
184
197
181
163
181
165
173
144
159
165
163
186
163
132
167
175
157
167
158
152
178
170
175
148
173
161
170
167
181
173
157
172
151
172
130
163
164
182
184
164
168
180
181
183
177
158
162
172
178
189
179
173
147
159
154
172
154
176
155
166
156
162
148
152
174
166
145
143
152
160
191
154
146
161
172
145
171
166
147
158
193
167
175
182
141
173
170
160
148
150
158
148
164
135
177
178
162
163
158
158
163
144
166
155
139
133
185
171
136
150
167
150
144
161
154
165
138
164
153
161
133
159
126
146
154
154
168
148
143
156
174
168
142
153
146
155
139
150
168
156
152
148
164
174
161
156
143
148
157
159
151
143
174
143
148
168
175
122
165
158
139
148
145
145
133
134
136
169
155
152
139
133
157
136
148
155
149
151
159
156
132
157
150
146
155
145
155
158
148
153
144
154
136
141
154
130
137
140
128
141
154
141
145
157
129
128
141
149
135
152
139
149
139
156
161
147
143
136
149
141
147
144
143
150
149
160
142
141
135
143
150
138
146
165
145
138
150
136
158
152
145
143
130
138
142
150
165
160
134
145
135
155
136
124
151
135
133
127
136
151
139
143
173
130
154
149
136
154
150
128
142
152
148
137
166
152
154
131
141
135
134
159
140
144
125
139
144
159
123
125
162
134
132
147
142
130
121
149
127
137
161
152
134
135
150
132
141
144
146
127
121
124
126
144
137
138
140
126
130
155
136
129
118
148
147
149
144
139
129
123
139
134
108
160
141
165
131
129
131
122
112
125
145
180
134
140
170
149
131
132
133
149
128
136
142
133
143
137
125
117
135
101
130
138
132
137
115
137
141
117
146
114
133
146
140
137
111
128
130
125
125
142
136
124
147
133
135
116
127
132
104
139
137
141
114
146
137
126
130
126
124
134
127
129
119
127
138
122
124
119
127
132
143
117
124
136
128
130
113
124
120
99
144
160
133
118
158
131
125
122
152
115
122
111
120
131
134
116
125
130
130
124
116
114
101
128
106
132
129
131
125
142
115
125
114
121
145
112
131
127
139
123
114
128
144
128
146
124
142
132
120
118
108
117
112
126
115
124
133
137
122
118
113
129
131
131
128
122
126
138
122
129
118
119
109
120
121
123
133
132
123
144
118
148
140
106
133
121
109
115
107
115
131
111
115
128
136
102
123
118
117
154
129
123
113
128
128
120
126
127
117
125
134
114
111
115
138
112
143
125
119
115
100
90
139
110
136
136
137
120
141
140
154
125
115
128
119
126
132
104
125
108
119
117
123
106
126
119
106
120
123
119
108
124
108
134
139
110
122
111
111
127
120
113
125
127
99
116
132
99
111
107
108
115
110
114
111
102
117
102
110
112
113
119
124
109
131
147
122
119
119
107
128
109
123
116
110
131
101
114
118
112
121
125
118
127
129
102
106
108
111
118
112
120
108
111
119
124
106
98
105
118
135
114
114
98
110
98
108
149
110
121
107
106
96
112
120
103
125
109
122
102
96
107
131
105
105
128
109
104
123
116
144
99
96
105
114
124
129
100
117
101
105
107
115
118
110
111
106
131
107
94
115
109
128
116
103
115
121
121
117
117
134
121
113
112
100
115
124
112
103
100
112
117
100
108
101
101
112
115
124
113
107
128
94
113
107
120
103
112
135
112
104
107
112
117
109
117
113
117
111
101
114
115
100
119
100
120
107
115
114
118
105
114
88
122
110
107
123
103
112
112
108
116
106
111
114
95
114
102
108
105
114
100
101
99
100
128
98
122
103
110
98
120
97
97
112
128
113
117
101
102
112
113
102
96
115
115
108
95
119
130
97
103
109
102
108
119
102
128
101
105
115
108
126
96
106
113
123
123
106
82
97
103
126
120
100
118
119
113
98
98
107
92
111
106
98
115
104
109
117
92
92
126
115
104
103
103
127
116
85
114
95
97
96
119
99
102
124
115
108
117
123
111
103
126
98
109
103
87
92
95
98
102
94
111
104
107
92
99
102
100
111
93
98
88
109
103
106
100
101
116
104
93
121
106
98
115
107
111
95
111
96
118
90
96
92
93
95
93
113
98
114
97
91
99
113
100
103
97
104
114
112
94
101
96
93
103
112
108
96
97
91
108
111
101
106
104
112
81
95
92
107
105
86
94
112
116
103
84
99
93
102
83
101
97
100
109
98
86
103
104
108
114
99
102
109
103
101
101
98
91
107
91
104
105
103
108
91
96
91
83
86
104
90
115
94
100
92
90
97
101
103
103
109
99
96
101
90
104
91
99
101
102
106
96
93
100
102
104
106
101
102
84
97
97
100
87
81
98
111
101
93
103
97
111
105
106
101
81
96
105
92
108
91
97
98
91
107
84
76
83
92
107
101
87
94
91
88
96
91
100
111
107
89
107
95
80
96
101
89
108
97
119
97
98
91
94
94
93
112
96
114
104
103
93
91
103
79
126
103
110
100
96
106
100
108
113
85
103
92
97
82
96
113
80
102
105
93
83
89
88
114
116
106
95
93
108
97
98
82
95
95
98
112
96
85
89
107
90
99
91
98
90
94
101
97
106
93
84
114
86
100
83
101
94
107
94
100
89
80
99
89
102
84
102
109
105
89
93
78
97
92
86
123
87
84
86
95
104
105
98
93
86
95
82
99
103
107
95
91
103
117
90
118
89
80
99
83
100
105
81
93
105
101
82
103
91
87
92
95
104
106
90
78
87
105
91
93
104
78
117
83
95
94
114
99
74
111
86
102
96
95
88
100
89
81
105
100
82
93
78
100
102
84
108
102
77
94
96
91
108
100
89
90
88
92
98
104
91
109
91
112
82
98
109
110
86
85
105
83
90
97
86
84
109
92
101
108
95
89
83
84
92
102
91
86
99
93
105
94
92
109
85
99
94
79
78
105
106
86
100
86
92
93
109
101
97
102
87
98
105
85
99
113
106
94
86
95
97
100
95
97
93
85
95
104
107
111
82
107
87
102
79
80
89
88
102
96
110
71
83
90
90
99
114
107
93
79
113
87
93
88
83
105
99
105
96
99
87
100
92
95
89
85
95
91
102
87
105
81
94
79
115
105
119
105
99
96
111
125
129
117
139
137
135
114
141
123
107
119
122
99
104
104
97
98
84
100
96
89
103
79
94
82
94
95
97
101
92
107
87
96
80
98
103
88
80
93
111
86
89
106
91
88
116
82
93
101
89
98
79
86
88
96
73
93
101
93
107
102
98
76
108
91
89
100
91
105
92
89
101
90
99
112
87
90
90
99
93
103
117
90
94
93
94
87
83
81
91
88
95
97
103
94
91
73
89
110
86
81
120
93
97
102
85
99
105
75
85
81
106
97
101
97
80
104
105
69
93
87
92
87
83
82
73
77
89
91
103
106
91
71
95
85
110
93
85
91
105
86
86
88
81
84
91
91
86
101
94
89
91
79
101
82
100
82
88
93
89
104
96
82
97
104
95
88
83
104
83
101
94
91
96
94
86
76
110
99
105
66
95
91
95
83
99
95
81
84
102
82
82
71
95
83
87
91
107
81
106
112
85
109
83
104
99
97
97
74
84
92
70
99
90
77
90
106
90
83
91
86
76
91
81
86
111
106
84
90
80
88
102
106
82
77
72
94
93
86
104
72
88
92
95
100
98
93
90
87
89
91
98
104
81
106
92
87
87
79
94
87
93
75
99
95
79
102
100
90
87
85
96
87
103
79
81
73
86
90
103
90
71
84
89
79
105
92
104
84
87
95
66
77
101
97
72
87
93
91
89
88
84
90
86
93
72
104
94
90
83
86
98
78
74
89
100
108
84
78
75
104
93
81
95
71
85
77
91
88
91
78
66
89
93
83
95
84
98
94
88
86
88
90
76
97
93
86
85
93
90
91
81
79
72
89
78
103
87
106
76
81
64
103
94
98
93
98
107
77
97
99
96
93
102
102
120
84
109
101
112
102
92
96
98
74
86
101
90
80
77
94
103
74
91
88
79
96
103
94
84
73
77
69
89
92
68
93
107
85
90
75
85
90
73
82
103
93
89
94
84
105
84
82
89
97
91
72
81
95
80
79
91
95
75
77
70
76
110
94
83
91
92
89
89
85
91
71
72
65
89
116
100
95
91
105
84
81
74
99
93
83
94
75
87
75
93
74
83
89
94
68
87
88
98
93
92
96
87
100
94
80
92
85
77
87
88
80
81
88
73
68
103
80
85
87
85
91
68
96
104
80
92
97
103
84
115
102
102
105
119
97
108
97
98
90
85
84
100
89
92
97
100
100
93
80
73
92
78
80
75
72
75
88
85
94
96
96
72
82
79
75
89
94
86
98
84
91
68
89
75
75
94
75
83
85
79
89
79
80
96
88
77
88
87
68
93
89
83
82
69
79
113
79
87
83
84
86
84
83
80
81
93
90
70
86
88
81
84
83
83
88
79
95
76
83
82
81
91
76
81
89
98
81
75
93
98
78
84
78
95
96
68
93
90
105
72
81
83
84
58
75
80
82
78
81
89
95
89
94
76
87
84
82
87
71
82
78
73
72
73
75
63
72
78
87
95
105
89
91
88
82
86
78
85
80
80
87
89
77
79
81
80
83
76
76
91
81
91
93
83
71
98
80
76
90
90
73
78
98
94
90
74
81
61
88
89
85
73
89
87
87
83
87
77
100
88
91
82
84
88
93
65
87
72
73
97
94
87
86
72
73
91
74
79
88
107
77
91
87
83
93
72
81
108
77
67
93
91
89
74
83
84
77
84
86
76
75
84
97
102
92
77
84
98
93
105
80
73
78
72
93
60
78
69
91
75
87
89
68
75
84
88
87
103
76
82
81
81
102
95
94
73
85
97
88
79
78
82
84
95
89
78
73
87
81
75
90
95
84
79
84
78
61
88
77
84
84
79
75
61
82
84
74
68
71
87
73
94
84
89
84
94
86
92
80
81
76
78
88
77
92
70
93
89
73
91
75
81
89
72
84
90
77
86
89
80
73
94
86
75
86
81
71
92
81
108
72
82
86
92
72
88
90
85
92
82
83
89
77
65
100
75
74
68
88
91
80
85
80
83
80
79
71
91
89
90
73
84
104
84
77
68
70
81
76
83
76
85
90
89
78
82
78
74
87
80
96
101
97
92
94
65
72
95
83
83
100
81
85
78
77
81
83
78
73
74
83
87
73
100
76
99
74
83
85
79
100
70
89
85
100
66
71
96
80
75
88
88
87
74
87
80
78
92
81
77
98
66
89
92
71
82
80
97
72
94
86
78
87
79
87
79
94
99
88
80
81
88
85
105
86
90
81
93
84
89
95
81
89
71
87
72
86
86
73
78
84
82
75
78
81
71
73
88
66
75
87
78
75
89
74
84
86
79
87
78
74
88
72
69
79
76
81
76
84
79
96
85
77
84
70
79
83
72
74
87
88
78
86
87
66
76
67
90
81
92
96
76
74
83
71
77
83
73
92
94
76
93
63
75
101
95
84
85
84
87
89
84
89
76
77
97
95
96
81
103
66
75
95
88
75
100
74
80
90
72
88
78
75
103
88
88
88
87
92
93
87
95
71
65
67
76
84
102
86
75
73
80
94
87
85
95
82
81
89
101
86
91
89
72
91
83
96
82
102
95
74
105
107
74
99
95
76
85
78
95
89
89
96
91
79
86
93
75
85
82
86
81
92
97
85
69
102
75
90
70
82
86
87
88
76
80
90
85
102
83
70
81
93
80
71
86
91
95
78
78
78
89
79
89
82
78
103
83
85
62
79
93
85
81
99
81
64
84
76
85
81
90
79
81
89
80
84
102
74
87
90
83
79
90
74
92
101
100
95
88
71
77
89
79
77
89
86
90
85
68
76
95
93
70
78
93
82
99
70
81
80
72
79
82
78
97
76
84
107
85
91
92
96
102
99
99
80
77
81
78
64
90
60
79
102
80
93
71
90
86
101
82
76
95
91
91
74
93
96
84
85
77
76
71
106
83
84
94
78
119
105
83
91
83
82
97
93
103
82
76
100
86
87
95
104
95
107
58
70
90
75
94
67
84
86
84
80
88
105
87
92
84
84
83
67
97
75
80
71
93
92
73
92
92
77
87
98
94
78
80
87
92
77
98
91
85
79
88
85
97
99
88
85
97
91
94
111
83
102
99
80
91
90
90
85
76
96
72
102
91
75
88
83
63
79
75
80
83
92
97
90
98
80
101
64
80
73
86
87
85
83
86
91
86
100
91
95
82
110
70
88
89
77
91
74
67
91
88
85
75
78
64
91
82
63
85
89
84
82
81
81
81
94
89
88
84
95
93
89
93
94
93
94
79
90
79
79
71
90
99
77
81
82
87
82
99
100
107
80
92
78
82
93
78
88
103
81
98
79
85
89
87
84
109
87
78
87
88
96
77
105
78
93
104
86
78
99
85
85
85
84
84
71
77
80
96
71
96
88
91
89
77
87
84
80
86
99
92
109
93
80
92
96
101
97
90
80
86
93
94
70
68
88
97
105
74
94
99
80
85
96
101
84
77
83
101
81
83
97
95
107
104
76
88
98
92
90
88
91
86
73
92
85
80
83
81
84
86
91
98
94
74
97
87
96
85
91
84
103
76
78
71
86
98
85
77
93
80
94
80
94
87
90
94
91
86
94
100
94
70
88
73
83
74
93
86
80
94
89
98
84
93
91
89
88
80
101
96
108
90
86
82
98
91
88
97
106
97
85
91
106
98
100
115
84
81
98
88
92
83
81
76
96
88
88
102
89
81
66
86
96
99
85
101
99
101
103
109
97
74
85
82
81
106
102
86
69
94
93
76
79
75
120
80
99
82
84
79
92
82
89
78
77
81
103
82
77
98
99
85
85
85
93
79
78
91
88
89
91
86
96
92
85
111
85
83
95
92
90
99
80
96
72
90
97
105
82
110
84
96
83
97
83
86
73
102
101
97
101
80
82
90
100
91
90
86
79
87
100
93
106
92
100
90
95
92
86
97
88
90
98
82
102
95
75
98
89
85
79
85
89
86
87
96
97
88
101
94
93
88
104
93
90
82
93
95
75
105
92
96
103
83
78
83
88
97
85
96
83
79
84
89
92
99
103
98
100
86
101
89
87
106
85
90
92
91
93
79
86
101
103
80
100
85
93
91
77
94
104
89
92
89
108
103
88
104
103
88
99
76
94
94
87
95
99
99
92
88
88
91
92
102
98
88
99
87
87
96
95
114
102
102
94
87
71
78
87
94
97
92
95
101
112
97
103
96
77
90
102
89
97
108
103
89
95
107
86
83
92
93
99
103
103
91
109
87
113
90
94
108
92
87
87
82
99
99
105
82
89
95
99
92
95
101
77
96
102
105
109
107
90
95
87
112
103
97
93
113
92
94
105
105
107
97
93
86
106
93
104
96
88
111
117
88
107
85
108
98
113
97
92
80
85
84
99
111
93
105
118
88
96
109
106
113
116
110
99
90
97
98
100
92
111
107
109
94
89
101
85
101
99
114
105
93
97
96
102
93
98
86
94
113
110
101
102
107
100
102
87
95
106
120
102
80
103
78
93
99
117
99
115
106
116
112
104
104
87
101
103
109
115
105
99
109
98
107
107
93
108
119
101
103
87
105
97
114
97
108
104
88
113
112
103
95
113
98
111
101
110
100
119
110
113
121
89
100
102
109
102
85
82
105
107
106
101
116
104
82
102
103
90
96
108
118
107
108
115
104
101
107
97
106
120
109
110
116
115
98
118
114
113
124
112
131
109
104
119
113
107
103
111
106
109
94
95
102
104
104
103
92
118
94
104
113
116
115
90
102
126
115
116
108
120
112
97
104
99
125
102
107
97
127
115
108
107
104
101
119
101
117
96
106
112
108
100
115
117
100
118
108
99
107
100
93
94
104
93
120
99
106
112
111
96
122
118
97
92
104
117
100
91
119
113
114
103
104
105
99
115
116
123
130
112
99
121
104
110
101
115
126
94
98
113
107
119
112
117
96
110
92
107
102
110
106
112
117
116
111
111
121
109
106
129
112
112
119
102
101
110
96
101
115
113
86
93
108
110
112
109
115
101
124
104
119
87
121
118
113
114
107
121
111
114
122
101
102
121
127
126
121
106
95
105
93
112
107
91
105
110
108
112
116
109
117
112
102
95
117
124
119
110
100
104
106
119
104
117
101
91
104
118
114
111
127
117
117
113
118
138
116
120
103
115
137
119
115
122
109
83
117
104
98
106
106
122
105
109
117
125
121
99
125
116
117
119
112
106
97
109
126
112
126
110
101
102
104
104
111
113
115
108
111
93
114
112
82
92
113
95
96
120
110
113
104
130
98
126
90
120
101
107
103
104
97
97
86
98
120
124
88
98
97
91
97
85
100
114
99
107
108
103
91
103
112
99
89
102
110
95
112
107
95
96
90
88
106
100
101
109
84
81
89
78
91
86
91
86
79
105
98
96
79
86
94
92
77
93
79
96
91
98
100
74
81
74
82
69
92
77
92
85
94
77
91
83
69
86
87
85
74
99
78
81
89
96
100
79
88
81
84
96
94
85
81
77
89
77
77
94
73
93
89
74
76
93
90
95
64
66
88
92
71
87
89
98
83
89
92
70
98
86
89
69
74
73
83
65
106
83
78
91
87
85
97
82
87
77
70
106
82
81
80
80
93
65
87
70
76
98
78
85
74
83
92
89
75
65
79
85
86
85
80
82
94
79
86
90
106
80
81
89
96
75
96
79
83
94
80
86
87
102
63
97
84
66
81
77
111
75
95
86
91
80
86
69
72
82
63
73
77
83
75
73
80
85
68
82
70
73
78
92
88
71
92
84
87
84
83
92
84
90
87
80
90
77
92
79
89
82
79
61
82
81
66
85
79
83
90
74
73
83
88
85
67
99
90
86
93
88
104
88
84
69
79
79
78
95
88
79
77
88
79
87
79
81
76
88
78
84
63
78
75
78
76
79
76
83
87
81
89
83
70
88
73
78
98
78
79
100
82
82
79
95
100
79
51
66
98
88
79
86
83
77
72
69
101
108
91
73
86
77
87
82
77
62
80
75
77
71
88
74
89
80
79
89
72
77
91
75
74
91
62
69
73
77
99
75
86
68
60
87
75
96
87
62
70
81
68
59
88
77
81
80
72
78
78
70
91
80
76
92
87
76
84
79
88
74
82
86
75
79
72
83
79
84
73
85
71
78
75
76
76
80
75
77
69
73
87
81
71
84
77
68
60
95
82
68
69
67
89
80
84
77
73
82
87
59
89
77
66
78
72
72
69
63
84
64
75
71
68
80
77
72
81
98
78
68
71
66
72
73
77
62
67
78
80
87
68
73
69
80
71
67
67
72
80
72
92
74
67
77
73
70
83
82
83
84
87
72
77
72
77
86
96
81
68
76
69
71
80
68
72
87
76
76
82
75
80
69
83
57
54
59
64
90
58
77
67
59
59
63
64
80
82
82
64
82
74
74
71
71
81
92
75
72
75
83
60
81
61
59
73
77
66
87
71
74
68
73
75
69
87
81
70
69
73
64
71
63
57
80
80
83
89
82
80
74
75
77
68
79
80
72
71
79
71
66
72
64
65
76
91
74
74
79
80
63
78
80
77
71
79
91
78
83
67
61
70
87
80
77
72
53
84
73
70
78
78
85
81
77
73
65
69
74
70
70
64
82
61
75
70
66
66
87
67
81
60
68
86
68
64
64
70
75
90
74
68
92
80
70
68
72
88
73
73
78
60
63
82
72
75
80
72
75
60
78
68
78
74
68
87
96
82
70
75
70
89
80
72
72
79
71
76
86
65
80
70
87
77
71
69
85
62
76
88
81
94
77
69
77
68
66
74
75
69
59
61
64
71
74
81
74
85
74
69
78
74
78
79
82
89
76
64
87
76
64
69
75
81
82
66
80
84
69
72
51
69
90
88
77
77
92
82
75
73
88
77
65
55
60
77
72
77
71
93
74
76
80
76
75
93
81
68
68
53
67
68
78
76
97
71
92
67
85
75
71
78
73
75
80
80
66
60
78
81
72
73
73
75
62
87
66
71
70
76
83
82
85
58
66
72
71
71
65
76
78
65
51
77
68
74
76
73
76
74
60
72
91
63
69
82
51
74
57
70
59
67
77
75
55
74
57
52
72
69
67
60
73
72
76
67
58
74
65
52
66
61
67
49
56
62
67
42
58
45
66
68
68
51
54
42
42
63
46
53
61
64
48
43
68
47
51
45
38
45
64
53
57
43
52
47
58
45
49
38
59
53
59
48
56
46
40
47
56
51
43
41
47
42
47
46
44
43
61
45
44
56
59
46
44
54
71
52
45
37
37
62
66
44
48
46
53
34
44
40
38
46
33
55
48
42
47
42
47
58
49
38
52
48
45
41
40
47
56
47
56
39
44
45
40
49
49
54
42
57
47
39
44
40
36
40
52
47
50
42
49
42
42
43
44
57
51
47
45
37
41
46
43
40
42
38
42
45
48
47
43
33
33
39
39
52
52
42
32
39
51
48
33
49
47
40
51
43
44
40
48
53
41
44
48
51
52
37
49
35
47
43
52
32
38
39
40
44
54
48
43
53
40
61
39
52
49
43
43
52
46
52
49
57
36
44
48
43
54
46
37
40
37
43
55
36
47
52
51
43
47
41
52
43
61
67
51
61
40
56
48
43
54
48
52
67
46
44
45
52
47
43
53
53
61
66
51
50
59
63
66
43
62
57
65
60
72
62
64
69
68
68
62
76
69
107
90
118
175
253
423
630
938
1395
2024
2484
2924
3182
3588
3379
3128
2642
2204
1626
1224
925
610
402
343
219
161
133
110
72
69
57
55
35
44
37
27
32
26
35
33
23
30
30
26
33
29
28
25
33
38
32
32
28
40
32
29
31
22
16
26
24
25
33
23
33
22
37
26
26
29
23
31
19
31
37
22
23
28
24
26
24
20
31
21
20
26
23
23
32
34
22
27
24
25
16
28
20
24
30
20
25
28
18
27
26
24
26
24
31
22
24
24
21
37
33
21
23
32
18
21
22
28
18
28
27
20
30
23
29
26
28
25
20
23
22
25
27
29
24
21
24
17
18
20
20
21
25
21
21
30
17
19
28
35
17
21
17
25
25
12
18
16
13
15
25
29
21
24
29
18
22
19
18
18
25
18
27
16
33
21
20
17
19
14
14
27
22
19
20
24
21
18
19
17
25
25
27
20
23
19
20
18
19
15
16
23
15
15
19
21
19
12
11
24
16
12
17
15
23
25
19
20
13
18
17
21
23
13
19
19
15
25
23
22
20
13
19
20
17
18
18
17
21
11
15
20
29
19
24
14
8
18
18
21
18
16
15
23
17
13
16
18
13
15
9
12
18
18
18
14
15
24
11
18
20
7
13
17
24
18
16
21
19
9
15
17
17
16
14
11
20
12
15
19
13
16
18
15
24
19
17
8
15
23
15
13
21
10
14
15
15
14
19
13
16
12
17
9
10
24
9
12
14
17
14
14
12
10
9
17
8
8
7
17
12
15
15
12
10
13
21
14
10
16
21
16
10
15
17
15
18
11
14
19
11
16
8
14
9
9
15
12
16
10
14
10
16
9
12
18
12
11
10
14
11
9
15
9
13
7
2
13
11
12
8
6
11
12
8
11
10
14
9
11
15
19
8
6
9
11
6
9
12
16
8
13
8
8
13
7
17
11
10
10
11
12
9
13
6
14
11
7
10
6
11
10
15
8
12
13
11
16
7
16
11
16
9
15
8
10
10
13
11
13
8
16
10
16
12
11
15
10
11
8
11
8
13
8
9
9
10
11
11
7
8
11
16
15
6
10
12
15
14
10
12
16
14
10
13
10
10
15
16
15
4
12
12
14
11
15
8
10
8
9
6
16
7
9
7
5
10
8
8
6
7
8
9
5
10
11
8
9
7
15
7
10
8
10
10
8
11
16
13
13
21
12
16
21
26
21
22
22
17
15
13
14
8
12
10
6
7
6
9
11
10
10
9
12
17
11
7
6
12
9
12
13
12
11
12
10
8
10
15
12
7
9
4
12
10
11
11
14
9
12
16
8
9
10
11
9
6
9
2
7
7
4
6
9
6
8
5
7
10
8
12
11
17
10
15
11
6
7
8
6
9
7
4
10
6
7
10
7
10
9
15
5
7
10
18
13
8
7
9
8
12
4
10
15
6
5
10
5
10
7
10
9
8
8
7
16
7
6
8
9
8
10
6
8
9
8
11
9
6
14
18
10
11
7
11
8
10
6
5
11
6
7
15
4
8
7
8
10
8
9
10
7
9
8
11
11
6
12
1
9
12
7
7
5
11
10
12
12
9
11
7
10
14
9
6
13
13
6
11
7
7
7
7
6
17
10
10
11
9
5
14
10
8
9
8
9
9
4
6
14
7
12
13
10
14
9
9
10
12
11
9
9
17
16
8
10
8
8
14
12
12
13
5
15
10
15
19
13
8
9
12
13
14
20
13
12
16
13
14
13
17
25
22
17
12
16
13
24
14
21
16
18
11
12
20
18
18
16
12
23
15
22
16
25
27
17
22
25
24
31
34
25
28
24
27
33
28
32
30
36
34
37
35
36
44
44
45
84
133
201
302
505
709
1116
1509
1970
2345
2907
2972
3116
2915
2636
2284
1852
1394
1042
763
581
375
248
194
134
97
64
57
45
26
24
15
7
9
4
7
4
8
1
5
4
6
3
7
1
4
3
5
1
3
3
3
3
2
2
2
2
1
1
0
1
2
2
3
5
0
3
5
2
4
0
1
2
5
3
2
6
3
2
1
1
0
0
2
3
3
0
0
3
2
0
1
0
2
1
2
5
0
3
1
1
0
3
3
3
3
0
1
2
0
1
2
2
4
1
2
2
1
3
2
1
5
0
1
3
0
1
2
1
1
2
1
0
0
5
3
0
4
6
1
3
3
0
1
5
4
0
1
5
1
1
2
2
5
3
0
2
2
2
3
2
2
4
2
3
2
2
1
2
2
1
2
6
0
2
2
3
0
1
5
4
4
3
0
2
0
4
3
4
4
3
3
2
1
0
1
1
0
3
3
0
0
3
1
0
3
3
0
5
1
5
2
1
3
0
2
4
2
1
2
3
2
2
3
2
1
0
1
1
2
1
1
2
1
2
1
1
2
7
2
2
2
4
6
1
1
2
0
4
2
4
0
3
1
1
2
1
2
0
4
1
1
4
5
0
3
2
2
2
1
0
0
3
4
2
2
4
0
4
2
1
1
3
3
2
2
2
2
2
0
0
1
2
2
1
0
0
0
2
0
0
1
0
1
1
2
1
1
1
2
0
1
1
3
3
2
3
2
3
0
3
1
2
1
4
1
1
1
4
3
1
2
0
2
3
0
4
3
3
3
0
4
1
2
0
2
3
4
1
1
0
1
1
1
0
2
2
2
1
2
2
2
0
3
1
2
1
3
2
2
1
1
2
3
1
1
0
0
2
0
0
1
2
1
0
0
1
0
1
1
1
3
2
4
3
3
5
2
5
1
3
1
0
2
1
2
3
3
2
2
2
0
1
0
0
3
1
3
2
1
1
2
0
0
1
0
2
1
2
4
1
4
1
0
2
0
1
2
1
2
2
2
0
1
1
0
0
4
2
0
6
2
1
2
0
2
2
0
2
1
2
2
2
0
0
3
2
1
0
1
0
1
1
2
0
0
0
5
0
0
2
0
3
2
3
0
1
2
2
1
1
2
6
1
0
0
3
1
0
3
0
1
2
3
1
2
0
1
1
1
0
0
4
0
2
1
1
1
1
0
2
0
2
0
3
1
0
0
2
0
1
4
4
4
1
1
1
3
0
1
2
0
1
0
2
2
2
0
2
3
3
3
1
1
2
0
2
1
2
1
5
2
1
1
3
2
0
3
0
1
1
2
1
0
2
0
0
5
0
2
2
0
4
0
1
0
1
0
0
2
2
1
3
1
0
0
0
2
4
4
3
2
1
0
0
5
0
1
3
1
1
2
1
4
0
3
2
1
2
2
3
1
1
2
4
1
0
1
1
2
0
1
0
0
1
1
2
3
2
2
3
1
1
1
0
5
1
2
3
5
1
3
6
2
7
9
11
18
28
29
41
67
56
66
48
45
40
23
35
23
20
8
9
9
3
5
6
3
3
3
2
2
0
2
2
3
1
0
0
1
2
1
0
1
1
3
0
2
3
3
1
0
2
0
3
1
2
0
1
1
0
0
3
0
0
0
0
1
1
0
1
0
0
1
0
0
0
1
1
1
0
2
0
1
2
1
0
3
3
2
3
2
2
2
1
0
0
0
0
0
0
1
2
6
1
0
0
1
2
2
1
1
0
0
2
2
1
1
2
1
0
2
2
1
1
1
2
1
1
0
0
0
0
0
0
3
0
2
0
0
1
2
0
2
1
3
2
1
1
1
1
2
2
0
1
0
0
0
1
0
2
0
0
1
1
1
2
1
1
1
0
1
1
3
0
0
1
0
0
1
0
2
0
0
0
0
2
1
1
1
1
2
4
1
2
1
2
2
1
0
0
1
0
1
1
2
0
1
1
1
1
2
1
1
2
3
1
1
2
2
2
2
2
0
2
0
0
1
2
1
0
0
2
1
1
2
1
0
0
1
1
0
1
5
1
2
0
0
0
0
0
0
1
2
0
2
0
4
2
0
1
1
0
2
0
1
2
2
1
2
0
1
0
1
0
1
0
3
0
1
4
1
0
4
1
0
0
1
1
0
0
1
1
0
1
2
2
2
1
1
0
1
0
1
1
0
2
1
0
1
1
1
2
0
2
0
0
1
0
0
0
1
1
0
0
2
0
0
1
2
1
0
0
2
1
2
0
0
0
0
0
0
1
0
0
0
0
0
0
0
1
1
0
1
3
2
0
0
0
1
2
0
0
0
1
1
2
0
0
1
0
0
0
0
0
1
0
1
0
4
0
1
0
1
2
2
0
1
1
1
1
1
0
0
2
1
2
1
0
1
0
0
2
0
1
2
2
2
2
1
0
1
3
1
0
1
1
3
0
1
1
0
0
1
1
0
0
0
0
0
1
1
0
2
3
2
0
1
1
2
2
0
2
1
0
2
0
0
2
0
0
2
1
0
2
1
0
2
2
1
1
0
1
1
0
0
1
0
2
0
1
0
3
1
1
1
1
0
3
2
1
3
1
0
0
1
1
2
0
1
0
0
0
1
0
1
4
0
0
1
0
1
1
1
0
0
0
2
1
1
0
1
0
0
2
0
1
3
1
0
2
1
0
1
1
0
1
2
0
1
1
2
0
1
0
0
1
2
1
0
0
0
0
1
0
0
1
1
0
1
1
0
0
3
1
0
0
0
1
2
1
1
2
0
0
2
1
1
0
2
2
1
0
0
3
1
0
1
0
1
0
0
0
1
0
0
0
0
0
0
0
1
2
1
0
1
1
1
1
3
0
0
1
1
2
0
1
2
0
0
0
0
0
1
2
1
1
0
0
1
1
1
3
2
0
0
1
1
0
0
1
2
1
1
1
0
0
0
1
1
0
0
1
4
0
2
0
0
0
1
4
1
0
1
2
0
2
2
3
2
1
1
0
3
0
2
0
0
0
0
0
0
3
4
1
0
2
0
2
2
2
2
3
3
2
2
1
0
1
1
1
0
1
1
1
1
0
1
0
0
0
0
2
0
0
1
0
0
0
1
1
1
2
1
2
0
1
0
0
0
0
1
27
24
21
20
27
19
26
20
18
20
20
10
24
19
20
29
17
16
14
18
21
22
25
19
20
15
25
12
23
20
29
20
18
20
18
26
28
22
21
13
15
21
24
25
19
29
12
11
26
22
21
25
20
17
21
14
21
17
20
18
18
23
29
19
11
17
15
12
19
19
22
13
17
18
24
17
14
22
13
18
15
19
14
21
21
18
19
19
15
15
20
19
10
19
18
18
24
26
20
25
21
20
22
19
15
21
23
19
26
24
24
19
19
13
25
21
15
21
27
19
20
23
18
14
16
19
17
10
