0
0
0
0
0
0
0
0
0
0
0
0
0
0
0
0
0
0
0
0
0
0
0
0
0
0
0
0
0
0
0
0
0
0
0
0
0
0
0
0
1
1
1
1
1
0
5
4
0
0
6
5
5
4
5
8
5
9
6
9
10
18
10
14
14
10
13
15
17
20
27
29
20
31
36
31
39
37
30
36
51
41
48
62
69
68
84
92
85
102
112
109
111
121
138
129
130
146
174
206
209
215
230
244
265
279
297
347
320
242
241
181
147
111
82
77
82
80
73
95
110
92
117
97
100
110
117
133
134
121
130
148
114
151
111
132
130
126
139
118
114
97
103
92
91
90
81
98
109
100
99
117
110
125
127
127
148
126
126
119
120
122
113
104
114
115
96
97
128
115
112
109
123
102
123
113
122
109
107
98
109
115
97
95
97
115
102
109
125
131
101
134
107
110
100
107
117
111
89
109
97
135
127
126
134
111
101
117
139
108
103
118
127
111
94
109
117
116
112
127
116
125
113
119
114
116
106
87
113
102
110
108
121
108
103
114
123
117
131
119
117
94
111
120
114
95
121
108
129
102
132
109
111
114
116
126
119
135
115
128
121
100
125
127
114
117
126
104
117
131
125
141
135
127
124
139
132
146
146
141
143
187
146
164
139
162
152
139
133
151
177
182
187
170
170
186
173
158
141
135
113
108
136
107
142
113
126
105
139
137
129
126
137
141
142
145
134
116
143
146
142
111
126
124
139
114
121
138
123
117
127
127
152
131
132
117
131
127
138
174
155
171
174
184
180
154
156
162
150
143
147
161
145
180
155
174
149
152
130
132
122
123
148
126
129
136
141
142
147
134
148
132
133
112
125
129
132
144
144
144
155
137
123
150
151
135
142
149
142
139
129
142
141
144
133
135
120
138
147
136
117
159
143
146
122
146
143
144
145
123
132
127
124
143
141
141
134
132
136
115
159
170
118
144
130
126
142
144
138
158
118
155
133
114
129
139
156
155
138
131
153
139
147
141
135
135
137
136
131
140
139
150
130
140
132
129
154
137
143
135
126
108
137
117
108
117
123
130
135
124
150
150
121
126
135
143
141
113
147
136
135
131
132
139
142
129
133
150
120
152
124
132
130
134
126
134
143
123
112
122
132
132
154
136
136
161
138
143
134
132
146
136
127
135
137
148
147
120
140
131
122
140
134
127
117
127
132
132
144
139
151
134
150
139
144
144
165
142
152
111
133
121
138
111
145
138
135
139
133
137
147
116
136
144
139
150
121
148
139
140
149
141
160
132
139
137
136
129
133
150
143
133
138
115
121
148
132
131
134
132
138
149
122
108
130
138
132
149
127
134
129
131
130
138
130
125
153
131
131
133
144
129
152
117
127
123
145
114
127
134
139
126
141
112
110
151
138
137
129
138
131
123
122
138
121
121
110
133
132
120
137
120
127
119
139
160
125
110
148
127
127
111
110
129
121
131
103
144
124
147
134
143
134
143
145
131
138
105
103
123
116
122
111
134
117
126
127
136
107
115
113
123
118
137
110
134
141
126
131
145
133
100
116
128
124
116
133
130
127
112
106
124
114
117
117
105
109
129
106
131
119
132
112
111
119
114
115
118
112
104
122
133
103
119
106
111
125
105
128
123
119
123
118
119
124
121
116
132
123
122
113
119
110
108
107
127
120
129
120
126
100
111
118
120
117
137
124
126
110
120
118
118
140
105
119
121
107
115
109
112
118
113
115
125
105
98
127
121
128
110
118
109
120
117
105
105
123
104
124
125
118
104
106
123
121
127
99
114
134
109
117
100
121
122
124
126
105
120
122
139
123
119
108
112
119
133
131
106
132
115
106
144
107
121
113
113
130
121
116
111
122
116
115
118
114
124
121
95
134
124
114
106
101
116
101
112
116
113
114
118
118
106
118
114
124
92
108
126
115
129
121
94
107
108
129
114
105
112
120
120
133
98
111
127
101
114
121
100
105
113
101
125
103
97
117
114
117
130
112
114
133
118
125
125
103
107
106
138
112
117
115
102
106
109
101
88
106
125
120
119
100
104
112
107
100
120
116
132
112
126
110
109
105
121
114
115
103
99
113
121
112
104
110
110
109
130
103
115
121
139
115
122
90
112
123
137
126
130
113
99
112
138
118
102
120
97
150
107
127
126
119
121
115
103
125
124
115
119
113
122
119
130
131
134
127
115
133
139
138
105
143
115
139
118
130
141
142
131
143
157
134
135
155
156
141
147
135
150
146
163
129
134
162
162
167
140
173
160
175
170
145
152
159
171
161
163
167
151
180
171
175
166
153
141
157
152
164
152
154
163
158
155
145
170
153
153
138
136
124
136
158
137
140
141
153
136
138
146
139
165
131
117
131
141
128
120
120
129
117
118
112
110
132
115
116
125
129
112
145
121
119
121
102
124
120
114
114
97
112
99
126
115
117
98
103
95
108
122
100
105
111
113
113
95
114
105
92
102
110
109
86
93
94
102
90
79
95
100
107
80
104
107
110
127
88
98
81
105
90
86
86
103
119
89
86
84
95
101
98
94
86
86
91
102
70
105
120
117
124
121
128
110
106
101
94
106
80
90
82
88
91
98
86
73
100
93
86
93
90
94
81
83
92
83
91
75
83
74
96
86
83
77
84
92
78
79
86
65
88
73
82
96
98
78
72
85
73
76
90
76
95
84
70
76
90
90
87
84
95
71
98
78
79
81
99
85
82
77
74
85
67
84
80
71
74
75
66
83
70
68
90
94
88
90
79
77
81
80
81
74
80
85
62
79
82
83
86
92
81
82
86
70
78
82
64
83
79
67
91
92
88
73
77
76
71
51
83
93
81
84
62
83
91
77
81
82
68
90
66
85
77
78
83
77
88
74
81
58
62
85
63
88
78
89
69
88
79
90
54
82
65
70
66
88
88
72
73
79
63
88
59
87
60
62
65
70
66
66
67
70
63
73
81
75
77
78
68
64
68
79
84
71
64
87
74
80
66
85
66
65
69
78
77
68
86
65
68
92
77
85
74
72
73
68
70
78
74
83
69
77
77
88
77
84
73
71
76
64
77
63
77
69
75
56
81
72
60
71
74
77
76
66
77
65
82
66
74
67
65
93
76
64
69
75
59
73
75
78
72
72
67
60
83
72
76
79
76
83
64
75
74
67
59
62
73
63
66
88
62
62
55
66
75
69
73
64
76
74
74
68
65
53
67
82
85
88
63
97
84
97
86
94
82
63
73
66
73
66
75
76
57
73
76
71
75
67
77
81
61
73
76
60
79
79
62
88
80
66
80
79
80
66
71
67
69
78
62
65
64
70
64
75
66
62
55
65
64
64
81
84
64
71
78
70
67
75
80
60
67
61
55
72
81
84
78
62
70
76
73
55
76
81
71
94
70
92
92
79
76
85
69
58
71
79
63
76
68
65
58
72
70
64
70
60
76
77
59
71
70
66
74
67
74
62
61
53
72
60
73
70
77
51
66
78
67
67
67
77
57
77
52
70
78
60
65
62
68
70
75
64
61
65
71
63
72
67
58
62
52
90
73
63
79
84
74
67
62
64
78
73
76
70
72
59
65
72
56
60
53
72
60
68
66
55
65
75
75
71
75
62
58
54
65
73
57
78
77
70
66
53
74
66
63
58
63
73
61
81
55
68
66
88
56
74
68
52
73
74
68
66
83
67
76
49
66
65
71
68
88
70
70
66
56
76
74
71
74
86
79
76
69
69
71
65
55
66
67
64
71
53
55
86
50
70
71
64
74
74
59
62
64
66
59
58
52
75
61
63
62
67
55
66
60
58
70
61
47
66
75
60
59
66
64
83
72
65
62
68
56
61
65
58
53
67
61
70
52
56
82
61
72
67
58
70
79
66
83
103
66
86
79
69
77
60
65
64
76
61
75
50
58
64
56
60
66
67
62
66
67
68
64
62
67
61
58
68
46
53
56
53
57
76
70
60
67
56
71
77
64
70
78
61
72
70
67
82
55
54
62
53
59
64
64
46
66
65
66
51
49
61
75
62
59
57
63
76
70
80
67
70
62
60
62
59
61
55
62
59
56
64
66
61
72
58
67
74
79
68
74
49
54
60
52
62
58
83
58
61
59
62
65
76
55
52
47
46
56
61
73
65
63
73
74
54
74
79
69
59
65
57
63
57
63
73
72
56
57
55
47
54
60
60
68
48
74
76
48
64
43
71
52
61
66
60
58
66
55
53
68
68
55
64
71
63
55
59
68
65
61
46
51
72
69
70
81
61
62
70
56
57
61
62
56
60
61
58
54
62
50
60
69
45
60
74
52
63
51
71
56
65
58
76
59
63
60
62
59
61
70
64
78
60
66
79
51
82
61
62
59
65
60
71
56
58
54
63
65
65
66
58
60
70
67
64
52
65
51
66
70
58
75
55
58
59
67
76
45
58
55
58
61
66
62
63
57
49
71
71
57
69
51
65
64
44
70
58
61
57
65
60
56
64
55
59
51
62
67
49
60
58
70
59
68
56
69
51
58
60
60
77
76
68
56
48
60
67
56
60
71
53
46
64
57
63
65
50
45
56
76
50
59
54
57
53
63
64
55
52
70
63
58
60
67
79
59
72
69
67
53
59
66
52
52
57
69
45
47
54
58
69
77
68
53
64
62
65
61
59
61
79
58
66
54
60
48
61
60
48
74
57
66
65
78
45
68
66
67
56
68
69
53
62
56
59
58
61
54
66
59
65
60
57
69
48
71
72
50
59
62
53
57
55
64
57
51
54
62
62
62
51
58
53
60
66
46
69
51
55
61
57
53
62
65
65
57
57
48
70
78
62
51
55
55
48
47
54
48
52
57
57
76
61
68
51
56
51
61
51
52
64
62
55
54
57
53
52
60
56
65
47
59
75
42
56
61
72
63
71
58
57
59
53
60
53
72
71
58
63
65
52
53
56
64
62
60
49
67
72
56
68
63
47
66
62
63
60
55
62
58
51
58
70
58
62
51
64
53
54
62
39
72
67
59
63
62
60
55
59
56
41
57
67
52
52
40
76
55
50
54
64
59
70
63
52
60
70
52
54
67
68
54
60
63
64
63
58
58
57
62
59
68
51
58
47
69
51
59
70
80
50
72
82
61
44
62
57
62
59
62
55
52
74
52
52
61
71
69
50
63
65
58
60
61
67
56
56
59
57
61
65
65
64
48
61
48
73
73
65
41
62
50
44
58
63
53
53
63
60
61
60
58
59
59
52
59
57
65
59
55
43
62
47
41
61
57
65
54
67
69
63
64
49
80
54
58
62
58
66
63
47
44
45
53
53
63
42
52
49
61
67
63
73
70
58
56
59
47
65
76
61
55
69
55
57
64
62
59
62
59
49
54
44
62
69
62
65
50
58
60
53
68
57
46
53
52
65
63
59
58
64
51
58
54
55
61
65
52
62
60
56
58
68
57
63
71
54
63
42
51
61
50
55
63
49
37
49
49
62
69
62
67
50
70
51
62
69
67
65
52
43
52
62
51
51
63
56
65
63
47
54
48
66
61
47
55
47
56
60
65
55
58
63
60
62
53
71
36
64
44
54
63
60
55
55
57
60
55
49
56
60
68
63
48
58
56
58
47
48
59
62
64
62
64
61
61
58
54
69
61
63
57
58
68
59
39
48
54
62
60
45
58
60
57
60
47
56
55
65
59
64
66
50
51
70
50
61
78
73
71
78
86
99
95
107
120
119
126
137
135
144
115
106
125
115
118
112
104
80
74
77
69
54
56
58
53
53
57
65
54
45
46
54
54
48
59
56
55
49
51
58
57
59
70
61
63
58
47
54
50
48
55
53
57
68
54
51
46
40
52
48
57
53
49
50
69
41
60
64
50
48
52
60
68
55
51
54
52
58
51
62
61
56
47
63
73
63
56
73
62
61
39
47
60
54
51
48
56
61
41
56
51
52
57
55
50
65
56
62
66
64
57
35
57
55
57
54
43
61
55
67
52
58
45
50
59
51
49
63
66
52
57
51
67
56
58
47
61
58
53
64
53
47
56
56
51
49
38
46
67
62
55
63
52
49
52
49
53
62
67
60
56
51
61
54
51
54
65
54
55
54
59
48
56
50
38
63
63
59
53
56
74
57
42
49
47
51
52
53
56
52
54
56
69
49
54
42
64
54
61
55
59
41
56
50
60
68
64
63
44
42
48
50
49
59
57
57
55
60
47
68
56
63
65
53
70
67
57
58
53
62
70
62
66
66
41
59
50
65
54
47
59
53
63
55
55
61
54
49
53
58
63
46
59
58
50
53
48
62
53
65
46
58
37
58
48
49
52
56
43
52
55
62
50
61
69
62
55
58
50
59
51
43
48
62
48
65
55
50
47
62
45
51
53
47
56
59
63
60
46
59
49
44
46
50
63
54
63
49
67
57
47
53
54
64
65
59
41
69
60
42
49
52
61
55
32
48
51
52
52
44
56
62
72
58
61
56
45
62
52
58
72
54
63
43
54
49
65
59
56
60
71
51
52
56
49
42
70
49
47
71
51
52
65
55
57
56
49
51
40
45
65
63
58
75
70
77
61
63
69
64
50
62
52
39
47
51
50
52
56
59
66
54
64
54
63
50
52
49
48
49
65
58
52
55
56
51
63
50
55
54
53
53
62
57
69
47
58
66
60
58
51
46
62
46
56
64
44
50
53
50
57
54
42
43
57
63
55
65
60
59
53
72
55
43
54
46
47
58
45
61
55
48
57
59
59
61
66
72
46
56
59
59
59
44
41
39
40
65
54
52
52
50
60
57
58
44
47
49
52
52
48
55
53
48
49
55
58
67
52
57
65
55
61
66
58
57
51
55
72
58
65
58
53
67
55
50
54
60
84
70
68
77
67
75
74
50
53
45
53
52
50
51
55
55
55
46
54
57
59
61
54
48
46
57
52
62
64
54
52
54
62
55
70
52
48
52
51
60
54
53
58
58
54
43
69
53
45
54
53
51
61
50
45
39
45
51
61
58
53
52
44
44
49
63
54
61
47
52
59
55
45
54
55
64
44
52
49
37
55
61
69
59
56
47
68
51
42
56
59
52
52
63
49
46
47
66
39
53
61
62
69
53
58
56
71
52
60
55
58
48
59
64
62
45
54
66
59
53
41
55
52
53
50
60
52
51
60
36
54
65
55
58
45
63
49
49
60
63
60
55
57
54
48
66
57
41
48
57
51
48
58
52
49
68
43
40
64
53
60
60
54
47
62
75
65
58
48
48
59
59
52
53
53
60
36
57
48
41
44
61
60
61
58
48
41
56
57
56
56
63
61
59
57
60
56
49
53
56
54
47
54
44
52
51
62
56
53
53
44
42
62
64
62
52
53
55
51
50
44
55
46
34
38
53
62
49
72
69
56
53
46
45
55
36
46
61
53
56
64
54
57
60
56
45
60
53
50
44
53
63
62
54
53
53
50
47
59
45
55
43
64
63
62
49
49
42
54
62
57
64
61
40
62
54
54
54
58
59
61
68
50
63
55
42
54
60
63
55
46
63
45
48
47
46
51
65
63
63
50
49
56
50
42
43
52
56
48
47
56
62
46
65
53
60
34
58
50
56
52
56
48
53
63
48
42
47
52
59
62
59
45
59
49
58
51
57
51
63
53
60
53
46
63
59
68
53
50
44
48
54
76
47
40
67
48
44
40
56
45
52
66
48
46
50
57
53
45
58
55
46
58
51
51
51
53
48
48
54
48
65
53
45
49
58
52
48
49
52
50
49
46
42
49
50
50
61
62
41
52
54
53
51
53
60
60
59
59
61
49
41
55
51
59
44
50
54
65
44
52
51
55
53
54
70
55
56
50
46
55
59
71
54
52
54
58
54
50
49
48
53
55
60
45
55
56
56
48
64
38
49
40
53
41
45
47
69
48
42
52
48
42
53
62
44
53
41
59
49
52
61
59
59
41
69
44
47
42
56
63
54
51
42
63
56
63
51
47
48
57
46
57
53
53
44
52
41
49
48
52
66
63
48
57
53
43
44
51
53
43
54
50
42
62
62
42
50
48
44
60
52
48
42
45
44
44
45
49
68
51
40
56
51
62
48
42
49
54
51
53
45
65
54
60
57
42
57
59
52
54
52
43
61
46
55
46
47
56
50
44
59
52
62
54
52
64
56
51
57
60
64
46
56
54
62
48
42
49
48
51
60
56
56
54
48
52
57
57
55
57
44
55
73
46
45
50
64
55
52
71
61
62
41
52
70
60
31
55
55
51
55
46
48
34
57
47
52
49
53
65
61
58
45
51
47
36
49
42
53
54
61
51
57
59
40
39
61
58
46
44
58
52
52
45
50
60
52
49
52
55
49
47
67
54
58
56
43
53
48
42
50
50
51
44
52
52
54
51
52
48
54
51
42
51
49
45
49
51
69
52
45
55
54
67
47
55
56
57
58
59
58
60
58
63
56
55
54
51
51
51
46
61
58
54
50
63
51
51
51
44
47
51
62
49
56
50
43
51
42
54
48
61
45
50
56
62
52
58
39
44
58
64
47
43
55
53
50
50
62
52
52
55
57
52
60
47
54
48
65
51
53
63
56
56
58
38
48
54
59
56
53
32
55
47
61
55
54
60
63
52
56
46
54
48
39
57
48
55
49
56
63
55
48
49
63
53
49
45
43
37
45
51
55
44
44
63
53
60
53
54
57
47
60
50
61
47
55
51
46
50
62
60
62
41
37
57
57
54
64
41
57
61
51
50
45
59
42
54
50
48
42
49
55
45
61
53
56
44
49
61
53
48
49
52
53
57
49
54
60
45
38
38
54
58
51
47
52
55
51
54
44
51
49
53
52
44
54
54
48
65
45
53
50
40
46
51
55
57
47
44
43
58
66
55
55
50
58
57
52
46
60
44
48
51
56
43
47
50
54
52
45
52
46
60
55
47
46
59
58
40
57
61
47
65
46
52
62
47
54
47
46
49
50
45
47
70
39
48
41
32
53
41
49
34
58
48
63
64
54
57
46
39
55
49
56
50
40
55
63
56
55
56
35
54
55
46
43
64
46
54
44
56
59
55
63
47
59
46
55
58
58
58
51
45
57
48
48
49
48
43
60
55
50
56
63
34
46
61
57
54
53
49
56
43
61
57
60
55
53
60
48
55
45
45
53
59
63
61
62
50
48
53
48
53
42
44
49
44
68
38
46
42
61
53
49
54
46
52
65
54
65
51
45
52
42
52
59
46
64
56
60
59
59
57
44
53
52
45
52
58
56
48
44
54
50
57
53
60
51
52
50
57
49
51
53
45
40
65
59
61
50
59
58
59
66
63
59
50
57
49
66
50
48
62
60
63
55
57
60
49
49
50
60
62
54
54
44
47
41
49
49
43
49
56
46
38
65
51
43
58
50
56
54
39
51
60
67
38
60
42
49
51
49
54
54
49
59
70
53
50
62
61
55
46
51
60
53
55
54
59
49
45
56
59
56
60
46
46
68
58
45
55
50
51
46
53
53
47
46
50
66
55
51
46
60
51
44
63
44
50
40
62
67
47
47
76
55
61
42
58
52
51
63
47
55
64
59
54
58
42
49
50
57
47
66
44
50
63
54
61
62
46
61
47
70
51
44
63
48
53
47
51
62
46
53
55
53
53
55
49
55
59
57
40
50
66
48
60
44
56
52
42
61
56
52
50
63
35
55
57
48
62
52
50
49
53
41
54
50
32
42
61
40
55
43
58
57
51
51
43
63
50
59
42
48
49
56
63
42
50
34
58
63
55
43
63
42
58
43
52
54
58
52
61
53
49
49
47
51
57
59
51
58
46
42
65
65
57
47
48
52
48
50
61
51
55
41
53
53
46
53
49
50
55
56
51
50
53
42
54
59
54
64
53
62
63
58
62
63
51
49
46
56
50
63
55
55
61
62
44
49
62
53
62
63
56
46
48
44
44
55
52
64
64
52
55
39
50
55
55
48
53
61
67
59
48
57
59
46
66
54
65
42
51
49
57
55
57
56
65
63
61
65
55
53
54
51
44
71
35
53
62
63
54
59
78
57
59
66
50
54
57
70
44
62
55
57
57
50
66
54
55
51
51
55
42
66
65
58
56
47
40
53
61
60
46
51
52
58
60
49
50
55
58
68
64
54
44
61
61
49
64
56
52
49
63
63
61
52
46
54
58
55
54
46
54
42
65
53
62
57
48
45
54
70
46
53
60
74
51
62
62
54
43
75
55
51
55
59
63
53
52
57
59
58
67
61
48
51
46
60
51
59
51
51
45
68
54
52
57
56
47
55
65
61
49
52
53
62
48
52
54
73
43
59
65
53
51
60
54
53
60
46
51
42
49
57
73
61
63
64
52
66
57
61
63
59
79
59
58
57
53
55
71
55
53
67
71
52
57
57
51
41
50
57
47
50
60
69
61
48
52
60
64
51
54
53
75
55
66
62
57
54
59
52
66
54
54
51
59
62
67
73
50
57
69
62
54
58
60
53
57
68
55
59
57
44
59
58
56
61
48
59
61
53
41
49
47
52
73
73
45
64
62
63
66
58
57
52
62
59
52
63
44
62
56
50
53
60
65
62
80
56
66
60
61
53
71
76
51
63
53
55
63
57
60
59
41
51
52
62
67
73
60
71
60
68
64
50
68
63
67
62
62
64
58
75
66
61
44
54
63
49
47
47
47
64
52
56
63
52
68
66
59
61
52
57
50
69
66
53
71
55
49
68
47
75
60
60
61
60
58
61
83
54
51
55
73
70
50
52
68
59
61
61
55
51
55
54
66
60
70
56
52
59
58
66
59
55
63
56
61
54
68
47
66
65
64
46
49
49
44
57
49
66
63
64
51
70
54
56
46
55
54
50
62
61
60
55
53
57
52
62
62
65
47
59
69
56
66
47
66
44
50
50
59
54
52
55
57
56
43
59
51
50
63
58
63
59
49
52
66
64
43
52
62
58
59
48
52
55
54
46
56
63
63
50
58
55
53
52
65
66
53
47
63
52
53
49
47
57
54
45
61
48
46
53
56
59
53
58
52
65
54
53
72
56
54
61
53
45
62
45
59
43
45
54
52
48
44
48
63
47
39
43
50
47
47
50
45
59
43
50
48
53
38
53
55
39
47
44
39
31
34
50
41
46
49
41
51
41
39
40
48
48
50
33
61
61
45
44
43
46
46
46
54
35
52
42
39
35
45
54
40
45
52
33
57
60
50
46
38
46
41
53
48
33
39
44
38
49
43
56
60
49
39
48
48
54
55
55
47
40
45
56
42
44
47
41
48
42
47
64
42
53
41
57
49
47
37
53
46
41
42
58
48
32
52
52
44
46
54
42
40
36
40
34
56
36
33
59
37
58
38
41
62
37
43
54
54
43
48
44
34
48
52
51
46
66
59
37
47
46
55
47
54
46
43
52
42
51
50
36
39
39
48
43
37
41
37
41
39
46
34
42
32
60
50
49
34
47
36
55
30
35
53
46
53
36
51
39
46
42
44
42
42
39
44
35
40
50
37
37
34
48
43
42
44
39
37
47
52
33
54
33
42
39
40
52
37
37
42
42
47
38
54
48
40
51
38
48
37
46
39
38
35
41
35
36
44
58
50
38
39
30
37
50
45
43
34
51
35
42
42
49
42
37
45
48
42
37
37
40
45
44
44
41
45
48
47
36
42
38
38
51
49
50
39
39
44
47
49
41
39
43
52
44
36
46
48
47
53
43
40
34
30
53
32
37
36
52
33
40
49
59
42
41
38
39
47
41
38
48
32
35
36
41
42
46
42
40
35
43
48
41
36
50
40
36
40
39
41
36
45
49
43
46
33
53
35
51
39
37
48
43
28
39
28
53
39
40
32
41
46
56
39
42
38
40
41
33
56
44
44
43
41
35
49
44
31
38
39
54
41
46
35
47
35
45
39
48
34
40
44
54
41
48
44
39
45
41
37
35
48
48
37
48
39
42
48
38
29
45
44
47
50
58
41
40
33
39
35
43
42
50
49
38
42
49
45
50
40
28
40
41
36
40
41
46
39
36
31
37
33
43
43
48
42
38
52
45
35
60
29
41
31
30
36
42
43
38
37
47
43
41
45
36
37
48
38
32
41
30
48
58
43
48
39
45
39
32
37
38
51
39
35
41
45
34
46
44
42
40
40
43
31
41
38
31
39
31
29
41
44
40
48
46
41
39
32
35
41
35
52
47
28
36
41
48
36
46
38
29
37
25
31
40
42
51
43
37
33
51
47
35
33
39
41
34
34
55
35
36
38
43
49
41
30
53
28
42
45
38
29
45
47
47
30
47
40
37
47
36
42
43
26
44
29
34
41
46
33
34
41
39
34
29
26
37
36
31
41
42
39
39
45
34
46
44
42
48
36
39
38
41
40
42
45
43
23
40
35
50
39
25
53
36
41
43
43
44
36
40
41
46
36
45
44
49
31
44
31
38
48
34
50
50
37
37
40
41
38
45
41
52
48
56
40
35
41
44
39
42
43
40
47
46
52
40
38
38
41
47
41
40
35
49
43
41
39
34
42
44
36
37
44
42
39
25
35
37
41
39
42
38
54
27
41
36
43
43
33
39
44
45
37
48
42
35
48
39
25
44
34
48
36
38
37
42
29
35
31
34
40
39
59
29
36
35
34
34
35
40
44
47
44
33
44
37
40
40
35
37
45
55
29
30
41
44
48
40
33
38
29
32
34
43
36
31
43
34
33
40
46
30
33
29
35
30
38
25
41
34
31
37
45
40
36
34
33
37
35
36
22
36
30
35
33
32
37
34
32
25
36
32
35
35
34
27
32
17
31
22
36
27
34
29
33
30
36
32
24
22
24
31
33
20
22
29
35
35
28
32
25
24
26
31
46
24
31
32
25
29
32
26
26
37
28
18
34
28
38
28
18
29
20
29
23
29
25
23
31
21
29
28
30
29
24
25
32
25
27
22
23
34
35
24
24
19
16
37
20
18
20
33
27
33
32
27
28
30
37
21
32
22
28
26
37
19
28
28
27
26
27
20
23
17
38
21
25
30
31
31
35
30
29
28
28
31
36
20
23
31
31
22
26
24
27
25
21
23
21
35
22
33
20
21
24
21
35
28
20
21
19
40
22
25
31
26
20
23
17
20
26
31
21
22
20
25
33
21
26
20
30
22
38
20
22
22
27
22
23
22
42
31
23
24
17
28
27
25
28
29
21
22
24
33
34
34
29
21
24
26
23
28
27
22
35
27
26
35
27
28
25
27
32
31
24
31
33
20
22
26
28
22
26
19
35
27
34
22
23
22
25
16
23
33
36
31
19
25
34
23
26
35
19
32
28
29
25
21
25
24
30
18
25
25
27
30
27
22
25
23
26
29
30
21
19
33
31
38
40
63
73
105
198
274
445
692
883
1116
1302
1443
1545
1450
1376
1117
881
630
483
318
236
172
99
60
52
51
31
31
24
20
28
22
26
16
18
13
12
13
9
19
13
19
15
15
26
25
21
16
16
16
19
13
19
19
17
14
21
13
16
15
19
16
23
15
19
15
22
9
12
16
20
10
14
14
11
12
11
21
8
19
17
17
19
12
12
16
12
13
18
19
16
15
15
15
10
14
12
13
15
18
21
14
8
19
15
13
12
15
17
10
18
17
13
21
17
13
17
8
13
14
10
11
6
10
16
14
7
16
9
11
25
10
10
10
13
22
12
13
17
9
7
8
14
14
8
14
13
14
15
13
17
12
10
17
17
15
10
15
19
10
15
14
18
18
15
8
14
13
15
16
14
16
12
17
14
10
19
20
10
15
11
15
17
17
9
18
16
13
16
23
10
6
14
15
7
12
11
12
15
9
13
7
10
14
15
9
12
8
13
8
6
8
15
7
12
24
9
13
13
9
9
11
8
12
13
10
13
15
9
10
9
13
7
8
6
13
9
15
14
7
7
10
12
17
14
13
19
8
11
10
12
10
7
17
7
18
5
11
4
13
6
8
7
7
12
12
7
5
8
9
10
7
14
5
6
12
13
4
13
10
15
8
6
11
11
6
9
11
11
9
9
12
6
11
5
6
14
11
16
8
12
9
11
8
8
6
8
10
9
7
4
8
6
5
11
10
6
10
5
11
9
2
10
10
8
9
5
9
10
17
17
14
6
10
10
14
10
10
16
3
12
13
10
9
13
9
9
13
12
12
10
10
7
7
9
12
6
8
8
6
8
7
12
8
11
4
6
7
5
9
12
3
8
10
6
8
7
2
11
10
8
8
5
7
11
6
6
5
5
9
13
8
8
6
8
8
5
10
6
8
5
10
5
6
7
4
4
9
6
9
8
7
5
10
7
8
3
7
11
6
9
10
5
7
9
16
8
6
6
5
4
9
9
5
5
7
8
7
9
7
6
8
7
5
5
8
7
8
6
13
3
9
11
10
5
7
11
4
6
3
5
6
2
6
6
9
4
8
5
7
5
7
6
8
8
7
8
7
3
4
6
6
5
7
7
7
5
13
12
5
7
3
10
7
3
9
6
2
7
5
7
8
7
5
5
7
7
5
7
14
9
13
7
8
10
7
13
7
8
9
12
14
23
31
30
21
31
24
38
36
29
26
17
16
5
7
8
9
7
7
9
6
2
11
7
6
5
8
6
5
5
8
7
10
3
9
9
6
7
4
8
5
6
10
6
6
8
4
6
4
8
4
7
7
12
12
6
8
9
4
7
7
7
7
7
6
4
4
2
8
6
7
4
6
10
6
11
2
5
8
8
9
13
6
5
8
2
9
12
7
9
5
4
2
6
5
7
4
5
11
7
5
6
5
6
5
4
7
11
5
4
5
7
3
4
7
6
5
6
8
5
5
10
6
7
9
6
9
3
4
5
7
9
6
8
10
6
7
6
6
5
1
7
11
5
6
3
6
3
8
7
9
5
3
10
3
9
10
11
5
6
3
4
5
3
5
4
6
9
9
9
6
5
2
8
6
11
8
6
7
5
8
8
6
8
4
6
6
7
7
9
7
6
5
10
18
5
8
11
9
6
12
7
13
7
4
6
6
9
9
6
9
5
6
4
9
3
6
4
6
7
7
8
10
8
5
9
6
12
4
7
8
7
7
4
6
13
6
6
4
5
6
5
9
7
3
6
5
13
5
10
6
14
8
8
9
4
10
11
7
11
5
9
8
4
12
7
14
5
9
9
8
11
14
15
3
8
9
12
12
9
14
14
9
14
17
11
17
16
25
25
47
110
193
243
404
553
791
1036
1211
1355
1484
1490
1359
1299
1010
776
530
419
280
183
111
84
53
38
31
10
14
8
7
2
0
3
0
3
1
0
2
3
1
2
0
2
3
1
2
4
2
2
2
1
2
0
0
2
0
2
4
1
0
1
1
0
2
0
3
1
1
0
1
2
1
0
1
1
1
2
1
0
0
0
0
0
1
1
2
0
2
1
0
1
0
0
1
0
0
0
3
2
0
0
0
0
0
2
1
2
1
1
0
0
2
2
0
0
2
2
2
1
1
2
3
0
3
0
1
1
0
1
1
2
0
1
1
1
1
0
0
0
1
0
0
3
3
2
1
0
3
1
2
1
0
0
1
0
0
0
0
2
1
0
0
0
0
2
1
2
1
0
1
1
0
1
0
0
1
0
1
3
1
2
0
2
1
1
1
1
0
0
2
1
0
2
0
0
1
0
0
1
1
0
0
2
1
1
2
1
1
1
0
2
2
1
2
1
2
2
1
2
0
1
0
2
2
0
1
1
1
1
1
0
2
0
1
3
0
0
1
0
1
0
3
5
3
1
3
2
3
2
1
2
1
1
1
2
0
0
2
0
2
0
1
1
0
0
2
1
0
0
1
1
0
0
2
1
1
1
1
0
1
2
5
0
0
0
2
1
0
0
0
1
1
0
1
0
2
0
0
1
0
2
3
1
0
3
0
0
0
2
3
1
2
0
2
1
0
1
0
0
1
2
3
2
1
0
0
0
1
0
2
0
1
2
1
1
1
1
0
2
0
0
0
1
2
0
0
0
0
1
0
0
1
1
1
1
0
1
1
2
0
2
1
1
1
2
0
0
0
0
0
1
2
1
0
2
1
0
1
1
0
0
1
0
2
0
4
0
1
1
0
1
2
4
1
3
2
2
2
3
3
1
0
4
4
1
1
3
1
1
1
0
0
0
0
2
0
0
0
2
0
0
0
2
0
1
1
2
1
1
0
0
1
0
0
1
0
1
1
0
2
0
2
0
1
1
1
0
0
3
3
2
0
0
1
0
1
1
0
1
0
2
2
0
2
1
1
3
2
0
3
1
0
0
4
0
0
0
1
0
0
1
3
1
0
3
1
2
0
0
1
2
0
0
2
5
0
2
0
1
2
0
1
1
1
1
0
1
2
1
1
0
1
0
2
1
0
1
0
0
1
1
1
2
2
0
1
1
1
1
1
0
2
0
0
1
2
0
0
2
0
0
0
0
0
0
2
0
1
1
1
0
1
0
0
1
0
0
0
0
1
2
0
0
1
0
1
1
1
0
0
2
2
1
0
0
0
2
1
1
0
0
3
0
0
0
0
1
0
0
0
0
1
1
0
0
0
1
0
1
2
1
0
0
0
0
0
1
0
0
1
0
1
0
0
1
1
0
0
0
1
1
2
1
0
0
0
2
1
0
0
1
0
0
2
1
4
2
1
2
0
1
0
0
1
0
1
1
0
1
2
1
2
3
4
8
18
14
18
31
36
55
46
53
53
48
34
46
41
35
16
23
10
5
8
1
2
3
2
2
2
2
0
1
2
0
1
2
0
1
1
2
1
0
1
0
0
1
0
0
1
0
0
1
2
0
1
1
0
1
1
0
0
1
1
0
0
1
1
0
1
0
0
1
0
0
1
1
1
1
0
0
0
1
2
0
2
0
0
0
1
0
0
0
0
1
0
3
0
1
1
0
1
0
1
1
0
1
0
0
1
0
0
2
0
1
1
0
0
0
2
1
0
1
1
0
1
0
1
0
1
1
0
1
1
0
1
1
1
1
0
1
0
0
1
1
0
0
1
0
1
1
0
0
0
0
0
0
0
0
0
0
0
0
0
0
0
0
0
1
0
0
2
0
0
0
0
0
3
0
1
2
1
0
1
0
2
0
0
1
2
2
0
0
3
1
1
2
2
0
1
1
3
1
1
0
0
1
0
2
0
0
1
0
0
1
0
2
0
0
0
0
2
1
0
0
0
0
0
0
1
0
0
1
0
1
0
1
2
1
0
0
0
1
0
0
0
0
0
1
0
1
1
0
1
0
1
0
2
0
1
4
2
2
0
0
0
0
0
3
0
1
1
1
0
0
0
3
0
0
0
0
1
0
0
0
1
0
0
0
0
0
0
0
0
0
0
0
1
0
0
0
0
1
0
3
0
0
1
0
0
1
0
1
0
1
0
0
0
0
0
2
0
0
2
1
0
0
0
0
0
1
0
0
0
0
0
0
0
1
0
0
0
0
0
0
1
0
1
0
0
0
0
0
1
1
1
1
0
0
0
0
0
3
0
2
1
1
1
1
1
1
0
0
0
0
0
1
0
2
0
0
1
1
2
2
1
0
1
0
1
0
0
0
0
1
1
0
0
0
0
0
0
0
0
0
0
2
1
1
2
1
2
0
1
2
0
0
0
0
0
0
0
0
2
0
3
1
1
0
0
0
0
0
1
3
0
1
0
3
0
0
0
0
0
0
0
1
0
1
2
0
0
2
0
0
1
0
0
0
0
0
1
0
0
2
0
0
1
0
0
0
0
0
0
0
0
2
0
0
0
0
1
0
0
0
0
1
2
1
1
1
1
1
0
1
1
1
1
1
0
0
0
1
2
0
1
0
0
0
0
0
1
0
0
0
0
1
0
2
0
0
0
2
0
0
0
1
1
2
1
0
0
0
0
3
0
0
0
0
1
0
0
4
0
0
1
0
1
0
2
0
1
0
0
0
1
0
0
1
1
0
1
0
0
0
0
0
0
0
2
0
0
0
2
1
0
1
0
3
0
1
2
0
0
0
1
0
0
1
1
0
1
1
0
1
1
0
0
0
1
0
0
0
1
1
1
0
2
1
0
0
0
0
0
1
1
0
2
2
0
0
0
1
2
1
1
1
1
1
1
0
0
1
1
0
3
0
2
0
0
0
0
1
2
2
1
1
0
0
2
0
1
0
6
2
1
3
1
1
1
0
2
0
0
1
0
0
1
0
0
1
1
0
0
1
1
2
3
0
1
2
1
2
0
0
2
1
0
0
1
1
0
1
0
0
2
0
0
0
0
0
0
0
1
1
1
1
1
1
1
0
1
0
0
0
0
2
2
1
0
1
1
1
0
16
8
10
12
11
11
15
18
8
12
14
17
16
12
10
14
16
10
13
17
13
8
15
18
9
11
10
15
12
12
8
8
18
12
15
21
18
12
7
11
11
17
14
13
18
14
14
15
12
16
17
14
11
12
6
10
14
15
16
12
15
11
16
14
21
12
16
10
13
12
16
11
18
14
22
11
15
21
10
11
12
11
19
18
6
9
10
12
15
17
17
17
14
10
14
20
17
16
11
9
14
7
9
12
14
11
19
17
8
13
12
8
10
12
15
6
13
11
15
13
10
12
9
12
15
12
13
4
