0
0
0
0
0
0
0
0
0
0
0
0
0
0
0
0
0
0
0
0
0
0
0
0
0
0
0
0
0
0
0
0
0
0
0
0
0
0
0
0
0
1
0
5
4
0
2
3
5
6
7
8
8
5
6
8
5
4
10
15
18
14
21
16
18
13
22
19
32
26
26
31
36
48
37
37
43
46
51
51
53
52
64
60
60
74
64
61
73
94
107
100
110
118
116
163
116
136
153
187
185
186
210
207
214
212
246
242
245
202
211
174
140
77
83
64
69
77
77
81
88
91
101
90
99
109
107
118
131
125
150
115
139
109
113
106
123
114
117
106
90
85
81
67
71
96
79
75
91
95
98
122
109
100
112
106
81
114
104
109
100
97
97
103
92
76
89
76
89
101
91
106
100
106
96
109
104
113
92
90
80
99
88
79
81
110
89
93
95
126
106
91
89
81
99
106
92
91
90
110
92
110
100
96
86
103
91
87
111
100
100
111
95
91
101
110
98
103
89
112
91
117
102
115
93
98
109
98
85
103
97
91
112
106
106
105
112
91
102
91
99
107
112
107
81
101
109
122
104
111
103
105
117
121
111
102
108
117
110
111
120
113
103
107
111
107
105
138
109
106
106
92
123
127
108
111
111
121
103
110
109
135
152
140
138
131
137
139
121
121
131
171
171
182
173
139
156
123
118
106
109
115
126
124
126
141
132
116
126
116
92
132
128
104
112
114
136
109
123
131
130
109
136
110
116
114
126
132
126
138
117
113
110
131
146
115
131
141
132
137
127
146
151
153
147
114
125
121
134
117
127
126
113
130
150
137
125
122
159
133
113
124
140
126
143
143
113
122
118
124
132
140
119
108
118
129
104
133
141
132
127
122
125
124
124
130
134
126
148
150
118
115
141
134
136
137
122
116
142
117
126
128
132
128
103
127
126
104
126
129
134
131
112
134
136
128
144
132
125
140
120
128
144
153
127
121
143
122
149
146
133
122
125
140
146
131
130
107
125
130
126
116
121
131
134
124
135
127
128
115
134
132
144
124
123
129
130
130
129
133
131
131
122
136
125
138
125
136
116
115
116
131
133
135
135
135
125
127
128
136
130
133
130
120
128
135
115
129
129
129
110
110
122
129
142
135
128
123
124
119
145
125
138
116
130
139
126
105
135
142
131
129
143
130
119
138
134
137
103
157
110
139
132
113
125
131
119
133
106
127
125
128
117
133
124
104
121
122
132
138
115
149
133
140
131
123
118
135
128
124
115
148
121
117
125
115
119
115
145
124
105
136
125
128
128
131
122
124
122
110
118
138
135
110
123
117
117
136
112
127
111
126
117
118
104
101
129
134
117
131
143
127
135
131
126
127
115
135
113
125
115
118
112
137
126
118
132
120
118
129
124
108
113
105
129
124
136
129
109
108
123
111
119
91
112
102
117
119
110
116
108
124
118
118
99
113
122
113
112
127
134
126
125
107
100
109
113
121
108
106
99
119
115
91
114
125
123
116
112
109
127
124
117
115
110
109
107
98
104
115
105
112
118
112
116
102
104
129
113
120
107
127
107
110
98
132
118
111
105
106
108
120
114
108
117
112
106
110
107
122
112
99
101
106
100
117
110
106
115
89
107
110
133
126
110
94
97
131
96
105
105
101
104
120
98
81
106
122
122
110
107
124
106
97
111
105
131
108
105
127
92
119
91
107
85
84
95
113
104
94
99
124
86
99
97
108
92
117
101
112
117
109
109
93
111
103
100
107
113
100
108
104
91
119
101
99
96
104
123
106
95
85
115
92
86
107
110
126
110
102
91
114
115
117
109
102
109
94
112
124
108
101
135
105
97
109
98
91
100
115
107
107
101
87
107
110
90
95
107
93
118
105
97
80
95
106
86
99
86
102
79
114
97
100
107
118
84
90
112
97
110
106
113
100
100
96
115
97
108
102
97
88
99
105
105
101
95
88
112
120
122
117
87
96
109
80
104
99
97
101
87
92
109
113
120
94
104
116
100
96
97
94
102
121
95
125
112
93
93
93
81
102
120
101
105
103
131
97
93
90
94
112
117
93
110
98
108
102
94
99
98
100
116
95
90
100
92
94
108
109
95
98
106
93
105
97
124
112
109
113
115
99
88
101
100
107
98
96
105
83
108
105
105
102
127
113
84
100
94
124
82
98
98
112
102
118
100
99
103
120
116
101
102
103
126
104
103
93
98
118
107
98
111
113
114
113
107
113
113
164
123
123
131
146
156
106
141
110
157
139
138
131
111
106
144
124
149
133
164
152
140
160
148
149
148
152
134
132
126
149
162
175
155
147
163
155
158
147
167
150
138
140
154
139
158
147
163
131
119
127
154
143
128
111
123
140
147
118
129
116
141
118
134
123
110
110
131
115
117
112
103
130
101
94
106
115
96
95
113
134
107
114
95
95
105
93
92
115
97
102
96
102
98
87
83
98
91
93
97
93
103
95
82
92
84
98
71
87
92
76
86
74
84
75
86
83
90
80
70
86
84
71
78
83
95
92
88
112
101
69
77
72
71
79
85
86
73
76
71
68
83
89
76
89
88
97
92
92
105
136
122
114
113
107
96
92
63
79
85
68
83
76
84
68
79
70
70
79
83
83
89
77
61
67
86
78
65
71
59
69
74
67
61
69
63
55
90
76
87
71
72
85
65
76
66
71
74
74
68
56
73
73
59
64
71
80
80
75
66
56
68
68
56
80
65
69
78
60
73
79
67
67
65
76
53
66
73
68
76
62
69
75
56
96
62
66
65
58
72
61
65
67
69
71
63
82
63
58
70
62
61
76
62
78
75
69
68
71
62
76
59
86
55
68
50
58
65
66
63
78
65
65
66
64
53
68
69
59
67
59
60
73
62
59
73
68
60
55
56
61
61
56
72
65
54
60
89
72
54
60
62
60
54
54
61
80
58
59
67
63
69
65
66
63
78
69
63
67
58
62
49
65
63
56
55
76
63
61
65
74
57
63
69
56
59
56
64
65
59
57
57
61
51
55
69
61
76
62
64
74
71
60
70
55
73
87
62
54
70
58
58
65
67
65
58
76
56
71
68
53
82
59
72
46
56
67
71
56
56
56
73
60
64
62
67
73
62
77
68
60
50
48
62
57
54
56
72
64
62
56
65
60
51
75
60
69
67
55
48
57
53
67
64
56
52
69
59
57
54
69
56
64
59
65
60
68
56
54
53
52
64
56
67
49
71
68
69
93
80
72
79
59
60
61
59
58
70
54
66
52
68
54
59
54
60
51
67
54
67
50
52
63
50
71
69
60
57
62
72
62
62
49
57
61
62
58
51
60
58
46
55
59
55
50
53
60
58
64
58
65
69
60
50
62
59
76
71
62
56
50
63
51
59
49
48
59
57
58
63
61
62
61
56
57
49
64
70
67
58
66
53
69
54
65
68
56
54
58
53
59
48
62
55
54
58
49
54
54
71
67
64
54
54
57
48
55
65
44
70
51
51
48
47
60
64
46
64
58
76
64
51
53
53
52
67
56
54
61
57
54
58
52
46
67
58
47
69
72
44
48
47
55
65
67
38
61
55
64
61
48
67
46
57
55
58
62
47
50
62
63
60
60
56
58
56
74
59
60
74
53
51
55
63
55
57
50
55
57
52
53
49
55
58
43
48
57
63
43
55
74
58
55
62
52
61
60
66
57
58
50
56
65
61
55
56
47
72
64
57
44
48
49
57
57
50
62
56
62
79
65
65
48
52
58
49
70
63
64
51
67
40
58
50
47
62
46
44
57
60
45
49
53
61
54
61
54
48
48
61
66
56
43
79
51
54
52
50
50
55
47
68
52
55
60
43
58
47
69
55
51
70
63
54
43
57
51
33
42
60
60
48
55
59
52
69
84
91
89
82
72
68
68
59
53
49
50
41
64
61
54
60
52
63
52
56
47
59
50
52
54
53
33
45
49
70
47
53
41
46
38
54
50
54
48
67
52
42
40
50
52
64
55
59
45
59
57
48
62
60
51
45
44
38
44
46
52
54
51
65
54
55
58
43
54
58
48
42
54
54
45
49
48
55
67
41
63
45
45
52
52
58
59
51
51
55
48
53
49
50
55
62
36
49
49
50
55
52
52
48
40
43
49
47
38
64
58
55
51
49
49
54
53
56
44
51
53
51
53
38
51
48
53
41
49
36
45
47
36
51
57
54
48
49
40
45
62
52
52
54
47
56
53
60
64
50
47
51
49
63
46
44
50
37
68
40
43
46
50
56
55
48
42
47
67
52
50
64
64
41
53
67
45
48
61
43
43
46
41
45
50
53
46
44
49
46
39
49
36
43
49
49
44
49
50
43
62
50
58
56
57
41
52
34
51
35
47
51
51
54
46
49
51
63
63
49
55
40
52
65
44
52
45
51
60
66
39
56
48
51
42
59
33
55
42
59
42
65
48
54
42
56
49
49
59
46
56
58
52
45
45
45
55
51
52
46
48
49
55
50
37
48
50
55
38
38
49
57
49
45
61
62
60
67
49
44
58
57
38
53
44
44
46
55
45
52
47
35
31
55
45
57
57
58
52
45
46
43
34
53
40
58
32
52
35
54
49
45
53
48
52
47
50
43
44
51
49
47
45
51
61
43
51
35
63
41
45
53
53
61
52
48
40
44
56
59
56
71
62
54
35
50
55
51
54
41
48
44
52
40
54
52
48
47
48
47
51
46
48
42
33
62
47
51
45
50
58
42
45
51
49
49
61
46
46
56
43
50
45
50
52
51
41
61
53
54
55
44
55
50
42
51
46
49
38
47
48
37
52
49
37
49
46
53
55
63
46
60
52
42
48
44
46
42
55
51
40
46
53
47
46
55
40
53
44
37
43
42
43
44
60
39
32
48
46
41
49
41
46
46
44
45
49
46
55
49
52
48
44
39
44
57
40
37
50
40
43
55
58
46
49
68
51
48
40
52
39
41
46
44
59
51
56
44
41
46
47
45
42
49
50
54
61
48
48
55
48
49
60
51
45
53
48
52
42
46
59
45
45
50
60
50
44
40
45
55
41
53
43
59
40
39
53
45
54
58
40
47
41
55
57
51
47
48
35
59
47
60
36
49
47
40
57
39
44
35
61
46
52
43
59
45
53
56
32
51
45
48
38
44
46
48
40
32
59
36
45
50
51
32
50
44
48
55
54
47
52
55
43
37
38
43
47
52
46
50
52
55
38
55
41
43
39
46
46
50
50
42
47
39
48
56
56
42
51
42
42
40
49
49
50
43
44
50
51
51
43
46
65
60
45
59
52
47
42
42
53
30
41
57
50
48
48
42
41
40
45
40
63
54
52
50
59
46
41
43
46
37
41
54
42
36
49
49
41
44
50
46
44
41
48
56
37
50
61
50
62
56
48
45
41
58
44
43
48
61
50
52
45
47
40
43
55
41
56
39
54
45
40
46
51
54
55
52
46
42
44
49
32
50
46
41
45
47
44
41
44
48
54
46
64
48
37
47
58
57
46
51
44
54
48
58
59
47
49
47
54
55
40
51
50
47
41
47
52
53
38
43
43
48
48
46
47
55
39
51
42
42
39
54
46
48
58
52
42
46
53
47
42
47
47
49
51
49
49
46
53
47
38
47
50
47
36
48
54
59
39
55
36
52
43
39
46
39
47
43
48
41
55
47
48
39
36
60
44
40
39
51
44
55
57
48
55
53
49
49
54
60
52
55
46
74
83
81
100
99
114
129
117
125
131
121
119
107
93
94
77
62
77
67
54
52
65
47
45
44
50
43
48
43
52
48
46
50
46
43
45
49
41
39
39
37
53
53
37
38
48
46
40
49
39
54
44
40
42
42
53
42
50
63
53
51
62
49
43
46
38
51
38
47
40
33
44
46
50
45
51
61
36
48
49
40
51
39
53
48
59
48
35
57
32
44
47
45
35
53
44
54
41
37
37
43
40
41
41
47
41
45
47
37
44
48
52
39
48
41
39
57
49
36
51
46
44
45
47
31
44
39
52
41
49
46
55
43
47
49
49
35
43
44
46
38
47
52
49
56
55
50
47
46
45
54
47
38
48
45
47
53
46
41
51
54
40
41
47
47
38
37
45
40
40
51
48
53
48
49
46
47
50
38
38
46
59
46
34
45
52
40
45
50
51
37
49
44
50
54
43
40
44
35
41
43
51
42
51
40
46
37
35
46
52
53
45
38
45
46
49
31
47
51
42
44
35
52
35
45
44
43
43
32
50
35
56
48
42
53
41
49
55
51
47
46
45
36
43
32
48
43
41
49
42
38
40
56
35
40
41
53
37
42
45
36
46
52
48
50
47
49
48
38
47
42
48
47
42
43
54
58
40
49
46
37
46
45
41
40
56
58
35
35
38
53
47
50
38
56
43
46
42
39
42
45
43
53
38
44
56
33
47
49
51
44
32
36
51
42
42
38
31
40
41
39
44
38
51
42
51
51
41
49
42
47
40
36
51
40
48
45
39
39
52
46
54
41
38
40
45
38
48
45
51
47
25
41
44
46
52
44
42
49
52
40
42
39
40
50
40
31
47
40
49
48
46
56
65
66
64
68
65
62
62
55
56
53
37
42
45
61
40
41
58
43
35
39
50
43
41
47
33
45
49
53
42
48
31
47
49
41
46
38
39
46
44
43
44
28
34
38
46
52
37
43
41
44
46
40
46
35
52
45
38
38
28
40
49
38
43
36
52
42
39
30
34
42
39
39
56
43
46
43
54
44
39
42
49
48
42
38
41
36
36
56
42
41
33
30
45
46
36
51
56
49
45
37
49
39
33
45
35
46
33
53
33
50
48
37
48
46
37
38
45
42
43
49
33
34
39
40
43
36
32
46
39
39
42
30
55
49
50
63
47
76
70
66
58
53
48
60
41
34
33
37
39
46
42
32
33
41
40
35
50
46
35
44
45
50
32
38
36
39
44
44
36
44
50
49
41
52
49
34
44
42
41
44
45
36
53
47
43
51
46
50
48
46
43
43
39
44
42
42
41
38
38
41
40
30
39
49
47
55
36
34
56
47
38
39
42
46
44
45
45
46
46
43
45
52
45
40
42
42
39
34
46
48
52
41
59
48
32
35
46
47
31
47
48
40
44
40
46
46
33
37
56
42
41
41
34
44
44
54
49
41
34
45
34
49
49
36
42
50
37
43
35
47
36
39
37
50
38
47
40
37
47
42
39
42
44
42
42
43
47
41
49
40
36
31
41
46
38
43
42
44
31
39
52
44
32
47
46
46
52
38
41
53
43
41
52
41
38
30
39
41
48
48
59
37
49
43
34
49
49
36
35
39
50
39
49
30
33
35
32
47
38
45
28
46
43
43
47
43
47
45
40
36
49
47
47
48
52
35
47
34
40
41
43
37
42
33
54
45
23
39
40
52
41
44
53
40
42
42
43
43
42
31
55
44
48
54
36
43
47
49
55
57
49
42
52
32
42
47
41
45
34
54
38
46
47
40
45
41
36
41
37
35
39
51
48
44
30
50
36
46
49
51
41
37
45
35
62
37
38
53
42
39
43
29
40
48
49
39
34
48
43
40
36
48
32
44
48
56
51
42
54
60
43
40
34
41
32
55
50
40
45
39
43
50
43
35
40
43
46
46
34
41
45
52
42
35
36
45
29
41
44
44
40
35
46
38
44
47
44
49
40
47
42
37
52
40
32
44
43
34
53
45
53
46
42
40
37
38
36
38
44
44
43
41
40
43
38
46
62
40
32
46
43
44
39
45
38
42
51
50
40
34
44
36
39
54
45
37
48
42
36
40
54
43
47
41
45
37
43
44
41
53
57
48
36
45
36
48
50
51
37
35
37
44
61
43
41
54
44
41
40
49
39
37
32
40
51
40
48
42
48
50
41
37
41
43
32
48
43
38
47
37
34
33
43
40
40
32
37
49
41
23
40
49
43
65
36
46
52
47
41
28
28
44
44
38
48
38
40
49
43
35
31
41
48
38
47
38
31
48
41
45
42
46
45
40
50
40
37
42
34
53
38
44
52
40
41
53
39
49
42
44
49
44
39
34
60
48
44
35
34
39
50
41
44
48
30
46
58
51
45
38
47
34
44
40
38
48
46
40
46
44
39
41
41
49
30
47
47
43
51
49
45
46
27
39
41
36
40
39
42
57
30
34
42
46
37
43
60
42
38
45
41
36
32
42
41
30
54
38
46
44
47
38
44
50
42
46
49
47
40
44
33
47
52
45
45
43
50
56
48
54
43
46
49
46
53
36
37
54
34
29
44
34
37
38
47
40
41
45
37
50
29
31
44
38
31
36
38
52
40
34
43
35
33
44
48
46
36
35
43
33
53
48
39
35
41
37
34
50
34
26
32
33
41
36
37
49
38
42
41
42
32
46
48
47
46
35
48
47
37
40
47
42
36
38
48
41
40
41
40
51
45
41
45
39
43
33
47
33
45
40
42
37
41
34
49
52
37
36
53
32
45
41
47
38
38
41
43
30
39
44
50
31
43
43
43
45
37
35
41
37
42
39
33
38
42
45
47
39
51
45
54
41
39
48
35
51
49
59
46
32
48
49
34
38
33
50
43
46
50
53
42
39
48
35
40
52
34
27
46
36
32
35
36
34
34
34
38
53
41
31
40
43
45
43
40
43
51
35
46
32
29
44
43
35
48
47
46
50
45
42
34
34
37
35
38
48
46
48
44
42
38
44
41
41
35
46
55
41
47
39
46
34
40
52
32
44
41
36
34
46
54
34
40
46
45
45
40
41
43
45
41
46
39
44
42
45
53
40
43
40
39
40
38
40
38
39
46
26
42
49
45
38
36
41
38
45
31
34
30
52
51
40
34
47
48
46
34
38
26
39
35
40
43
34
35
33
39
34
33
39
48
43
53
41
36
37
44
35
44
35
32
40
48
40
38
40
59
41
42
44
40
42
49
53
31
35
40
43
29
44
31
43
46
51
44
45
40
46
49
50
54
35
34
48
45
55
48
46
38
46
32
41
45
47
39
38
36
33
41
55
43
38
40
45
40
50
47
42
44
35
49
37
56
34
41
37
49
52
35
36
32
37
44
40
41
39
54
55
43
37
40
39
40
48
55
36
44
34
36
31
36
44
40
51
51
55
47
34
41
53
44
49
49
50
42
43
44
29
49
47
40
36
46
37
58
50
33
39
44
27
36
42
44
44
32
47
45
49
33
40
46
31
34
38
36
48
39
42
45
39
44
48
46
50
34
41
40
44
36
42
48
40
43
34
41
49
48
33
52
48
37
46
40
34
43
38
41
44
27
35
37
40
48
40
38
46
49
39
44
47
38
37
38
43
35
39
39
46
45
48
52
44
47
64
47
50
43
50
45
52
35
44
48
33
53
31
39
39
50
49
45
42
38
51
37
53
46
33
31
40
45
36
41
44
50
44
46
38
43
39
42
44
35
37
43
37
38
46
41
38
43
46
46
37
44
40
44
41
51
48
39
37
39
30
42
48
49
36
40
48
53
52
42
42
47
34
41
44
35
34
49
34
40
41
36
38
45
39
32
40
39
46
42
46
40
47
41
32
41
48
47
47
46
41
43
41
50
36
31
32
42
45
45
43
39
34
45
38
47
44
46
33
41
32
45
41
37
47
43
38
46
36
32
44
46
49
43
34
42
45
45
40
42
44
43
39
44
46
54
50
39
34
35
44
35
44
42
40
28
33
48
38
41
35
43
40
39
29
39
44
32
44
47
43
46
40
37
39
42
44
45
41
36
46
40
57
49
45
49
60
44
42
44
35
44
28
46
41
53
49
40
50
34
41
44
29
39
31
39
37
32
46
44
54
44
36
38
42
30
55
34
43
45
41
41
46
32
41
42
47
37
34
44
45
41
40
46
38
42
40
47
44
27
39
32
53
44
50
42
38
34
44
41
41
34
44
37
35
47
47
55
49
39
44
43
38
44
36
53
47
34
36
40
38
52
36
33
54
57
32
47
44
39
40
35
50
46
44
34
40
41
47
42
52
42
47
42
53
36
48
31
40
44
49
48
45
48
44
40
38
47
31
34
38
43
54
50
34
47
39
37
48
37
51
55
41
42
45
36
38
37
48
34
41
48
48
39
37
33
38
34
31
53
49
57
36
37
45
44
48
49
56
36
49
40
37
46
40
37
42
59
54
47
51
44
48
48
57
42
40
45
46
49
38
55
40
51
29
42
53
49
47
56
36
45
47
52
48
39
45
40
41
34
53
44
43
40
38
34
43
42
40
47
46
40
43
43
46
44
43
33
43
53
52
46
40
44
37
42
52
39
46
48
45
38
57
38
43
60
57
50
55
51
40
47
41
46
34
40
44
37
43
48
43
40
34
62
42
49
41
47
45
54
63
59
60
64
64
41
47
47
41
51
56
52
51
60
53
37
36
49
36
27
42
34
34
40
42
47
49
48
41
41
41
47
43
45
44
42
43
43
38
41
49
35
50
41
44
48
38
43
45
49
45
45
43
44
31
37
52
33
46
47
44
52
45
41
40
51
47
41
44
46
53
47
44
45
38
39
60
37
38
42
40
57
48
45
45
40
41
53
54
45
46
31
56
42
50
38
45
47
55
49
49
47
60
47
38
45
67
39
40
45
52
43
58
41
46
57
43
45
38
51
44
41
38
40
44
47
43
45
43
49
37
46
42
49
44
46
38
41
56
48
44
43
50
45
44
37
48
41
49
36
35
53
41
44
48
40
44
39
45
33
44
41
40
54
52
44
46
40
38
41
43
40
48
44
49
51
50
37
40
46
49
47
55
45
38
44
45
40
44
38
47
45
43
40
46
43
44
50
47
51
32
45
30
37
41
37
41
35
54
44
53
39
54
40
49
47
43
56
36
37
46
41
44
43
44
38
43
37
41
50
45
52
44
40
50
44
35
50
45
54
53
40
35
49
52
45
57
46
52
41
48
49
36
39
47
41
49
41
24
43
38
47
41
53
46
41
48
41
41
45
47
43
38
61
36
39
35
48
46
49
43
37
38
43
34
40
46
31
41
46
35
36
35
63
45
58
52
45
49
37
43
41
28
30
55
33
34
32
40
48
30
46
43
28
29
49
39
24
39
44
30
38
41
43
29
39
36
32
42
39
39
39
29
38
32
28
32
39
48
39
37
38
36
38
30
38
35
39
39
38
51
36
36
37
35
32
35
41
32
49
35
48
28
50
22
30
36
24
37
39
38
34
34
42
29
29
36
39
24
32
30
41
42
38
38
32
29
33
29
35
42
30
42
31
36
44
32
45
33
35
42
29
46
34
35
41
37
36
45
31
21
34
27
43
46
24
45
34
47
33
28
40
27
34
43
38
30
46
42
41
29
40
37
32
32
33
46
24
30
40
41
26
26
42
44
25
31
24
30
41
35
25
31
47
37
27
38
34
43
38
36
35
40
31
32
43
35
32
37
36
32
41
37
37
30
45
41
30
26
33
39
34
37
32
29
33
33
30
38
44
34
34
38
30
34
32
28
37
35
38
26
31
30
36
33
33
29
43
30
39
27
39
45
34
37
47
37
36
33
29
22
31
28
36
39
40
40
30
34
36
34
33
33
27
32
33
28
30
25
40
31
37
43
38
35
41
38
31
35
26
33
35
30
20
36
45
45
36
34
40
32
33
36
38
43
42
39
31
34
36
39
32
37
40
31
39
31
30
29
32
36
39
33
35
35
43
31
33
29
30
41
36
39
38
36
29
35
33
37
31
29
37
37
28
31
38
35
30
34
35
37
25
40
37
34
33
26
36
34
22
34
41
24
42
46
37
46
26
34
27
37
29
29
25
38
36
35
24
22
38
32
41
38
35
32
23
40
44
35
42
39
38
32
41
29
29
25
32
30
42
34
38
44
33
34
42
29
27
40
40
42
34
42
28
39
34
30
31
37
28
35
42
25
36
35
39
30
27
34
34
33
34
42
31
31
26
31
40
33
24
33
35
25
28
27
21
42
25
33
30
28
33
40
36
30
35
26
32
36
30
32
34
34
33
35
36
34
25
25
33
21
37
33
22
26
31
48
34
30
43
27
30
32
26
27
32
40
36
24
26
30
47
25
50
29
22
37
38
31
30
33
41
33
20
43
26
27
21
43
34
31
32
31
35
28
21
38
30
31
27
27
29
34
26
22
24
33
36
35
29
28
23
28
25
25
43
37
32
27
27
24
39
22
43
32
30
27
19
27
30
35
20
31
27
31
34
27
19
33
23
31
32
26
29
34
31
32
38
26
40
33
33
25
34
24
27
43
28
37
42
29
39
25
30
28
34
34
24
29
26
29
28
38
31
26
32
32
36
37
20
25
26
30
36
38
37
35
38
26
23
28
25
31
41
27
31
25
31
28
31
32
26
31
26
19
32
38
35
23
38
33
27
32
33
31
26
21
29
26
27
28
46
25
30
36
37
25
30
32
27
47
25
29
27
29
35
30
30
41
36
34
30
29
32
31
31
40
19
31
27
32
31
32
33
34
29
24
26
29
29
33
36
42
20
26
29
34
33
29
23
28
23
30
35
27
24
38
31
31
32
36
29
21
23
22
31
16
23
35
23
34
26
42
31
30
31
39
36
33
33
34
22
28
35
34
38
36
23
24
27
29
29
33
23
34
32
32
24
26
40
29
24
31
30
32
27
34
47
34
30
26
24
33
30
33
26
26
32
36
30
32
24
23
33
34
27
26
32
30
25
20
27
24
33
24
37
29
28
24
33
40
31
24
25
29
30
35
24
31
35
25
41
27
30
27
26
30
20
25
26
20
22
28
18
29
32
31
36
29
28
24
28
27
18
28
26
22
21
33
22
23
23
25
26
24
23
24
30
30
23
24
25
24
17
32
22
23
21
14
18
25
25
17
30
21
22
22
20
20
28
22
25
26
20
20
23
13
14
20
18
20
19
18
14
31
23
27
18
17
21
22
20
25
20
23
20
27
28
25
24
29
25
25
26
19
16
19
24
27
29
20
14
14
28
25
20
14
21
15
23
23
18
32
21
19
18
25
22
25
23
18
19
18
13
19
16
13
26
20
19
25
15
17
19
22
20
25
16
26
27
25
27
17
18
18
17
30
22
16
17
26
20
17
24
25
20
23
25
20
22
25
18
25
14
12
11
30
19
12
17
33
16
22
23
23
27
21
17
22
16
19
24
18
16
17
17
30
18
32
20
14
20
15
20
21
19
15
20
19
18
19
11
19
16
23
22
16
29
18
20
12
11
28
22
29
22
13
20
20
19
24
27
18
19
21
26
14
14
19
19
21
24
15
17
21
19
14
19
20
27
18
28
22
13
18
24
17
25
16
24
15
18
13
25
19
21
18
22
17
24
18
21
22
22
16
25
23
28
22
23
31
26
22
30
32
40
59
73
105
197
308
441
588
846
968
1060
1088
1102
926
880
707
554
409
255
176
92
83
65
39
27
22
20
25
18
20
15
17
15
12
15
15
15
14
13
11
11
14
11
9
13
4
8
15
11
13
16
8
16
16
8
12
17
14
14
9
23
12
23
12
17
11
14
15
9
15
7
17
7
12
14
11
13
11
12
10
11
10
13
10
11
13
11
8
11
16
12
12
13
12
7
14
7
15
11
15
9
16
6
10
8
16
12
13
17
11
7
12
13
7
11
13
10
10
9
14
15
11
11
14
16
14
12
8
11
14
4
7
17
12
8
7
15
10
7
10
10
12
14
7
10
11
12
11
11
8
10
16
10
13
16
12
13
11
11
8
16
7
6
7
10
16
9
8
8
6
9
11
9
14
12
12
14
13
9
12
15
2
6
3
12
5
9
10
11
13
12
9
7
18
11
11
10
7
10
12
11
11
13
5
5
15
7
9
11
8
12
13
9
8
10
10
12
7
11
4
8
8
9
11
9
10
8
5
9
9
9
7
10
9
6
11
6
12
8
11
10
12
8
9
17
12
6
14
6
8
7
5
3
11
8
14
8
9
7
9
8
11
4
6
9
11
12
12
11
7
8
4
7
9
12
10
8
11
9
7
13
4
8
7
7
7
5
12
5
7
7
9
7
6
7
7
12
4
6
7
2
1
10
12
10
7
6
12
9
11
8
5
10
5
10
7
8
7
6
3
7
15
9
7
10
8
9
3
7
6
7
10
10
12
5
12
11
9
9
4
9
8
11
7
9
7
7
8
13
6
4
1
5
8
8
9
7
5
5
7
11
3
12
9
4
4
5
8
9
5
11
10
7
6
7
8
4
11
2
3
8
7
3
7
5
5
3
7
8
2
7
7
5
13
4
0
5
9
4
6
7
3
5
7
6
2
7
7
10
8
6
9
7
5
4
6
8
7
2
9
7
14
5
4
12
5
2
6
6
5
3
9
3
9
9
8
5
6
4
5
7
6
5
3
10
3
10
7
5
4
8
5
9
8
9
1
8
8
8
5
13
7
6
6
2
8
5
9
4
6
7
6
3
4
4
3
7
8
10
10
2
7
5
8
5
15
6
8
4
14
12
4
6
7
7
5
5
10
3
8
6
6
7
5
3
10
9
7
4
4
3
6
7
10
3
3
5
11
9
4
12
18
24
23
25
34
29
33
30
29
24
13
19
12
10
17
11
7
6
3
4
8
9
6
11
4
6
5
3
6
5
3
10
8
3
7
6
12
7
5
6
4
15
8
5
5
9
5
6
7
7
7
5
4
7
5
2
6
6
5
9
5
2
4
7
2
8
0
6
7
3
6
3
4
5
6
8
9
5
5
8
2
7
9
3
5
3
5
10
4
3
7
5
5
5
3
4
4
8
5
5
5
6
3
8
2
7
4
2
8
4
4
2
3
11
5
5
6
12
4
5
3
7
5
3
6
8
5
7
6
8
4
3
8
4
7
5
7
7
4
9
7
1
1
3
7
5
8
6
7
7
8
5
3
6
3
7
7
6
3
4
3
6
14
10
4
5
3
6
3
4
10
5
2
1
7
7
7
4
4
5
6
8
2
1
3
2
4
3
4
2
8
3
4
5
2
4
5
9
4
5
1
8
1
3
6
5
5
4
6
9
3
6
4
4
8
8
10
6
8
7
4
4
3
5
2
7
8
7
8
8
2
5
5
4
9
10
2
4
7
4
4
5
4
8
5
6
6
6
7
11
15
10
6
5
8
3
5
1
3
8
5
4
4
6
7
10
5
7
6
2
8
11
9
6
11
6
5
5
12
10
9
12
7
4
13
11
10
19
28
41
60
116
147
244
402
548
679
866
1026
1090
1144
1086
955
800
639
459
361
226
179
84
60
33
24
12
14
4
5
7
3
1
4
0
1
0
4
0
4
0
0
1
2
1
0
3
2
1
2
0
1
0
0
2
0
0
2
0
0
0
0
0
1
0
2
0
2
0
1
2
0
3
0
0
1
1
1
0
1
1
1
2
1
1
1
1
2
0
1
3
2
0
0
0
0
1
0
1
1
0
2
1
2
0
2
0
0
0
1
0
1
2
2
2
0
0
0
0
1
1
2
3
1
0
0
0
1
1
0
0
1
0
1
1
0
1
1
2
1
0
1
0
1
0
0
0
2
1
0
2
0
1
1
1
0
0
1
1
0
3
1
1
0
1
0
3
3
0
2
0
1
3
1
0
1
1
0
2
2
2
2
1
0
0
1
0
2
1
1
1
2
0
1
0
1
0
1
1
0
0
0
1
1
0
1
1
0
0
1
2
2
0
0
0
1
1
0
1
0
1
1
1
1
0
2
1
0
0
0
0
0
0
2
0
0
2
2
2
3
1
0
1
6
1
2
3
0
1
1
0
3
0
0
3
1
1
0
1
0
0
1
0
2
1
1
1
0
0
0
0
1
1
1
2
0
0
2
0
1
1
1
1
0
0
0
1
2
1
1
1
1
0
1
0
0
2
0
0
0
0
1
0
1
1
0
1
1
0
2
0
0
1
1
1
1
2
0
0
0
3
1
0
0
1
2
0
0
0
0
0
2
1
0
0
1
0
1
1
1
0
0
2
1
0
2
0
0
0
0
0
0
1
1
1
0
1
1
2
1
1
2
1
1
2
0
1
0
0
0
0
1
1
2
0
0
1
0
1
2
0
1
1
2
1
0
1
0
0
1
0
1
1
0
2
3
4
0
1
4
0
0
0
0
2
1
2
1
0
0
0
0
1
1
2
0
0
0
0
1
0
0
1
1
2
2
0
1
0
0
0
0
1
1
1
2
0
1
1
0
1
0
0
0
1
1
0
1
0
1
1
0
0
0
0
0
1
0
0
1
0
1
1
1
1
0
1
1
1
1
1
1
0
1
3
0
0
0
0
0
0
1
0
2
4
1
0
3
1
2
0
1
0
0
1
1
1
1
1
1
0
3
2
2
0
1
0
2
0
0
0
2
1
1
0
0
0
2
2
0
1
0
0
1
1
1
0
1
0
0
1
2
2
0
0
1
1
1
0
0
0
1
0
0
0
1
0
0
0
1
0
1
2
1
0
0
0
1
1
0
0
2
0
0
0
2
0
0
1
0
0
0
1
0
2
1
0
0
1
1
0
0
3
0
1
0
0
1
1
2
1
1
1
0
0
1
0
0
0
0
0
1
0
1
1
1
1
1
2
1
0
0
1
1
0
2
1
0
2
2
0
0
1
0
0
1
1
0
0
0
0
2
1
1
2
1
2
1
1
0
3
1
0
0
0
0
0
0
0
0
1
0
3
2
7
5
5
10
23
32
41
45
45
59
53
52
50
46
30
28
27
14
11
10
1
2
2
2
0
0
0
2
0
0
0
0
1
1
1
0
0
1
1
0
0
0
0
1
0
1
1
1
0
0
0
1
0
0
0
0
1
0
0
0
0
1
1
0
1
0
0
0
0
1
0
0
0
1
1
0
1
0
0
0
2
0
0
0
0
0
1
1
1
1
1
1
2
0
1
1
1
0
0
1
0
0
0
2
1
1
0
0
0
2
0
1
1
0
2
1
0
0
0
0
0
0
1
0
0
0
1
2
1
0
1
1
0
0
0
0
0
1
0
0
0
0
2
0
0
0
0
0
1
1
0
1
1
1
0
1
0
0
2
0
0
1
0
1
0
1
2
0
0
0
1
0
1
0
1
1
0
0
0
0
0
0
0
1
1
2
1
0
1
0
0
0
0
1
0
0
0
1
0
0
0
0
0
1
2
1
1
1
1
1
1
1
1
0
0
1
0
0
1
1
1
1
0
1
0
0
0
1
1
0
0
0
0
0
1
0
0
0
0
1
0
1
1
0
0
0
1
2
0
0
1
2
1
1
1
3
2
1
0
1
1
2
0
0
0
0
2
0
1
2
0
0
0
0
2
1
0
0
0
0
0
0
0
0
0
1
0
1
0
0
0
0
0
2
0
0
0
0
1
0
1
1
0
1
0
1
0
1
0
0
0
0
3
0
1
1
0
0
1
0
1
0
0
1
0
2
2
0
0
0
0
2
1
1
2
1
0
0
0
0
1
1
0
0
0
1
1
1
1
0
0
0
0
0
0
0
0
1
1
0
0
1
0
0
1
0
2
0
0
1
1
3
0
1
0
0
1
1
0
1
2
0
1
0
1
0
0
0
0
0
1
0
0
0
0
1
0
0
1
0
0
1
0
2
1
0
2
1
0
0
0
1
0
1
1
1
0
0
1
0
0
0
1
0
1
0
1
1
0
0
1
1
0
0
0
1
1
1
0
0
0
0
0
0
1
1
0
0
1
0
1
2
0
0
0
0
1
0
0
0
1
0
0
0
0
0
0
2
0
1
1
1
0
0
1
0
0
1
1
0
0
0
1
0
0
0
1
1
0
0
0
2
0
0
0
0
0
0
1
0
0
0
1
0
0
0
1
0
0
0
0
1
0
0
0
0
0
0
0
0
0
1
0
0
2
0
1
0
0
0
0
0
0
0
0
0
0
0
0
2
0
0
0
0
1
0
1
0
1
0
1
0
0
0
1
0
0
0
0
0
0
0
1
0
0
1
0
1
0
0
0
0
0
0
0
2
0
0
0
0
2
0
0
1
0
1
0
0
0
2
1
0
0
0
0
0
0
0
0
0
0
0
0
1
2
0
0
0
0
0
1
0
0
1
0
0
2
0
0
0
0
0
0
0
2
0
1
0
1
0
0
1
0
0
0
0
0
2
0
0
0
1
1
1
0
1
0
0
0
0
1
0
0
1
0
2
0
1
1
1
0
0
0
2
1
0
0
1
0
0
0
2
3
1
4
1
1
0
1
0
2
1
2
1
0
1
0
0
0
0
0
0
1
0
0
1
0
0
0
1
1
0
1
1
0
0
0
0
0
1
0
1
0
0
0
0
0
0
1
0
0
12
12
12
10
14
12
13
13
7
13
15
11
16
7
14
12
15
11
10
9
9
9
9
11
10
12
11
11
12
18
13
6
8
14
8
11
19
10
9
8
14
13
24
18
8
10
9
11
4
9
10
11
13
7
11
15
13
20
8
8
11
17
8
7
16
13
9
18
13
6
17
7
12
17
16
15
9
17
14
10
12
11
9
17
11
15
10
12
9
10
6
9
13
16
9
13
17
12
11
20
12
12
16
25
13
12
13
11
13
15
12
11
13
12
7
12
15
13
16
15
10
12
20
15
9
12
10
5
