0
0
0
0
0
0
0
0
0
0
0
0
0
0
0
0
0
0
0
0
0
0
0
0
0
0
0
0
0
0
0
0
0
0
0
0
0
0
0
0
0
0
0
0
1
0
3
2
3
2
1
0
1
1
2
2
1
0
4
5
2
4
1
2
3
4
4
4
1
9
6
5
6
5
8
19
13
16
18
21
23
23
26
30
36
48
46
62
56
61
83
95
113
146
131
183
237
255
264
377
385
499
568
659
733
879
1080
1145
1074
884
703
558
404
221
99
90
90
87
113
113
129
166
195
205
228
214
243
273
298
333
334
359
348
419
391
372
378
346
346
280
219
198
154
164
137
162
161
168
188
208
253
300
280
319
315
322
333
323
300
269
266
230
225
194
191
176
192
198
201
236
264
283
294
310
285
267
268
228
237
247
198
207
211
198
210
244
255
258
242
299
275
281
266
237
228
188
224
230
236
227
236
269
256
281
296
268
265
247
210
203
246
208
186
234
225
238
250
257
267
265
248
253
246
227
234
221
204
228
204
248
236
258
270
259
247
270
235
258
258
257
236
238
248
240
205
216
231
218
232
263
250
246
239
251
254
267
228
277
247
253
232
238
237
252
256
245
279
295
272
259
255
244
243
269
244
221
221
253
277
263
265
277
312
294
273
309
299
275
260
262
282
284
301
297
365
354
323
349
334
274
262
262
247
252
265
271
247
257
266
260
251
250
275
253
256
243
282
250
248
230
255
247
234
243
232
264
261
247
225
248
247
240
238
274
236
228
240
239
222
215
256
245
277
286
293
360
293
306
282
276
269
275
272
246
242
257
268
288
300
323
286
277
236
229
227
259
251
238
266
257
248
234
258
286
255
248
239
233
258
242
240
240
231
281
227
272
259
266
260
263
259
261
277
259
260
265
251
257
254
269
266
247
266
253
226
236
276
257
259
216
225
250
201
224
280
234
244
277
266
228
250
238
247
256
227
237
251
250
232
253
276
248
263
262
259
240
263
260
236
247
259
243
232
254
264
252
218
243
222
265
258
262
248
277
255
290
243
267
245
259
263
256
236
231
244
253
243
229
247
234
245
262
230
238
226
264
214
257
238
230
256
246
251
249
257
222
247
252
265
277
252
218
263
267
251
280
267
272
237
253
232
238
256
249
244
256
226
262
236
236
238
277
261
222
261
237
256
234
238
247
255
262
268
264
253
240
252
244
242
250
233
240
244
263
233
260
239
288
244
238
238
265
251
243
247
266
262
227
260
242
258
218
248
245
268
244
230
225
257
242
206
258
246
202
237
221
279
264
227
249
277
231
255
239
275
230
237
261
285
236
235
252
241
235
227
248
239
252
248
221
244
252
212
226
227
229
228
231
240
245
243
246
234
233
231
217
245
223
255
240
258
214
229
223
253
218
220
214
239
218
227
246
236
223
240
236
231
244
225
240
215
215
232
246
226
235
221
233
237
232
228
257
237
244
249
250
242
233
208
228
228
238
223
214
258
216
255
231
245
239
219
200
222
254
234
238
233
235
225
187
229
206
218
225
247
240
215
228
232
244
227
217
219
235
221
222
249
211
233
249
194
227
221
238
241
214
222
211
221
212
254
233
233
239
237
238
235
234
226
225
227
212
233
222
235
236
224
254
231
217
230
218
223
221
206
214
204
232
239
230
225
229
230
209
234
249
190
229
233
249
217
210
213
215
230
248
256
228
230
207
215
258
210
202
233
242
219
219
194
232
222
175
247
206
204
234
194
223
216
224
216
207
227
238
199
224
204
214
221
226
207
220
212
248
207
219
222
195
215
252
223
215
227
247
226
233
217
213
216
209
212
222
222
266
211
208
230
219
219
213
225
224
235
228
191
231
209
231
237
213
205
189
184
227
205
233
245
187
209
218
190
195
201
212
198
249
210
209
214
226
226
210
222
223
215
234
191
228
210
219
231
215
216
214
243
228
226
244
210
208
227
202
227
221
221
203
218
220
228
230
213
214
216
212
222
227
208
236
228
208
223
220
175
210
233
218
221
240
235
195
225
200
199
225
227
233
227
213
212
227
230
221
225
206
223
234
217
246
195
232
206
224
216
237
247
225
241
211
225
218
215
223
220
220
211
225
205
217
245
224
202
222
201
249
212
224
233
213
213
211
231
234
224
231
204
230
208
247
234
224
223
252
248
217
231
208
226
236
238
207
232
244
230
220
232
236
231
266
223
211
243
233
228
220
281
262
227
228
267
228
243
247
230
265
275
256
244
282
277
268
265
283
278
277
284
275
286
256
264
297
285
268
304
304
279
265
291
277
292
282
274
292
309
281
274
314
269
280
278
270
295
269
258
293
275
291
280
293
267
254
255
272
269
289
278
286
234
260
231
284
227
240
240
240
215
237
236
231
209
226
233
206
236
245
217
257
201
218
229
197
204
195
230
230
232
237
208
214
214
222
248
229
235
225
218
202
201
196
209
200
198
199
207
199
218
211
210
223
198
212
213
205
176
219
199
172
212
204
201
200
201
227
222
210
206
195
215
209
203
219
219
208
197
189
197
240
233
225
170
193
183
232
168
196
203
205
211
218
197
223
222
245
264
245
227
231
223
201
216
186
197
182
195
205
181
200
210
229
197
197
188
185
185
193
185
210
194
197
220
184
188
178
193
181
186
188
195
166
186
168
177
202
188
197
210
194
202
209
186
180
162
199
174
189
185
212
178
197
189
182
214
204
188
184
187
195
198
183
176
198
166
180
193
176
181
191
174
206
189
214
180
198
191
172
191
193
161
184
208
194
195
184
168
176
202
174
176
190
194
176
186
171
204
180
195
164
184
177
183
171
188
176
180
215
196
188
179
173
200
215
183
183
196
183
187
182
183
195
175
157
167
200
185
183
181
206
178
182
188
204
182
185
165
188
175
176
198
202
215
181
183
190
178
172
182
190
212
179
198
177
183
177
168
209
190
190
197
192
165
176
159
186
173
178
164
161
192
179
179
180
195
188
172
188
165
189
184
196
188
195
174
159
190
184
183
176
181
189
183
181
174
193
151
204
184
181
167
174
176
187
178
170
172
165
187
187
211
198
178
170
167
202
180
161
175
171
156
189
192
166
183
174
204
170
184
170
185
167
162
170
189
167
186
164
160
177
200
191
163
182
157
169
180
179
186
170
161
182
176
180
161
186
194
155
176
153
175
171
151
211
156
182
154
201
181
160
150
201
160
157
167
183
171
173
170
191
166
167
200
182
210
162
184
183
183
188
180
173
153
153
167
171
171
150
197
169
206
138
156
170
162
162
161
165
172
177
165
184
160
146
146
167
161
171
172
176
177
157
181
158
182
158
159
174
159
183
180
166
163
181
166
171
181
170
159
146
202
167
181
165
166
181
168
167
171
162
167
138
159
173
183
159
165
172
189
190
183
200
195
191
192
200
191
214
179
171
192
186
176
192
191
189
168
162
168
163
151
179
167
153
180
164
148
174
163
175
150
158
157
165
171
176
164
170
171
169
178
133
156
168
179
163
177
173
180
147
166
168
183
163
176
153
170
161
139
169
166
163
170
178
172
159
173
159
160
150
168
181
175
192
190
171
188
165
164
168
180
157
188
162
157
180
156
177
171
167
149
146
164
194
164
151
143
174
171
152
180
181
182
156
185
179
186
184
164
170
154
169
164
178
168
154
136
175
173
186
176
189
197
175
149
195
161
185
132
169
154
174
165
162
174
178
175
184
159
168
164
183
196
181
176
175
176
180
173
150
171
186
166
169
190
154
160
163
140
171
167
185
172
170
180
179
159
155
158
142
189
164
185
175
166
186
157
180
154
163
156
163
177
171
174
157
148
162
154
166
155
156
165
184
161
173
178
166
180
165
152
172
162
183
171
190
168
178
156
161
162
176
142
174
179
188
195
176
170
183
165
169
179
159
175
157
167
149
174
162
178
173
181
157
167
181
169
159
154
132
171
162
167
154
166
150
183
162
150
173
185
159
125
143
173
158
168
153
161
155
157
143
136
153
158
152
161
158
159
166
168
152
162
152
143
156
136
164
152
176
164
151
181
143
143
166
149
180
170
161
165
180
168
141
179
173
154
153
163
163
157
166
180
174
158
159
149
161
172
167
144
170
169
152
143
135
160
152
148
161
142
175
159
163
145
128
161
145
166
149
150
181
147
147
157
158
156
171
146
140
149
171
161
162
166
173
173
163
163
143
152
166
148
165
149
169
156
143
129
172
159
164
161
146
137
161
143
143
160
162
163
145
161
176
156
160
158
155
163
162
156
151
162
155
164
162
145
158
187
154
170
146
161
169
183
159
168
152
151
163
151
171
148
141
139
154
159
144
160
157
169
163
154
159
150
153
165
168
136
153
142
148
150
162
168
152
152
151
170
139
139
164
156
171
130
160
156
139
164
148
148
153
150
161
172
163
145
143
157
141
159
170
159
153
172
161
130
150
154
144
156
163
162
164
170
142
160
159
163
166
153
169
187
165
154
171
153
146
170
138
149
151
150
154
137
126
141
149
160
139
137
173
149
154
151
142
180
137
149
165
146
157
160
135
167
132
145
137
166
149
165
160
161
149
136
156
139
145
138
145
154
152
142
159
160
150
138
155
130
148
166
142
168
146
163
150
149
157
157
120
159
136
130
143
157
144
153
146
138
134
135
153
139
147
148
163
150
158
143
167
151
174
156
146
152
152
160
156
136
143
130
155
170
153
145
159
143
145
163
151
141
134
148
162
150
147
143
139
157
158
147
144
148
142
140
139
130
157
143
141
155
164
149
143
147
155
150
157
157
162
164
161
160
165
136
145
167
160
144
163
146
163
142
158
140
158
143
135
151
150
140
140
152
142
149
147
141
174
154
148
142
147
156
133
178
152
159
120
150
159
150
150
142
151
138
130
146
158
148
140
161
161
143
161
145
140
148
152
136
153
140
127
158
153
145
152
137
140
167
145
143
141
152
146
157
165
114
148
146
159
130
151
146
159
132
141
158
139
148
156
162
158
145
148
133
155
157
155
144
171
133
153
132
136
154
138
128
125
155
151
154
134
135
150
151
146
145
131
150
148
122
147
139
142
175
142
155
130
133
127
125
141
150
143
161
141
136
133
161
153
155
133
159
143
142
124
148
147
141
142
140
158
150
133
158
144
127
137
140
160
144
146
157
135
151
141
134
155
152
157
158
147
157
148
166
145
130
136
148
140
154
142
152
141
138
154
151
130
156
161
137
142
144
134
135
133
128
162
141
144
121
152
150
173
139
116
143
153
138
149
141
155
156
144
149
145
156
138
157
150
143
177
145
159
129
149
128
169
120
156
155
164
132
138
130
143
164
140
130
140
129
121
145
145
145
138
146
161
161
144
146
148
146
165
161
134
173
137
119
143
149
149
129
147
153
153
159
136
148
151
145
128
136
148
160
133
149
124
156
156
144
151
160
141
149
131
147
127
144
144
155
140
146
137
146
136
136
159
121
148
127
157
150
150
129
126
125
149
122
138
172
149
147
163
142
141
152
133
140
119
154
143
138
144
114
127
163
133
144
151
153
126
155
160
151
143
153
167
143
149
152
136
134
149
146
160
144
134
140
137
154
152
157
157
150
134
153
141
143
138
131
124
145
147
126
122
142
153
155
147
128
155
156
151
118
139
137
138
139
122
154
118
134
142
146
168
144
161
132
135
154
136
129
163
139
139
144
136
149
144
139
140
143
160
158
164
141
147
156
161
164
136
146
167
163
190
172
184
173
182
175
177
182
163
147
167
119
158
143
146
152
145
158
131
158
129
127
163
143
151
153
120
161
147
137
155
157
137
163
151
133
155
140
139
156
147
130
140
134
140
134
118
141
153
146
152
151
137
153
137
161
126
150
160
146
128
141
139
139
139
143
125
140
115
140
153
144
152
140
152
165
127
142
146
142
124
135
142
121
157
146
139
133
152
136
141
151
150
158
128
144
144
148
127
129
128
155
152
148
143
126
129
154
138
154
129
142
156
147
137
140
155
134
121
151
141
146
131
152
133
160
157
146
127
144
137
133
139
133
152
137
132
151
149
121
126
137
149
147
139
140
143
138
142
149
139
142
127
145
137
153
137
146
133
174
124
137
146
141
119
120
126
137
153
133
129
136
129
165
136
160
138
148
155
146
159
130
136
144
149
133
149
144
136
159
139
149
125
151
150
148
135
128
131
140
141
133
124
132
129
142
140
142
138
130
146
143
122
142
155
139
148
129
143
140
128
120
165
143
144
127
148
142
147
149
128
150
152
131
146
123
135
143
136
148
135
141
124
134
150
141
146
156
159
135
114
143
133
136
148
152
141
155
126
131
142
155
123
143
168
143
127
140
159
148
132
122
148
150
157
151
147
138
162
134
164
151
113
157
148
136
129
156
143
130
147
148
175
145
136
113
139
141
144
143
127
153
155
137
125
133
126
141
133
140
157
141
135
157
147
128
138
168
126
123
127
158
137
137
146
149
162
132
151
153
121
153
130
147
134
137
167
147
167
137
121
125
147
144
159
126
157
141
130
125
137
151
129
140
174
133
126
134
129
163
164
140
143
127
127
156
136
154
157
166
160
159
149
185
173
162
162
132
133
143
154
141
135
141
144
134
147
140
136
138
147
139
163
132
137
138
150
113
126
170
158
140
128
168
139
136
121
142
141
120
136
135
141
151
158
149
143
148
148
145
144
142
166
124
145
148
133
156
133
139
136
138
129
130
130
132
135
112
147
131
143
115
121
129
174
129
144
123
153
153
155
138
135
150
153
146
142
125
139
139
141
152
127
142
158
153
130
158
144
152
142
151
162
134
150
129
150
145
138
162
137
160
136
136
150
117
133
136
131
143
142
136
128
138
162
144
141
153
160
140
158
172
147
169
164
163
176
161
140
155
129
165
138
140
146
168
150
144
140
162
150
145
138
135
152
145
161
147
122
145
143
149
147
147
156
139
156
134
151
142
127
138
126
156
151
165
128
125
130
143
124
141
141
148
137
147
146
148
168
151
134
159
167
123
134
151
160
165
155
151
152
145
146
130
132
140
140
141
176
112
130
181
155
128
136
148
133
136
126
157
132
140
147
147
140
150
157
142
152
119
149
158
146
167
140
147
142
131
144
123
118
131
138
149
150
127
136
130
131
170
175
141
147
135
158
148
129
142
155
136
137
139
155
143
150
152
110
152
122
143
143
140
114
152
143
157
126
137
142
146
148
142
146
135
165
143
134
138
140
159
148
164
154
140
145
143
135
156
145
138
121
130
143
124
155
138
131
144
155
137
123
126
155
170
156
158
134
172
122
161
165
128
156
134
147
132
144
129
166
159
147
138
150
155
130
129
155
130
153
130
161
139
157
132
158
145
164
142
171
169
145
146
151
143
145
144
147
144
146
147
153
145
123
140
138
138
166
118
118
138
142
162
155
141
131
148
151
140
167
136
139
128
164
150
134
154
157
158
145
156
157
141
143
153
160
162
154
145
140
161
159
144
160
145
146
128
160
175
143
142
148
143
141
155
154
154
148
149
139
165
154
134
142
166
142
148
154
153
171
154
153
164
157
161
145
159
134
143
128
154
170
139
148
133
139
138
145
159
150
133
149
152
136
153
131
147
148
134
152
139
152
147
157
150
150
132
162
125
141
156
176
149
125
142
129
149
135
127
145
149
138
148
145
128
141
137
146
154
159
135
148
150
141
142
132
151
147
164
152
170
148
155
140
168
152
161
143
114
150
152
135
139
149
172
142
160
163
157
170
142
150
131
168
138
150
169
154
139
153
157
128
150
145
129
154
128
152
171
142
166
143
166
132
170
147
136
140
134
144
148
149
122
171
131
136
137
154
133
149
146
150
142
133
139
131
149
151
168
164
142
146
132
137
149
144
170
139
160
163
134
144
149
154
148
157
140
148
151
137
146
142
150
157
130
149
147
151
145
150
149
166
156
158
171
183
135
137
127
155
148
152
150
147
149
156
146
156
172
134
159
132
166
156
139
121
177
147
133
164
147
171
151
170
158
162
186
130
160
153
143
166
152
177
146
154
151
130
148
157
157
156
186
152
151
182
165
156
155
159
149
164
166
152
182
156
129
166
170
165
135
138
165
167
143
136
153
150
161
160
152
153
146
174
134
135
162
130
139
145
150
167
158
155
136
129
149
145
159
171
130
146
136
154
145
148
157
142
174
156
155
163
141
161
167
163
171
167
138
153
149
146
131
148
144
156
145
150
139
153
145
142
153
163
161
117
159
145
146
149
156
155
161
151
164
161
144
152
155
136
143
133
148
137
149
136
144
148
142
161
184
145
153
151
147
188
147
157
167
161
144
171
153
164
153
169
174
150
165
128
149
147
163
143
152
131
157
163
153
155
171
179
139
133
146
143
160
149
142
167
147
166
150
147
153
149
177
139
169
149
133
153
164
164
159
144
165
148
170
167
150
164
155
147
155
144
163
167
148
165
179
180
131
164
165
144
182
165
186
161
167
139
185
141
172
144
155
161
159
155
183
161
153
165
145
171
149
169
143
162
180
154
157
175
146
164
178
181
154
162
154
154
168
176
166
150
148
149
140
158
173
156
165
160
164
151
153
167
152
151
150
161
166
169
186
145
178
153
160
150
145
161
146
148
178
144
159
189
134
155
153
181
150
140
165
147
156
159
161
155
170
183
130
168
154
152
166
155
173
168
164
165
153
174
163
156
168
158
139
169
165
148
163
156
143
146
180
143
141
175
185
163
164
174
159
158
155
159
171
186
167
161
141
177
151
153
170
183
186
171
179
183
163
157
179
149
178
129
186
182
163
149
160
142
187
183
153
181
150
155
165
170
171
168
145
149
167
153
170
164
180
176
165
156
169
174
154
164
154
160
158
179
157
158
164
170
173
175
163
165
166
176
146
181
186
172
167
157
187
172
157
160
164
163
171
166
146
194
187
183
155
171
146
160
177
187
161
171
188
167
165
155
148
179
180
165
169
185
174
146
172
170
166
173
194
179
191
158
163
184
175
192
140
150
171
186
157
169
188
191
169
185
147
179
157
185
179
169
185
187
171
169
153
173
139
168
154
171
186
177
155
149
157
140
182
192
176
166
176
173
147
170
185
168
164
142
164
184
183
166
149
180
162
170
170
182
152
186
157
170
179
180
154
155
157
154
183
181
208
148
161
170
160
198
188
158
179
167
177
185
164
152
172
172
162
176
165
143
176
189
189
161
189
173
170
185
175
185
157
181
162
181
179
158
175
168
178
155
194
181
153
153
170
174
181
185
176
158
160
184
175
149
158
184
178
166
150
177
150
188
148
165
185
168
157
152
203
196
204
193
190
167
186
190
186
222
183
201
200
209
165
168
187
180
178
174
181
165
173
178
167
174
159
179
184
183
177
176
178
183
192
179
175
178
182
187
185
174
173
168
193
170
195
172
186
166
182
171
175
175
167
168
169
189
168
196
191
182
175
173
162
169
197
209
179
187
175
143
170
179
184
209
200
162
187
194
169
168
202
187
176
152
204
204
165
185
189
198
168
176
162
178
183
185
183
149
187
173
186
193
187
213
181
148
186
177
175
184
189
182
190
190
205
195
184
163
190
174
208
192
179
184
163
191
199
178
188
187
171
182
177
193
160
185
189
189
161
200
212
213
174
174
194
167
168
179
184
161
161
189
199
175
151
177
202
195
183
173
217
200
181
197
189
202
198
193
193
174
181
199
164
159
169
202
184
197
197
180
184
184
186
233
203
185
170
178
188
186
199
192
173
164
151
209
195
192
177
195
189
207
178
209
194
208
187
199
191
208
178
216
216
176
186
204
162
192
213
192
185
194
190
194
204
172
175
190
206
204
209
194
192
167
177
201
192
207
190
197
190
189
193
198
194
190
162
218
195
186
184
182
214
199
213
201
207
191
185
204
203
210
189
191
184
185
194
189
192
219
184
199
184
205
201
185
209
228
198
176
197
198
199
199
173
168
198
187
190
204
197
190
190
175
180
198
202
189
225
200
186
206
215
219
210
187
202
215
201
210
202
204
202
194
197
215
200
217
199
221
201
198
219
203
215
227
220
198
225
186
185
193
214
188
237
210
189
211
228
209
211
186
197
202
208
223
206
201
185
221
204
228
178
214
217
183
198
235
214
227
211
219
194
235
226
234
211
206
176
216
206
194
224
210
215
197
214
187
225
214
210
210
214
220
216
192
210
240
235
216
195
191
215
222
208
205
186
220
209
210
208
220
175
212
216
229
217
244
219
231
227
216
222
204
198
228
212
209
238
215
205
237
223
248
216
225
204
219
226
238
191
213
206
207
221
192
235
214
232
248
209
232
204
213
247
197
223
234
197
224
231
192
226
212
230
203
244
204
225
217
227
223
223
252
237
246
237
233
234
229
205
215
220
250
212
204
239
199
237
257
225
220
244
242
239
227
213
211
235
237
229
208
226
257
223
200
234
214
233
225
207
213
229
263
227
220
206
247
219
247
211
231
209
201
242
218
241
200
231
226
241
235
280
213
206
216
227
228
235
254
261
239
254
206
226
223
242
259
228
235
214
217
219
211
263
226
239
252
243
224
254
251
220
235
272
223
220
228
255
226
238
248
231
238
246
232
242
247
237
252
220
256
240
206
243
236
236
219
240
231
249
230
218
225
223
219
232
225
271
274
254
257
243
218
207
239
219
251
246
266
234
209
249
236
244
243
244
249
249
259
250
246
215
256
247
250
239
257
234
224
235
245
234
222
245
257
231
245
272
219
257
227
262
252
240
255
243
248
243
257
244
245
233
254
233
242
251
239
291
238
244
234
251
250
232
243
242
233
249
248
240
234
231
245
247
241
240
237
234
269
251
249
218
242
268
240
251
274
228
259
254
247
250
254
247
248
196
242
237
252
219
217
272
230
259
231
239
257
268
260
240
214
254
244
233
243
230
239
237
212
217
230
240
235
245
260
239
212
260
222
214
222
217
240
239
209
233
190
219
254
206
230
228
240
202
209
235
206
265
200
188
230
206
209
222
205
211
200
182
226
189
190
197
180
192
225
209
200
207
212
217
185
197
191
193
193
207
203
189
223
203
178
191
200
193
204
174
195
187
195
165
194
220
203
191
173
199
202
193
188
177
186
188
198
217
202
178
184
210
195
187
192
187
188
192
165
187
178
171
179
186
169
194
166
180
182
180
185
202
174
176
196
188
159
187
193
182
175
174
179
176
187
203
191
172
183
164
188
184
170
202
189
206
173
201
192
195
212
195
194
175
172
169
182
206
202
185
193
164
193
194
170
168
195
176
169
183
169
155
200
184
154
187
191
181
187
191
183
190
190
187
155
174
168
174
204
199
153
183
195
199
185
158
152
198
187
172
182
160
208
149
185
195
183
194
182
194
197
177
179
169
184
198
172
160
180
165
172
174
181
188
158
201
200
187
143
179
184
181
163
179
196
174
185
182
168
163
187
169
166
160
173
174
187
191
154
181
184
173
177
179
166
158
177
167
167
179
167
183
165
170
173
167
178
182
191
162
175
177
168
158
177
194
188
197
173
185
169
165
163
169
159
176
161
182
170
157
181
183
192
164
162
170
173
163
153
180
176
178
189
186
178
165
166
157
166
190
175
165
208
169
188
170
165
150
181
165
163
210
164
179
158
171
161
163
178
153
184
168
171
190
183
183
165
171
144
159
154
169
166
170
164
174
166
168
153
170
166
200
179
175
149
156
187
163
164
180
169
181
157
176
202
186
173
189
147
181
166
147
170
163
168
156
172
171
182
173
191
163
179
177
167
168
156
178
174
176
167
148
152
167
152
167
168
157
176
178
161
187
152
173
174
153
172
166
159
166
155
170
156
153
190
180
187
171
166
184
178
172
174
163
154
173
161
184
151
190
164
162
177
172
173
171
156
132
167
161
182
150
161
151
153
180
171
177
151
182
173
176
143
165
145
161
160
166
139
196
126
170
175
167
155
162
155
179
167
170
146
166
164
161
156
167
165
167
163
157
147
158
147
169
153
179
176
167
159
168
189
172
143
138
169
180
150
172
154
161
155
157
148
166
176
149
136
151
156
168
189
139
146
178
130
163
155
153
147
171
145
155
187
185
160
187
161
155
157
134
133
163
161
157
152
147
164
140
154
174
130
155
168
154
170
151
140
132
147
154
155
146
154
150
171
159
153
143
137
141
155
159
208
173
182
144
162
147
167
168
152
146
155
158
150
162
156
169
149
159
149
147
161
161
159
172
145
174
152
170
161
136
187
164
163
136
151
168
159
160
142
161
150
150
152
142
177
158
148
139
153
175
141
141
167
163
154
153
155
160
156
155
164
166
163
168
151
156
172
136
143
155
133
161
153
147
144
154
142
171
167
162
148
160
154
178
164
157
139
172
153
146
168
148
156
152
171
166
160
158
154
149
133
172
168
168
162
166
172
153
162
175
151
167
165
176
155
153
175
164
165
165
178
128
173
177
177
162
181
176
151
133
167
159
163
144
142
161
174
161
150
168
159
158
179
170
150
174
153
178
152
158
147
160
150
166
158
166
150
156
152
148
161
153
145
164
156
174
147
165
148
157
175
161
158
180
150
177
159
174
169
150
181
170
162
163
172
164
150
173
167
162
170
131
135
149
149
158
164
145
181
167
152
148
191
160
163
142
163
161
152
168
150
169
153
160
142
164
156
161
159
156
158
178
146
166
179
147
144
154
145
162
134
177
156
156
139
145
159
152
149
138
143
147
154
156
150
172
139
132
152
144
166
158
148
142
146
153
142
148
150
116
119
132
122
119
134
129
105
105
130
135
139
121
129
124
113
127
129
119
110
120
115
104
100
123
110
121
89
104
112
138
108
95
99
96
96
119
106
95
114
111
121
99
90
107
86
104
101
119
116
100
101
102
92
96
118
115
104
95
95
115
89
101
96
100
110
96
100
101
105
88
89
123
91
89
93
85
99
72
98
105
90
110
98
95
98
108
92
97
102
103
104
116
94
81
88
98
85
98
98
106
115
80
98
110
101
89
96
111
96
84
90
87
100
95
94
103
76
102
88
85
89
80
85
91
83
101
86
87
88
93
87
90
77
87
92
93
92
108
83
102
83
103
84
84
84
87
89
92
79
85
109
100
87
91
85
92
83
113
83
80
90
84
83
89
95
76
82
101
84
102
100
96
104
101
92
100
108
87
96
101
101
97
111
109
89
87
94
93
102
106
88
109
111
87
103
110
98
111
115
100
118
110
97
113
114
103
108
108
111
103
127
116
114
102
130
129
124
130
121
124
113
120
132
127
142
106
128
140
129
118
138
149
132
139
126
157
105
123
136
130
135
144
100
154
146
156
136
136
146
145
125
166
160
140
164
154
152
155
158
163
165
157
182
185
191
201
215
195
259
311
421
577
964
1459
2075
3085
4352
5412
6619
7428
7817
7672
7242
6111
5149
4028
3192
2447
1862
1359
1120
864
652
502
449
363
263
218
148
153
107
113
94
99
100
108
71
80
80
67
71
65
57
73
64
70
60
77
52
64
72
60
62
61
64
53
70
69
48
53
63
80
57
52
48
62
62
52
54
57
61
57
63
64
61
52
57
50
54
66
58
60
62
47
60
60
56
57
52
47
68
56
63
49
59
55
57
45
54
59
47
53
47
37
53
51
50
50
52
59
54
48
50
48
55
54
64
59
38
60
42
56
42
53
40
41
47
46
46
51
45
48
50
44
55
48
55
43
47
38
43
47
54
44
39
44
48
55
32
43
34
39
36
52
49
50
41
47
50
35
48
41
43
54
36
39
39
48
43
35
52
56
34
37
31
48
41
47
47
55
42
40
45
46
37
37
28
34
42
45
43
34
39
37
32
39
40
39
44
38
37
35
46
37
35
34
36
34
32
42
32
38
34
31
41
38
43
45
35
35
37
33
36
38
32
34
36
41
43
45
41
26
26
41
31
30
26
35
40
32
34
30
35
32
39
41
29
22
31
33
33
31
20
33
22
20
37
29
33
23
22
20
30
32
28
29
23
27
27
29
30
28
26
24
31
23
22
27
28
25
28
30
22
25
29
33
28
26
41
21
31
39
27
32
32
35
32
40
29
28
24
30
37
26
23
23
22
29
24
26
35
28
29
25
41
26
28
28
32
24
23
20
24
34
17
25
14
27
23
21
26
31
22
27
24
17
27
28
22
34
17
28
28
24
25
29
39
18
19
25
16
26
20
17
26
27
29
18
21
25
26
20
21
22
26
18
21
19
15
29
27
34
23
31
19
21
19
19
24
15
22
19
21
38
20
22
20
18
29
20
21
15
24
18
22
23
32
25
21
14
13
24
17
21
23
21
15
16
17
20
20
22
25
22
19
24
16
25
14
28
19
13
20
17
18
26
16
26
23
11
22
17
22
20
22
13
26
11
19
15
19
11
18
14
21
11
20
12
23
16
28
18
23
26
18
21
16
15
20
13
20
20
15
26
22
28
17
16
21
17
19
23
15
22
18
15
24
18
22
14
19
18
24
14
21
17
8
17
22
20
18
24
19
22
14
18
15
21
16
14
18
25
16
17
14
18
21
13
21
25
29
22
15
19
17
20
20
21
21
28
29
23
20
22
25
31
23
24
25
28
25
17
25
23
18
18
16
9
11
18
14
13
12
11
16
18
14
23
18
24
15
12
15
21
16
21
15
16
17
12
14
19
17
11
19
23
18
13
15
22
17
17
23
15
11
11
13
21
17
12
24
13
17
21
17
17
16
24
14
23
14
26
10
15
23
22
21
14
25
16
23
18
10
19
18
14
16
13
13
13
18
14
18
19
15
12
18
9
17
14
17
13
17
11
19
13
12
19
15
15
19
17
18
14
17
12
22
12
21
11
23
11
14
17
18
10
13
23
17
14
12
12
15
9
20
20
16
17
20
6
21
16
23
17
14
14
19
25
16
17
19
19
20
23
17
18
15
19
14
20
18
14
21
12
21
20
21
20
15
18
16
10
19
22
16
17
14
14
11
14
21
20
18
16
13
17
16
17
12
16
12
22
16
24
12
18
16
18
28
23
18
24
20
27
27
29
20
22
20
27
23
39
32
27
39
26
34
24
29
34
36
26
39
39
36
29
50
36
30
42
43
37
47
50
60
37
43
57
47
44
40
48
51
42
58
57
48
47
76
57
66
60
53
61
50
67
57
63
63
61
70
75
66
72
78
63
75
63
85
79
79
72
82
90
92
95
80
89
107
103
99
91
106
133
106
136
125
171
185
231
362
601
939
1425
2149
2880
3966
4988
5946
6521
6637
6502
6214
5415
4561
3683
2874
2123
1661
1287
954
732
561
448
334
258
181
154
105
94
70
50
23
35
28
23
16
18
13
17
7
3
9
8
9
8
5
7
6
5
7
4
7
3
3
5
3
7
1
5
7
6
4
5
5
8
2
4
9
5
2
1
3
5
7
4
5
3
5
10
6
10
5
7
2
3
5
3
4
5
4
6
7
5
5
10
3
4
7
4
7
7
7
6
5
4
3
4
3
7
3
4
3
2
5
3
5
1
2
4
4
3
5
3
7
4
4
6
3
3
7
3
4
9
1
7
4
3
2
4
8
3
6
4
4
4
7
7
5
3
1
6
2
0
3
3
3
5
6
4
5
1
5
6
6
5
1
4
7
4
2
3
4
3
3
3
3
5
5
1
4
1
2
5
4
5
6
6
2
5
4
1
3
9
6
3
6
3
11
3
4
4
5
4
5
3
2
0
6
5
6
5
5
3
2
2
5
4
6
2
7
8
6
5
3
0
1
6
4
4
6
6
5
8
5
5
7
11
5
7
6
3
5
2
6
2
7
1
2
4
4
2
4
2
4
5
7
1
5
2
4
2
5
7
5
1
4
1
2
4
4
3
1
4
3
3
4
4
2
3
5
2
5
9
3
4
2
4
6
1
3
5
3
1
3
3
3
4
6
3
2
0
7
7
2
2
3
4
4
1
10
0
5
4
5
3
2
3
2
7
3
5
1
1
5
4
2
2
3
6
4
8
4
7
2
4
3
1
3
8
3
3
5
4
2
7
5
4
4
5
3
1
3
4
5
4
4
7
5
1
5
10
2
1
5
1
8
3
2
2
2
2
4
10
1
2
3
3
5
1
4
4
3
3
3
3
4
7
0
1
4
4
3
5
7
3
3
7
1
2
1
1
6
4
8
5
4
4
0
2
1
5
2
3
6
5
0
3
3
2
3
4
3
1
2
2
5
3
5
1
7
3
2
6
4
2
2
6
3
3
7
6
2
2
0
3
3
4
3
6
6
1
4
6
4
3
0
4
1
0
1
3
0
4
2
1
4
3
3
1
3
4
3
3
0
1
6
1
4
3
1
4
3
1
4
5
1
7
2
4
3
5
5
0
4
2
2
4
1
5
4
6
5
3
2
3
5
4
1
4
3
3
1
6
4
0
1
2
3
0
1
3
1
2
6
2
4
2
0
5
2
6
2
0
3
3
4
4
4
4
3
6
3
1
5
1
7
1
3
4
2
1
5
3
5
4
3
0
6
1
4
6
5
3
4
4
2
4
2
3
3
7
2
3
2
0
4
4
10
3
2
3
1
4
1
0
6
4
4
4
3
3
2
3
1
1
3
1
3
0
1
3
3
6
4
5
2
2
6
3
4
0
6
3
4
3
5
2
2
6
6
4
3
6
3
3
5
6
3
1
1
3
4
4
4
1
4
6
5
6
2
6
4
4
3
5
6
2
3
4
11
7
10
11
18
24
37
34
31
56
58
70
69
62
57
41
37
36
22
18
11
17
10
6
5
10
6
3
5
3
3
4
2
0
1
3
2
4
6
8
5
5
2
3
5
1
3
5
6
2
2
1
1
8
5
3
2
3
2
1
3
0
2
2
2
1
0
2
1
1
4
2
2
2
3
1
5
4
3
3
2
2
2
4
2
3
5
3
2
1
1
3
2
2
3
4
1
1
2
1
2
0
3
2
5
2
1
0
3
2
4
2
1
2
2
3
5
3
0
4
1
4
2
2
4
5
4
0
3
3
2
3
5
5
3
4
3
1
4
5
3
2
1
1
0
2
5
4
5
0
1
1
2
5
3
3
1
5
4
2
2
3
1
4
5
4
3
3
1
3
3
4
2
2
4
4
3
3
2
4
3
5
2
5
3
6
4
1
0
5
2
2
3
1
4
2
1
1
1
2
5
0
2
5
1
0
2
2
2
2
2
4
3
5
6
2
3
4
3
2
3
6
3
2
5
0
2
2
5
8
2
3
3
2
1
3
2
4
0
1
0
5
1
2
2
1
6
1
2
3
4
2
3
6
5
3
4
3
1
6
2
2
5
3
1
2
4
6
2
4
1
1
3
1
1
1
3
2
4
4
1
1
4
0
2
2
4
1
8
1
1
4
3
0
9
3
2
3
1
2
3
4
0
2
2
2
3
1
3
4
4
5
2
3
2
1
2
5
0
2
0
2
5
3
0
0
1
3
1
2
3
5
2
2
1
5
1
3
1
4
1
2
1
3
1
5
3
2
1
1
3
2
3
6
5
1
2
1
3
1
1
2
2
0
8
3
3
1
3
3
5
1
4
3
4
3
1
2
2
2
4
1
1
0
2
0
1
1
1
3
3
1
4
3
4
7
4
4
2
3
1
0
4
6
3
1
1
2
1
2
4
2
0
3
1
5
3
2
4
3
6
4
1
3
2
3
3
3
5
5
2
3
4
2
3
1
1
3
2
3
1
3
0
4
1
4
1
2
3
3
3
3
2
2
2
1
1
1
0
0
2
1
1
2
4
3
5
1
4
2
5
2
4
3
3
2
2
3
0
4
1
3
2
0
1
2
2
3
1
3
2
4
0
4
5
1
2
2
2
2
3
1
3
3
3
3
0
1
4
5
3
4
0
2
3
2
6
2
1
4
1
2
3
3
1
1
3
2
3
2
2
4
3
2
1
3
3
2
5
0
4
2
1
2
2
2
2
3
2
0
3
2
0
7
2
1
5
2
2
2
2
1
1
7
2
3
1
5
0
6
1
1
1
1
4
1
3
2
3
3
2
2
2
1
4
1
2
3
2
1
3
7
3
1
3
3
2
3
1
1
2
3
5
4
4
3
0
0
4
0
3
1
3
5
2
5
2
2
1
2
2
4
2
5
1
2
2
1
1
3
5
2
1
3
0
3
3
4
0
2
5
1
0
1
3
5
2
3
3
3
2
4
6
3
3
3
2
2
4
1
5
2
3
2
1
2
1
2
4
3
2
2
3
2
1
3
5
8
5
3
1
2
4
4
4
2
5
4
2
2
2
0
3
1
2
5
8
2
2
2
1
5
4
4
2
1
3
3
3
2
1
4
0
4
0
6
6
58
53
48
45
51
47
43
51
50
60
65
49
50
48
55
52
35
64
45
52
48
47
51
55
38
59
51
57
39
41
53
44
59
46
54
53
49
35
38
40
62
48
57
47
50
43
48
59
48
48
45
59
52
63
56
46
43
49
44
66
58
66
42
46
42
52
52
44
57
44
46
50
50
44
45
48
52
47
42
43
59
44
43
56
62
44
59
53
48
50
41
44
51
54
49
57
54
45
51
36
52
50
47
58
52
61
44
53
45
40
42
49
43
45
43
49
53
49
39
45
62
40
55
48
45
44
45
23
