0
0
0
0
0
0
0
0
0
0
0
0
0
0
0
0
0
0
0
0
0
0
0
0
0
0
0
0
0
0
0
0
0
0
0
0
0
0
0
0
0
0
0
2
0
0
0
2
5
2
3
1
4
5
6
2
5
4
3
6
2
4
3
5
3
7
5
7
8
5
7
9
11
10
10
10
25
18
18
17
20
29
24
40
48
55
59
65
82
109
94
117
136
165
191
215
256
287
343
397
440
501
610
700
842
934
1145
1264
1145
1045
842
731
563
345
181
165
164
140
177
152
175
206
215
266
295
295
337
343
359
391
383
403
443
452
472
463
443
460
387
359
302
254
212
213
199
224
202
241
248
241
303
308
334
332
359
353
381
374
366
351
312
283
271
270
263
245
240
259
264
303
305
334
322
354
360
350
339
286
300
243
283
253
266
254
267
266
258
306
343
327
321
319
305
328
274
266
264
253
249
239
291
269
320
346
319
313
285
275
307
270
258
267
246
261
277
323
286
263
290
297
303
312
295
264
283
291
266
275
252
286
271
288
301
298
314
267
298
311
264
250
267
296
279
302
269
268
292
301
305
266
285
303
295
295
261
283
289
259
301
279
276
269
297
244
265
281
285
250
269
260
277
265
277
293
285
294
283
270
256
297
267
271
271
302
251
258
287
270
285
278
261
286
271
262
308
309
245
272
266
275
316
312
299
291
303
276
314
313
286
316
281
295
305
280
280
276
286
278
306
260
274
272
307
266
278
273
272
265
279
313
289
284
263
276
271
296
280
278
269
321
277
248
287
299
308
278
287
322
286
278
276
274
272
291
300
317
283
298
270
300
275
296
286
308
259
305
268
276
269
277
294
292
304
248
286
322
286
301
284
311
295
297
298
299
302
276
311
270
306
306
278
278
288
266
292
272
286
305
295
287
268
292
279
315
278
297
272
275
265
274
303
270
259
290
298
280
315
290
299
269
300
302
312
305
241
262
291
290
270
294
268
288
289
273
288
281
292
300
287
304
292
293
296
271
316
305
296
283
255
265
279
264
304
240
283
303
276
262
257
274
273
271
284
298
270
293
256
274
294
281
289
276
263
313
284
293
265
277
292
293
288
283
286
282
301
281
281
272
266
272
255
265
258
257
282
288
282
251
290
278
297
266
287
323
277
290
313
271
301
300
280
267
287
286
321
274
266
316
308
296
298
280
289
282
277
279
262
301
297
290
288
288
278
280
262
266
283
274
307
281
283
287
277
258
273
273
273
270
319
275
276
294
273
281
275
269
278
273
278
267
299
306
274
302
274
298
285
309
248
301
286
298
312
273
269
266
288
281
275
239
289
294
275
312
280
277
277
263
262
305
241
283
265
277
291
272
294
302
284
251
274
290
277
283
283
268
271
290
270
284
278
262
276
263
273
271
252
251
231
272
267
241
280
244
295
268
279
284
282
281
271
270
274
239
269
268
239
303
274
273
305
245
279
275
245
297
236
260
240
283
287
266
277
273
273
244
260
230
260
258
287
282
244
281
259
254
249
278
269
250
266
266
241
238
275
298
254
252
250
262
265
239
265
263
253
271
253
275
253
245
261
271
266
248
274
273
259
258
260
278
240
249
263
273
275
256
258
290
240
286
259
272
252
232
273
247
287
266
242
277
232
263
277
291
260
273
267
243
261
248
286
275
247
207
262
232
249
236
270
256
247
266
259
269
246
246
266
262
259
266
241
256
218
265
240
260
231
231
249
239
253
216
225
249
261
236
279
247
242
212
253
256
263
257
260
248
269
251
248
271
230
248
264
237
263
233
261
235
253
235
217
252
252
236
256
256
251
260
245
264
229
269
259
234
228
256
247
242
249
230
262
235
254
251
258
247
247
258
228
219
240
270
245
241
208
248
256
271
237
240
261
250
253
250
258
263
227
235
235
219
263
235
234
240
249
266
240
232
245
222
228
243
249
253
265
220
250
239
245
287
257
245
241
215
261
233
228
240
264
249
246
246
257
226
278
239
267
244
250
230
223
237
240
223
211
249
227
253
232
265
248
254
230
243
250
229
245
228
237
261
252
231
222
259
249
261
272
237
235
216
219
234
220
255
215
225
266
286
249
232
219
275
217
240
257
225
270
252
237
245
265
236
229
239
242
241
231
244
225
236
256
237
241
227
241
271
256
207
268
264
259
225
269
251
247
267
262
244
229
246
237
267
266
283
251
250
267
261
255
252
264
256
298
273
264
274
274
264
293
271
282
274
291
295
288
261
311
278
277
284
315
306
328
312
314
295
317
291
313
291
290
311
311
302
313
298
301
314
341
304
318
302
327
316
310
288
328
295
309
307
256
300
298
318
288
307
277
307
314
306
282
327
284
274
266
278
262
270
282
264
264
243
259
253
245
232
284
247
239
258
250
236
258
240
275
263
266
240
243
225
260
234
256
276
255
247
249
227
265
244
226
261
231
245
248
253
247
253
234
241
239
247
216
234
250
231
217
237
244
249
241
249
217
233
233
259
237
240
257
243
226
221
239
231
238
237
216
224
204
230
210
247
207
232
221
198
264
217
236
224
275
224
229
247
242
236
239
250
236
300
282
248
236
219
248
234
199
239
234
222
227
208
211
218
213
222
250
189
220
231
219
256
222
226
203
199
214
227
212
188
237
246
214
231
230
214
192
203
212
232
211
210
210
224
221
221
216
219
215
234
253
221
215
190
217
214
215
207
239
207
237
197
228
213
188
173
202
223
234
208
190
208
188
224
215
223
203
211
189
201
205
207
186
222
212
206
228
209
222
214
218
178
211
230
187
208
232
199
208
189
223
190
220
186
200
185
205
184
178
213
200
233
200
223
180
194
197
207
192
177
242
196
218
230
206
200
203
193
203
201
198
211
229
215
196
183
207
223
212
199
174
192
213
208
217
197
188
204
211
168
201
179
186
201
198
220
177
197
205
205
227
195
224
204
174
219
196
200
208
180
205
211
212
199
209
211
195
197
186
227
235
207
197
180
180
210
211
197
195
172
202
183
182
184
186
210
214
209
192
195
190
208
163
228
204
202
209
199
186
158
204
194
191
206
200
184
178
190
210
210
184
213
197
200
184
186
199
201
192
196
202
181
213
196
203
192
196
213
173
198
186
186
202
212
204
173
194
180
204
153
209
193
199
195
204
196
166
211
192
197
180
189
200
174
200
194
172
169
170
201
187
186
174
216
196
192
194
198
199
191
185
196
205
195
199
217
205
216
200
201
188
186
174
185
223
180
188
165
174
165
179
196
196
180
191
200
195
191
167
188
169
183
196
181
174
196
193
204
180
194
186
192
185
208
193
178
167
183
205
203
199
177
179
169
196
166
193
192
187
198
172
155
200
198
170
191
189
189
224
177
179
169
178
174
186
195
179
178
219
189
201
229
222
207
205
217
206
178
196
203
197
194
206
175
207
203
173
195
180
201
168
178
180
185
198
179
153
186
185
207
184
186
207
163
167
164
160
188
191
170
182
184
213
185
191
174
160
190
171
178
188
208
191
185
211
206
188
163
165
164
182
178
184
197
178
165
162
200
165
170
191
166
177
171
165
178
183
208
168
168
176
175
187
205
176
158
173
178
193
194
174
159
175
178
187
194
192
159
184
192
181
208
182
166
186
165
163
185
156
178
195
175
183
173
156
177
159
191
168
197
194
181
188
194
186
200
155
165
169
172
207
158
194
163
159
172
169
193
173
169
179
167
169
194
187
186
187
192
158
165
173
186
179
166
176
161
159
154
165
154
180
180
177
200
176
168
173
155
168
157
167
194
176
173
185
215
170
184
152
190
206
182
179
190
151
180
183
147
159
174
194
170
169
180
199
160
185
157
174
167
187
179
153
170
156
189
186
187
196
173
170
187
174
179
174
175
191
181
197
183
168
179
164
173
178
190
190
184
148
171
179
176
174
171
179
190
173
162
176
187
181
179
163
161
155
187
163
146
200
150
170
168
162
162
183
170
157
164
178
167
166
171
167
162
166
164
179
149
188
176
187
162
150
147
139
168
144
166
165
140
134
169
190
153
163
155
165
172
161
172
175
164
181
159
156
186
163
194
159
155
157
158
183
165
191
147
167
175
145
168
173
176
175
176
138
151
166
177
159
151
167
160
198
168
147
183
152
156
161
174
179
181
176
172
165
159
155
176
191
160
162
161
160
146
158
178
151
173
172
167
170
175
189
153
169
166
178
171
152
176
149
158
181
159
167
175
171
171
153
177
159
165
142
183
160
161
164
167
151
168
158
159
179
171
151
163
163
176
160
173
151
178
168
171
167
168
160
140
161
157
166
145
152
165
196
161
156
178
167
155
153
159
162
163
168
153
162
151
178
157
154
155
169
151
144
152
141
157
150
139
169
157
165
130
169
146
149
136
174
153
146
161
162
157
189
154
151
173
156
151
161
164
149
149
145
174
160
132
158
158
146
169
154
142
146
156
141
144
154
170
162
166
139
173
150
163
165
177
166
153
170
174
136
145
172
157
184
158
148
180
167
166
159
172
144
154
169
167
167
158
135
168
138
152
157
147
174
174
164
164
160
166
147
177
168
157
169
146
160
167
155
186
156
161
169
135
169
173
177
171
155
148
156
180
143
153
155
175
157
156
142
141
136
157
161
173
148
166
156
133
135
166
171
150
155
151
166
127
171
119
136
153
138
166
148
161
167
179
158
155
157
165
145
172
154
142
155
161
159
153
144
180
154
147
139
155
156
147
152
151
143
157
165
142
150
158
143
149
177
157
165
148
164
157
151
180
154
162
170
140
152
156
150
142
171
149
160
179
154
159
163
153
141
166
131
159
154
140
122
149
164
152
150
163
154
178
170
158
148
155
148
152
166
164
141
150
135
146
164
137
153
178
166
148
160
151
136
152
155
138
153
156
172
151
164
171
155
148
154
153
150
162
166
158
165
153
158
144
153
168
165
139
166
155
154
151
135
165
144
136
154
154
153
136
166
157
147
164
134
136
154
161
140
138
171
145
150
136
140
169
144
123
150
164
163
135
154
160
140
166
141
139
152
154
134
153
158
142
154
133
151
145
152
156
125
159
143
146
161
148
136
135
149
155
146
139
158
158
165
142
161
165
164
149
151
168
155
149
150
170
144
155
162
169
162
140
152
135
137
136
153
127
131
161
154
175
168
137
149
156
142
163
163
138
146
154
140
148
134
165
151
155
131
143
164
153
138
158
143
164
145
151
151
135
163
155
161
149
163
143
150
158
154
144
160
149
149
154
154
152
137
142
160
143
140
156
148
152
145
153
150
133
150
147
150
174
175
136
153
162
151
159
165
140
144
151
143
170
140
144
166
150
151
156
136
150
131
124
151
144
154
156
135
165
146
158
152
151
143
135
128
133
156
149
145
150
150
140
139
127
143
152
162
152
128
150
147
141
148
146
161
148
151
165
162
141
148
149
159
158
152
159
159
166
143
150
137
162
157
169
158
154
128
154
137
139
171
141
153
171
167
159
132
142
163
159
146
139
151
157
137
158
124
154
149
145
141
146
172
126
130
173
163
170
180
140
160
147
155
143
141
157
166
133
148
132
143
162
155
158
145
146
163
150
130
161
140
152
164
152
157
150
134
154
150
131
112
158
160
147
158
145
163
130
144
140
165
156
157
138
159
160
157
147
156
136
156
151
141
147
164
156
140
149
136
138
145
143
134
144
135
138
168
136
159
143
161
160
148
165
144
144
142
141
147
156
171
161
162
147
151
129
153
140
137
170
133
154
152
152
171
139
170
169
138
158
140
162
167
165
144
147
135
163
158
150
146
150
146
142
150
130
160
124
148
148
119
147
162
147
116
138
127
164
167
139
160
166
117
139
116
131
154
155
169
120
143
145
157
151
177
139
149
147
154
128
147
156
145
146
143
150
131
139
154
153
136
158
140
157
157
139
133
153
164
162
155
154
164
135
144
131
139
140
140
138
145
176
152
139
149
149
130
157
130
141
160
137
158
157
125
147
127
155
137
150
153
131
154
150
156
151
134
164
144
136
144
141
140
143
141
158
172
146
139
137
143
147
157
153
154
147
131
129
142
169
148
137
159
153
140
144
137
133
146
150
152
153
147
134
147
128
140
163
150
141
136
149
131
145
137
137
142
142
134
144
149
160
129
150
134
146
146
163
133
140
125
145
161
135
143
167
153
137
152
155
169
144
142
152
139
151
141
140
166
145
163
162
147
142
135
150
146
140
161
131
165
133
143
132
153
167
137
161
149
149
139
135
128
143
143
159
173
153
172
164
139
150
129
161
151
145
163
155
159
146
134
160
140
147
144
156
138
137
127
126
144
137
166
148
149
154
143
139
148
151
161
116
138
170
152
149
148
136
139
138
140
147
153
139
134
145
143
136
118
176
151
135
136
146
145
147
138
161
139
131
144
163
155
146
139
128
139
153
157
117
140
147
145
155
152
162
138
167
145
126
147
144
149
124
137
142
134
140
148
167
142
152
124
142
160
154
130
143
119
149
163
143
149
136
136
161
159
139
130
156
164
135
150
115
157
137
129
160
153
151
141
161
163
155
151
180
173
155
184
146
162
159
140
122
149
161
142
119
158
172
157
144
134
140
140
149
148
137
141
151
155
129
153
145
155
126
160
161
146
145
126
127
142
129
152
161
160
141
134
141
147
138
128
114
133
147
148
170
150
147
150
143
141
156
135
142
144
160
156
148
167
149
130
139
137
133
118
130
139
158
127
131
139
147
146
147
149
148
135
151
131
146
176
146
157
137
141
133
148
158
142
153
145
148
144
133
140
143
136
161
159
139
157
149
117
134
133
143
152
150
131
158
151
143
146
152
127
155
164
160
136
164
170
169
154
154
143
161
162
161
167
157
158
170
151
148
141
140
149
153
129
136
162
167
143
167
157
123
146
140
165
170
154
154
143
147
143
145
155
158
142
146
146
156
154
147
151
128
171
144
145
152
165
143
149
137
147
134
124
151
136
140
147
146
138
147
143
133
132
136
171
155
159
139
151
156
146
146
136
135
157
139
138
159
155
127
136
157
136
142
142
117
143
158
154
138
134
155
141
136
151
151
156
137
129
146
161
159
156
137
126
151
141
139
138
150
138
139
119
134
132
156
161
126
131
146
156
141
144
147
157
138
148
155
159
137
141
148
116
191
158
130
163
141
142
159
164
121
129
138
132
130
162
136
136
142
150
157
125
136
144
124
145
149
181
118
144
148
135
146
143
157
152
140
151
135
140
152
139
132
142
153
145
150
134
145
139
144
142
140
161
153
152
122
167
147
143
160
163
156
144
118
164
153
147
126
138
129
139
131
160
122
147
144
138
154
161
149
146
137
143
144
156
130
162
128
161
147
137
147
145
141
167
151
154
180
145
143
134
152
151
174
148
142
153
143
126
158
144
160
134
135
160
149
156
138
140
142
145
162
131
134
149
137
154
154
138
130
171
152
140
159
145
154
142
142
150
149
145
146
139
145
133
137
147
153
131
138
162
142
165
148
126
162
156
173
167
137
168
142
150
149
154
153
138
146
147
162
134
138
139
157
152
140
148
169
147
134
164
159
141
136
160
133
164
138
126
164
166
145
148
154
134
138
151
153
163
161
167
147
148
169
148
155
151
150
136
143
150
133
143
154
161
131
163
156
134
135
159
143
157
167
171
128
148
157
149
133
153
141
150
147
165
165
136
184
154
147
140
176
156
153
154
139
159
129
155
142
143
175
151
150
165
139
134
134
143
158
145
129
159
171
152
175
173
160
139
165
153
157
152
140
151
161
152
131
166
170
156
152
172
135
144
140
152
136
152
133
153
166
146
149
165
151
146
149
148
143
144
146
134
142
141
157
148
153
175
143
145
146
162
152
154
156
156
150
145
140
136
172
157
163
122
148
172
162
155
138
135
157
152
140
160
144
157
152
153
161
128
164
146
142
133
158
141
138
146
159
170
169
160
129
148
153
138
157
145
164
157
164
124
161
149
147
155
154
164
129
163
150
147
140
143
145
151
178
149
159
146
151
156
160
164
177
154
172
173
161
145
155
164
168
162
173
151
161
149
146
129
160
151
155
145
189
150
158
149
161
145
159
150
179
171
175
140
144
179
134
165
193
153
157
149
153
170
145
160
164
152
155
155
153
181
146
170
148
157
160
154
172
137
164
170
151
148
138
168
147
169
167
147
159
148
164
149
140
149
176
171
150
173
164
136
161
160
132
132
143
141
137
167
139
139
163
157
143
167
152
168
151
138
156
182
143
174
181
155
168
158
153
161
165
160
163
136
171
189
180
157
157
163
134
149
154
145
159
165
183
144
136
169
178
164
165
154
154
163
168
147
137
162
162
171
155
157
151
177
149
175
133
158
157
124
172
134
150
150
151
158
142
161
150
170
170
163
160
169
145
151
152
150
141
164
141
157
156
144
170
165
138
157
175
174
148
175
147
160
148
160
161
138
182
144
138
166
138
168
169
160
155
154
150
148
165
167
161
179
152
174
145
178
146
164
158
142
160
144
152
163
170
149
145
170
170
148
186
154
170
154
171
148
176
151
151
158
158
149
159
165
158
156
150
169
148
178
150
154
186
164
180
176
144
164
154
167
155
181
144
156
164
165
176
169
137
172
124
178
150
166
167
167
158
179
147
167
167
177
158
175
159
173
158
172
165
148
166
163
179
158
165
148
136
181
178
150
187
150
156
159
175
150
169
166
163
173
158
158
162
194
139
191
171
142
169
180
156
167
182
154
166
164
165
162
156
133
175
171
133
173
169
157
149
138
162
176
153
174
151
151
160
156
166
153
142
165
170
165
157
172
157
162
143
158
161
176
166
180
169
155
151
163
158
156
164
157
158
149
180
156
145
174
154
149
159
170
179
156
162
139
165
169
161
173
186
164
173
214
171
177
159
163
178
179
181
179
158
173
172
184
155
171
147
175
157
160
151
201
167
167
168
170
157
170
165
171
168
154
158
169
164
146
176
171
153
164
162
189
177
172
148
178
189
164
180
176
193
157
158
172
182
150
166
155
170
162
154
152
165
192
154
171
161
156
158
170
186
185
185
184
164
171
184
172
163
183
171
165
169
182
151
185
182
185
194
165
197
170
176
169
157
186
165
157
206
166
172
182
178
188
177
177
188
181
164
161
139
154
170
193
164
204
191
158
192
178
180
186
173
160
155
158
155
168
153
190
175
166
174
178
173
195
174
177
175
172
180
177
178
185
170
187
144
189
169
182
174
162
165
176
171
154
165
174
195
162
166
167
191
186
173
174
169
188
191
177
158
194
175
160
172
164
167
184
205
205
180
206
191
168
203
197
185
215
168
184
190
174
180
187
205
174
201
154
180
172
161
186
207
182
189
184
198
173
157
202
180
188
176
199
174
196
157
180
168
172
214
171
184
187
156
189
170
170
167
188
180
170
183
158
192
183
142
169
173
170
181
189
198
159
202
201
179
186
161
174
196
194
163
180
188
178
183
168
193
192
200
174
197
181
163
190
161
181
207
192
199
186
186
167
179
194
172
191
192
204
190
169
169
171
202
192
165
184
189
169
211
170
167
194
170
189
171
197
179
164
197
192
180
157
198
176
158
178
176
169
215
203
213
175
178
215
197
178
166
198
186
173
185
191
176
186
195
201
171
201
176
206
215
207
203
157
178
204
198
192
198
183
191
208
205
185
182
209
212
174
174
176
179
195
185
180
176
187
194
185
174
204
173
195
185
172
195
188
213
185
197
177
200
187
198
212
187
190
191
184
192
184
190
188
198
218
201
206
174
190
183
208
182
198
192
172
189
180
188
167
199
193
192
168
201
194
192
194
173
174
183
202
208
203
218
206
191
203
194
199
213
192
174
176
181
175
221
206
211
217
212
193
233
224
204
169
181
187
191
202
191
197
191
223
198
205
201
212
213
220
233
188
196
198
167
172
194
216
212
207
203
184
207
214
190
190
208
177
204
225
188
183
196
203
215
222
204
190
191
207
218
212
211
222
201
206
197
212
185
221
199
212
205
187
194
210
210
195
196
179
207
188
210
206
215
199
219
224
192
211
221
204
187
193
180
211
199
208
218
195
204
212
221
175
206
225
174
231
222
223
208
195
207
216
204
211
190
222
214
204
208
215
222
207
208
218
216
220
189
191
212
209
215
203
212
222
225
215
213
179
212
184
230
237
203
199
229
208
206
189
212
203
223
201
215
190
224
214
218
187
224
210
226
207
211
222
211
241
218
238
213
201
224
222
210
246
215
229
237
211
229
234
220
217
250
220
219
255
229
220
226
203
217
220
252
233
224
233
235
225
223
231
229
244
219
248
202
205
199
223
194
229
241
231
222
236
208
214
243
244
249
220
231
245
226
235
235
236
230
233
231
195
230
259
230
235
243
240
197
244
221
251
234
228
220
202
251
204
233
238
241
220
242
214
217
238
237
213
234
211
226
245
223
235
252
221
220
234
212
218
228
236
237
199
231
221
242
253
214
239
234
235
220
214
214
232
208
250
236
253
224
235
241
267
257
230
244
202
213
213
256
219
248
216
236
239
240
231
238
272
251
220
243
228
232
267
192
238
226
211
230
246
261
239
240
218
250
246
248
224
234
238
261
232
287
251
222
267
255
236
222
265
216
245
239
247
229
269
237
255
261
238
222
246
257
239
254
255
257
228
242
250
249
239
248
243
265
234
239
242
227
250
260
247
238
238
231
239
283
246
221
232
219
240
245
229
262
232
234
245
208
230
256
230
252
252
238
222
253
219
240
260
229
241
254
253
267
241
252
251
235
258
240
228
242
251
254
272
242
224
245
226
250
215
257
255
231
260
229
241
265
225
255
259
252
243
256
239
221
255
238
243
230
235
248
219
254
244
241
286
232
228
259
234
236
232
240
236
272
222
263
245
232
218
247
243
246
226
247
250
245
256
245
228
207
205
245
229
244
228
215
231
229
222
208
232
219
238
203
225
227
218
194
200
196
223
220
219
227
187
186
200
219
180
215
218
189
202
188
188
208
187
163
190
197
208
196
198
215
179
195
212
181
161
167
197
186
183
185
196
171
183
213
191
191
215
187
188
192
215
192
171
192
184
161
196
176
177
185
219
194
199
179
191
208
203
195
204
191
177
180
189
192
193
183
181
183
179
182
189
203
179
166
176
161
165
190
184
194
161
193
196
193
156
176
186
186
173
183
206
200
174
209
172
200
170
198
183
189
204
202
186
179
162
175
190
191
155
185
176
191
173
179
183
217
207
177
186
185
175
171
177
172
174
180
181
198
161
180
164
150
214
183
182
135
186
171
184
180
175
187
197
165
168
189
177
172
177
182
179
174
164
188
191
175
183
171
156
176
177
160
165
172
145
178
177
189
173
182
201
193
166
166
196
167
171
178
172
179
161
169
187
157
189
177
168
148
186
189
182
188
185
170
190
184
188
176
179
156
160
184
157
175
158
174
158
187
177
185
166
146
164
179
170
163
186
195
173
154
175
180
172
170
201
198
159
170
167
151
179
179
154
185
197
174
177
184
157
156
175
149
164
185
166
170
142
194
161
187
161
168
179
191
176
181
175
162
181
190
195
169
180
180
171
186
171
163
166
170
176
184
195
171
148
186
170
202
176
152
185
191
193
171
159
161
149
158
163
168
174
177
177
168
195
162
166
168
169
188
184
181
172
154
170
166
174
161
164
191
159
166
145
155
172
198
170
173
156
143
174
150
156
178
168
161
153
170
145
176
179
160
157
179
168
163
177
170
159
170
179
180
173
142
207
167
171
185
176
157
192
168
181
205
166
173
160
163
170
196
167
151
168
148
173
185
162
158
125
203
176
173
158
179
139
188
153
169
176
178
160
158
185
176
169
156
124
133
161
167
159
177
169
176
149
171
174
156
180
150
158
154
155
179
186
143
166
186
148
183
167
177
155
177
145
154
154
154
180
168
152
179
137
158
169
177
169
166
166
153
149
191
188
153
190
166
164
190
177
185
176
182
148
154
171
156
155
170
170
156
143
141
172
135
148
149
161
168
148
151
171
171
147
174
160
153
144
188
172
166
142
148
168
154
170
162
155
139
156
156
170
157
171
151
167
170
148
157
164
140
172
171
144
137
163
174
163
178
160
168
141
166
168
182
172
161
133
149
158
153
153
138
150
169
140
163
181
167
134
157
143
156
153
156
139
151
182
144
162
171
144
151
135
175
148
149
178
152
164
160
156
186
163
169
162
151
159
156
174
147
158
152
173
154
153
162
153
155
134
179
167
161
161
166
168
145
152
154
163
158
168
157
166
148
173
175
164
148
165
172
146
149
161
156
199
154
157
175
166
173
185
163
179
179
161
148
137
161
168
164
154
142
162
186
185
152
173
172
149
175
177
164
177
178
161
159
160
185
163
144
161
158
167
182
159
163
165
171
155
171
175
163
135
183
144
162
176
161
165
149
187
168
163
175
149
164
171
161
174
168
204
168
157
164
169
174
159
164
155
142
164
174
168
153
154
181
163
168
188
171
158
170
179
162
166
166
169
161
163
158
179
160
173
170
188
147
160
166
150
173
159
177
181
178
164
181
183
159
155
163
159
197
157
168
170
182
183
168
153
161
166
176
182
158
148
150
150
141
156
173
158
147
177
150
178
183
153
170
158
170
170
150
148
167
184
179
168
162
161
134
195
153
155
165
150
125
152
142
158
155
138
141
152
163
153
146
154
143
157
153
155
150
134
138
143
142
150
154
122
134
153
139
131
128
120
141
128
129
114
117
139
129
130
110
117
126
124
128
122
113
104
140
123
127
131
114
100
122
101
111
110
119
120
118
113
112
113
118
120
116
111
112
100
91
134
127
116
103
104
124
103
104
98
127
112
94
101
109
103
96
97
107
111
96
85
107
113
104
110
94
104
122
101
106
125
102
92
100
103
108
97
90
102
100
95
97
79
112
84
86
106
110
98
117
77
100
110
100
92
92
111
102
107
96
105
115
97
109
90
82
100
94
106
88
103
105
102
94
115
94
103
116
105
93
102
83
102
100
100
101
88
111
86
110
113
104
80
108
81
93
97
83
90
91
89
104
90
119
99
89
102
96
83
96
97
88
93
96
95
99
98
110
106
92
93
78
94
83
101
83
107
91
75
106
103
91
111
121
79
90
92
99
99
103
92
80
90
97
100
110
84
120
91
105
104
93
104
95
100
124
98
91
93
111
104
113
105
96
81
85
110
109
115
122
116
106
110
121
112
144
121
104
93
124
125
116
108
109
119
128
87
110
118
130
111
96
140
147
132
135
143
128
105
135
138
127
154
160
139
145
143
157
171
147
150
153
188
182
159
187
190
203
220
234
276
332
425
530
696
959
1219
1565
1923
2426
2945
3326
3761
4157
4252
4384
4302
4048
3883
3530
3024
2589
2199
1736
1416
1095
916
700
536
454
361
291
213
195
152
138
130
103
93
97
74
54
72
72
76
73
85
74
64
67
58
63
64
62
56
48
53
47
63
65
56
70
55
71
59
66
54
59
51
63
57
49
54
53
61
50
51
58
59
58
69
72
59
67
57
69
55
64
56
47
65
55
45
58
53
49
60
53
51
56
65
59
67
65
54
49
68
70
73
43
47
56
62
60
62
46
51
50
65
52
45
46
47
52
51
56
41
44
49
44
62
49
51
51
46
48
45
58
52
55
57
41
69
46
51
52
42
53
59
52
48
50
51
47
48
45
40
40
41
48
46
50
46
53
45
53
46
39
43
46
35
42
46
52
40
46
46
31
51
45
54
37
43
42
44
34
47
48
40
39
54
47
34
47
42
38
36
35
35
45
47
30
39
38
33
40
44
40
48
41
53
30
47
42
40
30
37
35
42
41
37
41
27
39
42
36
46
33
37
47
54
26
47
35
38
36
36
33
42
39
42
36
34
32
32
31
36
39
35
42
45
30
28
41
30
31
36
41
27
30
36
36
28
27
26
33
43
30
25
32
49
26
32
30
20
26
36
40
23
29
25
30
33
28
33
24
23
28
41
28
32
40
32
26
32
25
27
24
32
29
27
22
24
26
33
24
35
31
28
30
25
35
20
23
43
34
31
27
41
37
21
26
24
31
42
27
30
20
31
24
23
25
25
24
29
30
21
25
32
29
23
25
33
26
25
24
23
23
23
23
32
26
24
17
28
26
31
17
27
18
29
29
25
19
29
28
27
34
27
27
31
28
28
16
28
21
17
34
22
21
23
32
27
33
28
26
24
25
21
27
26
38
30
25
27
25
21
26
25
17
27
25
16
20
20
22
20
24
17
22
21
25
20
26
19
24
22
30
24
31
16
25
23
20
39
20
12
20
32
38
19
19
22
30
20
20
18
21
30
24
26
21
32
15
16
16
21
29
23
23
19
35
23
18
20
27
31
17
23
23
18
18
19
25
17
19
16
22
15
21
27
20
15
24
14
21
21
16
17
16
22
20
20
20
24
14
26
26
29
20
22
19
27
24
23
24
19
15
18
21
20
17
15
15
25
23
16
21
25
22
26
23
21
26
25
17
19
21
27
14
30
18
21
16
16
17
29
14
14
17
22
19
25
23
21
20
18
24
29
23
19
19
23
25
32
18
18
21
18
20
15
23
14
24
18
16
17
23
18
16
22
22
24
15
26
12
24
19
26
21
26
20
18
26
17
17
20
27
17
17
14
19
24
23
27
20
19
20
18
24
28
17
11
20
20
22
19
19
21
16
27
23
24
23
15
21
15
21
23
21
18
22
17
27
29
25
19
19
18
28
31
20
22
19
13
20
24
11
20
21
19
23
26
21
19
21
10
22
10
21
16
22
17
12
26
24
26
18
20
26
14
10
27
21
28
16
23
15
20
25
19
14
20
21
18
15
12
17
25
23
24
21
17
23
25
22
18
18
15
17
21
15
14
19
17
22
27
11
16
19
20
18
31
21
16
30
19
19
22
25
21
24
23
23
17
22
18
24
12
31
20
27
16
26
22
22
14
21
23
17
20
29
19
28
26
23
22
23
20
26
33
31
28
30
21
30
25
34
28
33
28
33
29
28
30
36
30
34
40
36
35
37
41
33
39
44
51
39
29
39
45
39
45
53
37
46
47
39
42
35
56
43
45
48
47
43
47
58
49
48
61
58
46
47
60
63
66
49
77
61
75
73
81
71
73
73
79
83
83
88
76
96
93
111
96
146
150
171
195
295
381
497
684
908
1213
1526
1942
2276
2797
3035
3494
3543
3783
3717
3655
3539
3180
2871
2419
2079
1772
1396
1073
829
647
567
398
334
225
200
147
126
93
59
49
34
25
31
23
20
12
21
12
13
9
6
11
19
5
8
4
5
8
4
2
5
10
4
3
8
4
2
2
7
6
9
6
10
4
5
6
3
10
5
5
3
1
8
15
2
4
3
7
4
5
4
6
5
4
3
7
6
5
4
6
6
3
4
4
3
2
6
2
3
3
3
3
2
1
2
4
7
3
3
3
5
4
2
8
6
4
3
5
4
4
4
1
5
7
3
5
1
6
5
6
5
6
3
3
6
6
6
5
6
11
2
4
3
1
6
1
4
3
2
5
2
2
3
5
6
3
3
2
3
3
7
2
3
7
2
4
3
2
10
3
2
6
5
6
4
1
3
2
9
4
5
3
6
4
3
5
3
6
3
4
3
2
5
7
2
0
3
4
3
1
6
2
2
5
3
5
4
4
5
5
3
5
0
4
3
2
5
5
7
3
1
2
4
4
2
4
5
5
2
4
6
3
6
3
3
2
2
5
5
3
6
4
2
8
4
4
11
1
3
5
2
4
4
1
1
0
3
1
8
1
4
4
6
3
1
1
4
1
3
8
4
5
3
3
4
2
3
1
4
4
6
2
3
4
3
4
4
2
5
2
2
4
3
2
4
3
1
6
3
1
6
4
4
0
4
4
3
2
0
3
2
4
3
8
3
7
3
1
4
3
3
5
4
6
5
4
6
3
6
3
4
4
5
1
2
8
2
6
3
2
1
1
3
6
3
0
3
2
3
3
5
2
2
4
5
2
1
4
3
4
2
6
4
2
5
5
7
5
3
0
1
5
0
9
3
2
1
2
3
4
5
1
1
3
2
7
5
2
2
6
1
3
3
2
1
5
5
4
1
2
1
6
5
1
1
2
3
2
2
4
7
4
2
1
5
6
3
3
7
1
2
2
4
5
4
3
4
2
2
4
5
5
5
3
6
1
3
3
6
2
0
1
4
6
2
3
4
5
3
2
3
2
2
1
3
3
3
2
7
5
3
4
2
1
1
3
2
4
7
1
2
2
2
1
4
1
4
7
4
7
4
3
1
4
5
1
5
1
3
2
6
1
4
4
3
2
1
2
3
5
1
5
2
1
1
6
2
3
3
1
5
3
3
3
5
4
4
5
4
4
3
3
3
5
5
4
5
2
4
4
5
5
0
3
4
4
4
4
1
3
6
2
2
7
1
3
5
3
2
1
0
1
4
3
1
4
0
3
2
1
2
2
3
1
4
6
4
3
6
5
4
7
2
3
1
4
1
2
4
5
2
4
2
6
2
4
3
3
4
5
2
4
4
3
6
8
4
4
3
3
4
4
3
5
3
5
4
3
2
3
1
2
5
4
2
3
2
4
4
1
3
2
1
2
1
2
5
2
4
5
3
5
4
5
5
4
6
4
3
2
2
1
8
5
3
3
5
12
15
9
20
21
29
21
32
25
37
39
38
40
27
28
31
14
18
7
13
10
9
5
4
6
7
5
5
4
6
2
5
3
3
2
3
1
3
3
2
3
2
5
1
2
2
2
4
7
0
1
3
4
7
2
0
5
6
3
4
4
1
4
3
2
3
1
3
2
3
7
3
3
2
3
5
4
4
0
1
0
2
3
0
0
0
3
1
2
3
2
4
3
0
2
6
2
1
3
1
1
2
1
2
1
3
0
3
0
1
1
3
0
3
4
0
0
3
4
7
5
4
3
1
4
2
0
2
2
2
2
4
4
1
2
3
4
5
2
3
2
5
4
0
1
3
1
2
4
2
1
3
2
4
2
2
5
2
4
2
1
2
1
2
3
6
2
1
2
2
1
0
2
3
2
3
0
3
1
2
2
2
1
2
6
1
3
3
9
2
6
1
1
3
0
3
3
4
0
0
3
4
3
3
2
0
2
1
3
2
0
2
3
4
2
2
2
3
3
1
2
3
4
1
4
2
4
1
2
3
3
2
3
1
6
3
1
1
0
6
2
3
3
1
1
2
3
3
2
4
1
2
3
4
2
2
1
6
2
2
1
3
1
3
2
1
1
2
4
5
1
6
3
0
3
2
3
5
2
4
3
0
2
3
2
2
3
2
0
1
3
3
0
2
1
4
1
2
2
0
1
3
0
3
2
1
0
3
4
2
2
2
3
3
6
2
1
3
1
1
0
6
2
4
1
2
1
2
1
1
3
3
1
2
1
2
1
1
0
4
3
1
1
4
4
3
3
1
6
3
2
3
1
4
4
2
4
1
4
2
3
1
2
0
3
1
3
1
1
1
2
2
1
1
2
1
5
1
2
5
2
3
3
4
3
1
2
2
1
2
1
2
1
1
1
0
2
2
2
4
3
1
1
1
3
1
3
3
1
3
5
3
1
3
1
3
4
1
1
0
4
0
3
0
1
1
3
2
1
2
4
2
1
2
4
1
0
3
3
3
3
1
3
3
2
0
2
2
2
1
2
1
3
4
7
4
0
2
2
6
0
3
1
0
2
0
4
4
1
2
3
2
4
1
2
3
2
1
1
2
1
2
1
3
3
2
4
4
6
4
1
1
0
2
2
1
1
4
4
2
4
2
0
4
3
2
3
3
2
1
1
4
2
3
6
2
3
2
1
3
5
2
1
1
2
2
3
1
2
0
0
2
5
0
2
4
4
3
3
2
1
3
0
1
4
1
2
2
1
1
3
4
1
3
2
2
3
2
4
4
3
1
3
4
2
1
1
3
1
0
1
1
1
0
1
2
1
1
1
2
3
2
0
3
0
3
3
2
6
2
3
3
2
1
1
3
3
1
3
4
4
2
6
1
0
0
2
2
3
3
1
3
2
5
5
0
2
1
3
2
1
3
2
1
0
2
3
2
0
1
1
3
6
5
3
1
3
3
1
1
1
2
3
2
0
0
2
3
2
3
3
1
3
3
3
7
2
2
0
5
2
4
3
3
1
0
2
2
1
3
6
1
5
1
6
5
6
2
2
5
1
1
2
3
4
1
1
2
1
4
3
3
2
0
1
4
3
4
4
1
2
0
2
0
0
1
2
6
0
2
3
5
1
4
1
3
5
0
3
2
7
3
1
4
3
2
3
1
1
2
1
1
2
2
3
2
0
1
43
43
56
49
50
42
33
47
39
36
37
44
46
52
46
45
48
49
36
40
40
46
46
57
39
24
44
36
43
37
48
68
36
48
45
42
60
36
28
40
40
36
45
39
42
44
47
42
34
46
39
39
51
55
35
52
47
47
45
48
41
42
25
36
46
39
48
36
34
45
48
47
45
38
41
42
39
39
37
38
47
47
39
49
41
31
43
39
38
38
43
31
38
38
40
47
35
39
36
46
44
41
32
47
32
32
51
47
43
39
33
44
42
32
34
43
57
29
34
44
58
37
42
41
30
47
41
21
