25
23
20
20
15
27
19
23
19
33
33
31
23
19
18
30
18
26
23
19
18
20
11
19
13
18
19
19
17
23
17
18
20
13
21
13
16
14
12
17
22
16
24
9
14
13
17
17
12
14
14
7
12
15
15
18
15
33
49
109
163
379
527
486
505
596
604
663
827
995
1178
1301
1300
1234
1109
871
779
644
604
587
562
498
552
488
491
519
478
478
466
517
477
482
456
451
521
544
542
497
515
503
535
487
498
467
492
529
487
473
466
505
513
505
519
497
558
489
463
498
498
499
511
502
509
484
501
500
458
518
520
468
494
521
505
477
471
483
481
514
471
485
462
494
524
462
489
474
502
447
480
516
487
508
502
497
491
475
474
445
470
519
536
527
480
490
502
433
488
522
493
505
513
491
472
514
488
499
530
547
502
500
517
529
497
494
550
520
496
513
518
516
551
495
547
555
538
518
511
545
545
554
526
483
541
550
538
554
539
539
558
577
512
554
524
545
517
521
535
555
520
575
575
544
539
489
552
556
526
554
534
594
607
565
563
572
552
547
606
609
569
561
559
572
590
581
623
621
617
563
599
600
580
599
609
636
584
605
598
580
682
597
576
582
576
573
590
616
649
602
638
572
613
622
625
612
593
613
610
567
618
648
634
674
656
638
622
642
640
646
675
643
630
641
605
659
646
679
605
647
654
646
638
629
629
647
617
670
678
660
719
676
702
641
668
720
688
666
658
664
674
639
654
652
697
680
696
696
668
694
711
637
705
670
660
707
676
693
659
665
693
647
685
681
671
698
682
676
721
651
683
699
676
630
733
689
715
669
683
698
734
725
666
716
678
731
732
684
710
677
666
787
671
704
650
714
719
678
725
694
706
734
708
707
699
661
703
685
671
710
706
770
667
701
694
747
730
736
715
649
711
716
717
731
726
748
687
708
756
712
689
747
771
662
682
745
694
692
707
763
711
680
720
728
675
676
717
783
703
736
753
709
692
680
716
688
723
742
710
734
713
710
717
686
711
706
695
726
680
749
718
689
715
725
696
720
735
714
714
794
715
737
731
691
787
747
785
738
716
711
723
684
712
739
704
693
706
723
738
720
759
723
745
800
769
693
759
752
745
682
682
736
739
732
710
728
774
713
733
720
759
712
748
730
762
756
734
775
761
764
711
723
724
760
782
789
792
705
718
690
711
728
755
722
698
763
738
748
805
732
744
726
777
742
771
775
747
762
754
711
734
729
721
799
776
727
775
731
755
787
755
765
754
724
716
752
744
735
806
682
778
749
716
781
768
750
800
773
760
712
743
755
733
738
710
724
714
694
761
751
726
749
760
666
781
743
745
701
727
766
739
786
799
807
737
749
760
721
698
728
770
752
738
728
765
755
753
749
712
748
702
783
758
717
780
769
726
754
746
729
745
798
690
745
775
783
713
737
755
772
738
687
710
719
735
752
773
817
795
744
721
736
806
776
722
740
782
741
724
743
756
754
724
731
742
769
774
787
758
746
733
778
709
706
760
701
735
705
779
757
723
732
775
722
791
729
741
718
731
773
758
765
758
807
728
725
805
802
774
744
726
765
760
750
768
737
722
774
761
770
799
734
729
759
813
787
766
757
827
741
767
754
740
737
745
764
772
814
788
797
788
769
794
784
784
735
770
836
815
727
804
826
774
769
802
754
807
800
841
785
775
850
811
801
830
816
791
848
870
821
800
849
830
807
784
813
857
823
864
829
758
888
797
856
874
907
883
885
845
870
874
893
838
854
883
845
889
812
886
879
868
882
855
946
930
967
904
930
947
944
867
918
828
925
933
930
946
864
918
945
940
953
945
894
927
926
930
918
934
979
895
1001
891
943
947
910
988
894
922
919
868
892
934
897
995
940
976
963
932
903
938
890
935
972
956
964
947
986
968
916
899
912
908
949
927
929
995
926
916
920
959
926
875
927
920
916
929
949
907
952
893
891
870
912
925
867
877
914
946
919
890
875
917
907
900
856
930
933
871
926
914
856
936
890
897
892
868
887
897
929
894
847
848
873
860
836
878
869
879
872
864
859
840
854
872
845
829
806
855
887
863
888
842
874
859
873
828
853
830
811
864
873
852
795
881
833
821
890
865
863
791
844
853
863
842
876
811
799
820
801
863
821
854
893
811
774
823
848
793
830
819
837
833
868
855
791
781
822
819
806
886
823
837
816
879
791
866
816
828
776
857
807
843
799
790
787
848
790
759
843
833
811
823
784
796
779
767
808
823
828
867
773
801
826
796
834
803
811
821
797
803
820
758
860
775
790
759
774
745
828
806
791
784
737
794
742
794
795
776
759
825
818
729
731
787
755
807
767
729
807
804
853
794
787
756
740
783
721
757
763
762
766
806
759
793
743
749
758
756
760
748
821
809
755
753
741
744
747
730
752
741
746
725
771
724
799
769
778
798
746
685
808
748
795
700
726
708
750
730
740
779
727
708
726
745
723
742
746
743
741
748
720
728
716
699
728
722
726
729
725
760
751
716
675
713
723
756
716
647
742
709
718
713
755
725
708
729
688
720
681
704
705
727
759
668
703
703
685
690
710
700
653
725
662
715
701
693
632
709
697
722
663
709
684
651
637
717
697
681
678
704
688
744
711
650
671
678
656
651
632
664
726
669
639
676
681
691
683
687
681
667
640
691
694
698
669
676
672
661
719
686
620
644
667
669
684
687
667
673
707
679
633
677
710
656
666
681
660
649
691
656
648
665
637
654
686
686
622
690
640
694
623
649
667
665
694
652
667
657
621
671
666
636
636
706
660
662
666
649
645
645
633
627
634
708
658
679
637
637
594
662
620
614
632
636
676
622
656
595
640
643
600
686
667
670
633
640
638
606
663
636
627
636
651
655
630
615
626
678
637
672
594
605
598
628
649
632
652
622
618
604
612
684
597
602
644
631
638
618
629
605
604
611
652
649
621
608
639
652
662
629
598
633
622
641
654
638
657
630
609
654
665
635
597
660
583
647
590
669
651
664
648
612
624
614
647
640
647
654
638
628
661
677
622
638
635
628
630
589
650
640
657
586
620
582
586
622
600
653
665
650
649
655
630
597
639
597
610
609
589
626
631
655
641
658
610
632
589
604
609
653
582
644
652
616
663
660
640
625
605
696
633
636
608
657
625
643
615
684
634
626
622
668
594
616
598
625
597
662
628
655
584
602
648
674
678
576
616
636
612
611
628
631
645
589
644
603
687
608
592
658
619
639
666
606
643
631
593
606
597
576
628
611
563
627
609
667
598
601
643
547
577
639
587
618
634
613
602
619
642
601
565
584
603
591
598
636
591
586
601
592
538
608
595
600
573
611
614
539
567
564
566
600
606
547
566
628
558
546
568
520
571
575
569
545
519
537
555
520
552
561
537
520
528
539
538
517
513
487
552
526
548
547
531
481
517
500
549
525
505
542
539
522
509
505
493
536
512
505
497
496
495
527
509
537
469
488
446
447
482
497
506
467
472
454
464
438
458
495
462
455
448
416
465
455
462
419
472
344
429
400
461
481
441
415
439
436
458
448
399
403
403
412
417
431
410
436
438
397
395
406
436
421
382
401
400
370
419
372
388
367
406
378
428
380
398
409
388
418
399
399
370
354
358
378
379
351
368
358
343
369
405
379
394
387
364
394
348
365
388
377
354
325
374
328
350
336
391
346
386
346
343
359
361
362
336
366
339
328
348
361
361
349
336
366
375
324
315
319
358
319
371
353
316
354
342
327
354
355
344
323
323
306
327
321
315
328
320
335
342
320
323
312
319
302
325
314
323
283
324
309
333
309
315
336
327
316
289
300
307
313
280
299
334
269
320
353
326
307
323
292
335
304
322
315
318
301
329
283
287
292
276
318
331
320
290
331
284
275
281
275
298
290
319
299
272
282
310
257
280
270
334
276
295
280
299
263
291
310
288
263
262
254
290
290
313
327
284
295
295
279
286
284
280
301
280
284
239
308
278
277
270
267
265
269
304
288
285
281
257
275
281
281
261
311
295
306
231
286
262
265
302
279
249
254
247
242
284
268
289
264
282
261
272
280
270
264
291
268
273
257
234
269
260
262
246
253
286
245
275
270
254
262
272
249
275
270
251
233
271
274
276
262
270
254
257
271
270
268
233
256
265
262
261
237
261
246
250
251
246
256
278
233
260
243
273
279
255
235
248
248
256
256
248
258
241
259
237
247
231
260
248
236
268
254
240
247
234
258
256
226
249
261
273
270
243
258
217
234
247
242
238
236
227
259
247
238
238
231
221
239
239
234
246
240
253
242
252
251
264
235
257
251
233
235
253
238
242
200
254
239
251
248
221
242
226
248
252
237
228
247
239
227
213
266
230
246
246
241
226
229
218
257
228
240
271
249
242
242
217
234
235
234
227
224
231
227
258
240
238
220
240
223
211
210
260
234
252
245
233
211
226
221
244
233
260
245
245
248
246
218
251
214
244
237
243
248
240
253
252
243
239
231
223
239
246
251
224
248
208
238
264
221
224
242
248
264
250
242
216
221
213
240
242
218
227
243
236
237
283
229
245
213
234
265
211
232
237
237
228
217
215
221
247
232
243
208
242
229
257
221
284
254
223
275
221
253
223
256
234
258
232
223
239
249
244
207
214
237
221
233
217
247
214
214
243
252
225
214
221
249
235
233
238
228
238
221
209
230
216
199
240
226
259
233
248
240
235
228
229
238
248
243
250
222
227
227
229
244
246
251
244
235
256
256
233
259
259
232
236
283
227
255
239
241
280
299
264
285
232
239
237
243
245
275
226
273
253
245
286
274
283
263
275
299
272
282
291
278
295
287
295
271
301
295
311
317
333
325
284
308
359
344
322
288
350
356
334
350
334
324
330
362
374
360
381
349
382
381
434
429
384
424
423
438
428
403
437
457
481
457
454
470
487
466
461
478
510
523
532
505
516
514
550
569
586
576
585
573
603
595
658
644
662
641
667
716
674
722
716
700
722
759
762
817
757
820
819
829
850
878
881
925
911
947
877
963
992
1001
1006
1031
1053
1066
1034
1122
1025
1102
1120
1186
1197
1153
1259
1201
1285
1301
1262
1333
1328
1354
1425
1357
1396
1463
1417
1496
1568
1603
1570
1561
1615
1601
1613
1725
1655
1723
1773
1766
1824
1781
1904
1999
1918
1896
2002
1972
2011
1993
2079
2078
2165
2173
2158
2310
2294
2229
2322
2254
2328
2307
2322
2410
2493
2371
2458
2491
2506
2535
2563
2562
2681
2690
2739
2782
2752
2860
2804
2812
2890
2854
2951
3070
2946
3005
3042
3054
3085
3030
3161
3123
3127
3166
3356
3151
3287
3284
3418
3406
3383
3350
3385
3434
3525
3503
3613
3623
3531
3696
3601
3665
3557
3571
3611
3708
3693
3732
3621
3739
3844
3695
3739
3801
3860
3898
3946
3830
3836
3907
3912
3991
3912
3892
3988
3952
3912
4018
3865
4013
4073
3962
4141
3969
3912
3963
4135
4045
4081
4066
4195
4069
4008
3990
4030
4017
3948
4050
4049
3928
4042
3976
3962
4009
4020
4063
4061
4007
3842
3937
3954
3984
3907
3993
3851
3848
3830
3920
3844
3821
3781
3896
3750
3811
3785
3745
3685
3660
3604
3590
3591
3721
3572
3557
3528
3529
3546
3677
3567
3457
3483
3350
3466
3344
3352
3383
3317
3187
3226
3177
3177
3072
3187
3094
3040
3095
3047
3041
3036
3004
2897
2876
2886
2854
2901
2789
2715
2824
2747
2603
2575
2675
2627
2655
2477
2511
2509
2509
2473
2407
2406
2205
2423
2266
2162
2318
2222
2113
2191
2081
2096
2086
1978
2081
1983
1898
2013
1924
1905
1830
1855
1841
1739
1813
1739
1755
1741
1730
1712
1670
1594
1583
1574
1558
1513
1516
1550
1418
1383
1367
1336
1303
1399
1280
1251
1349
1266
1239
1218
1221
1175
1130
1163
1159
1060
1104
1086
1053
1052
993
967
963
991
960
905
905
950
890
907
830
846
857
798
812
788
792
802
725
724
727
694
693
692
654
693
631
640
652
614
600
606
582
601
578
559
582
537
539
522
512
507
543
505
489
506
472
455
469
433
445
488
437
397
378
426
377
436
416
419
407
411
367
359
353
381
394
345
347
350
343
314
325
315
320
352
309
315
335
293
284
287
283
275
287
298
276
267
264
260
275
256
249
275
277
283
232
273
258
211
246
239
261
230
262
214
217
243
236
182
221
192
214
181
225
189
210
175
194
186
212
196
197
200
197
199
187
170
201
202
192
175
193
195
158
183
178
186
176
171
151
162
168
174
168
178
174
146
146
171
152
159
147
161
178
171
157
191
163
159
168
157
140
153
161
163
153
138
161
139
156
145
154
128
137
148
143
137
156
139
161
134
161
120
159
161
139
123
142
140
152
114
124
136
119
145
130
134
141
137
123
124
132
138
115
131
128
139
132
117
135
117
122
155
153
114
123
119
132
125
129
99
123
128
114
131
115
121
123
117
135
136
123
105
118
152
119
121
124
127
107
119
107
126
109
127
127
117
144
106
120
122
95
128
103
129
130
125
116
103
109
111
106
108
112
118
132
119
121
118
116
97
128
122
127
117
104
107
113
117
128
129
108
124
98
115
100
106
124
117
111
109
121
127
106
121
112
132
111
107
108
87
92
99
109
132
121
116
137
94
119
116
105
104
142
95
127
110
105
110
106
122
114
105
98
100
105
119
109
98
98
120
100
130
104
100
95
98
110
111
113
109
86
90
110
123
108
110
103
116
104
96
107
92
118
114
119
122
117
111
96
121
106
111
123
120
104
122
112
109
104
114
107
123
122
108
106
105
115
102
116
104
123
99
110
107
88
108
106
123
122
111
118
102
119
100
119
121
107
123
112
114
85
113
108
115
113
103
125
105
103
96
105
98
99
126
117
90
91
117
92
102
104
128
105
119
108
108
102
110
113
112
88
115
101
105
114
117
87
96
93
111
99
111
107
110
116
116
90
106
109
113
103
110
110
116
119
104
110
111
119
104
109
108
115
103
106
120
99
113
107
99
94
97
101
106
119
123
100
92
118
113
114
108
126
95
89
91
100
102
121
121
101
108
122
126
106
116
88
101
107
103
100
117
93
108
103
110
103
121
91
102
120
104
111
108
102
103
96
113
104
113
83
114
108
108
112
103
107
118
117
101
98
106
103
128
119
98
111
115
112
87
120
105
122
107
147
99
116
96
106
115
108
100
90
96
98
125
99
95
101
91
98
111
107
101
94
102
129
85
117
106
110
130
124
111
127
107
122
86
105
105
107
110
110
100
115
107
121
106
123
101
126
116
107
104
114
117
110
93
122
104
114
106
99
108
91
117
121
100
100
121
104
111
119
134
114
100
127
111
117
115
130
109
96
110
126
105
124
136
118
91
120
116
87
122
107
115
104
107
116
120
133
106
125
111
109
113
105
97
120
114
117
93
99
106
113
117
103
108
112
127
103
93
131
110
88
126
126
113
88
112
132
105
110
102
115
107
105
122
123
106
95
111
108
108
105
104
101
95
123
107
124
123
110
123
125
110
112
118
109
113
111
105
113
113
109
113
111
106
127
125
130
116
103
106
115
108
101
118
111
126
100
105
126
116
105
101
116
119
114
112
116
118
108
128
106
112
114
105
114
102
109
95
111
102
112
85
113
120
113
119
117
117
120
116
121
118
104
106
107
104
97
103
114
107
122
118
115
107
97
115
117
150
118
124
92
113
115
109
121
120
104
124
124
100
119
110
121
116
96
104
114
100
95
99
135
109
108
87
120
112
122
119
120
135
96
136
102
127
115
99
105
126
115
109
108
125
127
113
113
130
108
125
107
98
106
119
92
116
104
115
116
120
98
102
100
111
121
119
96
119
96
112
119
122
98
114
100
116
115
132
101
121
120
124
111
119
117
122
111
110
101
126
104
110
108
99
136
129
119
107
112
116
107
117
101
122
105
116
101
88
142
124
113
111
122
103
121
116
110
98
99
126
107
116
110
110
110
128
111
121
111
110
102
117
93
94
123
108
131
125
115
124
114
119
100
120
97
91
150
109
113
94
106
112
94
99
112
107
107
106
98
106
127
110
124
99
94
111
112
97
104
109
130
113
106
131
109
104
94
112
111
117
109
112
104
106
119
93
105
107
103
110
101
101
84
121
112
109
103
87
101
104
107
119
106
112
91
97
94
107
127
113
106
97
118
74
94
113
102
102
116
99
103
109
108
107
96
120
100
123
131
118
102
112
102
112
104
119
104
115
104
110
115
109
120
102
112
122
97
116
100
115
107
123
96
89
104
99
100
100
113
118
133
120
116
134
107
124
110
105
107
127
113
122
112
107
118
119
106
101
114
80
102
106
96
108
87
93
85
107
118
105
112
124
112
114
89
111
113
112
124
109
97
108
100
105
97
105
108
92
94
97
116
87
107
108
109
124
104
104
115
84
115
113
109
88
110
103
98
109
114
115
116
93
104
86
98
118
101
112
114
120
102
109
130
106
127
111
99
104
104
115
111
97
117
112
122
108
123
95
108
106
132
107
104
103
120
105
117
90
109
95
117
105
104
91
100
120
123
116
116
106
105
107
98
98
124
94
118
122
115
114
112
90
107
118
109
116
113
105
89
119
121
119
97
108
110
127
125
106
116
103
100
108
123
108
119
115
109
110
112
111
112
123
108
101
121
111
98
113
111
109
106
99
104
131
118
109
94
125
103
106
126
99
110
110
113
108
111
116
126
85
115
94
107
87
111
107
111
100
107
105
114
109
92
120
98
104
87
113
109
107
97
107
119
100
117
111
105
123
129
112
118
99
103
99
111
100
118
102
95
111
113
107
100
109
111
106
122
113
117
110
121
108
95
126
114
93
106
99
93
110
110
112
114
122
124
94
116
111
122
100
84
120
108
108
93
101
92
102
131
117
119
108
104
106
91
115
88
109
107
118
114
120
123
104
108
114
132
112
105
116
112
134
106
96
109
124
117
116
117
103
105
101
103
119
112
108
113
87
111
96
110
100
93
113
100
111
102
96
94
118
91
106
105
106
105
104
103
108
103
89
115
132
107
111
136
99
111
102
103
95
105
106
111
117
109
115
110
104
104
111
101
131
125
112
107
88
104
128
116
117
108
128
106
106
103
109
105
118
114
107
108
96
108
108
111
89
97
127
103
133
99
102
118
111
99
116
97
96
94
91
125
106
111
114
105
119
116
114
101
118
114
115
116
98
115
126
123
108
108
94
116
120
126
122
114
130
102
115
121
124
99
119
112
110
104
110
103
113
99
110
96
121
96
108
116
102
124
111
103
120
125
112
99
110
101
112
107
110
117
116
105
116
136
95
81
103
93
111
115
104
88
112
110
110
107
84
125
111
122
128
89
111
106
127
121
128
121
93
111
88
118
112
108
118
98
91
115
125
138
103
108
117
116
108
106
100
97
121
101
103
124
115
98
111
129
97
104
124
123
129
119
102
114
101
108
115
124
126
117
114
117
98
107
121
98
128
92
113
106
131
109
105
115
131
123
99
116
110
125
111
100
111
100
103
112
129
115
118
96
115
100
115
112
104
128
92
132
107
115
111
111
109
115
118
102
96
96
106
113
108
132
120
125
123
112
117
133
117
101
107
117
100
140
131
127
129
120
116
121
118
118
109
120
121
119
116
110
120
116
103
127
119
128
113
114
102
115
124
120
123
126
107
105
107
102
103
105
105
109
117
104
117
108
119
111
119
117
118
142
113
122
137
108
111
112
96
111
137
128
97
124
112
129
113
100
132
131
127
113
121
109
124
125
118
118
119
104
111
136
116
102
113
117
119
119
105
109
121
112
121
118
112
130
118
109
116
111
112
113
148
114
119
115
107
120
141
115
122
123
121
115
120
110
104
116
117
113
136
125
121
108
137
128
108
130
112
125
111
117
130
115
117
105
119
135
113
118
105
120
127
130
146
122
117
121
127
111
121
123
140
124
135
142
119
114
130
120
127
114
112
114
104
111
123
106
113
116
116
118
139
109
118
113
112
127
126
125
83
147
129
115
131
125
132
108
128
123
113
120
131
121
119
129
138
103
141
119
135
134
134
142
114
122
109
123
137
107
105
142
136
124
115
128
121
131
110
122
124
109
128
146
128
116
121
121
120
133
135
131
117
157
112
117
117
125
126
126
121
122
132
116
123
139
126
119
123
130
135
125
121
150
117
119
137
145
113
124
148
133
131
137
127
119
125
119
125
138
115
107
126
126
152
134
116
110
133
118
117
107
131
127
111
122
130
124
133
148
135
134
117
128
138
134
136
133
118
127
137
147
122
110
121
112
127
151
137
114
161
140
126
131
122
126
126
145
135
139
150
124
133
126
117
157
149
127
139
155
135
117
155
121
144
118
140
124
111
133
132
117
135
136
98
119
114
134
126
136
136
134
139
124
129
126
127
127
128
125
143
141
131
118
131
137
139
127
135
131
117
136
143
138
139
142
138
127
115
133
138
124
121
138
133
126
146
119
109
124
149
128
137
127
135
121
122
147
141
139
117
109
137
122
145
129
139
112
132
112
122
116
140
145
106
99
126
119
117
147
127
145
129
114
138
122
119
115
133
112
127
126
116
124
113
112
133
110
144
115
146
111
114
132
125
139
126
105
104
133
127
130
102
116
135
126
130
124
124
112
134
115
147
126
137
117
142
116
135
129
131
155
127
150
128
139
122
119
130
106
128
134
139
124
128
103
111
139
125
117
129
131
117
123
93
121
116
89
125
120
125
118
112
113
122
134
107
135
127
120
120
126
104
124
107
110
124
125
102
113
102
121
115
126
115
124
97
108
100
118
112
127
116
95
103
111
119
117
112
109
92
113
107
110
105
102
111
117
127
109
107
112
90
93
126
92
109
116
96
123
113
98
90
123
107
103
94
110
99
96
111
99
118
111
98
104
106
105
109
97
92
97
97
105
99
108
111
103
84
93
115
111
84
108
111
102
99
91
109
88
100
112
87
90
94
95
91
96
105
88
90
113
102
100
81
91
89
95
93
86
81
92
98
90
88
98
89
79
106
85
88
90
90
94
81
97
88
71
70
90
78
96
101
88
83
75
87
79
73
93
90
95
99
82
87
105
96
92
81
82
80
91
86
98
82
89
82
60
93
77
81
73
85
81
64
71
61
78
80
82
61
80
78
82
88
85
80
62
78
79
72
85
84
78
70
59
91
88
67
60
86
84
79
80
80
74
76
82
79
70
60
65
70
68
74
70
70
82
69
90
67
62
76
64
65
77
50
62
69
68
55
68
58
80
71
60
65
63
73
65
73
61
71
64
71
69
58
62
79
55
75
54
69
65
49
69
56
60
69
47
60
53
70
64
78
58
67
62
76
54
65
74
83
60
59
45
55
43
66
77
58
54
46
63
49
52
49
59
61
74
57
55
68
47
50
56
66
54
54
42
51
46
66
56
59
64
62
39
69
49
55
56
50
50
37
47
54
66
41
53
54
52
45
56
53
49
49
50
66
60
53
54
57
45
32
62
56
51
37
41
43
47
47
40
41
51
41
53
50
43
47
52
56
46
53
36
50
45
45
47
45
48
48
45
45
44
41
38
41
49
56
49
47
45
43
44
53
37
45
48
59
38
33
47
44
58
34
51
49
55
40
47
51
40
38
43
44
41
45
41
40
43
45
49
38
35
53
57
29
32
48
38
47
47
54
46
38
48
28
38
49
53
33
39
41
37
46
35
28
40
41
38
48
39
39
47
34
45
47
34
36
31
31
47
28
43
34
40
44
36
37
34
54
43
39
25
39
38
50
46
42
46
30
49
35
45
40
34
44
36
44
37
32
38
39
37
36
38
28
40
30
37
44
40
42
38
37
40
38
40
30
25
34
46
38
46
40
31
30
40
38
33
42
32
34
45
27
32
38
33
25
38
39
29
40
38
43
37
26
32
34
36
35
46
41
33
44
39
39
33
44
24
33
43
34
29
24
41
40
35
36
32
43
27
41
26
33
22
32
28
23
37
23
23
40
27
31
36
31
33
24
33
29
29
25
26
41
32
30
36
25
29
35
34
21
33
36
36
36
28
25
39
38
37
40
25
39
28
29
30
28
39
31
30
29
24
32
38
31
26
30
29
25
33
34
25
37
18
36
30
31
26
27
31
36
38
37
28
28
31
28
23
38
28
30
30
38
34
38
33
33
25
21
34
26
25
28
35
17
33
33
31
34
28
40
29
29
28
30
29
24
38
35
34
27
28
35
29
28
40
37
24
36
25
33
18
31
27
31
42
21
35
34
24
28
33
30
32
30
29
30
27
29
28
19
28
26
19
33
32
34
27
29
29
29
27
32
21
19
23
38
28
22
26
26
24
27
36
40
28
24
31
17
31
32
25
37
28
32
38
41
37
28
25
29
42
32
26
32
32
27
26
33
40
31
27
38
44
36
35
37
44
35
38
34
39
43
45
38
39
33
44
31
31
30
36
48
44
46
37
39
38
44
46
32
39
35
41
46
46
46
33
45
37
43
36
46
53
41
37
47
39
42
53
43
37
48
40
51
39
55
44
44
61
52
52
56
44
56
54
47
50
45
47
56
57
51
47
60
50
56
62
64
60
54
71
52
60
78
64
62
67
60
78
68
69
63
61
75
70
61
66
72
86
59
83
74
75
86
77
76
80
64
77
94
90
82
71
94
72
74
106
116
81
93
81
100
105
86
90
112
99
79
99
110
112
102
116
122
116
113
100
113
105
98
108
123
111
105
118
111
111
132
131
142
140
129
131
118
145
133
117
118
131
129
118
153
128
139
123
160
137
157
143
160
166
144
171
132
167
182
182
174
152
187
178
173
167
176
187
179
202
208
181
219
179
216
224
214
210
209
175
193
203
203
203
216
212
203
208
201
234
201
226
209
225
240
239
240
227
266
212
238
223
267
264
272
263
268
269
252
258
258
254
292
260
297
297
301
287
312
306
310
275
292
293
292
306
335
294
306
302
319
306
306
329
316
327
315
313
363
346
355
350
329
350
321
335
356
373
337
340
392
376
391
372
374
350
387
410
383
355
412
398
396
388
389
405
406
420
389
415
440
428
388
395
447
386
443
424
425
423
424
459
430
435
453
441
440
434
470
505
464
490
510
439
469
456
456
477
414
446
440
465
495
507
477
540
468
483
493
489
471
518
514
484
484
501
482
507
470
516
519
569
595
496
538
562
494
533
547
520
532
519
466
519
545
534
548
529
539
529
483
506
548
525
545
513
568
555
575
512
548
592
537
554
589
555
511
544
587
577
572
581
561
525
561
579
549
566
554
573
563
584
552
577
537
571
555
591
597
565
565
582
602
565
579
533
577
580
544
608
533
599
570
599
607
546
569
547
595
589
619
511
553
562
546
511
566
542
580
583
586
543
534
554
548
534
542
545
563
536
556
523
502
511
560
545
500
545
567
512
539
544
578
489
547
520
520
535
560
513
519
548
499
552
526
490
513
530
498
525
502
518
519
448
489
516
473
562
468
479
490
467
497
459
456
455
456
502
433
481
496
461
465
490
501
453
473
429
439
451
432
446
462
438
437
463
446
435
440
393
434
401
427
442
446
411
412
393
455
385
418
382
382
422
373
409
415
403
390
395
390
388
384
388
402
347
371
361
346
347
395
345
336
358
356
362
354
358
345
353
339
335
313
324
311
360
344
335
321
325
325
324
293
319
333
310
302
324
317
276
309
306
287
308
277
290
281
276
269
275
301
275
243
270
254
280
277
254
264
269
245
262
223
246
247
257
228
237
216
258
245
231
246
239
221
224
232
219
242
208
234
230
205
202
228
214
206
214
205
212
208
224
186
173
201
191
176
206
183
202
173
174
183
195
174
177
179
185
177
171
181
172
174
165
168
171
159
162
164
160
162
177
138
146
143
147
154
145
136
139
130
148
149
130
147
138
122
121
117
142
122
116
125
131
147
118
117
101
116
127
111
116
109
120
114
125
116
117
120
113
119
104
116
118
114
123
107
109
113
120
107
106
105
118
95
116
105
98
87
89
98
96
101
82
105
100
98
95
74
104
95
88
84
86
101
81
75
83
86
96
86
65
94
59
76
71
87
77
74
100
85
71
77
63
72
84
71
84
57
63
73
79
69
93
66
81
79
65
73
72
71
77
63
69
69
62
55
59
60
68
63
66
56
53
74
54
67
60
59
65
55
65
52
65
57
54
60
66
61
39
68
46
52
66
49
65
45
68
53
66
62
40
61
59
45
49
56
64
50
50
46
55
49
61
43
40
46
59
43
57
51
45
42
49
38
48
43
37
58
36
40
40
47
42
35
42
53
38
45
52
52
47
57
34
40
39
40
43
53
42
37
38
43
41
47
54
35
44
35
37
32
31
39
37
36
44
43
41
42
39
40
41
47
51
40
44
37
38
44
44
33
36
41
40
35
51
40
35
42
40
31
30
37
45
34
22
40
31
30
24
45
36
40
31
29
35
30
41
31
43
40
31
42
29
31
41
33
36
41
32
37
33
25
43
39
26
33
33
40
22
35
40
31
36
22
37
39
32
31
31
31
40
29
42
27
36
26
41
38
33
33
25
29
39
29
33
30
37
37
30
28
32
32
27
29
24
25
31
36
31
35
34
32
31
19
32
40
30
30
32
31
28
25
34
28
35
22
32
32
23
26
30
20
26
26
30
26
31
23
22
38
40
35
23
31
23
20
25
27
19
23
29
18
38
29
20
27
24
22
24
25
24
28
38
26
22
14
25
23
31
25
23
28
23
19
32
21
34
20
24
24
20
35
25
27
22
25
23
30
25
27
22
32
28
15
24
40
31
26
17
24
21
24
19
24
22
29
26
28
26
32
24
29
31
23
30
26
22
22
30
28
21
31
34
19
22
36
24
20
23
22
28
28
25
19
33
26
32
19
24
19
20
23
17
19
26
26
19
23
34
19
19
29
21
17
29
30
23
15
27
21
19
20
24
25
23
23
20
23
21
28
29
27
19
27
26
23
21
22
34
26
24
24
25
17
25
25
29
31
29
25
26
18
16
27
21
22
19
21
15
31
22
23
23
22
25
26
33
21
25
19
21
28
33
33
14
25
24
25
23
18
35
21
27
15
23
22
29
23
30
32
24
33
16
28
26
23
27
20
32
22
19
20
25
28
17
25
29
24
30
15
20
28
21
25
27
28
20
25
35
25
29
13
27
22
22
29
25
26
23
25
27
16
19
18
27
26
29
23
27
27
16
32
12
28
21
20
26
19
25
19
23
26
27
18
20
28
22
17
26
32
21
37
23
30
22
23
32
22
27
27
29
25
28
26
25
26
27
24
27
26
24
22
22
23
26
16
21
28
30
26
16
15
26
30
38
24
23
24
23
21
16
29
31
19
24
28
26
20
19
29
17
26
18
17
26
19
17
29
28
20
22
24
22
24
27
18
29
25
21
26
32
14
29
31
13
26
20
17
29
28
25
21
30
13
28
20
14
33
21
17
27
26
27
21
27
20
22
30
25
24
27
23
19
25
17
17
30
20
13
29
18
23
30
19
18
18
22
24
20
16
19
25
25
25
21
26
21
27
20
15
21
25
25
14
30
23
22
21
28
18
19
20
27
11
26
20
19
16
21
23
22
23
31
28
18
20
25
19
24
20
15
17
22
21
24
27
20
19
19
17
26
21
16
16
15
24
17
26
30
23
16
18
15
28
20
27
21
24
16
13
17
13
16
18
20
24
25
26
29
20
14
13
22
12
18
9
26
18
16
12
15
25
18
19
19
13
18
19
22
21
21
14
22
16
26
18
23
16
24
19
16
22
18
21
22
15
25
19
21
12
18
21
16
14
20
22
19
18
19
18
20
17
13
23
12
20
19
17
20
10
17
16
23
20
24
18
19
16
23
16
20
23
16
23
14
16
16
17
17
27
17
26
17
21
15
17
17
25
16
11
17
15
21
10
13
17
23
20
19
20
18
21
14
15
28
23
22
16
21
19
15
11
23
14
17
27
15
17
18
23
12
30
18
18
19
16
18
22
18
16
15
16
21
19
15
23
11
21
17
15
13
22
18
14
20
16
18
21
26
14
24
22
17
15
16
18
12
20
23
13
14
16
14
22
18
19
11
17
16
14
16
18
17
17
14
16
15
14
19
17
19
10
17
15
19
13
19
11
10
19
23
15
24
15
14
16
13
14
21
24
17
11
16
22
17
17
16
18
18
10
18
16
15
11
19
15
14
11
19
12
12
20
19
18
18
16
13
15
17
14
14
19
22
13
16
13
15
9
14
19
16
15
22
10
24
15
7
16
7
9
21
14
18
10
12
11
10
11
18
13
18
14
17
11
21
8
17
13
16
11
12
26
16
20
22
14
16
15
16
10
22
17
16
11
10
23
10
18
11
14
11
15
11
13
17
12
8
12
13
14
11
9
10
16
7
9
15
16
16
14
5
20
18
8
10
15
13
15
13
17
6
9
8
11
10
13
17
20
14
12
15
10
12
14
9
11
16
10
9
17
13
14
13
13
13
17
13
8
12
14
11
5
14
14
7
18
10
8
9
10
7
11
13
8
10
17
9
18
9
13
8
12
11
9
11
17
8
11
20
16
10
9
11
5
9
14
9
15
16
7
10
16
11
19
16
11
8
12
16
19
16
10
12
4
6
14
12
13
12
14
6
14
9
12
13
12
11
9
15
10
15
13
10
6
15
10
7
6
12
12
15
13
13
11
5
13
9
9
7
9
9
11
12
4
4
10
10
6
11
7
12
10
13
8
9
13
10
17
9
12
8
13
16
11
12
6
15
5
13
8
7
7
5
9
13
10
7
9
6
22
10
11
7
6
6
11
11
17
16
6
8
10
7
8
10
12
16
12
9
7
4
17
10
6
11
3
7
12
10
13
12
7
14
6
6
11
7
12
4
8
1
15
6
11
12
8
6
6
8
4
8
9
7
14
11
6
7
7
5
6
6
8
8
6
5
7
10
6
6
7
9
10
12
5
5
3
7
8
9
6
5
9
3
2
7
4
2
3
12
13
8
5
10
3
5
8
6
9
6
5
14
9
6
6
9
5
9
3
4
9
4
9
3
4
9
6
6
10
5
8
3
8
5
4
9
2
11
13
6
8
6
3
6
6
5
3
7
5
6
8
9
9
7
7
5
7
2
8
12
10
4
9
7
5
8
5
4
6
6
4
9
4
3
5
3
5
7
3
9
4
5
3
6
6
8
3
4
4
7
7
6
7
4
6
9
5
5
8
8
4
6
1
10
4
1
3
6
6
5
4
5
6
6
4
3
4
3
2
11
5
5
6
3
1
4
3
7
2
12
8
4
8
5
8
3
4
2
8
7
5
5
5
2
4
3
5
3
1
2
6
7
5
6
3
3
7
6
1
5
7
5
3
4
7
4
7
7
5
4
5
6
4
6
10
4
7
5
2
3
6
3
7
10
3
5
5
5
3
4
5
4
3
4
3
6
6
6
8
2
8
7
5
5
9
5
6
2
7
4
2
4
6
2
7
4
7
7
3
4
5
5
2
2
4
7
4
4
7
3
3
9
3
5
5
4
4
10
5
5
6
6
3
2
6
7
5
4
7
3
1
5
5
3
7
7
3
5
8
5
3
5
5
8
6
3
5
2
2
4
4
7
8
8
8
3
3
9
7
5
9
3
5
5
5
8
7
9
8
4
2
3
7
6
6
1
3
3
6
7
7
5
6
7
2
9
1
6
5
9
4
7
9
6
7
5
4
13
9
7
8
4
4
9
6
5
4
5
8
3
4
6
7
7
10
8
4
6
3
4
6
8
4
5
3
7
8
7
6
7
6
3
2
5
5
5
4
9
6
9
8
7
8
6
5
8
11
5
4
10
6
4
4
7
8
6
8
9
8
7
9
6
14
10
10
3
6
12
6
6
9
8
6
8
9
7
9
9
12
9
10
7
4
15
6
12
17
6
4
10
10
4
11
12
5
8
12
12
4
12
7
13
7
4
7
10
12
11
8
11
11
11
4
13
9
8
8
11
8
6
15
7
11
9
12
8
6
8
11
8
13
12
8
16
9
7
7
13
10
8
10
11
12
13
15
12
11
12
8
9
19
13
14
11
17
15
11
10
16
14
14
11
11
17
16
14
24
13
23
15
20
11
12
12
13
13
23
15
8
14
15
10
12
19
18
17
16
18
15
17
18
18
14
21
20
14
15
24
9
10
18
19
18
14
15
10
20
21
16
20
17
22
19
14
17
15
17
26
16
18
21
20
15
28
23
23
21
14
16
11
22
14
20
19
20
20
13
16
18
23
20
18
17
19
19
25
21
20
9
29
25
17
19
22
17
23
19
24
32
20
18
23
21
21
21
19
14
28
16
24
29
27
20
21
29
22
26
22
28
24
20
29
10
27
19
12
31
26
20
17
33
23
26
18
24
23
28
27
27
27
21
24
15
27
29
33
28
30
26
23
27
20
31
30
18
20
22
22
29
20
34
26
38
23
22
29
27
26
25
24
37
17
26
30
32
26
27
26
25
39
22
31
36
39
29
34
31
27
25
26
24
24
32
28
23
34
15
19
36
25
29
33
26
26
32
33
32
104
107
104
118
108
139
113
114
109
118
96
97
99
109
98
90
91
98
96
105
111
114
81
87
94
87
102
89
94
107
85
81
82
97
92
96
94
87
92
110
89
96
93
77
103
90
89
79
85
89
81
86
84
96
85
81
89
81
83
72
76
78
76
81
77
85
95
74
94
69
77
57
70
93
89
72
57
80
71
74
68
71
76
62
71
76
81
74
75
60
63
63
83
84
47
68
56
67
55
71
68
57
63
87
64
71
65
51
54
56
57
57
74
78
63
49
53
57
60
57
54
55
60
69
77
56
86
50
