16
16
17
13
19
18
23
6
14
20
10
16
11
10
14
21
15
16
11
14
13
15
12
14
12
23
10
12
10
9
15
13
10
15
8
12
11
11
16
8
10
6
14
10
12
13
13
8
13
11
9
16
11
17
15
35
79
119
184
379
612
685
725
707
779
740
826
877
949
1018
1116
1187
1234
1158
1026
842
794
789
800
820
728
742
779
732
720
715
730
785
728
746
753
729
729
748
799
782
746
772
766
766
690
742
724
719
772
699
765
734
741
738
797
793
769
755
811
834
799
839
810
867
787
851
825
842
797
831
793
846
889
864
828
816
853
847
797
867
819
837
919
862
820
906
840
883
864
847
878
841
860
864
840
919
873
897
913
931
875
939
909
908
874
919
875
955
976
902
937
883
1001
875
974
914
936
971
967
957
983
990
945
968
980
950
957
1014
953
985
992
1047
992
933
1035
928
987
949
968
987
994
965
997
975
1047
1029
993
996
1002
979
1100
1006
995
1018
1077
993
1015
1041
1034
1009
1041
972
1022
977
1023
1016
1005
996
977
1009
1001
1035
1085
1052
1071
1034
1053
1008
1035
1062
1028
999
1048
998
1089
1081
1077
978
1017
1057
966
1084
1032
1036
1029
1063
1033
1099
1017
1036
992
1023
1039
1062
1038
1035
1050
1082
990
1076
1003
1023
1011
1053
1094
1074
1001
1049
1039
1048
1059
1052
1055
1047
1087
1038
1074
1075
1087
1073
995
1054
1047
1075
1042
1102
1086
1010
1077
1090
1013
1156
1055
1027
1049
1084
1089
1039
1077
1066
1065
1064
1056
1022
1071
1103
1052
1058
1058
1108
1119
1095
1051
1080
1076
1092
1115
1119
1035
1106
1070
1083
1057
1074
1089
1027
1085
1071
1028
1104
1069
1139
1134
1073
1072
1090
1080
1038
1028
1093
1134
1088
1084
1102
1016
1070
1039
1074
1052
1042
1101
1077
1127
1114
1051
1098
1087
1079
1085
1062
1129
1119
1072
1053
1082
1086
1069
1064
1062
1006
1078
1089
1090
1130
1057
1132
1128
1024
1136
1124
1094
1089
1096
1116
1106
1114
1088
1067
1067
1084
1065
1037
1152
1083
1049
1069
1122
1078
1071
1053
1061
1103
1149
1032
1081
1036
1054
1069
1069
1094
1139
1121
1122
1062
1056
1037
1111
1069
1069
1094
1049
1063
1121
1142
1033
1052
1126
1094
1091
1093
1125
1086
1121
1141
1121
1134
1104
1073
1103
1133
1109
1102
1154
1154
1132
1146
1161
1160
1134
1189
1216
1205
1201
1218
1168
1228
1192
1240
1147
1181
1193
1172
1243
1270
1197
1215
1239
1265
1236
1307
1244
1337
1210
1218
1268
1262
1255
1277
1248
1263
1340
1336
1300
1270
1306
1253
1289
1310
1307
1354
1300
1326
1281
1328
1380
1294
1313
1347
1361
1322
1320
1364
1290
1363
1309
1289
1352
1306
1310
1279
1279
1321
1346
1339
1334
1288
1340
1290
1309
1349
1302
1366
1386
1331
1298
1358
1275
1293
1301
1289
1347
1282
1203
1281
1303
1193
1331
1321
1252
1297
1371
1286
1313
1310
1243
1258
1252
1318
1274
1268
1218
1257
1247
1273
1300
1254
1196
1243
1194
1209
1235
1245
1229
1212
1161
1241
1221
1288
1226
1241
1260
1215
1237
1224
1231
1239
1178
1219
1220
1273
1212
1217
1199
1177
1157
1129
1243
1197
1225
1164
1176
1197
1164
1225
1153
1189
1156
1231
1162
1170
1214
1142
1217
1212
1152
1127
1176
1176
1219
1169
1183
1187
1166
1209
1149
1143
1167
1096
1108
1177
1162
1150
1190
1102
1136
1144
1110
1121
1115
1188
1117
1077
1183
1130
1170
1076
1129
1104
1133
1131
1144
1103
1084
1127
1085
1078
1067
1084
1095
1096
1113
1049
1058
1120
1123
1079
1043
1078
1062
1114
1052
1074
1040
1142
1081
1027
1011
1035
1038
1078
1071
1053
1033
1081
1024
1058
1073
1069
1083
1017
1083
1057
994
1004
1057
1019
1055
1037
994
1052
1074
1036
1018
1001
948
1021
987
1028
989
1013
983
1009
1004
1007
1045
1073
995
996
958
1044
1002
1009
980
962
947
928
1032
880
980
1017
1020
970
956
906
940
926
926
1004
957
1023
1019
978
916
940
945
978
955
958
942
936
945
956
951
963
925
911
1009
993
902
952
999
929
897
1007
882
973
940
918
975
968
936
958
930
925
923
876
914
925
927
884
865
927
951
946
901
930
959
880
866
887
950
967
879
858
890
961
890
947
875
892
910
902
885
909
882
915
872
978
957
930
850
908
891
893
888
882
910
904
888
905
899
867
880
882
906
935
879
870
864
912
927
911
934
918
912
843
875
887
938
898
904
902
893
893
905
907
898
871
879
858
920
929
891
829
841
887
876
886
920
874
876
911
950
883
884
907
831
867
789
902
846
849
859
859
927
875
941
927
862
876
885
883
880
884
903
879
936
915
904
876
901
897
894
803
870
902
845
862
863
827
892
873
914
892
914
834
924
871
875
889
889
853
870
840
842
821
891
862
847
845
851
846
827
953
883
868
874
827
836
832
817
856
817
821
850
811
784
802
796
838
829
820
791
776
780
808
845
814
782
833
775
791
796
785
835
768
775
783
787
774
745
753
757
816
694
719
778
715
738
777
729
703
711
710
718
672
644
697
696
693
707
703
660
652
648
647
703
668
680
678
676
632
713
611
658
642
627
634
611
674
623
611
628
649
584
638
597
618
637
565
567
618
582
593
560
603
559
591
596
572
599
556
546
599
582
525
553
569
601
563
523
533
545
483
470
520
532
508
495
481
505
552
545
515
525
515
536
490
470
549
504
507
450
468
504
486
472
495
475
489
489
514
476
498
515
513
446
485
459
440
443
464
477
444
455
457
446
461
421
472
454
420
450
460
481
444
445
498
438
403
421
452
468
420
428
405
518
442
443
427
376
428
405
426
404
419
447
405
422
439
392
412
428
429
405
406
425
381
393
408
382
429
402
397
433
403
451
443
380
414
403
443
406
428
370
412
389
392
404
397
390
416
427
417
373
382
399
390
374
383
398
378
391
341
393
366
395
377
355
362
360
397
390
385
364
377
383
372
342
406
357
341
361
342
368
386
385
405
369
372
368
361
355
359
395
384
361
348
373
350
376
417
384
340
395
354
371
361
337
362
358
364
367
338
340
363
335
365
358
357
322
325
330
370
357
366
330
376
338
372
350
330
377
356
363
322
353
356
366
349
354
363
346
354
322
374
309
347
367
361
345
339
328
348
339
358
351
375
351
348
349
323
323
352
320
351
367
338
326
323
344
351
340
342
348
327
296
349
361
361
361
340
279
354
325
343
346
353
310
332
348
321
361
306
352
332
307
346
344
307
357
337
325
326
378
360
341
373
326
306
286
343
353
346
312
328
332
312
336
332
365
363
326
329
324
342
358
353
306
358
329
350
350
353
325
308
311
328
387
355
343
347
332
350
341
341
325
360
344
330
335
343
345
342
329
324
356
345
378
346
354
384
362
376
379
382
383
372
382
367
366
406
367
397
412
399
358
415
414
397
415
379
425
450
423
440
489
433
446
431
520
469
483
471
508
512
526
544
522
502
530
549
496
542
576
592
546
607
637
640
661
637
684
686
713
679
751
781
778
767
809
799
792
801
925
899
914
932
892
950
974
1058
1066
1046
1041
1101
1105
1142
1202
1216
1221
1274
1238
1316
1384
1399
1394
1425
1492
1506
1551
1553
1630
1576
1693
1707
1794
1789
1774
1901
1882
1932
1962
1942
1984
2055
2163
2169
2115
2299
2177
2273
2353
2357
2431
2496
2576
2554
2644
2621
2748
2746
2846
2860
2869
2797
2943
3045
3114
3172
3184
3231
3207
3273
3372
3266
3261
3488
3453
3532
3651
3643
3662
3647
3674
3735
3794
3907
3930
3955
3930
3973
4109
4095
4164
4197
4256
4268
4320
4238
4465
4456
4328
4552
4377
4370
4545
4559
4559
4536
4669
4664
4581
4629
4657
4685
4835
4796
4727
4863
4761
4863
4867
4843
4814
4910
4922
4882
5037
4915
4904
4947
4809
4931
4813
4905
5035
4861
4672
4956
4773
4831
4879
4815
4793
4721
4875
4816
4745
4616
4652
4794
4641
4674
4548
4654
4641
4613
4502
4563
4529
4449
4554
4423
4374
4365
4553
4247
4301
4237
4068
4103
4245
4063
4026
4090
3957
3901
3812
3848
3734
3915
3752
3647
3679
3711
3685
3448
3553
3445
3345
3428
3339
3274
3282
3262
3132
3114
3020
2955
2940
2973
2863
2801
2843
2781
2695
2700
2767
2747
2624
2544
2483
2496
2384
2332
2306
2324
2352
2323
2180
2122
2073
2034
2065
1900
2000
1905
1766
1871
1802
1811
1756
1804
1685
1685
1599
1592
1527
1481
1542
1479
1382
1437
1363
1294
1337
1271
1213
1239
1205
1144
1190
1093
1051
1073
1020
1055
997
967
1003
880
911
935
920
810
842
769
809
774
744
776
715
716
680
714
694
668
641
621
655
572
595
557
567
519
542
567
520
515
486
438
501
478
481
496
415
461
472
418
409
400
389
369
374
389
386
385
400
372
362
323
351
327
329
343
338
320
343
311
312
315
304
298
280
303
280
286
288
270
267
282
287
266
252
262
266
255
247
250
234
227
243
234
218
250
235
223
240
215
211
226
206
227
208
215
239
254
216
221
222
202
227
186
209
213
208
198
191
177
216
188
176
190
198
199
181
184
181
187
191
213
178
179
176
219
194
174
169
190
182
188
194
197
192
182
169
173
173
203
190
175
188
182
176
170
184
176
189
153
155
175
168
159
157
163
157
167
162
153
155
150
174
173
143
168
147
152
195
152
156
183
144
164
153
156
164
187
182
153
173
174
144
153
155
184
160
171
171
150
153
149
147
158
155
133
136
161
159
154
149
153
156
184
138
166
162
163
180
148
175
137
143
146
137
161
182
163
142
167
155
177
160
155
159
144
176
154
174
130
156
142
160
145
157
164
142
139
140
167
157
148
151
146
169
161
158
143
161
137
169
170
157
149
146
147
156
129
155
155
160
148
136
159
141
155
149
164
152
138
159
155
137
138
160
172
164
134
148
148
161
152
143
151
117
144
158
151
175
138
150
158
145
154
153
157
125
150
136
129
145
163
151
168
153
153
156
157
160
150
159
152
155
153
155
150
132
176
156
139
143
141
140
143
150
159
149
168
149
172
148
153
145
155
136
156
168
177
162
151
138
139
139
150
140
174
166
136
159
151
177
149
152
157
164
197
167
162
153
154
139
148
157
164
148
137
175
172
149
173
157
166
165
166
139
143
162
148
145
126
137
156
164
164
152
156
148
158
136
154
159
172
161
164
167
151
160
161
165
153
146
141
167
156
148
146
158
155
174
142
168
166
169
165
169
125
154
166
180
154
154
156
152
167
150
153
153
155
161
164
167
153
169
173
171
153
159
153
149
146
136
146
142
155
164
165
158
166
159
172
147
148
147
136
163
170
169
163
170
150
163
136
137
199
158
144
181
149
156
144
177
148
139
158
155
158
143
163
180
139
174
157
172
127
145
165
151
159
176
156
158
161
161
149
151
161
180
146
144
140
162
159
143
119
161
142
153
159
151
151
138
140
149
147
162
148
149
150
138
157
143
147
162
148
138
161
121
157
136
133
150
138
158
153
166
143
150
174
133
150
150
164
145
174
159
169
157
165
143
156
136
139
158
142
154
141
170
144
143
165
171
146
163
157
146
177
158
134
180
170
176
132
132
167
146
152
145
146
156
141
156
166
139
148
147
155
123
158
150
144
142
158
138
175
160
138
158
137
161
162
169
143
152
144
153
159
164
160
129
161
145
145
153
167
153
149
152
165
177
172
130
150
186
150
145
150
151
163
133
147
135
142
139
140
145
118
127
151
148
151
144
131
168
172
158
169
143
145
163
156
155
169
129
156
154
164
170
169
130
137
146
158
155
150
160
133
134
156
187
170
167
152
160
165
157
165
181
141
165
177
166
141
148
143
149
147
143
135
159
164
146
175
141
144
155
175
155
157
158
157
163
173
145
139
156
164
141
162
144
144
146
123
127
143
148
152
151
149
156
160
152
151
142
167
163
164
124
175
134
145
146
147
166
173
151
162
169
160
154
141
156
146
169
138
171
153
145
152
142
172
139
148
178
149
139
159
153
157
174
167
157
149
172
150
140
146
145
143
152
152
136
143
152
159
140
157
141
144
153
155
149
157
146
159
139
154
155
154
145
132
170
117
151
178
148
153
142
178
156
157
180
144
139
133
151
148
144
138
152
140
162
157
148
163
137
168
169
150
131
117
150
135
143
147
143
153
168
168
176
145
136
153
157
152
137
129
142
141
152
140
166
154
147
139
153
160
173
162
146
159
141
121
137
142
138
141
143
156
163
169
151
139
140
142
134
155
150
166
146
155
168
158
148
138
148
142
154
121
136
151
135
145
160
139
165
136
137
154
163
133
164
156
147
152
157
148
132
142
151
139
145
137
151
142
153
144
161
159
139
153
157
154
142
167
134
150
149
157
161
166
143
139
177
146
171
142
148
136
146
163
142
151
157
170
153
140
142
143
165
131
150
159
186
151
168
153
152
155
145
161
166
159
152
146
173
141
162
151
177
154
173
169
153
133
143
154
161
153
167
135
114
158
195
165
140
164
165
155
165
160
134
165
152
166
148
152
143
152
157
154
152
171
128
150
138
165
138
179
153
157
172
151
150
134
154
170
166
163
153
162
157
164
165
159
143
170
146
158
149
184
180
156
170
169
158
178
161
191
170
162
177
148
139
166
148
143
162
148
161
171
146
168
167
175
155
176
176
156
159
171
167
181
181
147
174
140
156
168
177
151
137
166
151
166
163
180
153
160
145
164
170
150
144
154
153
160
152
162
167
155
163
193
161
180
156
165
192
142
211
170
162
176
175
147
174
174
160
175
154
161
173
172
164
154
164
162
157
145
164
179
174
170
169
167
166
175
187
179
167
164
176
174
161
163
149
165
154
149
170
147
189
168
177
186
188
166
165
167
158
176
148
172
183
162
166
147
160
156
171
173
180
148
165
168
190
163
145
154
186
175
175
187
176
174
174
172
168
164
177
166
164
172
168
153
179
175
156
152
183
184
186
162
177
165
168
191
161
162
175
167
143
172
160
166
145
210
153
171
163
168
174
181
183
158
157
207
180
179
184
167
164
155
177
175
178
155
185
195
173
194
172
163
165
163
185
167
209
193
180
195
182
181
178
179
169
143
184
169
190
174
178
177
164
195
156
157
173
182
182
182
184
165
167
198
154
169
175
183
196
201
185
169
158
173
195
167
179
170
165
162
155
154
198
175
159
183
179
173
179
154
179
168
192
153
190
179
183
194
163
158
162
164
178
175
166
169
205
188
153
176
184
185
164
168
192
211
185
158
183
185
172
186
163
185
161
183
167
169
175
183
161
198
192
156
174
179
181
168
189
173
186
200
169
193
193
177
169
167
158
148
193
177
163
164
187
152
190
176
173
151
164
174
187
181
181
147
157
152
138
189
187
177
137
172
173
196
151
152
166
152
154
162
158
168
166
154
170
176
164
174
172
137
165
132
151
164
151
152
149
159
159
183
181
181
153
154
144
161
167
156
153
165
164
161
157
147
164
145
157
153
120
168
151
154
156
153
150
156
151
158
152
173
159
146
147
156
165
141
141
149
122
151
142
134
147
131
131
143
152
154
138
132
122
132
121
136
137
137
142
151
137
148
115
126
136
152
153
133
152
153
131
152
131
147
155
132
125
119
121
130
126
135
116
116
146
112
134
142
125
121
113
142
129
146
135
118
121
131
136
94
129
117
108
108
85
122
124
119
131
99
87
126
117
133
98
102
98
126
105
111
104
99
125
123
85
110
120
106
127
118
106
115
106
122
111
110
90
112
95
104
104
108
127
93
85
106
92
91
97
102
90
100
86
82
78
97
106
83
94
110
97
103
102
77
105
93
88
94
92
97
72
89
100
86
95
81
81
74
100
83
78
81
83
81
84
90
69
76
84
84
87
87
73
91
84
69
77
76
92
76
75
77
86
91
72
80
76
97
84
75
81
72
70
71
71
62
78
82
72
67
54
84
75
68
84
68
74
70
65
71
58
61
65
68
62
77
69
68
61
68
64
71
76
76
69
59
67
76
59
54
58
71
68
69
72
68
53
58
71
70
71
68
81
64
62
69
63
62
74
60
53
65
52
60
58
59
69
65
76
81
56
59
65
52
45
53
50
62
72
66
48
52
62
59
62
58
52
49
63
46
67
42
64
54
50
50
55
63
39
50
53
46
60
44
50
49
66
60
49
54
61
66
59
43
45
56
45
52
51
41
53
52
62
51
55
49
64
55
40
31
50
48
41
43
51
46
52
58
59
50
48
43
62
47
54
57
44
40
41
38
48
50
52
43
39
53
55
41
35
51
54
40
56
39
55
51
55
35
48
43
35
46
40
54
43
60
49
50
43
56
49
39
48
44
45
48
58
44
51
57
41
60
51
43
44
47
44
40
40
42
52
43
48
46
32
48
34
40
44
48
54
45
50
51
45
41
50
39
50
50
41
42
46
54
47
46
47
42
34
64
40
44
51
49
43
51
58
46
56
67
44
56
57
48
37
35
49
60
61
39
55
51
57
58
50
58
47
49
54
41
53
65
63
53
50
79
46
65
59
57
49
75
60
49
53
61
63
66
62
64
55
68
65
75
85
79
83
63
80
76
75
82
77
90
71
75
63
76
84
92
93
80
91
86
93
89
96
102
91
106
84
113
93
101
93
90
95
92
104
91
112
105
105
120
124
117
100
121
117
139
118
129
125
125
109
128
135
122
139
139
128
125
149
139
130
123
161
150
167
147
175
199
162
157
166
160
164
194
190
196
200
179
180
194
212
216
202
205
191
217
223
222
218
242
247
228
237
219
231
223
245
233
249
235
280
245
277
241
279
288
278
252
286
300
275
294
297
307
264
316
303
297
281
332
313
299
330
313
328
343
325
303
363
351
343
317
347
333
319
359
356
317
355
343
375
360
371
368
399
389
355
421
380
406
399
419
412
446
421
414
434
416
453
439
418
447
412
425
488
444
444
485
427
453
472
485
474
507
492
476
480
496
480
478
466
499
486
485
505
532
480
500
520
509
499
480
499
553
555
522
507
562
559
573
529
520
527
577
545
583
574
546
532
551
520
541
573
563
528
621
575
593
609
541
553
577
558
565
602
595
570
583
582
589
586
577
603
574
594
612
581
559
568
579
595
543
639
604
612
649
592
623
641
580
607
595
642
606
574
606
635
602
594
547
628
628
656
592
594
579
635
605
603
606
644
623
603
601
653
670
599
699
581
570
591
604
618
592
588
594
638
593
591
603
591
635
613
603
608
592
600
545
577
575
641
576
612
591
615
609
580
549
587
536
581
579
564
561
580
580
561
652
579
573
576
577
508
584
572
588
571
567
549
588
579
526
557
532
522
521
530
529
523
538
546
576
566
529
565
558
525
531
560
521
522
517
510
483
479
520
500
511
475
515
486
455
508
454
485
491
462
479
455
465
470
476
464
400
431
479
456
442
406
428
474
449
469
449
434
438
393
419
411
386
408
406
364
402
368
377
375
390
400
392
411
383
376
365
392
372
370
375
337
385
341
350
317
328
345
354
353
333
357
314
325
337
320
320
318
344
335
313
340
288
293
256
297
295
318
277
277
279
283
286
271
298
238
271
272
253
295
265
274
248
248
278
263
276
247
264
238
227
234
233
248
227
189
244
198
215
216
209
223
232
208
184
214
198
168
220
192
178
169
167
169
168
166
174
162
195
177
189
149
148
153
154
175
145
148
161
134
127
144
154
151
142
155
183
141
137
140
168
143
143
143
112
137
149
136
126
121
125
129
125
132
116
118
108
129
131
108
120
108
94
108
104
124
100
122
100
101
116
94
104
97
97
105
84
100
99
91
96
97
89
82
77
90
88
99
71
96
76
109
71
77
77
87
75
83
74
82
69
80
85
78
73
75
68
69
84
71
74
57
75
56
79
63
87
68
66
79
53
72
82
74
69
53
62
75
55
57
70
52
65
59
56
54
44
54
58
60
46
48
49
62
45
50
47
71
46
64
47
49
52
45
49
74
55
75
68
51
63
41
39
35
44
55
46
45
40
52
45
48
48
45
49
52
45
48
45
59
38
41
53
42
50
64
43
41
46
42
45
38
51
57
44
44
47
51
44
42
45
44
46
49
43
44
44
40
45
49
44
41
40
47
43
40
33
47
48
31
42
36
46
39
50
41
40
42
43
41
36
41
42
41
31
38
46
46
43
44
39
35
44
40
47
33
45
37
29
36
42
26
36
40
42
36
30
40
46
44
47
24
40
38
31
32
31
38
34
40
36
44
33
35
40
27
23
35
40
41
36
36
33
42
26
33
24
24
31
30
29
37
41
41
30
39
33
34
41
34
36
29
35
32
33
20
35
40
36
32
31
45
37
43
34
37
37
38
36
28
26
35
34
32
19
56
40
24
35
33
26
36
32
39
34
34
31
31
35
30
23
37
31
33
36
31
36
40
25
27
33
35
35
36
27
29
29
43
37
33
36
38
30
31
27
36
32
32
32
39
37
41
30
32
38
23
18
32
21
40
33
45
24
37
30
29
44
32
42
33
35
25
28
28
32
27
41
32
34
35
32
26
25
34
33
40
33
21
26
31
26
22
26
39
20
29
30
23
47
40
33
26
25
25
37
27
37
30
32
20
34
38
40
31
27
33
28
31
27
34
31
23
30
35
31
26
29
35
36
28
30
29
29
25
27
22
25
22
27
30
33
18
26
31
25
22
21
35
30
23
32
29
29
24
28
30
26
28
35
21
30
19
39
33
17
26
24
34
27
26
25
31
29
20
30
23
31
28
35
21
30
35
30
19
18
27
26
26
31
32
31
33
36
39
24
32
29
24
35
23
18
20
24
26
27
25
24
21
30
38
24
26
22
28
31
27
24
41
35
24
25
23
26
31
28
34
34
25
23
28
23
21
23
25
30
19
28
24
31
28
29
32
27
21
20
22
26
23
27
22
14
21
24
16
27
14
25
29
19
24
22
24
12
29
22
20
15
20
20
20
25
17
22
18
22
28
20
21
28
20
15
19
18
24
32
18
19
18
19
25
20
20
18
22
21
18
16
19
18
33
16
28
24
19
20
20
26
18
17
21
23
17
20
23
23
18
14
23
23
19
20
18
14
19
18
27
15
18
19
17
25
18
26
19
19
22
18
20
12
23
19
23
13
25
27
21
23
18
16
16
12
26
18
17
15
21
27
20
16
13
15
20
21
22
17
15
19
17
21
18
29
13
20
20
11
18
19
22
26
21
23
11
22
13
18
18
13
15
17
21
17
20
14
18
14
18
12
18
15
20
20
14
14
15
15
21
22
11
9
18
18
17
18
15
20
18
25
17
14
9
13
18
12
11
15
11
12
17
16
10
18
11
19
12
15
18
16
16
17
23
16
19
14
19
18
17
24
11
15
5
14
15
10
12
13
9
16
9
10
19
19
20
15
12
13
12
18
9
7
16
22
19
17
17
12
15
9
10
13
9
20
13
13
11
11
13
6
17
18
15
10
11
15
13
10
17
9
16
9
9
18
17
19
10
7
10
20
8
18
10
12
12
16
11
13
16
11
16
9
9
11
12
16
12
10
6
11
12
13
13
7
13
17
15
14
20
16
11
14
13
12
14
15
11
10
16
9
8
11
10
7
10
14
7
5
9
12
14
13
9
12
11
11
10
16
6
8
11
9
13
12
9
7
14
9
11
10
7
12
16
7
8
8
12
3
12
15
9
13
9
8
11
9
11
9
4
8
4
14
12
16
8
13
4
4
6
7
9
7
10
8
10
8
8
7
12
9
12
10
6
3
11
10
9
12
7
12
7
13
15
9
9
10
18
13
4
8
9
13
3
7
13
7
7
9
8
13
9
9
7
19
6
6
7
10
6
12
9
6
2
11
4
9
14
13
8
11
2
6
7
7
4
7
7
8
9
7
8
7
6
4
10
14
8
8
7
7
8
13
4
8
6
10
8
12
8
11
4
12
10
4
8
4
10
10
10
4
9
6
9
10
9
6
7
8
5
11
11
10
5
7
10
16
7
7
7
8
11
9
11
7
10
11
8
8
11
8
6
9
4
10
9
4
8
9
8
9
9
9
6
7
10
12
14
7
5
8
6
8
6
10
7
6
9
8
11
11
10
6
14
10
7
7
8
8
11
10
13
3
6
10
9
5
11
7
13
8
6
14
7
5
10
11
11
12
8
7
6
8
11
8
11
8
15
5
12
13
12
6
13
6
6
9
10
12
13
8
14
10
14
14
5
16
12
10
14
12
9
16
18
12
16
14
14
15
18
10
16
10
14
14
16
12
15
18
15
10
13
8
11
29
13
16
22
16
19
13
19
17
16
20
15
18
17
18
13
13
11
20
19
14
22
18
15
15
25
15
14
18
21
18
14
25
10
11
14
13
11
15
18
14
10
12
21
18
23
21
15
15
14
17
22
23
21
14
13
23
19
14
18
16
18
21
17
22
18
22
21
21
27
28
17
13
20
22
27
12
23
20
31
29
26
22
19
17
29
27
24
14
26
18
30
10
20
31
23
23
16
13
26
32
28
18
26
30
17
15
21
25
30
30
29
29
17
20
25
28
27
24
22
26
27
27
27
23
22
27
24
23
29
35
21
25
28
19
26
31
42
24
27
27
18
23
21
24
27
21
29
25
28
20
30
18
36
34
27
23
23
24
33
20
23
21
21
18
24
17
20
26
31
18
29
24
30
28
20
27
30
30
30
24
28
37
18
30
20
38
24
18
27
21
23
21
31
23
26
28
25
21
28
31
19
16
25
32
20
18
30
27
29
26
29
25
13
25
27
22
19
35
27
22
32
32
23
21
27
19
29
27
28
31
29
28
24
28
21
20
23
28
26
29
22
20
23
21
24
26
23
25
30
26
18
24
23
26
22
25
23
28
25
17
27
30
23
24
28
17
20
23
34
32
24
22
23
23
22
17
23
25
24
33
20
20
25
27
27
28
20
25
16
19
21
18
20
24
18
25
26
28
24
22
24
24
30
27
23
18
25
19
24
26
22
17
19
19
20
19
24
18
26
21
23
16
20
24
22
18
26
22
24
20
19
21
23
29
21
18
20
19
26
18
13
21
20
25
22
19
17
11
17
22
21
16
13
24
14
22
22
19
18
18
19
14
22
14
21
15
17
24
19
21
16
18
19
13
19
14
17
13
16
16
19
27
22
17
14
12
16
14
14
21
14
12
22
26
16
17
18
20
10
10
19
18
19
19
15
18
16
16
13
16
11
12
20
15
20
11
10
18
18
8
19
8
12
14
12
11
15
13
15
15
8
14
21
14
13
10
14
10
12
12
10
7
8
15
17
14
14
8
14
12
12
11
11
4
8
14
11
13
8
14
8
13
13
15
13
10
4
8
10
12
10
7
8
5
9
10
11
9
4
11
7
5
8
9
5
4
10
4
12
7
9
8
11
7
8
8
9
5
6
8
7
5
4
5
6
6
5
7
5
6
8
3
4
3
7
5
8
11
2
4
5
3
9
5
6
6
2
4
0
3
4
5
1
4
5
4
7
8
10
10
8
5
5
3
7
9
3
6
4
4
8
4
3
4
5
4
1
1
6
4
5
7
2
2
1
3
2
3
2
4
5
4
5
3
6
4
3
6
6
2
7
1
2
4
1
5
5
1
5
2
4
1
4
3
5
7
2
3
6
3
2
1
3
0
3
2
2
3
3
1
3
6
0
0
2
2
2
1
3
4
3
2
2
5
4
2
5
5
2
4
3
2
3
3
2
1
6
2
3
3
1
2
0
5
4
4
1
3
4
0
1
2
4
3
3
2
2
1
4
0
2
2
1
0
2
2
1
1
6
1
3
3
2
3
1
1
1
0
6
2
4
2
2
3
2
0
1
0
3
1
3
1
1
2
1
2
4
1
3
4
4
1
1
3
3
1
2
3
1
0
4
0
4
5
0
0
1
0
2
1
2
2
3
1
0
4
2
2
4
2
0
0
2
2
0
0
1
3
1
0
0
0
0
0
1
2
2
1
1
1
3
1
1
2
1
1
2
2
3
0
1
1
1
3
2
3
3
4
2
1
1
1
3
1
2
1
2
0
1
1
0
1
1
2
4
1
2
1
1
1
2
0
2
2
2
2
1
0
1
1
1
2
0
3
2
2
1
1
1
1
3
0
1
2
0
0
0
3
5
0
1
0
0
0
1
0
1
0
1
2
3
1
1
0
0
0
3
1
0
2
1
1
1
1
1
2
3
0
1
0
3
1
0
0
1
0
0
0
0
1
2
1
2
0
0
3
0
1
0
4
1
0
1
2
0
2
1
1
0
1
1
1
0
0
1
1
2
1
0
2
0
1
2
1
1
3
1
3
2
1
2
0
1
1
0
0
2
1
1
1
3
3
1
2
1
0
1
2
1
4
2
1
1
0
2
2
0
1
1
0
0
0
0
0
1
2
2
3
3
0
0
0
0
0
0
1
1
2
1
2
1
2
1
0
2
0
2
0
0
1
2
4
3
0
2
2
1
2
0
4
1
0
2
0
2
2
1
0
1
3
0
1
1
0
0
0
0
2
1
3
1
1
0
0
1
1
0
0
0
1
2
1
2
0
1
2
1
1
2
1
0
0
2
2
1
3
5
2
3
3
0
2
1
2
1
0
0
1
1
1
1
1
5
1
0
0
1
1
0
1
1
1
1
2
1
0
2
1
2
1
3
2
0
1
2
0
0
1
2
1
2
1
3
2
0
2
0
1
1
1
1
2
3
0
1
0
0
1
1
1
0
2
2
2
1
2
0
1
0
3
1
3
0
3
0
1
0
3
1
2
3
1
0
1
0
1
0
2
0
1
0
2
2
3
0
2
0
2
1
0
1
0
0
0
0
0
0
2
1
0
3
0
2
3
1
1
1
3
1
2
1
3
1
0
2
1
1
1
0
0
1
1
1
1
1
1
1
1
2
2
2
0
0
1
0
0
2
3
1
1
0
1
0
2
2
1
1
1
0
2
1
0
0
1
0
2
1
3
1
1
2
1
2
2
1
0
2
1
2
1
3
2
0
1
3
1
1
0
2
4
1
3
2
1
0
1
1
1
0
1
3
3
0
2
1
0
3
0
2
1
0
3
0
2
2
2
0
0
1
1
2
0
3
2
0
1
0
1
2
0
0
2
0
0
2
0
2
1
1
0
1
1
2
0
3
2
1
0
1
1
1
1
0
1
0
0
1
3
3
1
1
0
0
1
4
1
1
1
1
2
1
1
4
5
0
0
1
2
2
0
1
1
1
0
1
3
5
0
2
2
0
1
2
0
2
1
0
4
1
1
1
1
2
0
0
1
0
1
1
1
2
2
1
3
1
0
0
0
1
2
0
0
3
1
0
2
1
3
2
1
1
0
1
2
1
1
0
1
1
1
1
1
1
1
1
0
0
2
1
0
2
2
3
1
0
0
3
0
0
3
2
1
0
0
1
0
0
1
2
1
0
1
1
2
1
2
0
2
1
2
0
1
1
0
1
1
2
2
0
1
1
0
1
3
2
0
1
2
0
1
1
0
2
2
1
2
2
1
0
2
0
0
1
1
0
1
1
0
2
1
0
1
3
2
1
3
2
0
0
1
3
3
2
0
1
0
0
1
0
0
1
1
1
0
1
0
1
1
1
1
0
2
1
1
2
3
0
0
0
0
0
2
0
2
0
2
1
1
1
1
1
1
0
0
2
1
0
1
0
2
0
0
1
0
1
1
0
0
1
0
2
1
2
1
2
1
1
1
0
1
0
0
1
0
1
0
1
1
1
0
1
1
1
1
1
0
1
0
2
0
1
0
3
1
1
1
1
2
1
0
1
2
3
2
1
0
1
1
0
2
0
1
1
0
0
0
0
2
1
3
0
2
1
2
0
0
0
0
0
1
3
0
1
1
2
0
1
1
2
1
2
1
3
2
2
1
1
2
0
1
0
1
0
1
0
0
0
0
0
1
0
0
4
0
0
0
1
2
2
0
2
0
1
0
1
2
2
2
1
2
1
1
1
0
0
1
0
1
0
2
0
1
0
2
0
1
1
0
0
1
1
1
1
2
2
0
1
1
0
0
1
0
1
0
1
0
3
1
0
0
0
1
1
1
1
0
2
1
3
2
2
2
1
1
0
2
1
1
1
1
0
0
0
2
0
0
0
1
1
0
0
1
2
0
1
1
1
1
1
0
0
0
1
2
0
2
0
0
1
0
1
2
2
0
1
1
0
0
0
2
0
0
0
0
1
2
2
1
0
2
0
1
0
2
1
2
0
0
0
1
2
3
1
0
2
1
1
0
1
1
0
0
0
1
0
2
1
1
2
0
0
2
0
0
1
0
1
1
0
2
1
0
0
0
2
0
1
0
1
0
1
0
0
1
0
0
0
2
0
1
0
0
1
0
1
0
0
0
2
1
1
1
0
0
1
3
1
0
0
3
0
0
1
1
1
0
0
1
1
0
0
0
0
1
0
0
0
1
1
0
2
1
0
0
3
0
0
0
1
1
1
0
1
0
2
0
1
0
1
0
0
0
0
2
0
0
1
0
1
1
0
1
1
0
0
1
0
1
1
0
0
2
0
1
1
0
1
2
1
0
0
0
2
0
2
1
0
0
0
0
0
0
3
3
3
0
1
1
2
0
0
1
1
0
0
2
0
0
2
1
0
1
0
0
1
2
1
0
1
0
1
1
0
0
2
0
0
0
0
1
0
2
2
1
0
2
0
0
0
0
0
0
0
0
1
1
0
0
2
0
0
1
0
0
0
0
1
0
2
0
1
1
1
0
0
0
0
0
1
1
1
0
0
1
2
1
0
2
0
0
1
0
1
0
2
1
0
0
0
1
0
0
2
0
0
1
0
1
2
0
0
0
1
0
0
0
1
0
0
0
0
0
1
0
0
0
0
0
1
0
0
1
1
1
0
1
0
3
2
0
1
1
0
0
1
0
0
0
1
1
0
1
0
0
0
0
0
1
0
3
0
0
0
0
0
2
0
1
1
0
1
1
0
0
1
0
1
1
0
0
1
1
1
1
2
0
0
1
0
0
0
0
1
1
0
0
1
0
0
2
1
0
2
0
2
0
0
0
0
0
0
0
0
0
1
0
0
0
1
1
0
2
0
0
0
0
0
0
0
0
0
1
0
1
0
0
0
0
1
1
1
0
1
0
0
2
1
0
0
1
0
0
0
1
2
1
0
0
1
1
0
0
1
1
1
2
1
2
1
0
0
0
0
0
1
0
1
1
0
1
1
0
0
0
0
0
0
1
1
0
2
1
1
1
1
0
0
1
3
0
0
0
0
0
0
0
1
1
0
0
3
3
0
0
0
3
1
1
0
1
2
1
0
0
1
1
0
1
1
2
1
0
1
0
2
1
1
0
0
0
1
1
2
0
0
0
2
1
1
0
1
2
2
1
0
0
2
0
0
1
2
2
1
2
0
1
0
0
1
1
1
0
2
2
6
0
3
0
0
1
0
0
1
2
3
0
2
1
1
1
3
2
0
0
1
0
0
0
3
0
2
1
1
1
1
1
1
1
0
1
0
4
1
0
1
2
0
0
1
3
0
0
1
2
3
1
1
4
0
1
3
1
1
2
1
1
1
2
1
1
3
1
1
0
0
0
2
1
0
0
0
0
2
2
1
1
0
1
3
1
2
1
1
2
2
3
0
3
2
2
0
1
2
0
2
2
0
1
0
1
3
1
2
0
1
0
0
1
0
0
0
2
1
1
0
2
1
1
0
2
1
0
2
0
1
2
1
0
0
2
2
1
0
0
1
2
2
1
1
1
1
1
0
2
0
2
1
2
2
0
1
2
0
1
1
2
3
4
1
1
2
2
0
0
1
2
2
1
2
0
0
1
2
0
1
2
0
2
2
0
2
1
2
0
1
1
0
0
1
0
0
1
2
0
0
0
1
0
0
0
0
3
2
3
2
1
1
3
1
0
0
0
0
1
0
0
0
0
0
2
0
0
0
1
3
1
1
1
0
2
2
0
4
3
0
2
0
1
0
2
1
3
4
0
0
0
1
0
2
0
2
2
0
0
1
0
0
1
2
2
1
2
0
1
0
0
0
1
1
0
0
0
3
1
0
1
3
1
1
1
1
1
0
4
1
1
2
3
4
1
2
1
0
3
5
1
1
0
3
0
2
1
1
0
0
1
1
1
4
3
1
1
1
0
0
1
1
0
1
2
0
0
1
1
0
1
1
2
1
2
0
1
1
2
1
1
2
2
1
1
1
5
0
1
0
0
1
1
0
1
3
3
0
1
2
2
0
2
0
1
3
0
3
0
0
1
3
2
1
2
1
1
1
2
1
0
3
0
1
0
0
1
2
0
3
1
2
2
3
0
1
0
1
0
1
1
1
0
1
1
0
0
1
0
1
1
0
1
1
0
1
0
0
1
1
1
3
0
1
1
1
2
2
0
1
1
0
1
1
0
0
2
0
1
3
0
2
1
1
2
1
4
1
1
1
0
0
1
0
1
0
0
0
1
1
3
1
1
2
1
0
1
1
1
1
2
0
2
1
3
0
1
0
0
1
0
3
2
0
0
0
0
1
2
0
0
0
1
1
1
2
0
1
0
1
1
2
1
0
0
0
1
2
0
1
0
1
2
1
0
0
0
0
0
1
0
0
1
2
0
0
1
0
0
0
1
0
1
2
0
1
1
0
0
2
0
0
2
0
0
1
2
0
0
0
1
0
0
1
0
0
0
2
0
0
1
1
1
0
0
1
1
0
1
1
0
0
0
0
0
1
0
0
0
2
0
1
0
0
1
0
2
0
0
0
0
1
1
1
0
0
0
0
0
1
0
15
6
11
6
6
6
12
8
5
8
4
6
4
11
7
8
9
12
7
9
7
9
2
7
9
12
5
9
3
2
6
10
9
3
3
6
8
7
8
4
4
10
1
6
8
9
9
11
10
8
6
7
12
6
9
9
6
9
7
6
6
13
7
4
7
6
5
8
4
6
7
4
10
5
11
10
8
6
3
5
6
7
11
8
4
6
4
6
10
6
8
3
10
7
7
8
9
15
7
9
5
4
7
6
5
7
3
10
6
6
6
5
7
4
7
15
12
9
11
12
10
16
15
14
18
19
18
13
