0
0
0
0
0
0
0
0
0
0
0
0
0
0
0
0
0
0
0
0
0
0
0
0
0
0
0
0
0
0
0
0
0
0
0
0
0
0
0
0
0
0
1
0
0
0
1
2
0
2
2
0
1
2
7
1
2
4
3
5
4
3
6
4
2
6
4
10
6
3
8
9
10
9
14
8
14
12
13
25
22
19
31
30
30
41
51
62
59
61
89
107
96
131
160
196
206
264
299
356
425
519
589
636
781
890
1147
1219
1199
901
806
661
463
232
110
86
97
107
105
132
139
141
214
212
224
251
264
270
323
323
353
353
357
412
415
361
403
386
334
304
253
211
197
172
150
164
191
161
197
212
251
283
285
293
348
336
325
325
338
259
278
232
214
185
202
181
211
227
218
243
292
295
315
343
288
341
257
269
260
227
220
229
221
211
218
224
275
260
284
272
295
249
237
266
247
250
208
202
227
255
246
243
292
280
269
265
246
246
261
255
226
222
234
226
214
262
273
267
276
277
272
235
247
254
233
247
255
242
229
248
237
244
262
285
253
248
269
285
269
246
245
246
259
244
267
273
237
239
255
275
249
254
280
282
278
265
250
249
258
287
242
257
255
276
217
247
249
241
230
256
289
255
261
254
278
231
283
248
239
268
244
220
283
232
280
266
258
267
279
228
247
303
281
270
276
271
254
248
230
270
262
259
265
290
254
245
283
251
283
267
255
268
249
250
255
259
253
262
242
266
273
274
251
265
263
252
250
245
269
262
269
292
261
257
267
263
257
295
270
250
256
244
262
280
270
247
259
252
258
288
258
246
259
268
255
266
292
297
281
285
260
278
288
280
274
284
275
283
278
270
281
297
245
239
283
270
279
308
223
291
271
257
278
281
274
286
269
266
296
270
283
258
266
248
273
267
249
263
276
281
277
257
243
265
254
268
265
285
297
286
249
271
270
260
272
282
261
256
290
263
280
263
256
268
284
261
279
256
278
268
254
272
266
278
267
282
254
270
253
243
257
265
251
285
241
255
274
253
255
263
300
261
286
242
276
292
255
255
263
280
240
264
268
262
296
264
266
253
291
275
271
260
293
275
280
296
281
301
241
258
271
267
267
264
283
286
281
249
258
302
278
280
223
267
247
279
280
262
275
286
245
261
280
225
290
266
256
257
277
276
284
263
249
257
256
243
253
240
237
263
299
264
261
260
271
291
249
277
262
264
248
271
288
265
289
268
281
241
249
303
275
252
261
260
304
278
254
268
260
242
249
270
256
261
270
273
266
281
262
259
292
241
285
265
256
249
253
265
260
302
259
271
275
274
263
264
267
265
281
280
260
249
254
249
274
247
284
273
247
250
284
240
241
260
263
289
222
234
239
264
273
247
246
248
233
265
256
276
257
276
253
245
238
240
257
273
276
240
264
260
243
260
269
270
260
269
247
258
273
248
245
256
259
243
271
254
254
253
233
263
259
254
249
257
227
248
249
264
277
231
280
268
259
240
243
260
243
230
228
247
244
236
279
280
254
247
269
261
249
240
258
232
224
235
223
235
236
239
246
262
239
248
263
252
286
273
271
236
236
240
259
256
237
234
258
238
262
252
280
236
235
233
225
215
216
244
245
254
242
239
247
217
226
251
248
238
224
232
239
262
230
257
262
249
234
248
232
235
237
259
237
227
264
236
237
233
257
252
234
233
246
238
260
222
236
235
264
244
261
242
224
250
261
237
242
276
227
226
238
199
247
262
227
216
253
250
244
248
212
227
219
233
238
263
236
258
247
247
244
240
236
245
226
231
204
219
219
227
216
223
238
219
258
252
252
260
258
233
240
230
212
247
239
212
229
272
206
235
229
221
227
221
235
221
248
232
207
250
235
232
256
232
236
234
212
238
220
231
261
227
233
237
225
217
214
243
218
224
245
225
221
229
209
256
230
255
204
229
248
235
225
237
200
237
224
243
229
210
227
248
233
227
248
249
213
220
217
262
261
239
234
238
245
247
216
211
237
228
219
233
222
229
211
205
214
239
241
238
234
242
208
234
206
261
239
210
211
245
225
286
210
219
234
266
229
236
246
226
212
242
224
229
224
230
230
233
218
233
231
231
237
238
238
233
268
212
219
236
253
239
225
236
228
253
233
219
248
238
221
252
260
271
249
239
221
248
222
222
196
254
249
233
220
228
244
247
232
210
241
238
232
229
240
247
237
252
260
245
247
272
261
239
253
261
246
276
234
251
295
266
250
252
252
255
297
276
281
301
326
297
321
283
276
314
302
299
267
306
314
289
312
323
325
299
316
322
327
300
316
309
319
306
335
300
306
347
325
303
301
319
316
316
326
281
283
322
299
303
289
318
269
273
263
282
263
287
276
274
273
267
276
285
253
249
253
263
235
257
259
253
243
249
269
234
258
253
254
216
248
227
219
245
253
225
217
211
235
230
246
245
253
232
246
231
212
214
237
235
211
233
246
243
225
227
251
233
216
205
248
225
242
223
217
207
220
237
236
239
213
197
235
216
223
213
226
201
206
221
225
209
206
216
237
215
213
204
198
235
205
226
219
231
224
212
178
219
232
245
232
244
250
257
265
230
231
239
219
239
229
233
231
221
255
240
204
205
256
219
209
226
209
221
214
216
193
214
216
230
176
192
202
231
194
201
213
189
218
192
211
180
212
212
194
211
201
221
181
201
187
203
186
223
198
193
211
182
198
207
187
206
203
185
207
196
198
214
184
208
197
171
241
205
206
195
200
182
191
180
207
184
197
161
219
192
196
189
184
198
188
218
208
213
204
188
206
200
188
194
193
221
194
194
198
191
194
202
193
201
220
210
221
202
192
203
209
175
203
217
173
192
199
202
202
210
207
179
187
182
199
207
214
188
200
186
204
188
213
193
199
203
197
191
182
217
182
172
190
187
198
180
211
185
179
211
212
189
191
203
196
201
176
193
196
210
196
193
214
207
185
182
207
200
184
190
201
200
208
186
179
202
178
183
204
211
205
202
210
177
176
180
181
174
199
187
191
189
197
174
214
182
193
202
189
193
190
171
190
190
165
169
200
189
189
186
195
187
175
192
193
174
204
188
195
184
183
175
191
158
192
197
180
184
189
186
185
179
172
182
189
170
175
198
172
196
187
204
169
187
211
176
178
171
195
173
165
175
192
179
163
165
177
194
181
165
168
179
209
181
183
199
178
211
172
178
191
182
184
168
190
183
196
184
186
175
190
186
192
177
206
194
206
196
199
192
185
198
175
177
194
186
176
168
174
192
185
182
179
201
187
180
173
181
171
191
174
198
174
185
173
166
177
188
164
198
205
155
202
179
151
176
184
195
197
179
178
177
184
170
181
195
178
186
183
188
191
188
171
173
192
181
170
175
190
192
183
169
182
205
179
156
177
161
183
199
210
203
213
206
194
262
219
196
209
206
188
201
170
177
199
189
197
184
179
152
192
173
138
174
191
152
166
180
178
174
164
161
189
182
186
167
174
188
171
163
193
185
152
160
180
185
174
178
161
154
170
181
168
173
158
167
157
177
187
193
173
172
202
167
183
186
162
170
181
161
168
177
168
183
187
158
173
175
171
214
169
166
167
171
167
178
191
178
183
195
176
173
164
162
169
178
175
156
169
168
173
188
162
198
170
149
182
183
187
168
182
157
176
169
188
172
159
192
175
199
179
175
185
180
182
163
163
154
160
205
183
200
182
190
155
195
157
149
161
151
150
161
187
161
192
180
195
184
189
152
172
177
168
181
184
178
172
169
180
171
186
151
171
193
190
177
198
184
164
175
183
160
181
185
189
172
171
174
185
167
148
152
163
182
184
178
149
183
176
173
178
196
163
191
144
149
142
156
185
169
172
180
166
159
180
191
173
186
204
173
161
159
160
209
197
215
189
182
176
195
154
169
189
193
184
167
159
197
188
169
174
160
172
171
182
169
171
157
160
170
157
170
197
183
185
184
186
177
170
193
142
171
189
172
177
167
184
170
174
164
167
166
162
184
159
185
171
168
159
173
167
164
165
157
177
165
159
147
185
172
163
176
154
154
159
165
149
152
184
149
143
201
160
160
167
170
158
177
157
187
181
142
164
170
173
166
176
182
166
157
147
152
163
170
151
166
188
166
164
168
201
185
174
174
159
172
154
128
157
162
144
147
159
166
164
166
156
170
147
161
177
172
172
159
164
163
139
168
179
175
151
160
179
175
149
172
171
154
149
160
183
159
183
142
181
162
158
164
157
170
150
161
157
165
158
166
160
168
189
157
183
149
155
165
166
155
162
160
153
163
165
144
164
188
133
166
173
147
156
154
186
176
177
161
180
147
149
152
130
147
151
150
188
155
173
166
168
159
170
124
137
154
147
144
163
163
166
148
167
169
172
181
162
155
163
164
165
190
144
166
183
149
145
165
129
140
147
145
163
146
151
155
162
148
171
164
163
165
161
165
163
168
157
173
144
153
136
154
147
165
163
169
151
172
150
155
146
180
149
158
139
163
159
160
139
179
153
169
162
161
155
161
157
152
159
161
176
167
153
180
154
153
170
166
154
172
160
157
170
155
147
184
142
158
149
178
150
154
153
155
134
143
179
144
162
164
165
155
166
141
152
153
154
150
150
163
147
134
160
195
158
173
152
162
148
165
144
170
167
161
155
145
149
154
157
159
162
135
173
147
152
176
160
150
147
163
152
148
168
161
133
163
176
142
141
147
159
147
142
138
142
164
138
142
156
130
122
153
160
154
145
141
163
168
143
159
141
156
145
151
164
175
146
157
143
164
146
135
157
160
157
176
136
136
167
159
160
181
164
155
139
148
189
160
165
165
142
172
171
132
158
178
146
147
152
153
164
133
141
171
179
152
140
170
157
146
171
171
151
170
161
166
166
136
164
164
155
163
181
142
172
146
151
150
149
145
153
149
140
164
156
116
132
151
133
133
162
150
161
144
153
142
150
152
149
161
166
136
159
170
156
173
171
155
152
123
146
157
153
152
160
154
140
147
147
181
167
136
150
156
158
156
157
167
162
158
174
143
160
160
159
151
144
158
145
125
161
173
163
163
122
167
150
144
153
147
165
161
140
135
152
177
131
146
139
166
163
151
141
154
142
150
158
169
168
167
156
131
161
146
147
143
161
124
132
146
136
151
144
122
147
181
190
155
144
145
168
146
141
149
160
136
138
138
158
170
162
154
157
155
158
159
145
159
141
144
149
151
148
160
139
159
132
144
155
148
168
153
167
157
158
149
147
150
126
158
147
156
166
166
150
157
172
159
183
166
160
148
167
152
142
150
164
145
150
148
143
150
162
170
158
143
170
132
145
166
174
143
148
141
129
145
152
165
157
161
168
144
154
146
148
163
132
149
157
149
141
159
125
145
152
154
151
157
158
151
155
160
135
128
138
145
172
161
138
157
152
158
146
153
159
144
152
144
151
162
168
149
159
138
169
139
146
156
167
169
121
128
154
166
147
159
163
151
148
160
159
167
163
148
152
134
175
153
141
131
140
143
132
149
139
124
151
169
143
152
143
174
154
144
143
150
159
120
146
157
124
137
139
134
151
155
127
167
173
156
133
145
151
121
152
147
153
148
159
160
146
158
139
153
169
129
130
165
140
166
136
166
143
146
139
155
141
139
153
143
171
148
159
139
155
154
152
139
137
109
159
145
163
142
151
155
151
151
147
132
129
128
146
166
164
147
145
175
143
149
153
170
180
171
151
157
163
166
159
175
173
159
172
148
161
179
162
153
157
162
168
143
153
136
152
153
160
166
130
152
166
171
160
147
156
157
156
163
140
126
122
143
155
121
143
145
129
149
156
133
134
158
149
141
152
145
133
135
142
154
138
146
143
144
165
144
153
142
144
138
165
132
140
127
146
127
152
143
146
159
141
158
156
146
125
147
119
142
155
149
143
151
124
169
140
146
143
159
156
141
135
154
156
151
151
144
135
131
149
146
152
152
151
147
156
144
139
159
137
154
154
158
151
149
153
164
141
153
143
144
147
150
143
132
147
147
146
139
132
167
140
133
169
151
156
136
136
160
150
150
136
141
178
180
125
157
141
134
165
127
167
126
151
187
144
149
131
144
160
146
123
150
148
151
127
162
137
130
136
152
160
157
151
167
153
138
163
152
153
148
153
152
153
139
149
132
156
147
154
160
160
127
147
164
157
140
146
151
143
140
164
132
130
135
144
147
135
137
142
143
138
132
139
152
128
134
143
162
136
159
156
160
151
140
149
138
152
168
170
164
148
136
139
130
130
152
149
129
159
181
145
160
130
158
129
148
151
120
151
134
129
123
148
122
157
138
140
151
156
159
136
134
127
147
148
162
142
139
143
149
144
140
155
150
139
138
158
153
148
156
151
143
141
146
160
121
136
130
153
165
139
157
149
142
151
149
144
142
152
153
137
146
122
136
166
151
145
132
140
142
143
140
139
133
165
134
135
161
170
138
128
168
163
152
142
136
163
137
146
151
154
164
168
155
130
133
154
187
155
144
117
146
151
143
127
160
128
159
157
133
146
169
144
150
146
143
165
152
160
147
157
162
150
136
169
161
140
152
159
138
174
172
170
174
156
134
128
146
146
153
136
155
161
165
155
154
132
162
147
146
146
128
144
149
141
154
175
149
147
145
135
142
150
156
136
142
152
137
153
148
152
124
136
155
125
155
131
129
163
171
141
155
152
135
144
158
146
152
147
141
145
168
154
143
148
157
154
151
174
138
149
155
138
137
144
178
163
150
159
156
123
135
145
162
136
168
134
131
143
141
134
145
138
127
112
149
147
154
141
138
157
132
150
147
134
157
141
147
152
143
147
173
150
139
142
141
142
173
160
153
151
144
155
152
175
147
150
124
144
166
177
166
148
186
161
162
167
148
158
138
152
157
173
153
155
129
137
157
150
143
164
156
159
160
173
184
141
169
141
157
164
145
175
156
132
164
139
149
137
158
151
161
141
126
151
156
151
162
159
158
144
154
148
153
144
144
164
147
155
164
148
157
176
131
150
154
139
148
159
151
124
133
122
157
149
123
143
154
149
144
157
171
135
154
135
158
145
149
131
145
169
152
160
142
132
151
149
162
160
151
160
136
149
159
140
156
168
155
133
156
137
151
117
126
135
171
152
162
167
143
151
160
147
152
151
152
177
168
139
134
153
145
147
158
138
145
150
147
173
136
155
149
160
150
132
167
170
150
166
148
162
137
140
155
151
156
124
158
146
161
157
157
165
165
158
160
160
153
164
150
147
171
152
131
174
131
160
162
140
156
153
166
167
147
153
140
152
160
155
139
159
149
145
138
123
139
141
156
157
144
148
147
144
155
139
168
136
155
146
125
160
148
150
150
160
139
163
156
140
145
126
178
129
147
168
122
173
145
152
153
168
158
161
156
136
158
161
147
146
166
161
150
155
156
150
154
159
147
151
144
167
142
178
144
142
184
157
157
144
157
147
144
147
174
156
166
142
160
159
136
154
167
160
178
152
162
149
164
151
141
168
132
162
161
139
148
140
169
152
134
166
149
131
138
143
156
138
173
161
146
156
156
134
166
122
155
156
150
165
152
138
159
173
172
173
146
152
148
153
144
134
137
160
170
154
162
167
166
160
150
168
158
159
137
163
143
142
148
168
140
167
164
153
134
142
147
143
154
163
133
131
145
159
148
165
135
167
148
144
140
156
150
159
155
165
161
157
164
143
177
166
147
156
172
171
160
136
153
164
121
155
152
151
164
165
127
152
165
154
151
141
141
143
172
141
133
157
158
155
143
155
137
157
155
161
148
160
178
161
163
147
148
164
148
132
176
140
151
137
146
163
160
149
142
154
159
145
175
184
121
156
156
161
158
166
165
139
154
169
158
152
139
168
142
170
149
158
166
161
173
147
161
173
160
147
155
170
151
176
181
166
127
150
147
172
173
139
188
171
154
150
163
154
152
135
140
150
156
158
161
162
164
156
154
158
157
186
150
145
157
170
154
184
185
169
150
138
173
134
153
156
153
175
164
145
161
169
166
166
151
175
144
154
142
181
173
139
148
165
161
194
170
156
164
152
151
128
176
183
184
167
157
142
155
173
159
165
177
169
147
154
154
178
184
165
157
176
163
171
154
148
157
166
163
150
165
159
137
142
169
166
147
167
163
140
170
146
161
169
163
159
167
148
183
193
153
174
173
179
147
172
161
155
149
168
186
144
148
152
161
163
177
163
162
164
157
169
146
165
152
164
176
173
163
155
144
156
155
146
169
143
176
178
169
160
149
165
144
136
147
155
151
169
160
164
162
156
173
152
170
178
153
170
162
180
165
174
167
164
161
155
165
168
157
179
140
164
151
148
154
161
144
166
172
151
150
178
165
182
165
140
192
163
168
159
156
173
163
185
161
151
175
183
148
179
149
172
169
143
146
167
181
182
164
157
166
167
153
162
177
155
168
174
180
152
164
174
171
151
166
147
168
172
156
166
151
148
164
184
150
158
154
157
146
155
160
167
153
194
179
155
169
147
175
150
166
180
169
166
172
166
164
148
179
198
198
174
160
148
179
157
175
188
179
192
165
155
169
158
161
136
176
176
159
185
167
181
165
172
156
176
149
178
179
142
146
182
160
177
161
165
152
156
165
155
187
144
150
168
160
177
159
157
167
177
170
169
148
153
191
162
191
164
164
192
171
162
146
179
177
177
152
168
190
168
161
163
158
167
167
159
193
184
172
166
152
183
147
180
192
176
156
166
179
164
215
187
168
150
155
168
188
183
153
176
147
164
165
191
149
170
154
187
176
168
158
179
194
155
168
165
142
179
154
184
193
177
179
166
164
182
172
167
178
177
172
166
179
154
188
184
170
184
177
162
152
182
172
167
198
184
170
187
157
161
159
188
174
182
170
185
177
205
165
192
185
155
159
194
163
169
175
165
179
176
141
178
209
170
186
162
178
185
169
202
163
194
180
150
150
173
176
176
178
184
175
183
160
178
201
182
167
190
168
177
212
169
183
171
158
166
162
171
188
188
179
197
199
165
156
178
185
152
188
164
154
163
177
174
151
192
177
167
173
179
186
154
196
180
150
179
170
175
179
184
172
173
156
169
167
194
170
182
182
160
181
175
190
172
193
175
185
145
185
169
162
170
197
156
208
167
172
186
198
180
173
180
174
189
180
182
189
201
162
179
194
190
189
169
179
198
184
184
166
177
171
186
192
178
201
181
204
184
200
157
158
185
179
187
205
173
182
193
200
171
195
182
204
154
164
172
196
169
203
178
191
213
157
173
164
192
150
175
163
189
180
183
178
196
184
199
169
191
206
191
194
184
190
197
188
224
202
225
191
180
198
191
211
193
191
196
197
215
197
169
201
212
194
181
192
176
208
219
208
194
181
201
199
180
201
203
206
205
214
171
198
166
213
154
179
175
185
172
179
200
180
173
223
180
206
211
166
194
196
183
188
183
202
206
206
171
196
182
164
182
198
187
182
222
194
157
196
207
209
197
188
214
195
197
187
215
190
188
177
197
180
192
200
178
186
187
181
211
194
188
182
216
211
200
214
180
195
192
189
199
194
187
199
192
178
200
199
209
182
187
204
202
191
177
173
201
185
213
188
184
189
177
215
204
186
175
203
191
201
223
204
218
198
165
175
197
199
188
197
206
173
193
208
189
187
193
189
171
228
207
212
203
190
223
189
201
204
185
204
183
224
209
200
207
187
187
207
185
186
214
188
177
194
191
185
200
219
201
222
173
187
207
226
178
180
217
190
191
188
196
211
213
226
189
212
225
216
220
198
182
192
204
186
197
185
204
226
184
216
224
220
191
196
199
198
218
186
205
213
199
219
204
237
227
222
186
200
219
219
221
194
192
208
199
186
204
207
185
229
214
206
228
201
205
187
217
204
217
224
215
240
192
218
216
193
229
216
215
198
213
192
195
199
205
202
199
213
208
217
208
197
197
205
193
219
215
211
212
189
230
208
225
173
243
205
199
219
220
216
199
222
227
203
242
208
226
217
213
196
237
216
212
206
216
223
220
213
218
218
228
208
229
229
237
233
209
202
208
243
206
202
225
203
228
224
230
225
213
226
204
214
202
222
202
219
200
230
220
231
224
196
232
225
204
208
211
215
249
225
265
252
214
242
209
228
231
217
219
212
220
206
205
219
208
234
222
203
221
232
234
225
204
200
227
212
221
209
248
208
236
212
220
220
234
225
227
224
224
223
211
249
265
227
212
229
200
247
207
231
225
230
257
231
232
215
229
246
254
246
227
235
213
232
220
240
244
213
212
193
219
247
238
240
225
218
230
224
214
241
236
289
271
215
246
223
242
218
237
237
244
235
245
226
249
254
240
217
237
260
214
219
246
238
256
228
244
250
260
274
237
235
250
235
201
247
240
241
263
242
246
264
219
244
241
240
260
230
257
249
237
257
238
232
250
264
235
288
251
218
275
236
224
245
273
288
239
254
206
255
222
254
248
247
237
229
267
243
223
257
248
255
225
221
225
237
236
232
230
265
229
201
267
259
265
247
253
257
287
255
269
257
253
258
234
248
249
253
281
250
267
247
233
253
244
251
232
265
258
235
279
266
244
279
233
258
284
252
236
219
244
290
298
260
247
245
247
266
272
245
277
230
224
229
248
281
264
283
272
272
286
258
240
247
261
294
259
244
236
252
280
250
247
256
266
274
229
245
276
239
256
283
251
245
264
282
262
257
245
294
250
252
244
253
259
282
270
273
275
267
259
249
246
250
268
267
272
240
300
283
275
265
234
260
273
280
251
267
235
277
268
258
270
269
285
250
311
271
263
275
267
260
282
238
285
259
254
258
267
264
236
276
275
234
268
270
242
261
263
275
260
276
280
266
273
271
266
252
276
253
268
252
248
262
260
274
266
235
244
231
247
270
284
251
278
233
284
262
283
291
267
246
255
287
241
266
276
243
251
266
239
258
272
269
257
255
247
232
243
251
229
224
220
217
247
229
233
231
250
252
233
237
197
218
210
227
218
224
219
193
231
208
229
207
229
219
227
215
197
211
211
226
217
195
231
202
228
222
201
210
225
204
204
197
208
186
227
196
200
179
218
219
220
206
210
216
199
210
188
203
210
215
190
201
180
209
178
181
194
202
206
190
190
205
192
200
201
208
223
186
189
203
214
214
201
222
181
206
214
190
220
156
182
207
203
198
189
198
196
209
203
190
193
172
198
222
207
189
219
218
168
166
204
204
198
209
198
198
188
198
215
203
202
201
175
194
207
198
188
187
203
193
200
210
196
189
209
214
198
201
197
189
186
227
207
182
189
188
191
198
212
187
165
197
167
230
180
206
203
189
182
203
212
179
172
210
197
179
180
192
194
182
179
201
197
183
179
183
170
179
194
173
183
185
173
193
173
166
185
191
211
178
206
215
189
168
184
159
177
188
182
207
159
160
193
171
187
191
202
222
156
193
175
172
195
178
200
202
177
206
201
204
153
197
202
162
187
178
200
185
195
195
181
178
162
212
171
199
192
167
178
205
203
181
198
202
157
196
175
188
179
155
220
205
193
190
165
206
198
187
198
172
192
181
186
169
170
223
211
174
184
192
181
180
177
173
185
194
190
202
206
184
181
180
186
185
189
175
181
189
167
161
173
191
198
214
172
193
165
175
196
181
191
197
162
161
186
199
174
189
163
173
179
193
176
199
166
176
184
159
168
168
190
174
170
178
190
197
154
184
150
173
197
174
194
176
171
203
163
178
206
181
177
188
197
171
185
181
180
180
171
202
186
172
184
183
182
164
175
203
172
195
187
194
161
154
179
181
160
181
186
166
157
175
182
173
162
177
171
188
181
175
195
158
177
175
164
176
183
174
178
159
163
178
174
171
157
155
167
161
146
173
172
164
183
171
181
172
195
167
184
161
176
172
189
145
161
176
166
164
177
170
165
151
182
181
176
172
133
176
169
200
168
168
153
174
156
173
175
187
187
148
170
182
183
144
170
155
180
159
181
157
161
183
155
183
168
168
167
170
139
171
190
163
195
164
180
194
180
175
172
197
168
177
156
156
152
176
169
182
188
146
146
149
165
164
166
162
153
159
174
167
168
192
166
163
168
163
187
167
168
151
186
178
165
176
155
159
197
162
166
171
185
162
187
169
173
184
165
163
164
147
167
171
177
163
174
149
152
178
153
172
179
170
171
169
178
168
149
168
170
194
183
170
143
170
146
175
166
153
183
204
184
175
163
165
146
170
149
179
184
187
160
153
163
203
165
176
157
180
171
169
165
168
156
172
192
164
181
146
170
164
167
157
162
188
185
161
152
151
165
166
163
170
176
172
186
172
145
148
165
175
192
168
174
161
166
135
172
154
154
154
184
171
171
164
170
151
160
188
158
175
175
180
168
159
181
165
156
177
170
164
155
181
165
168
184
160
181
179
163
186
170
182
159
179
166
178
169
178
162
161
173
166
169
153
177
175
186
161
158
172
200
177
169
178
162
163
174
176
182
172
190
174
185
191
161
169
193
157
163
153
164
158
178
183
175
172
180
171
155
190
187
166
186
189
160
159
171
140
154
145
191
172
171
172
184
151
183
169
151
171
174
177
162
195
162
164
159
163
172
171
158
146
169
184
184
153
163
142
193
187
152
177
159
171
160
179
174
157
151
159
161
172
147
180
163
143
183
161
187
168
184
197
169
181
169
177
150
172
186
160
181
158
167
160
149
159
165
157
161
161
145
158
172
168
153
160
142
144
164
140
147
158
141
165
139
171
130
154
154
133
148
161
152
135
138
151
134
156
150
126
127
131
149
133
125
101
128
135
110
128
146
123
109
123
120
114
117
107
105
122
131
112
130
126
115
120
125
99
117
106
110
111
110
118
122
117
143
109
120
110
101
111
91
116
90
108
104
114
104
98
89
103
121
97
117
117
110
121
84
115
106
105
101
104
118
87
78
91
103
85
98
106
112
110
104
109
103
119
103
107
103
115
97
105
110
75
92
118
111
107
89
106
103
108
102
89
92
98
109
91
92
96
91
90
99
91
89
110
104
111
102
110
104
81
102
98
93
90
101
95
117
84
97
94
88
105
89
107
95
119
94
75
108
93
107
91
87
98
68
114
108
89
92
89
96
98
82
114
103
94
100
102
102
100
96
106
97
91
100
92
95
92
102
75
102
87
105
79
110
92
86
107
107
93
98
94
108
111
102
113
107
114
106
108
104
103
110
118
104
108
104
120
122
128
106
108
126
124
113
127
134
124
133
140
132
112
130
132
129
135
139
126
133
132
124
141
124
115
153
156
127
128
143
142
165
151
145
166
140
135
169
129
147
166
147
156
159
161
157
166
160
172
159
157
174
172
162
220
156
185
188
214
193
219
224
219
243
259
312
427
627
925
1417
2175
3061
4349
5512
6797
7634
8250
8169
7747
6964
5729
4592
3612
2731
1985
1601
1238
913
783
627
498
383
331
256
204
154
158
116
112
101
102
85
91
86
83
77
66
71
80
72
82
65
66
61
55
67
63
55
81
54
66
60
59
52
67
66
59
64
74
63
66
63
58
53
65
66
37
67
54
67
70
56
51
54
52
64
68
49
58
57
52
65
62
49
54
55
66
61
61
53
82
63
60
53
67
67
61
46
61
62
55
49
52
62
57
71
59
64
54
49
51
54
47
72
38
49
53
59
51
53
55
56
38
53
53
39
60
63
56
56
61
53
54
49
38
49
43
50
44
39
37
39
62
41
38
51
53
71
65
47
34
42
42
37
47
58
45
44
53
48
43
40
39
38
48
44
47
40
38
43
46
39
51
50
38
48
47
35
34
49
39
53
36
40
35
41
45
38
39
35
37
40
43
46
48
36
38
40
33
44
30
34
33
52
37
31
36
35
43
35
46
33
40
31
34
33
35
32
30
37
35
38
35
42
28
27
26
41
35
34
40
43
26
26
39
41
34
29
33
34
33
34
29
37
42
30
34
33
30
32
31
34
23
41
30
28
24
30
20
32
37
37
25
34
33
30
38
19
30
36
19
33
32
30
36
40
28
30
24
28
24
32
32
24
35
38
41
19
33
29
27
20
25
22
28
19
23
34
24
23
22
33
27
24
26
23
25
30
30
21
25
28
25
29
29
30
30
24
28
31
28
28
28
24
21
22
29
22
30
33
34
33
26
24
23
25
22
15
26
35
29
21
25
25
22
37
25
24
24
22
22
25
28
22
25
23
27
22
25
24
22
21
32
21
30
22
19
21
14
25
26
23
18
20
15
22
22
20
36
25
18
23
20
28
21
19
20
17
20
13
20
23
20
24
19
31
22
25
22
20
19
24
14
21
18
26
21
18
20
25
19
15
18
20
18
19
21
25
22
27
24
23
17
14
22
23
15
18
19
13
10
19
21
21
16
23
24
23
21
11
12
22
21
20
30
32
20
14
17
20
16
14
14
19
21
21
23
21
19
10
25
21
16
17
19
26
17
21
20
14
13
20
20
19
20
16
16
22
16
16
13
28
17
15
15
15
14
15
13
20
15
18
22
21
24
17
22
23
16
15
15
24
17
15
16
15
23
16
14
17
22
17
19
22
14
22
18
13
18
27
22
13
18
16
16
24
24
10
26
25
16
28
22
18
17
15
20
23
12
18
14
22
14
19
19
27
27
17
19
24
15
23
17
23
10
21
11
15
19
13
17
17
13
14
19
10
22
18
14
16
20
19
19
14
14
11
13
16
21
20
19
21
22
19
22
21
18
25
18
19
12
24
18
24
19
13
19
12
21
24
21
19
17
21
15
11
25
13
15
15
15
13
24
22
12
14
18
11
25
11
15
13
16
19
17
16
22
11
25
17
16
11
21
25
11
26
14
19
26
27
17
16
18
15
15
18
25
19
18
14
28
21
23
10
13
11
11
21
14
16
24
22
23
12
17
18
15
14
18
16
18
16
16
12
17
22
22
16
19
7
19
12
22
13
13
16
16
15
15
17
15
11
24
17
24
17
12
14
21
20
15
16
23
28
19
22
11
25
18
25
28
26
12
12
30
11
23
25
21
30
27
21
28
28
40
34
32
31
21
24
37
30
44
37
34
34
32
33
41
34
36
44
39
47
41
30
43
45
55
36
50
44
55
53
59
48
55
41
49
69
50
57
58
66
74
75
68
57
64
80
73
47
60
85
73
88
77
78
84
82
96
73
89
64
95
102
98
75
93
99
105
109
129
115
103
127
119
124
137
125
142
133
146
166
218
272
441
601
986
1608
2242
3132
4239
5312
6140
6952
7159
7095
6461
5844
4815
3906
3030
2241
1825
1397
1098
831
645
477
370
296
236
158
113
111
70
68
54
46
33
27
25
10
14
14
9
10
7
3
8
9
8
8
6
8
10
6
7
4
7
6
5
4
9
6
4
5
5
4
7
6
4
4
4
6
5
8
10
9
7
6
8
4
5
4
6
4
6
4
8
5
4
3
3
14
7
4
7
7
7
4
6
7
2
2
5
3
2
4
0
7
3
1
7
5
4
5
5
3
5
4
11
6
5
3
5
3
2
11
4
6
3
5
4
5
6
8
5
8
4
5
12
5
6
4
3
5
8
3
7
1
4
3
3
6
8
3
4
3
9
5
2
4
2
1
1
6
5
5
4
6
7
5
1
6
5
2
2
3
7
2
1
6
9
5
7
1
2
5
1
1
3
4
4
1
2
5
2
7
8
3
4
5
2
4
6
6
4
4
6
2
5
3
3
2
4
4
3
0
1
4
8
5
4
6
6
3
1
5
6
3
2
4
4
5
6
3
6
6
6
5
4
5
10
7
6
9
3
1
6
2
8
3
6
1
3
2
9
2
4
1
3
1
5
4
6
5
3
3
1
6
4
4
4
2
3
5
2
1
1
1
4
4
5
2
2
4
2
1
1
5
8
1
3
2
4
3
5
3
3
3
5
6
2
3
3
5
5
3
4
1
3
2
4
5
4
6
5
9
2
9
1
4
7
3
4
4
1
1
4
3
6
2
5
2
3
7
8
5
5
2
5
7
4
8
2
4
7
4
7
4
6
5
5
3
1
4
5
2
4
2
3
7
1
3
4
2
3
3
7
4
3
3
6
6
6
5
3
3
7
4
4
6
3
5
5
7
2
4
1
2
1
3
4
2
0
1
2
3
2
0
5
3
2
1
11
3
2
3
6
6
3
5
3
6
5
6
1
9
5
3
0
3
8
4
5
5
3
2
4
5
2
4
6
3
3
4
5
1
3
2
4
4
2
2
5
2
6
5
5
2
1
2
5
7
3
2
6
3
3
1
1
2
3
5
4
1
2
4
5
5
1
2
1
3
7
1
2
3
3
5
5
2
3
4
1
3
2
3
0
3
1
2
4
3
3
5
2
4
3
5
2
1
4
6
5
3
6
6
4
7
5
2
3
2
1
2
0
2
4
4
4
8
3
4
7
4
4
4
4
3
2
3
4
3
3
5
3
5
6
4
4
1
2
3
3
1
3
2
5
4
4
5
7
5
5
5
1
5
1
4
1
2
4
3
8
4
1
1
4
4
5
1
1
5
5
0
3
3
1
3
5
1
5
6
4
7
3
5
0
5
6
2
5
5
5
5
5
4
2
3
5
6
5
0
1
6
5
3
3
7
2
2
6
5
5
4
5
6
4
4
1
4
2
3
5
5
8
4
5
2
10
2
1
7
2
3
4
4
2
5
1
3
2
3
3
7
2
3
5
7
6
6
5
4
5
6
4
12
15
24
26
34
45
50
61
63
60
46
40
62
41
42
30
15
17
13
10
14
5
9
9
8
6
3
3
3
2
5
3
2
4
2
1
6
1
3
0
5
6
2
1
2
0
2
1
1
3
4
2
2
4
1
3
1
3
5
3
7
2
3
1
2
2
3
3
2
3
2
1
1
8
2
3
0
2
4
3
4
3
2
3
5
2
2
1
2
5
3
8
2
3
0
5
1
4
2
2
6
1
3
2
2
3
4
4
4
5
4
2
3
3
3
1
4
6
4
5
1
3
3
3
5
1
1
0
0
3
3
3
5
3
5
2
1
4
6
5
5
2
4
9
1
4
3
2
1
0
1
4
3
5
1
5
3
3
5
1
6
5
2
4
4
2
3
2
2
2
5
5
4
2
4
2
1
3
5
0
2
4
3
3
2
3
3
2
2
1
8
6
1
4
4
4
3
1
1
4
3
6
1
4
4
5
2
1
3
2
5
4
5
2
3
4
0
0
3
4
6
3
4
3
4
2
3
3
0
2
1
1
4
3
0
4
3
5
3
1
2
3
1
3
5
4
3
4
0
5
6
3
1
1
5
3
7
3
3
2
3
5
6
3
3
6
2
5
1
2
2
3
3
4
2
1
4
3
7
2
4
1
2
3
4
5
1
3
0
2
4
3
1
2
3
5
4
5
6
4
1
4
3
1
3
2
2
4
5
2
5
3
3
4
1
1
3
3
1
2
3
1
4
4
5
1
2
1
4
3
3
5
3
4
2
1
3
3
1
3
4
2
4
3
2
2
0
2
2
2
5
4
2
1
4
3
4
4
2
6
3
3
0
3
5
3
5
2
2
2
2
3
2
2
4
1
3
4
1
3
2
4
3
2
7
2
1
4
3
4
2
5
2
2
1
4
2
5
5
3
5
3
3
3
2
4
1
3
1
2
3
1
3
4
2
2
3
3
1
2
2
2
0
6
2
2
2
4
4
1
4
2
3
2
1
4
2
5
4
3
5
1
2
2
4
4
3
3
3
2
1
7
4
2
2
3
4
2
0
7
1
0
4
4
4
1
5
2
2
3
3
4
3
2
4
5
1
4
4
3
3
1
1
2
4
2
2
3
1
6
4
1
3
1
5
3
1
6
3
1
1
6
1
3
2
0
3
0
2
0
5
2
3
0
5
2
4
2
0
1
5
1
2
1
5
3
3
1
5
5
4
4
3
1
2
2
2
4
2
1
4
4
2
2
1
4
1
4
2
1
1
3
6
4
3
4
5
5
3
1
1
1
4
1
2
1
3
2
1
5
3
4
3
1
2
7
1
5
1
2
1
4
4
8
4
5
3
1
1
0
1
1
6
2
1
0
2
2
5
4
0
0
5
1
4
2
3
5
1
6
3
1
5
4
6
0
1
3
0
3
3
3
1
2
4
3
5
5
1
7
5
1
1
2
2
1
4
5
3
2
2
6
2
4
5
4
5
1
7
2
0
3
3
2
4
6
3
7
4
3
3
3
4
3
1
1
3
3
5
3
3
1
4
7
4
5
2
5
7
2
6
4
6
3
3
2
1
4
4
3
3
3
2
5
4
1
1
0
3
2
1
2
2
2
5
3
1
1
2
3
1
1
1
6
0
6
61
59
46
56
59
73
60
55
60
59
45
53
58
59
55
46
58
72
69
54
53
61
63
55
52
49
52
59
67
57
47
52
61
48
51
61
46
47
51
56
53
62
67
57
59
56
65
43
50
45
60
54
69
57
50
56
52
63
71
53
54
49
51
46
52
61
47
53
37
47
66
47
52
55
53
62
44
53
48
52
56
52
57
57
46
65
47
60
55
51
51
52
61
50
46
42
50
53
46
61
48
50
43
48
48
38
56
46
55
68
48
47
42
46
61
54
54
56
67
53
68
68
53
55
39
62
48
28
