15
9
11
16
22
25
17
23
31
20
22
24
15
22
26
21
18
23
19
29
16
21
19
14
23
16
25
17
27
22
16
25
15
21
21
16
16
25
17
7
20
15
19
14
13
16
12
22
25
13
8
14
18
22
16
18
19
22
50
73
86
150
285
358
400
410
409
438
510
677
770
1042
1107
1124
1055
993
796
751
674
594
525
474
444
421
452
418
390
415
392
394
353
427
387
405
382
444
397
403
429
437
404
415
440
415
393
382
411
413
420
449
390
453
429
403
448
418
416
399
403
433
437
378
411
405
388
414
449
422
417
441
421
418
371
419
421
387
405
410
456
414
410
396
437
397
387
407
387
357
353
384
357
366
374
409
406
370
357
430
393
348
423
365
381
385
380
370
382
389
431
393
395
405
374
408
404
411
386
386
361
368
433
406
382
396
402
419
434
440
454
400
397
402
445
424
423
367
401
385
416
429
411
411
396
388
387
376
399
424
401
377
383
384
382
412
416
404
437
418
435
390
412
406
416
452
430
459
436
406
444
457
421
412
450
450
408
401
409
430
424
455
410
445
412
429
454
438
405
438
430
417
459
460
433
418
422
423
405
424
404
426
435
460
442
432
437
441
451
448
454
448
447
431
455
409
464
436
424
445
429
450
429
470
470
407
429
461
453
453
485
462
458
448
434
428
424
478
469
451
428
465
466
472
469
510
463
518
483
463
440
484
471
495
460
446
476
481
489
523
477
487
462
488
490
468
456
498
511
507
451
505
477
496
484
504
516
514
523
494
533
456
475
503
483
517
475
488
483
496
494
499
528
454
508
499
533
544
554
524
513
470
526
497
580
483
514
525
541
529
506
553
498
535
504
559
501
569
511
529
523
525
498
553
588
553
565
544
555
590
566
513
585
540
526
515
573
573
565
538
568
494
561
558
585
576
565
573
551
576
557
588
564
547
529
562
571
528
570
569
583
542
541
573
548
593
556
541
574
592
555
573
528
531
558
581
584
545
590
565
587
561
569
555
611
558
552
593
576
545
605
600
575
546
548
589
560
593
572
573
569
591
599
624
553
572
558
555
535
614
596
550
553
608
575
584
584
587
601
564
638
563
622
601
583
578
571
577
558
604
598
595
617
597
570
590
586
572
615
606
593
551
549
599
618
603
573
551
558
534
606
547
580
558
593
584
595
527
599
612
596
585
587
590
574
517
607
570
610
583
567
621
610
567
605
601
631
568
627
549
607
585
579
577
598
608
607
592
571
556
543
591
623
586
590
566
547
574
583
617
610
581
585
568
587
581
639
608
609
576
597
602
620
631
604
618
648
612
605
573
613
579
585
549
588
617
598
599
643
568
616
635
592
621
608
626
629
576
606
621
595
594
625
588
627
622
613
593
613
632
612
570
609
626
649
577
623
559
639
620
583
617
625
634
584
609
614
581
629
623
582
619
612
585
598
621
626
628
588
649
593
627
597
647
627
630
584
603
626
665
586
643
694
604
617
586
608
624
609
609
619
628
585
614
587
652
598
629
582
622
625
640
618
666
604
631
593
669
672
600
615
623
650
620
591
590
598
648
645
626
610
614
678
633
594
693
659
640
600
623
631
601
617
625
568
639
647
552
660
605
625
612
625
592
662
600
601
634
585
624
628
610
673
611
564
633
644
631
628
577
575
613
655
619
612
630
620
649
592
671
603
646
617
635
595
612
592
594
623
617
606
634
636
635
599
563
626
603
570
607
589
600
625
621
588
597
585
598
608
682
592
640
610
588
616
606
603
581
625
619
617
595
634
616
591
613
626
582
583
611
636
571
658
618
622
612
588
660
606
633
590
594
689
592
639
657
651
650
588
669
620
672
638
617
613
629
640
593
630
637
611
652
573
626
630
634
663
602
635
655
642
642
676
600
586
625
607
612
630
638
591
626
598
592
612
566
635
666
639
652
624
615
626
619
665
687
651
629
655
651
606
643
637
616
647
573
588
596
627
634
660
653
652
650
620
658
637
663
629
649
658
619
655
648
643
641
647
667
649
651
655
628
642
655
612
645
640
669
640
621
670
640
653
652
653
668
676
614
648
671
668
660
642
685
667
674
688
683
671
696
659
660
673
683
705
696
684
719
729
676
635
686
682
754
752
711
703
684
752
721
715
716
665
704
723
700
673
736
667
709
715
739
728
725
730
733
683
748
701
809
718
787
719
755
737
732
750
744
796
751
701
748
735
718
726
734
739
759
794
761
773
770
747
793
761
733
744
772
708
737
801
768
755
695
743
781
767
821
725
797
728
789
751
866
771
741
780
771
803
790
781
773
725
718
802
793
745
750
778
776
771
727
817
774
724
816
757
763
740
780
828
742
800
715
814
760
780
748
777
786
738
768
811
767
745
791
779
802
742
796
751
759
754
744
736
733
740
738
771
759
771
732
734
786
747
700
751
759
779
777
741
740
750
762
738
777
710
739
748
701
763
732
746
705
704
728
734
747
703
752
723
747
748
750
699
760
737
693
781
713
714
725
720
743
740
736
753
714
718
751
717
721
689
716
713
721
717
729
694
736
686
748
695
748
721
713
685
731
714
704
694
672
716
709
690
717
723
696
714
750
686
718
676
748
725
676
677
727
666
702
682
694
693
670
748
694
669
677
687
649
698
670
664
729
669
680
698
687
662
686
703
667
707
635
718
641
709
713
638
731
694
660
742
720
685
621
660
611
699
667
681
681
709
705
644
687
668
672
702
652
647
659
711
642
702
636
706
655
685
698
651
662
675
647
680
717
642
683
688
671
656
689
633
698
663
623
628
632
631
695
698
691
660
635
688
643
698
639
675
716
621
671
650
646
659
657
618
624
640
664
580
581
715
638
635
633
666
655
668
634
620
669
594
653
647
629
661
637
646
624
665
622
660
636
628
630
627
662
610
648
550
661
644
567
676
604
646
690
635
643
646
618
585
620
599
646
621
627
655
679
636
650
633
649
652
616
577
630
621
609
622
645
665
609
608
597
554
679
625
661
630
624
642
576
638
641
600
645
605
577
632
635
641
626
644
590
570
620
604
617
578
584
610
594
572
573
581
626
558
591
577
617
605
621
611
565
583
594
667
634
586
557
601
553
580
623
593
573
594
579
547
586
638
592
615
578
606
577
571
597
532
597
597
578
584
544
574
631
603
579
571
635
555
576
592
586
582
623
581
583
604
596
550
602
589
589
536
608
660
575
592
584
579
536
572
531
571
579
560
543
580
595
550
595
540
534
546
584
550
567
568
576
559
550
543
542
537
543
568
542
593
536
574
533
568
522
556
587
564
524
564
510
572
558
519
537
566
587
532
561
548
538
543
560
526
557
554
548
563
522
535
545
562
533
514
555
532
547
601
547
524
514
555
547
554
559
564
573
551
508
573
551
524
530
546
558
542
555
553
523
562
538
527
527
539
548
505
555
545
514
544
516
533
540
480
493
517
507
548
500
514
546
534
519
544
529
533
544
566
496
535
526
514
533
548
508
452
501
523
500
500
540
504
523
536
502
526
533
519
534
513
519
559
539
528
496
570
538
526
541
501
526
522
511
537
507
569
506
471
509
563
471
528
496
548
491
523
556
524
511
524
495
552
544
490
510
538
531
544
569
557
541
542
502
544
501
498
508
513
511
495
535
560
510
546
511
512
513
521
511
493
515
552
553
527
500
516
524
519
477
502
519
511
550
569
535
521
510
523
546
491
550
521
479
513
533
505
516
521
497
542
502
532
585
537
580
515
564
526
559
536
525
537
531
502
524
517
519
559
541
509
511
560
568
540
544
528
499
518
559
536
499
489
522
522
531
527
542
531
534
520
530
505
511
522
532
524
521
527
532
532
532
523
503
551
499
561
522
536
537
486
557
524
510
550
532
524
516
530
493
543
508
508
527
501
547
543
500
574
534
517
496
494
527
526
520
537
518
490
514
530
508
520
501
484
480
493
527
525
521
555
565
453
534
538
487
536
481
525
514
547
459
519
528
503
523
488
525
493
504
516
499
529
571
506
483
479
532
518
505
516
490
510
486
481
499
481
467
491
488
494
470
471
508
489
418
491
481
520
510
467
498
489
473
480
486
505
483
464
462
454
487
467
491
465
477
449
488
435
458
440
501
511
451
444
444
457
431
431
443
412
450
423
442
459
480
426
439
417
454
434
398
435
424
420
449
439
411
451
463
442
428
432
375
392
439
405
452
398
426
428
460
402
416
396
414
387
410
395
428
417
429
385
406
374
377
417
423
388
416
412
359
379
375
385
392
392
396
348
385
366
406
361
370
342
369
385
364
366
376
375
339
389
360
365
410
354
405
347
322
361
322
346
366
348
351
355
372
346
346
335
346
355
351
354
329
349
337
341
358
307
366
362
332
338
310
355
343
301
329
318
337
374
321
334
345
346
343
325
328
350
318
345
272
306
271
359
292
303
289
322
327
303
335
339
346
298
312
285
318
291
292
306
293
317
326
273
285
336
292
274
320
360
270
266
319
308
278
287
296
293
266
273
286
308
282
278
279
257
259
269
297
291
274
278
299
287
303
249
299
261
260
271
282
264
315
273
271
274
277
241
260
292
276
287
278
274
249
277
304
286
257
270
277
244
269
235
274
268
233
267
265
269
272
272
269
246
250
262
278
255
258
262
258
266
275
250
251
253
280
262
243
243
255
239
249
233
242
243
271
243
275
281
240
242
255
282
230
242
221
248
264
261
237
272
225
239
234
236
236
254
246
254
257
249
267
235
227
253
242
232
241
252
226
245
233
237
251
209
243
216
230
234
238
242
228
252
243
223
230
263
242
234
213
223
229
227
195
219
239
243
243
212
242
236
245
245
226
232
221
203
234
227
211
227
246
228
245
249
228
210
218
222
236
230
211
240
206
268
239
214
218
223
221
237
215
219
217
258
214
210
236
254
218
241
231
198
193
226
219
233
214
222
221
211
208
212
216
199
223
211
236
216
201
221
234
212
222
216
214
212
213
211
235
242
186
206
233
207
242
215
208
213
209
208
221
203
210
205
225
242
202
228
240
209
217
228
200
213
235
185
186
208
195
244
212
188
194
235
210
234
211
195
188
194
218
230
199
206
236
204
210
209
215
191
211
216
199
209
175
193
199
203
175
229
185
212
209
195
214
209
200
201
217
205
168
214
213
199
208
235
199
221
201
201
199
194
233
204
225
197
218
209
180
230
202
174
200
226
172
210
203
202
187
196
188
195
217
187
223
209
197
214
212
227
194
198
197
187
224
177
187
184
188
197
198
202
213
212
195
194
190
201
208
212
197
202
205
206
179
206
199
193
178
195
181
212
204
204
211
195
189
182
185
180
196
169
167
174
215
218
208
176
199
179
218
193
192
205
189
204
167
179
207
199
179
199
182
189
207
192
192
176
189
191
187
183
210
184
220
202
206
201
195
220
195
171
200
223
191
189
209
205
189
196
231
211
201
184
175
186
191
176
208
187
187
205
185
187
187
204
170
190
182
197
184
228
201
216
178
199
184
181
198
182
181
185
213
197
193
190
162
179
197
191
195
202
180
175
161
201
195
204
182
196
215
209
207
199
178
219
185
193
207
215
203
201
192
192
188
181
196
213
208
183
200
198
198
175
212
175
171
176
176
199
190
190
181
191
183
208
198
208
195
197
177
203
195
198
195
176
194
206
192
174
199
166
192
202
175
195
186
181
172
191
176
205
209
179
170
189
170
168
215
164
193
209
198
204
210
197
197
198
171
179
202
226
207
186
190
199
193
219
215
199
205
195
233
199
185
214
223
196
225
212
185
185
210
197
185
203
203
220
211
209
186
191
220
192
222
196
195
219
219
210
221
235
220
257
218
239
213
220
224
251
245
249
218
258
218
246
239
237
254
249
275
262
244
265
264
269
256
262
263
285
258
279
253
293
322
293
273
290
283
272
295
322
279
311
323
266
290
338
311
310
319
321
338
324
353
346
350
361
329
321
396
355
421
353
389
400
373
387
411
397
410
426
400
403
447
460
447
469
473
497
436
469
449
483
445
527
513
575
514
517
543
541
525
557
592
552
578
557
600
619
635
702
657
674
661
681
673
659
687
690
746
699
650
813
685
753
777
797
768
767
828
771
818
827
919
845
920
882
856
853
941
1034
970
1008
942
1006
1047
989
1033
1082
1088
1072
1129
1096
1128
1141
1152
1127
1142
1215
1188
1280
1258
1253
1216
1240
1308
1327
1277
1360
1380
1404
1333
1478
1405
1438
1446
1435
1530
1489
1521
1541
1539
1639
1620
1527
1609
1696
1691
1605
1783
1716
1778
1840
1855
1844
1767
1803
1878
1790
1871
1891
1830
2045
1976
1978
2010
1998
2102
2028
2166
2163
2177
2163
2144
2201
2222
2233
2175
2315
2304
2320
2340
2372
2320
2366
2475
2419
2395
2337
2481
2350
2462
2496
2579
2490
2640
2584
2463
2599
2601
2592
2641
2650
2697
2716
2725
2816
2754
2779
2809
2819
2823
2847
2924
2786
2834
2874
2955
2925
2841
2959
2925
2897
2939
2914
2946
2964
3094
3109
2976
2977
3075
3029
3201
3029
3193
3133
3137
3269
3210
3173
3214
3205
3223
3301
3290
3302
3338
3291
3244
3317
3283
3207
3324
3277
3367
3418
3315
3382
3328
3387
3290
3285
3373
3303
3366
3424
3344
3315
3332
3328
3335
3393
3342
3192
3385
3280
3327
3378
3281
3330
3316
3444
3315
3375
3247
3334
3312
3158
3365
3281
3346
3294
3175
3266
3379
3351
3237
3235
3241
3148
3152
3190
3123
3260
3227
3145
3136
3144
3150
3042
3182
3197
3136
3035
3070
3041
3024
2931
2959
2967
2960
2895
2897
2941
3001
2922
2852
2933
2841
2825
2762
2900
2848
2727
2736
2742
2667
2691
2704
2629
2650
2672
2584
2607
2594
2545
2565
2472
2561
2531
2453
2473
2421
2446
2462
2272
2355
2347
2296
2351
2333
2218
2273
2234
2232
2206
2222
2214
2146
2079
2094
2088
2035
2128
2082
1917
2022
1941
1899
1957
1891
1898
1844
1753
1753
1865
1754
1696
1766
1764
1641
1700
1683
1678
1702
1631
1646
1522
1569
1557
1565
1495
1559
1544
1476
1487
1474
1412
1391
1383
1355
1367
1332
1359
1300
1245
1275
1274
1230
1194
1205
1195
1158
1199
1189
1176
1181
1116
1093
1159
1092
1026
1068
1016
1020
1075
970
993
931
912
886
872
921
931
860
902
885
870
777
802
852
826
758
804
764
726
761
721
739
718
730
704
704
691
699
696
683
635
632
626
602
598
613
597
515
545
542
566
584
580
549
531
521
524
515
521
477
514
497
480
439
426
424
431
439
417
385
446
417
429
372
422
381
408
419
398
368
359
346
367
392
350
342
355
337
357
332
336
333
300
334
346
336
317
262
304
278
295
316
273
266
279
305
296
295
286
236
231
269
266
265
261
254
226
244
244
252
224
248
244
228
240
230
204
248
213
218
192
203
203
214
223
199
203
195
197
209
177
226
183
185
186
185
192
160
196
198
179
187
169
187
176
175
190
158
178
130
174
190
174
151
139
153
142
162
177
161
154
154
135
178
157
150
125
159
160
175
168
141
162
147
145
149
139
129
147
135
137
144
137
130
132
136
132
130
134
134
139
138
153
138
123
113
135
132
147
126
135
121
124
132
126
108
143
134
154
123
146
128
119
134
120
100
123
120
116
126
133
116
121
118
111
133
99
88
129
112
114
119
153
85
108
98
111
109
106
116
107
114
109
98
125
117
95
109
120
132
109
105
121
101
106
115
110
97
106
113
133
115
107
107
109
117
104
110
106
104
106
112
89
117
113
101
104
90
121
111
96
114
92
118
97
118
104
101
100
99
92
108
96
102
101
89
94
106
115
111
88
101
88
101
104
86
103
95
85
95
124
113
99
99
86
89
100
95
93
97
94
108
99
99
106
104
104
81
106
100
105
103
112
97
118
99
105
98
71
95
92
107
91
96
109
78
87
103
61
79
96
77
100
94
97
103
98
93
90
94
92
82
100
64
105
82
83
85
101
92
89
92
82
84
82
100
91
95
95
89
74
91
97
100
99
98
112
88
105
100
88
98
103
88
81
101
86
90
103
98
94
79
94
111
94
108
88
83
102
89
84
85
97
91
100
84
95
114
84
96
96
96
105
106
95
105
76
107
91
95
108
88
94
100
71
96
89
98
75
104
98
83
88
106
98
86
101
95
97
106
84
92
87
109
99
93
101
108
91
86
94
83
103
106
77
102
93
91
88
86
83
94
90
77
93
90
92
83
82
94
114
85
98
81
78
85
96
99
95
106
114
91
99
77
78
82
100
102
64
98
82
84
91
97
98
111
81
88
98
79
76
95
89
94
97
64
81
102
79
90
103
87
98
86
88
99
107
98
93
105
90
74
91
108
91
88
95
87
95
81
97
81
82
84
85
97
99
73
82
86
95
81
90
105
83
105
109
85
82
87
81
96
106
93
94
111
83
88
89
88
73
82
95
104
90
76
92
86
82
94
114
103
75
103
92
98
89
89
86
87
81
86
95
66
98
85
90
81
81
105
85
92
79
97
88
86
89
65
66
101
100
87
82
80
101
98
80
83
80
85
92
107
86
95
89
79
86
101
105
104
83
101
79
94
80
117
83
72
86
68
95
84
96
109
80
74
87
77
103
95
82
90
105
95
95
76
97
76
85
72
92
81
84
81
97
111
85
71
77
83
90
85
99
99
90
79
76
88
95
100
74
86
99
88
83
81
91
99
86
85
75
90
83
81
85
87
70
95
91
85
93
82
102
89
100
96
80
83
94
91
95
68
95
87
96
94
102
97
101
79
107
95
99
98
86
89
89
95
77
103
84
102
84
104
84
78
92
95
108
93
105
80
82
88
85
84
97
99
92
95
99
103
80
97
100
113
93
89
95
96
91
86
93
97
85
101
102
82
85
104
100
79
69
91
73
106
93
105
86
78
102
100
93
90
81
82
101
100
92
93
100
88
101
88
82
108
87
90
90
103
93
91
91
79
90
81
87
93
104
98
103
94
91
102
98
80
88
112
93
93
96
91
98
89
92
101
111
92
97
81
85
88
94
91
74
93
78
91
86
108
84
90
104
85
86
90
104
84
114
94
99
84
77
98
96
90
81
90
113
93
113
92
98
91
102
94
92
85
88
82
90
92
89
108
88
108
84
97
88
102
96
79
101
76
104
83
98
83
91
107
89
99
98
89
112
97
94
88
108
92
70
90
88
105
97
84
95
101
89
74
90
78
117
86
107
94
84
77
111
111
89
89
78
89
93
91
94
92
111
109
103
97
95
88
101
80
108
99
102
88
90
83
114
85
100
102
77
110
83
110
89
98
84
92
92
101
86
82
89
102
98
76
101
92
81
118
94
71
104
87
101
76
84
70
89
101
104
93
102
92
91
84
94
93
97
76
108
89
100
88
89
109
86
92
97
90
99
98
91
85
105
114
85
84
95
67
91
97
98
96
94
96
75
95
81
85
92
85
87
91
89
96
78
90
91
98
101
85
79
74
93
90
101
76
104
90
85
78
112
87
105
100
86
83
93
80
102
87
105
97
76
95
92
79
99
93
89
98
98
92
88
86
84
104
98
84
73
73
95
101
93
90
85
90
84
94
94
88
91
95
75
69
98
93
101
79
113
85
83
91
85
93
92
85
92
93
81
80
94
94
97
71
95
103
89
98
77
74
89
101
93
90
83
82
91
78
104
89
87
83
88
90
82
102
88
79
89
102
104
90
84
93
88
95
90
109
103
88
105
79
96
67
78
101
91
89
66
73
85
83
90
105
79
91
83
85
93
107
82
78
81
95
94
91
108
106
92
97
86
105
99
96
87
103
79
102
85
96
89
88
97
94
86
100
96
82
67
77
91
91
88
95
72
85
89
92
90
97
91
85
90
95
86
86
81
96
74
96
87
86
70
82
89
93
93
109
83
84
90
79
92
98
111
90
80
103
86
79
98
113
90
91
104
80
89
95
87
100
114
84
75
79
89
102
83
98
103
96
104
104
80
74
86
92
78
89
83
76
74
79
87
99
80
97
101
108
83
114
86
102
90
86
96
85
82
96
90
82
87
100
90
112
104
104
99
95
92
71
100
92
100
92
90
91
92
89
85
83
110
89
95
103
97
94
98
89
91
95
94
89
89
94
96
91
94
95
95
86
83
89
87
77
81
97
84
85
119
97
92
92
97
84
98
99
89
86
87
74
103
73
99
104
76
99
92
73
103
79
97
104
78
103
81
100
102
90
108
97
81
89
88
93
91
92
108
85
91
92
89
95
89
107
104
113
103
87
78
86
104
94
88
92
90
88
90
103
77
106
94
72
102
83
101
97
77
101
79
103
83
96
85
86
82
99
92
102
106
92
78
91
86
80
98
97
104
102
73
81
87
100
96
81
89
95
82
70
88
105
88
94
87
90
93
100
97
90
92
85
75
89
98
85
106
85
78
98
94
100
100
94
89
109
80
89
91
99
94
101
69
83
84
85
89
90
95
89
99
100
104
101
94
82
91
85
92
85
84
84
82
85
96
109
88
92
96
72
86
96
95
90
97
100
87
94
64
89
100
92
92
95
94
99
103
95
97
74
80
89
76
100
85
90
91
95
90
87
72
91
85
80
77
97
106
101
98
90
79
75
94
90
95
96
93
99
96
63
99
89
100
91
86
99
94
86
93
87
93
80
96
98
92
97
89
105
89
98
90
92
77
88
76
77
97
85
81
94
66
90
87
85
70
85
94
89
86
76
103
92
81
90
94
93
88
88
74
87
92
94
87
84
92
111
102
95
80
89
87
87
99
87
93
103
79
87
75
94
81
83
97
87
89
82
86
83
106
89
97
95
100
97
81
106
92
87
108
87
70
91
103
73
92
88
103
108
100
86
92
100
100
105
89
90
93
81
90
72
95
88
99
93
106
100
96
81
88
72
86
99
100
99
95
97
94
97
83
94
87
87
105
79
91
79
123
101
81
84
87
102
97
96
89
100
92
106
104
115
104
95
97
80
105
88
71
102
94
90
92
86
73
100
93
98
84
87
102
96
81
79
83
86
85
105
89
88
83
86
88
91
92
98
78
90
106
103
101
80
109
93
94
79
76
97
90
77
114
94
99
97
86
97
101
106
84
92
84
90
72
99
92
96
99
86
80
92
115
78
90
93
95
95
96
93
79
109
91
76
88
83
122
103
96
96
85
90
106
82
93
81
83
96
96
79
81
80
93
87
85
88
76
92
86
81
96
95
110
100
88
96
86
93
77
82
89
106
100
79
100
88
103
92
97
80
97
95
103
96
98
75
91
91
93
98
99
89
86
107
100
100
83
103
79
101
95
96
84
90
107
91
85
75
98
91
93
80
82
115
102
97
82
94
90
106
111
95
92
104
99
94
81
91
80
97
91
102
91
89
87
82
75
109
98
93
87
105
80
91
91
89
98
101
99
110
87
88
96
98
74
96
88
98
83
81
89
86
103
98
81
95
102
87
95
88
95
109
102
73
99
104
88
83
102
89
99
97
85
80
102
84
95
82
83
94
97
103
101
96
85
89
102
88
117
99
98
85
90
117
89
86
92
93
93
102
91
91
118
102
82
97
88
112
102
97
90
91
101
88
80
95
111
103
90
89
78
104
70
90
94
87
91
107
108
93
82
93
88
101
89
77
88
84
101
87
105
95
92
91
96
78
101
110
88
83
107
88
89
95
92
105
106
108
103
98
108
79
106
100
118
102
96
103
90
96
82
93
79
108
92
115
123
112
86
109
110
108
109
109
107
102
95
102
83
100
117
91
83
91
87
90
108
95
99
99
93
106
107
93
104
96
101
104
75
90
94
92
105
118
81
104
92
97
118
111
101
109
94
95
95
111
101
108
116
102
103
96
99
95
90
99
110
107
99
97
117
115
114
96
106
88
112
99
95
80
101
104
90
106
106
104
100
95
88
99
92
84
104
118
98
87
99
100
103
103
86
122
115
89
103
112
101
98
113
97
77
94
93
107
88
96
113
105
118
87
116
101
112
91
88
95
87
104
102
95
84
86
128
114
106
114
114
114
111
98
114
78
90
95
108
94
98
110
96
103
101
122
115
105
104
98
102
111
103
84
111
95
100
99
104
93
109
104
111
123
119
92
108
89
94
98
98
106
104
110
120
107
112
83
119
105
89
105
111
111
97
88
110
93
97
108
123
91
100
88
107
98
109
106
101
104
120
115
95
126
108
140
104
97
114
126
89
95
102
94
104
110
97
94
111
92
92
100
99
93
111
99
91
100
106
96
108
96
103
96
97
112
115
79
107
107
87
104
119
92
101
95
110
110
120
97
103
108
115
98
134
96
108
118
84
97
85
102
102
113
108
107
88
100
112
134
99
110
115
88
107
92
99
114
101
99
115
125
99
127
95
98
98
122
123
124
106
99
117
119
111
116
110
127
104
106
105
109
122
109
106
96
105
93
98
82
117
116
114
94
103
127
103
93
127
106
99
130
122
102
120
127
117
119
104
105
100
114
98
111
133
121
107
114
97
93
113
118
104
94
112
121
107
102
113
99
118
126
114
105
103
117
104
103
111
105
107
112
110
113
82
107
120
123
90
96
103
105
103
86
115
118
100
115
97
92
89
113
116
104
92
123
98
98
109
87
108
123
100
109
101
120
102
112
95
96
107
114
113
108
115
107
100
99
99
107
93
131
104
83
121
96
110
107
118
120
132
120
114
99
112
115
109
94
90
100
121
117
101
110
118
107
110
99
130
126
108
118
104
117
92
106
112
95
108
92
104
100
100
121
103
103
123
98
115
97
111
101
105
97
100
98
108
102
97
101
102
108
105
107
102
106
103
96
115
113
116
115
89
91
95
90
109
103
108
120
89
98
96
103
102
84
96
94
117
102
109
104
104
106
116
93
116
87
98
100
97
101
112
101
107
102
117
111
82
114
104
98
87
90
120
103
102
96
106
95
103
98
85
117
99
110
102
122
106
107
88
92
87
109
106
98
103
93
90
93
85
93
111
115
87
97
83
108
95
103
99
106
88
107
106
111
98
100
105
104
93
85
107
88
89
93
96
101
94
112
101
93
104
87
108
92
93
76
101
101
84
80
80
111
85
109
87
91
97
98
94
79
86
88
99
90
83
91
94
89
107
108
99
89
94
86
93
81
90
96
88
80
87
80
90
67
79
79
89
85
94
82
92
85
92
80
96
89
94
84
88
89
66
88
86
87
79
95
80
89
79
84
71
103
66
77
75
76
95
78
86
76
69
62
65
74
79
71
80
75
98
67
86
77
69
78
74
66
82
94
52
71
66
85
70
77
70
62
73
86
78
84
72
92
77
75
74
75
71
76
68
84
89
71
66
79
70
73
73
65
68
64
82
68
61
72
71
58
75
73
68
67
82
73
66
57
59
65
80
65
79
72
58
69
47
66
63
62
68
77
71
63
64
76
68
63
58
54
62
60
72
60
67
63
63
56
54
66
54
61
68
55
64
82
59
53
70
73
47
63
70
62
63
76
59
63
60
63
56
53
61
58
52
48
66
45
55
49
52
49
68
68
63
57
54
65
58
54
56
59
48
55
47
57
58
57
61
62
65
44
44
48
48
58
45
53
64
49
59
40
53
58
57
50
55
67
47
55
52
56
49
59
50
55
48
56
46
38
45
54
50
37
50
62
55
53
57
30
47
40
46
47
43
62
57
59
47
57
66
52
43
52
32
48
46
41
54
32
57
49
48
43
45
45
40
40
45
45
40
41
51
57
54
43
47
49
56
42
42
43
38
39
48
45
42
60
46
35
48
42
47
51
50
55
55
40
42
45
30
33
47
42
49
48
46
51
48
35
48
35
52
47
46
43
55
54
35
35
47
37
28
43
33
51
35
48
45
37
45
37
52
29
29
41
37
40
41
38
50
38
41
41
34
37
43
43
36
32
45
41
37
39
40
34
37
36
43
50
34
39
34
35
37
29
35
26
38
42
44
35
45
29
32
40
37
38
48
30
32
33
50
47
34
26
40
37
41
43
37
42
41
44
36
32
41
29
35
42
32
41
24
34
27
34
40
30
28
45
46
24
34
34
31
35
32
36
33
27
39
29
30
39
39
33
22
38
46
27
34
31
38
40
29
37
35
42
33
31
32
29
23
35
34
53
29
38
43
27
29
37
32
27
32
36
38
25
38
27
26
29
24
31
30
28
31
43
27
41
26
30
30
32
40
39
28
22
40
35
35
38
35
32
38
30
26
23
28
35
34
34
32
34
32
34
32
26
30
25
30
22
30
31
26
26
18
32
29
37
22
24
39
27
23
30
18
36
24
32
34
32
29
28
30
26
25
20
21
35
27
35
27
20
35
27
31
36
32
24
24
30
28
22
34
30
32
24
25
24
27
21
24
28
31
32
30
26
32
32
28
31
24
36
30
31
28
22
24
25
33
28
32
26
32
30
24
22
31
25
26
29
24
19
27
21
33
28
27
25
28
30
28
34
17
29
28
23
17
35
33
35
28
30
22
27
27
20
36
24
25
29
32
21
26
23
32
26
24
22
27
25
29
29
26
26
18
25
34
30
30
16
26
21
22
39
22
30
34
32
24
29
29
20
31
32
17
22
20
19
34
25
22
27
27
30
19
21
22
23
27
25
22
35
26
27
21
21
23
24
20
30
21
22
28
29
26
27
17
22
19
29
18
33
22
26
24
19
20
33
33
31
23
23
22
24
22
23
21
35
22
17
22
20
29
21
20
28
28
26
28
25
18
19
22
27
24
28
28
35
27
27
23
30
22
19
31
37
21
27
31
25
25
17
27
25
27
19
26
35
25
34
40
26
25
35
23
25
28
20
16
30
22
23
31
20
24
26
21
20
30
30
24
29
26
24
28
33
26
34
22
23
29
31
21
24
25
30
21
27
29
32
31
29
26
32
30
27
22
33
25
20
28
27
25
23
33
23
34
30
27
24
29
38
25
36
21
25
32
21
35
30
30
36
31
31
35
21
30
31
34
24
27
38
37
39
23
24
23
32
33
36
33
27
32
42
36
28
28
31
31
37
31
38
38
37
31
33
33
39
32
41
34
30
38
54
41
39
41
39
40
32
37
41
52
55
52
44
48
47
53
55
44
49
42
60
50
59
42
44
53
45
41
49
47
49
50
57
54
60
56
51
59
52
49
54
64
62
50
44
57
48
64
65
66
63
58
59
61
66
67
64
61
60
60
59
67
69
64
68
54
55
56
66
48
69
50
59
68
67
83
81
66
71
83
70
84
60
72
80
89
84
72
70
89
65
73
84
77
91
95
74
95
89
85
100
84
72
87
83
97
87
104
96
97
107
104
88
94
96
106
95
113
131
110
99
122
118
110
133
117
112
110
127
115
139
147
129
114
122
114
106
123
140
126
129
126
160
130
127
131
130
125
156
139
156
139
128
151
157
155
151
161
169
121
125
163
144
175
143
168
176
164
155
167
162
155
165
168
170
164
177
155
182
162
202
192
197
190
215
195
196
173
202
213
212
210
207
215
186
180
178
218
192
199
200
197
191
218
209
191
236
206
234
216
227
217
209
223
225
258
230
240
234
229
230
239
242
266
263
257
252
262
281
239
256
264
263
259
291
259
261
269
274
249
277
308
286
269
266
274
291
238
289
291
307
297
271
311
312
307
298
314
312
319
298
293
312
293
328
331
332
321
349
343
327
314
311
347
323
334
342
325
377
351
328
361
307
361
327
363
371
386
319
360
372
369
348
347
367
373
350
385
391
400
372
361
414
389
361
370
367
404
429
371
412
366
381
366
414
371
394
403
369
397
411
428
402
432
422
400
374
412
396
450
367
389
441
387
402
420
407
429
420
398
417
403
430
436
435
474
403
429
447
421
433
398
470
438
429
435
438
514
439
424
443
461
459
447
410
476
467
461
473
440
470
467
428
476
488
479
429
417
437
423
471
509
444
475
431
429
519
426
451
446
489
496
483
487
472
484
449
479
443
484
468
525
480
485
510
471
474
464
466
484
479
463
472
481
441
487
478
459
495
492
461
467
431
467
490
453
438
449
486
485
444
490
421
486
478
482
445
441
471
446
479
482
476
458
436
474
439
422
467
382
464
471
461
480
454
445
466
479
477
456
467
479
459
472
465
434
465
433
434
438
461
421
435
415
445
443
416
414
453
412
407
417
436
449
426
428
416
421
442
426
456
441
414
452
420
432
420
410
431
440
398
452
425
404
411
390
376
391
404
401
412
427
442
444
418
402
398
405
403
393
374
389
369
405
396
372
404
349
348
344
373
369
356
386
367
371
378
354
356
371
333
336
328
364
344
367
389
340
370
395
357
353
352
344
339
355
342
364
322
344
337
274
347
330
324
336
316
313
301
303
337
319
296
324
343
292
288
297
294
355
294
296
320
300
308
293
304
308
305
288
280
297
294
316
294
322
281
284
262
303
265
277
272
263
260
267
262
241
278
275
257
277
264
249
262
244
238
273
242
262
249
236
218
248
246
234
241
219
235
206
197
223
226
225
215
220
196
233
219
225
241
208
181
217
193
198
185
187
191
194
197
221
207
195
196
192
197
189
184
186
183
194
169
199
165
173
170
168
163
190
168
198
175
167
155
167
174
190
163
169
180
143
180
151
167
156
163
139
152
147
162
151
142
146
138
156
135
164
145
125
172
154
127
143
132
135
130
148
131
152
126
140
125
126
128
103
114
122
135
114
117
118
127
124
118
112
103
130
129
112
123
112
117
130
114
105
129
116
122
110
100
102
94
117
124
105
110
96
88
105
91
96
94
94
99
108
105
88
91
89
88
103
90
100
94
82
91
89
75
87
94
95
81
91
94
79
74
77
85
89
94
79
74
89
92
81
61
70
71
79
68
74
79
66
73
84
71
77
69
71
66
80
61
84
79
60
69
60
65
78
63
62
76
59
72
65
71
67
71
66
62
73
49
65
71
57
56
54
55
59
52
71
67
57
56
45
69
64
61
54
50
53
55
55
38
56
56
55
56
45
56
68
52
44
55
49
65
54
45
49
43
47
39
49
59
46
41
48
56
41
42
44
42
53
68
60
49
44
45
48
37
50
37
47
42
27
47
50
49
48
41
40
35
48
43
49
34
52
37
35
51
41
37
42
39
35
48
41
42
42
45
46
38
44
28
35
44
32
45
49
37
29
32
43
47
45
41
42
40
37
40
35
46
45
40
26
31
36
38
41
32
41
48
32
35
27
40
34
38
26
30
34
40
38
27
40
45
35
30
32
29
30
38
31
35
45
31
40
37
41
35
34
31
38
25
29
44
30
42
27
24
29
39
24
31
25
33
27
36
32
24
30
39
28
31
34
28
32
29
31
30
32
30
29
47
27
41
22
21
36
22
28
28
34
23
35
35
24
27
33
29
36
35
30
26
23
35
23
34
24
23
22
20
30
14
25
26
27
29
23
26
22
29
31
28
29
26
40
20
22
29
24
20
30
32
32
28
36
29
27
30
34
19
24
25
21
22
38
25
38
28
26
26
29
33
19
29
31
19
23
21
28
29
29
27
29
28
24
26
30
25
21
22
31
22
27
21
28
21
24
26
24
24
26
29
22
23
34
28
23
19
21
20
26
26
21
29
25
32
23
25
16
18
23
17
20
26
21
18
21
19
27
26
23
21
16
25
21
18
17
28
31
15
27
31
23
15
19
21
18
24
30
30
27
20
18
29
23
25
25
24
22
25
12
17
20
21
20
25
18
20
25
24
18
24
26
28
14
22
20
30
22
16
23
29
18
33
19
27
24
21
20
23
29
23
21
25
17
19
21
26
18
23
27
22
20
26
24
13
14
21
21
25
21
26
17
16
31
26
29
21
22
16
16
22
26
22
19
30
21
21
17
13
14
17
21
16
26
14
17
19
20
27
15
21
29
19
21
27
15
19
24
19
26
27
24
24
26
19
29
17
21
22
30
26
25
15
15
23
20
18
22
26
27
13
29
15
10
25
19
21
27
20
24
26
13
24
17
24
16
28
23
19
16
22
24
15
19
20
17
20
20
17
17
14
18
21
11
22
19
17
19
21
23
24
14
17
23
23
19
17
26
21
17
22
21
24
21
20
23
15
23
20
21
17
21
20
17
22
17
21
22
16
30
20
19
20
21
12
17
17
19
15
15
17
24
15
27
21
20
22
24
19
29
22
16
18
31
22
22
12
24
18
24
18
30
29
22
23
20
15
16
17
18
20
29
30
13
14
23
25
18
27
23
29
21
17
31
23
18
29
15
28
15
15
19
22
22
20
26
20
26
18
17
21
21
13
23
24
23
21
29
15
18
27
28
14
18
22
14
24
20
20
28
14
17
25
20
27
20
24
22
27
12
35
23
20
27
20
24
18
20
17
23
13
28
14
17
21
27
18
15
18
21
17
15
17
19
12
19
9
16
21
15
20
18
21
16
22
25
18
22
17
27
20
27
20
20
22
24
25
23
25
17
23
13
27
14
12
23
15
13
25
19
21
21
26
19
21
22
22
24
27
14
22
17
20
18
14
21
13
23
21
18
20
16
19
19
20
22
23
19
21
14
25
18
19
13
17
16
13
18
17
17
22
24
18
17
16
24
16
251
239
223
231
251
251
229
235
220
229
247
227
231
226
239
218
217
230
236
222
229
237
246
242
221
240
229
230
226
243
248
214
257
219
234
233
196
228
243
226
210
218
241
232
223
214
212
222
230
206
204
223
232
229
230
216
243
201
234
244
227
251
189
227
212
212
227
206
236
208
225
213
207
221
187
211
200
216
218
208
238
191
198
223
196
202
229
202
226
205
221
192
206
214
212
194
195
202
209
213
222
196
214
203
164
216
229
213
184
205
211
226
200
234
228
182
204
187
204
208
211
216
199
207
215
198
201
112
