21
16
22
18
24
16
17
22
26
22
24
20
23
19
12
24
16
22
16
24
16
19
19
24
21
16
19
19
18
15
24
18
15
12
14
22
16
15
15
11
16
9
11
10
13
12
22
11
14
11
13
11
16
14
16
13
21
41
66
115
234
437
579
575
567
621
654
731
778
859
1059
1306
1442
1342
1197
949
860
716
665
729
597
583
614
593
615
586
567
596
555
598
566
590
615
579
582
617
625
604
658
594
616
592
564
609
588
559
542
604
595
600
585
596
577
570
585
618
588
616
604
601
625
680
588
643
604
629
635
580
623
641
562
625
642
618
617
658
596
626
594
622
600
633
628
608
556
607
587
618
594
610
625
624
608
621
614
578
629
629
587
629
616
612
656
636
634
618
637
670
659
677
634
653
654
655
656
644
683
718
663
646
654
658
634
686
656
711
704
617
692
638
647
668
698
690
658
734
671
702
707
711
765
710
673
687
696
764
727
761
727
759
783
754
721
780
716
730
732
739
755
727
691
737
744
781
792
828
779
766
750
784
797
771
781
770
710
793
805
776
743
748
800
724
786
810
809
791
839
815
768
786
802
778
781
770
832
805
769
809
759
801
820
812
819
831
805
797
747
849
784
840
777
786
816
799
828
757
788
764
839
798
870
820
822
821
811
826
867
878
826
813
838
841
785
863
827
813
818
778
862
792
894
792
834
834
850
838
850
790
837
814
849
814
835
818
832
849
816
802
872
856
769
835
860
911
850
824
865
805
796
838
833
844
865
855
863
870
859
903
830
873
849
846
850
871
873
842
959
847
835
893
880
860
821
850
862
842
874
867
827
865
907
849
860
871
827
847
843
872
873
847
896
878
841
871
829
922
847
867
931
877
820
872
869
908
869
882
875
843
953
859
828
868
863
920
902
854
845
843
865
858
857
905
937
891
855
838
926
865
891
871
879
903
911
864
906
826
825
845
938
865
941
855
887
917
875
889
884
906
881
925
857
847
908
915
903
918
913
863
929
884
820
864
896
832
923
885
868
891
889
868
890
894
856
908
912
884
917
909
904
901
848
944
868
901
880
885
920
889
933
939
901
896
833
891
854
856
884
887
893
950
860
873
927
840
901
892
879
910
892
877
927
857
869
858
929
885
890
876
856
862
854
873
878
872
850
915
937
835
890
907
865
878
908
865
940
940
909
895
952
857
900
890
889
947
867
887
857
891
831
926
912
893
910
898
886
878
876
878
920
909
867
884
901
891
976
877
950
937
867
873
949
935
844
908
865
864
876
934
944
962
880
899
883
928
925
865
918
919
873
900
915
923
925
915
875
924
939
908
961
935
915
1006
941
823
908
858
896
971
924
941
973
938
936
899
992
928
942
971
954
965
959
943
979
963
925
934
906
957
974
1001
951
994
955
970
955
1001
1012
1006
1009
960
1062
1015
992
1001
1004
1038
991
1040
1031
1057
974
1079
1012
1011
1066
979
1137
985
1045
1037
1055
1068
1065
1096
1105
1075
1119
1111
1075
1083
1092
1119
1079
1141
1092
1074
1092
1105
1118
1083
1055
1073
1084
1053
1095
1076
1106
1103
1141
1136
1101
1136
1161
1089
1073
1121
1103
1131
1037
1100
1089
1124
1109
1072
1037
1109
1089
1110
1085
1077
1091
1127
1055
1079
1047
1167
1111
1074
1097
1109
1090
1027
1082
1095
1102
1032
1104
1050
1036
1049
1073
1109
1112
1037
1032
1069
1098
1099
999
1056
1086
1018
1072
1045
1060
1015
1048
1077
1058
1058
1031
1062
1028
1063
1081
1023
996
1044
1104
1021
1093
1027
1024
1056
1023
1009
984
1070
1071
1056
1034
1054
1007
1001
996
986
988
1038
1011
972
1011
994
1023
981
923
1017
998
1067
1002
1033
1014
971
953
997
1044
992
935
1016
967
966
947
993
1010
979
1032
993
1016
989
995
989
991
1013
947
998
956
1010
1037
967
977
971
976
944
978
934
1021
990
994
962
945
1003
990
893
955
1002
909
932
931
948
939
985
950
882
920
987
941
968
921
925
980
933
929
990
927
937
918
941
916
895
956
920
919
912
921
943
925
861
928
913
892
911
897
935
910
925
913
870
898
881
931
873
913
937
892
914
859
908
948
938
827
879
862
923
912
871
907
913
901
908
870
880
974
916
873
873
856
884
943
884
905
883
890
932
878
881
898
849
890
863
867
815
866
899
885
811
874
880
848
857
869
824
889
836
884
853
887
853
826
798
818
841
840
859
839
838
849
867
865
823
849
866
850
845
860
817
816
820
804
847
778
767
824
815
869
797
846
829
826
837
854
776
795
788
795
822
795
787
817
813
798
804
803
804
813
740
820
877
778
830
775
826
778
791
779
812
788
775
762
785
746
810
797
768
711
817
761
809
769
805
798
772
785
841
757
822
786
774
752
772
778
769
772
751
757
847
771
735
720
774
784
766
820
779
766
737
789
759
795
791
760
797
744
771
745
791
764
824
727
738
764
732
772
764
704
832
743
841
772
768
728
745
786
774
758
762
749
779
744
806
791
741
714
712
742
712
787
802
767
766
728
787
776
750
762
755
753
732
729
739
783
797
769
740
736
733
748
739
752
738
717
741
764
777
692
769
759
710
763
771
759
758
769
767
784
733
770
719
691
762
756
789
746
751
655
706
791
739
809
749
755
778
769
743
729
764
740
755
780
809
759
704
725
746
778
758
711
733
753
779
774
766
773
743
758
756
704
742
759
751
773
772
725
767
751
717
705
723
761
734
777
775
775
759
750
775
782
791
762
685
766
695
718
707
743
752
734
750
743
669
743
764
735
755
699
758
725
724
713
699
729
701
726
772
729
772
739
749
769
721
659
700
708
768
714
736
684
702
674
704
725
722
743
674
719
745
683
722
642
717
712
691
710
692
701
707
707
658
697
719
649
661
653
660
675
704
643
657
751
684
684
701
663
664
637
626
638
640
648
647
648
631
608
588
643
621
663
595
664
621
623
666
624
566
595
604
579
583
588
632
560
581
552
608
606
582
559
559
553
583
601
585
553
574
560
546
559
512
577
541
538
521
520
518
549
552
533
526
525
549
546
529
500
506
545
503
514
498
497
475
494
473
498
498
494
481
496
477
485
493
451
480
471
467
481
468
464
466
444
410
441
468
450
433
407
444
448
442
414
429
430
471
413
394
482
442
441
420
456
416
442
460
427
423
425
455
434
420
413
404
395
412
419
402
402
407
406
384
409
447
438
403
380
397
425
391
413
359
397
401
384
394
415
411
389
393
398
412
396
369
372
427
391
378
360
369
383
386
345
362
377
373
365
353
390
343
355
371
375
382
372
370
338
387
386
356
392
358
343
349
345
358
369
332
365
396
340
354
356
351
335
364
350
404
345
352
335
323
337
351
321
356
326
380
362
341
355
344
329
352
335
345
342
332
320
333
337
359
323
356
313
331
332
308
340
318
306
299
321
338
329
295
365
308
348
310
336
347
332
288
328
347
357
339
315
359
306
307
319
331
302
333
321
322
307
324
331
325
328
328
316
310
298
324
288
299
311
284
308
304
316
304
316
313
279
294
310
325
324
298
283
312
324
313
329
307
306
306
288
311
303
311
301
278
289
290
289
310
291
294
297
295
339
319
275
304
294
296
279
297
285
301
322
290
293
314
292
286
307
267
280
306
320
286
280
263
277
293
308
318
272
270
277
326
253
283
273
330
276
317
321
293
265
287
293
278
284
290
308
301
288
273
256
290
294
266
253
283
256
275
288
255
268
299
252
267
309
294
266
273
298
306
276
309
260
299
279
278
249
281
260
291
284
313
283
282
292
290
261
273
289
248
278
278
288
298
269
285
260
252
288
254
287
264
263
285
297
284
303
288
260
309
284
239
271
250
301
311
291
265
245
285
280
297
274
269
247
300
253
258
268
288
247
268
292
260
266
288
277
253
303
290
296
268
279
269
264
270
257
291
259
254
260
264
264
297
243
297
256
281
296
312
276
270
291
263
278
281
290
279
277
275
284
296
294
261
294
273
282
255
274
262
295
278
279
279
285
266
294
310
322
307
234
273
296
284
295
289
309
270
321
294
300
292
294
274
292
283
289
312
297
324
324
290
317
299
274
338
316
315
322
320
306
334
324
328
338
342
350
338
366
357
316
337
349
378
351
400
329
359
401
388
398
401
395
399
378
453
401
455
426
441
410
461
457
471
454
475
476
455
533
526
473
489
545
537
510
588
535
568
579
577
570
666
617
633
634
654
664
687
671
664
762
709
774
775
720
835
798
777
834
805
908
861
904
905
938
980
1004
961
998
1066
994
1038
1006
1085
1132
1135
1168
1232
1227
1227
1268
1334
1323
1287
1405
1332
1401
1391
1499
1429
1518
1463
1481
1582
1583
1575
1644
1691
1742
1657
1769
1762
1853
1771
1894
1910
1886
1951
1980
1985
2101
2070
2140
2128
2248
2207
2198
2241
2264
2351
2414
2354
2442
2435
2529
2524
2581
2604
2524
2586
2828
2753
2818
2794
2812
2913
2953
2922
2947
3210
3001
3107
3144
3120
3192
3303
3263
3318
3292
3223
3409
3273
3472
3361
3481
3543
3596
3532
3680
3647
3694
3633
3648
3755
3752
3681
3944
3826
3955
3936
4015
4058
3891
4132
4011
4125
4128
4130
4165
4065
4156
4275
4297
4358
4241
4344
4345
4216
4395
4364
4368
4450
4435
4390
4380
4545
4337
4417
4470
4426
4480
4363
4509
4420
4611
4487
4474
4474
4662
4499
4554
4421
4451
4460
4576
4514
4503
4515
4287
4434
4490
4494
4408
4562
4289
4436
4466
4283
4284
4345
4432
4280
4384
4259
4238
4309
4356
4180
4190
4173
4067
4150
4119
4142
4102
3929
4096
4059
3952
3937
3922
3831
3909
3828
3846
3764
3704
3799
3615
3685
3498
3705
3504
3463
3507
3452
3491
3503
3440
3290
3365
3413
3244
3258
3214
3117
3197
3085
3028
2971
2981
2936
2912
2874
2802
2842
2794
2679
2719
2682
2587
2634
2560
2505
2466
2433
2348
2459
2296
2328
2284
2267
2184
2247
2135
2068
2089
2045
1990
2089
2049
1926
1959
1826
1924
1838
1779
1787
1743
1669
1597
1700
1590
1579
1559
1486
1485
1532
1456
1453
1452
1353
1376
1363
1276
1246
1255
1238
1203
1182
1106
1151
1099
1049
1087
1121
1055
1092
1038
979
887
963
908
923
891
851
894
779
805
776
771
791
728
747
739
692
689
699
733
694
714
643
580
640
575
577
600
595
532
526
601
556
533
555
487
482
487
510
521
538
463
448
434
461
447
441
404
413
415
424
376
415
409
375
348
363
364
321
335
374
345
336
314
337
329
324
288
310
328
338
320
279
256
273
293
308
295
285
254
249
294
282
270
266
233
253
275
225
256
225
238
234
261
222
238
224
191
236
225
241
226
243
208
213
231
222
239
219
227
213
192
197
192
177
193
197
198
183
181
204
182
204
207
193
198
202
205
178
184
161
171
188
165
183
184
180
179
155
175
170
179
168
147
161
159
186
164
181
162
158
170
175
175
157
162
163
148
163
152
160
166
154
156
168
173
172
136
148
161
146
156
144
166
146
154
131
147
139
127
143
143
132
151
149
136
151
121
124
143
153
124
121
146
139
142
123
146
163
126
135
139
134
121
141
142
131
147
142
142
138
152
126
122
141
166
140
122
145
152
151
129
143
135
144
144
120
154
145
149
139
140
130
135
143
139
123
148
125
145
135
134
151
117
127
112
153
121
151
149
144
120
123
130
141
122
133
151
157
134
129
123
129
148
134
151
142
138
143
151
134
110
144
113
126
125
116
139
128
122
142
133
124
148
149
124
147
120
122
132
136
112
134
120
130
113
127
126
121
131
121
137
144
130
132
130
139
122
122
127
138
138
108
161
145
120
128
118
117
135
127
137
116
124
151
132
132
133
134
137
139
143
117
138
137
119
129
131
134
127
135
126
122
148
134
131
125
123
112
126
115
120
124
144
118
146
143
136
127
126
137
153
137
133
136
116
145
133
136
118
132
133
133
101
122
121
115
138
127
133
142
127
144
148
128
120
124
110
135
130
118
118
133
133
129
134
120
136
125
115
115
132
138
136
125
125
145
132
110
120
159
107
125
132
121
111
114
122
127
112
133
128
124
114
137
113
137
133
122
133
139
116
130
146
130
125
116
113
136
138
122
118
132
118
126
127
149
145
128
113
116
148
131
137
116
127
135
143
119
128
128
135
140
136
137
131
130
131
131
130
141
121
139
136
114
153
119
112
125
138
141
159
146
122
127
142
123
134
139
134
138
118
135
133
116
142
138
128
117
127
126
138
144
117
139
119
109
142
105
136
103
141
117
115
120
138
124
135
133
126
127
123
123
133
111
120
124
132
135
119
138
120
141
135
114
125
132
102
138
140
145
119
137
124
137
118
149
142
123
133
133
134
128
138
145
143
110
143
139
127
143
131
150
128
125
125
123
137
150
111
154
140
146
140
139
122
134
129
128
105
129
141
131
137
147
148
143
112
158
140
154
140
138
146
122
107
128
116
125
141
136
150
137
127
128
121
154
144
110
135
122
130
128
157
140
125
132
123
153
138
135
116
121
151
133
142
139
130
123
140
166
130
119
132
140
118
113
127
135
126
139
117
136
146
157
143
134
113
137
154
138
138
131
134
146
122
133
138
133
133
130
135
129
128
116
136
121
140
123
139
126
101
127
134
123
106
127
131
130
126
125
118
115
127
129
119
125
125
125
136
123
128
130
121
118
132
123
136
127
147
128
155
121
145
138
135
121
131
145
117
120
133
124
119
106
110
119
120
148
124
144
146
135
146
105
132
143
126
133
142
126
125
134
121
124
126
107
123
132
119
134
116
127
119
123
122
140
119
135
121
136
129
141
116
120
131
117
131
128
138
121
138
113
132
130
131
121
126
131
132
138
134
140
146
119
127
119
119
120
111
131
139
129
147
132
116
101
128
127
157
119
153
121
101
128
148
124
112
142
129
135
126
145
126
126
112
130
120
154
119
108
117
129
120
115
127
145
134
133
114
123
121
131
123
138
116
139
127
158
123
131
124
131
115
157
131
154
133
115
123
123
132
123
135
124
137
134
146
138
124
120
132
121
140
125
137
136
148
145
138
134
129
119
137
136
136
144
133
131
116
151
116
125
127
122
135
141
138
127
127
121
135
151
115
110
129
132
134
136
136
133
123
128
151
149
141
117
132
133
130
130
125
133
141
127
134
139
141
129
119
138
126
119
120
139
127
150
121
144
138
131
121
119
132
124
105
110
135
130
124
135
136
129
139
112
129
123
132
128
128
143
128
136
135
152
144
111
137
95
124
132
138
145
116
110
112
138
116
123
122
112
129
134
145
130
145
123
126
133
115
123
117
114
131
121
135
131
139
133
126
120
129
121
136
112
126
138
135
129
122
132
130
119
121
127
131
135
150
145
151
114
136
121
128
112
138
125
133
115
112
116
140
118
121
133
115
120
130
119
123
115
141
129
151
131
115
130
120
128
160
120
134
147
112
131
109
124
111
115
139
129
134
136
124
110
134
129
138
131
133
141
118
117
128
151
122
141
115
113
145
136
124
127
131
138
113
138
119
129
147
114
131
131
120
119
147
119
126
118
148
128
115
138
152
130
115
102
135
129
159
131
128
120
116
107
114
135
121
122
138
138
120
140
127
150
125
123
136
132
113
147
117
122
127
132
136
149
129
146
125
133
143
119
148
119
129
141
129
106
130
138
128
118
136
130
122
147
130
137
147
127
132
130
146
117
134
118
129
126
128
148
123
137
130
135
126
130
126
117
134
129
127
124
134
136
145
120
112
134
125
119
126
107
127
132
141
144
117
140
147
112
157
126
134
135
138
126
136
109
168
125
131
136
139
129
131
141
136
132
132
128
113
120
131
115
142
124
135
118
116
116
143
135
138
126
142
125
146
126
133
132
139
146
145
103
117
112
135
112
128
127
108
134
148
117
133
128
133
119
128
131
112
129
125
121
115
127
142
129
137
116
128
116
134
124
144
129
117
127
125
136
131
119
132
126
124
125
152
115
117
135
118
130
130
122
147
129
144
104
151
136
133
129
122
150
130
142
126
134
129
142
135
153
145
127
131
146
137
122
119
148
154
133
140
126
133
134
145
124
139
144
130
129
124
161
116
132
141
138
141
124
140
130
122
137
137
153
118
109
133
136
122
137
135
160
125
130
137
131
132
154
119
130
151
137
132
151
152
127
132
141
143
140
161
137
152
150
129
141
156
115
147
128
140
130
136
150
144
133
153
160
126
155
121
130
155
146
147
152
140
119
119
148
121
143
139
130
148
134
138
125
132
132
128
128
146
137
152
138
140
129
134
143
135
136
127
154
147
152
148
130
150
124
142
149
151
166
157
149
145
128
153
130
133
134
149
141
145
145
151
136
142
147
136
131
146
138
145
133
128
123
129
129
133
146
161
145
128
119
158
141
165
136
152
125
132
141
154
133
138
145
145
141
148
153
144
156
122
122
151
130
151
151
151
141
140
145
152
137
153
135
138
144
131
131
143
163
150
166
144
140
154
137
127
137
148
138
148
132
141
140
169
128
149
144
145
134
186
161
134
182
170
120
153
155
139
124
153
165
142
145
131
151
149
144
170
155
136
134
109
155
147
141
138
148
167
140
147
141
174
155
151
156
151
137
132
148
140
145
169
146
144
138
158
159
169
183
157
154
152
158
149
157
161
157
141
154
139
137
154
154
143
153
141
133
146
153
150
145
153
157
148
164
139
167
143
144
133
139
136
171
155
129
155
141
135
150
146
129
158
157
151
148
159
155
148
154
151
136
153
163
144
151
144
158
148
152
139
159
172
151
129
159
163
169
179
131
156
148
148
145
140
139
156
152
145
149
154
149
162
177
143
175
161
169
160
152
142
140
135
146
151
147
164
161
150
153
148
128
157
157
144
147
158
151
146
158
163
170
153
147
162
153
158
145
156
150
150
150
139
156
147
145
142
150
157
130
166
148
142
146
139
162
150
144
131
154
164
156
153
155
154
161
131
130
158
168
138
139
150
151
148
150
159
136
151
151
140
129
136
132
143
139
158
135
129
118
130
163
151
140
137
162
150
136
158
163
129
138
123
132
172
137
130
136
137
135
137
126
134
127
135
143
162
144
158
129
143
152
156
119
147
148
122
132
134
140
136
149
130
126
133
141
147
137
128
132
134
133
121
139
127
133
155
145
130
117
115
130
141
112
137
121
131
126
126
153
156
116
135
121
124
124
136
144
123
116
126
135
134
128
121
115
122
140
136
120
101
112
125
134
134
107
130
116
119
123
114
120
118
113
128
119
130
131
136
119
118
121
132
130
118
117
127
127
114
139
116
130
118
116
118
129
107
122
93
109
118
101
113
115
107
91
92
102
107
110
109
110
106
108
102
94
103
93
104
104
103
86
108
113
97
97
119
135
107
106
93
106
99
96
86
104
99
92
92
108
107
95
103
105
94
98
86
100
101
91
101
100
94
76
104
83
95
83
80
94
113
112
87
91
76
88
93
87
87
102
98
67
73
82
78
99
108
96
95
89
92
78
79
81
91
85
81
86
81
90
83
86
93
70
74
88
74
72
80
76
68
87
78
82
70
96
97
100
75
69
89
76
66
76
89
88
69
78
72
95
63
61
72
86
85
62
74
65
58
74
69
81
89
76
76
70
77
64
75
78
82
74
78
73
71
64
66
74
73
68
71
77
61
66
74
66
57
64
55
62
61
87
61
68
60
62
61
62
63
71
64
69
69
63
68
69
59
66
67
55
62
67
49
74
63
59
67
63
68
71
61
53
68
67
67
53
51
42
53
43
60
62
55
60
79
63
66
55
46
55
52
56
49
53
58
48
41
45
58
56
51
45
59
52
53
50
48
51
51
52
61
65
61
53
52
57
44
54
58
60
40
50
50
54
69
46
64
45
52
43
42
60
53
58
46
48
48
57
65
49
65
35
47
41
42
49
45
53
61
38
56
38
52
55
37
42
60
52
39
46
45
44
33
40
59
52
60
52
48
55
57
49
50
51
35
46
41
33
53
37
47
51
49
53
38
34
37
50
47
44
55
38
51
43
53
46
41
40
48
47
56
43
29
40
46
44
50
36
40
40
39
36
46
41
42
37
38
38
39
38
46
39
42
44
43
40
44
38
37
48
35
37
41
38
42
39
52
37
34
34
31
44
56
42
35
46
37
40
34
37
47
43
49
38
32
28
47
33
42
28
33
41
43
29
38
33
35
35
49
32
37
36
46
38
43
42
39
42
37
35
45
34
43
38
45
31
46
51
37
43
39
33
39
30
32
31
35
36
41
43
35
34
36
28
35
45
46
46
40
32
32
36
33
43
37
41
26
43
38
36
49
34
44
46
38
37
38
32
34
27
25
36
42
43
42
41
37
45
48
37
33
31
40
37
50
41
44
30
45
41
33
51
46
31
34
29
50
40
36
47
45
41
64
41
44
44
45
47
38
44
37
48
42
49
37
43
46
47
55
50
40
49
49
43
44
53
47
46
53
45
49
38
41
52
53
47
42
42
40
48
43
50
53
38
51
54
61
40
44
40
58
58
36
54
49
52
59
58
68
53
62
46
58
52
71
58
72
46
54
80
63
59
50
51
76
64
71
79
63
63
67
64
56
73
72
88
82
75
54
71
61
75
84
77
77
82
77
73
86
81
86
71
85
85
93
83
111
72
82
82
89
93
100
94
94
123
119
98
93
109
120
85
119
104
95
111
108
115
120
122
117
118
122
129
134
164
117
112
107
133
141
129
121
126
159
152
144
148
138
131
154
152
133
158
140
162
159
143
157
178
177
158
160
179
179
180
152
179
179
160
148
201
171
195
210
184
183
201
169
196
212
192
190
213
215
226
207
215
205
235
230
222
239
214
217
226
205
234
253
215
225
252
230
243
215
261
258
266
269
270
306
249
271
296
276
287
281
300
294
277
264
302
299
311
304
301
327
329
316
304
324
326
338
337
318
287
296
339
344
362
361
378
326
330
339
391
335
322
397
400
346
390
358
407
387
392
400
381
395
369
363
391
364
389
472
394
406
380
409
443
431
377
422
422
429
460
408
420
452
446
438
439
461
482
445
444
443
469
471
461
491
449
441
447
445
486
490
541
488
517
510
514
529
484
510
565
528
480
517
435
530
505
494
511
518
451
524
520
504
523
541
520
538
501
540
554
550
591
524
546
555
575
571
527
562
591
552
550
552
560
518
590
571
533
577
592
583
600
588
559
567
565
534
557
537
586
584
568
608
579
607
580
563
665
585
572
585
607
627
616
596
588
627
614
557
575
565
578
561
594
607
612
601
580
607
594
578
603
622
585
615
597
614
631
598
616
607
595
570
626
600
609
598
651
641
618
626
604
601
626
598
628
561
588
569
586
563
579
571
589
590
597
578
568
547
586
571
567
539
586
578
608
581
544
551
545
540
547
549
523
562
525
547
523
557
535
530
589
521
564
538
523
510
502
572
551
473
533
520
542
550
503
519
541
515
527
511
542
499
499
509
479
499
493
523
510
509
514
491
471
489
497
464
481
470
464
508
455
439
503
490
444
411
410
413
436
456
417
442
413
460
414
391
398
445
424
396
402
418
414
372
371
376
360
383
390
449
351
388
350
393
391
374
383
347
401
373
357
367
371
351
375
329
376
370
339
359
356
327
307
329
313
348
306
318
309
311
279
265
336
276
293
296
299
291
264
315
263
283
292
282
268
254
275
274
290
276
229
244
263
268
267
229
240
271
246
224
215
245
250
217
230
215
228
241
200
217
226
214
214
210
224
222
195
211
194
226
188
207
179
204
177
192
209
185
186
199
182
178
189
168
178
157
157
167
182
175
177
175
147
163
177
180
167
163
172
155
170
161
134
124
152
127
146
142
147
138
143
134
132
124
146
135
132
120
135
145
157
132
129
128
133
114
136
101
126
111
107
118
93
116
123
127
116
110
101
129
115
101
106
99
106
107
105
89
117
95
108
94
105
104
83
114
104
90
83
81
102
89
73
76
73
81
94
82
75
89
81
82
83
82
77
91
82
80
79
97
60
76
93
76
68
81
69
75
78
71
77
73
88
81
76
68
85
58
75
75
62
56
65
62
62
53
66
68
75
81
63
74
58
71
64
56
57
57
43
66
60
68
54
71
53
63
45
50
62
48
58
44
68
52
77
55
57
55
54
46
49
45
48
53
34
52
62
52
53
50
44
43
45
51
53
47
34
54
49
34
44
52
39
48
48
51
48
49
46
48
36
48
39
45
50
53
42
49
53
28
39
45
53
49
52
56
51
49
47
42
51
43
44
33
47
42
58
37
46
33
38
34
40
36
32
39
38
49
40
34
41
41
34
36
36
32
39
50
38
27
39
35
50
33
31
38
49
36
44
38
35
35
29
36
30
38
31
35
38
37
48
37
38
40
38
33
27
37
39
24
39
44
41
32
30
37
39
35
34
36
33
31
46
29
33
35
32
22
37
28
33
32
33
25
28
38
37
32
25
31
37
38
43
41
25
32
37
35
36
26
32
26
35
35
33
40
42
32
33
26
30
37
34
32
47
33
37
30
39
37
28
35
31
34
33
32
30
41
38
35
29
30
23
37
34
29
29
35
33
42
23
34
20
36
20
28
26
24
30
43
39
40
32
29
32
31
32
37
31
37
32
34
26
27
22
25
31
31
25
35
34
27
25
28
26
33
29
27
28
40
39
31
26
32
30
30
32
37
31
36
37
28
35
35
22
25
22
30
30
21
30
24
23
21
41
29
26
31
31
25
33
46
34
28
26
27
27
29
26
27
33
36
36
29
35
32
23
28
28
31
40
34
26
29
34
35
31
28
26
26
31
31
30
29
22
22
22
34
33
45
22
29
25
24
31
33
28
27
26
34
25
28
24
23
24
35
36
27
26
30
28
26
26
28
30
31
23
23
39
27
20
22
35
31
18
30
18
33
31
25
28
21
25
25
32
29
26
27
34
27
38
38
25
31
26
36
34
31
24
24
27
26
31
25
22
29
44
35
23
23
26
25
16
25
23
29
28
22
21
22
22
25
23
22
24
28
24
31
26
34
31
29
23
41
28
32
33
30
28
23
28
43
30
24
22
21
25
25
24
41
25
16
26
25
27
19
30
21
34
30
24
29
24
25
22
20
24
34
26
26
29
31
24
27
26
28
27
27
22
21
29
30
19
36
29
24
24
19
22
22
31
23
19
29
26
24
17
34
20
27
23
23
27
20
26
30
32
21
23
18
40
29
26
14
29
17
19
30
28
20
25
27
22
31
28
20
21
27
26
28
27
24
18
25
21
40
24
17
28
29
24
27
20
27
22
25
27
26
23
29
27
23
24
29
26
28
19
30
26
18
20
22
20
21
17
17
25
27
30
26
26
23
22
28
15
22
30
24
25
16
33
21
32
21
23
26
28
16
23
26
25
17
18
22
19
23
29
27
16
24
30
22
22
31
26
23
22
17
27
17
22
12
21
10
31
25
15
21
18
17
14
27
24
18
30
25
18
24
26
17
25
25
18
15
15
18
18
18
22
19
20
24
18
20
17
18
21
19
30
24
18
18
29
15
22
18
15
16
17
18
14
28
22
23
23
22
21
17
26
30
20
15
11
20
12
16
19
27
20
23
13
15
19
22
17
19
18
22
11
18
19
19
20
16
18
11
19
9
17
20
26
20
17
15
23
22
10
8
19
23
14
23
17
22
20
19
18
18
21
12
23
19
19
13
16
20
14
21
22
20
15
7
17
20
23
23
14
16
16
16
12
18
19
15
18
11
16
22
19
18
10
15
16
19
20
20
12
9
17
11
20
19
18
28
15
12
19
15
13
13
20
17
18
11
20
12
12
10
16
12
12
22
22
17
16
21
22
15
12
15
17
12
16
18
15
17
11
16
18
12
19
18
18
9
24
18
15
10
10
13
14
19
18
13
18
18
11
23
10
9
17
7
9
16
14
15
17
16
12
14
17
9
17
16
11
13
16
20
16
13
16
12
14
8
13
19
10
9
17
11
11
15
17
10
9
13
19
13
17
13
8
17
16
13
18
11
17
11
7
14
12
20
10
7
12
8
7
13
14
14
20
10
12
15
10
10
16
12
11
14
13
13
11
12
14
16
9
11
10
7
8
16
14
10
13
8
15
11
21
12
11
15
9
14
12
11
11
14
15
11
14
13
10
12
13
16
15
10
13
10
8
15
9
7
13
9
14
11
13
14
13
9
15
14
14
11
13
10
18
14
13
11
10
12
18
10
14
12
9
14
6
13
13
10
11
11
14
11
9
12
7
15
18
7
6
12
6
8
5
21
12
14
6
16
9
6
9
12
9
14
9
10
12
10
11
8
9
11
16
7
5
13
7
14
11
5
8
5
7
14
5
10
8
11
7
8
13
16
3
11
6
4
8
12
13
6
4
7
7
10
9
9
9
6
9
12
7
8
14
9
11
4
11
7
4
4
8
11
12
8
12
5
5
5
9
9
7
4
7
5
12
8
9
11
11
7
9
7
10
10
10
9
9
6
5
8
11
2
9
11
6
10
5
8
6
12
9
5
9
7
3
7
4
9
4
4
7
7
9
5
4
11
13
8
8
5
9
3
4
11
6
8
7
6
5
10
6
6
7
7
7
3
6
6
6
4
2
10
8
3
7
5
8
2
7
11
11
1
8
4
10
7
8
8
7
9
10
10
7
9
7
5
7
4
6
5
6
10
4
11
7
11
5
0
7
6
4
2
5
5
7
7
5
8
3
5
5
9
7
12
6
9
9
8
6
3
9
11
11
12
4
6
13
7
8
8
11
7
6
6
5
6
3
4
3
9
4
7
8
7
9
8
7
9
4
8
3
7
7
11
11
7
8
10
8
6
3
7
4
9
9
9
4
8
7
7
8
6
8
3
5
14
4
6
8
9
7
8
7
3
10
4
6
8
7
9
9
9
8
5
11
10
6
5
11
10
8
6
7
8
7
6
14
5
3
6
7
10
6
7
11
8
4
10
7
7
8
8
7
5
6
9
15
3
10
12
8
9
9
10
10
8
10
14
13
12
11
15
8
11
12
6
13
7
7
10
7
10
9
6
12
11
5
9
7
15
12
14
13
10
8
10
13
7
14
6
12
13
11
4
8
12
10
7
13
11
9
14
5
9
15
12
14
9
12
8
7
14
10
15
8
12
6
14
10
12
20
13
5
12
12
13
6
8
10
15
16
10
11
12
10
12
9
12
13
16
16
8
9
14
10
11
14
13
12
22
12
8
16
11
14
14
14
17
16
17
12
10
21
9
22
16
10
11
12
18
17
21
12
17
19
16
20
16
21
17
17
14
11
19
22
20
18
13
19
14
15
23
17
19
19
8
15
13
24
13
14
17
15
12
18
19
20
21
12
20
19
18
20
22
15
20
13
21
21
14
19
25
17
22
21
23
10
16
18
16
18
28
17
20
24
20
13
19
24
20
30
27
18
13
21
12
17
20
16
26
16
24
25
32
26
31
28
18
18
30
25
26
19
23
27
22
28
19
13
19
28
24
30
29
27
28
22
18
26
23
27
18
14
24
24
28
26
23
19
26
29
23
21
15
28
28
23
32
22
26
25
18
24
20
30
27
28
17
38
37
44
26
26
22
23
32
18
31
33
26
25
21
27
30
24
29
28
29
37
28
29
33
32
28
25
21
27
31
23
28
25
19
26
34
24
27
30
27
33
36
32
33
36
25
31
25
29
23
29
32
27
27
18
29
26
38
30
25
22
28
27
27
30
24
30
22
30
23
24
25
26
32
39
34
36
28
33
28
33
32
25
29
25
40
31
38
29
26
22
24
28
26
34
26
24
22
33
34
28
26
30
34
41
26
25
35
28
23
33
29
26
21
36
34
30
31
31
44
23
26
24
36
26
31
36
20
26
44
22
24
33
25
25
29
36
31
31
29
24
25
26
24
20
36
27
27
29
35
25
33
23
24
27
26
35
21
32
30
32
32
24
20
28
27
29
31
30
24
33
30
19
31
25
16
25
25
24
28
17
22
23
23
21
25
26
24
20
20
29
19
29
26
23
19
24
24
21
19
21
24
15
21
33
17
29
27
25
19
16
24
24
26
23
18
20
15
23
22
24
26
20
18
21
16
26
25
22
27
15
16
18
24
16
18
23
24
22
20
23
15
16
27
16
20
24
27
19
14
12
23
17
19
16
17
16
17
10
16
13
9
18
14
12
18
23
19
18
15
12
17
21
18
19
15
10
13
16
13
16
13
12
17
7
18
14
11
15
15
13
21
13
16
15
15
8
12
13
14
18
11
12
14
12
11
18
21
20
8
16
10
16
17
13
9
10
15
19
8
14
14
6
14
9
18
9
7
14
13
10
11
9
9
9
10
17
5
13
9
16
9
10
14
6
7
9
7
9
10
13
11
8
8
10
9
11
6
3
5
9
6
10
10
6
6
7
8
11
11
13
6
14
8
5
6
9
11
6
8
5
7
14
9
8
8
3
14
7
3
10
3
6
8
7
7
4
2
7
8
3
6
9
3
11
10
7
7
5
2
8
4
7
8
8
4
2
10
6
3
11
5
5
6
2
10
5
5
4
3
6
2
9
8
5
8
4
5
2
5
6
4
4
4
7
1
5
4
8
3
4
6
5
5
3
5
5
5
3
6
4
4
2
5
8
6
3
3
2
7
2
2
4
3
2
2
5
3
2
3
1
3
3
3
3
4
6
6
4
3
5
3
4
2
1
3
1
0
2
4
3
1
5
7
2
2
3
2
2
4
4
4
2
2
1
4
2
4
3
1
4
1
2
3
6
2
2
2
3
2
0
2
1
0
1
2
3
2
2
4
0
1
2
3
2
4
1
3
0
1
1
2
3
1
2
2
2
3
1
1
0
0
2
2
1
4
2
3
2
4
2
3
4
3
1
0
1
0
1
1
1
4
2
3
0
2
2
0
2
1
2
0
2
2
4
2
1
3
2
1
0
2
3
1
2
2
0
4
2
1
0
0
2
1
2
2
5
1
3
2
1
1
2
3
0
2
2
0
2
0
1
2
3
1
2
2
1
3
1
0
0
0
3
1
0
0
2
1
2
0
0
1
1
1
0
1
4
3
2
2
4
1
1
3
0
1
3
2
2
0
0
1
0
2
2
2
3
1
2
3
2
1
1
0
2
0
2
1
1
1
1
4
3
1
2
0
2
3
1
1
4
0
0
2
0
1
0
0
0
3
1
0
4
1
3
3
1
1
0
2
1
1
0
0
0
0
0
4
1
0
1
2
1
1
2
1
1
0
3
1
1
0
3
2
1
1
1
1
3
1
0
0
0
3
1
2
1
1
0
0
0
2
1
0
1
1
2
2
5
1
0
1
0
1
0
0
0
0
1
2
1
2
0
1
1
2
1
0
1
1
0
1
1
1
2
0
3
1
0
0
2
0
0
2
1
1
0
1
1
2
0
1
0
1
0
1
2
1
0
1
1
1
4
0
1
2
0
2
2
0
0
0
1
1
0
1
0
1
0
0
0
1
2
0
4
1
1
1
2
0
0
1
1
3
1
0
1
0
2
0
1
2
0
2
3
0
3
1
1
0
0
3
0
1
0
4
1
0
1
0
1
2
1
2
1
0
1
0
0
1
2
1
0
2
1
3
2
1
4
1
2
3
0
2
2
3
1
1
2
2
0
1
3
0
3
1
0
1
1
0
1
0
1
0
0
2
2
1
1
1
0
2
0
1
0
1
1
0
1
2
1
0
2
1
1
1
1
2
0
0
3
3
1
1
2
0
1
1
0
2
2
0
1
2
1
1
1
3
1
2
1
2
1
0
0
4
0
1
0
1
1
0
1
2
0
1
1
0
2
0
0
1
0
0
2
3
0
1
0
0
1
2
2
0
1
1
1
0
1
3
0
0
0
2
2
0
0
1
0
2
1
2
1
1
0
1
0
1
0
1
2
2
3
1
0
0
0
1
3
0
1
1
1
1
1
2
0
2
0
0
1
0
1
2
2
2
1
0
0
3
3
0
0
2
1
1
1
1
2
0
2
1
1
1
3
0
1
3
0
0
0
1
1
2
1
2
1
2
0
2
0
1
2
0
2
1
0
2
2
1
2
0
2
0
2
1
1
1
1
0
1
2
2
5
0
0
0
1
0
0
4
0
1
2
1
3
0
1
0
1
2
3
1
0
0
1
3
3
1
3
1
0
1
0
3
0
3
1
0
0
1
0
1
1
0
0
1
0
0
2
2
1
0
2
2
1
1
0
0
1
6
2
2
0
1
2
0
2
0
0
1
1
0
0
0
2
3
0
0
2
1
0
0
1
1
2
2
1
2
0
1
0
0
3
2
2
0
0
1
0
1
2
0
1
0
1
0
1
0
1
2
0
1
2
1
2
0
2
1
0
2
3
1
1
1
1
2
0
0
0
1
0
0
1
0
0
2
0
1
1
2
2
1
0
1
1
2
1
0
1
1
0
1
0
2
0
2
0
0
0
1
0
0
3
0
2
1
2
0
1
3
0
1
2
0
1
0
2
0
1
0
1
1
0
0
0
0
0
1
1
1
0
1
0
0
0
2
2
1
0
1
2
1
2
2
2
2
3
0
0
0
0
0
0
0
1
0
1
0
2
0
2
0
0
1
1
4
16
20
18
31
19
17
22
22
16
23
15
14
17
14
11
17
14
18
18
14
18
18
15
21
21
10
22
24
23
21
12
23
19
17
14
22
12
16
15
25
22
19
15
22
19
20
14
17
16
24
16
11
21
20
22
16
16
18
13
16
14
17
13
20
22
22
18
15
27
17
18
17
21
20
23
17
24
12
24
22
17
18
14
14
18
15
20
16
23
28
11
14
22
11
20
13
16
20
16
18
14
18
20
21
20
15
22
18
18
11
24
18
15
25
25
17
18
18
16
23
22
22
23
21
22
27
27
28
