2055
1816
1574
1431
1268
1113
1001
933
820
816
737
700
629
591
567
543
530
487
496
478
475
428
417
410
412
427
398
360
361
362
408
354
361
331
381
372
347
329
330
346
312
365
286
348
307
339
337
328
315
324
324
290
295
315
314
289
320
292
333
307
304
331
290
340
307
282
304
270
276
273
309
296
282
295
274
273
272
276
277
274
288
267
265
279
278
259
278
279
260
252
307
256
263
272
254
288
290
254
285
292
276
296
289
245
261
263
278
280
272
233
298
285
280
265
275
278
328
272
255
267
267
260
279
255
277
288
239
269
277
220
253
253
277
228
251
262
252
273
244
243
257
258
258
227
247
268
274
270
238
244
254
255
226
257
268
242
226
254
287
214
245
249
258
213
223
230
250
252
232
253
234
230
234
258
251
227
251
239
240
225
250
227
245
250
240
258
250
241
212
234
214
264
257
222
240
241
240
260
233
255
246
204
219
246
225
242
245
229
224
222
246
215
253
258
222
216
208
206
227
214
251
228
225
240
204
244
222
239
208
247
225
205
217
235
228
242
256
238
219
231
234
228
223
215
225
212
207
197
233
203
219
191
236
220
236
215
218
217
185
213
205
218
211
211
213
220
231
236
201
217
226
197
238
232
224
240
242
218
216
209
214
239
207
195
201
206
216
212
242
209
211
236
230
208
203
218
214
219
203
230
215
220
202
196
212
199
203
200
188
183
183
199
207
213
191
198
175
189
233
198
194
174
190
200
192
211
223
206
170
207
201
190
182
184
189
187
206
176
165
214
211
186
204
194
199
219
182
212
192
210
198
248
217
221
240
235
219
206
201
206
233
218
237
229
199
207
182
205
225
237
215
192
190
219
211
233
177
211
233
206
206
218
220
214
229
201
216
213
219
185
221
193
197
217
214
199
199
220
182
194
224
183
214
225
183
205
207
217
211
197
212
181
209
211
216
208
229
207
222
187
213
198
186
202
196
208
202
191
216
183
182
204
220
205
212
199
190
174
181
221
189
207
195
207
176
188
216
208
189
217
205
207
176
188
204
216
202
205
203
207
199
220
235
212
202
216
187
202
207
213
183
192
194
194
197
199
206
186
166
218
207
206
201
209
183
195
210
206
187
195
210
224
186
211
199
186
207
203
207
214
210
206
200
220
192
167
194
199
187
199
212
200
206
198
178
164
166
194
213
214
198
200
188
177
183
196
169
213
188
201
208
185
201
178
227
202
193
202
216
188
217
189
208
201
214
186
196
199
203
203
194
196
192
201
179
196
187
202
204
190
191
196
226
204
175
193
186
206
211
204
197
206
178
204
199
183
190
203
199
200
181
197
225
224
227
175
189
195
199
208
186
192
196
196
163
216
194
178
195
178
211
189
202
216
191
212
217
190
207
228
179
182
199
206
191
194
181
196
180
167
216
199
193
204
193
191
199
196
182
201
191
175
193
193
191
198
175
224
211
202
193
185
177
176
191
201
177
194
190
173
172
168
205
201
185
192
198
192
192
192
186
170
209
175
181
224
191
202
178
200
190
187
210
206
180
179
206
166
173
187
183
178
184
201
200
188
190
198
192
174
179
210
204
183
195
187
187
180
194
183
178
203
183
204
149
164
184
183
232
170
203
176
190
186
165
176
202
204
201
185
180
179
178
196
179
192
174
183
221
207
196
184
197
199
205
189
185
190
188
192
191
194
184
197
184
190
201
213
187
196
196
189
204
192
209
196
201
199
180
163
185
189
183
155
195
188
178
189
195
199
205
208
174
202
220
186
202
195
193
209
176
217
213
188
190
179
197
202
195
191
187
183
206
190
185
192
187
179
200
216
199
201
194
209
199
218
187
181
197
196
207
215
169
173
199
218
192
188
172
178
207
213
189
198
225
201
192
196
199
190
190
207
204
196
204
179
194
204
203
173
203
191
172
176
189
218
189
196
188
216
196
196
197
177
172
190
210
193
197
191
207
216
186
184
215
190
188
191
225
183
204
181
213
184
202
178
176
208
204
171
202
205
197
218
182
182
207
177
206
199
184
202
176
212
190
227
182
179
187
182
206
205
188
210
188
192
209
186
192
183
176
204
195
199
220
201
191
222
195
193
173
190
201
192
197
178
188
175
190
184
195
174
183
190
180
212
220
189
184
191
220
191
199
191
196
198
188
170
186
193
189
197
187
200
197
184
233
183
223
180
182
190
176
188
167
184
186
195
174
202
187
217
193
178
179
190
207
210
223
212
203
211
195
173
190
192
182
206
209
198
178
198
193
192
192
202
179
164
162
174
199
188
162
214
187
221
191
183
218
218
196
183
202
217
190
185
211
170
201
169
169
192
196
201
187
183
192
203
175
175
217
214
208
200
198
201
202
190
193
202
172
159
195
174
201
180
191
171
187
196
193
187
208
223
205
190
216
187
179
200
193
209
205
203
170
173
204
214
208
188
174
188
200
194
169
183
174
200
184
192
201
187
201
196
198
211
180
206
199
180
205
224
202
202
200
211
160
174
179
177
190
198
171
208
175
189
196
192
187
204
196
214
187
180
218
192
234
194
187
215
181
199
198
197
195
174
202
178
171
208
203
211
188
213
183
195
179
211
200
185
182
199
220
214
191
179
220
186
201
182
202
199
171
207
196
189
181
194
187
187
202
190
193
192
187
163
199
224
181
189
182
176
237
202
184
195
206
213
201
202
205
199
195
198
196
180
189
212
195
203
197
189
190
198
186
168
191
208
182
209
191
198
198
180
186
204
206
181
183
219
201
176
211
165
154
187
200
221
214
212
173
196
164
205
212
187
173
205
186
198
205
211
210
231
183
192
215
189
209
186
200
188
211
212
190
203
225
201
207
209
202
220
179
214
179
189
202
185
180
210
174
192
226
227
205
178
185
181
185
191
184
218
186
196
193
196
188
205
192
213
195
207
200
188
188
195
200
195
219
204
213
179
172
201
209
197
200
184
193
189
182
186
226
183
207
209
210
179
193
207
193
200
169
164
218
216
204
203
200
171
210
199
165
216
198
192
201
199
212
189
192
196
205
210
188
204
201
186
197
201
190
200
156
190
221
212
198
191
216
187
188
199
217
209
216
199
197
199
171
197
207
197
218
216
184
214
185
206
188
195
192
221
205
155
203
189
218
198
192
195
175
189
207
191
201
187
199
191
205
184
154
177
176
198
217
200
192
177
179
207
196
197
188
199
183
189
201
228
201
201
199
194
181
201
184
228
199
209
205
212
221
209
183
178
214
182
190
207
190
189
219
199
200
204
213
191
204
210
186
178
189
169
161
201
193
173
223
172
208
200
182
206
203
203
211
188
181
186
220
202
195
196
182
192
210
196
182
191
186
208
203
206
191
211
214
203
199
207
182
212
199
186
194
193
195
215
225
193
180
199
201
183
190
206
184
184
186
184
183
173
212
205
199
196
202
166
180
225
227
194
194
180
215
186
187
199
206
192
176
206
205
198
194
222
228
221
216
194
181
188
196
208
184
199
187
200
203
216
183
202
191
185
227
202
163
194
212
184
195
184
205
193
197
189
220
210
191
187
184
158
203
184
183
201
220
179
182
192
204
206
197
206
186
207
199
206
211
217
200
188
181
201
187
213
193
218
211
209
207
216
203
210
207
198
204
215
212
206
202
213
195
214
212
216
205
202
152
200
191
190
204
188
210
223
191
191
188
195
190
197
187
220
234
191
173
174
198
186
221
184
199
211
186
208
225
189
209
193
196
209
189
211
186
199
201
203
211
195
196
183
184
190
197
196
181
198
202
199
188
207
204
196
211
210
211
207
195
195
198
193
205
215
191
205
221
197
191
221
195
198
194
227
172
205
216
221
178
192
224
209
224
218
223
216
207
212
203
204
173
197
202
207
210
208
203
218
211
209
216
199
195
196
207
227
224
199
222
229
219
222
209
209
202
240
210
218
204
212
222
243
215
211
202
198
213
213
231
215
243
212
199
191
198
202
207
183
229
243
232
213
216
205
188
200
196
210
241
195
212
225
214
226
211
217
214
197
233
203
239
214
215
226
236
220
230
219
225
211
212
207
212
222
229
221
222
251
236
214
220
205
221
203
225
213
222
221
206
195
208
197
229
209
199
212
212
215
236
208
197
203
212
226
216
214
201
197
198
218
232
203
212
192
237
229
230
246
201
232
194
229
208
220
220
190
200
226
228
236
223
223
223
231
221
242
235
199
208
206
209
216
221
222
176
216
237
216
235
247
204
231
219
207
225
196
209
226
243
239
205
246
221
232
218
219
194
230
210
210
203
218
225
193
217
231
209
202
237
227
197
255
224
205
237
194
225
214
208
222
229
222
218
237
226
208
203
218
240
228
201
226
229
180
215
200
256
206
163
215
227
196
212
227
222
218
201
183
187
195
212
207
200
199
206
236
202
220
221
249
208
207
218
214
199
223
216
221
244
230
198
215
180
219
213
246
221
234
206
206
233
224
232
182
222
238
217
221
204
237
202
218
200
190
195
236
234
219
241
203
195
220
191
223
232
203
194
217
197
199
203
219
206
228
224
195
211
217
219
255
214
229
225
199
224
229
237
220
224
204
213
202
218
242
201
231
247
227
218
211
227
226
203
200
212
216
204
203
199
216
215
200
204
235
203
213
219
226
200
224
225
230
226
237
230
218
223
208
207
218
245
189
227
218
229
218
238
236
214
237
221
224
226
216
215
216
196
196
221
231
186
233
214
213
228
209
196
245
208
244
233
195
211
211
226
210
237
220
222
220
195
209
223
205
239
221
202
241
200
233
203
209
204
216
183
211
206
196
209
199
232
222
216
223
209
225
233
234
222
230
180
229
221
209
217
201
203
247
204
221
217
227
207
246
218
236
187
194
212
210
203
222
201
213
227
221
203
234
215
232
212
210
204
193
228
219
219
231
220
232
208
250
205
223
233
214
210
210
199
210
231
230
212
202
231
232
224
239
212
229
218
226
217
210
231
205
200
227
238
222
224
219
214
205
220
208
224
177
223
222
201
201
245
225
214
212
230
215
225
225
180
210
216
232
209
236
200
232
215
234
209
230
218
228
222
235
210
216
199
207
206
202
231
226
194
224
220
245
219
212
213
207
214
190
214
192
217
206
235
220
214
239
235
203
183
217
211
213
226
199
223
194
221
237
203
230
234
211
232
213
219
228
235
216
190
224
192
243
194
216
223
194
218
221
212
218
229
224
211
198
251
214
216
225
231
214
209
219
192
229
211
221
202
213
230
238
193
193
185
196
230
219
222
194
229
210
240
215
225
199
221
234
191
231
224
208
238
212
220
207
219
236
212
236
219
213
198
189
211
225
195
194
191
245
211
191
202
209
221
206
211
197
216
163
231
233
224
204
217
226
200
207
211
214
221
210
208
237
222
218
224
198
203
234
216
224
204
218
217
240
207
230
212
211
200
214
220
208
215
226
232
203
214
217
231
201
223
222
215
226
213
190
241
216
234
193
200
220
220
225
194
219
229
211
227
197
232
201
224
216
221
201
212
203
205
222
220
219
223
224
226
222
217
236
182
213
207
228
209
219
211
225
200
233
230
205
237
212
241
210
205
210
206
244
224
216
226
241
215
190
209
240
204
213
222
209
232
226
217
241
226
228
183
194
221
223
205
253
227
260
234
193
210
213
225
226
216
193
224
242
198
246
189
229
212
210
224
247
218
222
209
240
197
195
223
233
196
211
209
217
236
236
231
180
211
233
233
202
215
213
231
222
236
212
214
192
231
204
204
236
216
216
246
211
230
202
222
237
220
241
225
236
202
218
238
227
248
197
238
196
185
231
234
227
236
237
253
209
222
185
224
234
253
222
231
256
210
207
220
220
239
221
220
212
221
193
230
235
211
232
202
207
230
215
228
213
240
216
231
198
232
238
232
250
224
216
215
210
218
233
230
230
210
201
231
193
219
219
222
208
231
213
224
226
242
235
259
224
211
240
215
220
225
226
240
223
201
218
227
229
235
216
224
222
232
218
230
241
217
235
218
228
229
213
213
238
225
234
237
184
238
220
218
240
225
219
214
218
247
219
234
233
245
223
223
239
231
227
248
215
234
220
212
225
205
235
195
218
243
205
213
241
240
217
226
248
218
244
222
229
263
208
228
219
215
232
245
223
239
236
253
253
210
237
230
225
264
266
224
234
257
220
234
238
219
234
210
244
247
226
221
246
252
248
230
230
242
226
237
226
235
224
224
208
230
254
241
223
223
225
231
258
227
225
259
217
219
243
290
234
222
220
256
240
249
237
247
236
248
213
250
247
237
231
253
234
228
257
242
248
263
243
232
262
254
244
234
217
253
249
241
275
234
224
233
246
256
209
240
249
258
236
244
258
215
227
222
239
233
231
260
256
235
241
232
273
248
210
260
222
242
248
257
249
250
260
239
276
253
231
243
267
277
259
264
244
251
242
249
234
238
261
225
229
273
270
245
252
230
256
245
237
238
233
254
224
253
246
236
244
204
252
254
244
235
273
261
261
242
251
262
225
264
282
251
296
264
275
248
240
268
274
240
238
230
262
230
255
262
215
248
266
245
273
265
267
268
267
254
265
269
261
246
257
248
277
241
273
256
236
242
264
266
243
288
258
271
262
256
244
291
252
245
265
277
270
294
276
263
238
259
244
266
255
262
293
252
242
250
234
263
245
275
250
296
248
253
277
249
244
235
294
253
260
277
255
281
269
248
254
266
276
247
259
295
266
257
268
261
266
270
250
305
262
249
291
273
297
275
261
281
269
276
256
262
272
269
259
297
251
264
259
274
297
272
277
272
283
269
268
279
256
286
275
259
298
255
251
276
264
267
281
289
274
275
289
250
268
262
260
270
291
260
268
268
281
268
280
289
300
294
272
271
286
290
271
259
282
250
281
248
262
282
260
301
274
297
283
269
312
260
311
288
262
285
269
250
267
274
284
304
298
284
261
292
287
285
318
272
291
290
306
301
279
296
302
302
286
262
306
257
291
277
302
304
292
311
320
330
301
267
317
309
271
307
293
298
322
260
299
283
270
308
294
266
279
300
279
314
274
315
290
322
330
306
276
312
276
290
305
291
286
311
306
290
291
276
290
276
310
292
287
300
315
304
290
301
295
294
337
252
305
269
329
264
292
306
297
292
313
307
277
320
288
282
298
314
306
299
311
300
279
280
308
314
310
326
315
321
310
296
334
319
364
300
299
307
296
303
316
314
302
279
309
293
312
305
302
309
303
327
338
306
300
315
311
303
287
305
333
301
305
322
312
311
291
290
338
305
323
286
320
343
305
334
333
305
287
284
319
333
314
305
325
335
288
346
327
318
322
327
317
313
323
316
332
314
332
327
329
338
309
326
306
336
345
361
328
314
341
324
347
297
319
324
304
337
340
325
333
326
307
278
344
319
304
348
334
302
325
312
323
334
289
331
320
309
332
301
327
292
303
356
319
315
347
326
332
307
319
348
321
335
316
267
305
307
325
298
350
337
355
332
360
295
319
307
326
338
332
302
351
330
352
332
330
328
301
329
343
302
378
313
327
320
276
322
346
310
281
327
314
331
316
350
319
307
328
314
361
286
333
303
320
327
339
340
313
362
303
333
311
286
337
336
324
315
311
351
333
302
314
298
344
306
311
324
328
281
318
315
324
298
337
288
290
261
305
304
292
325
345
307
306
309
306
321
301
289
325
289
295
298
324
292
279
309
302
271
322
267
289
298
273
263
290
277
276
288
312
278
265
253
303
295
288
268
278
248
254
244
231
243
258
256
258
244
244
272
213
248
217
236
239
240
236
243
233
245
241
207
240
206
239
209
222
251
200
196
204
226
210
203
218
206
203
215
196
197
215
216
214
175
199
199
199
191
186
182
180
218
233
184
199
174
175
203
176
194
187
224
206
212
200
164
183
187
191
206
167
177
199
205
156
179
166
185
183
182
190
182
177
204
173
199
181
201
169
171
180
154
181
185
186
195
152
173
192
168
155
164
166
181
168
166
155
169
160
160
161
205
180
162
152
169
146
156
173
154
138
159
172
187
173
166
178
168
161
162
159
168
149
160
170
178
175
146
136
148
146
177
180
162
135
154
162
158
169
194
144
169
175
149
163
138
166
150
168
147
155
175
167
168
148
158
144
176
153
167
156
162
157
140
158
143
157
141
156
159
136
144
152
172
164
159
138
145
148
132
140
150
157
155
156
153
148
148
154
145
159
145
133
142
146
153
153
141
150
148
136
141
152
138
126
124
155
135
144
139
156
158
137
144
148
130
154
148
134
124
129
137
154
140
124
157
129
141
158
123
125
133
117
138
131
143
141
144
121
137
127
141
119
127
140
127
126
116
129
155
140
136
149
123
117
150
129
144
131
141
133
164
111
119
117
130
159
120
144
132
123
139
142
144
104
135
134
130
125
126
141
131
125
105
131
128
112
114
135
117
134
125
132
132
139
123
121
123
123
115
144
132
113
127
128
124
131
103
137
119
121
122
116
133
118
121
111
134
121
112
133
106
108
142
127
122
126
144
127
116
124
102
95
106
119
114
116
120
104
115
122
116
115
120
110
120
117
116
100
113
102
108
113
108
122
107
118
110
102
116
112
138
112
109
127
118
102
121
131
106
115
113
112
106
104
111
116
103
123
97
114
115
91
111
117
115
126
106
112
85
132
114
86
117
104
123
112
113
122
123
95
106
99
109
88
82
111
102
84
92
103
120
102
97
97
107
105
111
103
96
95
92
94
110
93
98
100
85
122
102
106
90
91
97
81
93
98
86
87
94
102
99
120
109
96
94
88
92
92
108
95
90
93
97
92
83
103
97
98
92
87
98
101
101
86
92
81
84
99
101
83
96
85
97
99
95
105
100
92
99
87
83
89
108
84
91
90
91
102
90
93
96
84
87
81
91
82
92
100
91
105
102
85
87
97
103
92
89
77
88
78
82
94
78
88
85
87
96
88
72
74
96
95
79
85
87
74
99
86
102
91
79
89
88
98
82
91
74
89
81
74
73
85
87
86
75
72
102
90
71
84
82
70
83
85
69
79
89
87
78
80
90
86
94
78
83
79
79
80
95
81
88
82
74
72
56
60
84
72
68
71
80
66
75
76
75
93
78
75
76
79
73
68
81
87
71
85
69
84
71
62
75
64
76
68
85
79
77
64
71
77
76
70
76
63
82
65
69
84
69
68
78
48
65
72
68
64
77
67
73
63
62
81
86
78
73
62
75
76
68
83
81
76
78
61
61
64
83
62
72
67
73
77
65
51
77
61
86
69
83
72
80
55
71
76
73
73
67
62
54
56
64
55
76
74
74
70
64
69
62
60
52
56
71
70
67
66
64
63
61
64
60
63
68
49
59
64
62
64
76
67
65
68
68
72
68
67
69
64
70
61
59
72
54
52
52
51
55
74
53
61
72
62
70
56
52
64
63
78
71
71
63
68
56
74
65
72
47
53
77
41
62
77
50
61
63
62
42
66
70
65
57
64
58
63
69
65
62
50
46
57
55
69
69
54
51
59
75
62
66
64
56
70
48
56
62
48
58
59
63
56
43
64
61
70
53
61
67
49
58
50
68
64
48
54
62
55
67
60
63
54
51
50
52
67
68
43
51
70
70
54
46
50
53
63
70
73
64
59
57
59
50
54
44
56
45
55
43
62
73
60
70
48
55
59
61
51
51
73
55
53
56
54
41
62
58
52
62
48
49
65
65
49
66
51
55
60
67
57
47
60
60
73
57
51
57
47
57
50
54
60
55
54
57
47
61
56
63
68
47
62
55
46
63
53
67
76
52
51
56
66
56
50
64
53
55
62
48
51
54
59
50
44
52
65
45
52
47
51
50
55
53
66
57
77
46
51
52
53
55
58
71
46
46
52
45
54
57
56
50
61
58
50
48
52
53
59
64
57
44
56
60
56
54
51
42
71
46
54
41
66
55
54
56
53
48
52
55
50
52
41
64
59
60
48
49
53
64
61
44
60
58
64
41
53
56
50
51
54
59
49
32
48
61
49
51
68
59
66
52
63
61
60
61
65
45
59
64
55
51
65
54
58
42
58
68
60
46
52
62
59
56
56
44
56
51
44
57
61
65
56
65
52
68
57
57
55
49
49
58
50
58
69
65
64
68
60
54
50
46
48
58
63
63
50
58
62
60
50
47
62
52
75
60
44
70
54
55
51
60
49
46
48
42
53
65
72
62
62
53
53
56
49
52
39
46
61
58
60
45
68
48
64
39
40
47
51
45
59
46
44
54
54
53
68
50
59
62
62
63
50
50
55
47
46
55
59
65
44
54
54
55
59
60
64
64
49
57
63
43
50
52
64
54
43
49
58
41
50
69
46
53
45
43
59
52
47
42
48
53
44
42
43
67
53
65
55
43
65
52
42
46
46
58
64
55
55
47
52
56
43
47
46
44
45
55
49
61
59
50
51
63
54
57
56
64
45
55
68
57
39
51
54
52
59
61
47
62
65
60
40
67
56
56
62
57
50
55
58
55
60
53
46
43
64
45
57
60
64
55
54
59
64
50
55
52
55
61
56
63
55
43
59
56
57
45
48
63
46
47
56
52
62
50
46
44
53
71
42
52
58
59
65
58
43
67
51
50
54
52
63
32
52
64
47
50
52
44
43
47
40
59
54
52
52
48
50
49
48
53
38
57
56
61
60
54
65
50
57
53
52
36
53
54
63
46
45
54
53
66
57
51
52
50
56
59
50
51
51
50
49
50
50
57
54
61
50
62
57
48
46
66
52
47
54
50
58
46
45
67
53
52
51
58
49
47
55
47
54
50
57
64
63
55
72
50
47
49
59
52
61
45
43
56
67
48
47
70
60
55
59
48
60
54
62
52
65
51
51
45
50
58
55
50
44
56
52
58
37
60
47
55
46
46
55
52
51
48
39
55
68
62
63
55
56
49
61
59
42
59
49
50
57
49
43
48
51
61
45
53
60
55
52
56
49
64
63
53
50
56
54
54
50
66
43
52
56
37
49
53
55
54
50
70
66
57
60
40
55
52
54
59
60
52
63
55
63
70
70
58
46
44
70
52
56
59
49
71
65
55
52
47
60
64
63
59
50
50
62
66
57
59
57
65
57
48
57
42
52
47
39
62
61
37
52
64
45
49
55
47
51
73
63
51
65
62
66
56
52
54
45
56
57
59
61
64
49
63
53
61
61
56
63
57
60
56
61
37
60
57
50
57
43
50
56
61
60
54
60
62
55
60
64
50
63
46
60
57
55
58
53
63
60
58
53
56
58
58
57
57
54
61
51
52
52
49
50
67
72
64
53
62
53
63
67
50
78
63
51
59
73
59
59
70
76
65
65
63
77
73
69
70
61
63
57
74
61
74
66
74
61
79
65
63
69
68
76
78
94
66
86
71
73
65
77
63
75
81
91
74
73
73
83
75
72
79
81
81
85
86
74
96
88
91
92
83
87
88
101
88
87
83
91
88
90
82
80
92
77
81
86
77
73
91
100
94
104
85
89
88
98
107
91
119
96
99
107
117
99
99
105
111
99
125
114
126
133
151
139
131
131
138
154
155
162
143
150
163
148
149
159
159
176
175
167
208
193
190
183
219
212
216
213
216
235
246
254
262
254
292
289
305
326
320
401
427
473
460
510
579
719
788
941
1014
1132
1289
1485
1679
1898
2231
2426
2799
3192
3528
3949
4422
4964
5678
6175
6495
7224
7800
8486
8953
9654
10033
10644
11008
11717
11919
12172
12459
12426
12694
12471
12328
12263
11965
11610
11098
10660
10052
9557
9062
8412
7707
7188
6624
5926
5360
4905
4430
3927
3569
3193
2799
2455
2081
1813
1554
1396
1154
1008
850
752
592
591
489
413
356
287
267
223
200
183
163
145
134
115
94
106
61
67
66
55
70
49
60
37
53
39
43
43
40
36
37
27
42
32
28
26
32
26
19
23
18
27
26
26
23
27
20
20
18
19
18
24
24
24
12
19
17
15
20
12
25
23
14
23
16
9
17
14
11
15
12
13
17
20
13
9
20
9
19
21
16
20
17
16
13
20
15
22
13
15
14
10
10
9
20
10
16
13
11
14
17
14
22
11
18
17
12
3
14
16
10
12
13
16
11
16
8
16
15
12
13
9
8
13
15
15
16
11
10
11
9
9
7
14
15
17
16
21
10
10
15
5
11
13
13
15
16
10
22
16
17
8
12
16
9
8
12
13
6
16
17
15
16
10
9
12
9
10
8
21
16
19
19
6
15
11
17
12
7
12
12
6
14
16
9
17
8
11
21
14
18
9
18
8
11
11
13
9
12
8
8
10
11
10
13
16
16
12
5
5
9
6
14
6
14
6
9
8
8
5
11
12
9
10
9
9
9
12
10
9
14
7
8
6
11
8
5
12
12
18
18
3
6
9
8
13
10
5
9
10
5
10
8
7
9
9
9
8
7
8
9
12
10
6
10
13
13
13
13
8
8
5
9
3
7
5
10
8
12
8
1
8
8
12
9
6
11
5
9
7
9
14
9
6
10
10
6
9
11
9
11
9
14
9
7
6
5
4
16
13
10
8
9
5
8
1
10
6
6
10
3
9
8
5
9
9
13
11
5
14
10
6
11
5
9
7
8
5
7
7
9
9
8
10
4
14
8
10
10
11
7
10
10
8
9
5
7
6
7
10
6
9
13
10
6
9
10
8
11
6
3
10
4
8
5
13
7
8
11
4
5
6
10
4
3
9
4
5
4
5
12
4
2
9
9
8
8
2
8
10
3
11
9
5
8
9
8
9
6
8
5
4
9
8
5
5
4
7
7
10
9
6
5
5
4
7
5
4
10
4
7
12
6
8
6
4
7
6
7
2
7
6
5
9
6
8
7
6
8
10
6
11
9
10
11
6
6
10
2
3
6
7
4
7
7
5
8
4
8
8
10
8
8
6
4
7
8
2
13
10
9
6
5
7
6
5
8
7
4
6
4
5
5
7
7
6
11
5
7
10
5
5
9
6
6
11
6
10
7
10
10
6
6
5
9
5
10
9
4
11
2
11
3
5
5
9
9
3
4
3
5
9
6
10
8
4
5
8
5
13
8
9
8
3
11
5
5
6
5
6
7
9
4
7
5
7
9
4
8
8
4
5
7
10
6
7
4
9
6
7
5
6
5
10
6
9
10
7
3
9
7
6
6
10
5
12
2
8
8
11
8
3
11
7
8
3
11
8
10
4
5
10
4
11
4
9
11
10
11
7
6
3
3
8
6
8
5
15
2
7
5
6
8
2
8
6
5
4
6
12
4
7
8
8
8
7
7
2
9
3
9
7
9
8
3
7
6
6
8
5
3
7
6
7
4
7
11
5
5
1
5
6
12
9
7
4
2
10
6
6
6
2
4
2
9
7
6
4
4
7
3
5
4
8
5
8
10
4
9
11
6
10
1
7
8
8
5
7
9
8
3
9
6
3
7
7
9
5
4
4
4
0
7
6
3
3
5
6
7
6
4
5
5
4
4
9
5
5
4
7
5
5
6
7
2
9
7
5
3
6
9
6
1
5
9
6
8
8
4
3
3
8
5
9
5
10
7
7
10
7
7
9
6
3
3
5
11
4
2
5
9
8
8
1
5
5
4
5
5
7
6
4
10
8
9
10
5
9
7
3
10
6
5
4
8
6
5
4
6
2
9
9
4
5
7
2
8
4
8
5
8
5
4
3
5
6
7
8
7
9
6
9
3
7
14
5
4
4
7
7
6
4
4
6
8
6
4
5
6
8
4
6
5
4
9
5
8
6
7
11
5
3
4
4
9
7
9
4
3
7
4
5
11
12
7
2
6
6
6
9
5
10
4
5
7
8
3
2
5
4
9
5
6
6
7
6
6
5
10
3
6
7
8
5
4
8
2
6
5
5
12
3
3
8
8
7
1
4
2
7
3
3
7
7
6
4
5
9
5
5
6
6
5
5
3
7
7
7
2
3
8
7
3
10
3
6
4
8
3
7
5
6
11
9
5
9
6
2
5
4
8
5
6
10
5
8
6
6
8
2
5
7
3
5
7
5
4
4
12
6
8
8
7
2
2
6
9
5
9
6
8
2
3
11
6
3
5
3
4
4
6
5
3
6
9
8
5
1
8
3
4
5
12
3
8
4
6
8
6
5
6
6
8
9
4
8
7
3
4
6
8
7
5
9
7
1
4
5
5
4
7
6
6
3
2
2
5
8
2
7
3
6
3
3
7
4
4
6
3
10
4
5
6
9
5
8
5
2
4
5
5
8
8
8
5
7
5
8
3
5
6
2
5
5
3
6
4
5
8
2
6
11
7
11
4
6
2
8
6
4
5
3
11
7
4
4
6
9
6
3
6
6
6
5
5
5
6
6
8
2
3
5
3
2
6
0
6
10
7
4
7
2
2
3
3
6
6
2
4
6
3
2
8
14
5
8
2
4
5
5
6
6
6
3
3
3
5
7
8
3
3
5
5
6
2
10
6
1
2
11
3
10
5
4
5
6
4
7
6
4
3
1
3
3
5
4
7
7
4
7
5
3
4
7
5
4
4
6
3
9
4
7
7
5
7
4
8
2
3
6
5
4
1
4
3
5
2
10
4
4
4
4
8
4
7
5
4
5
4
6
6
5
7
4
2
2
3
6
7
7
4
2
4
4
7
4
7
6
6
4
3
3
3
10
4
3
9
4
5
4
6
4
8
5
7
5
7
3
4
4
2
4
5
6
4
4
4
3
3
6
8
4
3
7
3
4
2
2
6
2
5
4
6
5
4
9
4
5
7
5
6
4
7
8
7
4
2
7
10
7
7
4
3
3
4
5
8
2
4
2
1
10
7
4
2
3
5
5
7
3
2
4
7
6
6
6
4
5
6
2
6
4
6
6
5
6
4
7
3
6
6
5
5
2
7
6
6
3
2
4
2
6
4
6
5
7
0
2
6
4
3
10
2
3
7
4
9
9
6
9
2
4
7
3
4
10
3
4
2
6
1
8
5
5
5
8
12
7
3
8
2
2
9
2
5
4
2
4
2
5
3
5
2
3
5
6
6
7
3
2
3
6
3
3
12
7
4
4
6
2
3
3
6
5
8
4
5
5
4
2
5
5
2
4
9
6
6
1
5
8
8
3
4
4
2
9
6
4
5
5
2
5
7
3
2
10
4
10
4
5
3
3
7
5
2
6
5
2
5
3
5
3
2
7
5
1
5
8
2
2
5
2
6
2
4
4
4
4
2
4
4
3
4
6
6
4
4
5
2
1
5
1
6
3
4
4
2
7
3
6
6
2
7
2
7
6
6
9
1
7
4
4
7
1
8
3
5
6
7
7
3
4
6
3
7
4
1
7
1
6
4
12
4
4
2
6
7
4
4
10
2
4
5
6
5
2
4
3
6
8
5
6
5
4
4
6
6
2
3
2
2
3
4
2
7
5
7
6
6
5
9
2
3
1
7
1
1
5
2
5
4
5
7
2
4
5
4
4
4
3
2
5
6
4
2
5
6
7
4
5
4
6
5
7
3
3
3
9
8
3
6
2
6
7
6
3
6
3
4
6
5
8
3
3
2
1
7
3
9
3
2
5
4
3
4
3
10
3
12
0
6
3
5
6
3
4
5
2
3
5
4
7
6
4
2
9
5
1
1
3
3
3
1
2
3
3
5
2
0
2
4
3
6
6
3
2
2
5
4
1
10
3
2
3
4
5
3
4
4
4
6
6
4
3
1
6
3
5
7
4
5
5
3
3
6
3
4
5
4
6
3
4
6
3
6
9
4
5
3
3
3
3
5
3
2
2
7
4
5
2
6
5
3
5
5
5
2
5
2
7
9
4
2
7
3
4
6
4
7
3
2
1
4
3
3
2
2
1
2
5
6
5
5
6
5
4
2
3
7
4
2
3
5
5
2
2
2
2
7
3
2
6
5
4
4
2
3
4
3
0
2
4
6
5
5
5
6
2
3
6
5
3
7
0
1
4
3
4
10
4
3
4
5
7
4
6
10
4
4
1
9
5
3
6
9
2
7
3
3
7
4
4
7
5
4
6
2
6
2
2
4
4
3
4
3
5
7
2
7
3
8
7
4
2
1
2
5
4
5
0
2
3
4
1
7
5
4
5
6
3
5
5
5
0
5
2
1
3
2
2
2
3
5
4
4
2
2
2
3
5
7
1
8
6
2
3
4
2
3
6
2
3
4
4
7
5
6
2
3
4
7
7
4
3
6
7
3
6
3
4
4
5
1
4
2
6
5
5
4
3
4
5
5
1
3
4
1
4
5
1
2
6
4
4
4
7
6
5
3
7
7
2
3
4
9
6
2
3
4
2
3
1
6
11
3
6
7
3
1
3
2
6
4
2
9
3
4
4
3
4
3
2
2
6
6
4
4
2
4
6
2
3
7
3
9
0
4
7
1
2
3
4
4
2
5
3
7
3
2
4
4
4
5
4
3
4
3
4
5
3
3
5
5
2
2
4
2
3
4
5
4
1
2
2
5
2
5
5
4
5
3
6
6
9
1
5
1
3
4
3
3
7
2
5
5
8
1
1
3
5
4
4
5
2
7
5
3
6
4
5
8
1
2
2
4
2
4
3
1
3
3
3
4
2
4
5
4
5
4
4
2
3
6
5
1
2
3
3
3
6
1
2
4
4
4
5
3
2
4
5
2
5
8
2
3
3
5
2
3
2
4
4
4
4
2
5
3
3
3
6
6
3
4
5
4
4
2
4
5
3
2
2
3
5
3
2
7
1
4
5
1
1
5
4
4
2
5
2
7
1
3
2
4
6
8
7
4
5
0
3
4
3
1
4
6
3
5
3
5
2
1
3
3
5
5
8
5
3
4
6
5
3
3
1
5
2
5
5
6
3
7
5
7
1
3
2
4
2
4
1
3
6
5
6
5
4
9
5
4
4
4
2
2
2
3
5
2
3
2
4
6
4
3
4
1
5
2
4
4
4
6
6
8
4
2
4
5
5
5
3
4
2
3
4
4
6
5
2
4
2
7
5
3
5
4
2
1
2
3
4
4
7
2
3
2
2
3
2
1
6
4
0
6
4
1
2
2
5
2
4
3
5
6
5
2
1
5
4
4
6
1
5
3
1
6
4
4
4
5
3
1
5
10
4
4
5
1
3
4
6
6
3
2
2
3
4
3
4
6
1
2
3
5
2
6
4
3
4
9
3
2
2
3
2
0
2
4
0
2
3
2
4
1
2
2
4
3
3
4
2
3
10
4
5
2
3
3
3
4
7
4
5
8
6
2
3
1
5
4
4
6
2
5
3
5
3
4
5
3
1
1
1
3
1
2
3
8
4
2
1
4
0
3
7
4
3
2
5
3
5
2
5
2
6
1
6
2
0
1
7
5
2
6
4
2
2
3
2
5
4
2
5
2
2
1
0
8
6
4
2
1
3
5
2
1
6
6
1
4
3
3
2
5
0
5
3
1
3
3
2
1
3
5
5
3
3
2
6
3
5
5
6
3
6
4
4
4
5
2
2
5
4
3
4
1
4
2
4
1
4
5
2
4
6
2
2
2
2
5
4
2
4
5
4
0
4
2
6
5
2
4
4
1
0
5
0
1
4
4
6
1
2
7
6
2
5
5
4
0
2
2
1
3
4
2
3
4
2
5
4
5
2
5
1
5
4
2
1
1
7
2
2
3
3
4
3
1
3
5
3
3
1
3
3
4
2
0
3
4
4
4
6
4
2
5
0
2
4
3
4
4
2
5
5
8
3
4
3
1
6
7
6
6
5
2
5
2
5
4
3
3
4
5
5
3
4
1
3
4
7
5
4
1
1
4
11
4
5
4
4
2
4
6
2
1
7
5
3
3
3
3
1
5
0
2
3
3
3
0
3
5
3
5
4
2
3
4
5
4
7
4
0
3
6
3
3
5
5
4
2
4
3
1
3
2
4
1
1
4
3
5
4
3
4
4
4
4
0
1
2
2
5
4
3
3
3
9
1
2
2
3
3
2
2
8
5
5
2
2
2
7
2
2
5
5
3
6
4
4
4
6
1
0
3
2
4
5
6
3
4
1
7
2
0
4
2
0
5
5
1
4
1
4
1
2
6
3
5
4
1
2
0
5
4
1
1
5
2
7
4
6
4
3
1
4
1
1
4
4
2
1
3
2
3
3
4
5
0
5
1
3
2
1
1
5
3
0
1
3
2
4
3
1
3
4
4
3
6
2
1
4
6
3
3
2
3
4
2
3
3
0
6
4
4
5
6
2
4
5
2
6
6
6
3
3
3
2
2
2
3
0
4
5
5
4
3
2
6
2
4
4
1
4
2
4
4
5
1
3
6
4
0
4
2
3
3
2
2
3
3
2
4
2
5
5
5
3
4
4
1
5
4
3
4
2
3
1
4
1
1
4
0
178
187
177
198
192
201
176
224
210
204
224
220
217
242
175
209
226
209
215
207
198
229
238
213
241
215
240
259
246
250
258
251
248
316
259
270
296
299
286
300
295
336
317
330
367
350
348
363
363
350
362
385
384
402
383
427
407
432
415
472
473
450
458
511
503
456
534
550
516
555
584
612
608
630
645
662
664
677
687
777
732
827
813
860
863
848
911
951
931
998
1029
1115
1162
1212
1384
1576
1829
2496
3382
5036
7557
11939
17808
26438
38059
51716
67785
84204
98246
109557
114906
114935
109159
97737
84426
70047
56973
45993
36686
29570
24547
21138
18462
17087
15703
15109
14481
13897
