8
9
6
10
5
7
12
20
17
11
14
21
13
11
11
20
16
13
9
13
11
9
13
12
7
7
11
11
8
12
8
12
15
10
11
14
12
15
7
8
6
7
7
3
9
6
8
8
12
8
12
6
9
2
7
6
13
33
63
98
133
205
241
256
252
231
274
246
304
358
463
570
697
708
638
626
540
488
487
410
399
395
414
400
364
409
366
407
426
380
409
402
389
378
329
371
338
332
282
293
319
338
325
325
299
312
287
302
315
362
279
325
305
281
344
313
308
277
300
307
324
323
321
345
362
366
326
338
323
331
285
335
316
298
360
309
280
301
328
344
340
289
324
326
318
334
321
311
312
301
335
299
305
325
304
359
307
316
329
303
319
315
323
336
328
296
299
319
334
342
337
328
326
344
344
349
339
337
344
328
329
317
340
341
318
350
332
329
354
282
333
365
324
349
349
310
356
350
328
322
328
359
332
352
341
351
335
351
334
371
333
333
354
355
311
362
377
353
372
363
376
340
365
370
341
330
350
381
344
379
375
373
348
362
407
373
388
374
377
370
317
355
362
371
334
326
368
394
351
405
397
373
377
394
383
373
403
420
393
382
378
383
381
393
400
400
363
382
403
397
406
401
430
400
420
393
420
402
399
418
392
401
417
414
449
402
442
424
412
394
447
406
405
412
434
409
398
433
438
399
448
426
416
447
452
440
463
419
408
468
450
406
426
432
460
472
459
454
444
484
439
441
433
474
431
469
464
451
453
461
468
459
477
462
477
442
443
435
471
475
449
448
458
458
490
435
466
476
457
496
481
476
481
511
453
470
500
528
500
476
475
542
498
482
511
485
508
485
503
489
512
470
463
462
468
495
526
479
487
486
500
515
502
509
499
520
505
471
523
479
533
478
523
518
536
478
491
533
487
477
529
483
504
547
517
504
491
559
504
567
532
538
555
528
492
516
520
492
495
557
519
589
515
496
511
549
516
505
510
529
541
506
494
514
534
529
542
542
512
525
523
513
551
526
502
582
567
535
524
520
546
550
517
514
483
535
568
527
557
528
530
503
506
526
518
498
509
515
540
510
517
493
544
564
529
559
501
524
540
572
546
536
543
508
521
534
524
550
570
528
527
549
543
527
530
554
553
550
541
562
533
522
495
553
522
484
525
573
518
538
524
548
533
553
543
564
557
576
570
548
570
549
565
560
505
546
547
553
542
501
531
554
571
553
575
494
591
605
558
521
539
551
540
535
552
521
551
573
511
533
571
578
543
529
564
515
579
569
545
540
543
497
518
541
529
542
581
556
557
530
583
543
540
567
522
520
558
560
598
565
538
554
576
511
568
530
574
603
565
535
546
539
561
553
550
528
542
527
556
599
542
571
557
562
590
569
549
543
544
567
558
585
561
545
515
592
550
530
586
550
536
557
573
573
541
580
553
520
501
534
535
561
552
547
581
528
533
571
584
559
560
561
594
550
552
534
556
564
493
570
562
535
576
566
546
549
522
568
549
556
529
570
545
530
589
541
533
545
556
528
587
557
530
540
558
520
604
564
582
577
524
521
587
554
588
556
558
511
497
560
534
531
529
541
568
606
530
565
520
595
546
522
561
543
581
541
549
555
571
576
560
539
550
592
592
540
565
559
534
522
571
596
549
579
521
590
599
537
553
535
554
524
563
607
546
560
559
552
551
566
570
555
583
547
557
530
577
521
643
574
579
614
521
566
504
549
594
513
551
570
513
552
560
530
556
510
556
538
554
555
502
599
595
579
589
548
578
563
549
546
532
559
536
551
596
576
575
556
540
592
622
568
557
591
572
580
560
600
598
532
559
552
561
574
549
603
577
604
568
565
553
588
639
562
571
544
571
594
605
623
594
648
608
627
612
666
631
607
578
591
611
621
618
596
627
606
601
575
609
673
651
642
663
647
572
587
635
613
609
625
615
660
626
653
658
630
607
634
661
597
628
661
672
658
616
608
669
690
648
644
683
675
632
671
690
671
644
632
669
650
611
617
670
701
663
665
611
618
645
656
620
640
703
657
677
663
639
692
650
667
663
652
662
642
651
676
656
735
700
649
675
663
649
678
650
675
673
617
679
618
679
690
655
662
645
684
651
677
677
658
625
637
680
648
687
619
653
649
624
627
674
641
666
645
626
652
724
629
669
675
689
628
672
636
659
605
682
625
665
670
652
633
626
602
644
631
641
617
543
639
649
639
620
608
622
636
687
643
623
579
603
625
581
571
630
576
655
608
636
625
606
605
597
603
628
664
635
583
594
633
626
651
632
618
628
644
580
605
601
695
581
582
597
607
626
608
633
597
606
604
580
585
614
568
549
617
600
613
591
618
606
558
538
620
612
623
614
600
556
611
548
589
564
602
602
568
577
584
583
574
574
610
552
581
604
566
596
563
540
540
611
589
565
590
603
572
563
613
570
596
605
560
550
562
597
556
534
600
574
608
558
617
536
517
578
532
543
573
543
561
554
595
580
542
581
557
575
554
566
561
581
547
555
595
567
561
553
549
570
537
561
579
529
565
544
558
555
543
552
583
563
560
528
550
538
546
550
560
532
551
536
529
505
565
548
557
566
524
528
527
555
537
544
527
522
588
506
535
552
577
544
524
548
524
493
553
536
507
544
549
542
545
556
504
522
540
542
548
525
517
554
534
507
534
524
487
508
537
520
502
511
509
502
498
541
530
502
524
485
505
515
489
518
521
525
493
525
537
468
459
511
536
511
459
501
516
529
528
507
521
476
501
549
490
470
535
503
503
490
493
470
465
503
491
475
470
508
508
483
507
501
515
472
517
505
469
487
461
514
493
474
493
489
503
537
543
498
489
466
521
484
483
446
496
479
511
517
480
462
504
475
498
478
507
478
481
451
483
476
458
461
482
483
452
450
498
469
443
458
499
468
460
465
492
452
486
457
505
469
473
464
446
475
454
487
466
461
461
460
489
447
471
449
490
499
482
455
485
434
426
513
436
436
441
487
474
488
466
465
503
437
438
501
450
449
449
424
444
479
442
447
467
485
419
438
423
446
465
450
409
442
444
423
434
463
446
429
425
415
421
400
447
452
446
469
442
476
467
434
443
409
408
443
434
445
421
465
438
442
429
440
419
415
423
443
436
462
368
435
432
418
459
400
429
458
457
408
443
462
459
406
430
443
471
471
440
406
438
437
432
401
430
428
450
425
442
437
411
444
440
453
420
438
428
441
459
427
417
425
453
408
423
419
410
422
420
428
420
402
454
399
444
436
448
434
418
428
440
399
439
462
375
419
445
408
436
428
404
417
451
459
450
466
409
410
426
405
429
420
422
398
443
399
394
420
429
417
421
466
420
408
423
456
416
432
446
462
414
424
463
441
428
421
391
462
424
434
436
450
411
437
403
416
445
433
401
434
478
403
420
424
397
426
412
383
429
457
445
438
434
422
455
445
429
434
445
442
419
447
450
437
425
417
440
428
400
424
452
407
454
445
412
414
396
429
461
407
469
457
417
477
426
406
423
416
403
436
415
411
432
420
464
436
468
394
427
403
407
410
440
450
470
375
467
413
429
457
443
426
431
427
424
375
381
400
395
383
405
416
387
401
412
430
418
407
403
413
402
412
400
431
458
391
416
395
422
395
404
413
392
357
377
366
378
404
388
402
413
372
408
370
377
411
367
427
417
392
384
405
404
401
427
368
389
413
375
343
367
379
367
361
385
389
398
392
366
355
363
365
388
405
394
391
401
393
369
428
337
382
371
392
359
356
340
339
357
351
371
371
351
362
347
345
334
326
358
334
332
348
375
317
368
368
337
338
334
318
326
343
314
324
377
288
322
332
302
335
316
315
312
327
327
320
313
339
322
316
331
310
293
305
306
312
319
282
296
310
295
298
286
320
306
266
289
283
292
313
316
325
300
320
278
310
287
331
294
277
271
266
303
307
273
277
280
274
287
268
274
288
270
300
293
286
266
304
312
273
257
239
280
299
270
267
266
287
268
279
287
249
247
247
254
260
273
249
258
265
269
290
274
245
236
250
259
272
257
275
227
258
245
235
252
264
275
216
257
258
236
259
263
266
219
241
271
260
220
261
267
259
257
237
252
228
248
264
240
240
239
226
234
235
221
260
245
222
234
234
219
234
228
225
213
240
233
228
229
223
229
226
224
213
204
231
235
214
240
193
211
223
245
215
210
231
217
222
197
210
219
240
223
227
217
240
242
234
235
205
204
213
232
203
240
214
229
232
189
202
242
232
190
216
208
206
209
216
197
210
222
210
225
204
227
209
219
200
218
190
237
223
205
190
195
174
213
211
211
217
205
201
220
186
226
216
193
209
222
188
199
205
197
196
193
220
215
190
214
195
178
200
197
197
220
189
185
180
197
178
190
196
208
197
215
200
180
203
184
196
214
205
187
184
189
207
211
205
189
194
199
179
190
181
195
208
208
186
191
189
180
204
181
189
188
191
217
181
190
210
201
208
157
202
187
210
197
189
182
185
188
189
179
177
201
196
185
183
199
171
193
169
194
166
193
184
199
201
179
177
203
177
190
171
220
173
167
174
178
183
162
182
195
174
179
183
194
211
182
185
172
168
179
168
191
171
166
176
190
184
202
153
204
209
146
195
176
185
177
166
171
178
165
181
187
213
155
168
189
183
176
180
164
182
204
181
191
165
154
175
158
161
207
179
152
190
173
165
168
192
207
183
166
169
173
156
167
181
186
153
208
180
174
144
193
168
153
172
174
162
162
172
179
172
179
179
160
151
177
182
168
167
161
160
176
160
179
167
168
180
173
166
184
169
172
162
163
179
177
162
157
145
173
166
167
179
155
162
161
151
173
161
177
162
186
183
176
161
142
145
155
161
149
154
183
161
185
146
172
166
179
185
176
174
191
154
163
158
172
168
158
161
168
189
152
155
176
162
164
163
161
146
164
153
180
177
130
175
171
154
153
183
162
173
181
141
173
184
154
145
161
180
173
183
168
156
182
136
156
148
188
162
142
162
163
185
166
158
181
162
165
165
174
150
176
135
150
159
162
203
140
147
154
161
186
149
159
162
162
167
167
162
173
164
160
156
176
178
165
172
158
172
174
181
172
186
167
153
170
185
154
159
161
143
177
158
163
166
153
150
136
166
162
182
174
166
172
161
163
193
162
183
166
171
164
156
182
147
170
170
176
160
151
164
170
175
160
169
166
174
163
184
162
174
159
180
153
169
159
185
152
155
172
173
171
164
179
165
160
177
179
210
191
166
201
171
197
183
176
178
211
184
204
198
196
166
198
213
198
182
171
168
197
186
164
216
187
194
200
216
203
225
198
226
224
212
223
201
249
232
219
234
210
239
242
236
247
236
219
244
237
222
282
253
260
248
232
263
265
248
289
285
262
273
278
289
299
302
308
305
298
309
326
330
322
329
339
353
341
341
374
330
365
364
375
383
360
407
403
385
429
408
444
407
449
408
470
411
442
486
489
501
475
521
545
524
547
531
528
528
594
558
550
538
589
622
588
609
614
601
620
601
616
637
669
655
725
730
728
709
778
712
725
776
747
791
799
815
798
833
864
874
838
887
896
875
938
935
900
1006
938
968
948
1059
1056
1060
996
1040
1126
1058
1091
1086
1084
1126
1190
1117
1205
1171
1214
1210
1235
1246
1253
1309
1332
1330
1256
1311
1354
1403
1334
1398
1384
1407
1403
1548
1457
1464
1494
1544
1578
1568
1579
1574
1699
1611
1661
1689
1710
1647
1730
1666
1773
1767
1764
1838
1846
1835
1843
1884
1941
1897
1983
1926
1987
1901
1980
1944
2008
1920
2059
2045
2089
1994
2065
2009
2079
2140
2109
2099
2096
2110
2198
2149
2256
2202
2167
2121
2248
2317
2243
2275
2374
2289
2281
2292
2379
2327
2260
2355
2401
2394
2374
2449
2515
2510
2514
2474
2489
2487
2475
2383
2485
2428
2545
2508
2436
2414
2546
2544
2540
2528
2548
2524
2562
2562
2603
2522
2668
2593
2552
2584
2582
2640
2607
2554
2583
2642
2549
2650
2604
2536
2572
2549
2647
2577
2637
2536
2591
2529
2544
2473
2522
2556
2430
2542
2600
2594
2624
2500
2390
2533
2412
2443
2476
2389
2447
2462
2459
2512
2435
2427
2341
2389
2422
2408
2298
2398
2346
2347
2293
2322
2191
2304
2269
2220
2144
2270
2189
2185
2128
2188
2162
2128
2088
2057
2148
2050
2145
2036
2033
2021
2036
1969
1953
1986
1931
1980
2016
1976
1900
1866
1866
1866
1771
1835
1735
1834
1828
1641
1795
1676
1679
1678
1689
1712
1607
1662
1560
1605
1641
1526
1524
1533
1531
1524
1409
1485
1489
1453
1449
1378
1392
1365
1363
1358
1257
1303
1280
1314
1256
1263
1207
1181
1109
1145
1146
1127
1160
1129
1112
1067
1083
1103
1046
1001
956
1015
920
1001
950
962
916
943
925
873
905
872
829
837
863
832
837
812
804
817
729
737
735
715
730
700
686
679
703
690
654
695
619
603
655
594
633
592
590
560
566
569
547
544
549
543
519
509
537
481
490
477
484
479
464
458
430
470
424
469
421
424
432
436
381
375
375
383
365
384
382
344
356
339
364
312
308
340
361
318
322
302
309
287
287
245
296
286
282
271
277
279
274
251
285
258
226
245
275
247
261
230
259
229
214
227
209
210
229
229
218
212
197
204
193
230
184
189
192
209
195
228
186
195
192
204
173
169
196
175
176
142
193
195
159
167
185
172
158
166
167
147
144
159
161
131
161
158
128
160
135
139
119
133
165
133
152
148
134
145
120
125
133
142
139
138
132
122
139
133
115
122
141
137
112
120
131
132
132
114
139
121
119
109
104
122
122
116
111
100
115
107
103
101
97
123
101
137
103
108
93
102
113
118
95
96
109
105
89
88
103
111
91
124
92
88
94
116
98
92
90
90
102
93
94
88
107
83
76
82
87
113
102
93
106
96
83
84
111
87
87
95
98
93
91
83
86
106
85
93
95
80
101
95
98
85
84
67
76
89
81
81
105
78
79
105
92
84
96
85
93
86
77
86
96
89
72
70
77
95
80
95
71
76
76
78
89
88
95
69
76
80
82
70
70
98
93
93
87
79
73
102
78
90
86
86
74
79
85
83
84
85
74
65
97
67
78
92
84
84
75
91
71
79
78
72
62
69
83
91
78
74
75
86
75
87
82
81
78
68
82
76
75
80
77
71
94
71
89
74
72
69
78
67
67
72
72
88
78
79
71
81
77
77
76
70
64
80
77
86
84
57
75
66
86
77
72
66
75
60
86
88
92
68
82
84
79
74
91
58
72
64
80
77
76
72
81
78
76
81
80
55
63
72
77
67
72
77
72
86
69
70
100
73
82
76
77
71
76
74
76
71
76
79
90
74
71
88
81
85
76
85
75
83
84
62
79
66
71
70
72
88
80
79
66
78
60
75
73
69
72
90
72
69
78
81
68
71
90
78
91
70
81
95
79
82
59
77
91
68
75
74
91
80
70
75
79
61
93
62
72
60
78
71
76
62
74
82
68
71
81
82
66
67
79
79
76
63
69
79
79
73
76
94
76
73
55
74
74
87
74
70
80
63
70
80
86
80
84
76
63
78
71
76
63
70
77
68
61
70
67
72
72
75
74
68
72
53
86
65
71
68
78
78
81
69
57
83
61
53
91
70
57
74
69
78
73
94
70
68
83
61
66
75
71
61
68
73
71
92
65
89
75
82
82
88
79
82
56
73
74
66
83
77
59
89
70
72
55
88
64
75
70
70
71
70
75
71
83
82
80
62
74
74
80
59
67
65
76
61
56
65
65
83
79
77
73
81
76
63
90
84
73
89
68
75
79
68
63
95
82
73
76
71
68
77
84
85
74
73
59
64
65
82
74
70
73
73
65
56
78
82
53
89
75
53
68
71
77
74
70
76
79
68
93
60
93
90
75
77
73
86
75
70
90
66
76
78
78
89
60
62
78
65
69
56
70
75
83
51
66
91
81
89
75
66
78
71
72
70
63
80
73
72
75
80
82
70
90
63
70
90
73
81
77
81
58
79
77
70
82
78
75
82
70
56
72
76
83
70
84
65
68
73
66
76
58
57
94
87
77
80
75
63
79
71
82
78
86
77
75
69
80
71
82
79
74
86
71
84
100
84
67
78
73
79
84
71
65
69
83
68
78
74
68
69
70
80
75
75
71
78
78
79
73
89
86
82
76
66
69
82
62
79
72
74
70
87
76
62
64
78
82
74
75
82
87
72
71
69
72
82
65
85
70
82
61
71
81
76
69
66
65
80
76
61
83
71
89
78
75
56
84
71
68
86
74
69
80
77
81
82
70
81
59
60
88
81
81
70
62
75
78
73
71
72
61
66
71
76
76
66
79
62
74
78
85
81
72
70
76
89
70
81
70
78
93
67
80
73
76
73
68
80
59
74
73
82
76
64
89
70
81
78
78
74
70
76
60
61
74
65
69
77
78
65
73
62
63
88
75
70
89
75
93
73
70
71
70
70
78
59
75
66
72
65
58
78
66
61
67
85
85
69
69
83
70
73
69
82
70
63
76
62
64
65
64
68
74
73
80
81
76
75
84
50
71
69
62
64
78
69
64
63
68
68
75
76
75
65
73
70
62
55
75
67
68
81
77
71
78
68
62
62
70
67
71
74
76
73
54
65
60
68
82
69
71
79
63
69
76
86
62
70
69
73
67
98
52
70
81
60
79
80
72
76
69
73
67
82
70
62
75
77
69
73
64
66
74
100
72
86
61
82
73
80
72
78
84
77
83
65
71
63
75
77
67
81
72
80
86
63
73
75
66
75
63
76
63
66
66
75
75
76
87
65
90
75
72
64
62
69
64
60
61
77
76
77
68
84
83
66
76
67
56
72
67
89
70
66
66
67
70
68
90
70
76
75
85
73
85
78
68
85
64
55
81
56
83
77
60
87
66
69
66
93
77
61
81
65
69
70
78
78
81
73
68
85
66
60
59
74
85
77
72
61
69
74
93
68
65
62
74
79
56
70
84
67
60
62
74
71
61
73
80
72
82
72
69
64
59
68
81
76
70
75
83
80
65
62
57
80
73
82
72
89
71
75
83
79
70
55
65
73
84
79
67
73
81
71
87
63
73
74
70
73
73
65
78
78
61
67
63
74
71
67
73
75
82
73
76
77
87
73
78
70
72
70
77
75
79
71
80
78
74
63
80
76
78
70
71
64
63
79
64
82
81
69
65
67
81
75
62
65
78
90
73
63
69
63
80
83
87
65
76
71
71
75
68
75
81
79
66
77
72
78
61
78
73
69
80
75
83
69
77
69
71
66
80
77
72
68
73
84
80
64
79
58
90
67
78
77
83
81
75
74
81
63
76
68
70
70
78
91
84
58
80
77
55
77
66
75
63
65
68
68
81
69
78
69
63
75
60
71
63
63
73
76
78
68
79
79
62
63
65
56
69
81
71
68
61
89
77
75
66
71
66
73
63
74
72
80
62
59
74
70
74
63
68
86
60
78
69
65
76
73
76
70
82
63
72
74
89
50
64
68
78
61
87
71
67
62
82
65
66
72
68
69
70
71
73
82
87
74
74
77
61
78
74
71
73
71
84
78
62
67
77
70
79
82
73
67
95
67
71
62
60
74
61
73
69
76
68
73
67
67
80
65
73
68
69
55
78
63
79
73
71
59
62
87
72
62
77
81
80
73
76
69
73
72
66
75
65
69
70
81
59
60
70
67
90
76
71
75
84
65
73
71
58
66
70
81
61
77
52
68
78
66
74
62
68
66
84
66
84
83
71
77
83
79
63
81
78
67
66
58
65
77
78
71
82
65
79
100
72
70
86
70
66
56
75
62
72
80
95
63
80
89
67
58
64
66
72
89
74
76
58
66
77
64
78
70
74
76
76
64
84
79
67
71
69
78
50
67
65
81
61
56
76
64
84
81
73
63
73
91
69
74
66
81
90
74
73
61
72
65
81
81
70
83
64
71
60
79
69
90
71
64
80
81
78
66
59
61
76
53
71
86
67
77
69
91
99
75
74
78
65
73
68
72
53
71
63
76
75
80
69
67
64
85
68
71
64
79
66
74
70
60
96
78
96
71
81
79
70
90
67
63
81
84
65
73
75
61
73
70
75
78
67
69
80
74
65
60
78
78
93
86
63
71
70
65
76
69
88
71
74
81
80
66
77
71
56
67
72
64
72
85
72
68
76
66
67
71
84
58
90
73
84
83
75
84
75
67
77
72
77
79
79
86
76
74
73
84
90
69
74
81
70
76
76
78
78
75
82
71
64
70
79
72
78
75
93
73
79
78
83
83
70
71
82
90
77
71
70
70
79
81
87
69
74
70
75
69
82
87
71
93
88
91
83
90
67
85
78
66
84
82
71
69
76
77
61
67
92
84
71
69
72
91
81
76
88
73
82
89
75
74
76
74
73
92
76
79
84
85
73
78
83
85
84
80
77
79
87
75
77
82
74
83
91
88
79
83
87
87
72
79
75
81
76
79
66
87
88
92
86
69
82
90
84
75
82
68
76
67
85
73
86
79
97
78
82
76
78
79
75
80
85
79
83
67
79
77
86
85
91
84
96
80
76
89
71
64
78
80
88
73
63
74
85
76
74
82
82
89
85
82
78
84
75
69
71
76
90
82
63
79
69
75
76
76
81
72
100
97
68
76
74
87
75
69
93
97
85
80
73
68
81
104
75
78
66
64
90
87
79
86
77
118
82
80
94
68
76
70
64
87
68
68
77
89
73
62
86
93
84
76
93
92
86
89
89
77
84
84
72
93
82
77
84
83
92
97
82
86
81
75
81
64
92
85
74
76
65
89
74
72
75
97
86
88
68
73
85
66
88
82
82
72
70
83
74
93
83
80
80
75
71
98
79
73
79
70
80
92
86
67
71
78
65
58
97
70
95
75
96
78
71
86
75
76
90
74
95
72
77
88
71
74
88
89
82
82
73
99
82
91
82
81
77
82
63
76
98
84
78
101
89
84
75
100
80
71
93
79
67
90
89
83
78
85
90
78
78
78
86
79
73
79
91
73
87
73
78
90
87
91
79
77
91
88
87
93
86
75
73
81
76
91
100
80
79
73
96
68
66
101
79
82
88
67
95
99
70
85
89
80
72
82
69
104
79
71
72
86
88
85
78
85
91
83
74
99
75
89
92
83
94
87
96
85
85
84
83
86
86
80
91
87
86
85
90
78
102
84
81
77
84
102
86
72
86
71
96
83
95
80
88
81
96
83
95
90
105
93
81
81
100
97
89
88
92
106
86
93
93
101
67
100
92
71
83
87
87
87
89
93
82
91
92
99
80
79
77
85
76
82
92
97
93
82
79
86
81
89
83
91
82
72
84
83
82
90
76
87
81
82
89
90
87
75
87
69
89
93
88
80
93
72
67
82
76
89
71
90
92
88
77
100
79
87
97
77
111
99
96
86
80
92
89
87
78
84
72
70
87
90
84
103
79
92
69
71
79
82
78
107
83
85
100
87
80
102
81
81
69
85
80
93
94
90
82
80
89
80
67
99
79
80
80
85
78
69
90
83
81
89
76
89
91
89
88
79
82
84
78
84
85
77
71
69
87
76
82
92
79
91
79
85
68
77
86
76
87
87
66
72
73
82
96
94
76
99
77
64
83
87
90
81
74
72
80
75
86
83
89
64
71
93
91
88
77
77
84
79
69
73
80
81
73
59
85
87
83
64
92
78
90
76
83
82
78
85
93
67
69
92
78
95
84
71
71
75
78
74
71
74
77
82
83
78
76
91
63
75
68
92
75
63
76
79
75
75
86
75
92
73
81
70
77
76
62
93
88
63
85
70
65
89
85
60
87
73
61
63
70
64
87
68
77
54
68
73
57
58
72
65
76
86
58
83
72
60
70
68
80
66
83
81
59
69
82
68
65
55
61
79
70
67
92
57
60
58
67
71
60
73
58
63
61
60
75
66
71
77
71
62
68
71
60
76
76
78
61
76
51
70
56
61
62
60
68
44
62
65
61
68
61
53
53
68
48
61
49
56
59
54
52
53
53
56
61
70
69
66
53
53
65
50
63
55
53
66
63
49
57
57
64
57
49
53
61
57
51
42
57
48
55
60
62
56
63
57
63
53
56
38
52
50
48
55
58
60
40
50
49
55
51
53
52
51
53
55
42
60
56
40
47
50
54
41
46
46
48
46
40
61
43
33
56
45
43
52
58
42
43
31
38
45
51
41
45
47
37
54
50
43
40
41
45
36
44
48
35
49
48
49
45
42
53
43
40
50
42
33
51
44
41
49
39
38
38
41
45
48
36
51
34
47
40
39
39
47
42
35
34
27
44
48
32
36
43
39
45
30
50
42
45
36
45
39
29
34
40
50
42
39
37
36
43
36
28
44
33
38
39
46
45
41
34
38
36
34
32
29
34
41
33
38
39
50
32
44
49
46
47
31
27
32
34
42
35
31
46
25
35
31
42
31
30
38
40
32
42
25
36
28
40
30
33
41
25
40
28
31
43
35
35
36
44
31
27
32
24
31
34
37
40
32
41
38
26
42
36
24
37
32
34
23
30
29
34
32
43
22
32
25
41
35
30
37
28
31
33
25
28
26
24
33
19
38
27
42
30
31
23
27
29
31
32
24
27
33
22
40
36
30
28
26
28
29
28
27
33
31
36
39
25
24
27
30
33
34
22
33
28
31
24
26
36
19
36
24
27
25
25
28
30
30
25
18
38
28
28
30
28
29
25
28
23
25
30
19
34
39
31
26
26
24
22
22
15
21
24
29
22
32
28
30
34
17
28
30
27
16
31
24
29
30
27
29
23
21
32
26
24
25
16
30
32
40
28
22
20
25
27
34
23
20
28
26
22
30
19
33
20
16
23
22
22
21
26
24
23
20
23
25
25
23
27
27
12
17
21
21
30
18
16
23
22
27
23
25
20
24
23
28
24
28
27
23
24
20
24
28
22
11
23
25
26
28
19
25
13
18
23
17
28
21
20
23
28
33
25
21
30
21
22
26
18
21
23
25
30
22
23
16
24
18
18
23
25
17
22
23
23
17
23
24
19
23
21
26
11
20
18
25
18
23
20
23
28
10
17
23
25
26
24
24
17
21
21
20
22
25
23
23
23
24
17
25
23
19
22
22
18
27
18
21
15
15
20
19
20
22
21
20
22
24
23
28
15
23
15
20
25
18
25
19
19
19
29
26
11
18
14
23
23
22
19
25
22
34
18
28
19
19
21
18
28
23
12
21
16
24
19
19
21
16
30
15
20
19
18
12
14
13
20
25
26
16
18
20
23
14
18
14
20
28
18
17
19
20
19
19
18
23
15
14
27
18
12
15
20
21
18
22
14
21
24
18
24
19
19
13
25
19
19
20
21
18
23
21
25
18
13
27
27
30
19
14
13
33
25
22
21
23
18
19
25
23
27
18
17
17
23
18
16
29
19
20
25
19
18
29
18
22
21
19
18
20
25
22
25
16
21
23
20
10
15
21
29
26
28
27
22
24
21
28
20
29
24
34
26
30
33
38
24
22
27
25
29
26
20
30
18
28
24
21
23
24
22
31
23
27
17
14
39
30
28
30
24
36
24
24
29
22
29
28
18
27
22
35
25
35
29
39
32
40
30
27
28
31
35
32
33
32
35
30
37
29
35
43
39
34
31
40
38
45
41
42
49
39
34
35
39
29
33
39
39
53
46
28
33
36
38
37
40
43
46
45
59
46
46
42
48
36
53
46
42
44
46
52
56
53
53
47
47
53
54
54
58
54
56
62
52
47
63
65
56
53
53
59
52
50
49
57
74
62
61
77
79
69
55
70
68
77
84
80
64
68
82
76
65
87
93
72
73
87
82
67
82
92
83
86
94
92
82
74
93
96
94
85
91
94
92
95
81
96
89
91
87
115
106
111
103
97
105
98
105
93
122
72
113
117
102
103
114
117
114
108
125
94
119
125
104
106
122
132
128
121
122
118
145
110
145
133
156
122
137
103
127
143
121
136
157
147
137
153
156
156
142
142
173
173
162
138
178
153
152
168
170
153
175
160
185
158
163
158
179
150
178
177
199
206
180
185
169
177
190
184
211
191
206
193
208
203
190
216
213
217
220
193
235
198
203
230
213
206
222
224
227
234
203
249
243
227
230
219
237
227
234
214
253
227
248
251
231
274
257
274
252
256
255
271
203
235
252
238
233
276
256
252
224
275
268
226
259
268
297
277
290
272
273
272
293
308
280
278
297
285
296
288
303
311
300
320
316
294
306
323
334
334
306
300
300
290
310
285
302
319
324
298
316
329
283
321
354
328
288
332
338
317
307
305
356
344
327
329
321
348
367
347
341
335
348
341
299
321
315
373
365
343
364
378
334
341
355
349
336
345
335
342
357
376
347
375
333
341
348
364
337
368
339
358
359
367
366
366
395
338
372
348
319
373
390
381
395
381
354
366
370
329
373
395
379
381
343
383
383
397
370
373
368
354
363
376
360
355
385
371
377
369
348
355
373
408
363
351
353
381
363
353
383
381
374
365
381
363
351
338
340
382
354
383
363
439
340
331
367
347
364
390
377
348
336
334
372
343
370
378
358
361
357
374
344
363
390
358
369
342
386
331
349
365
345
375
370
364
351
360
379
343
329
365
316
337
333
337
337
355
325
335
330
308
326
334
332
320
356
350
341
357
329
317
367
324
327
318
297
330
310
290
315
319
332
340
299
301
302
321
309
277
288
306
294
291
304
296
339
253
319
288
292
278
307
294
295
280
266
295
259
257
280
281
285
282
274
252
257
255
253
246
280
241
255
272
244
262
249
249
235
257
244
269
228
232
246
232
250
224
228
236
252
216
208
223
206
231
221
202
237
245
242
216
203
231
223
209
213
205
209
212
189
205
191
188
189
188
189
204
192
169
188
198
171
202
167
186
185
171
193
170
186
171
152
165
174
172
176
196
181
145
169
164
192
144
164
150
153
158
152
152
159
189
153
157
146
162
151
141
138
165
136
131
159
133
143
151
122
141
144
121
144
129
133
151
107
128
117
138
109
121
125
112
100
131
110
108
129
104
105
125
120
110
133
108
106
94
93
102
126
119
111
116
113
110
86
111
96
109
102
117
88
94
94
85
93
102
99
86
84
99
97
91
96
100
74
77
86
98
91
71
101
78
91
94
81
82
79
78
73
81
85
83
80
88
76
82
78
73
74
70
86
73
62
70
76
71
55
62
79
64
52
73
55
66
63
75
58
59
67
83
70
67
59
54
60
54
47
69
47
47
58
63
66
56
56
47
51
68
59
46
55
54
65
42
58
66
48
50
66
50
63
43
61
51
57
52
36
47
40
39
39
44
32
48
40
46
35
43
42
32
37
50
49
36
50
49
41
41
41
36
37
44
34
41
52
40
46
40
31
58
51
46
27
47
35
40
36
36
47
28
35
39
30
44
42
41
30
38
39
35
33
33
27
29
29
37
50
36
35
32
38
32
36
38
38
38
29
35
36
30
41
27
32
27
34
48
31
31
27
28
25
29
31
22
34
41
33
33
31
28
32
33
37
28
27
26
26
32
46
22
31
39
20
29
23
24
39
30
29
26
32
19
27
20
33
27
28
29
31
28
30
18
34
32
23
25
34
23
27
18
26
15
13
28
15
30
25
23
22
17
26
29
20
28
19
20
14
34
28
16
29
20
29
28
20
10
25
24
19
18
23
30
31
28
31
27
21
25
25
24
25
18
24
30
15
25
20
16
20
18
20
20
20
20
19
27
17
31
25
14
26
22
14
13
20
18
21
20
23
26
20
23
13
23
29
15
20
25
20
22
19
23
21
20
24
16
17
19
20
20
20
27
14
19
18
17
20
26
20
14
7
18
20
14
26
22
11
25
22
20
21
20
15
27
19
14
13
20
14
23
13
23
19
14
20
17
17
13
10
20
18
15
26
18
17
19
17
16
19
10
12
16
19
12
22
19
18
14
30
18
12
15
18
20
17
16
23
26
17
18
18
10
18
14
14
19
7
16
32
8
21
15
16
16
15
17
21
16
16
21
20
20
18
16
11
13
20
13
20
14
18
19
19
16
17
17
14
17
15
17
21
10
10
13
15
19
17
15
14
18
15
8
13
16
19
21
14
20
14
14
10
18
10
19
10
20
10
15
18
16
17
13
9
8
13
19
16
22
20
18
18
15
14
26
14
14
14
17
17
13
16
19
18
14
15
13
20
18
6
14
19
25
7
18
17
12
21
14
16
12
16
22
19
16
18
15
19
19
16
18
18
17
18
12
17
17
19
16
15
22
12
21
12
15
9
20
18
26
10
21
14
13
26
20
9
16
16
12
20
9
23
21
25
11
16
15
19
9
13
13
19
15
19
17
9
21
14
17
20
19
12
20
13
20
20
16
23
17
13
13
23
19
21
21
11
15
13
10
12
22
12
15
11
16
8
15
18
17
12
15
14
19
17
12
23
12
16
14
11
11
15
20
16
17
15
14
21
8
17
11
11
21
19
15
15
15
14
12
14
11
16
12
17
20
10
16
18
28
27
15
20
18
10
19
29
9
14
19
13
16
24
12
15
15
17
17
18
15
21
13
13
10
19
17
7
11
19
14
16
18
12
12
14
13
16
17
18
10
11
19
16
25
13
23
19
16
18
15
13
13
14
11
18
15
17
14
10
19
18
8
15
15
12
15
11
22
13
18
10
18
7
11
14
16
12
15
20
18
14
12
11
7
18
12
8
12
11
10
13
14
13
19
14
14
16
15
13
17
11
14
16
17
16
17
13
11
22
12
16
16
15
17
10
27
10
7
14
14
17
16
12
9
23
20
13
22
14
15
14
6
9
16
15
30
19
8
8
7
10
13
20
23
13
18
18
11
15
16
11
13
13
10
14
11
12
11
13
15
11
16
19
19
14
15
10
12
10
15
14
14
14
15
10
9
7
7
17
10
13
12
8
14
12
12
15
13
11
11
10
11
16
19
10
10
13
9
11
11
11
12
18
11
16
15
9
8
10
11
10
12
10
9
11
9
8
12
11
5
14
14
10
12
12
10
13
10
8
19
8
8
7
15
13
14
6
12
12
12
17
12
16
15
15
10
14
9
13
11
8
14
12
14
3
13
14
10
11
16
10
12
13
8
6
11
12
9
13
9
10
12
13
12
8
5
10
8
8
15
4
7
14
11
13
15
6
14
8
13
5
10
11
8
13
14
7
13
15
11
4
12
6
9
10
7
9
9
8
9
10
9
10
17
4
10
10
16
7
10
7
7
8
11
10
8
16
8
14
10
9
8
9
9
14
6
5
19
11
8
7
5
12
10
10
10
5
16
14
11
10
7
11
9
7
8
7
8
17
10
11
6
12
11
9
13
8
18
8
11
6
11
10
7
11
9
11
8
8
3
6
4
13
5
12
9
15
7
7
10
11
9
16
9
4
6
13
9
10
4
5
9
14
7
4
13
10
6
13
16
7
6
3
8
5
9
9
9
6
9
10
12
6
7
12
9
4
6
6
11
11
14
8
15
8
9
6
8
16
6
8
15
8
5
11
5
7
7
9
6
14
3
7
8
15
5
7
8
10
8
8
7
9
7
11
7
5
13
7
9
13
12
6
8
10
2
9
6
11
3
5
12
9
6
1
5
11
8
10
7
9
9
12
11
12
13
8
11
9
7
12
6
9
2
7
6
8
5
10
4
6
2
9
10
14
6
9
10
11
10
7
4
4
7
9
10
4
5
7
6
4
8
5
6
4
8
6
9
6
5
7
14
10
8
3
13
7
10
4
9
8
14
6
9
8
10
11
6
9
7
2
10
3
7
8
9
6
5
6
8
10
5
6
2
8
5
4
2
6
9
6
5
6
9
11
11
11
6
10
5
10
5
2
10
6
5
11
7
7
9
6
4
8
9
9
7
4
10
10
7
2
7
4
5
2
3
5
3
7
5
9
9
6
9
5
8
11
1
8
5
6
6
6
4
5
4
10
9
6
11
4
9
3
4
7
9
5
6
3
8
9
5
5
4
6
4
6
10
5
7
6
5
7
4
8
5
6
7
3
2
10
7
6
7
7
7
5
4
5
3
7
6
12
13
10
4
9
7
9
5
2
8
2
7
6
7
8
2
4
5
4
6
8
3
6
3
0
7
5
6
5
5
7
2
4
4
3
4
4
13
4
6
4
2
10
7
5
4
3
9
10
5
5
11
5
12
5
8
3
5
3
7
4
4
7
5
5
3
5
4
4
5
10
6
2
7
2
4
1
5
3
6
6
1
3
6
3
9
7
3
5
5
6
4
7
2
6
3
3
7
4
5
4
12
5
5
7
6
3
4
4
2
3
4
4
3
1
2
2
5
4
7
4
4
3
2
3
4
3
3
2
3
7
8
4
6
5
2
4
2
2
4
1
1
6
2
4
3
7
3
1
5
5
6
2
6
2
4
5
1
6
8
4
9
3
4
6
2
3
5
3
4
4
5
6
3
9
1
2
4
4
8
5
4
6
3
0
3
5
4
3
4
3
4
1
8
6
7
4
84
79
94
92
105
96
87
84
97
79
89
88
79
92
85
83
97
77
86
96
103
90
100
75
84
84
79
90
84
80
81
82
80
83
76
99
78
88
85
77
84
98
81
79
87
94
87
87
83
90
78
86
87
80
85
77
93
78
71
96
89
82
65
64
81
92
79
89
73
77
71
87
76
68
88
80
73
82
76
86
75
87
82
70
90
69
82
62
74
83
75
88
88
86
77
81
93
88
83
72
79
76
87
82
76
72
95
66
83
76
76
79
86
82
63
83
76
80
63
75
84
84
86
88
80
81
81
37
