0
0
0
0
0
0
0
0
0
0
0
0
0
0
0
0
0
0
0
0
0
0
0
0
0
0
0
0
0
0
0
0
0
0
0
0
0
0
0
0
0
0
0
0
1
3
2
0
2
4
2
1
3
3
1
5
2
4
3
3
4
3
1
3
6
4
1
4
3
2
8
3
9
5
10
4
6
14
15
12
16
16
18
24
28
27
34
38
54
49
73
78
92
124
133
192
218
215
278
337
380
478
609
687
905
1078
1330
1388
1224
1036
852
687
473
192
82
62
76
78
95
113
138
142
168
200
207
222
283
300
318
321
352
374
359
448
415
416
371
387
331
293
255
229
187
182
146
142
137
187
183
218
253
286
317
294
359
345
352
378
334
344
286
246
227
206
183
152
189
175
215
244
278
270
286
325
294
307
340
286
241
211
200
181
202
223
220
242
301
286
294
289
285
268
298
265
258
231
228
194
221
235
280
263
290
305
266
272
264
275
273
230
245
210
201
232
249
261
263
274
282
274
280
251
259
231
241
223
234
237
246
224
272
267
286
271
297
261
272
265
255
246
244
234
256
239
247
256
246
244
263
275
275
273
310
298
264
259
261
264
237
257
231
258
249
275
262
255
265
269
271
248
282
275
274
250
259
277
246
231
241
250
248
227
260
249
251
297
257
256
266
245
255
250
272
233
254
267
261
269
268
241
259
265
284
275
274
259
255
246
235
252
256
281
266
276
256
267
297
274
253
239
276
282
264
269
267
277
254
273
253
273
253
255
264
245
249
295
279
294
259
279
275
245
297
266
258
279
253
256
288
259
276
266
291
233
278
293
277
288
279
302
293
291
258
285
282
297
296
291
276
292
283
254
254
299
281
314
291
298
253
289
278
278
255
307
257
295
286
263
294
246
266
261
272
275
273
268
276
238
269
255
296
263
294
250
281
270
299
266
282
247
282
274
276
281
267
249
252
269
286
275
272
269
296
289
295
255
285
280
265
268
275
285
288
293
262
302
258
270
278
285
274
270
311
287
270
322
259
257
275
281
279
272
257
293
295
267
250
304
278
236
248
287
254
282
294
315
250
280
261
293
263
261
257
304
284
268
265
255
279
293
296
264
284
280
289
273
264
270
260
283
263
282
269
268
288
248
279
298
276
257
269
262
272
277
266
261
272
286
266
281
289
260
282
273
248
289
291
306
302
286
298
289
299
278
266
297
296
291
289
227
279
253
252
298
258
313
301
307
287
284
301
327
284
270
295
267
290
259
289
308
272
295
285
299
278
307
255
312
273
276
301
320
281
285
247
309
300
286
306
307
260
298
244
281
290
293
283
263
298
267
283
290
258
294
292
272
293
264
285
272
265
285
280
303
298
281
297
249
253
285
261
278
259
259
250
296
272
250
274
256
279
260
261
243
293
299
278
286
285
299
270
289
257
264
289
265
236
265
276
269
273
286
282
242
277
275
279
293
244
244
287
264
299
277
265
271
272
244
290
273
292
292
272
250
255
259
256
270
278
278
278
275
271
262
272
281
257
267
262
280
280
238
285
291
260
246
290
260
267
253
269
291
275
279
285
256
262
268
261
303
265
264
283
260
271
261
255
273
277
286
305
246
272
273
264
273
290
250
292
256
258
273
257
252
237
271
277
266
282
290
243
283
288
274
229
264
255
270
240
290
277
302
230
260
292
266
260
267
238
261
247
242
234
240
299
264
249
241
275
282
236
240
285
255
261
275
283
271
255
243
251
240
236
284
236
224
274
259
261
288
257
263
228
267
254
271
231
268
258
231
256
253
241
244
269
262
260
263
262
251
269
247
264
262
275
259
247
255
280
264
237
269
268
274
254
236
251
232
251
246
225
234
274
266
257
253
244
235
236
247
262
255
255
266
257
250
255
263
251
254
267
267
259
253
255
244
261
235
250
250
273
251
256
233
236
262
304
258
255
276
264
240
255
245
243
268
252
242
249
247
279
263
250
220
251
261
230
265
235
234
252
248
221
243
238
269
258
254
253
258
237
273
263
256
240
242
277
237
275
252
272
234
214
249
235
300
244
242
271
252
256
229
262
233
239
247
240
272
230
233
267
237
243
271
242
259
248
256
268
255
264
265
279
239
238
242
252
248
262
260
248
257
227
226
274
254
269
254
249
271
280
273
265
233
254
274
234
247
238
257
248
276
247
241
255
261
259
244
255
234
258
262
235
272
245
277
259
254
254
251
256
268
272
265
285
275
266
243
278
304
311
299
271
278
280
266
302
325
289
292
300
294
300
310
305
311
306
307
310
293
290
335
315
329
316
320
290
330
320
296
292
312
318
307
316
336
307
294
327
285
313
268
306
313
299
322
315
240
292
279
267
272
292
266
249
285
297
263
297
288
271
291
254
257
284
287
291
278
286
257
252
237
256
233
272
248
256
230
264
253
283
268
252
277
252
270
239
254
258
258
265
267
232
237
252
250
251
224
249
225
256
233
236
213
207
268
240
232
246
236
249
214
215
237
217
219
212
201
244
214
255
225
224
268
246
238
234
251
219
235
222
250
243
194
219
229
211
220
226
217
248
213
244
262
225
229
242
256
247
277
249
255
240
244
247
210
252
230
222
234
252
221
217
248
235
202
246
218
240
205
226
228
242
232
212
212
221
230
208
185
237
198
217
230
216
200
224
223
212
213
198
215
203
204
217
206
227
228
249
198
207
222
237
218
224
204
247
179
218
197
228
195
209
212
207
192
196
207
214
220
205
213
194
212
205
231
205
238
191
204
201
224
216
196
196
211
201
225
202
186
237
219
212
222
204
216
184
194
210
199
231
188
199
199
194
203
193
205
205
191
201
209
204
207
213
178
172
225
198
223
186
224
222
193
207
194
197
187
212
205
191
208
207
177
205
209
194
199
207
212
213
212
184
197
206
225
204
217
197
178
188
198
189
217
182
210
204
217
215
223
197
195
204
210
201
202
218
208
205
213
218
179
214
204
203
180
178
207
183
188
180
222
193
177
194
178
217
186
187
176
222
207
218
205
178
171
199
199
194
187
217
209
188
205
220
178
185
181
233
220
195
191
190
166
163
181
176
191
196
170
196
199
184
181
186
169
174
190
178
175
189
172
181
178
192
198
195
176
188
187
188
192
187
202
179
178
211
224
180
191
200
190
191
180
173
182
201
173
187
204
185
181
195
205
182
202
184
192
200
186
184
205
202
193
195
181
187
177
174
183
179
189
203
199
176
202
208
211
204
205
236
202
211
194
184
210
204
195
180
189
202
203
177
187
187
206
161
216
182
202
210
206
205
193
178
165
167
197
204
195
184
172
191
182
178
203
181
170
184
199
195
195
182
206
196
193
197
188
178
193
182
173
166
189
187
193
168
160
191
161
165
198
179
188
200
206
196
212
174
194
177
189
187
196
199
189
233
222
218
225
213
201
191
224
185
193
212
178
185
192
203
193
217
208
158
197
192
168
197
202
176
161
195
177
205
179
201
198
168
169
170
179
169
205
204
186
168
206
188
184
203
169
181
176
178
182
180
164
190
194
175
192
177
171
174
217
196
184
188
184
181
183
186
194
196
170
196
172
186
171
180
177
172
174
207
178
179
171
175
172
185
197
190
195
184
183
179
205
173
188
197
157
199
172
190
202
194
188
179
181
196
187
206
172
192
200
194
198
176
179
186
173
208
206
188
173
192
202
179
197
170
206
186
193
210
195
177
185
190
185
185
185
184
182
179
181
188
198
198
182
213
186
199
193
179
186
187
169
213
175
167
169
146
171
200
186
169
183
176
158
185
203
184
191
179
170
165
174
180
204
176
204
181
176
185
177
194
182
182
184
174
160
198
188
191
203
195
162
178
199
178
181
194
197
158
200
179
162
197
187
180
182
188
187
194
211
214
189
165
187
184
193
197
177
200
196
210
188
184
166
185
179
202
181
187
147
188
201
153
176
169
195
159
176
177
170
175
187
187
181
179
162
166
165
175
177
175
172
176
164
194
177
174
166
181
190
164
187
163
183
144
189
179
178
196
179
174
171
199
180
183
171
172
176
173
176
170
178
176
188
180
174
175
166
190
185
190
166
144
169
181
175
163
169
187
175
190
186
161
144
177
169
174
155
165
142
180
168
190
164
195
178
171
186
170
157
158
179
156
171
173
157
157
165
161
170
184
148
156
175
167
186
175
164
182
174
171
179
166
182
178
173
158
188
164
167
186
197
181
207
160
178
168
178
159
153
195
168
190
153
166
167
172
172
172
167
165
191
178
158
194
167
170
189
181
185
164
188
160
175
174
163
162
175
176
149
162
183
172
175
162
156
182
175
164
199
173
175
184
163
154
169
158
181
146
176
147
174
142
146
179
149
186
143
180
150
153
201
168
170
152
177
197
174
179
180
167
165
190
170
160
155
185
163
193
148
169
165
183
169
193
154
185
159
172
147
187
144
168
156
172
177
181
161
184
182
160
167
149
162
149
169
162
161
161
144
179
160
166
135
168
162
177
163
157
167
176
173
197
139
164
136
172
155
151
155
177
163
157
161
154
178
145
167
190
162
171
174
171
167
141
160
144
157
175
166
149
163
178
179
155
168
166
161
155
152
162
170
145
138
169
143
164
168
163
165
163
159
163
155
167
177
157
169
170
170
178
143
146
158
161
153
143
162
156
159
148
137
196
160
166
169
154
160
183
155
162
167
150
156
144
150
173
161
149
163
163
172
158
172
158
172
172
172
174
136
161
149
158
165
161
157
146
160
164
176
151
137
160
164
167
186
166
134
142
176
160
146
161
161
155
163
159
159
172
164
169
176
167
164
171
168
162
144
156
152
155
177
155
145
164
163
146
147
158
165
132
169
160
142
139
153
140
142
149
155
157
173
172
167
175
163
169
184
146
158
166
157
154
162
173
170
162
183
153
154
168
143
174
139
157
166
172
135
164
139
167
170
154
152
158
157
177
159
173
153
142
146
163
165
152
167
136
177
146
156
174
139
147
153
155
176
152
159
159
167
159
161
131
151
176
150
165
161
152
156
150
152
146
156
152
178
152
156
149
149
152
162
159
155
154
159
148
150
137
163
144
146
162
168
166
162
161
147
164
153
146
143
135
137
161
167
137
150
147
166
143
148
151
154
149
151
169
159
171
160
158
140
173
151
160
172
151
177
157
155
155
167
146
153
149
161
172
155
161
160
156
162
150
160
160
152
152
160
151
154
173
169
153
152
138
136
171
161
153
174
125
167
159
158
136
165
162
159
144
152
154
153
162
148
143
185
144
158
151
162
149
164
150
159
151
145
144
146
171
142
153
164
149
139
145
129
164
155
140
148
135
155
153
164
132
155
131
153
173
126
157
148
171
154
118
148
139
184
165
166
138
143
137
167
152
162
162
149
147
152
147
150
155
142
135
188
164
155
143
144
167
155
155
153
168
139
147
154
127
160
161
155
152
162
168
165
149
135
152
160
148
162
158
154
148
144
138
174
173
158
148
159
144
152
160
146
165
113
157
156
157
138
185
140
131
139
154
160
157
165
153
156
160
156
167
161
153
163
153
155
148
157
143
145
145
149
141
144
150
169
122
163
138
131
160
134
156
175
146
145
145
136
161
168
131
156
152
144
139
134
175
153
142
141
151
165
150
172
157
149
159
147
145
160
140
169
150
150
134
170
178
146
146
136
153
168
165
156
152
153
156
139
124
172
156
174
153
137
174
152
169
159
149
173
152
175
183
173
192
182
203
191
185
177
200
200
211
177
196
166
169
173
178
166
181
152
142
156
162
162
130
153
149
152
159
155
143
149
158
123
141
150
155
134
156
158
163
157
142
168
131
167
158
146
166
150
151
147
148
144
152
141
147
139
142
150
137
135
134
159
154
139
159
146
153
142
138
138
139
166
150
117
138
155
160
142
136
146
150
162
128
142
154
173
159
142
139
142
133
142
153
149
129
169
145
127
138
150
149
148
146
142
139
161
179
152
152
146
152
145
158
139
152
147
153
149
137
162
138
135
140
144
157
137
163
159
146
130
172
145
173
157
149
146
136
169
147
146
138
150
159
130
157
137
128
145
142
155
162
132
147
148
135
114
146
175
162
157
124
138
156
138
154
154
129
154
150
154
128
156
128
133
147
134
137
165
169
143
138
149
132
167
148
143
153
136
174
142
173
137
158
157
176
135
136
159
158
144
156
165
143
157
137
152
149
155
145
136
140
150
149
137
169
168
149
135
143
160
146
165
161
150
135
124
147
136
158
131
144
144
166
142
160
140
125
169
143
145
158
160
170
138
159
152
135
138
143
148
150
158
160
162
146
136
142
128
139
162
133
155
141
150
145
139
175
135
128
159
155
152
155
124
129
147
142
157
151
168
145
160
144
152
128
140
153
133
167
123
164
144
136
140
153
137
122
130
150
153
152
160
139
151
146
154
147
160
144
148
156
146
153
146
126
128
149
147
151
136
149
154
157
134
142
156
137
127
129
129
157
160
142
153
143
130
143
143
127
165
143
131
139
142
157
139
138
153
151
139
168
160
132
157
157
142
132
169
147
172
154
126
144
147
156
129
143
170
150
153
155
158
162
190
146
189
176
165
154
145
132
148
143
124
151
127
150
130
148
137
123
168
142
167
141
149
149
154
145
151
144
135
129
138
141
126
151
143
144
132
151
155
145
157
149
160
146
152
144
142
174
159
161
151
149
140
155
151
167
141
142
138
162
146
152
144
153
149
158
135
150
139
158
160
132
168
151
164
164
147
136
137
168
149
150
140
137
156
138
131
136
134
160
143
164
139
148
137
142
156
143
149
136
158
158
150
143
152
148
153
145
144
158
154
146
142
140
140
118
152
157
157
140
161
186
162
151
154
147
147
145
176
156
156
173
174
174
168
166
177
183
160
152
153
172
147
143
134
142
146
132
164
136
135
148
166
146
142
150
159
141
147
129
151
135
142
160
141
163
147
155
158
128
147
131
175
135
134
148
160
142
134
176
128
139
137
123
158
146
181
146
159
128
126
151
137
127
163
127
125
151
148
175
163
127
151
143
149
138
124
150
153
170
152
133
152
134
154
136
133
129
131
153
134
146
135
143
129
164
135
167
144
153
135
146
148
132
148
150
151
164
157
148
132
146
148
144
160
161
134
161
178
164
171
138
138
147
128
153
161
147
124
149
158
150
142
151
161
140
159
153
164
184
137
170
133
151
151
131
137
143
172
145
163
145
152
150
145
137
133
154
135
134
138
152
124
160
156
131
130
148
161
143
152
143
163
145
140
152
144
127
160
140
138
159
150
141
143
129
149
135
130
141
147
160
154
165
143
136
148
127
137
143
133
157
130
135
123
137
150
145
137
152
139
151
152
146
146
161
157
144
137
150
132
128
143
156
131
159
156
140
138
147
168
138
153
135
146
141
129
145
116
141
145
131
133
138
148
159
148
151
142
121
156
167
144
145
158
161
138
142
156
146
132
170
131
136
168
150
152
146
143
164
141
173
141
165
136
154
165
148
137
147
165
150
158
153
137
158
150
156
147
152
159
159
157
146
135
145
131
148
141
146
127
161
142
152
163
156
132
163
157
126
134
168
135
147
143
156
139
162
157
153
150
157
161
170
142
163
147
150
158
178
142
150
160
141
146
138
142
131
154
132
137
139
167
148
127
157
138
151
146
157
137
171
147
163
153
154
126
152
166
135
172
164
163
178
152
135
130
133
161
149
155
148
163
142
142
146
176
155
134
145
164
147
138
157
146
156
155
136
139
136
153
130
149
142
153
149
149
164
158
141
125
187
149
138
167
157
156
148
138
173
150
159
165
142
164
137
134
168
161
137
142
136
157
145
161
157
162
162
152
151
163
158
149
160
143
147
158
119
154
158
149
158
143
153
152
145
141
135
157
159
158
166
158
158
155
162
139
134
149
146
146
136
136
150
148
160
145
162
169
163
150
168
169
181
148
149
157
159
140
138
167
139
185
156
141
158
148
144
130
162
149
146
138
150
175
142
153
162
140
143
154
162
169
159
180
147
150
135
121
146
155
151
141
181
175
154
145
151
147
153
154
151
147
157
138
143
146
140
176
154
154
151
117
162
162
163
137
148
145
140
165
156
161
159
161
126
160
132
144
155
137
161
140
171
159
145
134
148
152
157
155
157
166
153
164
150
142
145
157
160
164
144
152
154
146
150
147
146
137
155
144
165
173
155
135
147
170
142
166
162
150
161
152
152
158
162
146
162
143
154
172
144
181
150
149
169
167
168
166
161
164
172
149
138
156
147
139
172
146
158
149
159
156
148
141
152
156
166
180
160
145
146
156
137
150
149
141
170
163
157
165
148
150
152
158
164
167
166
166
166
176
147
144
141
165
139
178
170
146
135
162
159
143
139
138
170
179
182
165
153
157
158
145
146
142
149
155
150
146
160
140
154
135
150
160
151
155
149
177
162
145
161
139
164
168
165
151
166
159
173
171
153
161
158
159
135
162
162
155
151
167
162
172
170
131
151
153
165
151
150
158
155
140
181
174
148
161
171
149
125
164
180
162
147
151
171
138
146
162
143
162
164
141
175
153
170
165
174
157
154
144
155
163
159
155
142
180
157
160
183
152
170
132
165
146
167
145
162
165
137
162
164
158
140
179
141
166
152
148
164
144
172
147
146
161
166
167
155
178
165
173
157
181
191
153
170
151
168
148
139
154
162
157
164
164
174
156
161
164
161
177
159
148
174
187
162
169
163
162
160
168
147
169
156
152
160
142
154
166
157
150
151
170
158
156
157
158
160
184
147
170
156
171
187
154
146
157
165
164
165
150
162
152
160
167
171
162
168
194
156
162
134
169
156
160
161
153
161
165
165
180
162
164
177
163
164
161
157
179
165
172
152
149
160
154
164
165
133
173
154
170
165
155
151
179
170
170
165
142
169
172
188
185
159
183
160
166
164
198
170
187
173
145
176
152
176
172
154
165
177
136
197
176
157
181
177
169
179
162
139
176
179
141
163
146
189
173
182
169
162
160
139
198
156
157
157
174
164
182
171
147
151
154
171
158
171
186
180
171
164
171
168
140
149
158
160
164
175
181
136
197
174
162
162
165
166
160
172
161
171
188
158
162
174
152
167
176
170
153
173
167
166
179
160
174
157
160
168
148
185
196
161
174
152
183
187
168
200
162
158
149
171
183
163
189
187
164
185
172
173
184
182
163
157
187
189
183
164
172
162
143
163
170
191
191
169
149
161
183
141
186
177
171
169
175
150
186
170
156
181
167
174
168
155
177
172
169
157
179
176
176
195
179
154
160
178
174
164
170
159
161
153
167
178
161
185
195
170
180
188
194
217
186
175
216
193
174
188
205
182
174
190
183
168
196
174
185
186
165
173
179
214
139
170
165
150
167
163
202
156
189
183
180
163
195
180
184
201
202
186
174
169
182
169
185
169
204
162
182
179
181
204
194
188
165
178
183
174
193
165
180
154
164
157
174
179
210
188
190
178
182
179
167
162
144
178
171
184
185
177
183
181
201
186
182
181
185
168
187
191
174
151
207
191
193
151
185
165
198
182
158
181
175
185
164
194
183
181
174
201
174
175
173
192
209
183
204
151
181
180
174
183
170
185
215
204
172
163
181
189
201
198
198
182
171
177
202
170
178
180
193
173
187
176
172
180
178
196
182
190
159
181
181
177
187
200
151
183
195
203
199
174
177
198
185
215
175
182
162
191
191
212
201
210
167
176
199
196
177
173
164
177
190
172
196
181
162
203
176
171
203
207
201
189
186
195
192
180
186
173
203
179
170
171
191
207
191
183
159
179
186
179
181
190
195
191
170
171
195
168
176
192
190
178
187
199
217
216
195
176
166
184
186
173
172
196
197
207
205
195
155
222
217
184
183
192
192
206
212
187
189
200
234
161
198
199
201
190
200
166
177
203
204
174
190
206
200
189
183
195
212
213
220
191
194
199
195
176
203
189
185
191
196
212
189
196
209
206
188
186
187
180
216
206
209
202
212
190
208
163
186
223
203
221
228
185
197
201
215
167
215
207
221
212
190
186
219
192
206
207
218
218
220
200
187
203
212
202
182
181
189
210
205
200
211
173
193
197
225
190
219
215
187
214
231
197
197
201
201
213
199
217
195
216
227
232
201
199
227
191
207
238
187
212
214
206
235
193
209
215
196
209
196
193
216
195
188
201
215
207
197
196
224
216
218
222
188
218
214
218
211
188
202
230
225
200
229
227
235
207
194
204
206
201
205
181
235
209
215
201
181
211
207
232
210
201
221
220
190
219
234
211
202
222
210
210
232
215
194
210
221
190
231
196
214
213
218
215
225
190
219
189
217
203
225
218
213
225
226
211
203
215
238
180
229
219
227
214
205
194
224
251
223
233
227
215
220
241
226
229
201
205
220
245
228
218
237
210
214
222
206
224
216
232
217
223
209
230
232
196
207
225
223
229
211
227
229
215
207
217
225
220
212
242
254
211
250
210
199
226
221
203
226
236
204
219
225
250
198
226
210
246
228
222
201
234
247
207
215
204
238
231
265
228
223
202
245
212
225
237
232
213
220
207
223
225
247
202
239
232
255
229
241
234
238
242
249
242
220
235
264
226
243
207
209
218
233
263
258
216
215
195
220
205
261
226
236
246
252
229
269
229
212
238
244
233
229
253
235
220
247
227
259
221
237
224
238
255
225
210
255
239
232
227
242
233
243
263
233
237
230
250
230
253
215
237
244
245
225
215
264
243
221
221
220
252
211
240
219
226
251
218
244
249
260
222
254
251
223
251
241
249
231
253
218
251
222
232
221
238
233
255
225
244
232
243
239
234
228
227
229
231
247
237
274
251
227
261
216
226
247
253
233
250
256
216
239
230
231
228
210
230
267
235
232
264
222
235
228
258
242
217
258
256
232
265
245
263
243
226
234
212
222
248
224
231
232
224
226
210
246
240
221
254
235
239
237
229
206
211
193
206
218
211
243
208
212
231
218
197
209
228
219
207
190
219
213
197
238
223
229
205
206
217
174
214
206
212
219
214
211
214
199
196
187
216
209
206
201
190
186
166
182
206
199
185
183
182
193
184
202
188
163
185
208
199
168
181
206
182
171
191
174
213
189
188
181
189
175
201
202
199
182
179
175
179
205
190
185
171
195
176
174
162
171
196
192
161
179
208
186
175
197
210
202
178
151
192
156
186
185
151
170
172
191
191
179
175
181
187
158
187
176
200
182
175
164
157
154
177
190
177
185
181
192
170
195
187
167
160
171
195
193
209
195
181
191
175
175
182
189
165
155
178
177
185
178
165
198
171
164
177
176
197
160
154
188
157
186
177
173
192
175
177
180
203
164
188
152
167
177
193
174
160
182
159
184
175
186
176
164
151
166
153
176
164
188
162
172
162
183
175
177
185
161
172
189
157
161
173
161
189
180
185
167
175
221
166
206
164
192
175
175
184
158
176
180
180
209
176
185
157
175
171
159
159
181
166
169
160
148
179
166
173
173
155
154
183
164
161
164
173
161
190
167
199
179
162
183
155
169
168
152
180
166
196
156
149
157
164
160
179
161
172
154
181
156
170
169
155
165
160
165
164
201
178
155
182
163
190
163
151
178
162
156
166
155
161
150
175
182
164
185
137
187
172
182
164
169
172
174
156
179
163
173
173
157
166
164
179
167
133
150
191
177
172
167
177
160
140
165
159
164
161
168
187
160
163
160
153
177
196
140
173
175
161
177
155
182
164
155
158
173
163
152
186
169
157
183
169
161
183
158
159
164
170
145
155
166
167
154
172
152
156
169
164
142
173
145
161
172
157
170
151
157
164
151
159
168
167
160
155
168
150
161
146
162
145
185
145
149
157
131
129
156
169
175
166
159
169
153
172
143
149
143
135
140
138
154
164
161
158
149
149
164
152
158
157
154
168
158
147
160
151
162
152
166
176
183
170
184
154
164
190
162
148
159
180
171
144
168
164
158
146
158
156
145
154
135
163
173
153
164
154
159
164
140
177
145
173
159
162
148
165
175
142
157
182
153
182
148
162
136
148
174
158
183
153
154
149
165
146
134
155
126
164
149
165
165
162
141
157
154
156
158
157
135
115
162
139
141
158
159
182
160
151
138
149
138
145
149
160
146
169
140
141
166
167
169
142
165
141
150
154
157
131
145
151
194
152
149
154
168
155
147
133
150
152
180
160
163
162
141
166
146
178
144
167
153
150
143
146
167
145
153
145
162
161
157
155
176
145
157
169
140
145
142
162
150
157
159
153
155
172
172
131
159
172
149
151
151
177
135
163
174
154
149
158
159
151
131
140
169
146
169
125
169
147
137
149
174
153
169
160
160
160
169
151
145
175
182
166
153
164
167
171
155
127
143
165
145
153
145
137
156
172
160
150
163
168
167
161
151
134
139
152
167
161
150
160
157
156
163
155
173
157
131
163
148
135
156
166
164
146
156
156
135
143
141
151
146
156
158
144
173
147
163
161
146
162
151
175
142
141
172
163
181
168
167
140
168
159
151
153
140
145
142
181
158
156
165
149
164
145
155
151
168
139
147
152
150
162
166
148
145
177
158
173
164
149
170
179
145
146
157
163
165
173
150
160
161
166
180
163
149
156
170
159
137
171
144
181
170
172
169
129
141
142
177
138
162
163
154
157
151
170
164
167
185
163
132
147
130
154
172
145
148
128
148
146
150
154
142
159
139
161
168
147
151
134
161
144
150
138
148
135
144
155
145
144
151
154
131
147
150
159
152
146
135
148
133
127
156
125
130
146
148
127
126
121
118
126
121
139
140
128
126
107
117
144
109
116
118
103
104
105
116
99
124
105
123
119
113
111
95
99
110
112
102
128
116
106
94
106
91
123
106
113
100
100
96
95
91
102
92
109
88
102
119
93
102
99
99
99
94
98
124
103
120
86
100
95
83
111
76
86
100
130
112
116
96
112
107
94
89
96
86
90
88
96
90
82
112
91
80
91
94
96
95
89
110
94
97
92
112
90
81
88
84
88
106
107
96
91
74
92
90
78
101
115
88
100
96
110
84
100
109
95
111
103
109
78
91
94
82
93
94
83
101
84
88
82
104
76
90
105
87
86
92
75
75
108
84
98
89
105
89
99
109
93
87
74
99
104
98
94
79
80
83
85
76
98
80
94
88
75
88
86
83
95
82
95
78
96
111
101
86
74
81
80
69
108
119
102
112
107
83
92
108
84
100
100
113
79
102
90
116
114
104
123
110
114
112
118
99
115
129
121
94
95
93
120
107
123
116
104
96
113
126
122
101
116
110
119
119
112
144
117
130
112
136
117
134
146
126
132
123
140
118
138
128
133
131
124
161
139
131
142
168
151
160
135
181
140
173
187
172
164
179
175
193
168
222
207
248
264
323
469
735
1088
1680
2439
3420
4540
5570
6528
7145
7457
7117
6481
5559
4572
3509
2740
2080
1551
1289
954
769
575
452
361
319
220
202
157
145
126
88
96
103
80
71
86
76
73
80
74
73
62
80
53
70
76
61
57
56
52
69
60
58
62
56
68
52
65
59
56
62
46
62
59
60
49
55
52
59
60
69
51
49
52
48
56
51
59
54
54
61
72
54
65
60
52
54
47
41
67
50
55
53
51
49
77
48
40
56
44
48
48
53
53
60
48
47
44
50
65
45
53
55
50
48
49
53
63
46
48
46
47
51
56
40
54
49
63
54
48
48
46
45
47
44
50
35
43
41
57
47
46
42
44
55
47
42
48
43
44
54
51
55
48
49
38
54
39
38
40
43
52
47
35
40
46
46
47
31
41
43
43
47
37
47
43
41
36
42
38
32
45
42
37
48
44
38
39
43
48
49
34
44
55
37
39
39
39
35
30
36
32
44
39
38
24
37
33
36
45
32
35
40
29
48
36
41
32
28
33
41
37
47
34
30
22
29
42
25
34
33
21
44
32
40
30
38
32
31
26
33
27
33
31
29
29
36
31
33
32
26
40
37
25
36
36
25
26
34
36
28
37
33
32
37
18
33
22
35
24
32
37
24
33
29
29
33
28
27
31
22
24
26
35
25
23
26
29
38
22
27
30
37
24
25
29
29
27
29
34
22
33
36
30
28
32
33
31
27
27
23
26
27
24
26
28
34
23
32
19
26
26
25
27
36
22
30
26
21
26
35
31
26
30
23
37
26
26
23
29
21
26
32
33
21
22
29
22
36
15
21
29
31
31
22
30
26
19
23
31
23
21
17
13
21
22
14
22
18
23
18
21
26
18
29
18
27
14
23
25
34
22
17
19
24
23
18
24
24
18
29
24
25
18
15
22
23
21
15
25
26
25
20
16
19
20
22
18
19
19
27
18
18
14
29
14
23
18
17
11
21
15
22
17
21
20
13
15
24
19
16
21
22
18
12
18
21
22
17
22
15
22
20
26
24
16
20
20
12
21
16
17
21
28
11
30
19
18
15
29
16
23
12
28
22
14
16
22
19
20
16
18
24
20
18
16
11
20
19
15
25
22
18
19
9
14
6
18
18
27
20
17
15
19
13
20
16
18
29
19
19
25
20
19
19
20
21
19
14
17
20
18
16
11
13
16
23
22
25
29
31
31
28
38
39
33
33
36
32
26
22
34
19
12
14
18
20
21
14
22
11
21
22
19
11
13
28
15
18
28
19
20
19
18
18
17
19
10
14
16
22
20
15
17
27
14
15
23
18
14
18
22
15
13
17
15
20
17
22
22
17
18
18
13
15
16
24
19
13
13
6
19
25
8
19
22
20
14
16
22
21
13
17
23
20
26
14
17
19
9
15
15
17
17
19
18
18
18
17
19
18
17
10
19
20
17
8
15
17
20
20
16
18
14
21
13
17
13
27
20
19
13
20
14
19
12
19
15
14
20
21
16
12
16
17
9
17
12
16
14
9
20
18
25
16
11
12
17
16
16
23
23
10
14
16
17
19
16
12
13
11
23
19
17
12
13
23
14
13
22
17
17
17
17
10
17
11
13
20
16
15
20
25
19
19
16
17
20
17
24
12
18
16
16
19
22
18
23
23
21
21
33
23
31
30
24
24
29
23
31
24
29
32
32
24
32
33
21
27
37
27
33
37
35
34
32
47
43
46
42
39
29
51
42
41
49
36
31
53
68
48
53
59
45
45
50
59
47
39
47
68
60
60
51
60
47
45
71
64
66
73
90
72
65
64
78
80
79
89
65
86
77
95
102
89
115
101
98
99
112
117
125
126
131
122
160
199
268
320
514
879
1248
1819
2591
3519
4319
5235
6007
6277
6340
6053
5384
4709
3843
2934
2363
1727
1401
958
798
581
444
339
254
208
142
123
82
63
56
40
30
27
25
22
12
14
11
14
13
7
10
8
9
14
5
8
6
9
4
6
7
5
5
4
8
3
5
5
7
6
14
3
5
5
2
6
2
5
7
4
6
4
5
6
3
3
6
4
3
6
4
7
1
4
3
3
9
5
2
4
4
1
7
8
5
6
9
3
6
4
6
1
7
4
8
5
3
7
2
3
2
6
3
1
5
9
9
6
2
7
4
6
5
7
2
5
3
4
5
5
1
7
2
3
3
4
1
0
3
3
8
2
2
10
5
2
7
3
5
0
4
2
4
3
3
5
2
3
2
4
3
3
5
4
4
2
7
5
7
2
7
2
6
7
2
2
6
5
2
4
5
2
3
4
4
3
3
3
4
6
4
2
0
3
3
3
3
3
5
4
5
3
3
3
3
3
4
4
5
3
5
4
6
7
9
5
4
3
8
4
3
4
2
7
3
3
3
0
4
5
3
1
5
6
3
6
4
3
5
6
6
3
6
3
4
8
2
2
5
2
3
3
0
4
4
2
6
8
6
4
4
4
5
5
2
7
5
5
6
1
3
8
1
3
3
3
3
4
6
6
3
3
4
6
3
2
3
1
6
6
5
8
3
4
3
4
7
1
7
3
5
4
4
2
3
4
5
3
5
2
4
3
4
1
2
5
2
10
2
4
4
5
6
3
2
4
3
2
4
4
6
3
2
5
5
2
6
1
3
6
4
4
4
1
2
6
4
3
3
2
3
4
1
7
9
4
6
4
6
3
1
4
4
4
3
4
0
2
2
4
7
8
1
4
8
2
3
1
11
7
5
2
6
5
2
3
5
6
7
5
2
6
4
4
3
4
4
5
2
6
3
5
4
2
5
5
1
3
4
4
0
5
6
5
1
2
4
5
2
4
5
2
8
3
3
5
2
4
3
3
5
2
3
5
4
7
6
7
4
6
3
0
3
6
3
2
2
4
4
4
2
2
1
6
1
3
3
6
0
3
3
4
5
3
3
5
2
2
9
3
1
2
3
3
2
6
2
4
2
1
7
5
0
3
1
2
4
2
0
4
7
2
6
3
4
4
5
0
3
5
2
0
5
2
3
5
4
0
1
0
3
7
1
3
2
2
2
1
3
5
5
2
5
5
4
1
3
2
3
4
2
2
1
4
4
6
9
4
7
5
2
4
4
4
3
3
2
3
3
0
3
6
7
1
6
2
0
4
3
2
4
3
3
7
4
2
2
2
5
7
3
1
3
4
1
2
5
3
2
2
5
3
1
4
2
3
2
5
2
5
2
4
7
1
2
7
2
3
2
2
0
2
3
3
1
7
5
2
5
1
2
2
2
5
4
5
2
11
3
5
2
5
3
4
2
5
3
3
4
6
5
3
2
3
3
5
4
5
1
3
4
3
3
2
4
3
6
6
9
9
10
13
29
22
35
46
48
46
66
58
45
49
52
46
35
25
16
20
10
12
7
3
5
7
5
6
8
1
4
2
2
3
4
1
0
3
3
3
1
1
1
1
5
3
1
4
5
4
1
4
5
5
1
3
2
2
2
3
2
2
0
5
3
2
3
1
4
3
3
4
3
5
5
2
1
4
2
3
3
2
3
3
2
1
2
2
2
3
4
2
2
4
3
5
4
2
3
3
7
2
5
3
2
1
3
3
2
2
2
2
1
2
2
1
3
2
2
1
5
5
5
3
4
2
1
0
1
4
2
3
2
2
2
1
4
5
2
2
2
1
4
3
1
1
4
3
0
3
2
5
3
1
2
3
3
2
4
2
6
3
2
3
2
4
3
2
5
1
3
2
0
3
6
1
4
5
3
4
3
2
5
3
2
1
2
0
1
2
5
5
2
2
3
2
3
3
3
5
1
2
6
4
3
2
1
5
4
2
3
2
6
3
1
5
2
4
4
2
2
5
5
2
1
3
3
2
2
4
0
0
3
1
2
5
3
3
0
4
4
3
2
3
4
2
3
3
4
2
1
6
2
6
2
7
1
8
0
2
2
3
4
3
3
5
1
2
1
3
1
3
3
4
2
3
3
2
1
4
2
2
2
4
1
3
2
1
7
2
3
2
4
1
0
3
1
2
0
3
4
6
2
2
2
3
3
4
4
0
2
2
4
2
4
3
1
2
2
2
2
2
2
4
3
2
2
3
1
5
2
3
4
0
2
4
1
2
1
4
2
2
4
6
3
0
1
1
1
0
4
1
1
0
2
2
2
2
1
0
3
5
2
3
6
3
0
3
3
1
3
2
3
5
2
2
6
1
2
1
5
2
6
2
4
0
2
3
3
3
2
5
5
3
1
4
0
1
0
4
3
2
5
10
1
4
2
1
0
1
1
3
3
2
3
5
4
3
3
0
1
1
5
1
5
3
6
1
3
2
2
3
2
3
6
5
2
2
3
8
1
4
4
2
1
1
2
4
6
3
4
3
3
5
2
3
1
2
1
1
3
4
2
1
6
5
1
2
1
1
1
3
1
3
6
4
1
3
2
5
4
5
2
0
1
4
4
2
4
1
2
2
1
3
1
1
5
1
2
1
3
5
1
3
2
4
1
4
2
2
2
2
1
2
4
2
2
1
2
4
2
2
3
2
1
3
1
2
4
0
2
2
0
2
5
2
0
1
1
3
5
1
0
4
2
2
3
2
2
6
1
4
3
2
2
2
3
3
6
4
1
1
0
5
1
3
1
0
0
4
1
2
1
1
3
0
2
3
1
6
4
1
2
5
1
5
3
2
0
2
3
1
4
3
3
3
4
2
1
5
2
3
5
5
1
2
2
3
3
2
5
2
3
1
3
2
2
7
2
2
2
3
5
4
2
1
2
0
4
3
4
3
1
1
2
3
4
1
1
2
6
3
6
4
2
2
4
4
2
3
2
4
2
0
3
4
2
4
2
7
2
3
2
4
3
4
3
6
5
2
0
2
2
3
5
4
4
1
1
6
6
4
6
4
1
4
5
2
1
1
5
4
2
4
1
1
1
1
2
2
0
1
1
3
4
2
0
2
1
1
5
4
4
3
0
3
7
4
1
2
39
54
49
54
55
40
46
62
52
55
51
38
51
51
46
39
54
47
40
44
52
57
54
46
38
58
46
43
42
31
41
58
43
45
42
58
41
53
54
48
46
49
56
41
45
59
51
58
52
52
43
47
36
43
44
41
43
51
54
43
50
62
52
50
49
43
46
40
41
51
53
46
50
55
51
29
59
52
50
56
41
32
46
44
40
46
44
44
47
43
62
44
46
52
57
54
42
48
40
37
48
43
48
54
47
58
34
40
42
64
33
46
55
40
47
58
36
47
45
56
48
47
55
50
41
44
29
30
