5276
4199
3555
2944
2429
2120
1856
1557
1293
1181
1067
946
779
775
656
647
631
575
529
471
492
449
434
434
387
369
365
373
371
364
373
390
323
348
332
341
314
323
360
355
291
312
328
293
298
299
337
335
279
306
306
294
292
283
272
279
305
268
289
274
254
239
267
297
256
243
274
264
235
257
252
247
278
261
244
239
243
223
232
246
228
214
258
244
249
212
235
245
241
262
240
249
228
236
218
199
214
226
226
222
240
227
220
211
227
226
210
222
222
226
213
224
233
223
222
204
226
211
224
186
217
209
190
185
205
204
188
203
161
198
190
180
187
172
182
223
177
202
187
207
192
181
205
193
165
168
176
181
167
178
201
171
177
180
150
154
191
170
199
171
196
177
177
158
152
160
172
182
194
167
175
158
150
175
160
185
172
134
154
172
149
166
156
157
166
163
136
157
171
172
146
152
163
137
168
149
165
167
164
144
141
142
157
162
130
144
165
140
141
166
112
139
160
134
145
144
149
135
122
128
136
112
145
152
133
151
131
120
129
151
132
131
137
124
129
100
121
115
124
118
127
123
127
109
124
123
125
116
121
138
122
126
128
121
129
132
119
127
115
124
123
130
116
133
115
138
126
124
139
124
133
100
137
140
116
118
136
122
117
119
99
108
139
145
124
124
112
119
134
134
130
132
98
103
127
123
130
107
120
105
105
108
120
122
141
128
130
109
119
124
139
144
135
97
107
113
122
98
105
95
111
126
110
120
109
127
103
113
127
121
98
126
97
104
100
109
117
140
112
122
122
128
91
112
106
104
109
117
113
108
125
103
113
98
102
111
105
102
98
110
108
109
119
102
100
108
110
108
118
88
87
98
102
97
121
109
118
108
92
101
108
101
115
93
110
101
105
105
106
95
99
87
107
99
102
98
96
105
96
112
99
95
97
103
97
103
93
97
85
94
94
92
89
106
110
98
67
125
107
90
89
102
100
99
90
104
100
103
95
103
105
84
89
88
91
85
107
87
96
97
78
109
97
93
90
98
102
113
97
87
90
93
100
84
94
88
94
81
96
79
92
90
94
102
100
98
99
83
90
92
101
87
90
103
81
107
87
103
99
73
104
85
91
82
80
72
99
84
92
79
92
100
85
100
102
70
97
75
78
87
93
106
91
78
77
75
89
88
72
101
64
100
83
73
92
99
84
90
94
88
79
85
78
96
80
100
78
78
79
83
94
78
84
91
88
93
75
77
101
102
68
90
71
70
91
83
69
90
85
82
87
77
95
79
81
79
68
89
80
101
76
50
67
82
92
90
93
80
68
88
74
85
89
83
78
81
79
74
81
72
88
71
84
86
102
73
75
80
81
73
89
83
78
68
58
92
90
81
67
88
85
78
85
87
68
81
90
84
65
87
71
59
93
75
80
76
105
79
76
78
75
76
66
78
64
99
71
76
78
74
78
99
85
72
73
80
70
89
76
74
87
73
87
77
67
80
85
66
85
72
81
71
67
80
71
65
71
90
77
86
66
71
69
89
81
84
77
82
68
60
68
70
76
73
83
80
57
70
75
78
61
71
80
64
66
68
75
62
65
65
58
76
83
74
72
72
73
76
77
74
84
83
75
52
70
73
70
76
70
72
89
73
70
75
71
75
82
65
73
56
84
68
74
80
75
73
62
64
68
60
69
76
76
58
66
76
84
65
69
66
69
72
71
70
57
68
68
67
66
66
64
70
78
67
65
58
80
67
70
87
61
59
82
77
68
75
55
67
76
60
82
70
65
62
57
65
66
56
71
56
74
64
74
74
66
60
64
54
74
67
68
66
68
65
66
54
46
71
81
61
72
53
68
65
62
66
60
70
57
67
60
52
53
58
61
78
68
67
79
61
76
69
66
74
64
81
58
69
76
67
67
65
60
67
79
56
66
78
64
88
70
77
78
45
64
73
37
71
69
69
60
63
70
64
71
61
78
72
69
66
76
64
51
59
57
56
65
63
61
55
68
78
73
68
58
63
64
53
72
71
70
77
70
58
60
61
55
61
70
74
53
69
69
76
67
57
69
53
74
63
57
56
70
54
65
65
60
64
60
71
65
61
66
55
62
58
65
64
63
64
71
62
72
64
52
71
61
59
65
67
50
54
68
46
70
61
55
56
65
56
66
54
67
55
62
54
69
73
68
57
64
77
58
66
58
55
56
57
62
91
57
59
70
55
52
56
52
58
53
64
60
63
64
70
46
60
66
45
56
59
58
68
60
62
67
66
63
70
67
84
54
54
59
40
43
62
63
40
71
60
58
44
50
46
67
55
55
48
66
65
71
61
55
62
48
59
78
74
63
48
61
70
56
70
51
47
59
62
71
69
54
45
59
59
51
55
82
62
46
56
56
64
63
58
80
66
49
54
50
36
65
66
57
54
56
56
64
59
50
52
59
58
53
66
58
61
72
64
65
64
55
51
56
58
62
63
58
54
53
65
60
58
53
77
59
73
57
48
49
52
64
60
61
60
59
52
61
56
63
60
64
61
55
50
60
56
46
52
58
61
52
52
63
48
63
59
52
42
57
51
63
63
61
71
61
54
54
55
54
56
55
55
53
48
61
77
56
48
55
59
60
64
54
56
49
52
54
57
55
50
63
63
78
57
56
52
50
55
47
68
69
55
57
43
54
50
49
39
65
60
54
50
47
51
51
72
45
59
48
50
54
48
48
43
56
53
48
63
49
62
49
53
48
63
59
49
59
49
55
27
56
61
54
52
42
64
59
45
66
56
45
42
43
64
54
59
62
50
44
54
46
59
35
42
42
45
51
51
62
45
49
53
43
60
38
52
48
41
62
45
54
59
52
42
41
53
47
48
48
45
50
43
59
51
64
49
52
49
48
49
55
45
49
39
48
54
62
52
52
58
39
40
51
48
45
54
50
48
42
46
39
52
44
44
52
52
51
42
56
53
50
49
45
41
36
45
50
45
60
48
35
57
46
41
59
50
49
58
47
43
42
62
45
48
39
49
53
37
48
38
37
44
43
45
37
44
47
43
48
44
60
51
47
36
45
41
43
56
42
45
52
47
48
56
46
47
48
49
42
45
46
41
54
48
43
39
58
48
42
48
56
43
34
41
35
37
54
43
39
58
38
49
55
46
45
41
47
46
43
29
43
52
47
37
53
49
41
42
44
53
37
46
42
44
52
37
40
47
42
41
45
47
53
50
45
49
50
39
37
57
39
41
38
56
41
45
45
40
48
42
49
41
42
40
43
54
50
37
45
49
46
52
48
45
46
38
45
30
35
39
48
41
48
48
48
44
45
37
46
44
52
48
46
51
53
52
41
51
39
47
41
40
37
47
47
42
31
53
43
43
45
38
46
44
52
39
41
32
37
53
40
37
38
48
42
54
54
50
46
48
53
47
41
39
44
38
41
35
39
38
38
45
52
43
34
35
50
40
36
40
40
36
45
32
45
47
37
28
51
42
46
62
44
43
54
48
41
47
49
51
39
34
37
35
41
49
38
45
44
24
41
37
44
53
38
32
38
42
42
34
32
39
40
39
42
40
42
36
42
49
36
35
39
34
41
49
53
45
44
30
39
52
39
43
24
47
47
34
28
48
41
44
38
36
38
27
31
32
44
42
55
37
45
34
38
52
47
50
38
41
38
43
46
41
39
38
56
46
34
37
47
39
43
46
34
43
35
51
49
44
33
35
38
33
36
42
35
44
38
45
35
30
37
36
33
37
49
33
36
42
33
34
39
37
44
47
32
37
38
41
36
40
31
44
29
40
30
32
34
45
36
48
42
29
34
44
36
38
36
45
37
35
27
44
44
44
42
39
25
41
42
28
31
33
39
31
54
46
26
32
39
48
36
37
28
35
45
44
52
35
45
43
42
39
45
35
42
43
34
35
41
34
35
31
49
35
33
34
43
34
43
50
27
41
30
44
37
42
38
33
37
43
44
29
36
41
34
35
29
35
34
44
32
27
28
26
32
42
37
36
37
34
37
39
29
42
33
38
41
42
40
27
42
26
34
24
41
36
38
40
35
31
34
31
28
46
48
32
46
42
33
36
34
31
38
33
37
30
28
33
32
44
33
37
33
36
38
36
42
31
32
35
23
48
26
35
25
50
28
41
36
43
36
45
31
38
40
29
46
43
37
26
42
31
32
39
31
43
41
37
33
28
43
36
29
42
27
43
33
36
40
24
37
44
40
32
31
36
38
24
28
38
37
31
32
42
28
39
37
29
34
34
45
26
40
29
32
31
35
37
37
35
37
28
33
39
37
34
34
24
34
28
33
37
31
28
41
44
25
36
37
37
28
36
38
45
31
41
39
33
31
37
37
35
26
31
37
21
26
39
30
37
31
23
32
29
33
41
36
34
26
32
37
41
28
24
48
20
25
46
28
35
40
37
28
41
28
31
31
18
34
34
33
31
33
32
37
29
38
37
31
31
34
23
30
31
27
25
23
34
31
40
32
37
27
38
21
38
36
40
35
31
36
37
37
28
36
37
36
36
36
36
40
18
23
49
36
37
33
44
29
32
39
37
29
24
33
27
35
44
28
24
35
35
39
27
33
34
32
37
26
34
30
39
34
36
32
34
21
36
32
39
30
37
28
36
26
39
31
20
18
35
31
31
34
37
33
42
33
35
38
28
27
27
35
30
36
38
38
30
36
34
28
33
37
42
35
33
40
33
30
29
23
44
33
33
31
27
31
36
39
29
37
44
27
34
33
32
27
33
30
34
35
34
37
32
33
41
30
39
29
26
27
33
30
34
32
33
26
36
35
38
44
28
44
31
26
27
29
38
35
30
30
29
34
32
19
37
37
36
27
31
30
34
21
33
28
34
27
49
29
31
42
29
38
34
27
40
19
38
36
30
34
35
31
30
30
38
26
29
22
23
23
30
28
34
36
32
24
31
31
25
31
22
36
31
31
32
28
35
26
19
33
28
29
33
31
23
30
23
30
34
37
37
39
39
38
43
32
33
32
21
41
33
32
17
33
35
36
34
23
39
36
39
29
34
25
34
26
38
26
39
24
30
32
28
40
30
31
33
21
29
41
30
31
33
33
41
28
32
36
19
36
27
24
19
25
28
30
32
28
29
39
21
29
28
35
35
25
26
36
22
33
32
33
18
29
41
25
26
41
23
28
31
26
27
32
29
26
21
23
31
20
25
27
38
32
23
22
31
16
32
48
34
29
22
31
38
35
29
34
35
30
28
31
31
21
31
35
24
33
26
32
30
34
26
31
27
25
24
24
27
30
26
29
25
38
24
28
31
39
30
32
25
25
27
21
25
28
23
25
25
31
31
32
32
36
29
26
31
24
38
34
20
31
26
28
36
23
40
34
29
32
21
29
33
22
29
34
35
32
32
24
27
29
30
25
31
30
32
31
37
23
26
23
28
30
33
28
44
36
36
32
24
35
32
27
37
26
28
31
28
31
22
28
21
28
37
23
37
31
25
28
23
19
27
23
28
26
31
34
29
30
28
33
26
23
22
29
43
30
26
26
34
30
25
27
23
19
31
30
30
27
28
21
21
20
32
24
33
24
26
43
24
22
31
21
36
25
24
33
33
28
22
25
28
25
29
27
39
39
23
29
28
29
29
23
30
19
32
28
37
30
28
21
30
22
27
35
20
24
25
26
23
34
24
23
26
23
23
34
23
29
35
29
28
20
22
28
28
26
23
20
34
27
26
24
25
33
24
21
31
26
30
32
40
26
30
35
40
29
25
29
32
31
23
44
28
32
29
30
30
38
23
31
30
33
31
32
27
24
21
35
27
28
23
28
30
32
30
28
24
21
35
27
31
20
22
29
28
32
34
36
29
23
29
21
32
24
27
26
30
30
27
29
30
25
20
25
23
24
15
30
33
30
29
32
22
28
35
31
16
28
25
21
29
27
26
29
25
23
30
22
29
34
27
21
31
24
29
23
22
31
27
25
13
29
35
26
29
28
17
25
27
18
26
26
33
31
25
25
29
16
33
26
23
27
18
18
32
25
30
24
20
28
27
33
16
29
24
26
27
26
30
26
31
29
24
28
26
26
26
28
33
22
17
30
27
23
30
15
30
35
30
34
25
21
31
24
25
28
18
32
23
26
19
26
26
24
23
26
10
27
23
26
20
28
31
24
21
25
25
18
23
21
21
25
22
34
33
41
27
21
26
29
27
25
24
28
30
20
18
22
27
21
31
26
21
25
22
20
32
33
30
31
29
34
22
23
24
27
27
15
18
29
33
25
23
24
25
26
37
25
21
30
22
31
25
25
25
23
28
37
35
33
29
33
33
23
28
29
25
32
24
36
32
22
28
29
27
34
37
26
19
34
24
17
28
23
26
25
25
34
30
26
19
31
27
29
22
35
23
25
19
34
25
28
25
25
33
31
24
15
29
26
27
30
22
35
33
28
21
26
24
26
15
24
21
35
17
22
27
34
27
26
28
23
31
21
28
24
27
20
22
27
29
28
31
23
33
31
29
19
25
20
29
22
26
15
22
17
27
23
31
27
29
22
29
16
25
21
25
27
19
27
21
35
28
24
22
28
23
30
19
25
41
36
24
38
27
13
28
29
16
32
18
20
28
26
30
34
34
23
24
27
22
20
26
28
23
26
32
27
21
21
33
21
22
27
25
25
21
23
23
25
20
26
19
21
24
20
25
19
23
19
20
30
29
24
16
25
28
29
22
23
28
26
28
29
18
23
21
25
36
26
21
18
24
29
18
33
31
27
24
29
20
24
22
16
30
25
14
14
31
14
26
26
29
16
13
29
27
26
22
32
23
26
16
18
19
20
22
24
27
20
23
25
25
26
16
19
24
27
25
29
19
23
30
15
31
31
25
29
29
21
28
28
24
20
28
17
24
21
31
29
19
21
17
35
20
28
29
20
28
23
22
21
31
24
23
22
25
21
21
21
19
29
20
24
22
32
25
20
22
31
27
28
18
17
24
31
28
15
24
19
27
24
23
29
25
36
25
21
19
21
34
20
24
21
23
29
23
21
27
21
21
27
22
13
23
20
17
24
26
27
18
18
26
26
25
28
23
15
28
20
24
18
22
25
25
20
29
29
30
19
17
22
16
22
27
24
19
19
28
24
25
29
29
20
16
19
24
26
21
34
19
21
29
24
13
30
21
20
21
29
24
32
17
20
25
27
24
18
18
28
25
29
27
26
24
19
24
20
21
24
32
14
17
21
16
26
18
22
32
24
38
18
15
21
18
20
22
24
20
16
27
24
26
24
26
24
24
27
23
23
22
19
18
27
22
18
24
27
19
25
33
21
23
18
16
34
24
23
21
30
23
19
25
21
20
27
28
27
22
32
20
25
21
18
23
21
27
23
21
30
25
20
22
24
23
25
22
32
28
22
32
22
25
30
27
30
26
17
19
28
25
15
12
22
18
20
25
18
35
23
30
30
26
30
30
34
22
23
20
11
32
20
23
33
24
27
23
19
15
33
19
27
23
27
27
21
23
24
19
23
26
26
13
20
26
25
22
24
20
21
26
28
19
24
17
20
28
21
15
25
23
21
20
17
19
25
20
27
19
27
17
21
23
16
17
19
20
23
20
29
22
24
21
24
18
25
16
22
23
22
21
28
24
14
19
19
29
29
26
24
28
20
26
23
22
24
20
24
21
27
24
26
24
16
21
23
20
22
22
24
27
20
25
33
22
30
22
16
36
27
20
36
21
32
33
18
27
29
24
29
13
20
27
26
26
20
31
22
20
26
28
34
18
14
20
19
19
25
31
29
28
20
33
26
24
27
25
18
29
21
29
22
12
23
26
22
22
15
21
29
24
34
23
24
31
17
27
21
10
17
31
29
12
19
10
30
19
12
27
23
14
25
23
18
17
33
22
15
25
22
26
18
21
12
26
18
14
11
25
30
17
24
19
20
17
18
12
22
36
22
19
28
21
19
20
20
26
22
32
15
29
26
15
25
34
29
23
18
15
24
25
15
19
22
11
19
31
24
20
18
24
26
22
10
16
30
24
15
29
10
23
25
25
20
21
30
17
31
24
20
29
27
27
27
27
25
13
16
14
21
20
32
22
22
26
26
27
20
25
19
18
35
24
26
25
20
19
29
16
25
8
23
8
14
24
20
15
23
23
13
24
24
17
24
18
28
29
28
21
28
25
26
22
23
29
17
21
19
14
28
21
22
25
14
20
23
18
15
26
13
23
24
23
14
29
17
13
30
23
28
18
21
21
19
14
18
27
32
23
27
17
25
18
30
21
22
23
33
20
19
18
30
20
18
26
20
22
16
18
25
33
23
27
19
23
17
24
16
19
25
28
27
21
23
17
31
21
19
19
19
18
20
28
25
27
21
29
21
18
22
23
24
30
31
21
25
18
23
26
18
24
29
32
25
14
29
23
28
22
21
24
20
29
29
18
26
25
22
25
19
23
17
24
23
35
28
16
21
16
21
19
24
24
26
16
12
24
24
26
15
20
23
23
25
27
14
18
23
22
23
23
21
12
32
17
21
19
23
16
22
19
23
22
22
21
15
24
30
26
17
23
23
23
28
25
20
22
24
23
26
23
23
25
16
20
21
18
15
24
22
21
17
26
20
29
27
22
28
31
20
31
20
23
20
16
21
19
20
27
17
20
26
16
15
22
19
22
19
30
22
23
18
24
15
27
20
28
27
16
24
16
21
26
26
26
18
19
27
26
13
19
15
20
19
17
13
20
23
14
23
31
23
33
18
17
21
15
29
16
25
25
28
21
23
17
17
23
19
29
21
18
19
12
22
16
19
20
24
15
26
28
21
25
29
27
17
24
20
21
20
11
23
21
19
23
32
25
23
24
16
22
21
23
21
17
19
19
19
27
30
17
16
18
16
24
16
22
16
14
23
18
19
20
22
13
18
23
25
20
35
17
15
20
21
23
24
14
23
19
21
17
26
15
22
18
26
22
17
24
24
17
25
16
23
28
18
27
31
20
13
14
22
32
15
20
19
31
20
17
23
25
14
17
11
26
27
16
22
26
19
17
23
22
13
23
19
21
24
20
18
23
18
23
25
17
14
11
22
18
18
26
20
12
24
23
21
18
28
14
28
14
25
23
39
28
21
28
17
25
19
25
18
16
15
25
19
17
21
23
23
24
22
31
14
19
18
18
16
23
20
16
32
19
9
25
19
23
21
26
18
13
17
16
14
23
18
18
16
22
21
26
23
19
22
20
22
16
20
25
24
32
28
18
21
25
18
30
17
21
18
22
17
19
24
21
23
24
23
21
27
16
18
20
17
18
19
22
12
21
21
22
21
24
31
20
19
22
17
21
28
25
18
17
14
15
21
25
21
27
19
23
21
17
23
16
21
32
16
17
21
28
23
19
19
17
28
19
22
19
27
18
37
13
16
23
17
20
31
26
13
25
18
24
19
18
24
16
17
24
17
22
23
23
23
26
20
23
22
15
13
29
31
19
28
23
13
14
18
20
22
32
13
23
21
23
16
22
19
24
14
21
14
15
26
24
18
19
22
21
29
16
19
13
19
20
15
17
21
26
15
22
22
18
21
14
24
32
28
20
27
27
17
18
18
13
14
19
23
17
18
24
22
16
22
28
18
27
19
20
19
24
23
25
21
21
27
17
15
27
32
20
19
24
22
19
21
18
17
27
19
22
23
12
23
21
21
13
20
20
26
20
21
13
18
17
19
26
17
19
18
23
18
17
22
23
21
19
20
25
22
16
20
15
17
19
20
18
14
13
25
14
23
20
17
18
18
19
18
22
12
16
22
16
19
20
19
21
18
18
22
22
21
22
29
23
27
24
20
13
18
20
17
25
19
26
22
29
29
24
16
27
18
30
18
18
15
15
22
24
20
28
21
26
24
22
16
21
30
23
12
13
13
14
24
29
14
15
21
14
26
13
21
21
15
17
15
19
17
24
19
25
22
21
17
21
27
28
23
23
28
21
19
18
19
25
22
24
16
18
18
24
23
23
23
18
22
22
15
20
21
24
24
21
30
23
25
17
24
25
18
19
22
19
25
19
14
19
23
23
20
22
22
19
16
16
18
13
21
22
25
25
16
15
22
27
17
28
24
14
24
16
16
23
24
18
22
20
27
25
19
22
23
8
25
20
28
28
25
18
17
18
27
23
18
19
18
14
15
19
20
16
30
16
26
26
25
14
20
17
15
31
23
26
19
13
26
27
21
25
15
25
29
19
22
27
23
24
16
18
26
19
27
21
23
24
24
23
22
22
22
21
19
16
11
20
23
23
30
19
17
16
23
27
22
28
24
19
16
28
19
20
26
18
19
13
33
19
19
26
33
30
18
23
23
24
25
17
20
28
16
23
22
23
13
18
16
13
16
25
21
22
18
26
31
22
21
19
17
23
19
21
18
17
18
17
24
17
18
17
19
28
22
26
24
22
18
23
25
24
20
15
29
20
21
24
16
18
28
24
14
16
24
22
16
24
16
34
20
15
23
18
15
25
26
25
21
21
17
29
19
19
25
19
23
17
23
24
26
19
25
20
24
26
15
25
18
19
18
18
20
26
22
17
20
22
21
17
19
26
24
16
17
16
16
23
23
17
15
24
19
11
20
15
22
13
21
23
11
20
15
16
14
18
30
22
26
23
23
20
20
30
22
23
21
32
22
23
20
22
24
23
20
22
27
19
23
23
24
33
26
24
17
20
27
18
19
20
22
17
21
25
20
18
21
16
16
25
28
19
23
19
25
31
29
32
18
22
20
23
29
10
25
11
21
23
16
23
23
18
29
23
23
18
14
19
17
26
28
23
21
17
13
27
14
23
15
24
19
21
22
23
26
19
17
21
20
23
16
16
33
25
16
18
18
24
22
20
20
18
25
16
10
14
20
23
18
22
18
22
19
16
31
17
30
18
15
22
29
17
23
16
10
22
19
19
20
20
20
15
29
20
30
13
14
16
17
23
22
18
23
23
14
28
18
18
22
22
29
24
24
19
17
22
13
19
19
19
15
22
19
24
16
13
20
32
18
17
24
15
17
15
23
25
18
19
16
21
21
27
11
20
20
18
21
26
26
7
24
23
21
16
15
21
17
16
16
17
25
16
21
15
23
21
18
28
18
20
22
16
25
22
10
17
11
21
15
17
16
20
17
16
17
15
20
15
20
20
10
20
27
24
20
25
21
27
23
20
24
17
22
12
19
11
14
16
23
21
19
20
15
27
16
10
30
20
14
16
21
18
13
21
29
22
25
28
16
19
21
25
16
20
17
20
12
23
12
17
18
15
17
20
26
12
13
17
25
25
13
24
20
11
19
22
10
20
17
14
23
24
13
14
14
20
18
15
21
21
28
17
15
24
11
28
28
21
14
25
19
16
20
16
14
23
17
24
26
25
17
11
23
16
22
15
19
16
14
23
21
15
19
23
14
19
22
25
21
19
16
19
19
10
19
18
9
18
15
19
13
18
24
11
19
23
24
20
20
23
23
22
17
22
11
19
14
21
22
15
15
13
16
27
18
18
15
20
20
16
18
10
25
8
11
23
17
21
13
21
16
19
20
16
22
19
20
21
28
19
22
19
13
12
17
22
20
16
10
26
13
17
18
23
11
11
14
13
22
19
15
14
22
12
24
17
22
14
21
15
24
9
13
13
18
17
17
15
24
16
19
10
19
18
14
11
18
16
13
12
16
11
17
23
16
17
18
17
23
13
27
15
25
21
14
25
20
15
13
18
18
33
17
14
27
18
19
13
17
14
22
14
17
20
18
19
12
16
25
13
13
12
13
9
26
16
12
15
19
22
18
22
13
13
11
21
15
14
18
16
10
21
19
17
17
14
18
20
20
14
25
21
18
20
15
21
18
11
22
21
19
23
22
18
18
19
17
14
8
17
26
17
16
27
20
16
16
18
15
30
19
24
16
20
17
12
16
15
12
16
6
17
21
16
25
16
20
16
14
17
20
16
16
21
24
15
23
19
22
6
17
12
16
14
19
23
18
11
13
16
15
14
15
16
15
13
17
11
19
21
20
17
23
14
19
20
22
22
20
18
15
14
15
19
16
23
19
18
11
25
15
17
9
19
21
16
14
12
9
30
15
15
24
16
15
11
11
11
20
15
19
8
21
9
21
18
16
16
8
19
14
19
15
18
21
16
17
18
11
19
14
22
16
12
15
11
22
22
18
12
24
23
13
14
18
11
14
15
16
19
15
13
17
18
16
19
19
21
15
13
19
18
20
14
14
20
14
21
20
20
22
17
15
12
18
20
18
18
23
17
9
14
15
19
15
17
14
14
14
13
13
14
15
13
13
17
13
27
14
20
15
19
14
11
26
11
12
13
25
9
21
17
18
17
17
20
17
13
22
14
16
17
15
14
25
20
14
17
13
19
19
15
7
13
12
19
18
21
26
14
12
18
13
24
15
24
16
14
28
22
16
17
14
16
15
16
13
15
19
20
14
12
22
14
17
15
15
14
15
21
19
22
17
13
9
19
19
13
16
14
13
17
19
14
18
20
20
12
18
21
15
20
13
25
20
12
16
17
7
15
22
16
17
11
19
18
13
12
23
16
22
20
23
24
7
14
22
16
15
23
14
16
16
18
20
16
15
23
16
22
21
15
16
14
14
12
19
19
17
18
20
19
18
20
12
19
12
15
18
18
17
12
16
15
21
15
14
19
20
19
12
17
17
17
16
10
13
19
20
21
13
22
18
17
14
12
15
16
22
17
14
22
18
13
14
12
13
11
12
11
17
11
20
12
14
18
23
22
18
11
16
19
13
17
19
14
12
15
18
15
20
9
16
19
15
18
11
16
17
14
15
13
25
15
10
17
17
18
12
12
13
7
15
12
9
20
15
15
10
16
15
16
14
17
13
13
18
23
26
21
22
12
13
11
7
11
23
6
13
18
16
7
12
17
6
12
16
18
16
11
19
12
19
27
11
15
10
19
15
14
10
18
17
13
12
13
14
9
16
18
14
14
13
10
12
14
18
13
12
18
11
11
13
13
9
15
18
8
16
9
9
8
10
24
14
12
14
8
19
20
10
15
21
18
10
14
8
11
17
12
13
17
15
18
17
10
16
9
16
16
13
8
14
13
18
7
12
13
11
12
19
14
17
12
7
15
16
16
15
10
10
14
16
12
19
15
10
11
15
11
11
11
12
11
20
14
15
18
9
17
10
16
6
11
9
7
17
8
13
9
18
18
13
15
13
13
11
10
12
17
10
13
21
17
15
10
15
18
8
13
12
5
10
14
14
17
13
13
9
10
10
17
12
19
16
22
11
14
9
19
10
14
25
20
12
16
15
9
18
12
14
16
13
17
12
13
18
19
20
14
13
18
13
15
12
19
15
15
15
19
15
19
21
16
26
15
19
15
11
12
23
16
20
16
25
22
22
15
18
14
23
16
24
20
15
29
17
21
24
19
24
25
36
31
36
58
53
53
65
102
87
98
109
109
111
107
120
91
82
62
59
48
46
49
39
29
18
30
24
18
13
22
18
12
14
13
14
11
14
13
19
9
12
15
8
9
11
6
11
14
15
13
21
11
9
8
13
9
10
11
8
11
13
14
14
10
12
11
11
10
9
15
7
10
9
13
13
6
10
4
9
10
9
16
8
16
13
14
14
15
8
10
17
13
13
17
10
10
11
8
17
15
8
5
8
17
11
14
10
10
12
9
14
5
11
12
13
11
12
12
15
11
11
6
15
11
15
14
7
15
14
5
8
6
10
10
18
16
12
11
6
10
10
11
17
10
7
8
11
11
12
15
13
12
14
16
16
16
10
12
10
11
8
12
16
13
14
11
9
14
17
9
15
8
12
9
14
12
14
9
13
14
13
13
10
11
12
16
14
10
13
13
19
15
11
12
15
13
15
11
22
17
16
17
11
11
8
11
14
14
13
14
19
22
12
16
16
16
20
20
16
22
25
19
12
21
9
16
20
28
22
17
19
24
25
20
23
15
25
22
19
21
10
16
16
13
11
13
14
8
7
5
3
13
9
8
7
5
4
1
6
6
1
2
11
8
9
7
6
8
6
5
7
6
5
5
6
3
10
6
4
2
7
5
8
4
6
3
5
5
2
4
8
10
4
2
5
8
9
7
6
3
6
7
7
4
5
1
5
6
4
4
7
5
1
4
4
6
4
8
2
1
4
6
9
5
6
9
5
5
5
10
4
2
6
10
3
7
1
6
4
5
5
9
11
4
9
3
6
3
7
6
3
6
3
3
3
1
3
6
4
3
2
5
3
3
5
3
6
3
5
3
2
6
1
5
3
5
3
6
7
0
8
6
5
4
3
1
3
5
7
4
4
3
3
5
1
9
4
6
3
8
8
3
3
3
5
6
7
5
7
1
4
7
10
2
4
5
8
6
6
11
3
5
2
7
9
9
3
9
3
7
5
7
2
9
2
7
7
3
6
5
3
1
3
3
4
3
2
5
11
4
3
8
3
2
5
5
2
6
3
6
2
2
2
4
2
5
1
4
4
5
3
5
9
6
4
6
3
6
3
2
3
3
6
6
5
5
5
2
7
3
3
7
3
6
6
1
6
11
2
2
2
2
2
6
5
9
9
5
4
4
7
3
7
6
3
7
8
1
3
2
5
2
3
5
4
0
4
7
5
2
5
3
7
3
9
4
4
6
10
6
5
5
9
1
3
4
3
1
6
5
3
6
7
5
5
7
5
4
6
8
0
7
11
6
4
5
3
3
3
6
4
6
3
7
2
6
6
7
4
0
5
5
4
4
3
8
8
3
3
5
4
7
5
3
5
5
5
1
2
5
5
3
4
8
8
1
3
3
2
5
2
6
2
2
7
4
3
1
3
3
3
7
5
6
2
3
7
6
2
3
5
8
9
8
0
4
4
4
5
7
4
5
11
3
7
6
3
7
2
7
6
5
3
5
4
6
5
2
6
6
6
9
5
6
6
5
5
6
6
3
3
3
3
2
5
6
2
5
8
7
5
6
7
4
5
4
4
3
4
7
4
8
7
7
4
8
7
6
2
6
4
3
5
7
5
11
8
7
5
5
8
4
4
10
10
5
7
5
8
8
3
7
9
8
5
7
7
4
8
6
9
6
6
6
4
12
5
7
6
10
14
11
8
10
6
10
3
10
6
8
10
10
6
6
10
9
10
12
13
11
15
11
5
17
8
12
8
10
13
9
11
12
6
10
11
10
9
13
10
12
8
5
9
8
9
13
14
8
18
17
12
18
13
9
8
14
17
17
11
17
21
15
12
18
17
21
24
27
32
24
31
30
22
48
55
60
95
99
150
152
179
199
200
229
236
224
217
181
149
170
121
90
92
77
45
45
45
44
38
29
22
28
13
12
11
10
8
7
6
7
10
13
8
10
4
7
6
3
5
7
7
4
8
4
4
4
3
5
7
3
8
3
10
10
5
5
6
8
4
4
3
2
7
8
8
3
4
5
4
6
8
4
6
5
5
6
10
4
7
3
4
1
11
6
10
1
3
4
5
2
5
7
7
8
2
4
6
6
6
8
10
6
6
8
4
7
1
2
7
9
6
11
9
3
9
5
9
7
7
9
8
5
4
7
6
4
4
5
3
8
2
5
5
6
6
6
8
4
8
7
10
6
7
4
11
9
7
11
9
3
3
6
9
11
7
14
9
11
6
5
8
8
10
10
6
7
7
2
7
13
9
7
7
8
2
6
5
8
10
11
7
9
5
9
4
4
6
17
7
8
6
9
6
8
9
13
8
10
8
9
4
9
12
7
18
8
11
8
2
7
9
9
8
16
12
12
13
13
8
15
15
20
17
13
15
18
15
24
18
14
10
14
8
1
4
3
7
3
4
6
3
1
2
2
4
2
4
1
0
1
0
3
1
2
0
1
0
2
3
2
2
2
0
1
1
0
1
1
1
0
1
4
2
0
5
2
1
1
1
0
0
0
0
1
1
0
3
3
0
1
3
0
0
2
3
1
4
2
2
1
2
1
1
0
1
0
0
0
0
1
2
1
0
1
1
1
3
4
0
2
2
0
1
2
0
1
4
3
0
0
1
1
0
1
2
2
1
1
2
3
3
1
1
0
0
1
2
0
4
1
0
2
2
0
2
0
3
2
1
0
2
0
1
0
1
3
1
0
2
1
0
1
1
3
1
1
0
1
2
1
0
0
0
1
2
2
2
2
0
2
1
2
2
1
0
0
1
0
2
0
1
0
2
0
3
1
1
0
1
0
0
0
3
0
2
0
2
0
3
0
1
0
0
1
4
2
0
0
1
1
1
2
0
1
2
1
0
0
3
0
0
1
0
0
2
1
1
1
1
0
2
1
0
0
1
0
3
0
0
1
1
2
0
1
1
0
1
0
0
0
1
0
1
0
1
1
0
0
0
3
0
1
1
1
0
0
2
0
1
1
2
1
2
1
0
1
0
0
0
1
1
0
0
0
2
2
2
2
1
1
1
0
1
1
2
1
1
1
1
1
2
0
3
2
0
0
3
0
2
1
1
0
1
1
2
0
0
0
1
0
1
2
1
1
0
3
2
0
1
1
1
2
1
1
2
0
2
0
1
1
2
3
0
6
4
3
0
1
1
2
2
0
0
2
0
1
1
0
1
0
2
0
2
0
2
1
0
1
0
1
1
0
1
0
1
2
2
0
0
1
0
1
0
0
2
1
1
0
0
1
0
2
1
2
1
0
2
2
0
0
2
2
0
0
0
1
3
0
1
0
1
0
2
2
0
1
0
0
3
3
0
1
0
0
0
2
2
3
0
1
1
1
1
1
1
2
1
2
2
3
1
0
1
3
1
1
3
0
0
0
1
2
2
1
1
0
0
1
0
0
1
1
0
0
0
0
1
1
2
1
0
0
1
1
0
0
1
0
1
0
0
0
2
0
1
0
1
0
0
1
1
2
1
0
2
0
5
0
1
1
1
0
0
2
2
0
0
0
2
0
2
1
2
2
2
3
1
2
0
1
0
1
0
1
1
2
0
1
0
2
0
1
0
2
1
0
1
0
0
1
1
1
0
0
1
0
0
0
1
0
1
0
1
1
0
0
0
1
0
1
1
0
0
2
0
1
1
0
1
3
1
0
1
1
1
1
0
2
1
0
0
0
0
0
1
2
1
0
0
0
0
0
0
0
1
0
0
0
3
0
1
1
1
1
3
0
1
0
0
1
1
0
0
0
2
0
1
0
1
1
0
1
0
2
0
0
0
1
2
1
0
1
1
1
5
1
2
3
2
1
2
0
2
1
0
0
2
2
0
1
1
0
1
0
0
0
2
2
0
2
0
2
1
1
0
1
0
1
0
2
1
1
0
2
1
1
0
0
0
0
0
2
2
1
0
0
1
0
0
0
1
0
1
1
0
0
3
0
2
1
0
2
1
2
0
0
0
2
1
0
1
1
0
0
0
1
0
1
0
0
0
2
1
0
0
0
0
1
0
1
3
1
1
0
0
0
0
0
0
0
0
1
2
0
1
0
1
0
0
1
1
1
4
0
0
0
0
1
1
0
0
2
1
0
2
0
0
0
2
1
0
0
1
0
1
1
2
2
0
0
0
1
2
1
0
0
1
1
0
0
0
0
1
0
0
0
1
0
0
0
1
1
0
0
0
0
0
0
0
2
0
0
0
0
1
1
0
0
2
0
1
0
0
1
1
0
1
0
1
0
0
2
1
1
0
1
0
0
1
0
0
2
0
0
1
1
0
0
0
1
2
0
0
0
1
2
1
0
0
1
1
0
0
1
0
0
0
5
0
2
2
0
0
1
2
0
1
2
0
0
3
2
1
1
1
0
1
1
2
1
1
0
1
0
0
2
0
0
0
2
0
0
0
3
1
0
0
0
2
1
3
0
2
1
1
0
1
2
2
0
1
0
1
1
1
0
2
0
2
0
1
0
1
0
0
0
0
0
0
0
0
3
1
0
0
1
0
1
0
0
0
0
0
0
0
2
3
0
0
0
0
0
2
0
2
0
2
0
0
0
0
1
2
1
2
2
0
0
0
1
0
2
0
0
1
0
2
0
0
0
2
0
0
1
3
1
0
2
0
1
0
0
0
0
1
0
0
1
1
0
0
0
1
0
0
0
0
0
0
0
2
0
0
0
0
1
1
0
1
0
0
0
0
0
3
0
0
0
0
0
0
1
1
0
0
0
1
0
0
1
1
0
0
2
1
0
0
1
0
0
0
1
2
0
0
0
0
1
2
0
1
1
2
0
0
0
0
0
1
1
0
0
1
1
1
0
1
1
0
1
3
1
0
0
1
0
1
2
0
1
0
0
0
0
0
1
0
3
0
1
0
1
0
0
0
0
0
1
0
2
23
40
39
43
50
42
60
61
61
56
61
76
67
81
74
101
94
106
124
168
163
155
183
186
201
220
211
276
292
285
371
338
385
392
450
464
483
519
556
594
590
686
680
738
820
804
851
907
917
1007
991
1079
1088
1207
1188
1260
1354
1364
1463
1530
1527
1594
1633
1681
1766
1824
1892
1971
1920
2013
2179
2116
2252
2383
2472
2517
2541
2699
2530
2747
2863
2994
3050
3114
3255
3344
3419
3670
3801
3926
4000
4197
4361
4620
4679
4920
5167
5467
5847
6030
6376
7016
7698
8865
11420
17434
30150
53922
90385
135016
174717
194403
188507
163159
131246
104615
84647
69730
59217
51117
44124
38139
33684
29703
26920
24518
22904
21719
