16
20
16
22
28
24
15
20
21
24
21
20
20
18
17
20
25
24
11
22
32
13
23
16
17
22
14
14
16
15
15
20
20
20
22
11
14
15
10
10
18
15
12
14
20
20
16
22
14
14
15
13
14
10
14
16
9
18
29
54
118
270
355
458
487
488
598
701
787
981
1162
1275
1223
1141
899
811
667
612
553
506
434
435
426
442
389
406
414
463
421
391
446
386
412
450
440
439
491
429
472
421
465
451
452
440
445
474
411
471
448
424
416
412
439
395
465
451
471
444
471
446
443
424
457
471
444
436
435
427
421
428
397
446
373
443
414
403
391
414
436
376
427
410
391
437
397
445
437
425
418
390
423
399
380
412
359
418
438
414
405
427
399
398
439
406
455
431
437
438
410
450
392
443
406
455
465
450
415
431
440
457
406
407
447
447
409
442
421
415
414
392
440
412
429
417
420
440
405
478
426
444
458
456
454
458
407
400
431
442
449
429
465
437
440
426
456
437
456
422
452
477
501
393
436
440
463
465
426
412
471
438
501
420
458
479
436
477
450
477
447
441
450
440
423
441
438
506
452
426
451
468
492
498
484
457
441
446
446
478
424
461
500
461
450
481
485
477
455
483
478
475
459
442
517
492
461
485
513
521
504
436
498
461
480
502
481
458
480
488
508
495
472
513
496
520
523
455
554
547
516
505
503
524
505
564
513
530
511
532
539
530
540
527
474
543
528
528
507
551
557
520
541
499
529
526
531
584
509
517
508
529
544
498
504
570
532
532
515
569
565
541
541
528
565
581
502
483
534
547
577
560
559
552
573
559
590
560
546
511
572
578
590
555
598
607
554
587
535
558
531
557
520
595
576
621
547
545
604
565
593
547
584
614
566
528
628
574
603
584
557
611
564
565
621
565
579
580
624
588
583
610
563
533
595
567
613
589
562
575
603
597
585
633
602
624
616
563
632
613
622
579
609
602
584
563
585
629
572
626
602
586
604
560
607
591
626
609
588
601
606
644
561
613
648
579
646
596
620
609
622
609
621
607
622
619
650
590
600
608
602
632
614
627
619
609
619
624
637
597
599
620
614
633
602
639
617
598
590
627
624
594
610
613
643
602
599
630
627
600
578
593
592
624
619
627
620
612
642
591
624
588
605
640
659
614
602
619
643
582
596
612
606
632
627
596
614
630
614
612
619
624
624
564
625
625
624
641
649
587
625
607
631
595
638
632
608
628
621
623
606
642
631
644
579
617
624
636
616
591
655
620
618
630
627
615
634
643
611
596
605
655
619
638
648
662
620
634
619
634
656
636
633
655
624
611
629
688
655
607
587
623
624
607
656
625
641
604
657
660
634
635
671
646
612
631
664
669
656
686
646
658
663
639
658
661
652
603
599
675
623
661
642
651
687
692
634
619
667
647
669
600
668
678
630
639
614
668
648
647
656
700
654
656
638
633
632
633
690
625
636
579
627
645
629
630
605
626
630
707
594
614
647
643
648
607
583
655
640
646
629
674
615
616
627
647
623
628
655
669
636
674
611
672
659
645
647
621
656
702
684
655
635
612
603
663
636
650
686
660
632
670
608
667
678
692
621
625
646
647
593
688
656
681
630
650
656
600
636
640
667
672
679
632
639
692
592
661
627
672
681
684
634
705
656
673
681
617
687
647
701
637
631
670
673
612
647
675
650
603
648
667
650
652
675
635
654
626
642
628
611
604
628
605
651
661
649
623
644
667
580
627
662
643
673
622
664
630
644
663
646
661
645
654
634
683
622
651
634
602
625
682
618
686
615
652
668
698
635
657
642
638
678
648
620
646
648
628
698
615
633
633
654
661
585
670
663
632
636
661
621
648
631
692
701
622
630
632
592
616
661
654
650
683
689
688
656
622
655
595
649
662
683
665
640
685
678
631
687
642
679
646
630
681
711
671
737
684
698
747
682
681
696
673
722
670
680
678
671
697
687
672
711
742
661
707
754
719
665
671
758
686
747
738
721
755
724
734
748
728
682
723
705
712
703
738
793
778
796
741
717
723
747
737
750
771
737
765
717
787
744
763
713
726
762
770
731
801
753
795
796
758
781
789
729
767
805
722
807
814
839
748
799
793
820
784
816
770
788
840
789
820
781
750
843
779
769
814
839
828
823
832
775
800
779
786
759
825
784
857
815
810
780
791
802
820
849
814
811
751
807
814
820
831
822
875
830
789
803
768
836
871
801
830
786
819
778
787
759
752
812
780
831
816
792
818
769
793
812
789
813
844
761
808
792
710
744
786
839
816
754
861
757
793
771
782
789
724
763
794
764
771
763
818
747
763
712
808
788
772
786
787
747
817
755
764
774
793
789
754
785
717
812
790
699
794
758
789
715
796
772
728
766
785
739
784
716
743
758
727
736
764
811
797
772
743
759
726
781
751
768
752
765
743
758
702
737
748
714
762
700
765
763
741
764
783
707
730
763
736
732
734
791
716
690
690
720
735
720
707
714
739
713
704
747
748
711
725
696
709
736
778
716
729
682
729
712
693
735
685
690
760
720
685
752
720
689
714
762
749
715
695
742
710
750
703
692
718
713
699
714
756
736
694
742
717
734
717
716
690
706
717
725
696
709
701
706
679
705
677
679
693
730
686
685
683
704
662
715
702
749
716
725
663
690
694
683
670
680
659
678
677
709
697
719
719
702
700
697
705
681
684
693
667
712
660
699
708
669
669
695
693
704
678
663
651
648
682
686
641
671
690
635
723
681
682
668
708
652
689
713
639
649
656
642
664
683
683
626
679
645
642
638
623
623
594
627
659
698
627
659
642
609
581
681
631
671
676
645
646
603
664
637
652
695
646
645
635
633
672
581
680
628
649
625
650
640
650
666
640
629
629
699
572
618
630
639
643
654
608
620
616
639
635
586
639
663
650
659
606
600
621
662
620
641
634
649
614
624
683
602
614
646
650
644
607
630
621
588
599
580
609
607
623
577
603
599
596
663
578
596
594
611
588
596
620
642
628
621
616
589
606
573
619
582
560
606
601
607
567
578
584
568
607
632
598
538
600
558
633
629
616
568
570
574
601
571
573
566
621
587
602
553
579
579
635
574
570
588
575
531
570
558
535
563
608
580
606
594
630
576
561
585
566
639
543
572
558
603
563
574
567
588
598
575
580
583
582
581
566
605
568
564
563
563
590
564
585
553
574
598
541
565
568
574
525
551
553
600
566
559
571
540
540
542
513
554
581
574
572
584
575
564
554
578
561
557
553
558
538
535
570
584
544
566
537
607
527
538
559
539
557
540
550
518
605
543
542
591
592
502
544
555
534
531
527
540
545
532
571
562
532
607
542
540
546
525
593
565
583
553
552
578
523
524
544
581
504
576
598
571
586
541
546
546
530
491
555
532
615
538
563
537
566
521
528
540
572
560
554
550
513
563
523
528
511
589
524
564
543
564
569
570
535
554
536
500
568
567
565
521
570
582
577
575
526
530
555
561
579
577
514
533
574
544
561
564
597
531
552
546
570
520
569
579
520
491
580
553
523
536
533
539
521
547
558
551
525
562
551
557
551
544
546
565
536
559
512
513
539
577
552
560
564
533
559
545
548
537
590
568
527
548
533
586
538
564
549
531
508
530
540
581
560
544
549
575
554
562
547
543
566
534
551
534
567
534
578
563
514
520
561
547
546
516
522
573
554
565
536
559
500
546
552
527
507
527
470
525
553
539
551
548
578
571
547
570
561
536
544
518
534
508
497
517
569
529
538
542
544
525
555
527
553
498
567
513
516
541
579
546
512
523
529
542
548
515
544
519
521
502
555
548
538
553
490
526
520
524
540
473
483
496
510
560
533
570
493
523
514
542
527
563
508
517
492
516
509
501
500
492
509
506
493
529
497
462
468
487
532
476
466
516
514
500
512
488
455
459
493
485
475
521
458
448
488
476
458
483
459
488
485
473
474
467
433
506
450
504
457
482
485
438
469
445
436
462
470
442
448
419
462
441
449
457
480
431
394
463
439
471
463
434
448
435
363
420
433
413
429
449
423
423
403
422
400
438
385
393
394
434
441
409
407
397
400
399
395
395
398
404
428
362
382
385
392
354
407
365
381
402
382
372
378
397
367
366
352
331
395
385
359
363
360
379
342
344
340
371
362
371
339
333
385
360
352
386
388
337
363
363
319
360
314
341
348
328
312
323
324
363
331
350
358
338
359
323
339
323
335
267
317
302
286
319
328
345
315
306
307
311
302
319
309
329
344
303
321
299
317
297
303
287
315
327
327
277
308
299
314
301
325
297
277
265
280
292
317
329
286
297
316
295
279
300
295
282
285
316
308
323
252
281
309
260
280
300
280
279
277
295
296
293
308
299
281
234
317
291
283
266
280
287
279
310
308
289
302
275
283
256
270
293
290
290
294
260
254
258
253
264
252
305
238
276
261
278
292
255
268
261
268
290
259
271
311
245
280
265
263
264
308
290
262
245
237
290
289
262
257
259
279
258
281
244
275
234
251
250
274
261
254
278
239
242
236
236
260
245
239
283
261
257
245
223
228
255
223
250
237
257
256
249
239
270
240
259
233
229
255
245
222
274
229
233
211
252
261
256
265
238
218
243
240
240
229
230
256
234
248
258
228
225
235
213
275
226
244
227
209
239
227
248
222
229
211
222
211
207
223
221
254
279
238
255
236
236
226
239
229
222
219
222
224
248
227
203
234
237
239
243
245
227
244
248
238
227
217
200
197
232
217
229
232
256
234
221
235
243
247
213
235
197
216
243
252
210
230
220
205
228
218
210
213
233
207
193
246
230
260
226
219
234
236
220
254
212
206
222
217
231
218
210
236
222
191
221
233
215
243
215
232
198
207
243
209
190
220
215
208
186
190
207
201
210
222
207
211
213
214
209
199
231
217
228
219
220
205
203
195
207
203
216
198
202
198
178
249
229
243
214
226
233
232
211
216
212
200
202
221
208
216
207
213
204
194
218
218
208
208
168
223
209
212
215
232
215
235
226
201
235
184
216
171
215
187
223
187
206
200
184
207
197
214
217
184
220
188
204
204
200
211
201
216
195
214
205
221
199
215
191
201
185
220
203
193
201
195
198
202
218
214
198
211
195
213
224
226
191
222
216
192
187
219
195
216
194
212
190
218
179
214
203
222
188
203
199
220
206
174
207
209
200
208
205
220
213
222
198
196
215
179
189
185
210
220
201
202
202
183
196
177
202
186
211
218
207
213
189
196
188
198
208
186
174
200
209
226
193
173
198
198
167
177
195
206
185
189
191
199
177
208
218
203
220
208
222
190
200
213
192
192
182
192
187
199
188
192
179
193
199
203
200
199
198
173
188
190
179
208
183
203
182
193
187
227
213
234
202
224
187
201
191
173
202
186
190
187
231
183
206
182
214
207
193
190
210
199
224
186
209
195
195
207
189
177
176
200
232
215
203
178
196
212
205
212
230
211
215
204
188
219
213
193
191
253
200
196
190
222
199
211
225
233
218
196
211
220
226
208
203
212
223
213
188
217
215
214
208
205
198
226
201
213
194
213
231
203
233
245
200
238
225
240
220
245
234
221
247
240
272
240
236
247
246
236
263
241
260
256
256
247
260
243
259
272
282
282
261
251
312
274
283
285
287
287
294
312
292
304
316
329
300
308
325
325
326
321
310
342
326
336
361
347
360
373
429
362
398
389
416
383
380
419
413
380
418
428
429
444
456
445
478
443
468
517
488
494
470
500
528
530
526
586
565
558
532
602
580
560
584
583
616
582
639
633
663
611
657
711
711
709
730
720
750
754
748
737
792
740
832
815
801
837
895
851
875
877
870
846
923
926
911
924
965
1002
1008
995
1051
1018
1079
1056
1065
1102
1010
1136
1150
1193
1193
1250
1206
1235
1247
1236
1283
1287
1322
1346
1391
1368
1379
1328
1458
1443
1457
1466
1461
1476
1509
1577
1539
1633
1640
1657
1633
1636
1641
1721
1665
1659
1739
1747
1711
1731
1847
1835
1890
1870
1919
1933
1963
2010
1909
1972
2090
2026
2010
2074
2124
2050
2138
2169
2187
2131
2226
2250
2244
2227
2362
2333
2361
2372
2320
2387
2434
2545
2525
2469
2504
2529
2550
2605
2682
2571
2638
2744
2667
2714
2737
2793
2777
2761
2828
2771
2841
2881
2847
2866
2900
2976
2946
2947
3042
2990
3077
3046
3045
3065
3043
3127
3137
3094
3216
3118
3154
3261
3099
3239
3319
3196
3301
3187
3131
3258
3211
3245
3334
3385
3292
3461
3324
3387
3494
3232
3387
3430
3415
3408
3342
3458
3518
3555
3510
3559
3425
3353
3455
3379
3521
3456
3506
3485
3577
3480
3459
3560
3537
3529
3468
3466
3463
3423
3486
3465
3498
3484
3436
3433
3605
3412
3562
3478
3464
3417
3438
3364
3362
3510
3371
3408
3440
3469
3413
3515
3424
3338
3326
3320
3382
3331
3299
3259
3275
3350
3335
3221
3186
3314
3271
3294
3090
3215
3197
3126
3175
3190
3123
3086
3167
3055
3020
3028
3005
3028
2991
2950
2925
2853
2982
2939
2871
2862
2849
2885
2882
2863
2838
2907
2683
2724
2726
2740
2702
2693
2568
2612
2571
2564
2546
2565
2500
2539
2553
2432
2343
2467
2447
2383
2361
2275
2183
2239
2262
2169
2253
2180
2188
2124
2074
2137
1993
2057
1993
1982
1928
1899
2033
1856
1872
1926
1884
1886
1795
1870
1876
1736
1759
1725
1772
1671
1667
1744
1651
1540
1493
1596
1508
1553
1453
1528
1512
1502
1483
1403
1405
1522
1363
1372
1436
1305
1261
1320
1295
1236
1225
1219
1170
1221
1136
1176
1126
1204
1086
1114
1063
1060
1044
1063
1052
1019
993
984
993
953
894
895
908
889
867
909
850
835
830
828
832
798
780
794
765
713
766
759
738
701
671
722
639
651
727
643
666
609
612
617
580
558
576
596
627
571
552
554
510
525
516
506
463
490
482
460
473
463
496
458
491
450
440
433
410
465
407
426
427
395
409
370
379
372
386
397
361
376
368
351
341
337
342
332
331
342
319
291
342
333
296
295
300
286
290
282
306
282
281
282
274
278
272
261
255
279
273
259
255
275
257
267
231
253
224
235
210
213
216
214
236
226
215
228
221
216
202
220
225
214
192
202
212
197
189
167
196
184
193
193
174
185
193
188
192
177
178
170
191
185
184
179
182
181
180
183
171
182
155
159
173
152
169
165
159
167
158
153
132
145
183
146
166
175
160
168
143
165
171
133
151
162
143
142
146
151
139
138
126
141
126
166
134
116
136
141
126
130
142
152
141
129
126
153
149
132
120
109
126
139
133
144
103
118
120
129
131
115
122
139
123
118
118
133
112
125
120
124
143
120
105
117
119
125
132
110
130
110
113
119
126
121
103
107
119
104
105
121
113
111
104
109
126
119
123
130
96
95
96
106
119
115
99
107
112
98
104
85
108
121
110
97
117
110
122
115
112
80
84
121
115
109
107
112
106
128
80
93
88
99
103
100
125
102
111
95
115
109
109
108
100
88
118
112
106
100
111
92
94
112
102
101
83
117
106
103
100
88
95
86
98
101
90
84
91
92
85
119
103
93
97
98
95
98
110
91
89
85
97
87
84
108
104
102
93
101
108
115
106
112
89
107
101
122
102
96
92
99
94
87
95
89
110
99
91
115
91
96
89
95
83
95
108
105
97
87
99
92
110
87
93
91
86
96
102
86
110
100
95
87
120
103
105
87
98
82
90
69
118
105
98
85
90
113
91
90
106
89
106
106
105
106
95
79
103
91
97
95
99
98
87
110
108
86
102
98
96
105
92
102
95
100
78
102
103
94
64
81
115
97
97
106
84
79
95
99
88
98
85
97
83
103
84
82
98
108
109
98
80
89
95
100
98
112
80
94
76
77
85
84
82
114
90
75
112
78
103
78
102
104
93
99
101
84
106
94
112
91
107
104
94
100
102
108
92
123
77
86
107
79
117
102
95
84
84
87
95
91
103
94
99
101
101
95
96
99
85
94
87
108
89
94
88
100
110
98
92
93
85
92
105
86
97
107
86
86
94
99
97
88
96
96
85
96
92
103
97
91
90
78
90
89
104
105
106
85
84
94
119
93
103
93
103
95
96
97
78
93
93
96
89
84
73
103
93
97
89
90
90
98
91
90
102
78
90
89
113
85
100
96
97
99
85
83
86
84
96
74
107
101
79
103
91
85
73
88
92
81
109
82
95
85
106
86
112
86
107
102
88
88
82
101
103
100
95
94
91
76
82
92
101
108
87
94
90
77
85
81
82
82
111
93
70
104
69
92
100
86
108
90
89
100
107
107
76
86
101
87
101
93
112
88
96
113
92
89
107
86
87
106
82
90
83
97
90
97
117
88
108
85
93
78
99
98
75
87
95
109
90
101
80
89
107
90
92
80
95
82
88
88
110
90
92
96
100
89
86
104
84
80
91
103
92
90
90
109
83
89
78
104
88
106
95
91
81
107
107
110
103
89
92
91
95
93
102
96
103
88
100
117
92
95
106
95
114
96
94
99
99
96
103
118
101
88
80
90
99
105
103
112
86
91
96
103
80
100
102
99
82
107
86
84
107
91
83
99
106
88
87
106
105
106
99
91
106
106
99
79
95
107
89
101
92
101
80
87
85
93
96
115
80
99
90
121
99
99
94
86
98
101
98
103
102
91
108
76
83
107
95
108
90
104
91
108
113
107
96
88
103
87
105
99
132
95
99
88
102
108
102
102
113
84
96
87
92
88
107
90
94
88
100
91
100
93
94
100
95
91
113
90
93
75
82
93
103
95
86
87
96
92
83
84
115
115
81
92
94
105
109
92
90
105
112
91
107
108
109
88
99
93
89
78
98
85
84
79
91
105
93
100
91
90
76
82
92
104
102
104
99
83
105
94
96
84
105
90
105
98
102
108
86
87
81
82
74
85
104
106
90
98
81
100
96
107
101
102
77
103
92
91
94
90
91
87
116
98
95
105
88
102
98
105
105
92
92
85
78
110
102
103
95
104
102
93
93
73
91
94
78
86
100
125
102
100
105
106
98
87
96
101
106
90
101
102
89
95
95
98
93
94
92
79
91
98
67
107
87
96
97
96
91
78
94
81
104
83
107
118
107
92
98
80
93
87
113
95
87
90
104
89
94
82
95
115
99
111
79
83
79
101
93
82
104
90
105
94
97
92
86
92
102
106
90
115
94
93
99
102
95
92
89
91
83
94
86
111
88
96
90
86
95
86
93
92
89
86
92
103
83
81
110
99
89
70
95
91
100
75
94
90
92
88
84
100
91
92
98
99
88
105
78
109
102
85
102
107
111
90
94
95
104
99
103
86
101
80
113
88
105
78
88
106
78
121
88
100
100
98
98
94
89
84
74
83
88
106
91
102
84
98
89
96
93
87
106
110
107
114
89
81
92
84
85
81
92
103
107
76
94
101
94
119
91
92
83
92
98
102
85
80
85
83
113
97
91
83
92
94
112
90
81
97
87
73
92
91
97
83
88
92
91
97
92
107
98
103
99
107
92
94
109
108
102
94
92
99
104
92
113
86
96
128
104
93
110
103
91
84
102
65
97
104
96
107
109
87
102
81
96
71
113
85
100
83
89
79
81
104
90
108
97
104
95
91
117
101
109
88
101
91
86
91
110
101
89
97
84
102
102
91
105
90
102
84
109
79
91
104
100
94
75
89
87
105
90
99
103
96
97
97
75
86
95
98
92
99
106
74
113
97
93
85
94
85
91
98
92
104
94
102
104
88
94
113
97
98
92
105
94
100
115
93
100
91
94
82
112
102
91
91
100
101
121
84
103
98
104
83
98
89
95
93
118
93
93
95
100
103
102
106
96
98
101
90
98
90
94
94
117
95
76
82
99
104
109
84
101
91
103
94
101
107
101
84
104
79
102
109
88
112
77
94
97
90
83
106
97
89
113
101
100
103
91
72
76
101
76
108
101
112
85
91
90
93
106
101
93
106
78
82
86
110
110
94
98
112
95
111
88
84
92
101
99
109
82
85
91
106
98
92
100
104
100
100
86
100
106
92
116
85
108
101
104
91
97
90
94
90
87
116
109
94
88
92
87
82
86
88
97
92
100
99
100
75
80
95
88
112
92
86
99
95
99
96
94
95
78
104
90
102
90
79
101
89
97
92
104
71
103
99
112
105
90
96
99
91
106
99
100
98
95
88
97
81
118
85
85
77
77
103
102
91
86
94
108
98
94
92
106
92
87
92
86
85
93
96
111
88
97
86
92
83
111
71
99
94
92
98
80
86
108
93
94
89
102
87
82
101
81
90
96
81
77
84
105
100
97
83
87
91
90
92
78
95
119
91
96
97
84
93
96
79
100
114
94
114
103
97
110
102
94
102
102
80
95
84
103
83
90
120
108
108
97
95
93
95
88
95
95
111
86
88
108
104
88
109
88
106
85
99
87
89
86
94
87
113
84
93
80
99
87
96
77
90
89
77
84
105
112
89
94
105
87
99
111
73
87
92
111
85
97
91
96
96
89
100
80
91
88
92
95
91
112
85
98
86
87
82
96
99
92
103
76
95
95
92
94
84
86
105
108
91
89
85
91
101
107
98
96
85
85
100
105
77
86
87
91
93
90
82
92
101
113
84
86
95
89
92
113
115
100
93
94
97
110
95
94
95
102
105
86
80
107
126
86
89
93
86
98
97
81
110
85
94
104
110
101
87
106
104
98
87
88
88
80
96
95
100
94
92
108
101
95
98
95
84
80
83
87
109
91
87
99
96
91
87
100
77
91
85
94
102
95
108
99
85
112
99
97
107
115
101
101
96
88
105
90
100
102
105
84
119
90
110
110
89
105
103
91
94
80
99
97
105
111
103
75
90
85
94
102
96
67
97
105
107
90
81
88
80
87
71
98
108
94
83
105
111
100
96
103
84
98
92
113
130
117
80
98
96
92
98
108
86
91
100
108
99
95
73
86
95
83
104
96
96
104
103
82
110
90
95
99
76
97
84
99
109
96
105
90
93
86
101
83
94
84
99
93
115
110
106
102
83
111
95
106
104
94
92
97
103
106
107
116
109
92
86
100
94
103
111
99
73
109
100
78
114
91
114
123
105
105
92
98
98
105
91
109
87
115
115
102
99
108
95
107
90
112
86
109
97
102
112
100
107
89
123
104
110
92
89
104
106
99
109
100
86
113
102
104
103
105
105
79
89
103
73
100
110
100
93
93
108
97
116
95
119
114
99
101
110
83
103
90
87
76
110
105
89
121
110
99
91
112
86
107
80
92
100
98
90
117
110
105
112
116
93
94
90
102
97
89
87
123
94
105
105
79
105
100
96
108
104
104
91
97
97
103
95
107
95
104
125
112
108
129
98
95
109
114
100
104
93
113
108
86
102
117
79
101
105
99
101
113
100
111
94
111
103
95
124
110
114
97
107
98
101
92
115
93
101
102
114
94
103
120
122
98
120
116
98
97
102
99
94
114
104
112
117
94
106
116
115
122
92
104
108
103
117
106
89
133
101
121
96
110
113
125
109
103
109
123
94
99
115
94
104
107
109
112
116
101
107
91
118
107
100
99
111
114
95
110
115
110
114
119
100
94
115
102
112
114
111
116
109
109
107
125
108
90
94
108
96
123
112
104
117
100
99
122
105
106
96
123
106
102
98
96
108
94
117
119
108
91
99
109
104
110
115
114
115
130
105
91
103
113
109
100
103
91
104
120
106
110
126
94
109
100
109
105
120
111
112
102
110
107
105
115
115
101
109
137
113
113
115
115
89
112
112
131
112
113
113
106
124
110
100
113
130
129
107
107
96
133
106
115
95
110
98
100
119
118
121
129
106
134
121
90
111
113
118
103
104
107
87
110
122
132
95
96
130
120
124
107
110
100
112
117
108
99
111
112
120
131
115
119
111
118
101
118
100
105
105
116
113
129
89
99
116
116
110
118
126
106
122
118
101
102
110
131
120
140
93
121
109
111
110
125
104
116
112
112
119
126
108
98
114
103
88
103
112
109
105
141
110
126
124
113
91
102
127
108
116
106
108
112
106
102
118
116
99
124
113
115
101
116
115
126
130
111
120
109
114
105
106
124
102
113
88
117
118
111
118
101
87
118
123
106
117
119
127
84
105
109
124
99
116
103
115
96
106
96
119
118
132
125
118
98
110
115
110
97
126
119
113
100
121
122
86
120
99
96
91
121
114
91
115
91
113
109
112
132
106
96
124
106
99
104
130
97
117
114
104
106
101
101
109
111
103
104
103
105
108
113
106
97
121
109
91
110
101
127
105
125
111
101
119
139
107
113
89
140
124
97
128
93
110
128
121
82
98
117
128
150
92
106
79
104
95
103
116
97
94
104
101
102
107
101
90
104
100
107
104
93
98
109
86
112
77
103
118
104
92
93
101
90
98
104
93
115
108
92
85
104
112
104
93
96
96
108
88
103
88
90
101
87
112
97
83
105
90
111
82
83
90
93
92
101
90
90
103
91
102
96
82
93
96
90
103
77
95
93
93
92
96
101
98
95
116
96
87
90
90
69
103
103
88
88
94
87
105
103
93
83
100
104
82
96
96
88
95
92
102
71
102
100
89
102
94
100
72
95
80
92
78
96
110
104
99
93
97
71
94
83
62
79
75
83
94
87
91
94
86
65
62
71
99
69
80
72
81
83
75
86
71
85
90
89
86
79
85
81
74
80
93
69
68
91
68
89
72
80
65
67
72
77
80
73
81
70
80
75
69
83
61
80
64
81
91
66
66
82
80
79
72
72
86
78
63
62
67
79
76
87
75
78
88
63
66
83
79
82
67
69
80
80
79
69
69
73
55
81
73
64
69
61
61
62
71
74
71
55
75
46
61
77
71
67
69
62
65
72
83
57
78
57
55
52
78
63
58
61
62
72
62
63
81
59
59
62
65
71
68
63
57
65
65
52
58
57
61
52
63
60
62
53
65
56
49
53
62
57
61
54
65
78
64
57
49
53
59
62
60
55
57
63
70
64
58
67
58
47
62
61
48
51
64
61
44
53
56
62
56
56
56
54
56
54
56
62
53
53
46
58
47
60
62
62
57
50
59
36
68
44
39
54
50
48
57
56
38
64
47
57
37
51
47
47
45
42
47
45
38
40
49
46
40
59
46
47
62
43
54
67
34
52
58
38
59
37
43
56
56
40
41
56
48
39
44
45
42
49
36
62
48
35
45
31
38
31
46
38
42
51
39
51
44
53
39
47
51
39
44
37
37
36
42
49
47
38
47
40
41
48
52
42
37
42
43
48
39
38
41
41
65
37
46
49
54
36
46
37
38
37
38
33
44
43
43
43
50
36
36
40
42
23
41
40
42
37
40
45
47
44
33
36
35
36
32
31
36
34
32
43
53
38
40
46
40
31
50
26
39
35
40
35
39
37
33
27
43
43
45
40
42
44
37
41
31
23
47
35
53
35
28
35
32
46
34
43
41
33
33
29
39
36
51
42
33
30
31
29
35
36
35
26
29
37
38
32
41
35
46
35
40
35
32
39
39
42
35
22
30
31
31
32
32
32
20
35
33
41
33
32
49
30
31
28
23
20
33
36
35
42
38
51
35
31
33
24
38
37
27
40
41
36
30
32
23
36
27
38
26
32
24
33
35
28
33
37
28
30
35
29
25
31
28
30
40
32
29
32
34
37
33
32
31
25
29
39
30
28
30
30
34
26
34
26
28
38
49
38
42
28
34
31
27
35
29
19
15
32
35
34
30
29
27
30
26
27
29
24
24
35
33
34
32
39
36
20
25
32
18
28
26
22
33
51
17
29
31
22
36
28
30
28
30
29
28
25
27
27
27
33
27
30
29
26
35
28
26
23
26
28
25
24
30
31
28
26
26
30
29
26
23
27
19
23
30
24
25
23
30
25
21
31
31
34
19
23
29
26
30
34
22
22
23
26
27
26
30
18
31
30
30
31
29
21
27
22
29
17
20
21
23
17
31
29
26
21
19
33
35
13
29
34
17
20
38
28
27
20
24
20
29
24
25
25
26
24
28
25
23
33
26
29
29
32
29
22
26
30
26
28
24
33
31
22
20
18
34
29
24
29
26
25
19
22
25
32
22
29
24
25
26
29
25
26
28
21
30
21
37
28
21
28
22
17
20
24
26
24
29
37
21
19
37
27
19
34
32
29
32
39
24
31
28
23
25
27
31
23
24
24
29
28
21
32
21
32
32
25
30
33
25
35
23
22
23
22
30
25
23
39
27
22
24
17
25
32
22
28
31
25
20
31
28
30
42
30
29
28
27
32
18
27
33
24
37
24
35
32
47
25
28
26
32
36
26
36
36
37
34
37
26
31
35
43
38
31
35
40
32
36
25
39
32
35
34
41
36
33
35
36
26
35
31
42
43
32
34
42
30
40
33
39
48
34
58
40
31
42
42
35
33
44
52
31
29
50
44
39
34
43
46
46
37
36
49
38
50
38
45
49
50
37
59
51
51
45
46
48
57
44
50
45
51
51
60
34
50
47
53
53
59
58
55
56
37
65
59
57
64
53
61
67
57
51
62
61
65
60
69
63
74
54
80
65
56
83
70
74
75
69
68
71
59
85
78
76
92
86
67
89
74
89
92
83
81
90
83
70
73
88
81
90
84
89
86
93
87
80
80
84
79
109
97
98
105
94
93
109
108
89
108
92
104
100
127
119
120
117
123
109
116
119
121
138
141
133
125
110
109
123
122
134
132
119
116
137
135
147
123
136
128
141
131
146
167
130
159
135
136
163
176
162
162
155
176
152
123
179
154
174
182
158
185
180
167
170
175
176
161
155
191
158
213
215
176
180
186
204
170
219
181
200
197
201
209
180
220
199
215
203
204
212
223
216
207
231
237
217
210
260
232
211
217
219
283
254
259
258
241
234
259
213
253
225
241
231
240
242
247
246
273
307
286
280
244
281
277
280
271
315
293
258
298
314
307
278
301
284
287
274
307
314
331
302
278
310
316
298
309
321
294
294
317
346
317
343
331
351
331
332
291
362
371
381
325
328
335
380
343
329
368
340
315
349
346
372
351
380
375
374
378
385
378
368
374
385
405
382
356
382
402
438
367
372
384
384
425
374
409
398
434
442
389
431
409
446
385
404
426
427
399
431
410
406
472
448
415
439
434
461
439
450
456
444
426
434
449
436
477
418
419
432
397
480
463
462
461
408
469
439
459
490
475
487
464
461
506
447
491
466
474
453
504
458
460
497
505
506
447
469
479
479
461
506
454
466
473
487
448
480
486
476
494
499
449
493
523
518
451
479
507
468
453
510
507
487
508
506
494
492
530
513
498
527
493
527
471
509
485
475
483
510
525
529
481
490
494
517
489
479
509
494
494
494
481
517
482
521
502
538
495
508
508
462
457
475
484
489
469
457
497
496
488
466
492
464
452
491
474
498
461
480
501
465
460
504
434
440
470
472
456
461
479
467
464
493
487
424
467
474
482
426
434
487
435
448
457
450
430
449
449
441
427
461
473
449
492
422
455
428
421
435
438
439
425
426
429
437
405
419
427
448
429
432
426
401
444
412
399
413
385
386
406
401
405
400
408
414
400
386
407
367
395
418
402
381
410
420
379
386
371
364
355
353
369
351
378
379
376
412
379
370
339
367
324
360
369
368
364
365
320
364
329
375
340
335
361
311
367
322
339
307
289
306
342
327
290
321
317
288
305
306
311
307
295
293
286
282
274
300
289
301
295
295
299
309
251
273
280
321
258
296
274
242
272
266
268
246
274
296
262
257
231
263
243
271
251
259
281
238
244
249
246
212
242
272
246
230
222
216
228
247
244
251
196
234
207
213
201
214
200
201
191
219
226
224
204
199
182
190
180
216
232
198
195
199
175
180
199
175
171
162
176
181
205
213
194
198
188
164
190
199
188
146
173
156
158
171
180
179
156
131
165
148
154
156
137
177
148
151
157
159
146
164
152
136
141
148
136
129
164
137
134
152
139
116
131
131
114
132
136
129
122
124
119
101
109
128
125
116
100
131
101
122
132
124
128
127
120
138
100
103
112
96
95
111
118
114
102
117
108
94
106
112
98
101
114
97
92
97
99
95
98
101
88
100
95
99
102
93
84
84
98
89
85
85
59
77
95
105
77
82
87
76
80
78
81
89
77
91
88
67
82
75
75
78
60
83
76
65
66
80
82
82
72
67
74
66
69
67
62
75
79
78
57
71
78
64
58
69
69
63
68
63
70
64
66
72
50
73
83
71
67
66
63
62
58
75
59
70
49
66
55
61
63
51
65
58
48
58
66
46
47
48
45
54
62
51
68
60
48
49
56
53
57
51
48
63
57
45
55
51
49
52
50
41
50
61
45
52
41
43
50
54
46
54
61
46
54
40
46
36
37
53
49
38
39
40
46
42
41
52
40
44
40
43
48
37
57
41
44
48
45
41
44
38
47
48
38
46
45
50
43
40
49
44
36
33
37
43
41
38
47
37
35
37
36
49
43
30
43
42
27
51
46
41
47
39
49
30
32
37
28
37
44
29
35
38
35
30
22
33
41
34
31
38
36
25
35
23
42
36
27
44
35
32
40
29
46
33
28
41
22
28
34
30
33
32
39
28
26
19
34
33
43
37
33
36
27
25
31
23
25
29
29
29
32
31
25
29
26
31
24
33
27
36
28
30
27
22
32
33
32
29
29
31
30
20
29
33
28
28
22
33
24
29
23
28
26
15
34
27
21
22
24
25
22
23
27
18
31
27
30
28
29
26
35
21
30
34
29
30
24
25
24
26
28
23
29
35
30
26
41
18
34
34
30
18
23
25
26
20
28
33
16
17
26
20
33
36
25
21
23
25
21
24
30
19
21
23
26
25
22
27
17
24
36
20
24
28
26
22
17
18
34
29
18
24
28
21
32
30
20
25
20
25
34
17
30
15
26
18
25
25
24
29
27
26
19
20
21
21
25
18
22
39
24
18
25
15
21
25
22
15
26
28
23
32
25
21
30
22
25
21
14
18
27
31
30
28
21
20
20
24
14
28
12
29
26
18
29
24
20
24
23
20
24
16
33
22
26
17
29
25
17
17
25
13
22
24
23
28
9
27
23
25
19
25
22
34
25
35
24
14
18
23
29
27
13
13
25
26
16
30
19
10
15
16
17
19
21
20
18
27
25
23
22
15
19
15
13
24
18
29
20
25
24
21
24
20
23
29
24
23
21
25
13
17
17
20
24
26
30
10
16
29
23
17
16
21
19
11
32
25
21
23
15
19
11
20
17
26
23
25
17
23
21
18
23
21
28
24
20
12
27
26
27
26
24
9
23
24
23
26
18
21
27
21
19
20
19
26
25
17
24
21
20
21
21
33
18
25
20
20
24
25
28
30
29
19
18
22
25
23
20
28
21
24
25
15
25
14
21
28
24
19
14
21
22
23
20
14
24
23
20
16
27
24
19
20
20
14
27
24
24
17
19
18
21
21
29
33
26
16
27
30
25
19
24
20
22
25
22
19
23
16
22
18
21
29
13
19
18
25
23
17
22
22
19
28
21
24
21
20
17
18
17
22
17
18
24
28
30
22
20
19
16
26
16
25
27
26
18
20
17
20
22
27
22
29
15
25
19
14
18
27
23
19
18
23
18
26
23
24
24
22
22
11
22
19
17
13
24
15
18
18
28
15
19
18
19
23
22
19
11
21
17
24
13
18
20
22
25
24
22
24
18
26
23
13
23
24
22
22
15
18
27
21
19
20
28
23
33
27
23
21
20
20
17
15
20
18
19
24
20
29
25
16
18
18
23
17
26
20
20
16
20
24
18
22
11
17
20
15
22
16
11
22
20
15
19
13
20
29
15
20
14
17
28
24
11
16
13
15
21
21
25
23
21
24
18
17
17
16
16
18
22
12
22
25
11
21
20
25
8
17
24
17
11
24
21
25
8
15
13
18
17
17
20
14
21
18
16
21
16
19
12
14
21
16
18
21
22
17
22
22
20
20
13
20
17
14
26
16
22
16
21
16
17
12
11
15
16
25
12
19
16
20
23
17
22
17
22
10
20
13
15
15
22
18
10
12
16
14
12
20
9
16
26
17
18
21
14
14
21
25
21
14
18
18
23
12
18
18
25
25
20
27
15
8
18
18
6
16
9
9
18
19
21
17
15
16
22
18
18
12
17
24
20
17
18
14
20
14
20
13
10
18
16
17
16
18
17
17
19
10
23
10
12
14
10
17
20
18
8
16
18
22
13
23
18
12
11
20
20
11
22
16
12
12
12
8
10
15
15
20
18
16
18
11
17
25
10
17
7
15
19
27
10
15
14
11
15
10
14
14
16
13
21
25
20
20
19
13
6
11
16
22
11
24
18
11
15
8
17
16
20
13
10
13
23
12
20
18
9
19
12
23
13
16
12
17
14
14
11
8
12
10
9
18
7
20
14
20
21
17
9
7
9
18
13
19
17
13
18
14
12
12
15
11
15
16
12
9
7
14
12
12
13
14
11
14
18
19
20
16
10
15
20
12
13
18
5
12
14
21
13
18
14
16
13
10
7
12
19
15
11
17
14
7
16
14
21
6
7
22
17
10
10
13
12
15
13
17
17
12
20
164
185
192
184
182
183
180
188
183
184
186
171
190
188
165
169
182
194
186
150
156
171
190
171
175
169
186
206
208
177
196
192
184
188
188
173
201
179
174
173
163
195
185
227
165
196
156
207
183
169
177
178
211
172
178
173
194
164
169
160
177
177
147
189
193
169
169
182
190
174
169
167
185
176
192
175
177
191
169
175
185
166
170
160
186
179
188
159
178
170
165
160
173
175
160
183
157
145
176
163
152
175
180
186
166
140
172
174
182
157
162
188
155
173
162
171
158
167
169
179
171
173
158
191
182
173
157
105
