7
11
5
6
9
14
11
19
18
11
14
17
21
15
19
13
12
18
17
17
21
12
17
13
15
18
8
9
22
16
21
13
17
16
8
15
16
12
17
10
13
15
13
19
12
15
8
26
13
13
18
14
10
10
14
24
40
74
91
138
218
288
290
303
271
338
326
353
411
461
595
710
902
989
1005
957
906
827
695
619
567
576
474
473
450
405
423
425
359
421
350
401
391
360
397
420
380
420
400
397
382
391
382
396
397
399
368
371
381
400
397
386
353
394
429
415
411
404
414
378
382
388
363
406
362
379
389
431
396
406
408
376
335
386
418
363
376
324
366
372
376
376
382
379
366
398
386
382
367
374
391
404
363
389
375
356
364
390
341
376
378
397
360
365
387
395
379
367
381
385
365
371
366
404
403
384
414
372
383
377
381
363
380
375
361
367
347
362
374
372
352
362
382
367
409
363
399
382
375
379
414
395
402
370
397
405
371
377
369
382
406
370
399
389
390
401
394
385
378
362
381
430
360
409
408
406
354
372
391
396
352
398
390
399
401
354
366
399
344
386
421
402
427
370
407
388
413
372
411
376
402
372
381
403
420
399
390
403
427
361
376
389
402
362
407
396
383
413
417
395
429
427
407
412
436
370
434
430
407
410
404
442
431
420
405
404
433
415
442
432
396
416
422
405
435
432
431
442
450
425
478
422
419
412
461
410
464
441
425
435
452
461
432
474
449
442
483
459
456
422
404
460
447
424
426
477
468
444
452
449
454
492
440
440
455
449
501
472
463
436
482
443
459
468
477
480
506
465
468
506
456
517
474
499
470
467
439
473
490
465
466
489
480
496
503
508
523
524
485
512
477
497
498
492
491
487
503
501
504
507
505
484
508
477
498
507
462
511
561
494
493
504
507
526
511
496
480
594
503
521
564
582
540
538
557
528
498
546
558
533
546
521
550
533
526
558
532
514
541
528
531
529
553
539
533
555
514
528
521
520
525
527
517
509
590
507
598
571
543
542
601
576
532
543
518
511
557
557
564
573
503
542
576
530
537
610
548
560
552
528
558
543
561
584
540
529
543
536
562
594
534
537
547
604
536
566
574
534
576
609
560
588
528
569
542
555
587
546
560
577
569
547
570
561
524
578
575
582
553
580
553
592
564
614
522
562
563
537
593
545
565
564
557
546
557
544
551
572
570
589
535
537
575
586
560
562
553
553
597
625
562
606
568
564
556
572
581
571
562
610
609
523
568
567
548
575
555
558
602
601
565
535
556
625
604
594
567
552
597
565
565
574
560
583
570
565
562
573
525
609
560
560
526
597
595
552
574
599
606
583
575
578
583
577
615
627
594
620
588
563
585
627
634
585
582
570
560
619
585
591
580
624
592
612
646
582
577
594
581
588
591
587
586
641
560
598
585
544
558
637
565
608
581
594
549
534
544
587
632
562
576
615
611
630
625
598
582
619
577
580
573
625
616
604
593
568
615
588
540
597
611
643
541
584
626
592
598
602
613
602
559
576
601
603
577
575
609
618
621
609
585
590
554
568
557
541
603
598
578
592
561
602
596
613
611
623
557
571
580
576
625
613
590
561
663
626
575
614
560
590
605
633
637
592
604
643
568
596
571
618
582
586
594
615
575
572
613
601
608
616
568
585
565
596
617
624
557
610
585
620
584
595
614
632
607
587
631
618
581
598
621
611
607
620
561
579
599
627
592
627
585
561
604
653
566
591
595
610
549
543
574
626
589
582
550
661
582
603
594
612
572
618
608
584
597
645
608
552
635
636
559
611
553
561
617
539
564
594
579
598
604
604
611
585
607
639
608
630
622
603
619
605
607
613
565
582
551
590
577
569
619
588
595
620
594
571
574
604
542
637
619
593
540
568
607
573
609
586
598
647
577
578
604
580
578
607
601
605
586
646
609
599
574
572
633
598
607
653
619
578
617
570
626
579
612
568
630
593
624
623
608
573
614
681
622
577
595
591
570
607
579
589
614
621
614
611
631
592
603
583
622
622
608
624
610
562
596
600
567
614
586
620
620
592
638
641
593
645
618
610
634
632
593
611
640
630
645
633
640
602
642
643
646
619
649
647
673
645
620
638
625
622
645
608
659
660
672
658
611
635
632
644
676
690
671
656
664
660
660
704
702
710
628
610
731
606
650
690
607
689
686
718
682
700
682
736
644
668
659
744
712
710
703
730
749
708
718
715
685
708
686
685
727
722
689
733
757
685
701
728
691
726
686
688
756
716
718
755
740
783
741
726
729
742
759
778
738
709
711
756
757
696
711
759
743
698
728
707
766
739
728
781
781
764
700
743
715
711
771
735
701
720
732
715
730
718
772
734
735
731
732
728
705
758
737
742
745
696
699
779
714
729
757
710
707
757
744
715
756
683
721
783
731
733
713
734
743
669
703
734
720
724
659
779
761
733
726
668
708
739
675
740
688
715
747
717
755
691
711
694
722
728
731
715
749
716
720
711
716
721
697
701
736
665
662
749
723
697
666
684
652
684
714
720
679
724
637
676
679
652
731
659
694
696
697
680
656
691
650
689
616
676
687
697
672
694
712
659
691
713
679
738
705
696
688
664
676
663
661
681
676
654
646
693
681
673
668
674
632
657
698
697
650
651
591
737
645
679
645
667
662
647
691
621
632
659
690
654
644
681
698
628
652
634
638
642
657
660
692
624
687
697
675
634
649
641
638
638
651
637
660
627
667
655
631
636
629
638
693
678
614
622
657
661
675
649
622
649
641
658
645
636
637
597
674
644
644
658
670
598
665
665
651
619
670
643
658
641
632
656
666
615
652
608
590
660
633
643
641
614
645
618
623
691
600
666
655
633
592
616
644
625
638
647
605
607
693
647
647
637
603
569
597
603
608
578
641
632
660
661
650
625
609
598
615
638
639
585
609
621
626
598
607
633
603
605
610
593
650
607
622
614
617
542
604
588
604
574
617
628
594
653
640
550
631
634
605
610
597
613
622
567
569
588
649
584
593
623
598
618
581
614
653
594
621
579
589
617
597
584
577
609
600
576
611
568
576
621
573
606
544
568
626
620
589
547
569
566
543
581
564
601
616
543
579
608
571
571
538
580
568
591
585
564
598
610
547
541
580
531
597
605
537
562
574
598
568
616
583
529
602
573
564
571
520
552
570
539
532
567
559
572
565
543
540
584
547
553
566
526
568
530
560
543
550
528
582
571
571
540
502
582
548
604
511
600
537
568
547
568
536
538
557
574
562
567
577
558
521
548
556
597
514
530
532
511
569
582
525
579
518
533
582
521
538
560
549
557
558
532
532
570
486
567
567
574
541
526
555
532
524
545
504
548
523
490
507
505
532
519
567
522
510
509
491
509
524
530
527
540
547
547
543
502
557
502
527
513
515
569
517
508
504
526
520
584
533
480
487
527
503
538
530
469
510
504
517
531
552
494
485
481
479
523
526
482
521
512
496
485
512
541
525
514
480
537
500
549
545
504
497
526
515
506
520
456
479
495
518
488
529
489
476
543
511
506
505
508
505
486
522
473
533
512
488
517
533
541
469
478
532
510
501
496
493
493
500
509
486
516
535
499
516
504
525
506
543
508
504
495
510
510
511
488
512
508
500
476
481
542
525
512
466
503
507
469
494
517
522
493
492
484
502
510
537
501
505
501
498
516
514
456
523
511
506
531
507
471
493
455
476
527
507
521
518
512
510
521
541
495
492
527
517
529
469
487
473
526
486
502
465
489
496
498
512
514
507
500
474
485
477
479
490
515
513
499
515
485
498
504
478
488
529
501
491
495
475
504
498
517
496
462
493
506
524
530
493
488
483
504
518
479
501
481
505
532
520
497
488
494
528
490
482
490
528
520
513
511
487
496
468
511
425
450
488
486
481
483
534
503
504
497
509
481
499
463
499
510
530
502
507
494
485
466
521
535
496
522
467
494
497
500
506
522
510
531
483
469
509
493
478
512
489
497
501
467
508
507
471
488
479
519
480
514
465
455
482
506
507
495
478
472
477
507
494
474
499
479
494
498
496
479
460
499
494
519
510
475
495
496
452
452
486
489
471
429
507
441
474
439
470
532
501
486
463
444
497
497
465
439
446
449
433
458
473
454
446
440
470
475
454
457
442
506
458
414
479
463
445
425
468
442
475
447
436
450
469
445
440
432
430
412
435
469
401
463
463
481
448
409
406
427
439
404
419
417
396
388
428
440
419
407
434
391
387
415
436
374
412
410
414
413
424
412
476
383
353
393
381
411
393
384
412
408
395
414
396
400
408
408
394
396
398
390
404
397
382
386
388
377
401
353
403
383
405
374
342
375
381
390
377
386
406
370
362
347
369
345
326
355
332
376
366
323
357
377
363
302
361
330
375
337
351
356
349
376
328
326
341
332
350
352
340
365
354
360
323
323
323
335
320
324
336
322
338
312
333
296
335
310
321
315
313
326
328
340
344
325
299
293
299
300
282
323
349
315
298
292
323
310
322
318
298
315
289
287
239
305
282
268
327
314
303
298
282
282
282
282
291
311
269
282
292
309
248
317
320
263
285
284
274
280
274
297
283
305
270
288
258
283
244
282
262
310
272
232
260
297
264
274
275
277
257
276
274
279
260
248
281
273
310
274
233
257
272
275
296
264
267
242
240
259
247
272
252
259
249
262
263
266
222
256
265
276
283
275
278
268
261
259
257
252
268
261
235
259
239
259
273
242
231
233
244
250
259
264
262
250
263
227
254
258
252
257
247
247
259
278
223
258
244
196
235
259
247
237
233
250
251
245
238
262
266
240
248
234
228
231
260
238
214
231
233
265
222
217
215
255
270
239
249
245
231
233
255
249
218
252
238
260
233
217
235
247
236
254
254
236
234
244
194
232
235
222
234
251
234
249
224
229
233
216
211
233
216
213
238
245
241
251
222
211
224
234
225
224
224
227
232
217
217
211
207
249
234
226
256
225
216
238
194
225
217
205
208
234
263
218
221
232
255
209
217
231
211
220
215
199
235
202
238
250
216
206
223
228
220
206
205
205
221
249
204
203
211
202
214
229
198
199
229
232
185
219
211
204
214
217
201
206
197
243
234
205
209
186
233
216
207
178
191
190
216
216
190
210
218
227
204
209
240
214
231
222
215
197
199
245
210
199
211
200
196
208
183
186
204
229
217
221
203
211
229
207
208
219
206
195
213
204
219
188
194
187
191
192
183
192
228
213
181
209
204
222
203
179
196
185
219
189
206
194
206
204
196
190
207
198
204
217
198
205
182
207
206
224
218
203
184
215
192
206
193
208
207
184
188
204
200
203
218
185
191
201
186
187
193
225
218
211
200
197
197
207
186
183
203
193
179
201
193
184
197
215
211
192
212
209
220
195
215
206
211
181
202
210
205
208
174
182
200
202
198
196
181
190
209
193
205
192
168
203
191
198
217
204
202
189
174
195
211
202
187
197
181
197
175
176
193
202
185
203
211
199
204
216
206
173
191
192
198
220
193
194
194
203
173
185
208
189
157
202
204
176
198
202
182
187
206
213
195
212
216
185
215
199
198
196
209
206
183
184
216
189
200
198
201
199
207
189
214
206
194
208
201
207
202
216
215
214
203
198
184
208
173
197
204
206
201
193
198
199
192
207
172
204
178
181
196
196
191
203
208
202
219
219
196
191
192
219
182
216
215
219
205
203
217
200
198
224
195
199
220
236
205
216
212
227
219
217
216
211
212
230
207
181
213
237
246
226
224
223
227
211
242
206
228
210
200
234
214
189
201
221
219
213
235
216
231
240
229
252
213
242
216
240
244
267
272
232
233
253
256
238
242
250
238
267
256
231
233
268
268
255
247
258
258
272
281
261
261
292
254
248
279
276
253
268
275
254
273
240
288
260
266
265
275
303
298
259
274
303
295
314
308
310
313
324
325
308
301
306
297
301
291
304
307
299
292
336
318
324
336
317
346
342
331
364
384
389
350
367
340
386
340
366
386
384
371
379
370
387
423
386
392
395
440
458
359
397
386
429
431
410
422
464
459
460
469
450
483
464
457
502
474
453
479
487
480
483
568
524
491
451
539
529
576
565
536
537
575
575
571
560
575
589
601
593
645
594
612
629
667
661
646
654
674
679
641
665
678
698
635
666
658
725
679
722
726
718
750
726
760
773
762
776
787
795
803
792
841
849
810
847
836
875
863
906
877
929
909
942
943
965
959
920
1009
1025
1007
1023
968
1024
1082
1034
1065
1105
1092
1070
1123
1115
1163
1161
1199
1220
1223
1191
1239
1212
1248
1244
1235
1242
1351
1248
1311
1310
1373
1363
1379
1328
1403
1421
1470
1440
1432
1441
1492
1354
1451
1528
1555
1545
1603
1552
1544
1570
1594
1681
1640
1732
1589
1696
1688
1653
1665
1734
1763
1815
1805
1843
1804
1866
1844
1839
1861
1814
1901
1898
1939
1922
1985
1927
2015
2069
1944
2027
2107
2074
2049
2026
2148
2113
2134
2130
2171
2237
2215
2220
2252
2203
2298
2239
2274
2261
2391
2300
2419
2391
2437
2323
2347
2398
2356
2471
2397
2446
2446
2526
2482
2404
2560
2580
2528
2570
2524
2579
2673
2569
2590
2617
2626
2643
2680
2677
2678
2647
2659
2752
2700
2731
2797
2848
2799
2719
2716
2738
2893
2885
2798
2917
2846
2780
2897
2893
2780
2902
2847
2940
2863
2868
2853
3031
2899
2921
2918
2823
2892
2919
2952
2881
2927
2949
2947
2937
2956
2963
2918
2919
2909
2916
3045
2935
2988
2853
2935
2903
2989
2916
2943
2975
2977
2907
2921
2953
2978
2799
2797
2997
2983
3038
2931
2890
2873
2936
2941
2868
2917
2813
2813
2923
2886
2850
2783
2869
2835
2852
2894
2680
2805
2798
2773
2687
2623
2722
2756
2751
2720
2755
2694
2662
2658
2767
2580
2616
2571
2680
2611
2726
2566
2613
2604
2597
2549
2550
2553
2406
2454
2453
2438
2412
2494
2465
2469
2280
2329
2362
2318
2332
2370
2347
2213
2229
2184
2233
2294
2247
2216
2177
2218
2149
2161
2145
2147
2107
2108
2122
1972
2030
1976
2049
1963
1984
1933
1935
1955
1912
1873
1804
1854
1841
1811
1768
1722
1777
1711
1711
1778
1643
1693
1645
1672
1641
1568
1576
1567
1635
1510
1539
1518
1514
1471
1517
1440
1544
1383
1342
1397
1426
1327
1312
1343
1299
1309
1313
1312
1219
1237
1263
1238
1247
1191
1188
1162
1083
1160
1142
1097
1093
1073
1061
1050
1054
1028
1125
1009
973
977
986
941
915
941
866
900
852
863
849
814
885
880
806
799
860
775
788
814
790
750
720
742
703
734
729
719
739
679
714
635
615
620
625
626
652
634
566
580
590
592
595
534
594
503
500
548
511
515
515
513
538
516
501
487
499
458
476
449
475
472
431
463
444
396
428
375
396
411
404
379
383
399
400
365
355
359
378
339
337
343
346
342
343
322
319
348
335
305
311
307
304
307
289
277
317
295
272
270
273
261
266
249
259
267
259
277
256
257
263
254
247
264
251
235
260
221
213
208
242
262
240
204
212
215
226
217
217
206
231
198
196
193
194
211
219
215
212
190
178
186
181
192
206
179
178
172
182
180
200
187
179
189
168
185
195
191
182
137
158
150
172
156
181
163
148
160
176
157
163
140
154
155
134
122
128
168
152
146
125
152
137
157
125
148
139
124
158
140
149
129
140
129
122
144
116
151
128
138
140
137
118
133
125
129
124
139
126
129
112
129
134
131
122
124
123
128
117
132
122
132
102
106
120
124
100
106
100
103
105
125
108
123
119
115
130
132
105
116
125
116
107
127
107
104
105
116
102
95
126
99
107
100
104
110
99
117
94
107
105
92
113
87
119
106
109
110
101
114
98
106
108
101
99
97
110
86
97
101
106
90
101
89
96
88
109
108
94
107
99
77
100
98
95
103
105
86
98
88
88
90
108
98
94
100
110
79
103
111
96
108
99
88
96
98
106
93
86
87
102
89
97
87
82
110
97
94
106
96
93
91
101
103
83
86
80
115
101
109
90
98
89
85
91
108
106
94
88
79
110
84
89
96
95
96
110
89
94
86
90
94
106
83
84
97
93
88
74
98
85
83
85
82
79
101
83
81
97
95
82
85
85
97
88
100
95
91
100
102
92
99
82
84
74
96
86
91
84
73
97
76
84
97
89
91
101
86
81
80
80
88
87
81
96
85
79
84
102
95
92
79
98
102
88
84
81
110
85
80
97
93
86
92
94
91
86
76
92
83
84
90
84
87
92
99
88
81
84
99
101
107
99
97
86
96
106
81
97
73
84
85
68
81
93
84
76
89
86
77
97
99
88
83
81
83
85
81
103
83
103
101
97
94
102
77
100
116
87
90
80
81
75
101
78
77
89
98
96
85
109
88
79
85
94
80
96
94
71
84
88
110
95
91
88
96
98
80
107
96
85
88
85
75
88
84
96
94
87
102
92
107
110
97
91
81
97
87
78
86
99
89
75
80
79
101
81
73
84
95
93
101
77
85
83
94
81
91
87
93
94
85
87
82
98
92
87
94
75
71
78
81
78
94
96
77
80
87
105
102
79
84
101
97
90
65
88
85
77
85
95
81
85
72
84
85
79
86
90
86
90
98
90
93
74
85
87
79
85
106
97
87
75
76
93
85
85
89
71
96
79
100
80
86
87
97
81
83
85
71
88
72
73
87
69
96
90
80
84
72
76
88
83
99
94
84
96
76
85
75
95
106
87
90
90
96
85
80
87
77
99
78
88
81
91
93
78
84
91
78
102
88
90
84
90
84
88
70
96
91
97
82
120
86
81
90
83
102
89
77
80
77
78
88
81
97
102
90
88
87
82
84
85
96
77
76
80
92
89
72
96
79
91
90
87
84
75
83
95
70
86
85
94
116
71
69
92
80
82
95
80
80
117
87
92
92
82
100
83
97
87
118
96
90
96
91
97
87
91
93
81
102
93
87
85
100
94
96
99
88
77
86
87
76
82
96
92
73
84
87
92
96
97
78
106
76
71
102
86
98
89
96
93
82
93
72
89
73
96
94
82
93
96
109
80
84
89
81
93
74
79
111
103
100
92
83
79
97
78
82
99
90
96
83
87
86
82
98
96
97
78
105
92
111
81
91
89
105
89
82
90
104
101
99
96
93
103
88
109
83
85
98
91
107
87
70
79
89
75
90
95
97
95
94
108
96
89
88
103
81
90
87
103
95
96
102
102
72
86
96
75
81
90
81
92
87
89
99
105
82
93
92
89
76
93
98
105
89
101
91
86
91
93
98
89
92
69
97
84
87
86
79
104
100
94
79
84
104
85
82
86
92
82
91
97
95
109
91
111
96
85
101
99
97
97
91
94
93
96
84
72
101
97
91
86
93
86
96
95
81
103
76
76
83
81
109
94
85
89
102
95
71
101
88
83
92
103
110
81
88
101
69
90
78
98
78
73
96
87
81
93
80
107
106
88
88
79
83
79
91
98
88
79
70
80
81
111
75
87
98
97
80
84
100
66
86
84
92
86
81
100
72
103
105
83
102
88
82
89
80
86
84
86
100
95
89
103
81
75
82
69
88
87
84
84
78
103
83
81
84
91
99
92
90
84
89
80
112
102
81
92
96
78
96
91
79
98
82
91
78
91
110
92
87
85
77
84
87
92
77
84
75
84
95
76
90
83
100
103
86
86
98
68
87
77
77
99
76
97
82
87
73
81
84
74
87
85
82
81
86
83
88
83
89
101
78
106
88
76
77
89
97
84
75
83
79
82
77
89
86
99
85
99
93
85
81
70
108
85
87
87
95
81
96
87
76
94
82
83
72
90
85
102
75
84
83
76
64
95
65
110
93
81
74
78
66
79
91
94
86
73
93
100
105
89
81
83
81
80
78
90
93
106
90
100
102
95
77
94
96
78
82
76
85
105
76
89
86
88
98
80
93
84
95
71
98
91
86
79
92
106
93
73
77
80
76
93
86
79
99
89
93
86
96
82
83
93
75
83
73
75
77
96
83
86
82
96
91
77
81
90
93
80
78
86
82
76
78
80
88
73
64
85
71
92
85
90
80
84
67
91
94
80
73
101
93
86
99
96
95
88
80
85
91
97
79
95
85
75
90
88
89
71
80
100
97
85
88
88
83
101
83
87
84
97
83
93
96
109
79
86
58
95
91
93
80
89
78
96
90
91
96
78
80
97
87
91
100
98
82
81
75
83
102
103
80
90
86
90
75
88
75
87
92
74
93
95
87
80
93
82
78
68
82
81
84
103
86
81
84
86
88
86
77
96
81
92
85
78
85
72
91
99
92
104
78
85
102
88
100
91
105
94
85
87
95
77
91
94
74
86
96
91
72
83
68
80
95
99
100
80
74
105
90
72
82
85
96
96
97
80
99
99
85
86
116
97
89
82
101
94
83
91
89
95
76
98
79
78
80
72
90
99
92
94
76
84
88
88
85
82
88
89
82
64
101
79
91
103
67
93
85
76
70
85
96
95
87
71
85
85
83
93
82
75
101
95
108
80
75
84
72
88
86
104
89
65
94
84
87
83
83
93
86
93
56
101
88
89
96
83
84
94
94
106
101
80
100
96
84
88
91
91
100
97
92
81
89
81
75
100
100
79
73
70
82
87
68
85
86
80
83
82
95
87
89
88
107
98
72
100
108
92
94
87
91
109
88
79
94
92
93
86
99
96
77
68
106
85
69
94
91
90
77
88
96
105
90
70
81
91
72
82
94
90
73
95
96
96
95
111
90
81
75
81
105
77
77
87
88
87
76
87
72
73
81
85
83
102
100
102
73
96
90
76
75
101
74
91
96
95
69
74
81
85
87
74
94
70
90
87
85
82
96
73
88
82
84
65
82
72
66
85
90
82
87
87
107
82
99
84
73
80
79
83
109
98
79
84
97
79
71
66
102
97
83
60
75
68
104
88
94
87
98
86
79
99
82
87
82
98
69
104
85
92
88
93
97
101
81
85
93
94
92
85
89
84
76
94
92
82
98
94
84
87
84
88
80
84
75
99
76
84
101
84
90
77
87
100
96
91
89
94
82
81
100
88
77
88
95
100
87
93
95
80
99
81
91
79
98
83
74
69
88
97
85
85
80
80
88
68
87
77
81
103
88
84
81
86
94
86
83
94
99
90
107
81
76
88
90
82
79
105
84
83
87
87
83
92
102
83
89
98
94
101
91
101
90
88
89
77
86
70
89
79
98
95
89
85
80
99
78
78
94
80
88
79
80
92
92
81
94
87
75
92
95
88
89
99
98
68
93
90
81
99
93
95
83
94
91
54
88
83
86
89
75
96
100
74
91
89
86
99
100
88
94
92
97
87
95
88
74
87
93
77
94
89
97
76
100
78
82
98
92
106
73
84
77
80
102
79
87
90
97
93
84
103
73
87
103
93
97
95
98
84
87
96
86
100
99
91
85
87
107
94
92
77
94
81
102
75
92
79
117
90
80
92
85
93
88
88
81
100
103
87
93
108
92
64
90
95
89
98
111
96
85
99
105
89
109
93
98
89
96
98
87
77
79
96
84
109
110
88
102
80
76
84
78
97
88
102
87
82
73
94
78
83
87
100
79
69
103
99
92
90
99
100
89
93
120
86
80
105
94
87
94
92
89
109
92
99
107
99
97
100
98
87
79
99
82
84
88
94
91
106
75
95
97
90
81
116
81
108
87
107
109
108
86
97
90
92
95
90
87
84
94
93
83
97
98
87
82
104
93
96
88
96
85
91
81
91
86
102
76
100
89
83
86
96
88
113
100
85
100
95
95
87
92
95
101
96
90
96
85
108
106
103
97
112
95
84
88
77
108
109
85
98
95
84
105
92
108
81
79
93
83
105
112
86
93
85
89
98
87
89
91
92
109
86
82
87
94
102
98
88
75
96
108
86
113
91
86
97
79
108
88
96
87
111
109
101
100
88
103
79
98
96
97
110
90
98
90
103
82
89
98
91
71
99
89
101
93
86
95
87
112
96
78
99
106
96
101
106
85
85
100
106
90
105
128
117
97
99
101
103
87
90
81
86
94
98
90
96
91
110
102
88
103
98
127
85
82
92
115
86
96
100
107
99
86
100
85
91
83
107
101
122
88
86
89
87
84
96
104
101
113
100
103
107
107
129
95
85
91
112
103
104
96
96
87
132
102
87
106
89
92
96
83
82
91
90
111
98
118
98
95
83
88
100
97
108
110
105
95
85
112
83
99
109
115
92
96
100
95
109
84
94
109
112
92
91
79
103
98
109
107
89
125
103
88
88
104
94
103
88
101
96
82
96
93
120
104
102
108
79
86
99
106
82
96
96
105
102
99
104
95
98
103
96
91
124
87
115
95
102
119
92
107
106
81
117
103
90
103
112
103
86
107
108
103
111
92
110
108
94
105
99
110
91
101
113
112
99
96
111
121
76
75
93
105
90
108
95
89
106
81
85
106
93
90
88
94
95
91
103
113
95
114
101
89
103
98
91
95
97
112
112
99
100
73
94
95
116
110
106
96
104
105
96
98
82
121
116
105
97
112
99
129
112
96
116
106
108
97
112
120
110
111
108
100
93
83
84
115
107
84
99
103
79
99
101
93
102
91
113
108
99
93
111
104
109
100
104
83
109
95
107
94
98
101
101
109
99
103
100
104
89
101
105
105
82
91
112
91
105
84
98
97
106
100
99
107
90
88
105
111
107
121
118
86
108
93
111
94
106
88
103
94
122
119
90
103
109
100
118
100
85
105
95
88
94
86
92
90
99
86
116
119
99
120
84
86
96
106
87
113
92
87
92
114
113
111
92
104
107
101
108
97
109
93
95
100
93
93
100
103
115
103
95
108
105
98
96
97
105
110
109
101
114
95
96
112
74
100
94
109
97
96
93
106
100
89
94
92
98
100
98
101
81
100
110
90
86
111
99
94
75
94
107
76
95
107
90
79
93
84
116
84
110
90
104
108
99
83
81
96
98
90
124
90
94
95
90
102
102
109
90
116
94
100
84
92
95
85
97
94
88
110
97
100
75
77
121
81
108
103
92
98
96
94
104
90
92
89
94
92
97
102
88
73
79
105
104
106
97
103
92
95
91
95
75
96
92
100
89
96
81
108
110
106
99
88
80
101
87
110
115
84
100
94
89
84
95
91
86
96
102
97
100
83
89
78
94
89
93
93
82
83
93
76
68
82
98
98
82
86
70
69
84
89
70
78
83
99
82
87
105
98
93
86
83
98
106
74
84
76
80
85
86
78
91
66
118
72
80
88
85
82
84
73
81
89
81
80
84
68
89
97
86
89
78
85
89
95
89
85
85
103
69
79
73
79
69
73
80
78
84
74
82
75
73
86
98
89
77
71
76
64
89
76
68
81
71
82
70
77
86
66
84
57
75
70
81
77
84
74
84
79
78
76
77
86
79
56
77
55
72
75
70
54
63
81
77
72
67
84
59
62
75
91
67
76
54
61
72
70
61
49
72
66
55
61
68
63
58
81
60
55
62
53
66
64
68
60
64
80
68
64
65
72
73
62
60
67
74
74
58
55
51
59
64
52
71
65
65
64
70
61
61
67
71
64
70
64
73
60
72
57
52
72
63
54
61
52
69
54
58
62
61
52
59
60
48
50
74
65
55
67
51
56
61
68
65
52
62
66
61
51
67
64
56
64
55
54
53
62
42
68
58
46
62
59
48
65
59
59
41
48
53
50
45
52
51
61
49
52
52
62
39
51
52
57
55
49
55
42
47
64
47
52
54
50
56
53
43
50
67
56
52
40
61
48
40
57
44
47
48
48
49
57
69
53
46
56
70
50
44
57
42
49
47
47
57
61
40
55
34
46
44
41
55
55
53
50
51
43
47
53
54
54
46
49
50
45
51
46
41
39
46
36
59
46
37
44
39
48
44
52
41
46
37
43
45
40
44
53
34
53
34
50
41
54
56
38
41
44
40
51
39
33
52
44
43
46
25
36
49
53
41
46
48
45
46
57
33
41
39
26
38
48
37
43
46
31
33
43
63
52
28
33
41
37
47
35
42
44
29
48
29
34
49
46
35
36
44
50
49
47
48
36
37
56
35
39
41
30
29
30
36
37
36
32
39
37
43
33
31
45
35
43
26
38
41
48
42
40
45
34
31
41
32
35
31
32
35
29
31
46
49
40
39
31
42
41
33
37
39
41
37
34
33
28
30
32
29
37
33
38
42
38
28
36
23
38
36
30
36
34
36
41
36
40
39
28
38
32
35
35
42
40
30
22
35
31
36
33
40
30
30
37
36
22
23
38
36
28
42
37
31
41
45
39
33
29
32
39
21
40
28
46
42
30
30
42
38
23
28
42
30
39
31
29
38
33
39
28
33
26
36
25
28
24
30
20
31
24
33
30
22
28
28
42
30
28
37
30
33
28
28
32
37
39
28
21
34
40
33
35
38
37
41
23
31
22
41
25
31
40
38
33
50
29
42
30
32
29
28
33
27
36
31
30
29
42
35
29
31
33
32
35
34
42
40
39
32
31
38
37
37
35
30
29
31
26
35
24
45
36
30
33
25
39
36
38
32
37
34
44
19
39
38
28
25
34
34
28
24
20
35
31
31
36
28
42
45
32
38
35
28
41
28
37
32
33
25
28
26
31
28
36
30
28
35
31
40
30
32
30
30
41
34
31
24
31
31
30
41
34
33
38
37
38
40
34
27
40
25
43
28
36
33
38
38
36
31
34
46
35
43
30
31
32
40
41
40
33
40
38
35
42
35
33
37
34
34
33
35
29
30
28
34
27
34
39
27
37
37
34
31
35
37
39
38
53
39
43
41
33
32
44
52
39
25
42
37
27
32
44
36
29
37
32
41
33
30
39
42
42
40
50
31
42
40
41
37
37
41
43
34
41
49
23
37
45
32
28
48
33
48
36
45
38
62
34
37
46
45
40
49
45
48
33
47
36
34
40
51
45
42
50
45
50
30
33
32
30
45
48
39
46
48
53
38
46
52
39
45
44
35
40
44
41
40
37
48
29
60
41
52
55
38
46
62
40
38
42
47
52
56
42
44
54
48
42
52
48
42
39
50
45
38
53
47
49
51
52
52
53
55
42
50
48
37
43
59
48
56
62
50
51
55
55
43
60
51
52
53
49
53
51
61
47
52
46
61
47
53
53
51
48
54
58
51
44
53
50
62
46
53
69
60
46
52
57
61
53
60
65
68
51
65
51
59
54
59
71
71
71
57
59
54
65
61
67
65
71
68
62
61
63
74
64
64
84
62
72
59
61
67
77
64
73
67
60
47
88
64
66
58
60
63
65
65
63
70
77
87
57
70
66
85
78
57
65
87
71
73
78
84
78
69
81
78
69
81
74
78
80
74
89
86
90
90
75
81
68
82
87
68
70
90
85
88
85
80
104
83
82
86
88
80
82
86
86
74
79
93
85
88
100
92
104
94
87
95
101
80
78
108
104
101
93
112
116
102
107
109
109
104
105
104
100
103
134
109
118
112
107
106
110
124
105
123
115
110
130
100
127
119
141
132
125
110
126
134
130
149
128
123
138
111
128
136
121
127
144
125
138
122
135
148
154
139
122
133
150
142
133
142
150
154
172
160
160
149
133
121
136
151
143
147
158
159
151
157
152
134
167
154
166
150
156
163
172
172
169
155
176
183
172
155
189
172
168
183
164
173
178
185
188
188
193
172
186
194
200
171
181
199
202
183
199
196
219
189
197
162
250
223
202
193
202
239
187
197
202
222
211
235
244
228
219
231
230
236
224
223
205
222
224
230
239
227
199
229
248
246
236
262
262
257
264
249
254
262
266
271
252
269
250
255
270
281
234
252
251
280
235
283
246
281
255
282
314
293
274
260
281
284
269
306
292
315
292
276
316
290
319
329
320
314
311
315
267
312
303
353
302
296
318
306
318
313
320
327
351
319
306
308
317
316
344
336
355
341
304
304
345
330
325
322
351
310
352
316
341
381
310
368
381
389
339
371
350
346
364
352
340
377
365
351
400
316
360
342
377
375
399
402
368
375
360
363
382
382
392
398
373
405
364
332
379
380
383
406
389
393
377
377
379
379
396
393
413
386
421
380
367
374
393
434
399
371
379
386
385
461
387
404
362
371
403
352
406
397
370
431
390
428
430
406
449
407
424
428
409
418
446
395
411
426
417
392
437
430
433
422
460
430
432
412
419
408
389
422
451
441
421
439
385
426
412
413
406
395
428
405
421
436
407
410
438
421
417
424
369
433
433
384
406
408
430
405
412
452
409
442
399
425
393
408
400
407
396
437
398
437
408
404
407
391
395
417
417
419
428
399
456
430
398
381
388
408
416
377
418
418
374
373
405
382
404
446
404
435
360
374
409
407
396
397
378
386
397
352
416
376
389
394
382
385
377
366
390
373
385
388
371
391
406
364
376
337
357
353
336
355
388
344
368
364
331
345
393
387
365
366
360
354
339
334
321
332
344
360
335
315
367
325
327
363
349
324
331
326
333
350
328
325
320
311
309
341
354
329
352
312
313
285
323
315
295
307
316
299
356
297
312
277
300
325
286
309
270
287
290
287
283
277
306
288
297
274
290
285
282
275
260
255
275
257
260
298
257
256
268
225
237
241
229
248
247
265
273
251
243
275
233
266
259
251
262
238
229
219
238
205
249
214
232
217
229
234
234
234
245
233
225
212
212
208
219
209
200
205
220
208
221
214
214
213
234
203
222
215
207
189
188
210
217
217
188
205
183
193
184
185
191
185
202
170
187
216
210
176
173
175
176
178
179
192
185
176
169
175
163
165
173
186
178
155
171
160
129
160
157
145
186
163
170
152
160
146
159
129
149
153
163
149
134
136
139
162
143
132
148
155
129
142
137
154
135
149
120
126
123
119
124
113
120
120
136
136
109
105
120
134
116
139
97
110
101
96
95
110
93
115
91
117
96
106
122
98
105
100
97
98
118
103
126
109
110
84
107
93
104
110
76
90
84
85
84
118
84
112
86
75
98
94
76
89
81
82
79
65
82
83
82
96
81
75
81
85
76
85
78
89
75
91
92
98
75
85
65
84
69
82
65
81
71
65
80
78
69
75
75
67
75
69
56
57
68
53
77
75
55
60
77
70
72
65
69
66
59
55
57
82
61
58
78
63
66
54
63
49
59
68
52
61
93
62
55
52
59
65
51
53
68
51
59
60
70
43
65
58
63
56
48
52
53
57
52
56
58
40
53
45
40
47
50
53
48
55
61
54
48
57
50
52
34
46
54
61
53
45
57
45
43
35
40
42
53
39
30
44
51
51
46
46
49
54
44
46
43
34
41
43
38
50
45
52
46
40
38
46
43
46
39
32
33
24
43
45
41
38
37
33
37
39
34
37
41
40
38
46
41
31
28
37
33
40
38
43
47
41
47
32
45
39
31
29
33
35
31
34
29
40
34
41
40
25
27
35
39
32
37
30
36
27
29
34
37
32
29
25
35
46
41
33
36
32
35
22
27
33
36
29
32
34
37
32
33
34
25
37
26
31
28
36
33
28
28
27
37
28
34
27
32
31
29
30
30
38
35
26
36
21
34
27
30
25
28
30
32
24
34
31
34
39
29
36
25
32
22
30
27
31
30
15
18
27
31
24
31
27
26
35
26
24
28
23
26
24
28
25
35
29
39
33
25
27
20
28
31
29
19
31
26
23
18
19
18
29
32
23
17
23
17
24
21
31
25
25
28
29
32
18
23
20
30
24
33
18
19
25
13
18
25
27
22
21
28
23
24
17
26
21
25
10
18
20
14
21
17
28
26
19
22
27
24
20
19
29
19
23
18
29
18
28
19
24
24
26
25
27
23
24
24
18
26
22
23
16
16
25
18
27
15
19
27
23
17
21
20
15
30
25
18
22
18
25
18
29
16
18
31
28
17
21
13
21
25
31
16
26
26
18
26
19
20
24
21
21
23
30
22
15
21
27
19
22
21
18
23
22
21
29
22
23
22
17
18
20
23
23
28
9
16
16
23
15
16
15
17
21
23
25
20
26
21
13
26
16
18
21
19
21
22
24
18
15
19
14
15
20
20
14
28
22
11
20
20
17
21
25
20
23
18
21
22
18
20
21
22
28
25
23
21
21
26
14
17
26
16
14
15
18
21
21
24
19
22
19
19
14
15
23
24
24
18
13
26
18
18
14
26
18
22
32
24
33
13
19
12
27
24
21
17
14
12
20
23
19
19
23
21
12
21
23
20
23
12
17
23
20
20
14
18
25
17
14
29
20
22
18
26
25
19
12
21
15
19
19
15
19
13
14
19
17
20
14
13
19
33
18
13
20
17
15
17
25
25
21
16
15
22
19
15
18
12
18
18
21
23
21
15
19
18
17
17
23
20
23
24
9
28
25
21
13
25
20
21
25
16
25
24
22
15
23
16
13
15
30
19
17
13
25
20
18
15
22
19
21
17
21
15
12
10
18
18
31
22
15
21
22
21
15
16
20
22
23
25
17
21
20
20
17
19
14
17
23
22
13
19
19
22
10
18
12
17
17
20
23
22
19
20
16
22
20
21
18
21
18
23
20
15
16
19
12
12
16
18
11
23
19
21
24
14
20
15
19
20
20
20
16
17
15
22
15
247
235
226
221
228
203
219
214
219
224
219
243
260
244
206
215
239
230
220
242
225
212
217
203
221
241
218
203
191
195
227
217
215
255
215
216
218
233
225
229
233
233
231
233
210
209
221
185
199
206
225
236
220
215
193
204
250
204
224
220
204
214
196
197
231
218
230
211
227
212
196
213
208
222
199
209
204
221
205
211
215
227
216
218
178
230
193
208
224
203
196
199
222
204
216
197
193
220
217
187
203
209
213
224
191
213
214
216
194
199
178
220
218
197
190
176
190
226
231
201
206
210
185
212
184
206
208
101
