19891
16444
13629
11658
9721
8188
7156
6174
5443
4746
4177
3809
3352
3039
2794
2546
2413
2236
2126
1965
1898
1883
1707
1675
1673
1585
1605
1521
1479
1461
1387
1365
1366
1388
1362
1327
1266
1243
1200
1297
1228
1251
1242
1209
1168
1252
1263
1212
1150
1132
1182
1170
1143
1114
1130
1102
1040
1069
1083
1085
1140
1077
983
1024
1049
1045
1017
1069
936
1039
968
1006
1016
960
1003
1015
1023
976
1002
935
966
954
991
904
968
923
932
850
876
907
907
855
898
918
821
899
928
891
921
797
827
835
883
832
862
827
803
834
790
817
884
862
893
778
855
861
877
885
858
868
853
763
747
778
770
802
757
775
743
750
735
793
736
769
730
728
720
695
734
751
762
756
783
725
713
697
782
712
773
728
715
717
720
727
721
701
684
697
702
642
678
668
671
703
625
654
711
686
674
663
672
669
681
618
618
629
640
696
633
612
682
644
665
620
604
608
645
581
614
619
564
628
649
613
611
606
618
581
601
569
612
599
586
546
583
573
605
620
565
609
553
577
509
592
560
541
558
560
573
555
563
584
567
561
574
496
510
530
553
585
535
519
461
489
504
532
506
527
517
516
517
507
470
499
512
499
479
460
484
509
467
467
475
519
536
493
489
506
502
448
498
473
529
484
492
506
446
463
535
509
518
527
476
458
490
509
501
506
535
488
497
537
475
500
489
461
489
495
498
485
494
506
453
455
478
466
512
494
460
479
458
493
481
464
496
440
469
429
462
468
437
482
439
433
448
436
462
440
414
446
456
459
464
460
409
461
444
481
439
460
468
462
438
452
403
463
469
442
455
466
409
395
439
439
445
436
453
433
438
474
460
444
437
425
472
438
436
434
435
391
458
445
445
446
438
419
491
465
444
435
423
426
392
444
403
421
419
408
427
418
420
397
391
419
401
413
380
372
396
409
420
419
395
437
402
405
386
411
389
435
353
392
391
369
389
378
390
389
391
372
373
394
405
372
383
400
372
410
374
381
379
402
391
364
378
369
423
402
376
386
398
338
410
366
362
389
418
413
371
387
372
395
371
336
392
381
371
359
343
384
379
365
395
374
394
376
388
363
383
363
371
362
379
356
337
367
385
355
390
354
361
379
388
353
318
374
359
340
368
363
340
368
334
380
343
374
346
391
376
316
381
345
347
368
345
369
318
371
360
340
351
346
376
316
344
332
364
353
342
302
324
320
358
377
323
343
356
334
304
337
318
367
338
318
354
357
326
290
348
353
338
349
349
332
342
343
375
346
336
347
331
344
355
315
329
319
340
328
323
349
326
323
328
327
296
332
312
291
339
308
338
323
346
325
313
354
295
325
297
341
306
330
352
296
314
288
330
308
330
321
317
338
314
313
325
322
276
307
305
333
317
284
336
307
318
316
313
345
296
321
310
295
308
272
313
303
320
280
322
305
308
323
293
321
313
310
294
319
285
286
288
273
311
309
330
305
286
282
334
304
280
305
296
299
296
314
303
326
321
291
305
306
294
306
305
312
308
336
288
285
304
298
293
309
293
279
280
294
265
305
272
302
338
320
296
311
303
292
307
299
303
298
295
327
305
281
270
325
286
263
281
302
274
287
287
324
296
305
282
247
270
312
261
303
297
289
279
265
281
307
286
304
271
291
340
285
288
325
294
284
301
276
293
276
276
270
301
296
226
290
280
280
288
275
303
280
261
267
305
265
272
285
293
269
292
299
281
281
268
261
294
302
267
267
258
296
257
280
254
277
292
253
257
291
234
257
283
290
276
296
279
269
271
269
255
281
281
255
270
260
276
276
261
263
273
248
266
259
293
254
261
279
292
264
292
262
278
254
280
265
266
281
247
256
276
275
273
264
288
245
247
253
262
254
274
265
256
267
258
256
266
250
258
268
242
256
248
261
285
279
268
271
302
269
282
243
249
267
247
274
282
245
274
243
262
240
239
255
263
258
275
275
278
249
238
240
246
242
244
274
288
259
270
233
256
269
241
240
276
261
260
254
266
263
268
280
261
253
255
245
258
255
259
247
274
245
254
262
262
247
268
264
244
270
261
264
224
239
270
265
212
257
239
279
264
242
235
222
268
239
243
224
255
264
242
230
224
258
280
234
258
232
261
229
221
212
263
248
240
241
265
230
242
236
268
255
233
252
245
252
234
230
254
232
229
227
264
229
226
226
248
236
218
238
251
241
232
246
241
251
228
234
264
272
247
254
246
249
235
237
266
268
254
249
220
228
237
225
231
215
228
230
212
236
247
250
222
241
235
268
195
225
254
233
253
234
230
221
231
226
251
210
258
230
225
208
237
223
242
249
220
240
236
255
235
222
235
239
238
229
215
224
219
218
259
235
218
202
240
246
219
222
229
286
242
230
241
231
237
221
245
237
230
227
231
227
232
257
240
226
249
231
245
258
218
234
234
243
225
218
250
228
250
223
218
250
235
233
226
219
231
239
273
234
230
221
222
227
229
228
250
219
255
224
229
240
259
225
224
236
240
221
261
220
219
266
205
225
232
229
242
255
225
192
214
217
231
232
233
192
262
248
213
246
223
231
223
224
210
223
228
221
216
198
267
240
233
241
233
217
232
240
222
235
213
242
210
227
242
216
225
245
222
221
221
218
226
241
228
214
240
235
254
217
244
226
220
232
222
233
247
235
218
234
238
215
235
205
224
237
243
250
224
236
219
236
241
248
219
223
240
246
239
225
238
226
207
234
225
222
224
227
202
229
240
231
231
226
216
209
227
204
217
225
249
215
222
209
206
201
224
212
210
206
227
204
204
239
209
214
197
186
211
202
232
203
210
232
203
215
218
198
194
193
190
198
215
202
196
205
206
169
214
195
210
223
188
233
200
214
211
202
219
196
204
213
215
197
184
212
193
229
219
198
220
191
197
213
188
203
195
205
191
198
192
223
182
211
202
185
180
193
215
186
172
209
172
194
203
180
205
212
196
206
215
176
196
178
185
210
201
213
194
209
192
188
208
200
194
198
184
193
212
175
195
201
183
196
184
169
199
206
185
175
204
183
203
180
184
191
189
179
190
179
217
181
194
166
217
209
174
160
192
177
160
174
187
176
165
168
190
184
169
198
190
187
183
160
196
195
184
172
170
163
183
200
176
186
201
190
185
197
202
183
161
171
200
186
173
201
168
188
186
196
197
159
195
173
164
189
194
160
197
209
162
199
162
187
176
171
198
181
183
172
154
189
168
198
183
173
169
175
184
185
188
172
174
176
158
180
190
193
188
165
179
180
159
176
206
176
191
159
150
170
191
166
191
180
188
177
165
153
182
185
159
196
169
175
160
174
162
162
150
195
170
148
182
159
154
175
165
158
180
162
148
155
187
161
205
174
164
158
165
170
168
176
166
167
187
155
156
160
157
172
162
178
180
177
184
174
170
177
165
157
162
153
162
179
168
195
156
176
135
164
134
176
144
157
164
157
143
157
169
151
155
184
154
183
171
185
173
163
160
172
159
147
155
180
155
153
160
166
151
150
173
174
157
151
167
181
152
170
185
167
170
161
158
153
168
165
145
164
139
173
175
125
171
150
185
173
147
144
145
146
140
166
145
160
176
168
164
134
148
145
166
157
162
169
145
168
158
152
143
139
159
148
155
159
167
150
157
151
150
168
138
145
140
152
170
142
171
168
164
167
152
155
147
160
142
146
156
155
153
148
152
158
143
148
155
144
163
133
137
141
132
145
161
169
160
138
147
175
139
177
187
156
161
165
171
146
143
170
131
151
172
155
153
153
147
147
135
140
152
157
165
139
153
147
162
153
146
147
139
135
173
143
169
149
135
140
137
151
138
153
154
139
142
141
152
148
160
148
147
146
160
148
153
140
165
148
163
171
156
137
120
170
148
164
144
144
161
150
149
160
163
145
141
146
150
148
159
137
138
175
155
145
184
162
143
139
167
143
165
166
149
136
153
150
141
163
167
136
145
141
150
137
148
152
147
154
159
127
137
137
153
158
132
154
162
160
114
140
163
145
137
127
154
158
146
139
142
129
149
156
129
156
177
146
159
146
137
142
142
142
160
155
141
165
133
144
137
147
134
133
133
128
146
162
162
136
150
150
124
147
138
136
138
144
129
145
143
141
155
143
131
123
123
140
134
146
132
131
143
134
124
135
139
137
148
135
149
119
144
138
146
121
133
131
133
147
147
141
135
149
132
136
144
139
150
126
124
151
141
139
142
133
134
156
158
127
163
142
133
139
161
134
144
128
139
139
128
154
119
147
139
124
156
142
126
112
123
135
138
152
139
134
140
117
141
141
142
132
123
162
125
149
148
155
163
144
143
135
143
116
134
137
135
147
137
146
136
122
147
138
119
126
130
140
139
141
132
140
154
125
142
124
143
144
133
148
134
125
146
147
131
136
149
118
143
147
152
141
140
150
142
136
135
136
145
126
118
134
146
147
137
132
135
130
142
121
131
146
117
124
141
135
143
118
131
135
130
122
139
139
120
144
118
117
115
113
128
149
118
141
132
111
141
138
111
129
129
121
133
154
150
134
125
130
130
130
136
145
129
130
135
104
124
142
132
131
143
140
145
132
114
141
114
120
141
135
127
116
136
149
144
137
120
130
125
122
131
131
142
145
148
130
118
134
135
136
127
141
130
107
141
130
113
128
135
130
126
143
133
126
146
142
128
145
131
134
125
142
127
128
99
136
123
120
131
143
135
127
102
128
131
128
137
130
116
131
147
137
116
158
136
126
153
128
120
150
131
116
134
117
133
116
146
115
117
125
130
127
127
111
142
118
137
116
109
119
100
121
149
118
132
119
117
110
128
106
131
129
128
138
127
139
112
126
121
119
124
129
128
112
120
117
125
131
130
120
163
102
147
133
122
145
113
133
120
114
138
123
133
102
132
109
137
129
129
111
122
128
120
117
123
113
122
122
122
135
123
132
109
129
134
140
111
129
114
122
119
129
123
114
139
111
135
120
136
113
98
113
126
142
117
128
137
105
111
139
140
139
122
117
132
139
126
125
125
116
122
121
118
131
111
117
123
125
112
132
118
100
108
101
106
121
139
133
136
132
109
120
116
129
126
110
105
111
119
99
136
133
118
118
127
123
112
107
113
119
120
121
110
130
96
108
133
127
132
111
116
120
113
124
123
112
117
118
113
123
108
138
104
104
109
113
117
107
123
115
110
109
139
121
121
110
123
138
99
111
103
115
131
126
121
100
126
140
120
106
136
121
116
120
121
115
128
111
123
126
116
101
101
106
135
123
106
112
113
110
106
110
120
113
133
108
114
121
112
137
111
115
116
110
132
138
127
110
128
103
109
116
115
114
118
108
105
124
148
108
110
112
134
117
115
107
106
102
131
122
117
94
104
124
128
107
120
135
131
121
115
119
113
109
113
106
118
116
119
130
121
114
103
129
129
90
120
120
112
106
113
102
108
121
117
128
120
108
119
110
115
118
121
110
123
115
133
99
127
108
126
117
108
101
103
126
123
132
117
130
90
116
116
104
115
96
109
89
120
113
102
129
112
122
125
127
111
109
104
109
120
112
103
88
128
124
122
119
117
112
118
95
110
113
124
115
121
117
97
111
120
117
97
121
120
118
136
108
114
92
134
91
124
110
101
103
130
112
100
125
110
101
119
109
118
114
91
95
100
93
125
98
103
105
105
105
114
98
107
110
107
113
122
119
114
112
114
130
100
119
112
94
100
98
118
104
104
105
118
109
110
124
101
105
119
127
127
129
104
114
98
113
97
113
114
103
125
86
106
121
115
113
106
101
115
103
121
118
112
114
114
106
119
125
117
116
104
97
118
113
120
106
115
111
103
104
98
116
111
97
106
110
132
118
108
104
99
102
90
112
145
88
108
100
138
103
108
92
101
113
98
119
96
131
120
112
95
102
111
115
97
92
108
125
117
98
112
108
105
85
106
97
108
107
123
113
126
141
92
95
104
117
99
101
107
101
106
115
111
109
91
88
105
114
91
114
98
98
109
119
96
95
113
113
131
115
110
91
94
95
90
91
118
100
124
90
104
106
114
96
96
108
96
105
108
92
113
114
114
92
92
115
96
100
87
110
104
96
111
112
100
111
99
100
90
105
99
92
115
106
107
117
113
108
95
93
91
106
108
114
100
114
116
105
101
97
100
82
98
98
122
94
115
97
99
125
104
113
120
136
98
92
118
103
106
111
130
106
110
90
118
94
110
116
82
116
126
122
102
109
96
112
104
111
101
79
91
91
105
88
115
84
103
106
82
99
102
99
116
93
99
98
115
108
100
113
107
118
106
88
111
110
120
95
104
97
109
108
94
101
87
102
94
108
96
91
116
101
90
93
102
98
119
104
101
104
111
110
92
111
96
97
111
109
103
111
96
92
107
116
110
113
103
103
106
105
97
121
104
102
87
96
104
111
100
115
85
102
108
119
87
127
103
124
111
105
111
108
118
96
116
96
98
98
101
88
106
105
89
100
114
95
114
112
109
80
115
91
105
117
111
110
89
97
96
107
104
128
111
99
99
94
108
101
89
96
84
103
95
90
90
105
112
99
116
108
108
94
94
104
93
108
112
123
95
98
93
100
98
126
90
105
90
91
106
86
93
98
104
123
110
104
76
123
81
110
110
102
93
91
105
116
113
106
105
97
100
85
94
94
98
99
117
108
97
88
96
106
89
85
87
98
102
97
100
91
87
82
105
103
105
115
103
112
93
103
94
88
102
108
102
98
95
104
101
96
89
102
82
96
99
83
122
88
82
70
86
91
101
109
123
107
113
110
99
93
96
106
102
85
88
110
94
91
90
101
108
104
104
107
93
101
89
90
101
82
89
114
90
91
102
108
96
113
122
123
97
95
112
87
67
101
102
89
91
97
103
90
91
105
84
114
87
90
103
89
111
107
92
91
104
111
98
89
79
96
90
110
103
92
93
108
87
83
109
92
88
106
77
99
96
100
88
102
86
100
112
86
105
105
95
110
106
92
82
94
94
93
109
98
102
103
83
101
98
96
104
97
87
92
108
113
85
92
102
82
106
99
92
86
110
96
100
95
78
92
103
84
87
96
83
94
83
79
113
74
84
104
87
97
96
102
89
114
84
110
83
93
91
91
87
101
119
107
81
106
85
92
92
89
88
94
82
88
87
96
90
109
106
94
90
101
99
92
98
110
101
96
113
89
98
96
95
100
86
107
85
79
82
70
100
99
99
97
93
83
83
91
95
80
103
89
92
107
97
77
85
89
89
70
90
101
93
99
77
92
95
92
86
107
104
103
102
88
102
85
94
85
95
90
97
84
89
97
95
98
116
100
80
89
101
93
81
94
85
77
89
88
97
89
112
96
87
84
89
88
90
93
80
120
91
92
85
97
82
96
100
87
95
94
90
90
87
86
104
96
102
92
91
97
111
85
99
97
97
97
101
89
89
79
94
98
72
103
81
93
85
98
98
99
94
89
103
70
94
97
109
107
115
92
97
90
87
87
81
73
76
86
98
69
102
91
78
109
98
82
98
96
93
91
117
98
94
87
88
95
70
77
95
106
92
97
93
81
104
89
105
86
81
87
94
100
97
80
97
91
84
93
69
89
88
84
101
81
80
91
81
85
66
108
103
114
88
68
99
86
99
84
82
101
85
89
87
76
88
91
83
92
71
94
87
108
94
107
89
101
84
92
107
78
98
102
112
75
84
114
91
94
73
95
93
86
96
101
86
90
94
98
99
74
96
101
99
81
83
99
83
80
85
101
94
92
86
88
78
89
97
68
86
84
85
73
80
100
78
96
101
76
96
93
95
88
77
92
97
88
95
84
81
94
87
94
93
95
78
70
81
84
83
98
83
103
99
98
81
84
89
87
98
103
111
84
101
76
92
93
69
107
87
78
79
75
90
95
87
99
89
77
93
100
88
94
78
102
76
96
82
118
84
85
103
105
85
88
91
95
95
87
101
91
80
85
101
85
85
98
83
88
93
86
109
78
94
74
82
91
82
92
84
76
86
81
89
86
102
92
93
81
86
103
96
87
85
81
86
87
98
92
72
82
82
72
90
73
91
98
81
78
85
90
67
94
98
84
85
77
100
89
80
96
101
80
69
97
87
90
87
100
84
80
112
98
93
105
99
81
78
94
104
76
80
86
78
95
81
76
58
92
93
72
90
82
83
103
83
101
96
71
100
76
99
76
85
100
91
104
71
94
93
83
83
85
90
83
100
109
86
89
89
73
86
81
84
86
100
80
95
86
82
90
83
88
97
79
84
84
85
75
81
81
81
81
84
84
95
80
84
98
68
75
92
87
91
95
80
83
91
79
112
76
81
78
82
89
75
98
91
100
95
80
80
82
84
87
77
73
78
79
93
95
99
97
86
88
85
87
89
112
81
95
76
93
102
80
88
89
68
82
69
79
76
90
79
78
82
99
99
82
87
97
92
116
94
81
94
84
110
80
102
79
75
78
85
88
76
82
95
83
80
85
94
74
95
105
85
93
90
83
87
84
92
91
77
76
71
71
84
82
61
70
75
98
82
76
84
82
84
65
78
81
95
87
93
87
91
93
89
88
110
75
87
89
90
77
75
90
97
87
94
101
86
82
87
84
87
79
83
79
95
95
86
65
93
86
81
75
86
88
120
80
78
79
74
84
82
87
102
80
82
70
83
91
96
81
79
80
89
91
72
98
86
85
79
85
81
79
86
83
52
74
94
86
96
92
79
90
79
76
94
85
90
92
82
100
89
93
82
75
102
92
82
78
73
76
90
91
80
78
86
86
90
81
90
93
90
95
86
83
88
67
100
72
67
75
78
71
104
93
79
90
87
82
73
73
86
73
88
88
89
74
78
75
90
83
99
92
82
86
99
78
84
91
75
83
91
77
97
74
77
75
91
82
82
74
83
93
73
67
86
100
83
89
84
81
69
72
72
85
84
72
80
85
88
95
95
78
70
80
88
71
78
102
83
82
92
87
86
85
94
83
82
77
73
87
86
84
81
83
81
84
78
76
48
79
82
84
98
67
86
98
95
66
88
92
89
60
90
68
84
89
101
79
88
90
87
74
88
81
86
87
65
84
77
75
84
62
76
76
80
90
85
84
74
67
88
100
92
80
95
94
74
84
75
74
92
83
84
105
78
83
86
60
85
72
97
76
90
78
89
82
87
80
93
68
84
71
70
97
88
81
101
73
81
87
89
90
83
85
69
79
74
85
89
76
79
98
75
91
98
89
82
73
84
73
89
87
80
91
66
79
86
77
96
76
90
88
94
72
71
89
84
87
94
78
88
68
82
78
81
86
97
93
73
90
91
87
73
75
90
83
89
82
75
95
90
90
71
96
96
79
84
91
64
87
79
83
84
91
96
91
75
78
82
78
82
93
82
82
71
94
69
91
91
95
78
73
73
98
80
84
88
95
94
86
70
93
87
91
88
81
80
84
101
94
72
90
76
79
94
75
67
105
87
72
97
71
80
69
76
80
100
90
87
87
76
90
72
78
78
74
76
75
68
63
115
91
77
93
80
73
73
85
80
76
94
69
77
74
82
81
82
75
97
65
87
89
73
76
81
87
95
78
100
64
102
89
75
80
64
96
83
81
101
62
75
77
88
87
93
80
77
79
83
72
79
79
105
78
78
75
77
86
81
86
84
73
82
70
101
81
97
74
76
90
84
88
72
101
93
84
74
87
71
105
86
82
82
80
75
82
85
58
96
99
78
89
84
76
94
83
92
74
88
77
109
91
80
77
87
94
78
73
70
88
83
88
84
67
81
81
85
66
95
80
95
85
91
104
87
83
74
84
79
90
93
76
82
93
82
82
60
80
73
71
70
92
95
74
88
97
87
88
85
96
71
82
74
85
93
61
74
87
78
75
84
84
77
89
77
90
94
83
76
84
72
99
88
69
77
93
80
66
92
63
82
100
73
75
88
82
65
100
81
94
75
84
90
84
82
84
61
91
91
84
77
86
71
98
90
81
101
85
74
84
87
88
91
70
83
98
99
74
67
86
92
95
80
85
85
76
81
82
92
68
77
80
93
83
73
87
68
87
81
78
92
78
74
78
74
82
78
81
70
70
91
85
92
69
87
83
95
86
88
89
80
83
89
83
71
75
73
80
92
85
81
79
92
90
79
85
89
108
82
71
108
94
91
75
92
86
88
78
105
77
74
96
80
91
95
83
86
92
74
81
85
82
84
97
74
80
81
78
91
77
89
95
67
84
84
76
86
73
74
89
84
103
78
76
84
83
69
71
68
77
91
87
89
97
99
86
97
76
84
84
76
61
81
78
95
91
75
76
92
69
100
91
83
74
84
91
78
73
74
86
88
83
100
75
80
90
93
81
79
80
86
72
91
93
97
79
72
81
93
74
92
73
84
94
89
80
96
80
85
86
72
88
90
85
84
80
86
87
86
73
72
85
81
75
79
77
87
88
99
82
73
76
99
62
86
81
91
63
71
79
84
104
82
90
74
83
87
66
75
66
85
91
83
86
72
70
85
89
88
76
84
77
80
81
84
96
87
78
74
79
81
62
70
83
81
61
66
72
91
80
80
94
91
71
115
86
78
83
82
70
79
80
83
84
91
89
73
83
81
86
84
68
74
80
105
88
90
94
71
71
87
93
95
87
81
101
88
94
84
78
87
89
74
80
79
73
82
88
98
73
69
68
75
87
95
90
86
84
86
77
84
81
94
67
75
63
82
82
89
75
72
75
69
81
57
75
79
91
77
93
86
79
70
97
68
94
79
78
75
98
93
84
79
82
84
71
94
103
64
84
66
81
78
100
72
87
73
75
85
102
77
92
75
85
71
93
90
81
64
101
73
86
95
77
85
94
79
92
82
77
80
73
69
82
93
71
82
73
91
85
73
82
92
94
68
82
95
73
110
84
87
86
81
79
91
85
83
86
92
79
77
89
78
66
77
82
93
88
70
73
75
77
78
72
98
81
85
81
94
88
66
101
88
77
87
92
82
77
82
79
69
99
68
76
69
83
77
88
82
83
82
68
83
96
89
97
75
81
74
84
99
74
81
65
80
70
83
74
97
89
80
70
80
89
88
70
82
80
78
82
72
81
72
75
77
78
66
81
100
84
80
84
76
77
69
74
76
68
76
82
73
80
80
79
77
66
76
89
69
64
84
91
78
78
88
61
69
71
63
81
59
69
78
76
68
72
66
83
76
85
84
79
82
80
90
70
77
72
69
68
66
80
61
74
88
64
73
71
69
70
75
74
70
83
63
92
68
79
74
74
64
66
68
84
68
68
71
78
68
77
66
80
75
55
88
76
87
63
76
80
75
73
69
70
65
64
70
81
77
88
77
71
89
74
73
67
95
64
71
61
90
67
75
81
92
69
75
75
79
77
71
78
65
75
72
57
84
56
60
73
79
61
74
60
74
75
65
73
78
60
73
68
63
67
56
76
59
85
65
75
70
85
67
78
79
70
63
77
66
69
81
61
62
76
57
68
73
69
87
67
77
59
86
86
74
62
67
72
71
79
69
79
66
68
87
63
62
60
62
69
68
70
74
71
67
67
66
57
77
55
76
62
82
62
72
68
86
65
79
78
60
67
64
71
70
70
84
86
63
68
80
90
65
57
70
64
66
72
65
62
59
77
64
62
62
68
74
81
73
63
71
54
75
66
79
66
67
70
66
67
76
71
53
71
71
58
58
73
63
66
63
64
66
75
76
63
62
68
66
66
77
59
65
72
75
65
78
84
55
53
61
65
52
58
61
68
70
60
66
78
67
59
73
62
76
71
66
71
59
72
85
62
55
73
74
69
53
78
62
66
64
57
75
66
58
66
80
56
71
67
69
50
71
66
57
59
58
65
74
78
68
61
75
56
59
64
61
53
74
64
60
65
72
56
72
67
69
78
66
70
56
59
60
64
65
53
67
57
52
73
65
63
66
72
63
73
68
77
62
59
75
58
61
64
54
71
75
64
85
70
80
58
53
81
72
63
77
74
61
60
66
66
71
67
74
59
61
69
71
59
59
77
59
78
72
59
95
75
60
66
81
64
83
76
59
52
77
70
67
62
67
78
89
62
90
70
67
63
78
78
56
64
57
66
63
69
78
61
63
63
62
68
65
53
66
77
64
68
76
69
80
59
58
62
61
69
66
63
61
68
61
71
70
75
78
68
83
70
59
59
85
83
54
73
64
57
70
65
60
68
65
65
72
66
71
54
73
65
69
60
64
62
62
65
57
65
70
64
72
44
63
52
70
60
57
72
63
66
69
68
55
70
58
58
54
72
76
61
65
69
59
62
62
53
60
70
85
67
79
72
81
67
60
62
67
64
65
67
59
51
57
71
50
62
54
60
48
63
59
68
77
68
59
64
50
80
54
67
59
57
51
57
69
59
78
60
59
62
72
73
63
80
85
62
55
78
77
62
63
64
54
64
63
48
64
60
66
52
53
75
72
59
54
57
60
59
65
60
84
55
67
74
67
62
69
61
56
69
44
72
81
63
48
65
66
61
65
81
67
73
59
52
68
68
61
54
54
64
62
55
60
71
66
68
74
65
56
62
62
69
93
63
67
59
55
66
62
69
80
81
70
63
74
57
66
62
67
62
63
69
75
70
70
62
61
58
69
37
62
74
73
55
57
60
61
69
68
69
65
70
74
70
76
67
66
84
67
49
55
65
69
72
60
81
57
69
59
65
70
72
59
61
74
70
68
81
64
59
60
83
72
77
56
80
57
68
61
70
61
64
70
62
69
57
66
69
59
61
59
73
62
63
66
62
73
51
74
65
68
69
62
64
53
57
73
62
56
59
61
62
47
61
65
61
63
62
59
62
78
67
62
62
77
62
57
66
64
65
54
66
54
46
63
73
52
52
58
59
59
52
44
47
50
56
50
59
61
68
57
66
62
53
63
55
47
56
51
45
71
54
59
61
69
48
61
53
63
63
47
60
56
60
48
55
60
52
43
62
48
59
58
42
56
49
47
63
44
46
65
57
61
58
46
50
70
55
51
44
61
62
43
47
46
47
51
59
54
61
51
57
52
49
46
51
66
57
63
51
50
55
51
59
49
52
50
57
47
46
50
64
58
58
45
52
58
48
57
46
48
60
47
46
58
54
48
55
53
52
45
41
40
63
46
48
57
47
55
62
70
49
48
73
45
48
62
55
50
54
53
54
52
58
66
49
49
47
51
45
58
49
65
56
59
45
47
43
46
59
55
54
45
48
70
56
50
59
50
48
54
47
60
57
51
53
52
49
70
62
46
38
60
76
61
50
55
58
59
56
57
50
57
56
51
51
49
56
61
64
56
37
63
48
50
66
50
63
59
63
51
42
57
52
41
48
61
48
50
53
74
68
67
56
61
59
55
71
48
73
60
51
72
58
59
61
63
61
70
57
85
73
63
71
67
73
69
74
58
85
65
74
58
76
74
73
72
80
89
79
60
79
80
71
82
81
81
85
93
104
93
119
138
156
152
196
220
249
318
366
379
402
428
443
431
409
348
370
289
250
224
184
172
139
129
107
103
89
75
73
63
68
53
60
46
57
50
66
39
47
48
47
45
42
47
39
43
42
49
47
44
35
36
57
52
43
43
39
41
43
39
42
44
45
38
44
47
44
52
35
41
35
37
44
32
52
38
46
48
52
59
42
50
47
44
41
43
39
44
37
48
40
44
49
44
29
57
37
42
45
56
39
53
43
44
48
48
41
51
38
37
44
51
52
38
54
47
44
49
50
35
52
57
58
34
42
36
43
40
43
44
52
31
40
53
53
54
45
35
44
53
52
49
38
52
43
51
49
44
56
41
52
38
48
37
38
50
39
54
46
47
47
54
61
48
39
60
47
50
50
55
53
54
56
49
50
52
43
63
50
50
55
54
72
49
65
46
38
45
59
49
55
51
48
61
47
53
66
50
59
66
58
54
61
52
68
50
52
58
60
49
58
55
59
60
71
68
56
75
44
58
67
66
64
60
88
83
76
75
83
85
79
90
93
94
112
95
85
105
78
70
73
50
62
52
48
39
49
26
32
43
31
26
28
35
20
25
17
20
17
24
23
22
21
25
19
16
32
26
19
18
21
16
29
20
29
17
17
18
27
25
18
19
16
10
19
19
21
20
26
17
28
25
30
13
16
16
16
19
20
10
22
18
23
13
14
12
20
11
20
20
17
18
24
18
18
22
17
19
16
17
17
23
15
25
18
15
15
23
20
22
19
18
19
15
21
18
10
20
25
15
17
20
17
14
17
18
22
14
24
18
21
24
18
17
16
22
10
18
13
23
20
19
14
25
24
12
22
30
20
18
19
23
23
15
19
19
24
25
20
16
14
18
22
12
17
17
16
20
17
11
25
17
27
23
17
13
19
17
13
18
14
12
14
15
19
15
17
25
16
24
15
20
15
15
19
16
14
19
19
21
17
23
14
27
20
23
18
15
20
18
19
12
17
19
11
20
21
20
14
20
15
15
11
20
19
16
26
10
20
18
13
12
16
18
21
21
24
20
18
19
19
13
15
14
21
21
22
17
14
21
17
10
21
13
18
18
16
19
23
17
17
20
11
10
28
15
23
22
16
24
25
14
16
16
23
21
10
19
17
16
17
12
20
9
28
16
19
11
15
20
19
18
17
14
16
13
24
35
23
23
14
18
18
16
16
17
17
19
15
16
12
18
27
25
16
14
13
15
22
14
19
15
18
18
20
14
24
13
23
23
19
21
21
11
14
22
17
12
11
15
13
19
9
17
20
21
14
15
15
16
18
17
19
14
13
11
11
13
12
19
24
30
13
19
19
20
17
12
22
24
19
18
15
15
23
13
16
16
17
16
17
16
17
13
12
23
15
22
18
25
14
23
17
17
15
11
17
14
26
21
30
17
20
17
21
13
13
21
11
18
20
18
12
13
17
23
15
21
23
11
19
10
15
16
19
17
12
23
22
9
23
20
20
11
17
12
20
14
21
12
14
20
19
17
25
20
19
29
22
27
15
21
30
25
20
20
15
29
19
14
23
17
18
14
13
14
13
18
20
20
22
21
12
19
19
13
26
23
23
26
19
29
24
13
19
32
23
19
15
18
21
22
22
20
12
14
30
20
19
26
13
18
19
20
28
26
23
18
24
20
27
32
29
18
30
31
35
26
22
23
28
27
32
31
38
31
22
25
37
30
21
26
28
33
33
32
41
23
28
30
45
47
37
42
58
42
43
42
38
46
33
42
31
53
37
47
47
45
42
51
46
42
44
49
38
54
61
48
51
62
45
54
55
67
55
40
70
52
62
60
68
73
66
74
61
69
67
97
75
77
94
119
124
144
165
222
337
408
480
578
705
777
907
913
914
823
793
696
591
514
457
390
316
258
214
193
141
131
109
100
75
78
60
49
46
51
40
38
30
33
29
25
31
22
29
15
17
21
18
23
21
26
28
13
22
8
26
25
17
15
24
25
24
27
23
19
16
21
24
21
19
16
17
21
19
27
17
14
25
22
17
28
18
20
13
21
23
20
18
20
24
17
19
16
17
25
16
18
17
16
15
18
14
16
27
19
23
27
22
13
24
19
28
19
16
21
23
30
17
27
20
25
13
16
29
18
14
17
28
19
20
17
13
13
14
28
20
27
17
23
28
31
18
22
22
27
31
28
20
25
11
28
23
23
31
28
27
22
31
23
21
24
36
20
19
24
26
17
28
31
28
23
33
26
34
21
26
27
23
27
25
28
22
24
25
30
24
30
26
26
32
18
19
28
30
24
25
28
39
26
32
35
21
31
27
35
29
30
33
33
29
36
37
32
25
36
33
52
32
44
41
39
50
42
35
47
46
47
41
50
59
55
71
70
77
73
67
67
60
55
39
53
38
22
34
29
34
22
13
25
17
16
6
5
5
7
10
5
7
9
6
5
8
5
5
8
9
9
6
8
6
4
8
4
6
7
4
6
3
4
1
3
4
5
3
4
9
2
7
3
3
5
17
5
2
7
9
10
3
6
6
3
7
3
9
3
4
2
5
7
2
7
4
3
4
4
8
7
5
6
6
3
5
7
3
4
9
4
4
2
9
2
5
4
8
3
1
6
3
5
6
3
4
4
3
8
3
7
5
4
3
3
6
2
3
4
6
3
4
4
4
2
3
2
7
4
8
5
6
4
4
8
5
1
4
5
1
5
5
4
6
7
5
3
5
3
4
7
3
6
4
6
9
5
6
4
5
4
5
8
1
2
7
1
4
5
5
9
2
4
4
5
4
7
3
4
2
3
1
3
6
8
9
3
2
4
4
4
4
1
4
4
9
8
1
10
2
4
2
4
3
1
7
8
4
1
3
1
2
3
0
6
5
3
3
2
8
4
5
2
2
4
2
3
3
4
2
3
7
5
2
4
4
1
5
6
3
2
5
2
2
6
2
4
3
1
7
2
4
1
4
3
4
7
6
5
4
6
3
3
4
5
7
2
6
3
5
1
4
6
4
1
2
3
3
3
4
4
5
4
6
3
2
5
2
0
4
8
2
1
4
8
3
4
5
6
3
4
3
4
3
1
4
6
1
4
4
4
2
4
4
2
3
3
3
3
4
4
9
4
2
5
2
4
4
5
6
5
2
8
4
4
3
12
2
3
3
4
4
2
4
2
3
1
4
3
7
2
4
2
3
5
5
4
2
5
7
3
2
2
2
5
3
3
2
5
5
5
4
5
2
3
10
4
5
2
4
7
3
3
4
3
6
3
8
2
5
5
6
2
2
7
2
3
4
6
3
4
4
5
7
8
1
6
3
3
3
4
3
1
3
3
5
4
7
4
2
2
1
4
2
2
3
9
5
6
4
5
6
3
2
2
3
2
5
5
6
2
10
3
4
4
2
2
6
3
1
2
2
3
3
2
5
3
4
3
3
5
2
2
4
3
5
4
9
4
6
3
2
4
4
3
4
6
5
5
2
7
3
0
2
3
3
4
2
6
5
0
3
6
2
5
3
4
9
3
5
4
3
2
4
3
1
2
3
1
4
2
2
3
4
3
2
3
3
3
2
3
3
4
2
4
3
2
6
4
5
4
1
3
4
3
1
1
3
7
5
0
4
3
2
1
3
3
0
2
3
3
4
0
2
3
0
2
3
1
3
3
4
7
1
2
3
1
3
5
3
5
4
4
0
3
6
3
2
4
2
5
2
4
3
3
5
1
0
2
3
2
3
4
0
3
5
4
4
3
3
1
3
6
5
3
3
3
1
2
4
0
3
3
5
6
4
3
5
4
2
2
5
7
5
3
5
2
4
0
5
3
6
3
3
1
7
4
3
2
4
4
5
4
4
5
1
2
5
4
1
1
2
2
3
6
1
3
4
3
2
3
4
2
5
4
6
4
3
4
6
3
5
2
0
4
2
4
2
5
3
3
2
3
4
2
5
4
5
4
0
3
4
1
2
1
1
3
3
4
1
1
4
3
1
2
1
3
3
3
1
2
1
4
8
1
3
3
1
1
3
5
3
2
4
1
1
2
0
3
1
6
4
1
1
2
3
3
4
3
4
4
1
1
1
5
2
2
2
2
3
1
3
2
3
6
3
4
1
1
2
6
3
1
3
4
1
2
5
4
1
3
5
1
2
4
3
2
2
2
4
3
7
4
4
3
4
5
2
5
6
2
2
5
3
4
2
1
3
1
4
6
4
3
2
1
3
2
0
2
2
4
2
4
4
5
5
0
4
2
4
3
1
5
3
3
4
6
0
4
1
2
2
3
1
4
0
1
0
3
3
1
2
2
2
2
2
4
6
3
2
2
3
0
6
2
4
3
4
3
1
2
1
3
1
2
3
0
3
3
2
4
4
3
2
1
4
2
7
1
5
0
5
1
1
2
2
1
0
4
5
0
1
2
3
2
2
5
5
5
3
0
1
2
1
3
3
2
4
4
0
4
2
2
3
3
2
2
3
2
3
4
2
2
3
2
3
4
4
2
3
6
2
0
2
2
3
2
0
1
3
0
4
2
2
3
3
2
5
6
6
3
2
3
3
5
3
2
4
3
4
1
2
4
4
3
3
1
2
3
2
2
2
1
1
0
2
5
4
3
2
2
2
3
4
3
1
1
2
0
2
5
1
3
1
2
4
1
4
0
3
2
0
1
2
1
2
2
1
3
2
3
3
2
4
3
3
1
2
4
4
4
0
1
1
4
0
2
2
0
3
0
2
2
4
2
1
2
0
1
2
0
4
2
1
1
1
1
2
3
0
2
1
2
2
3
3
5
2
5
5
1
2
0
1
2
2
1
2
2
2
2
0
5
2
3
3
2
5
2
1
1
2
0
5
2
2
2
2
2
5
1
2
5
3
2
1
3
2
1
2
4
3
3
3
2
4
2
2
3
2
1
6
1
0
104
179
173
189
228
242
214
251
256
313
321
321
309
379
398
391
459
510
570
598
661
755
737
774
834
898
959
1091
1178
1260
1377
1521
1605
1669
1746
1938
2047
2125
2221
2389
2452
2590
2779
2977
3194
3259
3510
3688
3710
3977
4196
4488
4619
4724
4871
5132
5307
5490
5731
5906
6254
6429
6472
6788
7176
7210
7367
7775
8012
8308
8499
8733
9279
9184
9888
10023
10332
10419
11006
11485
11816
11798
12298
12742
13212
13682
14123
14568
15358
15593
16278
16887
17490
18125
19177
20165
21119
21775
23170
24491
25810
27482
29804
34253
44396
68266
120521
223716
383602
570756
728862
789534
743831
625356
494207
388674
314135
262805
226423
196216
170135
147952
130054
115507
104729
96509
90197
85433
