0
0
0
0
0
0
0
0
0
0
0
0
0
0
0
0
0
0
0
0
0
0
0
0
0
0
0
0
0
0
0
0
0
0
0
0
0
0
0
0
0
0
1
2
3
0
0
1
1
2
3
4
3
1
2
3
2
1
2
6
7
2
6
6
5
2
2
4
0
9
8
5
4
10
9
13
9
21
17
28
20
21
31
35
57
45
41
73
74
95
99
111
129
168
167
195
245
271
282
326
379
469
561
685
795
897
1058
1237
1179
908
773
648
450
228
109
100
106
101
125
131
161
149
188
196
229
256
259
259
327
335
353
385
381
393
399
388
407
349
320
279
235
214
184
183
164
146
159
162
195
237
213
281
297
303
313
349
329
317
291
282
290
283
194
235
193
197
223
197
225
246
291
267
278
292
321
310
281
231
242
231
229
220
202
224
223
231
291
280
284
292
285
264
255
257
277
225
199
230
234
263
254
230
245
287
286
257
264
225
243
239
223
235
244
242
239
239
245
268
257
270
258
249
243
226
232
217
233
237
222
248
246
241
267
294
262
254
280
244
224
238
226
227
228
236
268
242
241
218
244
304
258
266
259
272
233
229
256
277
248
251
239
243
259
250
249
253
236
249
257
232
244
243
274
261
273
268
289
259
272
262
244
227
264
234
268
236
248
256
273
266
253
254
263
246
238
271
245
285
278
252
238
282
241
251
243
283
288
286
274
241
271
236
257
257
272
287
270
289
275
229
257
272
265
281
252
296
261
275
230
241
237
259
266
264
274
268
278
255
257
266
266
276
253
307
243
238
282
281
241
292
263
245
257
240
266
248
254
265
296
257
284
287
266
267
273
278
273
286
239
262
277
276
247
280
288
260
250
280
252
255
283
278
262
300
276
263
278
250
234
248
277
268
249
256
267
255
262
252
270
279
261
239
264
281
265
243
253
286
277
274
274
235
224
286
270
303
241
302
259
301
296
251
274
256
230
271
248
258
268
241
253
248
282
279
239
272
276
276
250
279
245
260
274
259
243
260
256
260
275
264
276
229
247
276
272
274
269
267
260
251
259
266
262
280
292
270
252
277
268
232
260
252
225
279
246
245
273
255
255
255
267
276
255
286
282
282
260
293
282
255
239
270
268
248
257
255
276
257
271
270
261
248
261
256
244
267
247
265
267
273
242
253
250
260
274
262
266
237
280
262
267
304
261
275
238
283
225
262
245
292
255
255
279
241
282
289
259
266
244
285
284
230
287
241
288
267
289
258
259
260
250
269
241
271
255
259
262
260
258
264
273
259
265
255
263
263
276
250
265
296
242
276
265
261
283
287
248
272
287
254
281
262
252
273
270
263
243
233
276
260
263
270
262
261
249
271
221
257
258
254
276
268
254
242
246
272
250
267
232
242
249
233
257
257
231
251
248
256
260
224
259
234
252
257
245
235
245
254
252
262
271
258
254
250
259
251
257
214
277
212
252
241
253
260
253
248
245
246
252
218
249
207
265
292
249
242
245
261
253
242
264
252
258
248
226
242
247
269
251
266
228
271
254
255
251
235
258
257
216
251
254
241
257
247
256
275
257
253
242
231
254
243
272
213
229
248
230
220
212
258
236
230
241
227
254
252
234
240
246
231
286
258
221
219
212
231
240
255
227
245
244
261
230
238
237
227
230
232
250
243
230
231
228
250
229
259
252
241
251
257
223
246
247
249
223
223
243
232
226
224
225
234
233
230
227
226
203
231
206
242
241
189
224
222
235
226
239
224
216
226
224
230
256
228
234
208
214
229
243
222
258
240
218
261
230
221
214
213
220
235
227
268
203
232
231
230
244
235
251
217
228
224
239
214
232
223
239
239
208
228
226
237
244
214
224
221
237
218
208
225
212
245
206
207
208
218
220
242
249
232
233
255
228
236
207
227
243
231
213
231
240
240
259
233
216
213
255
234
215
219
215
229
216
208
233
206
247
224
232
197
225
225
234
231
257
245
209
225
236
217
206
265
233
221
207
222
233
227
220
204
208
222
206
209
217
219
242
223
217
214
232
213
237
241
223
210
195
214
228
221
235
221
236
236
220
257
215
216
233
227
240
223
223
213
239
253
221
270
217
230
216
219
234
237
233
243
245
222
228
235
223
229
221
234
241
225
215
231
226
240
230
238
259
216
216
242
256
226
240
218
241
226
243
222
200
248
242
223
233
234
210
235
196
227
240
234
239
214
251
232
234
226
257
274
270
229
247
261
265
277
258
272
272
266
298
277
281
271
292
289
276
294
290
298
277
308
298
287
284
290
265
283
321
301
307
293
286
305
319
306
320
311
305
317
292
326
301
266
303
309
303
289
310
290
295
271
278
332
309
283
287
277
267
287
276
268
275
262
262
273
263
255
261
235
274
233
238
270
226
232
268
228
246
259
242
244
245
269
245
222
199
207
229
248
215
234
219
251
247
231
211
255
218
228
245
224
250
212
211
252
234
251
221
222
229
220
227
218
196
215
220
225
221
192
207
190
210
227
205
211
239
239
231
216
204
229
224
185
229
231
228
237
208
220
211
196
210
252
201
235
207
202
242
178
193
211
203
233
216
231
220
242
256
271
254
221
228
207
198
215
221
199
220
222
208
206
216
219
200
219
214
191
197
232
183
214
195
208
220
176
196
196
221
198
200
183
205
207
184
195
203
194
211
187
210
187
185
199
197
204
184
211
198
188
203
184
196
200
202
211
191
182
191
177
182
191
200
212
184
191
212
192
226
233
171
183
172
209
210
213
207
193
203
230
222
195
199
186
193
215
191
194
193
188
182
195
209
209
203
220
176
197
187
201
196
179
190
179
169
177
199
155
211
185
199
195
202
202
198
161
173
183
188
194
179
190
187
199
181
163
190
182
198
162
171
178
177
187
190
198
196
210
177
189
196
199
190
176
196
208
201
172
206
197
210
212
187
213
207
196
189
197
220
212
168
175
159
181
177
169
189
182
169
185
189
203
168
175
187
197
189
185
183
201
175
186
165
209
202
186
170
198
170
202
184
191
193
181
198
170
181
184
193
176
179
173
178
164
194
178
201
171
151
168
168
183
185
200
188
177
171
199
189
164
162
178
168
195
187
192
168
186
194
199
190
166
182
179
169
186
180
174
181
187
168
187
175
188
192
178
220
188
161
164
175
187
177
177
184
179
175
192
182
172
194
173
173
165
201
174
195
191
179
163
170
163
178
187
186
172
169
203
185
167
169
176
199
198
188
189
178
202
191
172
171
176
166
158
194
189
185
181
157
168
200
166
151
179
161
162
196
194
190
181
188
178
177
191
166
175
177
193
171
171
194
191
174
175
173
184
170
191
168
151
177
184
197
172
187
168
171
177
174
172
165
178
170
188
175
156
174
165
159
194
179
201
169
159
178
167
192
174
219
184
193
208
193
200
191
205
192
180
179
176
172
172
185
162
152
175
165
160
174
154
163
181
187
164
154
188
159
165
183
185
168
173
180
172
161
152
177
176
190
184
169
154
206
174
183
163
155
173
174
177
165
186
173
145
150
152
177
162
169
165
176
154
189
162
173
179
156
153
166
163
188
176
153
193
168
184
161
176
163
164
161
182
192
183
157
171
177
155
164
186
177
202
185
178
168
167
177
159
195
148
165
194
167
178
172
172
185
164
199
196
166
160
162
173
167
158
165
140
140
184
167
163
153
152
158
150
142
159
177
174
172
154
186
172
167
169
191
154
177
174
164
187
163
175
184
179
175
196
173
178
133
175
184
164
185
163
170
154
160
146
164
171
150
183
197
158
155
159
152
159
168
176
174
167
160
183
157
185
179
160
182
172
169
171
167
175
172
160
161
160
152
156
203
172
154
161
168
150
153
182
174
167
154
140
166
173
164
139
161
177
179
162
191
210
188
200
196
215
205
188
200
174
170
169
164
159
167
163
186
173
159
156
173
173
161
169
157
165
185
162
167
175
156
166
177
175
163
152
193
142
153
139
164
170
188
174
144
162
160
168
164
168
159
164
164
159
161
170
157
167
160
147
153
155
144
183
177
154
145
160
152
157
171
155
144
168
179
157
170
157
144
156
178
169
166
141
180
162
168
158
155
181
172
144
165
150
150
154
160
130
152
174
156
164
156
146
147
181
174
185
176
167
173
158
160
144
154
175
170
146
165
164
168
143
156
154
144
178
168
177
156
143
133
156
150
137
162
160
159
131
166
165
157
169
137
168
200
155
177
176
150
157
152
162
187
165
153
166
176
154
163
150
147
153
162
175
150
154
148
157
197
151
150
155
154
146
161
149
153
157
154
167
168
154
150
148
162
155
161
150
163
161
168
166
141
166
164
142
164
157
157
166
170
166
143
156
144
155
145
184
164
156
178
175
154
183
149
160
129
142
161
161
141
155
156
135
148
162
154
145
152
172
145
144
138
173
142
150
168
164
154
164
136
161
155
157
140
182
153
155
153
156
144
147
176
154
155
139
166
174
158
157
173
162
168
122
161
135
149
153
145
162
140
145
156
161
156
145
136
179
148
150
161
154
144
144
160
140
155
165
142
155
158
155
148
137
145
167
162
170
145
151
152
151
154
146
137
137
156
153
173
154
160
143
147
162
157
149
158
149
155
165
174
164
155
160
141
171
170
137
157
130
147
168
155
155
153
142
163
139
155
163
151
155
132
161
161
148
158
175
157
150
146
159
155
161
124
165
146
161
149
164
148
123
160
139
162
153
152
148
155
130
131
132
161
150
140
148
155
146
155
161
159
140
123
158
148
150
164
158
151
150
149
150
138
127
138
143
149
162
136
141
172
119
174
151
137
174
123
138
152
162
152
144
130
158
150
167
147
152
132
143
155
156
150
137
168
139
166
135
138
136
139
156
147
136
139
167
161
120
150
157
157
151
158
147
152
156
146
150
160
141
132
149
161
149
158
155
144
150
118
147
171
144
154
153
148
142
142
173
155
138
158
150
160
164
141
161
136
143
166
161
155
137
149
160
129
152
137
152
163
135
149
141
150
126
146
117
152
160
174
154
133
136
154
136
163
148
144
141
141
146
160
158
151
138
164
144
160
154
161
163
146
134
172
141
151
128
152
152
161
151
165
133
136
139
160
135
149
143
152
156
141
159
132
147
146
134
159
151
135
155
131
141
144
145
138
151
134
132
136
147
140
143
145
143
142
133
150
173
132
141
155
134
158
145
113
133
154
120
162
137
147
136
130
155
140
131
141
148
154
165
128
151
144
149
132
132
131
154
136
131
150
148
151
152
139
147
151
132
139
151
159
159
135
138
145
149
157
139
143
157
126
141
143
143
163
137
142
142
144
129
161
148
152
151
140
150
139
165
142
140
127
131
166
153
131
157
148
149
163
153
160
147
146
145
139
154
152
135
134
154
146
137
133
131
140
138
147
133
156
155
132
147
153
141
142
130
155
163
155
154
142
119
151
142
157
141
142
170
155
121
141
140
118
145
139
179
131
144
171
158
116
152
122
162
136
129
147
130
131
146
150
135
141
164
146
128
164
153
130
120
140
153
141
139
142
129
137
123
161
143
161
132
146
144
163
148
137
143
133
138
153
140
137
146
148
137
137
142
143
144
145
138
127
135
130
131
125
144
113
127
133
136
147
142
149
133
156
147
143
121
135
135
146
145
153
140
130
130
155
127
162
136
156
153
135
140
132
152
131
172
144
136
133
130
131
135
156
131
141
124
132
157
139
166
158
144
130
161
145
145
159
141
180
133
156
180
157
150
156
170
145
144
165
162
152
152
141
173
136
157
127
144
146
130
135
130
157
143
148
157
136
134
135
137
138
159
129
174
152
139
136
156
138
148
145
132
125
141
129
154
126
141
126
118
132
145
140
154
147
152
170
153
156
136
152
126
151
132
137
149
158
133
137
158
148
121
147
145
119
133
132
132
137
155
139
129
193
143
140
145
151
129
138
121
132
150
127
146
155
144
150
119
132
123
155
156
139
128
117
140
146
146
147
136
150
137
148
136
154
132
129
150
154
153
133
141
140
165
156
153
139
119
137
160
135
185
155
126
134
133
135
131
132
134
129
137
138
151
140
141
145
114
147
146
148
133
136
137
138
155
152
153
167
149
132
143
157
153
138
120
156
146
153
147
145
155
158
153
158
132
124
135
148
146
148
131
161
158
136
140
127
146
140
145
134
125
143
140
144
142
124
126
136
140
121
147
143
148
145
141
140
138
134
119
150
132
150
120
147
127
125
151
153
143
145
113
146
141
151
127
141
134
153
140
159
134
151
132
122
146
145
136
135
151
148
136
151
142
145
144
151
128
131
151
141
151
151
157
162
137
150
123
139
146
147
129
142
146
155
145
128
107
154
136
117
141
165
122
138
147
122
133
129
133
146
142
122
128
115
136
153
136
150
172
144
133
150
129
129
127
122
119
153
120
139
131
137
152
153
149
154
124
158
152
127
131
143
133
117
131
138
166
134
127
141
132
150
141
143
136
133
120
136
149
142
136
131
127
136
152
147
136
150
134
152
143
132
140
146
124
158
151
134
133
149
142
144
147
146
146
157
168
149
137
134
146
138
149
158
149
157
150
174
167
177
168
156
167
146
157
138
135
143
129
151
156
149
149
143
129
153
146
156
144
153
155
122
159
146
136
110
163
124
136
142
143
136
133
136
132
129
138
127
147
135
147
163
138
129
132
152
137
147
127
145
148
139
156
156
142
150
126
151
140
163
152
135
153
136
156
139
144
136
149
138
125
126
143
139
157
137
137
138
141
147
151
148
126
155
159
138
144
155
148
135
148
136
151
154
154
138
141
158
145
143
144
134
146
148
159
135
151
171
128
137
139
154
131
164
137
147
141
125
144
140
141
131
140
158
142
137
138
160
188
153
155
184
164
171
149
151
137
178
153
150
142
152
146
144
147
131
132
141
143
144
150
144
128
127
129
150
145
140
148
155
131
148
151
152
164
159
141
129
136
153
130
144
145
142
136
156
145
140
140
147
136
134
163
130
152
136
164
142
134
141
174
142
134
132
131
133
127
145
139
152
139
148
130
130
146
159
139
147
161
145
131
139
144
148
131
145
148
164
134
153
170
133
159
126
157
120
150
147
150
147
153
142
145
139
148
148
151
155
138
164
143
138
137
158
126
114
141
138
135
153
165
146
132
143
170
144
132
130
133
148
146
155
137
161
129
146
154
164
127
156
132
143
177
148
152
153
146
141
134
142
148
131
141
153
153
139
156
132
145
142
151
120
135
134
144
142
132
158
141
134
165
135
126
155
149
140
120
136
158
131
141
149
135
121
146
149
153
141
140
175
109
142
146
151
145
127
145
145
142
147
143
145
148
130
153
127
124
143
157
158
137
155
144
146
154
126
147
151
169
156
135
124
136
152
126
156
125
150
146
163
143
129
136
167
140
134
148
135
141
157
144
152
175
121
157
128
136
150
134
147
166
128
148
138
155
133
142
148
144
153
173
141
147
150
164
164
150
150
146
138
145
167
152
148
146
150
173
137
152
146
145
144
135
143
132
146
157
150
137
142
167
151
142
146
134
172
167
168
139
164
137
143
172
127
142
146
145
158
172
153
148
156
141
148
153
152
148
142
142
152
151
134
145
149
160
146
171
126
151
155
148
159
153
164
145
140
155
145
135
140
127
157
137
147
150
124
124
147
147
155
139
142
174
147
150
170
151
150
135
163
158
144
168
148
127
171
124
139
182
155
135
142
149
131
148
141
150
144
126
167
139
155
153
138
119
155
137
138
167
156
169
143
155
146
154
130
178
127
139
152
143
159
131
126
133
139
147
141
136
140
162
137
150
166
130
152
143
146
135
160
153
112
163
154
139
143
154
121
149
143
153
167
158
172
158
136
153
153
172
163
154
158
152
165
178
172
145
162
160
154
143
176
156
152
147
150
154
147
151
160
166
161
145
145
134
158
143
173
150
138
149
149
156
162
147
154
157
162
159
146
153
155
133
149
165
132
143
161
157
165
135
157
159
182
161
141
174
150
145
168
144
136
147
152
160
154
147
143
160
168
172
146
154
123
146
133
161
152
117
143
161
160
136
144
168
170
144
135
171
157
159
135
172
178
135
141
134
148
170
155
155
160
114
150
163
166
148
164
163
147
153
133
150
142
160
126
161
167
156
145
160
151
155
171
150
158
177
155
162
165
130
152
174
154
164
170
166
164
137
137
174
147
154
130
134
171
170
158
143
151
153
149
159
133
152
132
139
161
166
183
149
136
161
165
153
140
163
140
147
137
158
173
151
178
139
165
178
181
143
152
142
156
139
153
142
160
162
157
151
155
162
149
152
161
150
145
145
158
171
159
147
157
128
150
170
149
156
148
153
160
161
154
162
162
164
154
119
166
167
147
164
146
162
152
148
165
170
139
162
144
168
150
155
170
150
164
144
171
169
152
163
173
173
146
147
163
131
162
151
131
147
164
175
161
160
179
139
156
157
181
172
180
179
153
165
167
169
153
169
141
156
156
165
167
164
156
139
163
172
159
153
157
156
148
170
167
160
146
158
161
169
162
165
156
157
151
136
178
160
163
163
146
172
151
169
167
179
172
159
162
163
146
153
146
166
160
167
175
170
162
133
148
148
148
155
154
163
156
145
154
163
174
163
154
155
148
157
154
173
154
171
165
165
161
186
152
142
190
157
171
161
175
172
176
167
144
157
168
155
137
148
150
174
175
162
179
174
174
155
149
155
152
175
164
185
192
186
138
134
136
149
165
134
155
154
210
165
161
169
167
154
174
180
172
171
181
173
139
158
149
148
149
181
180
169
153
156
165
162
166
158
171
162
173
180
180
130
167
134
169
168
174
171
167
152
157
172
164
168
152
140
171
154
168
152
170
158
163
161
155
166
170
165
164
157
174
142
151
164
175
177
166
143
178
160
162
178
166
142
151
170
189
190
155
171
142
160
165
158
167
163
169
187
165
187
193
175
171
140
165
168
175
174
176
161
154
174
178
169
173
150
145
167
175
168
169
176
168
165
181
191
169
191
157
170
171
145
171
174
164
192
171
158
170
154
173
153
146
167
138
161
171
171
174
146
165
185
178
153
167
170
166
165
176
162
153
149
158
148
165
160
176
151
162
180
190
156
168
165
189
165
180
160
180
156
170
181
180
180
167
186
168
152
185
160
153
178
185
177
208
178
164
165
174
170
156
166
163
172
168
180
173
165
159
166
197
177
177
164
173
181
173
189
158
178
166
153
196
171
195
180
166
178
175
186
172
166
164
184
181
181
173
162
178
183
194
165
173
177
169
165
179
186
160
192
185
190
184
189
177
186
176
168
198
178
167
189
201
192
171
175
171
199
194
201
190
203
196
215
195
192
201
202
190
177
189
184
174
183
188
174
188
159
159
167
166
190
179
175
187
161
208
190
182
182
181
192
189
184
168
165
164
170
145
181
161
161
191
179
187
174
190
199
190
168
206
194
162
193
193
188
174
189
165
178
176
193
185
191
167
175
177
208
175
199
208
156
205
188
191
176
186
176
182
195
195
201
188
190
183
208
162
185
178
177
181
181
209
192
168
158
180
191
198
188
183
152
175
173
192
195
172
195
207
176
190
173
188
176
189
192
189
184
178
179
198
172
189
200
192
183
184
171
192
172
187
179
213
198
190
189
187
177
172
188
200
179
201
200
178
182
185
200
197
185
193
202
183
196
206
190
185
214
217
185
202
202
198
193
214
186
195
189
196
184
177
209
199
197
194
198
200
187
191
205
201
193
174
167
193
173
193
220
218
182
230
189
187
184
190
176
173
193
192
224
217
176
182
183
202
182
192
188
197
215
226
175
204
207
210
201
202
215
221
206
207
188
196
202
225
209
180
193
211
173
185
209
204
217
185
195
185
196
178
214
208
182
196
191
183
199
207
179
189
199
246
189
176
202
219
208
213
199
217
193
200
218
176
190
212
170
193
213
207
206
239
180
217
164
215
178
204
187
203
205
219
192
198
214
194
199
199
215
200
186
206
186
236
212
200
247
203
181
203
180
201
201
213
223
201
202
217
210
214
217
198
199
208
194
180
194
202
214
220
222
208
214
198
201
227
208
182
220
230
204
222
218
197
215
193
212
189
220
207
208
225
222
215
219
202
202
186
214
213
191
238
217
217
202
218
215
219
214
199
201
227
206
221
225
227
193
220
217
217
219
225
232
210
232
213
202
217
206
226
224
172
190
195
221
207
225
226
210
217
230
237
232
205
214
216
226
204
210
205
192
214
226
227
216
220
194
214
220
200
214
223
225
207
230
237
238
217
219
214
213
224
214
230
226
231
219
220
218
227
231
211
235
223
229
248
232
224
206
217
221
221
225
207
229
237
217
211
216
234
230
213
231
221
230
238
254
227
220
218
232
231
216
232
241
215
234
232
223
215
207
212
234
228
209
227
225
254
239
242
229
229
234
237
231
219
195
235
218
252
230
212
218
216
249
210
218
206
209
273
231
220
194
211
228
250
230
223
251
272
254
241
264
230
214
253
259
227
254
236
250
237
218
255
262
221
208
236
242
242
231
246
228
250
230
217
256
254
254
211
241
240
253
273
235
214
218
228
229
252
219
241
241
253
253
231
259
228
292
267
278
208
224
258
233
228
241
252
241
233
241
248
237
234
248
227
238
230
240
288
253
258
257
226
238
234
239
250
246
257
244
269
230
265
250
248
235
258
256
244
231
243
234
228
237
232
261
237
249
232
230
252
225
282
221
261
224
224
235
270
253
234
222
231
250
241
246
252
228
256
221
245
256
241
257
245
244
245
236
237
241
257
228
242
262
228
233
259
235
280
252
250
257
245
276
222
235
258
224
239
250
256
235
232
221
272
234
267
236
220
243
251
233
237
257
258
270
271
248
237
257
240
231
254
234
256
243
263
239
253
252
234
231
262
260
278
249
239
246
243
256
242
223
240
218
204
256
247
252
231
225
236
235
248
227
221
221
240
237
233
226
212
223
195
202
225
221
209
219
225
214
194
205
220
206
177
214
221
222
197
199
198
193
198
180
218
210
182
208
191
216
206
211
211
239
205
207
202
213
210
196
169
168
203
179
170
197
210
204
185
175
171
168
174
196
227
218
207
166
214
181
204
171
206
199
181
200
207
196
189
188
173
187
192
196
189
182
213
188
179
185
196
163
178
198
199
178
196
189
189
167
198
216
178
149
180
170
198
166
198
169
163
226
175
185
179
200
197
178
185
168
192
164
182
180
205
170
177
182
204
183
175
185
181
156
194
162
166
178
199
183
185
205
193
185
188
198
168
192
173
198
177
168
166
181
183
209
182
175
194
159
180
182
176
204
193
160
174
200
184
175
156
189
178
172
167
169
169
187
185
168
179
185
171
178
163
164
172
166
184
178
187
168
197
189
161
172
177
174
160
166
148
192
169
173
196
155
177
186
169
166
177
167
173
160
195
179
169
190
180
172
165
172
192
198
179
185
190
201
176
195
159
175
165
152
186
155
162
179
173
148
164
174
163
183
177
179
170
167
175
177
196
148
178
189
192
159
164
178
154
164
159
168
151
167
165
165
159
173
161
160
198
186
181
160
170
181
176
179
174
156
169
205
180
188
187
192
179
172
164
172
178
167
176
174
186
170
140
162
196
161
187
155
169
180
171
146
167
147
174
181
155
158
171
154
182
196
175
162
188
183
183
173
202
181
169
179
177
163
187
171
168
161
158
198
172
176
161
178
201
172
170
158
192
157
183
168
167
185
173
165
163
176
162
172
150
175
181
152
143
160
174
160
167
171
172
163
182
184
164
166
166
162
165
158
156
164
177
166
169
150
150
152
171
160
158
177
151
186
159
161
169
155
166
143
166
174
188
167
176
169
168
174
174
171
151
156
152
163
154
172
159
184
156
166
148
146
162
157
147
164
163
166
178
162
157
179
172
174
149
151
163
170
152
148
144
189
163
177
176
155
170
179
148
157
157
190
180
151
151
166
158
147
156
165
159
164
168
163
186
167
161
142
168
140
158
171
169
167
168
145
154
161
152
155
173
148
145
158
157
149
150
175
136
154
160
147
147
168
151
158
157
154
172
157
158
158
166
142
153
160
162
148
153
150
166
150
158
149
142
146
173
169
145
153
179
180
193
163
145
161
157
154
169
154
157
163
180
165
177
181
161
140
164
165
159
164
143
158
152
151
152
159
146
164
163
145
156
172
141
156
154
167
157
173
192
132
155
149
175
151
164
171
130
148
147
138
134
163
159
166
154
155
171
197
148
172
169
171
164
162
158
172
180
150
162
166
157
159
154
175
183
141
140
139
134
167
149
169
159
146
176
157
166
178
161
139
165
178
173
157
177
158
158
176
149
128
169
184
162
158
143
163
158
158
155
154
143
161
142
188
175
158
149
153
162
179
151
157
169
164
173
160
185
181
165
177
162
163
162
174
165
181
180
158
161
147
174
144
190
149
143
172
154
156
161
168
161
151
155
167
162
189
177
154
160
153
168
173
170
143
145
167
192
166
193
178
148
142
158
161
168
161
167
159
159
156
158
144
165
156
150
167
145
178
155
181
166
191
174
161
173
162
156
161
168
156
172
159
163
155
170
168
151
159
140
149
166
168
171
173
165
160
178
160
175
166
177
161
159
163
143
216
133
158
148
125
162
162
157
187
178
159
173
147
175
176
153
164
171
166
147
159
152
159
141
162
167
169
150
148
133
165
142
173
149
141
150
180
157
158
142
140
167
142
158
144
158
144
140
159
142
134
148
137
132
144
130
132
146
133
141
117
139
135
153
153
150
120
132
128
135
120
140
125
127
107
113
108
112
129
117
114
117
114
111
109
110
120
103
121
118
133
101
135
118
89
109
115
116
118
139
107
96
114
111
103
109
97
89
119
127
119
108
107
114
133
103
88
99
104
106
100
94
101
109
103
94
87
104
98
121
108
113
106
114
96
94
120
98
107
87
96
100
107
87
110
99
103
105
86
111
101
97
102
100
93
90
84
106
98
113
96
108
92
96
92
108
78
101
116
106
100
89
99
93
98
89
97
95
98
99
108
95
88
109
90
92
107
92
96
91
80
96
95
74
89
97
81
97
88
87
90
85
90
100
88
77
101
89
104
94
100
94
89
97
110
106
104
95
99
113
90
96
82
109
102
110
97
94
108
76
82
88
90
97
83
91
81
100
108
86
93
89
101
100
101
111
92
93
86
99
105
93
94
97
95
92
100
83
112
96
106
113
132
110
118
103
120
127
119
106
132
120
106
110
130
128
133
112
139
121
112
118
114
132
107
155
119
146
126
135
137
119
124
145
112
139
121
120
127
130
154
144
147
149
139
145
149
141
164
141
157
183
162
159
178
159
186
150
173
185
189
176
192
197
206
218
235
320
393
522
792
1241
1879
2822
3807
5007
6305
7221
7899
7848
7331
6648
5642
4628
3531
2737
2037
1591
1188
885
753
575
449
385
275
228
178
155
150
117
113
98
69
83
92
65
90
73
65
73
73
53
53
70
70
80
65
65
71
54
77
56
65
63
60
65
68
72
47
51
55
63
53
58
69
58
62
60
69
68
56
54
54
56
56
49
58
56
50
48
56
49
55
60
63
43
51
46
52
61
51
56
44
51
62
67
57
63
69
55
60
61
45
45
59
50
47
59
59
56
61
63
57
49
68
45
56
55
62
59
53
52
47
41
46
39
52
54
48
48
41
47
44
59
57
55
48
43
36
61
51
46
46
47
42
49
63
51
41
40
45
47
54
41
44
51
43
56
40
41
52
51
39
48
38
43
33
45
43
51
36
49
46
42
46
36
40
49
39
58
48
36
44
34
44
30
42
38
38
35
44
40
51
44
36
46
52
51
34
44
35
33
40
41
39
27
38
33
38
31
30
36
32
36
43
31
38
31
41
37
34
32
44
43
31
36
38
41
38
23
40
36
38
34
26
26
28
37
49
33
31
43
31
39
29
27
43
38
35
40
36
26
38
34
19
34
28
32
32
31
39
32
34
22
31
28
29
32
31
28
37
28
34
35
36
29
22
28
26
32
24
24
25
22
30
29
23
22
32
29
35
29
24
27
34
29
28
24
22
33
25
31
27
31
33
24
20
34
31
24
23
33
32
29
28
21
31
18
19
18
27
23
21
28
25
23
23
22
24
28
34
18
24
18
21
24
20
22
30
26
28
25
19
29
33
22
12
25
29
21
22
23
24
21
32
25
21
27
14
25
26
19
23
28
26
27
16
18
23
20
23
24
16
23
24
29
29
16
17
23
25
27
25
28
17
18
32
25
14
22
21
30
24
22
11
16
17
20
16
31
22
15
19
21
24
21
14
30
19
16
22
19
24
17
20
18
28
16
24
23
19
20
23
13
14
13
20
18
23
17
18
25
22
18
20
18
14
13
19
18
25
22
25
15
12
20
19
25
11
24
15
20
19
7
24
13
10
23
17
10
20
25
17
24
17
15
22
20
21
16
19
23
12
17
17
16
11
16
17
16
21
17
11
20
16
17
17
20
17
16
15
20
26
23
13
20
19
20
9
17
23
17
25
17
14
16
17
12
19
18
19
24
21
14
16
19
21
23
18
14
19
24
19
22
16
15
26
27
15
22
7
34
24
18
22
23
22
14
15
23
19
11
18
19
18
16
16
24
25
18
21
18
19
16
23
14
14
15
9
11
21
13
11
20
17
23
22
18
22
18
15
9
12
14
19
15
14
12
17
23
18
17
25
16
24
21
13
13
16
10
13
22
27
13
22
16
17
11
21
14
12
18
20
24
21
15
15
16
18
21
12
11
17
20
16
14
19
20
14
12
17
10
14
15
17
7
17
21
19
14
15
21
23
12
14
16
16
11
12
19
17
19
19
17
15
15
21
10
9
21
19
6
17
22
10
25
9
11
23
18
20
13
12
21
13
22
12
16
11
16
15
17
21
12
16
16
15
20
18
15
27
22
15
20
17
11
18
16
13
19
14
14
17
9
10
16
20
20
13
16
18
13
29
18
19
15
16
23
20
26
20
20
16
11
22
27
21
15
18
25
27
21
30
25
21
30
22
30
31
25
30
30
27
32
35
37
34
34
41
26
41
38
33
57
48
46
46
37
44
40
41
44
38
52
43
55
45
43
55
51
48
56
48
42
50
44
61
68
58
64
49
52
73
57
72
69
79
67
61
74
61
70
88
82
78
76
68
85
82
79
113
85
95
94
98
116
89
103
112
80
115
126
115
134
122
185
190
288
421
585
928
1429
2063
2906
3741
4855
5761
6494
6758
6749
6186
5683
4789
3746
2975
2224
1765
1304
945
761
556
445
370
287
221
153
124
84
70
56
48
29
23
29
20
18
15
13
5
12
6
17
9
16
6
9
9
7
7
9
11
9
3
3
7
4
5
7
3
7
5
4
5
6
4
8
5
3
6
5
4
9
5
4
3
6
6
3
4
5
1
6
7
3
6
11
7
7
3
6
7
3
4
10
5
2
5
3
1
4
4
8
5
7
6
7
4
8
4
3
3
3
3
2
3
3
5
5
3
6
3
4
1
2
2
1
5
1
3
4
5
7
4
3
1
5
5
5
7
6
4
2
3
4
1
4
5
2
2
1
4
3
3
5
3
4
5
2
7
5
7
5
4
2
7
2
2
5
6
4
3
3
0
4
3
4
4
3
5
7
3
6
3
8
1
3
3
2
4
11
10
3
1
1
1
3
5
3
7
5
5
3
3
4
10
1
8
4
6
2
4
5
2
1
0
10
2
4
6
6
7
5
2
1
5
3
3
3
2
4
5
2
3
5
4
4
1
4
12
2
7
3
7
3
0
8
3
3
7
3
6
4
5
3
2
1
2
4
5
4
3
2
5
3
3
3
4
2
3
8
2
5
7
3
3
4
1
1
5
5
2
6
5
4
1
2
3
3
4
1
8
5
3
3
4
6
3
1
4
5
2
6
7
5
6
3
2
4
2
7
7
5
4
4
4
5
3
7
3
5
6
3
7
5
5
3
5
3
2
3
5
1
2
1
3
2
6
4
5
4
4
4
5
7
2
4
2
2
4
6
2
4
6
5
5
5
2
6
1
4
2
3
6
5
10
7
4
4
3
2
3
4
6
4
7
2
6
3
3
3
4
3
6
1
1
4
0
1
1
4
8
2
3
4
6
5
7
4
5
1
4
5
3
2
2
2
2
2
1
0
6
1
6
4
8
6
3
5
2
3
4
4
2
5
3
4
2
3
1
5
6
7
3
5
4
3
4
1
7
3
5
5
3
0
4
7
5
2
6
3
5
4
3
4
2
4
5
7
5
3
3
1
3
2
4
3
3
2
3
4
2
4
5
1
3
7
3
6
5
3
4
5
4
4
7
4
3
2
4
4
4
1
4
3
2
1
0
2
1
0
4
1
4
5
4
3
3
4
4
3
4
1
4
3
2
3
1
1
5
1
4
6
4
2
3
2
4
3
3
2
4
6
1
1
4
4
4
4
2
3
4
3
1
1
2
2
4
0
5
6
5
4
1
3
1
3
1
3
2
4
4
3
4
3
4
2
2
1
4
3
3
9
8
0
4
2
4
4
3
1
4
5
2
1
1
4
4
1
1
2
6
3
2
4
2
5
5
3
4
3
1
4
3
3
5
0
11
2
7
3
6
2
5
1
3
3
7
3
4
5
6
3
2
5
4
4
5
2
7
7
3
8
4
3
4
6
4
7
5
2
7
3
4
5
4
2
6
3
4
6
11
7
18
23
27
36
44
57
46
58
73
60
51
47
37
30
30
21
14
15
8
10
15
3
6
3
8
3
6
2
2
4
2
1
5
2
3
3
2
3
2
2
6
2
3
4
3
3
2
7
6
1
2
0
2
2
7
6
2
0
3
2
1
3
1
3
4
1
4
3
5
4
4
2
3
5
3
4
5
3
0
4
0
1
7
2
3
0
1
5
4
7
2
4
1
3
1
3
4
1
3
5
2
3
0
2
3
6
0
6
2
5
1
2
1
1
1
1
3
3
2
0
4
3
1
1
0
2
4
3
1
4
2
0
4
4
5
4
3
7
7
5
3
1
0
2
4
3
4
3
2
3
1
3
1
4
2
5
0
3
2
5
3
2
3
1
3
2
7
0
4
1
2
4
4
3
1
4
3
4
2
1
5
7
4
2
1
1
5
7
5
5
5
2
1
4
2
4
2
3
4
0
4
1
2
0
4
2
1
1
1
4
0
3
6
3
3
3
1
3
2
2
2
2
3
2
2
4
4
1
3
4
6
2
0
6
1
1
6
3
0
4
2
2
4
3
4
4
2
3
1
4
3
3
4
6
4
1
2
8
5
2
3
2
1
3
0
6
1
3
2
3
3
8
4
4
3
3
3
2
2
1
1
3
1
3
2
3
0
1
3
1
0
1
1
4
5
2
5
6
3
4
5
1
7
3
2
5
3
4
2
3
3
4
2
7
5
6
1
2
0
3
0
2
3
1
2
2
3
4
2
1
1
6
3
3
3
4
3
4
1
2
0
3
3
2
1
1
1
5
1
3
2
5
3
3
0
2
0
2
6
2
3
9
0
2
3
2
1
1
2
4
2
0
1
0
3
3
4
5
0
1
3
0
3
3
5
3
2
5
4
2
3
1
3
1
3
5
2
1
0
3
2
2
1
4
2
4
2
2
4
1
2
3
0
4
3
3
1
1
3
3
2
5
1
3
3
3
3
5
5
1
2
2
2
2
0
0
4
1
0
2
3
1
2
4
2
1
1
3
4
3
3
2
2
2
4
2
3
4
3
4
4
1
2
2
2
2
3
3
2
6
3
0
3
2
2
1
1
1
0
6
6
3
1
4
0
2
0
3
3
4
2
2
4
4
1
1
3
1
1
1
4
3
1
1
3
1
2
3
3
3
1
4
2
0
0
2
1
5
3
3
3
1
4
2
2
4
2
0
2
1
2
2
2
7
2
1
2
2
1
0
2
2
6
1
1
7
0
4
7
2
0
2
3
1
1
3
3
1
4
1
1
3
2
1
4
2
4
0
1
3
0
4
3
3
6
2
6
3
1
3
1
3
3
0
3
3
0
3
2
2
2
3
0
5
2
1
2
3
2
2
1
2
3
4
3
4
3
3
3
2
2
3
1
2
4
3
2
0
2
4
3
2
3
2
0
3
1
4
1
2
2
2
6
4
2
2
1
0
0
4
3
3
0
1
1
3
4
1
1
3
3
3
5
3
5
2
3
7
3
3
3
3
0
0
3
1
1
4
1
6
2
3
2
2
4
4
1
3
3
2
5
1
4
3
0
4
2
1
2
0
6
2
2
1
1
3
8
1
1
2
2
1
4
2
3
4
2
2
4
2
1
2
2
5
2
54
51
54
55
52
61
55
61
52
40
48
44
51
53
56
49
42
48
51
43
47
52
44
56
44
44
68
47
55
45
54
58
61
58
58
62
63
46
53
60
49
46
53
53
58
38
62
46
59
49
51
43
38
52
73
49
47
49
44
53
50
49
44
43
61
56
50
56
45
32
45
49
45
52
44
58
36
53
41
43
38
52
55
35
47
33
50
50
52
66
47
45
44
42
58
30
56
48
50
52
51
55
48
59
39
44
52
48
55
50
41
41
47
45
46
38
48
49
47
35
45
51
57
42
58
46
30
26
