175
164
109
108
92
95
73
60
58
60
57
38
48
34
38
41
48
31
36
31
30
29
26
29
26
32
31
33
33
26
16
19
24
23
29
25
21
21
24
27
17
18
29
31
27
27
32
19
20
23
24
28
27
24
29
23
21
22
20
31
24
21
29
21
26
24
22
23
21
16
24
26
22
20
19
23
21
21
24
23
20
23
28
24
28
15
23
30
21
25
26
26
27
34
33
21
24
30
21
24
20
27
32
16
16
24
27
14
22
39
25
20
21
14
26
25
22
23
17
28
17
25
27
23
21
23
18
26
24
16
25
24
31
28
19
23
20
24
21
23
23
21
25
19
35
18
19
16
17
14
14
15
23
27
27
25
23
20
18
19
23
21
16
19
26
23
19
18
16
19
10
21
22
16
18
19
15
14
14
17
19
24
13
22
12
21
22
23
13
13
20
19
22
22
26
24
19
16
23
22
19
21
29
25
19
29
17
17
18
26
21
24
29
15
25
32
20
11
26
17
16
12
15
12
19
14
24
17
16
22
21
17
20
19
10
16
16
20
16
19
18
13
18
18
24
18
20
22
16
16
17
20
14
18
25
19
21
25
15
17
11
15
24
21
16
23
19
13
17
14
16
11
19
12
16
17
16
17
13
25
10
27
17
19
20
20
18
10
25
18
14
16
16
19
22
15
15
16
21
22
20
18
23
13
17
12
17
10
22
15
11
9
13
21
18
21
19
20
21
9
12
13
16
16
23
16
11
17
16
16
17
13
18
20
20
7
19
18
20
18
13
21
24
13
16
15
15
24
13
25
19
15
15
16
20
12
13
17
17
15
13
17
16
21
19
20
18
29
23
21
19
17
11
11
16
18
17
16
14
22
21
23
16
10
16
11
24
16
16
22
14
18
21
14
14
23
19
25
16
15
21
16
26
18
11
25
18
21
12
10
18
26
18
16
15
16
22
18
14
19
16
7
12
14
17
20
22
15
18
20
17
18
17
14
19
21
13
14
19
11
15
21
19
20
11
14
21
15
15
14
12
20
14
11
15
14
11
18
17
17
16
19
14
10
13
23
12
16
19
14
15
16
17
16
15
16
19
18
18
15
16
18
14
16
15
10
19
17
14
16
13
12
18
19
13
18
16
15
14
14
21
14
18
16
13
16
13
20
23
16
17
25
19
14
14
11
15
19
20
18
16
25
15
17
12
15
16
23
18
12
16
14
23
17
19
20
18
22
20
16
22
17
25
15
21
21
19
14
12
13
11
20
19
12
18
15
18
16
10
13
22
7
18
15
18
13
14
28
22
18
22
20
16
16
18
18
15
17
18
13
19
16
15
19
18
25
12
17
23
16
15
12
15
24
18
18
16
14
22
15
9
24
13
11
19
18
25
14
15
16
22
13
23
20
16
16
16
26
16
18
14
22
19
15
8
23
21
24
12
19
13
18
17
10
17
19
20
21
20
15
27
21
13
20
14
26
12
18
19
10
20
19
19
21
15
13
16
20
19
23
20
20
11
12
16
18
19
18
24
12
12
17
18
15
11
20
16
20
20
14
20
15
18
12
20
21
18
13
20
22
8
13
14
16
12
15
11
13
19
20
16
15
18
7
21
14
15
19
13
19
22
20
18
21
15
18
12
9
15
12
14
16
16
17
16
24
14
18
14
19
19
20
28
9
17
17
19
23
20
16
14
13
23
17
14
18
26
12
12
18
22
15
18
10
22
16
12
9
13
13
9
17
20
18
17
19
13
14
15
17
13
16
19
16
17
11
18
18
9
16
18
18
28
18
24
10
12
17
19
18
19
16
19
14
14
16
26
21
12
11
14
16
21
17
18
14
19
25
25
18
10
17
11
19
17
16
26
17
9
20
25
15
20
12
20
13
27
16
19
22
13
11
17
13
15
26
17
17
22
21
15
15
8
11
18
16
17
10
20
12
17
22
16
14
19
17
16
18
27
20
23
14
17
16
20
14
19
16
12
15
12
17
14
13
12
17
22
11
15
12
19
10
12
17
8
15
12
15
26
9
17
19
13
12
7
15
18
19
9
19
19
14
20
15
13
13
16
22
19
24
19
14
21
12
20
17
18
12
13
16
21
17
16
14
15
15
11
20
11
18
12
19
10
15
19
18
16
14
11
15
22
18
14
15
17
21
20
17
21
17
27
17
13
17
14
14
11
17
18
15
10
21
18
10
13
21
12
21
14
19
19
20
12
15
18
16
19
17
14
12
11
15
19
27
20
20
10
16
13
15
13
12
12
11
19
18
12
14
10
13
19
21
13
14
22
11
21
22
15
18
11
20
22
18
24
14
16
14
21
15
16
12
25
19
15
16
17
12
12
16
18
19
15
15
16
14
19
15
10
13
10
18
22
20
22
21
16
19
14
14
15
18
15
22
16
13
17
13
16
20
20
20
11
15
13
23
10
14
22
18
12
21
11
16
13
15
15
21
21
19
16
27
12
17
20
15
17
14
23
19
19
14
14
18
16
29
17
19
12
18
20
22
19
23
19
11
19
23
14
16
19
14
18
13
14
16
17
12
27
17
14
20
18
19
14
11
18
15
20
25
18
23
13
19
13
21
15
17
21
13
16
14
22
11
11
12
18
18
17
11
15
15
18
18
15
19
25
16
17
14
18
14
9
21
21
21
22
19
20
15
18
25
16
17
14
18
27
18
18
21
14
21
22
16
18
11
13
23
14
16
10
15
23
17
17
17
11
18
11
17
17
17
14
19
14
18
22
19
20
20
21
17
16
16
8
18
20
20
21
16
14
14
15
21
12
16
11
21
27
23
21
11
17
9
11
11
14
25
16
16
18
16
18
21
17
16
12
13
14
20
13
15
11
12
20
18
22
14
18
20
15
21
16
24
19
16
17
7
14
16
16
25
14
17
19
16
13
21
10
14
12
16
13
15
11
14
10
13
23
18
14
19
24
21
17
20
20
12
18
18
20
25
20
14
12
24
17
17
17
12
24
22
16
19
19
14
20
21
23
23
17
12
16
20
24
16
23
15
19
14
18
18
17
13
11
11
20
15
14
10
15
27
15
17
19
22
18
14
22
17
13
18
14
13
22
17
23
22
26
15
16
15
19
21
13
17
24
24
18
19
19
21
18
13
10
17
25
12
17
21
11
18
18
14
16
21
18
18
13
15
21
18
17
17
15
14
9
16
18
19
21
15
9
23
22
14
22
18
14
17
19
19
15
15
21
29
18
23
21
13
16
17
10
16
13
15
17
13
10
21
18
19
20
17
12
20
13
19
16
12
15
16
17
14
11
23
11
13
15
18
25
25
10
17
18
19
8
14
21
21
20
17
23
19
16
21
14
14
10
16
16
13
13
22
9
18
19
22
24
17
23
19
20
14
12
22
14
18
16
23
14
17
16
9
21
21
10
21
23
20
22
17
19
21
19
16
15
21
19
17
7
22
16
10
15
13
17
15
20
15
17
15
21
16
16
19
17
20
24
17
19
20
14
17
24
29
18
18
13
22
19
14
15
16
18
13
22
19
15
20
19
16
10
17
19
10
23
20
14
18
19
19
17
20
23
24
23
20
13
24
15
24
14
14
14
14
22
15
13
17
11
19
17
25
21
16
19
20
10
24
20
13
29
21
16
19
23
16
16
22
16
18
26
13
18
22
21
12
17
13
20
13
11
17
22
21
26
15
22
21
17
14
18
16
17
22
13
16
24
14
13
11
12
24
15
21
20
13
21
11
9
15
15
17
13
24
24
11
14
17
15
25
20
14
21
23
11
13
12
11
16
17
26
21
18
11
14
16
17
24
14
15
18
12
17
20
10
15
22
15
24
17
15
18
12
17
14
17
10
23
13
17
16
17
26
25
19
17
16
14
22
24
17
22
16
24
20
23
15
15
16
17
20
26
23
12
23
11
16
17
33
12
21
20
22
20
32
20
17
14
22
25
22
16
12
21
18
17
18
13
16
21
14
28
22
24
17
13
20
18
20
18
18
29
21
22
17
13
12
10
16
20
16
17
27
11
25
24
27
24
20
16
13
16
26
18
25
11
26
19
12
17
19
18
21
16
18
23
22
21
23
20
25
24
24
25
14
32
19
23
17
13
25
20
16
26
19
19
19
17
29
14
19
17
18
19
19
21
24
19
22
11
12
16
11
27
20
18
21
23
17
14
14
19
24
26
25
23
15
18
18
30
16
19
21
24
18
19
21
20
20
22
24
25
23
15
26
17
15
24
24
22
24
21
22
20
15
22
13
18
18
16
18
14
22
24
19
26
22
25
18
22
22
26
22
23
12
21
20
16
17
21
14
19
21
18
15
23
16
19
16
20
10
26
20
22
17
24
15
18
15
13
24
13
20
11
30
20
23
21
26
16
23
23
16
11
18
23
23
19
26
21
10
26
18
22
17
22
21
19
21
20
21
22
23
18
22
22
25
17
27
17
17
27
28
14
21
27
13
13
16
22
16
28
18
19
23
11
20
22
19
18
27
22
20
21
22
15
27
24
14
18
15
23
27
12
23
21
16
13
24
17
20
12
22
14
20
22
18
18
18
27
23
23
24
21
23
15
17
17
18
17
21
15
24
22
14
19
21
22
22
16
22
14
17
19
31
21
19
24
24
15
15
17
29
16
24
17
19
27
21
24
14
21
25
21
18
19
20
18
15
19
24
24
15
18
25
29
9
23
22
25
18
17
20
15
26
12
12
21
21
16
24
21
27
21
16
16
25
27
23
18
17
10
13
16
22
27
21
23
20
17
25
21
28
20
23
17
13
25
23
21
18
28
16
24
34
19
21
26
20
17
17
23
19
24
16
25
19
14
21
19
22
24
15
24
17
18
26
18
22
18
20
20
14
22
19
17
15
19
13
27
19
26
16
19
17
19
14
22
14
13
23
15
20
28
18
27
20
13
14
28
27
16
14
32
23
14
17
19
20
19
18
21
18
23
13
14
24
15
26
23
19
17
21
16
21
13
19
26
17
24
21
13
27
22
20
13
15
16
14
20
20
24
24
14
22
17
12
17
28
19
11
20
18
15
21
21
18
17
18
18
21
22
15
26
31
17
16
20
18
20
34
21
21
14
24
14
17
19
22
14
29
18
18
25
16
24
21
19
18
19
24
19
25
26
20
22
23
18
20
13
24
15
20
21
24
18
29
25
25
19
14
20
13
34
22
15
19
16
24
18
18
18
22
20
21
18
23
16
23
16
15
22
30
21
14
23
14
17
24
20
24
11
20
20
20
14
23
26
17
21
12
20
11
22
22
18
18
20
27
16
16
24
27
19
16
13
18
19
18
14
23
12
25
21
13
12
21
19
17
14
17
20
22
18
14
16
19
15
16
22
19
18
20
23
21
23
20
18
14
26
11
15
15
24
17
10
27
19
22
22
13
15
18
23
14
19
25
25
26
20
22
19
25
20
23
25
25
21
22
24
22
14
23
22
20
15
22
22
10
19
22
11
23
22
17
25
25
17
18
21
12
21
20
15
22
18
27
15
29
17
16
22
19
21
19
20
20
17
22
21
36
23
16
21
19
20
19
26
25
24
15
26
21
21
19
10
19
20
17
21
21
20
16
13
19
16
20
25
22
11
21
16
13
21
18
28
20
24
12
19
12
17
22
11
20
25
22
23
16
17
22
18
27
27
19
19
20
15
17
22
27
25
18
23
24
24
20
15
25
21
15
25
17
22
22
19
18
16
17
28
10
19
17
24
21
22
22
16
26
24
16
22
23
17
24
18
22
21
14
17
12
26
13
16
22
32
16
14
20
23
20
25
28
20
21
26
23
20
21
19
25
19
22
21
23
23
24
15
32
18
21
16
25
24
20
25
22
18
19
15
20
20
25
15
25
22
27
20
22
19
17
23
17
24
19
23
22
19
17
14
28
25
17
25
15
23
20
19
20
23
22
22
12
11
21
15
22
17
14
23
16
25
16
15
18
15
21
13
18
20
26
23
19
20
19
20
22
20
13
21
26
14
25
21
17
21
19
21
20
26
16
25
28
22
16
24
14
22
24
21
32
18
25
11
25
24
27
18
15
20
25
23
18
14
20
18
29
26
24
16
14
18
17
23
17
13
14
21
25
25
24
24
25
22
13
22
21
23
28
18
22
27
15
25
20
19
21
23
16
20
15
20
18
21
22
23
24
22
17
21
22
21
23
25
26
31
26
16
24
33
30
28
15
24
25
25
20
20
24
20
23
15
17
20
24
17
18
19
19
26
21
24
22
18
27
29
20
22
27
18
25
28
21
14
27
25
25
26
25
24
29
15
17
19
24
21
15
21
24
23
26
22
22
30
19
21
20
16
17
20
18
20
26
16
34
13
21
20
22
22
30
22
21
22
18
23
28
21
16
19
22
25
23
23
23
24
15
22
33
27
17
23
21
17
29
22
21
22
23
23
22
21
21
22
26
23
34
21
24
21
28
28
18
32
23
19
22
20
22
37
22
27
20
23
18
20
20
29
35
23
27
24
26
23
25
30
20
27
31
26
26
20
35
27
37
30
22
21
34
20
19
16
18
29
22
24
21
26
29
21
20
19
28
28
28
36
32
23
41
24
32
20
22
25
26
22
31
29
27
18
29
25
31
25
24
27
22
29
31
22
12
19
20
23
22
37
18
26
26
21
25
21
20
26
23
31
29
22
23
20
24
17
32
25
21
21
14
21
23
22
24
22
28
27
21
26
27
26
30
28
36
12
23
23
27
36
33
32
18
22
26
26
26
21
26
34
29
24
26
25
21
32
33
24
31
26
20
19
32
27
20
25
19
22
20
20
26
32
20
21
28
36
21
23
30
29
28
20
22
21
29
25
16
27
20
23
24
32
34
34
28
28
32
27
30
22
34
35
29
29
24
34
31
30
23
38
26
34
28
27
26
19
27
26
21
29
33
21
22
27
24
23
23
28
24
24
32
33
29
29
28
21
21
26
23
28
28
31
22
25
30
28
29
18
20
34
25
40
30
34
27
25
24
27
24
24
34
24
29
29
29
25
25
26
33
39
20
32
30
22
22
30
24
30
24
30
26
27
26
18
30
27
32
30
31
23
31
15
37
37
32
17
22
34
28
35
30
33
28
37
24
28
27
30
22
38
34
32
32
37
34
31
30
33
22
37
27
27
30
23
19
25
28
27
35
25
25
25
33
30
32
25
27
32
29
28
26
32
24
25
35
33
25
30
26
27
43
27
35
30
30
30
35
22
29
36
38
19
32
25
25
26
35
26
31
33
30
30
29
32
29
33
33
29
26
29
32
34
22
25
35
31
27
34
34
41
37
24
32
34
34
38
44
35
32
28
38
23
33
27
38
34
30
45
26
36
35
24
27
38
24
39
32
37
29
38
31
30
26
39
38
22
38
35
25
33
26
43
36
41
34
31
32
38
34
31
30
42
33
34
34
22
39
38
29
30
26
37
25
34
34
34
35
35
36
20
36
29
33
37
40
30
34
36
32
42
37
27
39
27
33
26
35
33
30
26
38
22
32
27
35
35
26
19
28
24
40
39
31
42
22
38
48
36
37
26
33
26
21
30
39
29
37
44
23
39
23
33
31
30
27
37
25
26
40
40
30
29
37
42
32
25
24
41
39
36
37
40
31
28
29
38
35
27
29
34
26
26
34
21
28
37
26
41
33
34
39
41
21
31
23
38
29
26
24
34
35
46
35
35
29
35
21
35
27
22
32
25
28
25
22
29
19
22
26
27
19
32
30
26
22
31
26
30
23
32
25
26
23
27
34
18
28
32
33
21
27
25
19
20
16
19
19
21
31
28
20
25
26
19
19
19
23
21
25
23
26
22
18
29
27
25
20
18
23
17
23
20
19
21
15
23
21
26
19
25
18
21
21
18
23
23
16
19
23
17
14
20
15
18
20
26
16
26
16
16
23
20
17
12
23
10
18
25
18
14
6
16
10
18
11
19
15
15
17
22
26
13
14
24
21
12
15
23
10
15
10
21
28
16
18
18
16
14
13
10
15
14
13
17
16
14
28
17
16
15
23
12
18
12
14
13
15
14
20
14
12
15
11
19
19
4
12
10
20
13
13
16
17
15
14
18
15
12
15
9
13
17
10
21
17
15
13
16
14
14
14
15
11
19
17
12
11
17
18
11
22
12
19
14
30
19
12
14
17
10
7
15
3
21
9
17
18
17
16
15
13
19
21
19
20
22
16
14
11
19
18
11
16
15
11
15
11
20
10
11
15
11
14
12
10
10
7
13
13
9
14
8
13
18
13
13
14
15
10
22
14
16
22
16
13
13
14
16
13
15
14
12
16
11
14
12
16
18
10
18
19
10
12
9
11
8
16
7
10
15
17
10
16
9
14
17
17
8
14
15
9
15
12
15
12
9
15
18
10
13
10
14
8
14
15
11
12
10
10
17
11
10
13
11
10
22
11
13
9
11
21
11
16
12
12
17
14
12
15
10
9
17
16
10
13
17
10
9
12
15
9
14
11
6
12
13
13
8
7
4
10
13
10
15
19
10
14
9
8
9
13
11
14
7
19
13
12
5
19
18
6
12
8
14
12
7
7
9
7
9
16
6
5
8
13
14
11
7
10
12
14
10
11
14
10
9
9
14
9
10
13
7
11
8
11
10
12
11
12
11
15
9
12
9
13
11
8
11
10
11
18
7
9
5
16
6
8
15
15
9
8
7
3
8
14
17
15
9
7
18
9
9
10
9
7
7
11
8
11
14
16
7
7
9
15
4
5
12
3
11
7
9
11
10
8
5
12
9
8
11
15
8
11
7
8
14
7
11
11
14
13
8
16
12
9
9
11
10
14
6
8
10
4
6
3
14
5
9
9
7
15
11
2
4
9
8
9
12
5
9
12
9
5
13
10
13
8
10
9
4
5
13
7
14
3
11
10
10
10
9
8
12
12
11
7
6
14
14
8
9
2
5
3
12
8
8
8
9
10
5
11
7
11
10
6
8
7
7
10
9
14
14
16
10
10
10
8
10
4
6
6
9
10
10
10
6
8
6
6
4
6
7
3
5
13
5
8
9
8
12
8
10
8
8
9
12
5
2
9
10
8
15
5
4
7
7
8
3
7
12
7
5
6
12
7
5
13
10
15
11
7
5
5
3
5
9
12
5
7
4
7
8
12
4
9
7
5
3
2
7
5
5
4
10
8
8
4
8
13
12
9
16
9
11
8
13
3
8
9
6
3
10
12
5
5
4
9
11
5
10
3
7
10
11
7
8
8
9
7
9
9
4
10
6
3
8
4
2
14
14
7
8
8
6
4
11
7
7
6
11
7
8
8
4
3
6
8
11
8
3
3
11
8
6
8
4
9
7
6
7
3
8
2
4
7
7
10
5
9
2
6
4
5
4
6
6
10
5
6
2
7
4
7
3
5
6
8
3
4
8
4
4
6
5
3
7
5
9
7
7
4
6
3
9
8
6
5
4
6
2
5
6
6
4
8
5
4
7
3
11
9
10
4
7
7
4
7
5
8
5
3
5
10
7
5
6
6
5
2
6
4
6
11
4
5
9
10
4
7
3
3
6
9
7
5
9
9
8
7
5
8
1
8
3
6
8
4
10
8
4
6
6
6
10
5
7
8
7
5
3
11
5
5
9
6
2
7
4
8
5
7
2
4
3
3
8
4
6
7
5
8
5
8
6
6
7
6
4
7
10
5
5
5
6
2
7
5
5
5
7
8
8
4
2
5
5
5
14
7
8
5
5
10
5
6
7
6
4
5
6
9
6
7
5
4
5
6
5
9
4
3
7
4
5
6
4
4
12
4
9
5
4
9
5
5
6
6
3
6
4
2
3
11
6
9
4
7
6
8
5
4
9
9
1
2
6
4
7
4
5
5
4
7
6
8
6
4
11
4
3
4
7
9
4
6
11
5
8
4
10
7
8
5
6
6
4
7
5
9
12
2
11
8
3
3
4
5
7
5
8
5
8
4
6
5
9
7
5
5
7
6
8
12
4
7
6
9
7
5
3
9
10
6
6
6
7
6
4
5
7
5
4
6
5
6
10
5
6
2
6
8
7
6
6
5
5
8
9
6
4
4
1
6
3
6
7
4
4
8
8
4
3
4
7
7
6
6
9
6
8
8
3
2
7
5
8
3
9
6
6
3
9
6
5
7
4
5
4
8
4
7
3
8
5
7
4
5
6
9
6
5
10
7
3
6
6
6
3
7
9
8
2
6
6
1
5
5
7
6
5
6
8
5
6
6
7
7
8
3
8
5
3
4
5
7
8
5
4
9
4
7
7
7
4
10
6
5
5
1
4
5
9
5
6
6
4
3
4
3
2
7
9
4
11
4
14
6
7
2
4
8
5
6
5
4
1
8
4
6
8
9
10
6
4
8
5
4
6
6
3
6
2
3
6
10
3
2
7
3
10
9
4
7
7
7
8
11
3
5
8
6
4
8
7
5
5
3
8
6
6
6
13
7
4
6
5
6
7
7
7
5
10
11
9
3
5
8
6
5
2
4
2
4
6
7
3
7
6
6
5
8
4
7
3
3
14
6
10
7
4
7
8
8
4
4
5
5
5
7
4
3
9
7
7
2
4
1
5
2
11
4
7
7
6
12
4
6
6
4
6
8
3
5
4
4
5
9
6
6
2
9
6
6
3
4
3
4
6
4
6
5
1
6
8
5
8
4
6
6
7
4
5
3
6
6
5
9
4
5
2
1
6
5
5
9
5
6
3
6
9
7
5
7
3
5
1
3
8
4
3
8
6
1
7
6
7
6
4
5
5
5
6
2
4
7
2
9
4
1
5
10
6
5
4
3
5
5
4
6
3
7
9
4
5
4
6
6
7
8
6
4
9
6
7
7
5
3
6
11
6
7
7
4
4
2
8
12
3
3
8
7
7
5
6
6
7
2
7
5
7
12
4
4
6
4
3
10
4
12
3
9
4
7
6
6
6
5
7
8
0
3
9
5
4
7
6
8
9
5
8
5
6
6
6
7
9
6
7
6
5
9
4
3
7
6
3
5
6
7
7
4
7
4
7
6
4
8
5
1
8
5
6
7
10
8
5
9
4
10
6
7
5
8
1
7
8
5
6
6
4
13
3
3
3
7
1
14
9
11
8
8
6
7
6
6
3
8
11
4
8
5
16
9
7
3
5
3
10
8
8
2
8
12
8
5
6
4
5
6
2
5
8
3
7
5
5
6
10
6
8
13
6
9
6
7
6
6
8
5
3
10
10
4
9
8
4
3
6
9
14
5
5
6
6
3
4
7
11
9
7
7
4
7
4
5
8
5
4
6
9
5
4
4
3
6
2
12
11
4
10
12
8
9
7
7
6
9
11
6
10
5
7
6
5
9
7
9
4
7
9
10
5
7
10
11
5
9
13
6
10
8
11
8
10
7
9
14
8
0
9
7
6
10
12
11
8
10
12
15
9
9
12
8
18
21
10
13
7
15
3
14
8
5
8
6
6
8
14
8
14
14
7
7
7
12
15
18
11
16
7
11
12
12
8
14
12
17
9
16
12
15
16
22
4
14
23
6
19
10
15
26
18
20
11
28
25
20
31
13
22
15
14
28
26
24
24
28
24
19
29
23
32
21
33
35
29
29
36
29
40
35
39
46
42
37
50
44
59
46
66
82
71
83
97
128
128
138
164
157
217
225
258
303
332
357
396
447
535
567
659
714
740
855
896
976
1124
1026
1103
1166
1268
1340
1270
1343
1392
1425
1378
1398
1401
1294
1248
1173
1118
1101
1103
926
900
855
830
645
645
579
538
449
418
370
359
302
251
215
190
188
150
104
108
91
78
70
57
47
46
32
42
36
28
24
18
13
18
12
13
12
9
10
16
9
7
5
5
12
11
4
4
6
6
0
4
4
3
2
4
2
4
5
4
6
4
3
2
2
5
3
4
2
4
3
2
4
3
2
4
1
2
5
5
1
0
3
1
3
1
0
3
2
4
2
2
2
0
1
4
4
3
2
4
2
1
1
5
2
0
3
1
0
1
4
3
0
3
0
2
1
1
1
1
3
0
1
1
1
4
5
1
2
2
0
3
1
0
3
2
3
4
0
0
0
0
1
1
0
2
3
1
1
1
2
1
2
2
1
4
0
2
1
4
0
1
0
4
1
2
2
2
5
0
1
1
1
3
3
0
2
5
2
1
1
0
2
1
2
1
1
2
4
0
0
1
2
0
2
3
1
2
3
1
5
2
1
3
1
2
1
1
1
2
1
0
2
2
0
3
1
0
0
1
4
2
3
0
1
1
2
1
0
1
0
3
0
3
2
1
3
1
1
2
0
1
0
5
1
0
1
1
1
1
3
2
1
3
2
0
2
1
0
0
0
1
2
1
1
2
2
0
1
1
1
2
1
5
1
2
0
2
2
2
2
0
4
1
1
1
0
2
4
0
1
2
2
0
0
0
0
0
2
4
1
1
1
1
0
2
0
2
0
1
1
3
0
1
1
0
2
0
1
1
1
3
0
3
1
0
1
0
3
2
2
0
1
2
3
0
1
1
1
2
2
1
0
0
3
1
1
0
2
1
0
3
0
0
1
2
2
1
3
2
4
0
2
2
0
2
0
0
0
0
1
0
0
1
0
2
3
1
0
2
2
1
0
0
1
0
1
2
1
2
0
0
3
1
1
0
2
2
0
1
3
3
0
2
0
1
1
3
0
0
2
0
2
0
2
1
1
3
0
3
0
0
1
1
0
1
1
0
2
0
0
0
0
0
1
0
0
1
3
0
2
1
2
2
1
3
2
2
2
0
1
0
2
0
1
0
0
2
2
1
1
1
0
0
0
3
0
0
1
0
1
2
2
0
1
0
0
2
1
3
1
2
3
0
4
1
3
1
1
1
0
0
1
0
0
1
1
3
1
0
0
0
0
3
0
0
4
0
2
2
0
2
1
3
0
1
1
1
0
1
2
3
0
2
0
0
0
0
2
0
0
1
3
1
0
1
1
0
0
0
0
0
0
2
0
2
0
1
0
1
0
0
1
1
3
1
1
2
2
1
1
1
3
0
0
1
1
1
1
0
1
2
1
0
1
2
0
1
0
0
0
2
0
1
2
0
1
1
0
1
1
0
0
0
0
0
1
0
1
0
0
0
1
3
0
0
1
1
1
0
1
0
2
1
0
0
3
1
0
1
1
2
2
1
2
0
2
1
0
2
0
1
1
1
1
0
0
0
0
0
2
2
0
1
0
1
0
0
0
2
1
0
4
1
2
0
3
3
1
1
1
0
0
0
0
1
1
1
3
2
1
1
0
3
1
0
2
0
0
2
3
2
0
0
1
0
0
0
2
0
0
0
1
0
0
0
1
1
0
0
2
1
0
0
0
1
0
1
2
0
0
2
0
2
0
0
1
1
0
0
3
0
1
0
1
2
1
0
1
1
0
0
0
0
0
1
0
0
0
0
0
2
1
0
2
0
3
1
2
0
0
0
2
1
0
1
0
2
1
2
0
1
1
0
0
2
0
1
0
1
1
2
1
0
0
0
3
0
0
0
0
0
0
1
0
2
0
0
0
1
1
1
0
1
0
1
2
1
2
3
0
1
2
1
2
0
0
0
2
2
1
1
0
0
0
1
0
0
1
0
3
0
0
0
1
2
0
1
0
2
1
0
1
0
0
0
0
0
2
0
0
0
1
0
1
0
1
0
1
0
1
0
1
1
0
0
0
2
0
2
0
0
3
0
2
1
0
2
0
0
0
1
1
0
3
2
1
1
1
0
1
0
1
0
1
0
0
1
2
3
0
0
1
1
0
0
1
2
0
1
0
1
0
0
0
0
1
1
0
0
1
0
1
1
0
3
1
0
1
0
1
2
0
2
1
1
0
1
0
1
0
1
0
1
1
0
1
0
2
0
0
2
1
0
0
1
0
1
0
0
0
0
3
0
0
0
0
0
0
0
0
1
1
1
0
1
0
0
0
1
1
1
2
0
3
1
0
0
1
0
1
1
0
1
0
2
0
0
0
1
0
0
1
0
1
0
0
2
2
1
0
0
0
0
0
1
0
0
1
1
0
0
1
0
0
1
0
1
1
0
0
0
0
0
1
1
0
0
0
0
0
2
0
1
0
1
1
1
0
1
1
0
1
0
1
2
1
1
0
2
0
0
1
1
2
0
1
0
1
0
1
0
0
0
4
1
0
1
0
0
3
1
1
0
2
0
0
2
0
0
2
0
2
0
1
1
1
1
0
0
0
0
0
0
0
2
0
0
3
0
0
0
0
1
0
0
0
2
2
0
1
0
2
0
0
0
1
1
2
1
1
0
0
0
0
1
1
1
1
0
2
0
1
2
0
0
0
2
1
1
1
1
1
0
0
0
0
1
0
0
2
0
1
0
0
0
0
1
1
0
0
0
0
1
0
0
0
2
0
0
1
2
2
1
0
0
0
1
0
0
1
1
0
0
1
1
0
1
2
0
0
0
1
0
1
1
2
2
0
0
2
0
0
1
0
1
0
1
1
1
0
0
0
0
1
1
0
2
1
0
0
1
1
0
0
0
2
0
0
0
3
2
1
2
0
1
1
2
0
1
1
0
0
0
1
1
1
0
0
2
2
1
0
1
1
1
1
0
1
2
0
1
0
0
0
0
0
0
1
0
0
1
0
0
1
0
0
2
2
1
1
0
0
0
0
1
0
2
1
0
1
1
0
0
0
0
2
0
0
2
1
1
0
0
0
0
1
0
0
1
0
0
0
0
0
1
1
0
1
1
0
1
0
0
3
2
0
0
1
0
1
1
0
1
1
0
0
1
0
0
0
1
0
0
2
2
0
0
0
1
0
1
2
0
0
2
0
0
0
0
2
2
0
1
2
0
1
0
1
1
0
2
0
0
0
1
0
2
1
3
1
0
0
2
0
1
1
0
0
1
0
0
1
0
2
0
0
0
0
0
1
2
0
0
3
0
1
0
1
1
0
1
0
0
0
1
0
0
0
1
0
1
1
2
0
0
1
0
0
0
0
1
1
1
1
0
0
0
0
1
0
2
1
1
2
2
0
0
0
0
0
0
0
1
0
0
1
1
0
0
0
1
1
0
1
0
0
0
1
0
0
0
0
0
1
1
0
0
0
0
0
0
2
0
1
0
0
1
1
0
1
1
0
1
0
1
0
0
0
0
0
1
0
1
0
0
0
0
0
0
0
0
0
1
1
0
3
1
0
1
0
0
0
0
0
0
1
0
0
0
1
0
2
1
0
0
0
0
3
0
0
1
0
0
0
0
1
0
0
1
1
0
1
1
0
0
2
0
0
0
0
2
1
1
1
0
0
0
1
0
0
0
0
2
1
0
2
1
0
1
1
0
0
3
1
0
2
0
0
0
0
0
0
0
0
0
2
2
0
1
0
0
0
1
0
1
0
0
2
0
0
0
0
1
0
0
1
1
1
1
0
0
1
0
0
0
0
1
0
1
0
0
0
1
1
0
2
0
2
1
1
1
1
0
0
1
1
2
2
0
0
0
0
1
0
1
1
0
1
2
1
1
1
0
2
0
0
2
0
2
1
0
0
0
0
1
1
1
0
0
3
0
1
0
0
1
0
0
2
0
0
0
0
1
2
1
1
3
1
0
1
2
2
4
1
1
1
1
0
0
1
1
3
0
0
1
0
2
0
0
0
3
2
0
0
0
1
1
5
1
3
0
2
0
1
0
1
2
0
2
0
1
0
1
2
2
1
1
2
1
0
0
0
3
0
0
0
2
0
0
0
1
1
1
2
0
1
0
0
0
1
1
0
0
1
1
2
1
0
0
1
1
0
1
1
0
0
0
0
0
0
1
0
2
0
2
0
1
0
2
0
1
0
2
1
0
0
0
2
1
0
1
1
1
0
0
0
0
1
0
0
0
1
1
2
0
0
0
0
0
0
1
0
3
1
0
0
1
0
0
0
1
0
0
3
0
2
3
1
1
0
1
0
0
0
0
0
0
1
0
1
0
0
1
1
2
1
0
1
0
1
0
0
1
0
0
2
1
1
0
2
0
0
0
0
0
1
0
1
0
0
1
0
1
0
0
1
0
1
1
1
0
0
0
1
0
0
1
0
1
0
1
0
0
0
0
0
0
1
1
0
0
0
2
0
1
0
1
0
2
0
0
0
0
0
0
1
2
0
2
0
0
0
0
0
1
0
1
3
1
1
0
0
1
0
0
0
0
0
2
0
1
0
0
0
0
0
0
2
0
0
0
0
1
0
0
2
0
1
1
0
0
2
0
0
0
0
1
1
1
0
0
2
2
0
1
1
0
0
0
0
0
1
1
0
0
0
1
0
0
2
1
0
0
0
0
0
0
1
0
0
1
0
0
1
2
2
0
0
2
2
0
2
1
0
0
1
0
0
0
0
0
2
0
0
1
1
0
0
1
0
1
1
1
1
0
0
0
1
0
0
1
1
0
0
2
1
1
1
2
1
0
0
0
0
1
0
0
0
1
1
1
1
1
0
0
2
0
0
0
2
1
0
0
3
1
0
1
1
0
0
0
0
0
0
0
0
0
0
0
0
1
1
0
1
1
1
0
0
0
0
0
0
2
1
1
0
0
1
0
0
0
0
1
0
0
0
0
0
0
0
0
2
1
0
0
0
0
0
1
1
2
0
0
0
1
0
0
0
0
1
0
0
1
1
2
0
0
1
1
0
1
0
0
1
0
0
0
0
1
1
0
0
2
0
1
0
0
0
2
0
0
0
1
0
0
0
2
0
0
2
1
1
1
1
0
0
3
0
1
1
1
0
4
2
2
2
1
0
0
1
0
0
1
1
2
1
2
0
0
0
1
0
2
0
0
0
1
1
1
1
0
0
1
0
0
1
0
1
0
1
1
0
1
1
0
1
2
0
0
0
1
0
0
0
2
1
1
0
0
0
1
0
0
0
1
0
0
1
1
0
1
0
0
0
1
0
1
0
1
0
2
0
0
1
0
1
0
1
0
0
1
0
1
0
0
0
0
0
1
0
0
1
1
0
1
1
1
1
0
1
0
0
0
1
2
0
0
0
1
0
0
0
0
0
1
0
1
0
0
0
1
0
0
0
1
1
1
0
0
1
0
0
2
0
0
0
0
0
1
1
0
0
0
0
0
2
0
1
2
2
1
1
1
0
0
0
0
0
0
0
0
0
0
0
1
0
0
0
0
1
2
1
0
0
1
0
0
0
0
2
0
0
0
0
0
0
1
1
0
2
0
0
0
1
1
1
0
1
0
0
0
0
3
0
1
0
0
0
0
0
0
0
0
0
1
1
1
0
2
1
1
0
1
1
1
1
0
1
0
0
1
1
0
0
0
0
0
0
0
0
1
2
0
0
0
0
1
0
0
1
1
0
1
0
0
1
0
0
0
0
1
0
0
1
0
0
0
2
0
1
1
0
1
0
0
1
0
0
0
0
0
0
1
0
0
0
3
0
1
1
0
0
1
0
0
0
0
0
0
1
2
0
0
1
1
0
0
0
0
0
0
0
0
1
1
0
1
0
0
1
0
0
2
1
1
1
0
0
1
1
3
0
1
0
1
4
0
0
1
0
0
0
0
2
1
2
0
1
0
0
1
1
1
1
1
0
1
0
0
0
1
0
0
1
0
0
1
1
1
2
0
1
0
2
1
0
1
0
1
0
2
1
1
0
0
0
0
0
0
0
0
1
0
0
1
0
0
0
0
0
2
0
1
0
1
0
0
1
1
0
1
0
2
1
2
0
0
0
1
0
1
1
2
0
0
0
0
0
1
0
1
0
0
0
1
0
0
0
1
1
0
0
0
1
0
0
0
0
1
0
0
0
0
0
0
0
0
0
1
1
2
0
0
0
0
0
0
0
0
0
1
1
0
0
0
0
1
3
0
0
0
1
0
1
0
0
0
0
0
1
1
1
0
1
1
0
0
0
1
1
0
1
0
1
0
2
0
0
0
0
0
0
1
0
0
0
0
0
0
0
0
0
0
0
1
0
0
1
1
0
1
1
1
0
0
2
0
2
0
1
1
0
0
0
1
1
0
0
1
2
0
0
1
0
0
1
1
0
1
0
0
0
0
0
1
0
1
0
0
0
0
0
0
0
0
0
0
1
0
1
0
1
1
0
0
2
0
1
1
0
1
0
0
1
0
1
1
0
0
0
0
1
0
0
0
1
1
0
0
0
1
1
1
0
0
1
0
1
0
1
1
0
0
2
1
1
0
0
1
1
1
1
0
1
0
0
1
0
1
0
0
0
1
1
0
0
1
1
1
0
0
0
0
0
0
0
1
1
0
2
1
0
0
1
3
0
0
0
0
1
1
0
0
0
0
0
1
1
0
1
0
17
14
30
18
23
22
25
23
19
21
22
33
17
18
26
18
26
23
20
28
16
28
25
22
23
34
25
24
28
29
27
38
30
26
31
34
27
32
35
36
34
25
33
41
30
32
40
35
44
30
38
42
45
37
39
41
33
49
40
49
44
43
55
49
39
60
55
41
54
68
57
59
44
64
75
56
61
68
59
70
76
66
71
67
87
76
80
90
96
102
97
111
91
127
118
120
147
153
178
232
353
501
800
1315
2018
2959
4317
5563
7035
8303
8755
8819
8285
7503
6410
5161
4089
3295
2559
2073
1717
1482
1266
1239
1090
1095
1040
940
