0
0
0
0
0
0
0
0
0
0
0
0
0
0
0
0
0
0
0
0
0
0
0
0
0
0
0
0
0
0
0
0
0
0
0
0
0
0
0
0
0
0
1
1
1
1
0
1
3
5
2
1
2
2
0
4
4
8
1
3
1
3
3
3
3
3
2
5
1
7
6
5
10
5
6
9
8
12
14
16
17
18
27
27
53
38
45
56
70
81
75
76
116
155
173
181
236
249
293
385
415
477
560
641
800
937
1175
1281
1069
919
771
631
444
205
114
121
120
145
122
128
137
160
207
247
257
232
296
287
313
338
383
380
394
405
389
407
412
380
316
301
226
236
205
162
151
167
172
149
222
234
275
315
290
340
341
299
320
315
304
296
259
237
215
198
199
203
190
212
252
255
283
318
316
299
313
300
284
283
206
229
226
210
194
250
240
271
274
258
296
284
284
308
226
266
241
228
212
254
225
251
216
243
254
306
273
294
271
242
252
259
218
227
227
248
259
229
303
276
290
260
290
287
265
241
263
245
218
227
267
240
226
277
220
273
244
262
258
259
258
237
247
256
218
264
252
241
238
242
260
279
305
243
269
279
275
251
272
235
243
225
236
241
251
235
269
288
244
278
260
236
260
245
280
266
225
245
265
254
246
235
283
248
279
238
263
260
247
265
257
254
274
250
269
257
251
282
252
245
220
270
242
222
244
266
286
298
245
280
241
246
280
280
253
277
287
242
252
255
287
246
292
252
257
274
268
281
268
251
278
278
270
271
220
253
271
271
273
289
263
310
256
251
285
278
293
260
283
256
261
235
274
250
262
267
287
266
283
271
285
245
261
275
276
268
261
271
253
256
274
258
246
259
287
283
274
235
244
247
278
258
283
254
247
254
262
288
265
270
238
278
304
262
291
273
275
266
278
260
282
283
275
285
268
253
237
254
256
253
263
230
302
279
248
246
268
278
264
263
268
279
276
260
258
281
266
286
269
266
253
277
278
267
268
268
287
246
272
291
266
272
284
275
241
278
277
263
248
267
250
251
268
256
268
264
247
273
282
264
275
257
256
245
264
249
240
246
271
279
282
250
266
269
245
264
252
248
286
263
254
269
274
275
243
287
274
286
278
260
253
267
272
257
258
258
280
273
247
262
254
241
270
274
270
260
250
272
279
257
288
233
306
249
279
269
249
246
261
276
259
259
261
273
256
239
264
250
246
257
249
263
243
249
284
261
236
271
253
289
274
259
285
255
259
241
271
249
248
268
278
270
249
225
251
244
254
282
265
258
260
272
235
237
267
271
283
268
295
244
286
262
271
277
259
284
260
266
251
235
267
238
262
236
255
241
266
274
255
281
268
264
264
246
234
269
253
269
259
279
225
246
260
230
262
287
258
240
279
289
252
265
261
271
244
256
271
262
269
255
246
235
265
242
259
249
238
268
256
235
274
264
230
276
260
258
248
268
291
294
254
268
254
246
239
255
273
252
250
254
259
243
245
253
247
256
256
236
219
234
251
249
237
249
242
238
261
251
261
258
245
233
252
272
234
265
251
245
260
250
246
248
242
274
267
255
235
240
223
231
240
263
251
264
262
240
266
254
221
270
247
224
240
245
250
238
246
239
239
247
234
265
255
240
246
234
241
241
263
235
249
239
256
238
253
230
239
262
237
271
219
237
237
240
239
250
217
264
284
232
259
237
239
216
222
215
226
230
250
233
232
222
218
241
223
257
210
234
232
262
239
235
232
223
225
237
262
231
252
213
212
250
246
237
251
249
244
222
239
211
202
244
249
239
263
235
236
263
240
234
239
237
219
211
220
217
239
252
219
225
223
219
219
230
250
225
226
222
212
206
234
213
211
221
231
215
226
243
197
234
264
251
238
242
210
219
235
233
219
212
244
233
238
208
242
233
232
214
253
245
214
222
226
218
250
232
252
214
235
238
223
227
218
233
211
237
235
255
231
216
248
227
238
204
249
259
239
241
229
222
215
202
217
221
238
240
236
223
249
232
252
223
236
237
248
243
231
245
231
218
223
226
233
225
208
212
235
229
230
226
222
228
260
238
228
254
236
252
221
216
225
230
248
241
242
233
212
218
232
203
221
221
248
250
221
235
214
225
238
225
212
247
232
225
242
253
227
223
243
237
210
230
246
247
228
239
248
221
229
232
213
258
233
220
203
230
254
228
243
260
222
272
253
223
228
240
224
244
226
234
237
220
283
272
251
258
248
293
251
273
264
256
292
285
294
284
280
302
265
301
264
249
277
262
292
277
280
321
273
293
314
294
305
284
327
285
317
282
285
303
253
293
296
282
318
304
301
293
310
293
318
303
303
296
279
285
311
293
303
301
270
295
295
247
318
292
291
299
292
258
262
268
260
259
266
250
247
243
258
240
246
252
228
242
243
251
250
241
295
252
263
242
258
213
245
262
214
233
238
267
232
219
255
255
238
210
252
229
231
207
248
210
237
230
212
219
253
236
211
220
240
243
180
220
200
222
221
217
220
205
244
223
200
221
215
225
235
228
220
219
262
215
241
214
218
213
181
223
208
219
191
205
217
214
231
219
225
207
211
223
208
260
280
283
255
294
219
237
223
215
214
221
234
243
199
205
200
221
196
189
206
206
204
242
208
228
211
173
196
213
203
196
200
200
198
190
178
196
207
215
180
203
213
216
204
197
214
189
203
200
225
210
215
203
182
200
206
179
215
218
196
190
204
184
203
190
195
215
218
213
218
207
190
197
215
193
210
198
196
202
226
188
191
208
215
206
214
199
184
177
189
206
181
211
173
211
202
195
204
192
214
178
206
188
194
178
185
205
202
176
205
179
174
206
178
211
215
194
177
212
177
197
178
216
200
209
200
162
196
198
193
215
190
199
217
176
192
180
200
223
194
191
208
195
201
216
174
207
192
194
184
184
196
167
223
201
191
178
175
181
208
193
208
184
173
202
192
186
205
198
182
206
191
161
178
195
185
175
180
163
193
209
207
199
181
192
195
194
195
195
170
188
168
207
194
221
174
185
209
177
164
194
183
186
189
173
179
196
192
181
186
179
184
195
176
174
168
184
194
184
167
194
171
208
162
212
191
205
179
185
162
198
195
178
175
157
166
201
182
158
192
180
199
169
181
197
190
181
178
210
167
196
205
191
171
219
172
180
198
178
176
179
169
187
194
186
196
210
184
169
185
170
182
186
189
186
164
210
194
197
191
180
176
225
190
211
178
186
201
189
203
201
206
228
203
187
206
179
192
200
197
192
179
217
176
168
198
181
163
163
185
177
221
190
189
172
197
172
201
189
177
176
177
182
208
173
197
179
180
181
208
174
211
166
171
179
174
151
194
189
196
169
182
181
183
161
171
174
207
174
180
173
169
185
166
164
178
190
176
161
166
157
190
191
185
185
181
180
221
189
203
190
218
201
174
199
183
161
186
168
177
185
184
191
169
190
194
184
191
162
183
177
161
195
177
186
183
173
169
178
165
187
196
149
196
181
184
200
191
171
147
184
174
180
191
182
178
178
189
164
179
171
170
180
174
183
196
197
159
179
157
193
181
172
168
148
175
169
171
189
172
183
189
174
194
168
155
171
178
176
169
174
144
178
142
152
185
149
164
166
181
162
154
165
178
173
151
186
179
181
176
160
188
172
181
154
188
174
181
180
171
191
174
182
196
175
178
171
151
143
201
151
154
159
163
151
166
166
161
177
185
170
174
174
177
161
173
184
160
183
186
191
186
185
169
175
180
193
173
195
171
170
163
167
191
181
163
177
171
166
182
144
191
161
184
187
183
163
185
183
210
164
166
184
166
166
183
158
174
137
165
162
178
193
171
164
189
175
178
163
183
151
174
164
166
181
176
152
171
173
170
210
187
170
176
208
177
169
184
190
178
219
189
202
185
190
178
186
152
163
146
158
196
172
159
179
191
165
173
168
157
190
166
146
173
204
176
169
148
157
186
157
193
183
153
168
185
162
173
179
155
184
166
164
164
164
169
174
155
155
166
163
164
165
161
191
161
171
175
171
157
151
192
153
148
173
187
181
154
165
177
160
164
161
173
179
138
154
179
167
154
154
169
157
166
149
169
176
170
171
183
174
156
178
152
150
165
175
142
156
170
153
148
145
174
176
169
164
163
145
158
174
168
144
162
158
173
159
172
178
163
181
154
167
168
199
201
155
147
149
174
153
168
168
159
156
155
175
154
167
162
157
189
177
178
184
161
169
157
157
153
182
161
168
169
150
179
177
142
164
171
167
173
142
167
168
155
154
164
158
172
160
151
169
166
167
154
170
161
145
171
165
184
170
147
165
140
159
157
171
161
169
171
159
168
178
142
151
156
168
174
154
147
163
142
166
162
152
154
161
181
156
149
174
159
152
149
143
153
154
149
173
160
162
163
151
152
167
156
184
127
156
147
166
169
181
159
148
155
167
168
161
160
148
149
152
150
159
170
154
160
166
178
166
168
171
166
159
174
150
151
163
139
139
157
130
167
157
185
149
147
158
145
173
172
131
161
147
164
148
142
164
132
150
168
161
158
144
175
140
142
156
145
155
169
140
170
138
148
151
163
136
158
166
172
139
174
153
160
170
158
145
156
182
156
158
155
152
181
163
170
161
176
147
184
167
159
170
146
151
164
139
165
170
157
178
127
189
156
152
157
144
173
177
152
156
137
147
180
162
158
157
154
164
157
162
155
153
146
150
152
165
175
138
167
162
148
132
144
169
185
153
180
178
160
146
160
166
157
143
147
163
140
156
142
165
163
164
169
170
164
159
151
161
156
164
162
156
165
149
171
154
158
150
168
143
151
135
159
142
154
144
150
155
160
137
144
154
129
168
156
143
157
156
155
150
152
152
165
138
156
145
146
148
143
143
165
157
159
133
156
162
152
158
158
145
135
146
146
174
154
145
155
157
159
156
144
146
157
144
151
130
158
148
175
146
132
147
158
146
142
149
151
154
152
152
136
162
136
175
141
141
148
150
160
172
164
166
178
175
156
180
145
148
170
153
138
142
172
135
134
158
150
141
144
141
159
144
142
154
164
136
163
165
159
160
153
151
125
127
138
142
146
141
142
140
144
142
144
144
172
139
165
144
157
133
156
171
152
142
176
149
160
159
166
158
155
153
164
132
135
155
157
150
161
137
139
158
160
146
139
145
162
178
140
149
165
147
165
162
151
139
126
169
149
147
166
163
141
153
157
156
141
149
162
177
146
150
149
152
147
132
168
150
143
155
138
150
129
128
142
174
150
137
137
145
152
150
163
155
158
147
146
139
158
159
162
142
113
142
151
155
130
146
155
147
172
138
146
124
149
148
150
160
142
163
148
126
161
147
150
144
148
147
153
152
143
151
167
156
144
153
148
147
135
162
161
154
143
156
143
144
151
147
151
156
168
148
145
169
164
117
140
146
136
138
141
154
141
175
155
144
127
148
134
127
128
155
137
147
161
160
126
131
142
147
150
144
168
131
161
133
133
140
126
136
140
123
130
157
158
144
133
139
156
153
142
165
166
159
136
125
133
141
164
146
141
138
152
140
154
163
152
140
149
161
165
145
141
148
118
149
145
143
129
151
143
156
131
146
132
130
162
163
154
158
151
147
146
169
133
144
147
145
138
144
156
154
160
141
144
146
144
143
147
138
144
151
136
167
144
153
146
164
162
146
159
168
133
132
139
142
142
154
155
125
158
176
144
147
124
146
170
162
167
185
147
147
143
154
162
167
167
157
154
166
161
151
164
155
146
149
160
167
155
143
144
141
129
156
148
131
140
152
165
125
154
134
151
152
152
153
132
169
149
145
142
141
141
165
129
147
163
156
156
137
141
165
128
123
145
154
130
172
159
173
151
165
144
122
152
165
164
136
155
143
146
150
145
137
144
151
134
170
144
156
163
159
139
146
158
136
149
137
161
160
134
168
141
157
162
144
125
127
130
128
145
165
153
153
125
166
156
157
140
148
153
151
149
139
150
142
144
145
147
156
148
140
153
158
147
145
137
147
136
167
134
125
145
133
141
147
141
130
142
129
139
145
156
139
138
146
168
133
131
148
132
136
179
133
148
149
129
130
148
156
135
149
141
142
174
159
153
156
153
151
140
142
137
161
132
137
145
163
136
156
159
173
120
150
152
145
180
139
141
157
145
139
135
138
149
133
142
147
127
161
135
134
143
156
153
140
118
155
140
165
143
148
146
135
142
171
148
152
149
161
153
132
154
139
129
144
139
155
149
148
154
141
148
166
152
171
138
145
126
144
131
149
163
144
141
125
140
154
136
150
134
157
153
123
151
137
112
155
161
142
170
145
115
165
135
139
160
156
126
156
136
145
162
136
162
154
142
143
151
145
154
127
131
149
155
148
139
132
166
144
151
173
137
153
166
146
134
149
131
165
146
141
162
140
158
165
177
126
158
146
153
162
136
157
153
140
144
148
157
135
157
148
129
162
146
167
146
155
153
133
123
154
135
122
140
128
145
124
129
147
136
139
147
143
138
154
145
157
145
152
165
141
151
169
123
160
141
127
139
158
148
144
164
142
137
156
150
152
163
155
165
143
145
160
143
158
167
160
157
156
144
164
135
135
156
130
150
142
121
155
166
159
151
151
145
127
161
156
140
123
158
158
144
134
147
141
151
140
165
132
149
139
153
155
150
126
125
135
152
149
149
144
151
147
155
143
158
151
128
157
136
132
161
167
156
144
152
161
142
155
148
144
160
141
144
157
147
163
157
133
143
128
139
141
121
173
140
136
141
170
151
144
147
146
152
131
162
145
156
171
129
163
174
151
136
126
144
162
140
153
158
142
166
127
148
133
155
140
141
171
136
127
152
163
147
117
141
169
141
143
164
148
149
148
157
171
150
176
160
178
166
166
146
142
141
144
147
172
158
147
150
166
167
122
138
148
140
153
149
147
150
133
150
166
148
142
153
140
148
148
159
133
171
153
147
127
146
128
140
159
167
127
126
146
138
145
147
143
129
152
135
147
127
138
143
139
138
148
140
139
137
143
130
157
135
167
142
167
160
133
155
128
141
127
175
144
145
144
154
151
150
155
173
142
163
139
140
129
151
162
160
151
142
142
153
146
130
140
161
157
146
155
153
165
129
171
147
168
138
144
136
139
158
144
150
132
144
158
158
133
137
147
166
157
146
141
155
141
122
128
168
160
140
144
143
152
144
143
158
145
150
173
126
167
155
153
136
163
131
142
142
143
139
154
150
148
163
141
144
148
176
151
161
127
130
140
158
168
160
173
155
134
151
159
167
122
145
127
142
157
150
144
161
148
164
149
145
144
163
145
143
130
144
130
142
165
145
168
169
161
144
146
159
141
154
132
135
135
184
158
138
146
159
132
141
161
159
143
142
162
139
144
155
158
138
154
161
154
151
146
166
155
150
132
166
157
143
162
150
155
151
153
146
141
162
157
151
134
146
132
171
146
144
150
158
167
150
160
160
154
156
171
136
149
161
163
147
145
163
148
155
170
150
137
143
141
155
162
159
157
144
159
150
142
156
157
134
144
137
155
146
163
160
151
164
149
145
176
152
159
160
155
146
163
149
136
133
151
134
175
151
158
149
136
156
143
143
166
149
191
169
154
140
142
154
169
155
163
150
139
161
158
135
143
148
134
160
153
146
154
161
147
155
160
148
154
156
145
174
140
157
136
138
150
151
161
132
171
152
151
152
151
145
157
150
167
144
131
154
157
165
151
154
157
150
143
161
148
161
136
186
142
179
149
155
150
130
152
147
164
153
155
134
135
159
171
135
155
140
146
162
129
156
148
156
153
154
135
147
155
148
140
150
145
143
161
166
148
143
145
168
130
146
165
147
163
122
128
154
148
156
182
189
180
156
161
154
171
160
180
165
146
151
140
160
167
166
139
178
133
153
152
148
147
140
155
157
145
152
154
174
182
165
144
152
175
164
159
154
188
163
158
155
156
146
167
167
169
148
152
143
163
141
150
139
171
131
115
150
156
174
167
132
165
156
162
152
153
130
136
155
143
164
161
180
143
172
159
163
130
174
163
132
149
140
153
159
158
160
169
153
152
159
149
129
158
135
166
165
150
141
136
166
160
148
168
155
155
174
150
135
157
159
173
174
177
159
163
146
148
150
166
171
154
169
157
186
175
155
166
153
165
149
177
146
149
156
164
171
154
150
172
162
158
155
171
163
169
148
157
178
170
168
144
148
162
150
159
173
156
159
154
167
165
164
146
171
163
156
170
155
159
171
163
165
150
144
155
178
153
135
155
148
159
180
151
168
156
199
154
171
175
149
152
162
165
201
151
165
173
151
168
141
154
161
154
160
142
150
177
162
139
151
158
157
185
157
172
152
177
169
159
153
169
125
173
142
159
150
158
169
170
162
162
158
149
131
170
179
161
177
168
186
166
149
154
151
159
147
150
159
173
171
157
144
149
167
160
173
159
168
189
153
157
177
164
157
163
155
157
188
163
172
150
177
153
168
151
135
153
166
171
175
175
167
166
153
162
152
164
153
150
159
172
171
175
167
166
171
165
170
169
157
179
150
182
152
152
163
165
165
169
154
164
155
161
181
176
159
160
174
185
167
159
167
173
178
158
139
144
158
150
161
184
168
146
167
141
165
156
147
146
193
182
170
178
154
162
159
169
166
157
174
172
137
129
141
171
175
146
163
178
161
166
179
155
173
169
172
151
160
172
173
168
166
171
143
173
154
190
176
166
144
187
179
188
165
167
172
182
176
165
190
152
150
164
161
168
159
178
167
167
169
139
141
164
170
173
189
147
163
174
153
189
158
177
159
157
172
159
158
167
172
175
169
177
159
166
167
166
164
141
141
182
175
163
162
169
148
178
164
157
183
169
188
153
205
155
197
169
183
155
178
178
171
154
166
169
168
180
175
174
161
167
199
184
187
161
163
155
179
167
170
150
198
191
179
193
172
160
185
177
165
191
162
181
165
193
166
159
152
173
166
186
163
192
177
168
199
186
178
177
174
183
187
195
183
166
183
191
169
182
188
171
180
163
179
191
204
176
176
180
185
166
169
171
164
174
185
152
171
185
184
182
177
161
169
168
179
193
200
169
158
196
149
174
169
156
162
193
164
178
179
198
173
156
153
174
159
180
201
168
171
168
180
182
163
164
162
178
168
174
195
174
176
178
179
177
198
202
183
178
177
192
170
187
176
177
177
180
176
166
178
209
211
186
195
173
185
163
194
195
175
178
167
184
158
189
178
178
184
186
173
197
170
190
191
170
199
161
167
191
176
194
182
181
158
154
178
192
193
168
183
179
192
184
188
149
152
176
187
187
192
171
207
208
232
192
195
193
213
178
200
191
204
174
190
190
185
180
197
180
198
186
194
208
176
207
158
218
174
181
171
173
210
176
172
179
195
181
204
189
189
206
199
162
204
182
189
180
194
179
180
198
205
168
180
199
147
162
221
192
169
168
176
189
206
169
171
201
174
184
194
185
202
201
176
196
178
167
192
186
193
181
202
198
179
189
185
203
180
221
171
186
188
201
198
198
186
202
199
185
181
205
191
199
211
200
204
187
174
203
198
197
181
204
197
177
183
175
197
208
179
207
195
185
179
182
209
184
207
181
191
215
195
183
179
169
179
185
195
216
213
187
191
184
196
198
206
176
187
190
207
170
200
187
227
182
192
192
162
215
193
196
203
171
198
177
192
190
215
178
191
217
192
189
186
211
209
191
214
193
200
199
179
208
201
175
194
206
198
224
196
211
183
193
230
193
208
221
193
192
194
202
202
188
199
210
198
192
205
201
176
195
222
198
194
204
190
188
226
188
190
197
213
199
199
199
224
238
206
203
197
190
165
197
205
193
197
206
235
220
195
186
176
210
200
206
212
189
201
232
213
196
230
206
167
190
222
215
195
198
201
212
206
174
186
217
200
186
200
205
204
201
215
206
207
196
224
212
204
216
231
192
215
189
204
220
198
207
208
199
184
230
222
210
219
196
202
214
203
204
192
203
205
210
219
198
196
216
212
207
211
221
218
177
206
214
204
215
233
194
227
201
213
207
242
215
224
220
220
197
209
213
210
206
216
213
224
230
201
222
232
233
229
228
223
235
222
197
206
203
203
202
229
216
213
210
246
214
201
192
230
209
221
217
215
202
221
225
211
233
213
222
225
222
190
227
220
227
197
229
200
225
219
221
226
229
215
208
249
246
210
224
210
211
218
233
203
226
207
230
190
229
244
235
209
215
224
214
251
224
221
198
240
253
227
218
219
231
230
230
204
227
211
230
234
225
227
203
232
232
244
232
249
264
220
206
250
265
212
232
244
248
238
213
220
231
229
240
221
243
221
238
257
233
240
235
243
213
216
258
233
258
236
238
231
260
247
248
227
223
222
238
254
247
244
241
232
238
237
202
207
231
249
261
212
234
215
263
255
241
243
222
257
228
241
249
203
264
257
240
210
222
236
240
214
244
251
250
253
249
238
239
252
238
226
250
280
269
240
233
235
217
215
271
211
263
243
250
220
238
254
239
248
262
258
251
234
256
248
222
266
260
218
253
243
250
213
243
278
257
249
234
239
244
235
226
233
239
262
229
251
253
268
238
294
234
234
263
253
243
237
237
250
251
267
237
265
274
254
231
255
254
279
276
248
253
255
281
249
232
244
255
236
233
262
241
259
240
267
239
224
236
250
252
260
231
265
225
236
249
267
260
261
276
256
291
264
237
260
264
267
248
264
287
260
256
232
259
261
254
260
256
273
236
268
299
256
232
242
286
262
274
240
245
255
287
261
241
220
286
240
257
246
250
279
245
243
294
259
242
277
291
266
255
266
246
241
258
232
269
254
269
262
288
263
263
273
220
229
206
244
259
246
249
272
251
282
237
234
268
250
288
265
248
271
252
284
259
264
256
262
243
258
248
260
239
233
255
257
242
253
247
248
247
239
257
222
238
268
275
247
259
232
277
235
240
211
231
248
203
232
214
239
216
225
233
228
203
190
184
254
231
245
214
216
223
216
223
228
208
218
210
224
209
208
223
250
178
208
208
219
195
206
219
204
218
202
216
210
188
178
204
183
202
187
204
205
193
222
200
205
209
195
199
197
188
196
175
208
181
176
215
214
185
168
212
202
200
183
192
213
190
196
217
178
205
171
189
183
197
179
208
199
182
198
181
184
160
187
203
180
172
209
182
194
192
194
174
191
203
181
199
198
176
199
176
199
195
207
164
201
189
211
225
171
161
189
192
210
177
183
183
176
211
198
193
191
181
180
199
169
196
212
187
206
180
207
164
182
168
198
164
200
178
193
185
188
172
179
190
196
178
213
207
187
189
185
172
171
206
179
188
186
182
195
214
165
183
171
184
180
193
175
168
189
194
183
209
211
174
177
200
173
196
193
196
185
192
209
206
200
175
187
173
192
215
185
188
178
179
168
173
189
171
176
156
156
189
176
180
188
188
182
208
195
175
168
179
220
184
191
182
196
207
182
159
201
176
184
183
184
172
195
186
189
197
181
168
180
195
176
182
174
190
173
174
157
197
182
165
173
158
176
176
173
177
179
188
155
178
173
202
153
158
177
159
164
171
166
177
175
150
172
169
209
189
184
204
180
171
179
166
205
194
178
165
185
201
180
180
169
182
178
187
166
182
176
169
186
164
177
189
174
165
175
166
166
182
189
187
167
181
191
165
173
191
179
164
156
185
172
192
186
179
177
182
188
182
163
180
188
194
177
186
177
170
178
193
179
190
206
198
189
191
170
173
149
152
187
188
173
184
155
173
187
168
178
176
182
156
191
188
174
178
166
161
165
140
191
160
175
181
160
162
161
198
175
188
175
214
165
167
181
163
160
166
158
174
148
141
179
171
162
180
177
180
171
171
159
177
182
174
174
183
157
183
158
184
191
165
170
156
152
176
182
170
177
178
164
173
197
169
174
192
161
163
172
174
169
152
173
156
159
178
163
178
167
182
175
151
184
158
154
186
164
169
180
158
161
154
165
176
164
157
159
174
168
161
161
181
169
161
139
194
168
169
177
187
147
158
181
182
183
156
174
169
150
160
159
148
192
182
152
167
161
185
157
172
196
136
168
138
175
161
173
151
166
151
147
172
166
182
169
146
169
160
175
176
179
178
170
148
176
166
158
170
169
179
155
164
167
153
149
193
168
174
152
139
187
160
164
177
198
176
167
184
184
154
188
176
185
159
164
157
154
158
161
172
158
141
144
155
182
163
166
180
165
165
163
168
131
176
154
160
162
167
167
140
161
176
180
157
174
172
160
166
162
176
160
176
176
158
139
160
179
164
176
152
144
166
184
163
205
176
157
145
171
177
171
180
175
182
202
153
159
165
177
179
166
153
173
178
152
140
130
179
147
170
177
170
181
172
163
154
145
167
184
166
146
148
175
163
164
158
159
164
165
178
164
169
187
183
162
167
168
169
181
164
158
179
179
155
149
201
168
168
182
167
195
156
166
163
146
183
179
165
156
162
157
152
189
157
159
180
165
147
164
197
184
169
182
177
187
171
178
184
179
165
166
155
179
175
165
176
175
140
177
173
193
170
185
169
199
170
151
152
176
184
163
162
195
185
144
155
167
172
148
189
171
179
175
180
186
157
157
165
143
169
162
177
173
166
153
177
154
165
163
173
156
142
155
146
188
162
166
169
158
135
189
175
166
174
209
178
154
157
160
180
173
174
181
157
162
161
185
164
156
186
167
148
142
176
155
158
185
157
159
134
175
147
134
172
147
132
153
135
147
146
128
123
139
166
121
150
144
147
112
128
132
128
123
148
135
148
124
131
121
115
116
129
139
121
111
127
120
118
104
120
119
128
103
99
110
121
107
117
109
92
92
116
125
129
140
121
114
110
105
111
106
98
96
101
92
110
115
119
85
114
88
107
109
101
127
96
90
123
129
111
105
102
106
100
90
113
97
110
114
112
128
106
116
99
102
108
105
98
122
108
96
101
91
94
91
87
105
103
116
99
127
98
117
102
100
101
90
99
99
108
127
91
105
108
104
105
102
95
90
101
96
95
105
100
105
107
101
99
96
87
102
117
89
89
85
113
106
95
93
97
86
99
105
94
87
107
98
106
98
104
89
105
98
102
108
99
101
81
118
103
91
89
104
77
100
104
100
102
104
104
75
103
87
110
98
104
105
88
87
103
89
100
104
94
90
113
88
101
104
106
92
110
118
92
99
98
115
104
114
117
104
85
108
109
109
85
137
132
130
117
117
120
119
132
110
117
130
140
110
148
124
128
106
113
155
150
139
106
132
133
127
125
136
136
120
129
119
158
166
143
165
148
148
145
157
145
153
178
145
148
159
190
175
169
182
181
194
188
161
197
186
221
213
211
217
245
238
248
302
411
532
810
1199
1770
2493
3566
4626
5695
6576
7209
7310
7363
6777
5873
4984
3909
3081
2293
1791
1372
1042
857
671
507
392
330
250
222
184
155
155
120
87
104
67
74
93
75
84
70
67
64
59
69
66
64
81
72
63
60
57
62
56
68
75
68
62
56
58
83
57
73
60
66
67
62
56
50
76
52
56
69
57
60
69
61
52
56
59
62
63
51
52
63
51
58
58
43
39
46
55
58
61
56
71
54
57
56
53
70
47
52
54
51
67
56
56
48
47
67
56
42
69
69
59
62
50
49
53
54
54
45
47
60
59
54
61
57
54
46
57
42
45
49
55
50
51
42
56
60
53
56
53
44
41
52
35
52
57
44
45
38
51
60
43
36
50
58
42
36
42
39
43
51
46
49
46
41
50
47
46
43
38
45
42
37
34
40
41
46
37
35
30
43
48
41
40
33
40
29
44
44
40
35
39
47
36
34
42
40
48
49
42
39
33
41
35
44
33
44
31
41
33
41
32
46
40
39
41
36
42
45
37
29
47
37
36
34
40
37
35
36
40
39
30
32
45
33
29
39
33
35
37
35
33
37
30
35
32
38
32
31
26
43
31
30
32
26
25
28
33
30
26
28
33
39
26
34
24
37
29
23
31
37
32
36
31
28
27
23
33
30
35
34
41
32
29
30
31
35
29
31
25
31
30
29
27
32
28
30
25
24
24
21
31
30
24
24
23
19
20
27
37
31
24
29
24
22
30
24
29
16
22
28
24
34
29
28
34
32
33
23
34
15
31
24
26
20
26
29
17
31
23
27
23
28
30
25
28
18
27
28
16
22
20
34
20
26
34
16
18
20
20
24
19
25
21
28
29
19
23
37
28
23
30
27
26
18
17
19
19
25
22
25
25
17
26
24
27
24
26
26
21
16
26
23
19
18
23
28
19
15
17
19
21
18
22
21
25
32
26
20
24
23
18
24
30
20
21
19
18
18
20
20
27
22
18
24
19
22
29
13
21
23
27
21
26
14
23
25
13
15
28
22
18
15
18
20
19
20
23
18
19
24
23
26
32
16
24
16
27
18
16
23
22
29
19
25
22
14
27
25
23
16
22
18
31
22
20
18
21
16
15
20
17
19
27
17
23
15
15
17
18
15
25
25
20
22
21
21
18
20
17
21
19
18
23
25
19
17
25
14
28
14
11
15
21
21
15
17
21
28
29
21
18
17
20
15
25
19
15
15
20
24
18
21
25
25
10
16
15
19
14
24
22
18
21
18
25
24
16
22
15
19
17
21
18
20
18
20
24
22
8
27
20
25
19
15
16
18
18
19
26
17
32
23
15
19
17
15
17
26
24
26
24
19
20
17
17
29
7
17
23
22
17
23
12
10
24
18
18
18
22
16
21
13
27
26
19
19
17
16
23
17
17
11
14
12
15
21
21
19
15
9
23
20
21
23
15
25
21
15
12
15
20
19
21
14
30
27
21
17
15
17
19
28
12
21
15
20
16
20
21
16
18
21
20
15
22
15
15
17
21
14
15
18
17
19
24
17
20
22
20
20
20
13
18
14
15
14
23
10
18
24
25
23
17
15
20
22
19
17
17
22
21
22
16
18
14
20
22
16
23
20
21
23
18
12
15
26
14
16
20
26
24
15
20
28
13
27
18
31
23
28
27
23
26
33
34
38
25
34
33
23
30
36
49
37
37
39
38
38
31
39
37
43
41
40
61
41
40
34
46
47
41
60
36
48
64
52
47
53
70
46
57
62
54
76
71
64
64
54
68
60
74
48
66
77
59
79
76
76
77
89
88
87
89
81
92
83
83
91
82
82
109
107
113
115
129
112
110
118
126
130
157
137
152
208
291
397
556
857
1286
1968
2731
3504
4477
5403
6167
6510
6583
5953
5602
4713
3890
3170
2512
2000
1493
1047
850
629
511
397
288
246
191
151
98
79
54
61
33
26
20
21
26
20
10
13
10
11
16
11
8
13
9
6
10
6
1
5
3
16
10
6
6
5
3
3
5
4
5
5
7
4
6
2
5
7
3
9
4
2
3
6
6
9
6
0
6
4
10
4
7
7
5
5
1
6
4
5
4
12
2
5
5
3
5
3
5
7
7
5
7
1
4
2
4
10
7
10
2
3
7
5
5
4
4
3
8
2
2
3
6
3
3
4
2
3
3
6
3
5
3
5
3
8
3
2
6
3
10
3
9
6
6
4
3
3
1
4
1
4
1
3
5
3
5
2
6
6
5
4
7
5
11
4
2
3
3
5
5
7
4
5
3
7
6
4
2
5
7
3
6
3
2
7
2
5
1
3
5
3
3
2
2
6
3
6
2
7
3
2
4
5
1
2
3
9
4
4
1
4
2
1
5
2
3
5
3
4
4
2
5
7
6
6
0
4
3
5
6
6
5
5
3
4
6
1
7
7
7
8
6
4
4
4
6
5
4
4
3
3
5
2
3
2
2
6
3
3
2
2
3
3
6
4
4
3
5
6
2
5
6
2
3
5
7
4
5
9
4
0
8
5
7
3
5
8
1
5
0
3
4
0
3
2
8
3
6
4
2
1
5
2
4
1
7
4
4
4
2
3
7
5
7
4
6
3
5
1
3
3
3
1
4
2
3
2
1
1
3
2
3
1
4
3
5
3
4
3
4
6
6
4
5
4
2
6
4
3
4
2
8
3
0
6
4
2
2
3
4
6
1
5
1
6
5
5
5
3
6
7
8
7
5
1
3
2
1
2
2
4
4
1
4
3
1
3
3
6
7
2
0
9
5
5
5
4
3
6
3
4
3
4
3
1
1
3
1
2
7
4
4
2
5
3
2
4
6
4
4
4
2
3
3
4
2
6
2
5
2
5
4
0
3
4
0
2
5
2
6
1
4
2
9
5
5
7
3
3
4
5
5
4
5
6
2
4
5
1
4
3
2
2
4
5
3
3
3
4
1
3
3
2
3
3
5
3
6
1
5
1
4
6
4
2
8
2
2
2
2
1
3
5
1
3
6
5
2
4
4
4
4
2
7
3
2
3
2
3
2
3
4
5
2
3
1
5
4
6
4
4
4
4
2
3
6
6
5
4
1
1
2
2
1
2
2
2
2
6
4
2
5
2
0
2
6
4
4
2
3
3
8
4
6
2
1
4
3
0
5
1
3
2
5
2
1
5
6
4
8
2
1
3
3
6
8
5
6
1
0
5
0
2
5
3
5
2
2
2
3
6
5
2
3
3
3
5
7
3
4
2
5
5
3
5
2
4
1
5
4
7
7
4
1
7
2
4
4
7
4
4
2
6
4
3
3
7
4
3
6
6
3
4
9
5
3
3
6
6
1
5
2
5
6
4
11
2
4
12
15
13
17
16
35
38
47
48
63
55
52
48
35
43
24
28
22
13
12
11
9
4
5
4
9
2
5
3
5
4
2
5
2
0
4
3
5
4
3
3
2
5
6
5
2
1
4
3
3
2
2
1
1
3
1
5
8
5
3
2
2
4
1
6
2
3
5
2
5
5
3
6
3
2
2
1
6
3
3
1
7
1
3
0
2
4
5
1
6
3
1
4
3
5
6
4
3
5
5
8
1
2
4
5
0
3
2
2
2
7
5
1
3
1
2
4
1
4
1
3
3
1
3
3
2
5
2
5
6
0
4
3
3
3
2
5
3
2
4
0
2
6
2
1
3
7
4
3
8
3
3
2
1
3
6
4
4
4
2
4
3
0
3
3
6
3
6
2
0
2
2
4
2
3
2
6
6
2
3
4
2
2
5
4
2
1
2
1
2
3
3
6
1
2
2
1
1
1
3
5
4
5
2
0
3
3
3
2
4
3
1
2
0
0
1
1
4
1
2
2
7
2
3
2
2
3
3
1
2
5
4
3
2
2
2
2
1
1
7
5
3
6
2
5
2
2
2
1
1
2
4
2
1
4
2
1
8
4
2
1
5
6
1
1
2
1
1
3
4
3
3
2
4
1
7
3
3
3
7
4
4
2
1
3
1
1
1
3
5
0
0
3
3
4
5
2
4
0
2
1
4
2
4
2
2
0
5
5
3
1
1
4
1
6
3
3
0
2
3
0
4
3
6
2
4
2
2
1
2
1
3
8
5
2
2
4
6
2
2
2
6
3
0
4
1
4
1
2
4
3
3
2
3
2
3
2
3
2
2
3
9
5
2
1
0
4
2
1
2
4
2
1
7
1
1
3
4
1
3
2
1
0
2
6
2
2
4
6
2
3
4
3
2
4
3
2
2
5
3
3
1
2
4
2
3
3
2
0
1
3
5
2
5
2
2
1
0
4
3
2
1
4
5
3
4
1
5
4
2
3
4
1
4
1
2
2
0
1
1
4
1
2
1
2
4
2
1
3
6
3
4
4
2
4
1
3
3
2
1
2
3
5
0
5
4
4
1
5
4
2
2
1
0
2
2
3
4
3
2
0
3
3
1
2
2
3
5
5
3
3
2
3
1
2
2
4
2
0
2
1
3
3
1
1
0
5
4
0
6
1
1
4
3
4
3
2
5
1
3
5
3
2
3
0
2
2
4
2
1
4
1
2
4
2
4
5
1
1
2
4
3
1
0
4
1
1
1
0
5
1
4
5
5
3
1
2
2
3
1
1
3
5
1
3
3
5
3
2
1
1
1
3
2
2
3
3
3
3
4
3
0
2
1
1
5
3
4
0
2
3
5
2
3
1
3
2
2
2
2
3
4
1
2
3
2
3
2
3
2
2
3
3
1
6
7
1
1
6
2
2
0
3
1
4
1
2
3
3
2
2
1
5
2
4
4
1
2
4
3
1
1
1
4
1
2
1
2
2
4
3
2
5
1
2
1
4
1
3
3
1
7
2
2
2
3
5
2
1
1
3
6
6
2
6
2
5
3
4
3
1
4
2
4
3
3
1
2
1
0
3
4
2
2
6
4
4
3
1
5
0
1
4
5
1
3
3
1
1
3
0
2
2
3
0
2
2
1
2
53
63
55
58
53
55
43
57
54
46
58
62
53
37
47
45
45
63
55
49
60
65
50
55
46
50
35
56
46
60
59
66
52
61
59
60
57
39
55
57
66
46
49
57
68
48
50
73
50
58
48
55
63
52
56
58
52
52
60
66
59
51
50
45
43
51
65
43
52
46
65
50
42
52
61
54
53
63
37
36
62
46
52
38
51
51
62
50
50
49
53
57
53
40
51
59
50
57
54
56
54
58
66
38
46
45
48
60
42
48
58
50
60
49
55
51
40
52
52
55
50
44
48
51
55
45
49
25
