4984
4186
3405
2848
2395
1957
1735
1446
1277
1168
1058
876
794
684
669
600
559
515
509
462
478
458
454
407
381
374
417
379
388
363
380
324
340
322
323
325
289
322
320
321
294
299
322
278
301
335
275
308
284
271
276
305
277
282
288
276
283
297
262
260
274
268
279
287
289
254
254
238
273
230
266
230
254
227
248
225
207
223
238
230
230
228
255
244
247
210
233
229
237
223
232
205
206
232
204
204
205
190
210
220
197
217
209
197
216
188
230
203
186
201
220
204
224
226
222
192
216
203
201
191
201
192
221
211
200
192
186
214
214
195
188
174
202
181
164
201
170
179
214
190
163
170
184
197
178
195
174
190
171
172
182
180
171
188
168
174
172
180
160
151
190
171
181
193
177
147
176
176
162
169
157
160
149
174
162
168
145
151
153
145
168
178
181
155
160
168
144
151
159
169
163
161
137
161
167
158
122
128
151
160
146
168
157
170
149
139
149
138
121
146
151
133
144
134
155
135
128
146
143
119
117
150
134
134
149
125
127
123
142
125
144
117
130
126
114
146
109
123
120
119
105
128
94
114
141
100
133
115
118
120
136
132
109
151
123
104
109
112
137
108
135
137
129
135
122
133
140
111
103
137
112
124
129
118
106
113
120
140
114
124
103
120
133
130
132
91
107
121
123
105
134
122
123
125
126
98
137
124
114
119
132
117
115
93
127
113
110
117
117
124
107
108
114
100
108
106
109
111
98
119
118
120
104
117
119
121
105
112
95
118
119
114
110
111
102
99
102
104
105
109
104
112
107
115
112
105
97
109
97
109
117
97
97
121
124
81
108
113
99
103
100
100
120
95
100
89
116
115
105
114
116
101
102
103
100
128
99
104
107
110
97
100
99
91
102
97
99
94
84
119
107
78
99
100
89
112
98
102
103
80
96
81
82
102
101
85
88
90
100
91
82
100
89
94
92
92
93
77
98
111
102
80
76
103
102
97
106
99
86
91
97
92
83
81
100
96
97
75
85
101
78
108
98
92
84
108
90
72
101
87
87
78
83
93
87
82
104
96
78
97
97
111
104
82
83
92
90
89
92
111
99
95
79
96
84
84
81
78
119
93
111
87
72
81
82
106
78
82
97
82
84
75
90
89
70
87
84
97
87
91
78
91
90
71
80
80
80
83
101
78
80
77
79
98
80
86
88
98
96
72
90
102
67
80
78
81
111
69
82
95
68
74
85
93
83
78
77
102
88
84
95
91
86
85
66
92
81
98
71
88
72
79
76
84
85
74
74
82
83
83
82
84
83
73
74
84
78
86
78
73
102
74
85
82
73
96
90
74
79
76
78
73
83
79
92
77
85
96
99
91
67
88
97
82
100
74
85
79
88
76
70
73
75
71
94
81
79
78
56
80
61
64
72
78
75
62
82
95
64
68
62
76
68
81
78
76
72
75
84
78
70
72
72
73
61
67
95
73
83
77
76
73
82
73
76
74
56
82
77
79
81
74
80
69
73
57
71
81
68
78
70
64
77
52
66
70
73
88
86
69
64
60
69
64
84
70
65
66
81
82
87
58
73
66
85
62
57
60
80
69
91
64
66
65
63
72
70
76
65
62
68
83
69
78
74
71
80
74
76
60
64
83
79
68
61
68
77
65
62
67
79
70
70
76
67
68
63
67
65
90
63
61
76
64
63
82
67
79
71
70
76
73
85
63
58
71
59
61
65
71
52
76
67
80
58
65
65
58
73
60
61
75
56
70
61
63
73
67
65
74
61
74
71
70
70
70
63
59
63
64
50
57
62
74
67
64
68
75
60
68
80
72
71
64
79
60
67
80
62
76
73
69
69
60
56
72
56
69
72
50
55
52
68
80
54
57
62
67
75
79
68
71
65
60
59
69
74
67
73
60
58
75
70
72
45
66
78
69
68
55
73
63
73
54
70
76
50
68
50
66
68
64
66
62
54
62
59
76
57
61
53
72
70
62
71
68
74
63
68
56
61
74
52
55
55
71
57
48
49
67
66
57
59
62
47
54
52
60
60
75
74
63
65
63
67
52
43
75
66
58
61
56
52
55
55
46
55
49
63
62
53
53
64
61
45
51
61
59
59
50
51
59
62
54
55
59
54
58
74
62
63
58
67
66
59
58
57
63
55
55
62
61
54
61
62
57
54
63
47
72
54
61
61
60
48
61
70
45
53
46
52
50
59
58
56
56
63
57
79
46
59
69
51
68
64
80
62
51
58
67
47
48
50
53
53
67
53
62
60
55
57
55
68
64
75
52
67
57
46
62
55
64
57
56
59
62
63
63
53
70
44
60
55
50
53
48
62
60
60
59
59
54
60
52
57
40
58
55
45
55
64
73
61
57
60
55
50
58
59
48
49
62
52
65
48
56
53
62
70
50
55
65
35
61
39
52
54
47
62
47
64
61
64
44
54
51
47
61
45
58
47
58
50
52
57
61
55
50
59
53
62
75
48
61
60
56
40
49
53
60
55
47
58
59
64
56
78
63
63
62
63
61
63
73
59
48
56
53
57
59
65
70
66
43
51
59
61
61
57
58
43
76
65
47
48
56
60
46
58
51
46
59
59
57
57
45
62
49
49
56
60
51
62
55
63
58
60
59
53
47
53
57
59
52
53
50
54
44
64
55
49
49
52
58
51
55
73
45
50
46
36
56
61
60
53
41
64
42
54
54
44
59
67
35
52
45
37
72
60
58
50
43
43
46
58
40
42
57
37
51
60
45
51
55
58
45
58
43
41
56
46
57
50
58
43
49
52
46
47
46
43
63
47
58
44
40
54
55
57
53
51
43
47
42
65
47
46
51
38
53
45
54
59
53
50
47
51
37
45
53
51
53
56
35
57
42
38
60
57
50
37
52
52
54
54
50
37
42
56
40
48
50
36
56
54
50
40
45
43
40
33
31
47
44
48
50
45
50
42
47
38
62
56
57
33
46
45
45
31
45
48
56
52
48
43
46
36
42
43
39
52
33
46
50
40
45
46
55
28
37
36
56
52
42
39
48
54
48
49
56
53
38
39
44
48
49
55
54
42
33
40
48
43
39
42
39
46
57
41
58
45
40
31
35
51
49
53
39
45
38
45
48
48
40
50
40
45
29
45
50
54
42
44
48
47
40
50
48
45
32
44
36
40
52
48
46
54
40
64
42
38
42
35
44
40
49
49
51
45
41
50
47
46
42
54
41
42
43
46
35
47
44
37
42
39
32
36
34
43
26
42
43
33
45
52
48
40
45
41
42
50
47
48
44
47
37
37
49
40
46
46
40
42
39
39
36
39
59
42
52
45
39
52
43
44
30
41
41
37
47
41
39
45
52
49
54
43
27
44
35
41
49
35
59
47
42
40
41
31
44
47
38
42
38
38
46
46
33
38
44
52
37
41
40
44
42
44
42
38
32
54
46
40
53
55
60
32
36
39
35
42
44
43
36
47
50
37
49
41
48
39
32
46
45
42
41
42
35
35
34
44
36
44
52
48
46
39
42
48
56
36
43
19
46
37
33
37
38
54
42
40
40
36
35
49
46
35
33
30
39
47
43
35
41
47
46
38
36
37
29
44
35
50
34
41
34
43
34
33
35
31
43
41
37
38
39
46
35
42
33
32
36
43
29
51
48
38
49
45
49
40
25
37
24
34
33
51
43
37
39
39
39
35
36
37
34
41
44
30
43
35
38
34
39
44
25
42
37
41
32
27
41
41
33
43
31
32
41
47
38
46
35
38
31
42
37
33
35
44
41
35
29
38
38
45
45
38
41
34
38
34
40
38
40
20
32
32
36
38
32
32
41
31
36
43
34
40
36
48
30
40
46
32
39
44
29
34
33
25
30
41
38
24
41
38
43
42
32
36
33
33
39
30
38
39
33
42
26
39
37
31
45
30
30
50
39
39
39
36
50
38
40
31
39
46
28
48
32
44
35
31
42
35
51
31
36
39
44
36
36
41
44
33
33
47
34
37
35
31
41
37
19
38
44
36
33
29
39
53
32
26
29
31
43
43
43
40
31
27
39
43
37
31
26
38
38
33
35
38
27
29
36
34
41
29
38
30
35
38
31
34
36
35
22
35
33
26
33
40
33
40
36
28
36
30
35
41
40
49
28
37
31
39
36
49
39
30
38
33
40
29
35
30
41
37
27
38
34
41
35
26
25
31
28
37
26
31
32
45
33
46
37
38
18
37
34
41
39
39
33
43
41
20
29
38
39
27
25
42
34
39
33
21
44
25
30
32
35
44
45
37
27
33
33
33
25
31
35
40
37
30
34
27
23
34
36
49
46
31
31
26
44
35
34
35
29
38
40
26
37
33
34
31
48
31
26
27
19
29
31
29
32
34
34
32
35
31
36
32
39
25
23
35
31
35
49
27
41
34
29
27
35
29
27
36
40
31
26
29
28
26
39
50
28
30
29
42
40
35
32
35
31
33
48
31
35
49
31
33
35
27
41
24
23
24
23
29
32
26
32
26
43
41
34
30
21
35
20
22
32
31
29
25
30
26
37
26
43
34
31
27
46
33
33
46
34
36
30
35
40
35
29
43
33
41
27
35
48
30
31
32
30
22
34
38
36
32
32
29
28
36
31
37
22
32
37
31
26
37
25
30
23
26
34
24
31
25
29
34
30
40
33
30
38
28
37
34
26
34
26
36
27
26
31
29
44
32
36
30
35
37
29
30
34
25
30
26
40
37
27
37
23
30
26
42
30
35
32
38
28
36
32
29
34
32
29
30
39
27
32
31
35
27
31
26
33
30
30
22
25
30
37
27
25
34
37
42
20
30
30
26
24
39
35
30
36
35
37
35
33
25
45
37
38
32
26
24
28
33
37
36
35
31
24
32
33
31
31
28
26
48
38
32
35
30
30
27
24
33
27
31
18
23
28
19
35
25
32
23
28
26
24
31
23
27
25
31
32
32
39
30
36
31
32
36
28
32
30
30
33
27
26
37
26
29
24
29
31
37
24
28
18
20
34
26
34
36
35
27
28
28
37
22
36
28
42
23
28
29
38
31
31
42
36
20
31
23
24
28
39
24
30
37
22
37
26
34
29
29
26
33
34
47
34
29
29
32
30
35
34
31
37
23
27
29
38
38
32
29
32
35
27
30
22
30
31
22
40
22
22
25
16
28
26
29
27
28
34
20
37
41
35
27
21
24
31
23
22
32
31
32
25
27
35
35
28
31
22
20
24
32
26
23
32
34
28
30
39
26
25
32
35
33
27
26
20
27
30
27
26
31
40
40
32
27
18
27
18
33
27
29
38
40
25
18
27
25
32
22
23
25
28
31
31
32
28
31
30
28
37
20
32
35
28
33
31
24
22
26
28
27
24
23
28
34
31
29
37
30
24
34
35
34
30
21
19
23
24
31
36
33
29
29
33
29
29
22
26
38
33
25
27
32
26
15
31
27
27
42
36
31
30
27
24
28
34
27
40
33
26
25
24
23
26
24
38
36
29
29
27
27
29
34
26
21
25
32
35
37
31
27
27
36
31
17
33
34
19
20
31
19
27
29
29
23
33
41
20
32
22
23
24
28
39
24
25
31
28
22
21
27
22
21
26
28
25
31
26
26
28
16
25
33
36
21
28
23
39
34
28
29
18
27
24
38
34
26
26
24
27
34
33
23
24
30
24
27
25
23
28
28
29
25
28
35
30
20
28
23
32
20
20
24
24
17
34
25
31
27
28
30
27
30
25
35
20
35
31
30
22
27
22
29
28
24
35
31
29
21
25
34
27
22
22
30
27
21
27
43
19
17
24
29
29
22
24
28
26
18
33
33
22
21
38
32
21
30
30
21
27
23
25
27
23
35
28
30
26
25
43
34
37
22
28
31
39
33
25
25
29
32
18
20
21
25
21
27
27
30
27
20
24
26
26
24
24
31
27
30
27
32
27
26
22
23
23
34
21
27
20
23
33
22
31
27
28
23
22
26
19
22
31
21
30
26
36
28
28
28
20
29
35
31
20
35
28
26
34
20
26
27
24
33
23
38
27
28
36
15
20
23
25
30
29
29
23
22
16
27
25
29
33
25
23
18
24
20
33
21
24
25
23
16
24
23
26
29
17
25
23
28
25
29
30
16
22
22
26
23
31
16
25
24
23
31
19
22
25
24
19
23
23
18
23
35
20
21
32
27
31
32
30
25
19
29
30
32
28
25
31
21
28
31
35
29
27
24
24
20
25
21
24
23
21
21
22
26
27
27
32
29
17
28
16
28
26
25
27
17
24
32
25
22
27
26
20
23
27
17
26
26
25
25
34
16
26
35
19
27
31
21
25
33
34
29
18
31
33
25
27
22
24
18
22
27
19
15
24
34
17
18
21
26
25
22
18
29
26
25
19
26
30
26
25
19
32
30
25
28
21
18
29
26
27
18
17
22
17
14
20
22
35
28
20
28
29
15
22
22
25
22
22
18
27
20
25
17
20
24
22
22
28
21
23
26
22
23
29
20
16
24
23
26
24
21
19
28
26
24
23
29
26
30
23
23
21
27
27
25
26
31
19
22
23
32
27
21
28
25
28
29
25
25
26
23
24
20
15
30
16
28
21
24
23
19
23
22
28
23
30
25
31
22
21
24
24
27
26
25
26
21
15
41
15
15
27
25
18
24
25
32
16
22
30
29
20
13
18
23
18
27
27
26
18
16
26
27
17
21
28
22
27
14
19
21
21
23
28
26
33
21
15
23
23
26
20
24
22
29
24
27
24
12
25
22
27
27
14
19
22
14
24
19
29
29
29
27
13
17
22
19
23
22
23
22
31
22
22
21
34
23
28
24
13
25
28
17
30
30
28
18
19
30
27
20
31
20
18
29
19
26
29
25
24
26
19
25
27
28
22
20
24
26
17
30
24
30
20
22
21
26
20
35
21
21
21
22
19
28
19
26
24
26
26
22
21
21
24
26
23
27
17
18
15
31
25
18
21
25
25
37
28
25
27
16
20
24
24
24
19
26
18
21
24
24
26
20
18
28
23
30
19
18
30
20
26
22
20
30
27
23
27
25
21
24
23
24
35
24
21
21
29
24
27
33
27
32
39
20
25
28
26
27
21
23
19
23
21
18
21
26
24
30
30
21
21
18
21
28
23
22
25
13
36
28
21
19
20
28
19
24
18
26
20
27
26
22
31
16
28
24
30
20
26
23
21
25
32
19
14
15
18
14
23
26
22
25
15
26
17
23
29
26
20
26
18
27
25
20
29
22
20
20
26
22
28
28
26
29
21
23
22
22
23
29
17
26
21
23
23
27
20
16
27
28
27
26
25
25
27
16
19
15
17
17
26
16
26
25
24
23
22
24
27
22
29
22
22
23
22
23
34
21
23
24
24
28
17
26
16
34
19
27
16
15
24
19
28
24
24
31
29
16
25
15
24
24
22
28
25
25
19
34
30
14
20
20
17
16
32
24
18
18
25
23
19
19
19
19
23
16
23
20
25
25
25
25
27
33
19
26
21
23
24
14
22
15
19
21
28
24
28
23
25
23
21
26
29
26
25
22
17
24
23
34
25
26
18
30
16
20
24
23
18
22
19
12
22
25
33
33
21
13
23
26
25
24
35
19
23
14
28
19
18
33
20
26
24
24
21
20
28
14
23
22
19
17
23
18
20
28
23
21
22
19
29
19
27
16
26
18
19
26
18
17
21
21
29
22
30
21
29
26
20
24
27
24
26
18
20
25
23
20
25
23
20
16
15
26
12
18
22
19
24
22
20
18
26
19
21
23
22
20
15
23
17
23
27
28
21
25
25
18
21
28
26
23
23
21
16
18
23
22
16
23
15
24
22
19
20
20
19
21
17
23
17
21
17
29
21
17
24
19
27
20
18
19
21
25
23
22
27
21
19
22
17
22
19
20
29
20
17
23
25
24
22
26
22
27
17
23
25
26
26
17
24
13
25
24
18
22
17
25
27
24
12
17
16
24
24
22
32
19
22
23
24
22
25
23
22
21
22
9
25
27
27
25
15
18
20
18
17
15
14
17
23
22
14
16
29
22
10
20
27
18
21
33
16
19
22
17
22
26
11
25
21
16
34
23
27
29
19
23
24
26
26
22
21
23
15
29
31
28
21
23
29
21
14
29
16
14
19
20
22
28
30
15
13
26
28
21
11
20
19
21
23
22
26
14
24
25
26
24
22
14
18
22
17
17
10
18
7
27
17
22
22
24
27
18
22
28
13
20
27
21
24
22
17
31
26
23
20
15
23
22
27
21
28
16
18
38
16
32
15
19
23
15
17
24
23
19
16
26
18
11
18
23
25
18
21
20
24
21
26
20
23
25
23
29
19
22
22
25
18
23
23
27
18
18
12
20
19
24
27
25
21
26
24
17
22
27
26
21
16
37
16
23
23
19
22
25
24
19
24
13
23
23
16
25
18
31
15
20
12
25
18
17
23
21
18
30
20
17
30
17
19
15
21
25
14
26
22
26
15
21
27
25
19
23
18
10
21
26
30
20
16
20
21
25
19
19
23
28
24
27
13
28
24
21
24
24
17
23
23
14
25
16
25
21
17
19
22
17
19
19
23
18
21
23
15
21
28
24
21
24
11
17
24
15
22
20
26
28
20
40
18
13
20
21
19
20
24
12
22
30
28
23
27
16
22
26
26
24
22
21
18
17
15
19
15
17
22
16
32
24
18
18
15
24
15
18
27
18
23
18
23
16
17
19
24
16
28
19
14
27
27
23
12
25
16
29
26
24
23
17
25
22
21
31
17
28
25
13
16
18
17
22
19
19
19
16
23
18
16
25
25
18
20
24
26
20
23
16
20
15
22
20
17
15
31
16
32
21
23
26
20
21
25
25
24
30
23
21
27
17
19
28
27
19
24
23
17
25
25
31
17
10
25
14
20
18
31
23
21
23
20
19
28
21
16
20
21
23
19
23
25
17
21
15
12
17
22
14
19
29
17
15
21
26
24
21
13
27
26
19
25
18
22
20
29
15
19
18
20
26
22
21
19
11
17
12
19
25
11
16
19
21
17
25
24
25
16
34
22
21
16
24
23
22
24
20
18
25
20
17
18
25
18
15
23
22
23
26
18
14
19
16
25
25
16
21
28
19
21
16
19
17
13
21
21
23
24
21
19
25
18
14
18
27
20
25
14
25
21
25
24
17
18
17
18
19
20
21
21
17
19
24
21
20
14
15
23
21
18
17
16
22
20
20
22
19
17
17
32
15
20
17
15
22
20
25
15
17
26
22
12
19
22
17
21
20
17
15
15
28
24
16
10
10
15
21
23
19
25
15
13
19
19
23
22
15
23
27
18
17
27
22
32
21
21
29
15
25
21
17
22
16
23
20
17
24
28
21
27
13
17
25
13
15
19
20
35
21
13
23
26
24
24
21
19
19
13
18
20
14
27
20
14
17
14
25
16
22
18
18
19
20
21
23
14
16
18
14
17
23
16
20
22
19
13
24
13
16
29
29
20
20
25
27
25
18
19
29
26
16
28
23
20
24
21
22
17
22
26
14
28
23
29
17
26
19
27
17
30
17
21
15
20
30
22
23
18
20
16
19
21
17
21
20
22
18
21
25
22
18
22
17
24
20
15
19
28
31
18
14
18
19
19
20
23
21
29
19
34
21
29
20
17
23
16
21
15
27
18
21
27
15
26
23
22
17
17
14
23
27
15
20
33
18
20
21
20
25
20
29
21
15
24
13
27
24
30
16
18
20
21
19
20
22
20
19
18
27
23
17
22
29
18
22
16
19
19
19
24
14
20
19
23
21
15
27
22
13
20
30
18
23
17
18
18
25
31
20
20
22
22
17
21
15
17
16
25
22
19
15
22
21
18
24
26
19
15
22
14
18
20
19
18
20
25
22
18
24
16
15
20
23
16
16
26
33
21
36
22
23
18
13
23
17
22
31
18
20
29
19
19
17
11
13
16
19
26
22
21
16
19
23
19
15
13
21
27
21
17
16
25
24
26
18
25
31
17
18
16
22
14
13
21
17
26
15
17
18
19
17
21
16
22
19
22
19
26
22
24
19
20
20
19
26
21
22
32
16
15
21
13
25
26
21
29
20
23
25
24
21
16
19
25
20
23
23
22
22
9
24
25
11
21
18
27
25
22
21
27
25
22
26
23
18
25
22
11
13
23
26
12
20
25
19
19
18
16
26
26
16
11
18
21
17
19
20
20
23
25
22
18
25
20
10
21
21
20
25
14
20
18
10
11
19
25
21
15
20
15
37
20
20
26
25
24
25
18
26
23
10
21
23
16
12
24
16
15
15
18
23
20
30
22
21
20
27
27
20
23
23
17
20
20
14
25
16
17
21
18
24
23
16
15
17
9
13
24
21
20
33
20
12
17
14
22
23
16
23
24
25
17
20
16
14
24
19
19
21
24
17
25
18
30
18
32
25
25
14
19
18
26
24
15
18
22
29
19
29
20
18
24
23
22
28
20
23
23
19
19
17
18
29
16
24
16
20
16
28
14
26
15
36
24
18
24
21
22
16
23
18
22
19
23
30
19
22
9
23
24
21
24
19
25
15
23
16
26
19
21
24
15
19
21
18
17
20
21
18
16
16
22
14
12
19
24
23
16
19
18
18
19
24
19
27
20
27
22
23
23
25
15
19
24
18
22
23
29
15
22
17
19
29
20
19
25
19
17
28
22
22
18
20
19
19
27
24
20
26
16
26
18
22
21
19
16
23
17
21
14
19
18
16
15
16
12
21
13
18
23
24
17
23
19
23
20
21
13
19
23
21
20
20
24
22
27
23
19
23
27
21
21
17
12
15
19
17
30
21
20
26
23
17
20
19
18
23
19
19
18
23
18
20
17
21
19
22
23
26
23
17
15
22
25
22
20
23
23
20
21
17
18
21
19
14
21
19
22
21
17
20
19
19
12
13
23
19
24
18
21
17
19
17
21
16
18
16
19
24
25
23
21
17
21
23
16
20
22
22
19
17
18
24
25
24
24
18
23
17
18
23
24
21
23
18
25
20
10
20
23
23
20
20
21
23
21
21
25
12
21
19
30
20
20
20
24
23
22
18
23
19
16
15
16
25
19
19
14
24
23
21
25
19
9
12
20
19
23
25
18
21
23
13
14
14
15
10
15
13
30
21
15
10
17
18
12
21
9
19
16
14
17
22
22
16
18
17
23
15
20
14
21
24
17
11
17
19
26
27
22
12
20
20
14
21
14
12
11
19
22
10
14
33
18
23
15
11
21
13
21
25
13
26
21
33
17
22
27
32
27
13
22
17
8
20
17
21
18
16
17
22
13
22
20
24
11
14
19
17
13
23
11
17
18
21
23
17
20
19
23
17
16
24
23
15
18
16
15
19
15
24
17
18
24
17
19
11
16
15
21
15
16
18
14
21
18
18
22
16
12
17
19
19
23
20
14
20
18
23
15
23
21
14
20
24
21
20
19
20
15
15
15
17
16
23
11
17
17
14
16
19
16
23
20
20
22
18
14
26
25
24
8
18
18
15
19
24
15
18
18
20
16
14
20
20
16
14
17
13
19
19
25
19
12
19
16
18
23
17
17
23
20
24
12
26
21
14
16
21
17
16
8
26
20
15
20
12
13
14
20
18
18
13
10
16
15
13
28
21
20
16
13
24
25
15
24
14
25
19
20
12
15
24
17
22
15
12
22
16
22
16
14
14
21
9
14
21
20
12
21
13
18
23
20
12
16
11
13
7
14
18
18
14
20
16
9
10
14
8
16
17
28
16
11
19
28
29
18
22
15
18
20
20
21
16
13
16
25
12
16
20
14
23
18
16
21
14
21
19
18
14
12
17
17
14
21
12
13
20
20
31
8
26
14
10
19
13
13
25
14
15
12
19
15
12
17
20
14
16
22
15
18
16
12
15
16
12
16
11
16
12
11
24
17
17
20
25
12
16
12
8
14
17
20
13
13
16
23
19
16
14
15
9
14
19
12
14
14
16
17
14
16
18
21
17
16
20
21
19
21
6
14
11
16
13
19
13
16
17
14
18
20
14
16
17
15
17
22
14
19
13
21
20
7
19
13
17
13
18
11
18
16
9
15
16
16
23
21
25
8
13
25
14
23
15
15
13
14
14
9
16
11
12
14
27
11
11
13
19
14
14
18
11
6
14
21
14
12
16
15
17
12
15
14
15
13
20
23
17
8
16
19
26
11
16
22
18
26
19
14
13
16
29
15
9
15
23
12
16
23
17
20
15
20
16
15
13
22
14
20
15
20
17
18
16
17
14
13
11
18
11
23
17
20
17
12
20
22
14
20
14
24
12
20
18
12
16
15
11
15
17
19
8
18
15
17
18
17
23
18
15
13
16
18
17
15
16
14
14
16
19
18
11
12
21
13
20
11
25
18
19
15
11
24
23
15
21
16
21
15
17
21
22
22
15
19
23
22
20
18
17
16
22
17
21
20
13
21
9
16
14
20
12
15
12
14
24
27
17
17
13
11
17
17
13
13
19
16
25
17
19
19
19
11
20
15
16
12
25
16
17
15
17
23
9
16
22
10
8
15
9
14
16
15
17
19
16
16
10
13
22
20
13
17
18
21
13
10
17
25
18
21
17
15
22
15
10
22
9
15
16
14
15
13
13
16
23
20
21
19
19
21
19
23
24
14
19
17
14
12
16
20
29
22
15
13
12
25
17
13
13
18
10
15
19
11
21
12
17
9
20
18
10
20
11
21
17
19
15
10
17
10
14
10
14
17
13
12
12
10
11
22
20
13
17
23
21
12
20
20
11
16
19
15
19
12
16
15
9
10
14
9
10
16
12
12
17
11
20
19
16
9
11
25
13
15
17
13
16
17
18
17
11
18
16
6
12
4
16
11
14
17
13
17
11
17
21
15
18
12
17
14
18
22
8
19
16
13
8
15
16
14
9
19
13
12
16
13
10
7
19
10
14
12
10
13
17
13
6
6
13
10
14
12
18
16
18
11
17
20
15
11
12
10
12
16
14
25
12
13
10
13
14
9
11
18
12
12
6
12
14
10
12
12
15
13
18
11
18
12
14
12
14
5
24
10
11
18
11
18
11
22
8
14
4
13
12
11
15
6
12
7
11
12
12
8
7
8
16
13
17
19
18
11
19
18
11
15
19
13
20
15
12
16
19
18
6
9
14
12
15
14
17
13
10
12
15
7
10
11
15
15
13
6
11
14
15
13
15
16
19
15
11
11
10
10
14
7
12
17
21
18
21
13
13
13
10
12
19
13
12
17
9
11
13
13
16
12
11
14
11
15
15
12
21
9
13
15
16
20
15
13
11
24
22
22
18
15
15
26
12
14
16
19
11
22
16
21
14
24
28
18
18
8
14
18
13
19
19
22
15
15
23
23
13
18
16
8
8
20
15
16
18
19
15
20
21
23
29
20
24
9
21
25
22
23
22
25
30
28
25
25
28
17
53
63
61
60
69
94
115
111
99
99
87
107
75
64
70
57
42
53
56
26
32
29
17
15
18
18
14
10
16
14
11
17
20
13
11
20
16
14
20
15
11
11
10
6
6
18
13
9
12
10
14
11
14
12
15
11
9
9
16
8
7
11
7
9
12
11
6
7
6
12
10
15
14
13
10
15
14
11
10
11
11
9
8
6
18
8
16
8
11
11
8
8
11
15
11
10
9
18
11
9
10
8
11
8
4
10
8
11
15
8
15
10
8
8
10
13
14
14
12
10
16
6
11
7
11
7
12
13
11
8
8
12
14
11
11
14
12
14
12
13
6
9
8
7
16
8
13
9
18
12
9
10
7
11
14
6
16
16
14
6
14
5
14
19
9
16
12
10
9
13
12
13
13
7
11
8
14
9
13
13
9
17
11
12
8
17
11
14
12
17
18
10
13
18
12
13
19
17
16
13
18
16
13
17
15
19
16
11
12
13
22
16
16
14
13
13
9
17
18
19
17
16
15
23
23
26
24
14
31
23
23
20
19
20
14
21
17
14
17
17
5
5
13
7
7
7
11
5
3
6
5
7
5
4
3
5
6
7
7
4
10
3
11
5
8
7
2
7
8
4
3
2
6
4
7
7
6
2
4
5
4
7
6
7
2
6
4
3
9
5
11
5
9
6
5
2
5
5
5
5
4
4
0
5
4
4
5
6
7
10
3
5
5
3
3
7
4
7
2
5
3
2
2
9
5
6
2
2
8
4
7
4
4
5
4
2
6
7
5
4
6
11
7
6
5
5
4
5
10
6
4
5
4
5
3
5
3
3
0
2
4
7
4
5
5
1
6
7
7
7
5
3
4
7
7
3
8
6
9
5
7
5
3
7
3
9
4
1
8
4
3
2
8
5
3
3
6
5
3
1
5
4
4
3
2
3
3
3
6
4
4
3
5
8
5
5
6
5
2
7
1
4
3
6
4
1
6
2
4
3
4
4
2
3
7
1
8
3
1
0
7
4
9
7
3
3
9
2
6
4
5
3
7
3
3
7
3
6
4
9
3
8
7
6
2
3
2
7
4
4
6
7
2
2
3
4
4
3
5
3
4
9
2
5
5
5
2
4
1
6
5
7
7
6
4
4
9
8
7
0
6
5
4
5
2
4
4
2
6
6
2
6
8
2
9
4
3
6
1
5
3
10
1
1
3
4
3
4
9
4
2
5
5
7
6
2
2
7
2
2
3
5
8
2
2
2
4
5
9
6
5
3
3
5
5
3
4
5
2
6
1
4
5
4
2
1
7
3
2
5
6
3
6
3
6
6
2
5
5
6
6
1
7
6
6
4
1
5
3
3
3
6
5
5
4
7
1
6
8
3
4
5
6
1
5
1
3
1
4
5
1
7
3
6
2
7
8
3
4
3
5
7
4
2
5
3
8
4
4
5
5
3
4
3
3
5
6
4
5
3
4
5
3
6
4
4
7
5
9
4
7
1
2
5
6
4
9
4
5
4
4
3
8
3
8
4
5
2
10
6
4
2
4
3
6
7
4
5
6
5
4
1
7
6
3
4
9
2
7
8
3
4
4
6
5
5
11
2
5
5
4
10
6
2
5
1
6
2
7
6
6
3
3
8
5
6
4
4
2
7
5
8
7
6
4
6
8
2
2
8
5
10
8
9
4
5
6
8
9
7
8
4
8
9
5
7
6
9
12
9
12
12
10
6
13
10
12
15
14
12
11
7
6
10
12
7
10
6
7
7
15
9
8
16
8
8
8
14
14
11
19
11
9
15
5
15
11
9
20
11
16
9
8
22
16
18
14
17
16
19
20
19
24
20
18
25
19
26
29
40
53
61
79
89
104
125
163
167
219
218
213
197
191
191
151
145
152
96
98
65
67
54
35
41
31
24
26
11
14
12
13
10
8
5
13
10
4
12
7
3
10
5
6
3
5
6
1
3
4
8
7
5
4
5
1
4
2
8
6
5
4
3
7
5
2
11
4
5
5
3
5
3
3
5
6
5
7
6
6
4
0
6
4
6
8
7
1
3
7
5
4
6
4
14
6
5
8
4
5
9
9
8
7
7
4
1
11
6
2
9
8
3
4
2
8
5
3
7
6
7
3
2
2
3
6
0
6
8
6
5
5
5
7
7
4
5
8
4
4
8
5
7
4
8
5
6
4
5
4
6
3
3
5
3
2
5
4
6
7
7
7
6
5
6
9
7
5
6
7
11
11
2
4
10
7
11
4
3
7
3
5
3
8
1
11
6
13
6
6
5
7
6
4
2
12
3
3
11
10
9
8
9
6
3
6
7
10
9
13
9
7
7
8
5
13
8
9
9
13
10
11
10
16
14
15
11
17
13
9
16
16
17
18
23
12
14
14
11
13
13
7
4
2
5
7
5
2
2
3
2
2
3
1
1
0
3
1
2
3
0
0
1
2
1
3
4
1
3
1
2
0
0
3
2
1
0
2
0
1
2
1
1
1
0
1
1
1
0
1
0
1
2
2
3
0
6
1
1
0
1
0
3
2
1
2
2
2
1
2
1
0
1
2
3
0
1
2
4
1
3
0
2
0
0
3
1
3
0
3
1
1
2
1
3
1
1
0
3
0
1
2
1
1
2
2
3
1
0
4
0
4
0
2
1
1
0
3
2
1
2
3
0
1
3
1
0
1
1
0
1
2
1
2
1
0
0
0
1
1
2
1
2
0
1
0
1
1
2
2
1
0
1
1
5
1
1
2
1
0
1
1
1
1
5
2
2
2
3
1
0
1
2
2
2
1
1
0
2
2
0
2
1
1
1
1
1
1
3
2
1
0
1
0
2
0
0
1
2
0
2
3
0
0
1
1
0
1
2
1
1
0
1
1
0
1
0
0
4
3
1
3
0
0
2
1
1
1
2
0
0
1
1
0
3
0
2
0
0
1
0
0
0
1
1
0
1
1
1
1
2
0
2
3
2
1
0
0
1
0
1
0
1
1
1
1
0
2
0
0
2
0
0
1
0
3
1
0
3
1
0
1
1
0
1
1
1
0
2
0
0
0
1
0
1
1
2
2
1
2
1
0
1
3
1
0
0
0
2
1
2
1
1
0
0
1
2
1
3
1
0
0
1
0
0
2
2
1
2
1
0
1
0
0
0
2
0
1
1
2
1
0
1
0
1
1
1
0
1
0
0
1
0
1
1
0
1
2
1
1
2
3
0
0
1
3
2
1
0
0
1
0
1
1
0
1
2
0
0
1
1
0
2
0
0
0
0
1
2
1
0
1
1
1
1
0
1
1
1
0
3
1
0
2
0
0
1
0
1
0
0
1
0
0
1
1
4
0
0
0
1
1
0
1
0
1
0
0
1
1
1
2
1
2
2
0
2
1
2
0
0
1
0
2
0
1
2
3
2
0
0
2
0
2
0
0
1
3
1
2
0
1
0
0
1
0
0
2
1
0
0
1
1
0
0
1
1
0
1
0
1
0
1
1
2
0
1
0
2
0
1
0
0
2
0
1
0
0
1
0
1
1
2
0
1
3
2
0
1
0
0
1
1
0
3
0
0
0
0
0
1
0
1
2
0
0
0
0
0
0
2
1
3
0
2
0
1
3
1
0
0
3
0
1
0
1
2
2
1
0
1
1
1
0
0
2
1
0
0
0
0
2
1
2
0
2
0
0
0
0
0
1
3
1
0
1
0
0
0
0
1
0
0
0
0
1
1
3
0
1
0
0
1
1
3
0
3
1
2
0
0
1
0
2
2
2
1
1
0
0
3
3
0
0
0
0
0
2
0
0
1
1
1
0
0
0
1
0
0
3
1
0
0
0
1
0
0
0
1
1
0
0
0
1
2
1
0
2
0
2
1
0
2
0
0
0
0
0
0
1
0
0
0
1
0
0
1
0
0
0
2
0
0
0
0
1
0
1
0
0
2
2
0
3
0
0
3
0
1
1
1
0
1
2
0
1
1
1
0
0
1
1
1
1
0
0
1
0
3
0
1
0
0
1
0
1
1
0
0
1
0
0
0
1
0
2
1
0
2
0
1
1
2
2
1
1
0
0
0
0
1
2
2
2
2
1
2
1
1
2
0
1
0
3
0
1
1
1
1
1
0
0
0
1
0
0
3
0
0
0
0
2
1
2
0
0
1
0
0
0
0
2
0
1
0
2
0
0
0
0
3
1
1
1
0
1
0
0
0
0
0
0
1
2
0
0
2
1
1
0
0
4
0
0
0
2
2
0
0
0
0
0
0
0
1
0
0
1
0
0
1
1
1
1
2
1
0
1
0
0
1
0
1
1
1
3
1
2
1
1
0
0
2
0
1
0
1
1
2
0
3
1
2
0
1
1
0
0
0
0
0
0
1
1
2
0
2
1
1
2
0
1
1
0
0
0
0
2
0
1
1
1
1
0
1
0
1
1
1
0
1
3
1
2
0
1
1
0
1
0
0
1
1
0
0
1
3
0
0
0
1
0
2
0
0
0
1
0
1
0
0
0
1
0
1
0
0
0
2
0
1
3
0
1
0
0
3
1
0
0
0
2
1
1
3
2
0
3
0
0
0
0
0
0
0
1
1
0
0
1
1
0
2
2
0
2
1
1
1
0
1
2
1
0
1
1
1
0
0
0
1
0
0
0
0
0
1
1
0
0
1
0
2
0
1
1
0
1
2
0
0
0
1
1
0
1
0
1
0
0
1
0
1
0
0
0
1
1
3
0
0
0
0
0
1
0
0
0
0
0
1
0
0
1
0
1
0
0
1
1
0
0
0
1
0
0
3
0
1
0
0
1
0
0
0
2
2
0
0
0
0
0
0
1
0
1
0
0
0
1
1
0
1
0
1
1
0
0
2
1
2
0
0
0
2
0
1
0
0
0
1
1
0
0
1
0
2
25
41
42
47
44
52
54
64
69
66
86
76
84
67
82
98
81
116
110
134
144
148
169
196
202
201
209
222
244
295
296
311
363
380
438
442
466
516
533
546
615
645
696
704
762
797
853
864
942
941
1039
1096
1086
1077
1143
1203
1302
1337
1337
1416
1481
1551
1628
1733
1664
1705
1776
1926
2015
1929
2030
2101
2204
2291
2321
2364
2454
2554
2699
2670
2699
2858
2972
3103
3179
3433
3446
3492
3650
3798
3929
3929
4173
4296
4574
4865
5080
5437
5552
5873
6180
6615
7243
8631
11234
16465
28041
50887
85476
129552
169608
188881
184440
161268
130770
102802
82780
69131
58596
50087
43143
37574
32954
29061
26287
24055
22449
21120
