0
0
0
0
0
0
0
0
0
0
0
0
0
0
0
0
0
0
0
0
0
0
0
0
0
0
0
0
0
0
0
0
0
0
0
0
0
0
0
0
0
1
0
1
1
1
2
1
2
2
5
1
1
3
6
7
5
7
3
4
6
5
3
7
15
14
10
9
9
11
18
19
22
13
23
22
24
38
33
29
28
52
45
57
65
71
88
95
109
124
119
159
163
159
196
203
278
258
338
369
394
410
456
534
629
672
768
816
783
757
712
616
420
181
98
93
123
105
116
139
142
172
177
186
211
223
212
267
260
282
267
311
331
306
322
333
328
263
260
277
219
205
184
168
155
147
174
146
181
205
200
209
246
280
265
279
287
268
274
270
243
222
218
200
167
171
170
165
181
211
215
239
232
255
248
276
249
257
242
229
196
201
201
183
186
200
212
265
246
234
265
227
244
199
228
221
212
208
189
182
218
210
216
219
241
248
252
224
218
225
215
191
230
212
214
201
212
233
250
254
238
214
226
246
229
241
218
210
221
232
210
257
244
235
235
237
223
224
266
199
231
215
216
248
240
229
247
227
216
249
238
225
239
272
223
237
244
234
230
233
225
226
226
227
249
268
230
271
250
249
250
235
278
288
265
224
256
242
247
246
234
245
254
260
228
244
267
260
261
243
250
281
246
266
280
259
289
223
243
223
262
228
276
287
281
264
252
236
262
264
250
288
279
283
278
257
274
258
251
249
267
270
272
247
271
256
269
268
276
245
272
248
275
250
284
263
268
253
262
296
245
267
284
286
273
257
267
250
272
281
260
271
252
286
272
307
284
292
280
309
265
274
251
287
274
258
274
276
270
280
284
299
233
276
265
303
314
297
279
312
296
306
296
307
322
306
283
305
302
296
267
269
331
319
318
311
320
281
272
304
299
285
286
302
266
282
288
310
293
294
293
292
311
288
269
286
318
280
302
307
311
298
295
303
307
310
287
299
302
307
299
307
276
299
284
291
275
307
309
318
321
295
329
311
306
351
264
308
270
334
300
298
329
309
314
324
321
290
284
324
296
298
316
309
318
326
319
294
302
324
301
330
327
329
312
303
328
285
300
274
301
315
317
326
295
310
336
300
317
302
297
332
302
312
310
339
335
303
316
357
335
331
309
330
330
315
308
324
306
333
297
290
267
315
278
298
310
294
324
323
319
319
311
296
345
348
337
314
330
320
298
326
359
326
304
341
303
343
336
310
322
324
309
329
326
316
320
342
322
340
327
328
310
309
314
334
337
297
295
299
315
325
334
331
355
312
312
292
305
307
279
313
318
320
310
360
316
330
300
332
334
321
301
326
288
295
306
322
327
287
298
295
298
286
295
303
339
311
290
278
314
305
302
309
321
277
328
298
320
297
311
329
334
325
315
297
294
287
271
317
294
326
318
272
284
291
315
289
313
287
314
300
320
306
327
276
311
306
326
320
252
271
283
275
297
291
290
300
264
251
316
283
269
283
287
257
290
272
316
268
299
282
264
282
302
290
256
277
273
307
293
289
292
267
289
325
255
277
271
249
276
286
270
278
264
296
282
274
271
257
267
314
291
280
253
242
274
263
257
268
253
261
255
263
292
254
252
278
276
277
243
237
281
269
263
276
264
256
258
274
296
277
260
245
252
257
233
269
298
259
250
268
261
277
249
256
257
264
239
253
256
262
275
237
256
276
254
258
254
233
277
241
267
231
261
240
263
261
259
275
245
249
259
264
301
263
242
269
213
263
224
244
284
248
267
272
250
237
258
236
254
261
251
238
264
237
244
247
240
224
268
244
250
244
234
239
245
234
251
215
245
252
232
258
216
240
250
242
244
234
242
248
223
242
241
288
265
242
239
225
256
240
226
250
234
245
247
258
261
225
224
257
268
228
239
225
255
250
240
248
235
239
264
260
253
220
264
242
232
256
219
222
227
255
244
240
239
255
232
204
252
264
259
261
226
268
233
220
226
222
246
211
240
257
241
224
253
244
251
236
239
219
244
253
238
233
212
223
222
207
226
239
239
206
241
241
232
235
235
265
248
217
243
235
193
228
216
235
232
239
217
222
253
220
221
222
233
210
209
235
223
214
226
241
220
218
233
225
236
216
219
204
224
252
227
262
243
210
223
234
217
214
212
237
213
252
237
231
230
241
212
252
226
213
215
223
202
209
231
236
243
243
227
229
187
230
237
237
241
236
245
213
245
241
251
245
239
255
241
253
232
240
224
231
219
256
263
247
252
242
249
245
232
215
251
212
239
238
237
235
262
279
247
246
236
261
237
273
244
270
263
231
267
252
225
249
240
259
262
235
264
228
249
251
254
253
242
259
234
234
244
211
225
265
230
236
220
212
222
229
229
207
243
236
224
241
202
233
251
211
220
218
212
221
207
199
208
200
214
219
185
224
236
210
212
232
224
216
216
207
220
211
233
222
241
214
205
226
206
204
227
195
214
203
206
214
196
188
208
233
188
221
209
196
216
209
230
230
202
192
228
213
199
194
205
213
181
201
202
167
187
170
215
185
185
203
177
208
195
201
192
198
215
179
210
184
218
216
224
221
247
223
247
209
223
212
184
184
183
183
228
195
217
199
208
199
221
216
180
200
191
169
168
184
190
179
171
187
191
192
163
189
176
197
189
194
186
181
179
179
189
194
188
196
178
176
187
195
162
207
161
202
186
180
176
173
186
164
190
209
180
203
178
175
183
191
187
171
178
198
182
217
180
182
164
172
169
178
187
194
203
167
163
176
187
189
171
157
181
197
193
174
199
194
160
183
166
189
194
174
190
162
177
175
186
161
169
171
177
156
165
176
172
167
160
166
185
165
205
176
172
185
161
186
171
184
178
158
180
194
184
166
173
165
155
156
177
174
166
203
196
164
140
177
166
180
173
149
183
170
188
168
190
151
168
163
173
165
161
183
163
168
174
167
152
178
150
148
166
157
153
164
176
157
151
153
161
166
160
176
158
159
155
177
135
160
178
168
144
157
171
164
161
175
166
185
141
174
166
162
160
150
151
187
161
173
161
143
155
168
143
148
158
156
168
181
153
173
185
161
173
165
158
151
177
162
154
180
141
147
138
183
180
174
182
163
154
158
149
165
160
153
150
147
153
168
153
163
146
158
143
149
164
154
150
160
164
149
166
148
165
158
167
189
148
183
161
146
165
152
155
141
154
181
122
148
155
151
137
156
133
150
145
165
174
166
133
137
147
168
161
174
167
149
191
122
137
164
147
135
163
134
142
163
129
141
171
162
171
143
157
150
141
183
144
155
145
164
165
149
156
164
169
161
125
164
142
154
139
159
136
141
170
145
109
170
125
146
142
153
156
134
160
139
132
129
135
132
138
152
153
134
147
152
148
146
151
153
146
137
136
160
147
133
132
142
148
160
177
161
141
145
136
140
138
134
134
149
145
161
143
132
149
131
144
142
130
144
153
144
162
149
137
129
167
127
133
154
147
138
124
142
139
152
116
149
137
143
142
134
134
152
141
152
131
154
153
143
147
136
142
160
145
132
145
138
139
136
150
166
153
135
133
127
140
151
135
133
155
137
148
157
151
136
134
128
131
130
162
131
154
127
110
133
156
129
114
128
152
144
152
149
138
131
137
143
132
133
163
127
136
125
142
139
128
133
139
144
138
137
148
160
151
152
130
143
130
129
152
142
148
126
138
151
128
136
116
123
143
148
137
149
140
117
152
134
141
140
125
156
143
142
161
128
140
134
127
124
140
149
151
158
143
139
144
112
135
130
133
123
133
135
152
141
120
127
117
136
136
144
130
132
113
133
117
141
119
128
130
142
147
123
125
132
122
108
148
133
128
144
125
118
100
131
131
129
115
133
134
133
130
147
137
110
138
142
133
170
162
136
141
137
151
121
132
138
117
128
122
139
127
132
142
129
141
134
111
115
131
115
128
133
141
120
119
130
124
138
122
130
143
121
138
140
146
121
129
133
118
133
145
124
138
135
112
132
128
122
151
139
137
131
118
107
120
116
148
131
110
109
134
103
124
116
149
118
129
120
119
124
114
141
117
122
145
113
116
151
119
125
114
139
108
112
120
127
136
129
123
117
137
113
128
124
123
148
111
118
116
122
110
125
115
147
118
105
116
124
124
136
118
122
108
119
129
144
127
94
144
138
138
137
127
115
149
121
123
119
112
102
125
117
110
125
116
108
109
120
117
114
129
99
126
110
118
124
116
120
120
116
112
131
148
119
117
104
111
130
110
112
100
129
123
116
123
129
108
123
123
100
114
134
120
110
114
120
114
135
110
124
110
133
118
113
119
108
112
115
113
137
115
117
113
115
132
117
114
97
104
132
105
132
107
137
127
104
129
101
126
145
99
120
117
124
124
119
121
125
118
98
105
122
107
121
116
120
119
95
93
114
129
108
120
103
131
112
109
125
118
103
132
133
126
121
113
110
118
119
127
105
101
110
115
117
104
134
105
104
101
112
131
113
135
119
125
124
118
109
127
114
114
123
116
114
124
121
105
123
142
106
119
101
111
132
117
142
100
90
111
105
111
108
108
124
104
116
129
106
117
133
129
122
84
114
113
122
96
111
127
101
122
127
101
118
108
118
124
125
117
120
116
109
111
131
96
114
111
127
119
93
110
117
87
106
119
101
111
104
103
105
118
118
127
129
106
113
105
90
118
118
107
102
119
116
105
106
127
94
106
118
107
108
117
114
123
108
107
102
116
126
115
113
108
111
113
103
112
115
102
114
116
105
92
103
129
111
106
107
117
123
95
105
100
95
85
111
118
104
102
112
100
115
121
117
99
98
126
120
102
131
104
105
106
107
104
114
113
96
116
107
123
125
112
138
110
112
101
141
105
100
104
110
112
121
104
116
98
116
115
124
110
107
100
107
130
105
127
84
117
102
106
77
102
95
120
112
109
82
115
96
123
98
102
92
117
103
111
126
125
112
113
104
109
108
104
117
105
116
100
105
95
122
109
111
118
100
91
99
109
104
100
102
102
91
100
107
102
98
99
82
117
113
115
108
128
99
108
96
105
86
108
115
108
105
106
114
127
117
106
94
91
107
107
113
98
100
119
105
107
102
108
90
100
104
109
105
91
115
128
76
102
116
117
117
94
101
106
108
102
116
89
106
105
102
116
122
98
98
103
98
101
118
89
99
107
88
114
118
109
87
108
120
113
96
96
108
97
95
108
98
105
123
108
102
112
120
128
119
96
96
99
86
80
88
131
77
114
119
106
106
113
109
108
110
94
97
121
117
94
103
100
98
106
104
101
90
118
98
92
92
91
101
110
91
101
97
100
119
100
104
93
118
107
120
100
114
107
99
98
103
91
104
92
94
116
88
112
96
104
98
110
99
105
85
105
81
112
99
100
123
92
93
99
107
110
119
120
99
96
99
106
102
97
100
96
115
98
109
119
96
106
108
114
116
93
102
101
104
120
114
88
104
106
84
97
115
106
100
97
82
113
109
91
100
89
86
108
107
96
104
82
105
116
118
94
101
122
112
109
104
102
82
89
93
92
93
102
101
108
106
97
90
85
107
83
102
95
95
96
81
89
101
107
105
102
109
102
103
102
104
88
89
101
85
102
98
94
69
94
112
112
99
111
101
109
95
107
100
90
95
92
90
86
84
94
101
77
98
97
87
121
87
105
91
113
96
88
95
96
89
100
99
96
101
98
101
87
107
105
99
96
102
113
102
100
132
112
111
114
112
129
110
112
107
111
118
108
100
99
100
107
97
99
88
108
101
107
84
86
89
102
84
103
89
98
96
91
115
88
95
102
89
106
101
70
91
105
92
102
88
100
88
88
84
101
96
92
102
104
93
92
104
85
100
114
91
87
84
104
94
83
108
100
102
84
88
106
74
78
84
99
94
98
91
88
96
101
94
104
95
96
95
91
98
111
91
100
78
96
108
99
119
90
86
95
84
115
93
97
98
98
90
94
91
80
100
86
113
115
93
101
83
103
99
102
98
96
102
85
94
113
111
100
100
100
101
93
84
93
107
88
109
97
91
109
96
109
104
91
84
86
104
88
78
87
120
85
99
87
108
99
98
107
94
103
96
93
98
100
91
77
91
96
78
99
102
110
98
108
104
93
114
89
96
101
93
107
100
101
91
101
92
89
106
84
93
99
86
87
104
87
96
97
95
85
88
90
104
88
82
96
100
82
98
95
91
92
95
80
104
80
90
98
84
103
89
83
91
93
79
87
92
116
97
101
94
93
111
91
85
91
110
78
86
93
75
84
77
82
90
81
83
87
92
84
110
97
94
97
107
73
86
106
95
87
81
108
92
101
90
95
81
81
79
100
100
84
97
74
86
76
81
100
106
83
110
95
103
77
104
86
98
103
104
73
92
84
87
89
105
100
85
98
80
105
76
99
90
107
83
70
85
114
81
115
96
85
83
89
95
106
91
105
98
102
83
86
94
98
93
68
95
84
67
86
87
100
102
100
101
92
100
84
85
89
97
105
98
91
94
66
111
102
107
92
78
94
91
100
82
86
87
88
80
89
77
81
108
96
92
82
71
97
97
105
116
96
103
103
111
122
100
97
80
82
82
93
81
100
86
86
75
93
78
96
76
108
100
78
89
93
94
99
77
96
94
96
103
86
95
95
84
93
122
86
75
94
110
94
95
99
95
93
86
78
92
92
83
80
92
107
90
82
78
99
96
93
80
69
95
82
84
89
87
89
86
75
91
91
87
83
87
80
83
94
93
78
94
83
84
77
96
98
83
86
95
80
76
74
87
90
77
78
88
87
89
96
99
84
101
94
99
83
93
77
98
92
90
93
77
75
70
82
89
83
90
89
70
71
94
91
92
97
84
76
84
79
85
102
106
104
107
102
92
113
100
84
90
102
96
95
93
78
88
75
94
78
87
73
99
87
91
77
102
81
82
86
80
80
88
90
106
101
83
87
82
96
91
73
79
73
79
100
96
71
79
85
102
78
89
109
67
100
87
72
86
76
77
90
91
67
79
72
77
83
92
93
78
79
82
81
81
83
90
93
74
84
87
76
91
87
78
82
89
84
96
96
88
83
79
85
74
90
73
88
96
93
105
72
91
77
69
79
83
99
84
103
80
87
85
106
73
80
89
81
96
75
94
75
103
108
83
95
92
82
91
87
77
83
89
73
77
84
87
66
87
91
64
95
90
93
82
84
100
67
76
85
86
107
109
79
88
73
82
92
71
87
91
82
94
82
100
85
91
93
89
79
78
79
87
85
82
74
71
87
78
97
117
83
89
76
101
90
80
90
84
85
75
69
77
82
86
89
96
83
75
80
81
87
91
88
95
67
77
80
84
74
63
80
90
85
83
86
92
81
80
95
95
83
80
86
75
76
91
87
93
64
76
86
94
77
95
93
77
86
71
83
97
83
86
70
79
81
82
80
82
72
83
83
85
83
84
79
89
75
80
75
79
80
85
79
93
83
75
97
81
76
68
81
96
83
86
92
94
92
91
108
76
90
74
94
78
71
93
83
81
89
86
84
88
92
64
78
85
89
77
88
76
93
80
93
96
73
80
83
82
96
87
61
98
83
85
70
79
67
89
59
91
87
98
84
72
95
74
82
72
90
93
81
78
84
80
92
80
95
81
90
82
88
90
69
71
80
66
76
88
82
82
96
80
73
80
88
81
70
65
88
78
84
72
65
85
73
73
74
84
86
71
90
89
100
86
80
91
101
83
82
88
87
87
82
85
73
76
82
88
91
88
84
70
80
83
90
82
90
91
75
72
71
67
82
76
78
79
88
82
89
78
62
88
85
67
77
79
99
69
82
80
89
79
67
85
87
88
87
77
78
89
83
78
84
78
73
59
88
79
64
72
83
78
72
84
87
71
83
70
69
69
85
85
82
74
105
75
68
70
59
72
78
78
85
81
97
75
99
83
75
76
93
78
86
84
68
85
61
79
78
66
81
90
76
88
79
96
77
77
76
86
87
87
83
70
83
75
70
94
75
89
76
53
82
75
84
94
98
94
89
90
79
81
80
85
77
81
71
76
75
88
75
88
102
82
72
60
83
74
78
80
84
75
73
86
82
82
91
76
102
77
80
75
91
71
85
78
68
94
83
65
93
64
73
80
92
85
66
86
76
80
76
74
77
82
93
76
92
76
77
74
69
88
69
83
74
80
64
82
78
68
98
61
68
86
76
85
93
68
86
81
72
68
61
78
81
75
73
77
69
75
77
86
83
103
91
78
81
98
73
83
69
70
89
67
81
80
70
74
76
73
79
76
87
75
89
72
88
79
72
83
79
74
81
86
87
90
81
94
83
76
65
77
91
69
81
82
83
75
66
91
72
68
78
85
61
68
95
70
77
79
80
89
73
87
89
78
79
71
74
81
83
79
77
81
73
87
92
77
72
89
89
76
80
74
81
81
84
76
79
65
86
77
79
85
88
70
89
79
85
86
87
78
67
64
85
82
86
69
76
62
73
84
70
80
83
72
69
71
65
61
75
80
79
96
81
83
85
83
80
66
76
72
77
83
70
75
83
87
78
82
81
81
75
85
76
86
83
68
82
85
92
81
68
70
76
83
78
65
73
74
87
83
90
80
73
78
81
79
72
79
69
76
95
80
86
67
97
84
79
89
78
83
66
85
65
81
76
89
77
79
64
85
72
76
64
68
85
81
89
74
69
74
91
77
86
79
72
80
83
75
81
74
62
94
79
89
88
84
90
67
67
88
60
72
70
63
65
75
68
70
67
91
61
77
83
82
89
67
83
72
59
82
83
82
78
58
76
76
85
73
70
61
74
73
89
66
70
79
82
76
76
71
77
83
83
82
79
92
76
90
73
77
68
62
75
90
92
80
89
90
67
74
50
69
83
80
82
78
76
74
70
61
77
70
77
71
77
69
77
77
75
73
79
76
74
69
94
86
66
86
73
74
83
69
70
75
58
83
68
60
68
73
93
76
83
89
77
76
70
68
73
78
70
85
73
69
74
77
87
64
71
62
67
60
72
76
84
76
78
78
76
75
73
96
85
83
89
75
67
76
87
77
62
74
92
83
75
73
83
77
75
79
66
52
71
89
65
71
63
73
74
76
74
82
83
87
78
70
87
95
73
71
64
85
59
82
75
74
69
77
73
72
92
70
65
87
81
87
80
78
72
80
89
80
75
55
88
93
78
75
92
78
76
75
68
81
77
78
78
78
80
77
71
79
93
81
73
69
79
70
78
71
64
85
77
73
75
90
78
68
75
85
92
83
63
79
85
70
94
73
72
82
86
77
93
92
102
91
73
62
79
78
81
79
79
89
75
78
63
83
80
88
80
93
80
85
85
82
65
89
83
93
65
65
64
74
85
84
62
82
72
72
89
77
71
89
65
71
76
87
70
79
90
77
77
82
83
80
75
85
75
76
83
76
84
69
70
85
89
73
92
65
73
80
77
68
72
75
64
76
74
72
70
80
84
92
70
70
71
80
77
85
87
64
78
86
81
88
83
74
74
77
84
72
77
81
79
78
66
78
92
75
83
65
81
72
80
59
99
72
72
61
67
86
74
68
83
75
78
81
77
90
82
81
77
77
85
85
71
84
69
72
76
70
69
72
71
77
72
82
78
73
83
69
76
80
87
88
72
84
84
93
76
79
78
78
88
86
85
94
80
80
73
81
77
74
79
75
94
87
64
73
91
72
72
87
86
66
93
77
83
66
85
87
74
84
64
72
81
76
76
70
77
79
73
82
81
89
78
63
88
84
82
80
78
79
77
75
88
89
82
75
62
86
84
82
62
82
79
80
73
75
80
79
88
79
82
90
94
74
62
90
78
72
81
71
78
83
72
76
85
87
67
76
84
76
78
82
79
83
73
74
86
79
91
87
85
70
78
79
72
68
75
72
69
77
85
90
75
98
80
78
86
84
98
79
92
83
77
88
89
87
79
75
68
90
76
79
93
96
69
87
87
89
75
74
98
70
80
76
66
71
75
77
90
77
88
73
75
75
80
86
76
73
77
79
78
91
90
88
66
77
80
68
80
87
86
79
82
76
86
75
75
68
73
91
68
93
75
72
79
84
63
75
75
76
77
89
78
100
80
82
100
90
75
79
97
73
99
79
74
74
91
89
76
82
75
79
92
98
87
90
90
70
82
88
81
76
81
85
92
93
65
90
79
71
85
80
97
112
98
84
76
88
85
82
62
69
78
100
92
96
83
87
68
87
83
96
71
90
79
73
68
89
102
67
93
81
69
86
84
85
118
79
80
74
90
81
71
87
90
94
82
83
81
69
72
73
103
92
76
103
96
65
80
89
92
87
77
101
88
93
97
83
81
78
83
105
81
72
86
86
84
100
98
82
98
87
85
93
108
100
97
97
70
80
92
90
79
89
75
82
89
87
87
80
74
86
69
80
79
91
74
89
63
91
77
92
98
85
96
90
79
81
73
91
91
82
90
85
75
76
77
81
96
85
79
81
83
78
79
95
84
91
77
83
101
92
83
83
103
88
68
100
93
83
103
80
97
94
104
106
77
98
89
84
91
91
107
81
97
83
96
112
76
92
60
79
94
95
94
82
74
90
92
104
88
73
85
97
101
79
76
78
90
115
89
87
89
90
90
81
95
75
67
92
99
89
81
99
79
102
86
88
81
90
78
87
68
92
99
75
98
77
105
100
91
76
75
75
83
91
87
95
87
76
98
89
83
91
101
85
94
90
67
94
105
102
85
101
81
98
82
95
86
95
87
91
95
95
83
77
93
80
79
86
97
103
73
82
120
102
118
80
88
110
85
95
93
92
86
84
97
83
77
105
89
99
96
92
87
91
108
92
85
87
83
91
87
80
91
85
76
83
88
90
92
82
105
87
83
80
90
90
79
79
99
77
88
76
80
77
90
88
113
112
106
93
95
95
81
99
89
75
84
80
80
87
87
100
70
91
81
89
81
90
81
74
71
82
86
82
81
87
91
65
84
95
70
101
81
77
85
76
73
91
82
86
86
76
71
84
72
85
82
79
84
77
78
60
72
89
77
83
90
90
85
87
81
63
83
84
75
63
79
59
84
77
66
60
76
73
88
78
81
61
54
73
69
57
74
59
61
79
64
61
69
79
76
65
76
88
82
81
64
74
71
73
68
80
64
60
63
73
67
62
57
66
64
74
70
70
70
62
58
78
66
74
75
61
69
72
60
62
62
73
60
66
66
61
63
72
58
73
72
83
66
70
56
78
76
58
71
52
70
74
59
69
68
57
73
66
83
66
78
75
79
64
59
81
58
58
73
69
75
60
65
59
66
79
71
78
69
75
75
92
70
82
72
86
66
67
69
75
66
67
84
77
72
60
70
73
70
75
69
73
74
68
53
58
61
50
64
79
54
66
80
86
59
65
55
71
81
66
50
77
77
70
61
70
72
55
62
63
64
62
66
64
66
55
66
76
79
75
61
63
59
64
59
59
70
87
72
60
64
73
50
75
78
63
64
66
58
79
70
64
73
60
55
79
66
70
53
63
57
71
56
59
70
52
67
68
84
59
72
86
76
64
69
68
55
49
57
55
57
69
72
53
68
44
54
73
66
55
58
72
45
59
72
83
66
67
62
76
63
48
61
80
69
60
79
68
52
68
46
69
68
62
60
55
67
68
79
66
57
61
68
60
61
69
56
64
67
67
62
58
71
60
53
60
60
78
53
58
68
79
75
71
62
67
72
70
64
70
73
79
61
55
71
71
73
63
66
58
72
63
53
64
70
72
59
72
55
60
71
57
62
67
67
56
73
53
61
71
65
69
83
55
54
70
65
51
64
66
63
66
60
65
53
55
58
69
57
47
65
57
62
68
63
51
58
67
68
67
61
66
49
72
78
60
57
65
60
52
56
62
64
60
57
68
74
66
60
60
58
64
39
66
65
51
59
56
53
46
54
68
67
51
61
56
58
69
68
73
66
71
50
65
58
56
71
70
60
50
48
48
64
71
63
41
62
60
57
56
53
63
60
60
63
57
49
64
63
69
45
67
53
68
58
54
57
68
76
41
58
59
64
49
54
63
62
64
61
50
71
62
50
69
52
68
64
58
52
58
57
55
55
70
59
65
55
59
64
69
74
63
52
57
54
59
51
69
63
59
72
65
68
73
53
55
53
61
61
49
63
59
60
63
60
47
56
67
52
60
42
62
61
48
61
61
53
64
69
66
55
54
49
64
71
49
53
69
64
63
61
54
62
59
48
59
57
51
65
51
46
47
55
52
49
74
52
53
63
68
65
60
75
74
57
54
48
66
66
61
62
61
64
59
46
58
57
65
64
58
61
68
42
56
57
51
59
52
49
65
63
59
62
41
51
57
57
48
58
50
66
57
59
64
66
61
48
69
72
57
68
55
68
61
59
67
54
68
62
67
55
64
64
65
61
48
64
45
52
62
78
56
62
60
60
44
64
61
70
56
73
68
67
63
72
53
53
61
47
51
54
65
53
51
51
64
62
52
61
43
62
63
61
66
63
60
59
74
54
63
65
65
60
57
59
76
65
57
59
63
66
55
48
52
62
54
56
50
48
65
59
58
63
51
57
70
63
70
50
67
60
71
52
40
59
56
42
57
56
54
63
62
42
58
56
57
70
53
60
53
71
54
52
64
70
46
58
54
56
66
64
50
53
62
64
57
54
50
63
77
60
62
58
72
58
58
54
46
62
87
41
60
57
46
56
65
56
58
81
55
58
51
60
56
60
56
58
57
51
44
60
48
38
45
46
50
44
56
45
41
50
48
52
43
49
48
54
43
58
48
41
54
44
52
42
47
51
38
61
52
49
37
39
34
63
39
41
47
47
67
45
43
40
42
44
34
41
45
44
45
40
38
37
37
45
48
51
43
43
37
45
34
41
40
51
29
43
37
40
44
45
45
39
58
32
38
42
44
44
43
35
39
34
40
39
29
39
38
39
38
35
40
39
38
40
37
42
43
45
52
36
46
45
21
25
35
40
43
46
36
45
40
44
41
38
43
30
44
26
56
36
47
36
36
45
34
50
35
40
36
45
35
44
30
38
35
39
32
46
51
31
33
33
34
40
38
33
43
41
42
41
42
31
26
43
40
32
42
25
30
37
42
22
28
42
37
40
37
36
36
30
45
28
35
49
38
19
27
28
39
44
37
28
40
36
35
25
32
28
35
24
34
40
31
37
42
39
33
33
34
31
44
37
33
32
39
29
42
39
37
33
29
47
44
31
44
28
33
42
37
46
37
28
31
40
39
31
34
34
57
40
46
37
39
33
29
40
43
37
38
43
50
32
32
30
50
50
32
36
35
35
34
45
41
34
43
45
50
36
46
50
43
42
38
52
57
59
45
58
45
45
48
37
54
50
38
56
52
55
63
67
103
140
156
300
456
662
1000
1348
1857
2249
2503
2493
2565
2396
1966
1660
1302
930
674
467
313
238
151
125
77
92
67
47
36
45
43
22
31
19
25
22
26
23
23
22
25
20
26
21
36
24
25
19
23
27
31
19
30
23
25
19
24
26
31
25
26
19
34
24
24
15
34
35
22
27
16
18
19
29
30
25
16
17
14
18
24
22
21
21
27
25
34
32
10
17
38
20
22
21
25
20
25
25
17
23
25
26
23
23
17
28
20
20
26
19
21
13
25
16
21
27
25
31
22
28
19
27
17
25
23
18
21
20
15
24
30
19
28
15
30
13
18
16
16
11
22
11
17
18
19
15
23
22
14
17
25
29
30
12
23
18
25
15
18
26
25
20
17
21
25
18
16
19
17
17
18
19
21
12
11
20
17
19
22
16
18
17
20
12
17
20
9
21
15
16
23
13
20
14
20
16
15
13
22
11
12
17
19
17
12
13
13
20
14
17
23
10
12
21
15
12
13
17
20
22
18
15
11
13
21
14
21
7
14
10
10
13
17
17
10
14
16
24
8
16
14
19
14
21
16
13
13
12
16
16
29
17
14
12
14
19
15
12
11
19
16
14
17
10
18
18
9
10
17
16
16
12
10
14
13
14
12
11
20
8
14
14
19
12
16
15
10
8
20
18
19
13
10
12
21
13
12
10
12
7
8
13
13
19
14
18
16
16
20
18
14
18
12
13
20
14
9
18
9
9
13
13
5
7
12
11
13
21
9
19
15
13
14
18
19
10
14
11
20
11
23
10
17
5
12
10
13
14
14
16
16
11
4
9
8
9
13
12
16
11
13
7
15
12
11
6
15
5
10
5
10
15
13
10
8
10
9
8
17
11
14
15
17
8
17
10
13
12
10
10
19
10
12
10
8
15
10
14
13
10
10
9
7
4
10
6
12
5
6
7
8
5
11
9
8
11
11
13
11
5
7
12
8
10
11
8
15
12
9
14
4
9
12
7
10
8
9
13
13
10
6
10
9
12
13
10
8
9
15
13
13
13
10
10
8
11
9
5
11
6
9
17
12
9
9
9
8
8
4
9
10
7
12
14
3
10
3
9
9
6
14
6
7
13
7
3
9
9
5
14
8
9
8
5
15
7
11
12
8
8
5
7
5
11
10
8
16
7
9
20
8
11
8
12
8
10
15
6
7
7
12
13
16
16
14
18
11
15
8
11
14
10
12
10
12
3
10
8
5
7
15
7
7
6
11
7
8
8
8
10
11
7
14
7
7
9
10
9
18
11
8
7
10
11
7
8
9
6
11
6
6
3
12
10
12
12
5
13
9
6
6
10
8
11
6
14
12
11
8
8
8
8
5
6
7
8
10
12
12
16
12
8
7
11
10
6
4
11
6
10
8
11
7
10
10
6
10
10
8
10
8
10
10
8
4
11
11
9
12
7
8
6
8
8
10
6
7
5
9
8
3
4
13
8
3
7
5
6
10
5
3
6
10
7
8
12
10
7
11
10
11
12
8
7
8
13
8
5
9
4
10
8
8
6
3
11
6
4
6
7
10
6
9
6
4
9
5
13
7
7
9
7
8
6
10
8
7
9
9
7
9
11
7
5
10
7
7
13
10
10
7
13
8
9
13
6
8
9
6
15
6
8
10
11
8
8
11
16
12
8
8
7
12
9
12
16
11
10
9
14
13
10
9
11
11
9
9
12
3
12
17
11
10
9
9
6
13
6
9
8
14
10
8
12
12
17
11
8
19
14
12
15
11
16
15
13
9
18
20
13
24
29
16
8
22
13
19
15
18
16
12
21
22
23
20
27
26
23
23
29
29
31
22
22
31
28
38
38
37
63
74
109
182
311
520
687
1046
1426
1719
2034
2233
2287
2304
2015
1848
1460
1152
843
558
407
268
173
104
84
57
46
36
20
18
10
7
10
1
6
3
4
5
2
4
3
1
3
2
0
2
1
1
3
1
4
3
1
2
2
1
3
4
3
2
3
1
1
3
0
3
2
1
4
2
0
1
1
2
3
3
0
2
4
4
2
0
1
4
0
2
1
1
0
0
1
1
1
1
2
1
3
1
2
3
0
2
1
0
1
3
1
0
1
0
1
3
1
2
2
1
1
0
2
1
0
2
2
1
1
0
1
3
0
5
2
2
0
1
2
1
5
2
1
3
3
1
5
1
1
2
1
1
1
3
0
1
0
0
1
3
5
1
1
0
1
1
1
2
1
0
4
0
1
2
3
2
0
2
1
1
0
1
1
2
2
1
0
1
1
3
3
1
3
2
2
3
5
1
2
2
1
1
6
0
0
1
1
3
0
4
3
1
0
2
2
1
2
0
3
0
0
0
0
1
1
1
1
2
4
1
3
1
4
0
1
1
1
0
0
2
0
5
4
1
3
2
3
4
2
3
1
3
2
3
3
1
3
2
2
1
0
0
3
1
6
0
0
1
3
1
2
4
2
4
0
1
0
2
2
0
1
0
2
0
3
2
1
3
1
2
1
1
0
2
1
3
0
0
0
3
3
1
1
1
1
1
3
4
1
1
0
4
1
3
0
0
1
2
1
4
3
4
3
1
3
2
3
5
1
0
2
1
1
1
1
3
1
0
1
1
0
0
0
1
1
1
1
1
0
0
1
2
1
2
1
1
2
6
3
3
1
1
1
3
0
2
3
3
2
1
1
0
2
3
1
1
0
2
2
2
1
1
1
3
3
1
1
1
2
2
1
4
1
1
4
3
1
3
2
2
2
2
0
1
1
2
1
2
0
1
3
2
4
1
1
0
2
0
1
2
1
3
2
0
2
0
1
1
2
1
2
1
1
0
3
2
1
3
1
2
3
1
4
1
0
1
1
5
0
1
3
1
3
0
0
2
3
3
3
2
0
2
0
2
0
1
1
2
1
0
2
0
0
3
1
3
1
1
2
2
2
2
3
2
1
3
1
1
1
2
2
0
3
0
1
1
0
0
2
0
1
1
3
1
0
1
2
1
2
1
3
3
0
2
4
0
0
1
1
1
1
1
0
0
2
2
1
2
0
1
2
0
1
0
4
3
1
0
0
1
0
1
4
1
1
1
2
0
4
0
1
1
0
0
3
0
0
2
1
2
1
1
2
0
0
1
3
0
5
0
1
2
0
0
0
3
3
4
1
0
1
5
0
0
0
1
2
1
4
2
3
1
1
1
1
2
0
1
1
2
0
0
2
4
2
0
0
1
0
1
0
1
2
2
1
3
0
0
0
0
2
2
3
2
0
2
0
0
1
1
0
2
0
2
2
1
1
2
0
4
1
2
1
1
3
2
3
3
0
2
3
0
1
5
2
4
3
4
12
13
13
11
29
40
38
58
58
58
54
61
42
44
28
38
23
10
7
8
5
2
0
1
1
2
1
1
0
2
0
0
1
1
1
0
1
0
1
0
0
1
4
4
0
1
0
2
0
2
0
0
2
0
1
2
0
1
3
1
2
0
2
2
1
0
2
1
3
1
0
1
1
3
0
0
2
3
1
0
2
5
1
1
0
1
0
0
2
0
2
2
1
1
0
0
1
4
0
0
0
0
0
1
0
1
0
2
3
0
1
1
0
1
1
1
1
1
2
0
0
0
0
1
2
2
0
2
1
3
1
0
1
0
0
1
2
0
1
0
1
2
0
2
2
1
1
1
1
4
1
0
0
1
0
1
0
0
1
2
1
0
0
0
2
0
3
1
0
1
0
2
2
1
1
1
0
3
1
2
1
3
2
2
2
1
2
0
0
0
0
1
3
1
1
0
2
0
0
1
4
1
0
1
0
2
0
1
0
0
0
2
0
0
1
1
0
1
0
2
0
1
0
0
1
3
1
1
0
0
2
3
3
1
0
1
4
1
0
0
0
0
0
0
0
1
0
1
3
2
1
0
1
1
1
1
1
2
1
2
1
1
1
1
2
0
2
4
0
1
1
1
0
2
1
0
0
0
0
3
2
0
1
2
0
0
1
1
1
0
3
0
0
0
3
2
1
1
1
0
1
3
1
0
1
1
0
0
0
0
3
0
2
1
2
0
1
1
1
0
0
0
0
2
0
1
2
2
1
0
0
2
2
0
0
3
1
1
1
0
0
1
0
1
2
0
2
2
2
1
1
1
0
1
0
0
2
1
2
1
2
1
0
1
1
0
1
1
1
0
0
1
0
1
1
0
0
0
0
1
1
0
1
1
0
0
0
0
1
1
1
2
2
0
0
0
1
1
2
0
1
2
1
2
0
0
1
0
2
2
1
2
1
0
2
1
1
1
2
0
0
0
1
1
0
2
1
0
1
1
1
0
0
2
2
2
2
1
0
0
2
0
0
1
2
0
0
1
0
0
0
0
0
0
1
0
1
2
2
3
1
1
0
1
1
0
2
1
2
0
0
1
1
1
1
0
0
2
0
1
0
1
0
1
0
0
1
0
0
1
0
1
0
1
0
0
0
1
2
0
2
0
2
0
2
1
1
1
0
0
0
1
2
0
1
0
1
0
0
1
1
0
0
0
1
1
0
1
0
1
0
1
0
2
0
0
0
0
0
1
0
1
0
2
0
0
1
0
1
0
0
1
1
2
0
0
2
1
1
1
2
1
0
0
0
1
1
1
2
1
1
0
1
0
1
0
1
0
1
1
0
0
0
0
0
2
1
0
0
0
1
0
1
1
2
0
1
0
1
0
1
2
1
2
1
0
0
0
0
1
2
0
2
0
0
1
1
2
0
0
2
1
2
2
1
1
0
1
1
1
0
4
4
1
1
0
0
0
2
1
0
1
0
0
1
2
3
0
2
1
1
3
2
0
4
2
2
0
1
3
2
0
2
0
1
3
1
0
1
0
1
2
1
1
1
3
0
3
3
0
2
3
0
0
0
2
3
4
1
2
2
0
0
0
0
0
0
1
0
1
0
0
0
0
1
1
2
1
0
0
0
2
2
2
4
2
1
1
18
13
17
13
15
20
16
13
11
12
25
23
16
19
21
20
17
18
14
15
20
19
17
21
11
14
19
22
14
19
23
19
19
22
17
15
21
16
17
25
18
22
13
13
26
19
14
19
16
23
10
16
15
18
24
22
20
22
14
16
15
21
11
15
19
18
21
20
13
15
13
14
18
14
20
19
10
12
14
23
15
19
16
15
12
18
21
14
15
14
14
22
15
21
14
16
20
17
16
20
14
20
10
15
12
18
16
15
17
17
20
14
15
21
17
16
21
16
14
13
16
15
14
17
17
22
18
8
