4933
4069
3360
2890
2397
2011
1699
1469
1336
1144
1045
845
774
755
653
607
615
528
486
498
454
425
412
397
409
351
389
360
377
382
342
336
336
368
302
323
310
338
322
314
324
336
317
310
293
276
288
271
309
266
313
286
257
298
276
301
247
287
268
265
229
246
257
259
267
261
257
260
216
271
237
244
256
244
275
250
254
242
219
208
245
231
234
237
225
223
204
226
237
222
210
228
219
226
234
219
208
220
219
208
204
202
210
213
216
218
215
209
183
210
229
232
208
213
196
226
201
210
202
170
198
170
187
194
170
220
177
202
193
198
192
197
194
169
164
164
194
151
180
194
186
188
184
159
187
179
157
167
188
191
158
160
152
167
167
149
166
151
158
168
132
162
177
181
159
164
207
175
160
166
145
152
155
144
140
150
171
170
157
160
174
166
155
155
157
154
155
132
157
162
145
137
121
150
168
145
139
146
150
141
159
137
141
153
145
141
149
145
164
131
141
145
123
162
142
141
131
138
129
122
122
134
119
123
106
125
141
126
114
112
126
133
129
128
126
125
128
115
130
120
110
114
112
108
119
123
126
124
123
121
135
105
127
132
135
123
126
135
134
143
115
113
134
129
107
117
119
155
112
129
123
132
115
141
116
138
134
140
117
128
119
119
111
119
98
132
128
142
136
133
106
123
111
121
115
116
126
115
118
132
117
104
108
122
117
127
108
105
113
113
130
94
94
110
95
127
117
100
118
95
117
121
89
102
90
107
105
115
107
122
119
108
113
106
117
92
101
113
122
109
103
114
118
127
101
93
105
89
102
93
137
97
112
112
104
104
108
117
100
94
91
93
105
126
102
111
100
113
96
98
102
124
111
91
107
90
87
95
79
91
102
90
110
88
98
95
105
105
99
99
117
102
109
103
98
77
91
95
100
96
107
90
81
100
83
110
99
108
113
99
112
100
85
94
98
83
76
108
103
90
79
88
95
91
93
91
92
85
87
96
84
99
100
78
104
85
82
98
87
105
91
73
82
78
87
90
97
77
75
84
95
93
88
87
85
92
99
72
81
79
96
81
92
95
83
73
104
85
79
85
88
83
85
91
91
96
82
97
78
78
103
96
94
93
82
93
82
86
87
74
85
90
78
92
93
79
77
81
84
90
68
80
96
76
66
94
86
87
85
98
107
64
71
97
94
79
84
78
71
85
77
89
81
98
77
82
81
77
73
69
89
83
75
73
88
83
89
80
84
72
71
82
87
91
75
86
68
79
89
81
65
77
93
73
74
91
72
87
86
83
75
72
70
86
67
78
83
75
72
85
68
97
75
72
74
89
83
68
85
78
87
82
61
91
68
76
76
85
70
80
77
74
72
77
67
88
86
87
82
82
79
67
69
59
76
66
66
74
73
71
64
70
64
73
77
69
80
77
61
69
91
81
88
72
74
76
61
57
67
80
67
69
82
75
83
71
81
53
96
68
68
64
88
62
80
76
76
66
90
69
68
73
77
75
82
69
60
71
72
71
78
81
70
65
53
66
77
75
85
71
60
70
67
47
87
69
76
68
85
68
68
71
76
64
62
74
74
77
68
68
69
72
62
57
71
87
78
74
81
68
69
66
67
73
72
79
80
69
67
65
64
69
66
80
55
69
72
73
66
68
57
67
66
75
61
76
76
65
63
59
63
62
68
68
58
71
58
63
66
61
66
63
68
72
65
65
55
63
77
57
76
81
68
69
43
78
75
75
53
58
62
66
59
62
70
68
65
68
73
66
76
67
60
74
58
60
66
58
66
71
67
66
78
68
70
54
61
60
67
69
35
52
77
66
68
63
57
78
52
50
57
76
71
53
75
56
64
60
69
70
55
59
74
51
67
61
66
69
64
59
60
64
71
47
61
55
67
68
53
80
46
64
68
66
55
57
83
74
56
71
63
61
45
57
68
69
55
53
60
71
63
60
49
68
73
64
75
78
52
71
62
54
66
59
66
56
66
58
65
69
55
63
61
74
67
59
54
54
72
71
59
63
63
61
53
53
79
58
68
65
60
59
60
66
43
62
63
53
59
63
62
65
61
65
78
69
53
58
59
68
53
53
52
56
58
55
59
66
50
59
53
50
75
51
68
61
69
65
61
51
56
48
58
65
81
56
61
50
69
68
49
46
59
68
55
66
60
52
56
63
53
50
62
54
52
51
62
39
48
65
64
57
69
62
63
61
52
52
68
58
54
47
51
66
64
64
53
59
59
57
65
58
55
53
55
57
49
49
50
73
52
64
51
50
57
62
56
54
56
52
74
67
54
67
54
44
50
67
61
58
56
60
58
71
57
59
66
40
60
60
59
56
49
51
57
43
58
66
75
58
65
49
55
79
46
65
57
49
57
56
49
67
48
53
51
47
45
45
33
66
54
32
68
54
60
51
49
54
52
65
52
50
52
46
56
44
46
71
54
44
61
42
55
56
57
53
63
51
56
55
53
52
62
66
50
65
55
51
57
55
50
54
52
62
43
56
53
50
50
53
56
51
52
50
60
43
45
57
53
62
48
73
52
49
66
52
50
45
55
60
56
60
44
49
43
49
59
63
48
54
53
48
55
54
57
46
44
44
64
48
45
55
46
51
38
59
52
42
50
46
50
54
57
56
46
52
43
56
62
55
58
61
49
52
56
64
59
60
56
59
66
61
50
58
53
60
64
44
68
54
53
55
64
47
59
52
52
50
56
56
67
68
63
57
50
66
52
52
53
55
48
42
47
52
53
49
54
54
53
46
44
54
54
58
56
64
50
43
61
55
56
54
56
51
63
47
61
61
42
57
56
47
54
59
43
47
54
47
46
40
52
59
46
46
44
46
48
53
38
40
61
49
48
43
46
55
49
45
52
55
56
59
51
43
60
44
66
44
45
53
37
43
40
42
51
48
62
46
37
42
46
55
59
43
58
44
40
45
58
54
36
58
54
47
49
50
54
34
48
45
42
51
59
42
38
47
44
57
67
54
42
59
59
49
43
58
42
44
40
60
43
42
49
39
43
43
43
57
48
36
50
40
53
50
45
35
46
46
43
40
42
48
53
37
40
45
50
45
51
45
42
37
57
31
50
44
52
37
40
38
41
43
49
49
42
37
42
41
37
50
42
39
43
48
49
59
47
43
45
45
34
54
36
63
51
45
45
52
33
33
31
48
43
35
36
37
50
47
44
51
39
35
46
40
40
35
41
48
35
50
38
49
36
41
31
35
52
33
43
45
57
40
57
40
36
48
47
43
49
46
42
32
53
46
37
41
47
50
45
43
31
43
37
39
36
44
38
25
35
43
43
40
45
36
39
49
44
48
47
30
40
33
41
44
43
59
45
46
50
42
35
50
35
36
38
37
41
45
38
50
46
45
38
36
39
48
56
35
34
46
38
36
30
48
35
44
54
34
51
32
38
39
41
45
39
41
41
35
38
44
34
37
51
44
26
47
29
41
44
42
28
30
43
27
41
33
45
41
47
43
44
30
39
48
33
41
46
39
42
34
32
26
42
47
43
29
33
53
46
33
36
39
39
36
47
39
44
39
41
34
31
35
39
43
34
31
43
45
44
49
38
39
43
42
27
33
36
38
47
32
37
54
37
38
35
42
38
36
44
37
23
37
37
33
37
50
31
39
28
35
36
35
43
32
39
48
30
35
45
41
36
42
54
47
37
37
39
47
37
33
50
43
25
38
37
36
32
45
38
49
39
46
44
27
40
39
37
32
37
36
31
37
38
36
34
37
38
35
47
37
44
35
42
41
32
44
29
38
41
35
43
39
31
32
36
42
35
37
35
31
46
44
39
42
43
44
32
33
39
36
47
39
36
39
41
33
37
43
43
47
29
37
38
34
48
38
35
50
32
34
29
30
44
34
33
40
22
22
42
30
31
31
40
38
34
33
40
31
27
38
40
31
29
35
40
42
29
44
37
40
32
35
28
29
25
44
44
52
30
40
36
40
32
23
41
29
45
28
34
32
34
32
39
37
36
34
43
36
39
33
32
31
35
38
38
36
44
36
33
38
30
33
19
30
34
30
45
30
49
38
31
39
45
33
33
34
49
36
40
27
30
26
21
25
31
39
30
23
37
26
34
36
38
30
29
32
30
42
39
38
27
42
45
29
26
29
35
37
44
31
42
38
30
35
32
42
28
37
37
36
31
33
36
37
43
27
43
36
31
30
29
33
35
29
27
40
28
29
42
34
47
30
28
33
44
36
31
34
37
35
37
35
30
49
33
24
28
36
36
28
36
38
37
32
31
43
49
27
38
31
34
33
28
29
37
35
27
39
31
23
33
29
34
34
33
41
34
28
42
32
35
35
33
31
39
36
38
35
32
23
28
31
43
38
26
30
41
27
35
28
22
32
26
24
30
29
30
31
42
29
29
30
42
26
37
35
43
31
37
32
32
38
34
25
30
33
24
28
27
32
39
40
22
31
31
23
31
27
30
31
31
32
20
34
36
28
38
26
32
36
31
29
43
35
28
25
29
37
35
22
26
26
26
29
33
32
28
36
31
33
26
44
35
35
25
33
32
40
21
29
36
35
36
29
37
34
29
28
24
33
38
32
22
32
31
36
21
37
25
33
34
29
30
37
39
24
33
25
27
29
28
29
24
23
37
31
26
27
33
33
32
26
29
38
37
44
19
33
33
33
23
37
34
36
28
31
26
33
35
19
23
29
33
33
39
20
36
25
36
32
23
46
36
43
34
36
32
22
25
38
31
38
31
31
33
35
33
32
21
28
21
28
33
33
33
30
28
30
31
27
24
24
34
36
30
35
30
28
32
31
20
32
32
34
26
30
23
34
39
27
19
37
41
36
34
29
28
38
27
32
28
28
39
26
25
24
33
37
34
35
33
28
28
32
33
37
29
33
27
24
26
35
25
29
36
39
32
25
19
38
22
39
38
32
26
29
29
29
24
35
20
17
19
28
29
35
28
24
32
30
21
25
27
24
27
30
32
27
35
27
31
20
18
21
44
35
33
31
28
26
26
22
27
31
22
36
25
27
27
32
35
38
35
14
17
19
27
28
38
28
26
34
31
31
30
30
29
27
26
24
31
22
25
36
22
29
28
30
21
33
24
31
33
36
34
29
32
31
24
22
35
31
25
23
30
27
26
22
24
19
34
32
33
29
35
28
25
33
39
29
29
35
34
27
30
34
28
21
35
26
30
32
22
25
26
32
22
24
34
31
29
28
34
24
24
35
21
27
28
25
26
31
34
29
26
22
22
32
23
27
19
25
30
31
25
34
21
33
30
27
28
34
17
22
29
19
33
27
26
34
27
31
20
30
35
22
25
32
33
29
28
25
32
25
33
28
18
38
26
29
28
26
25
21
35
28
30
19
30
27
24
22
33
28
28
32
23
22
30
22
17
29
27
24
28
30
30
26
28
33
21
21
36
21
18
25
29
32
19
26
22
20
25
28
31
26
33
33
22
27
26
32
24
28
30
37
24
23
20
37
40
21
40
20
26
26
28
32
24
36
25
30
27
25
28
38
35
30
27
22
22
23
22
30
26
24
28
22
27
28
21
20
30
36
13
46
30
31
31
29
30
32
28
38
30
28
30
28
30
29
16
27
29
20
30
34
34
26
30
27
27
24
25
32
24
26
32
22
34
23
38
26
26
36
26
27
36
32
27
35
17
18
26
33
33
23
22
25
36
26
25
28
26
22
27
21
20
29
27
19
22
27
37
31
20
25
24
23
17
22
25
25
24
26
23
32
21
20
35
29
20
25
24
26
28
27
35
30
25
26
34
19
34
19
26
25
28
31
34
23
29
22
20
28
19
25
23
26
25
20
30
20
27
22
27
22
26
31
22
28
38
30
33
17
26
30
25
28
30
36
35
25
29
37
24
22
14
30
31
19
26
19
23
16
20
37
26
34
38
34
22
29
36
22
32
26
23
24
22
23
25
19
18
24
35
16
33
23
29
21
28
29
23
22
18
20
32
23
36
15
19
29
33
24
15
33
31
21
34
19
32
34
28
18
18
22
28
21
29
19
30
19
26
28
25
34
29
30
29
30
22
31
27
27
20
28
24
24
31
19
21
23
29
23
23
17
25
37
25
22
19
21
30
30
26
25
26
20
30
26
25
21
33
21
23
20
20
35
14
30
33
28
33
21
18
24
26
31
41
28
27
16
26
29
21
24
30
27
26
24
22
29
25
20
24
22
18
26
34
19
25
23
24
30
19
28
17
28
30
18
30
35
21
34
21
26
36
27
21
27
35
22
26
26
32
22
17
28
26
22
25
24
29
19
34
23
32
20
27
34
28
19
27
29
29
25
19
28
29
30
29
36
28
30
20
23
26
24
29
18
28
27
25
26
23
30
19
26
24
26
21
28
24
33
28
36
27
27
27
31
27
26
29
28
21
19
28
22
22
37
30
32
21
26
24
19
12
24
19
18
21
18
22
30
25
15
26
26
28
24
30
12
28
17
20
22
20
21
20
27
21
22
29
27
38
37
23
26
25
22
28
34
28
23
23
18
21
17
20
23
18
23
24
30
28
24
17
26
16
26
21
24
21
27
31
21
31
15
32
13
21
24
23
25
28
22
26
29
27
18
26
22
34
23
30
32
27
30
24
27
34
19
21
26
27
28
22
19
17
22
21
16
18
27
21
17
26
27
17
20
21
24
21
27
26
21
27
16
23
28
18
20
21
25
23
19
21
26
20
23
33
16
27
21
19
34
24
24
18
24
16
26
13
19
26
31
20
22
23
22
16
20
24
18
23
27
20
28
23
24
22
22
24
32
19
16
26
26
23
25
20
22
21
20
21
27
32
15
16
23
18
22
24
27
19
23
24
22
25
26
28
29
30
18
26
21
18
24
28
28
24
22
19
17
23
31
29
23
19
24
19
22
37
23
24
25
21
22
30
22
18
28
22
19
20
23
32
20
23
13
28
23
19
29
25
25
22
22
22
26
21
22
23
30
28
20
24
23
15
28
17
26
24
18
19
25
22
20
28
29
23
22
21
21
34
17
21
24
15
21
16
19
20
21
26
19
22
32
25
18
19
26
28
24
23
21
35
22
29
25
31
35
22
24
21
23
24
20
28
22
24
23
23
20
18
17
18
26
21
19
22
23
24
16
23
23
28
31
31
22
27
17
32
33
19
22
15
21
25
25
30
29
22
21
24
16
19
26
22
19
24
24
24
18
24
23
16
19
18
18
27
28
28
32
17
21
20
23
25
28
16
21
20
16
32
22
20
20
28
21
19
22
25
17
18
26
20
23
17
28
16
26
19
25
25
25
22
27
23
26
26
25
25
18
27
17
18
25
25
24
17
21
23
28
14
20
26
17
24
28
15
33
23
24
14
21
17
21
16
17
20
21
24
28
21
15
27
26
22
26
30
22
20
19
29
21
23
26
23
16
17
25
20
19
39
16
23
19
18
19
18
28
16
20
19
27
25
25
23
24
20
20
26
24
18
22
22
17
19
20
23
17
26
23
16
18
24
26
23
19
19
19
27
24
25
30
18
31
20
21
20
21
22
33
13
16
21
18
19
26
30
16
18
29
26
18
24
21
21
13
24
14
28
17
20
19
21
28
20
19
23
19
28
29
13
18
27
24
22
16
18
29
25
25
28
12
25
27
22
19
26
16
20
29
27
22
27
18
21
30
15
17
24
23
30
21
16
27
23
22
32
23
22
21
11
22
12
19
19
18
23
17
27
24
33
28
23
18
27
20
23
16
25
28
25
31
24
23
24
29
20
31
17
17
27
18
26
27
25
30
15
24
21
24
21
15
17
22
19
25
20
21
19
20
18
29
28
17
19
30
17
21
23
24
23
23
17
14
16
15
20
17
22
20
17
30
18
17
22
24
25
29
24
18
20
21
31
23
21
15
22
26
20
26
21
26
23
15
17
20
16
20
24
32
12
26
13
25
20
22
22
21
16
27
17
16
25
23
20
13
20
26
23
28
26
22
23
28
29
28
16
16
15
29
19
23
24
19
22
24
28
25
23
14
24
25
27
23
25
21
21
21
20
14
20
26
24
26
16
21
28
24
28
15
24
22
22
22
21
17
23
25
15
17
18
20
25
14
25
15
19
27
20
26
26
18
17
21
23
28
27
20
19
18
26
19
25
21
19
24
19
23
21
24
20
17
23
23
22
26
23
21
21
22
27
21
25
21
12
19
16
23
21
22
17
17
15
21
21
24
20
26
24
17
20
18
16
12
18
19
32
24
31
13
16
14
23
20
15
22
16
21
27
25
25
31
19
14
26
20
22
24
27
18
21
15
25
25
28
26
29
18
22
21
15
18
22
17
23
11
25
24
22
29
18
26
21
20
14
17
24
23
19
27
29
19
18
31
18
36
16
24
24
18
19
28
15
27
16
23
21
25
19
30
15
20
18
28
25
13
20
21
19
16
17
19
22
13
18
20
19
19
13
17
16
23
21
30
24
25
25
22
18
21
17
18
25
21
17
23
29
25
9
25
23
21
22
17
23
23
22
28
15
21
23
26
15
23
19
22
26
18
24
23
13
22
23
28
26
20
21
18
21
23
21
24
19
20
14
21
22
26
16
20
24
19
25
13
26
24
22
18
19
21
22
25
17
23
22
24
15
26
19
22
26
26
14
23
22
19
21
17
22
19
25
14
20
27
23
19
21
22
11
22
19
22
27
15
22
23
20
31
20
19
21
15
18
18
21
19
21
23
11
21
19
21
12
18
24
19
17
21
23
30
21
26
17
25
25
17
20
21
23
20
23
15
22
25
27
21
17
10
26
18
22
18
21
24
17
13
18
16
21
30
24
27
16
24
20
24
24
16
16
20
22
13
11
20
18
21
17
22
16
14
23
13
19
18
19
14
23
24
17
29
21
18
21
12
17
24
25
12
20
28
15
32
20
27
8
26
27
21
18
22
25
22
25
27
12
21
22
21
26
26
22
22
20
31
21
22
17
19
23
29
24
27
21
21
12
15
11
7
23
20
10
23
20
17
22
18
22
17
26
19
18
21
19
28
21
26
29
16
19
20
18
31
23
16
17
23
20
31
29
29
23
20
23
22
21
26
23
24
23
26
21
26
20
29
19
14
18
17
16
25
14
16
17
23
19
27
18
17
24
23
29
29
25
23
23
25
21
9
23
24
26
23
18
15
23
19
23
29
17
21
26
27
26
20
14
22
22
16
20
31
27
15
23
13
20
20
23
19
12
18
24
25
21
20
19
12
22
19
30
22
21
18
23
22
11
19
32
16
29
23
25
19
27
17
14
15
14
22
27
16
17
16
20
25
16
23
19
19
16
23
21
22
19
23
25
19
15
17
17
24
18
19
23
19
27
23
20
23
26
16
18
25
21
24
10
18
23
18
22
25
22
16
22
22
20
20
19
15
26
25
18
22
20
18
20
16
23
20
24
29
18
22
25
23
23
14
25
18
18
18
16
29
21
17
18
18
22
30
19
23
19
21
23
14
20
19
21
18
21
14
23
13
13
22
24
18
15
25
26
19
10
21
19
17
21
13
16
16
25
11
30
22
26
24
27
17
17
15
22
26
14
18
11
19
19
20
25
17
21
16
15
18
14
17
18
30
16
31
23
29
25
26
21
14
22
16
16
18
21
32
22
15
23
21
22
24
20
16
20
20
19
20
17
11
22
14
18
20
23
28
15
21
29
15
19
20
18
14
18
23
23
19
21
20
18
24
16
23
19
21
19
27
20
16
18
14
19
20
17
17
22
21
13
32
20
20
24
28
20
24
19
16
26
19
37
27
21
20
21
19
21
30
16
15
19
28
15
30
14
29
26
13
17
21
17
18
15
11
26
11
21
17
18
20
15
16
24
22
24
22
26
20
20
15
24
12
26
23
24
16
19
26
22
30
22
16
19
18
18
20
19
17
24
13
21
22
13
25
19
22
20
18
20
17
27
22
22
13
26
15
22
21
21
21
18
18
31
24
18
22
11
23
20
13
21
22
20
18
17
20
17
27
35
17
21
15
14
16
27
16
17
14
16
23
28
26
22
25
18
24
18
19
19
18
32
18
14
29
18
17
17
20
17
22
23
11
17
21
21
18
25
23
32
14
17
19
17
9
18
12
20
15
20
18
18
19
16
23
12
14
21
20
21
20
21
13
18
22
22
18
18
21
19
26
18
13
25
26
19
20
15
17
14
15
19
14
14
18
16
12
20
18
21
20
21
13
15
27
15
28
21
19
30
18
27
26
22
15
16
25
26
25
19
17
20
30
16
23
19
14
26
18
11
31
19
24
16
25
27
18
24
20
14
19
21
22
17
19
15
22
15
21
23
13
18
15
18
16
23
24
18
20
18
23
21
22
24
18
24
21
18
26
17
28
20
21
21
20
22
11
22
26
25
22
10
22
27
23
25
16
15
20
20
28
21
18
17
16
14
20
16
12
24
22
20
24
18
16
28
17
14
19
20
26
18
19
26
15
24
20
18
11
22
15
16
24
12
22
23
24
11
14
23
16
19
12
20
20
35
18
20
20
20
22
15
19
22
23
23
17
17
16
23
15
24
21
22
20
29
19
20
18
16
21
19
14
21
20
25
17
18
15
20
23
24
24
18
25
14
26
23
17
23
23
21
24
27
18
9
16
27
24
19
13
24
22
21
20
17
24
14
20
11
20
20
21
15
19
31
25
16
26
18
26
18
22
23
28
18
16
15
18
26
23
21
19
19
9
19
12
23
25
23
28
28
19
21
27
26
18
13
21
20
20
26
24
16
21
16
27
24
24
13
16
25
19
23
13
20
22
20
16
26
18
24
28
18
21
17
26
14
24
20
16
20
14
19
19
20
19
22
18
26
17
21
19
14
18
13
20
20
22
25
16
16
21
19
20
19
19
18
24
32
17
19
18
24
17
20
20
24
21
20
12
18
22
26
21
20
19
22
18
23
21
19
27
9
18
21
22
22
19
24
14
14
16
13
18
22
19
18
23
27
26
29
19
20
23
16
23
26
13
25
17
23
20
17
14
16
24
14
19
15
19
24
17
21
21
18
21
17
12
27
20
24
15
18
25
14
11
15
15
21
20
25
11
19
18
22
22
14
22
22
14
28
20
17
15
8
29
17
23
26
19
24
26
20
18
20
23
25
20
16
23
20
18
28
23
17
15
21
19
19
17
16
24
17
19
23
19
17
15
12
19
23
16
18
19
18
20
9
16
23
21
15
19
15
18
15
24
13
23
19
12
21
29
20
16
17
20
12
29
15
21
22
24
23
18
16
20
10
16
18
12
17
19
21
17
16
16
10
22
12
17
16
18
17
21
17
18
21
14
19
13
24
29
18
19
19
17
11
11
26
14
13
16
17
20
14
27
13
19
13
17
21
19
21
16
16
22
13
11
14
13
15
23
21
13
16
20
14
17
10
11
16
18
15
18
17
21
16
19
18
11
26
17
15
19
26
17
23
19
16
12
19
27
12
21
18
24
13
14
17
18
20
19
16
9
21
16
13
21
24
16
16
16
14
19
13
23
15
14
14
22
24
21
26
16
13
20
21
11
19
19
15
26
20
16
14
23
14
17
17
20
13
11
17
20
29
13
14
17
16
17
9
13
17
12
17
13
23
17
15
19
13
20
16
24
16
17
14
18
10
24
16
22
22
15
27
19
22
17
18
19
19
13
23
19
12
15
13
20
19
9
22
19
21
12
19
18
13
13
23
17
17
24
24
24
14
17
23
14
10
15
14
10
19
20
16
11
20
21
23
18
16
16
8
12
20
17
16
21
15
10
9
11
18
22
12
15
24
22
25
10
17
20
11
17
18
23
16
16
12
18
12
23
16
18
19
16
12
23
23
12
16
16
14
17
20
13
16
17
13
20
12
13
21
11
10
11
25
21
30
15
17
13
18
22
18
17
20
12
12
13
12
19
19
21
17
20
8
16
10
24
18
14
15
12
17
22
20
16
15
11
12
12
17
15
20
19
16
19
14
19
15
14
19
17
22
14
19
16
21
27
19
12
12
9
9
8
10
15
18
14
14
17
15
13
15
14
11
21
12
9
18
12
23
19
20
17
17
18
10
17
23
14
24
23
20
10
11
13
16
15
17
16
10
16
19
10
19
20
19
11
13
22
16
14
19
10
20
14
15
12
20
17
19
21
18
17
20
23
4
15
16
11
20
16
18
24
23
20
15
16
12
12
23
12
13
23
8
8
9
18
9
16
15
15
20
15
21
15
20
10
13
13
22
18
22
12
24
17
24
18
18
22
15
17
15
15
13
15
19
16
12
14
13
18
15
15
15
15
13
21
18
22
14
16
19
15
12
15
11
20
13
10
10
15
16
8
15
20
12
16
27
19
19
18
19
10
13
11
17
20
13
15
17
14
16
17
18
25
20
16
26
7
12
20
16
19
12
15
17
19
20
24
19
14
13
22
18
16
14
13
14
18
29
17
14
20
21
13
11
10
10
16
14
11
12
19
17
27
15
13
11
14
26
12
13
16
17
10
9
12
17
15
16
12
18
19
11
11
10
8
12
16
11
11
17
18
20
19
16
19
24
18
15
20
14
19
16
18
15
19
11
23
13
11
19
19
17
19
18
9
19
22
18
20
16
20
20
19
14
10
12
8
17
17
11
16
23
15
10
15
14
7
15
16
15
11
21
17
16
12
24
16
18
21
16
16
19
18
19
19
19
15
14
17
7
17
13
17
25
14
25
10
7
22
11
19
15
10
18
20
12
19
11
14
11
16
13
15
11
19
16
16
13
8
7
18
15
13
12
15
16
18
17
21
16
16
15
12
15
12
19
21
13
15
13
15
16
15
18
12
12
20
16
19
15
18
7
18
16
15
18
16
16
13
16
11
14
19
13
13
13
19
13
17
11
20
10
20
18
9
14
9
13
13
18
16
13
16
20
9
12
17
12
11
5
11
11
14
7
15
19
10
12
8
15
15
13
10
9
14
18
8
14
19
9
10
11
19
13
15
16
21
11
14
16
4
11
14
21
11
13
15
12
7
16
15
10
11
11
8
13
17
9
17
13
7
18
11
11
7
10
13
15
12
9
10
13
12
9
9
15
15
13
12
13
15
7
10
11
10
13
13
11
16
5
11
11
15
16
21
13
14
8
14
10
11
17
7
11
11
10
12
4
20
13
13
18
10
10
7
13
16
14
10
13
14
12
12
15
14
9
14
14
10
6
11
17
8
9
12
13
14
10
11
8
11
10
12
18
14
13
9
16
6
19
13
15
12
15
18
15
10
17
15
11
15
8
14
17
17
14
14
15
15
15
8
16
16
16
13
12
10
11
19
7
13
15
11
12
17
10
19
21
16
9
10
15
18
20
14
12
24
14
10
20
15
15
20
14
18
13
22
22
18
13
21
11
25
20
19
11
10
22
22
22
21
22
11
15
23
25
26
14
23
17
26
21
34
30
28
41
44
64
62
65
74
108
94
99
110
119
90
75
80
65
61
49
49
25
50
38
28
25
18
18
19
18
17
11
13
15
15
16
11
15
7
18
10
8
15
8
15
9
8
6
14
10
8
6
9
10
8
9
14
6
13
8
9
11
12
12
11
11
14
9
16
5
9
12
9
10
11
6
10
10
7
12
4
10
12
6
9
10
16
9
10
15
7
7
11
7
16
13
7
11
11
18
13
9
12
13
8
10
12
9
5
14
11
12
17
13
14
3
11
13
14
16
15
9
10
11
9
13
6
16
7
14
8
6
10
10
7
12
12
16
12
20
9
16
14
11
14
17
14
16
13
6
14
9
15
12
14
8
11
10
12
10
14
13
16
11
13
11
17
12
9
9
20
8
5
13
15
8
10
11
19
15
6
9
8
11
8
22
11
10
15
14
15
10
12
9
13
12
9
5
17
13
15
11
18
9
17
15
17
7
15
15
17
16
8
20
10
16
23
13
16
17
13
26
18
26
12
16
22
23
17
22
14
20
27
32
27
19
27
29
18
17
14
17
8
7
11
6
12
17
7
8
7
3
3
6
6
4
5
5
8
9
4
3
6
4
6
7
5
5
3
3
4
5
2
5
2
4
4
2
5
7
3
7
2
4
5
4
4
7
5
6
2
4
6
3
5
1
1
6
8
8
5
3
7
3
3
3
2
2
7
5
4
4
7
0
1
4
5
10
4
6
1
9
2
6
1
3
2
3
8
5
3
3
6
3
1
6
6
4
8
4
6
5
8
5
5
8
4
3
6
3
5
4
4
5
6
4
4
4
13
3
1
7
6
4
4
9
2
7
6
2
7
2
5
2
7
6
0
8
4
14
7
2
1
2
5
4
8
4
2
1
8
4
3
5
7
0
1
6
2
3
6
7
2
4
4
2
8
5
6
2
6
8
6
1
7
3
11
1
5
4
3
6
2
1
7
4
4
2
4
3
7
5
2
3
4
3
6
8
5
2
2
3
4
3
4
7
0
6
2
3
4
3
6
4
2
4
3
4
4
5
5
5
1
2
1
2
5
5
6
3
3
6
5
6
6
8
10
4
6
2
2
2
5
4
5
5
5
4
3
6
5
4
8
3
6
4
5
3
5
7
1
5
4
4
4
3
5
2
6
2
3
5
5
4
2
2
4
6
5
2
3
4
2
8
3
1
2
3
3
7
5
6
4
4
3
8
3
5
8
10
5
4
3
7
7
4
6
3
4
6
5
3
6
3
3
3
5
5
4
10
3
2
7
6
2
5
0
5
4
8
6
5
8
4
6
5
8
4
8
4
3
0
0
5
1
2
4
0
2
3
5
9
2
5
4
7
4
5
3
6
6
4
3
4
2
4
9
2
5
5
2
4
8
4
5
10
2
3
6
6
5
4
1
5
4
4
7
1
2
6
5
2
8
3
3
4
3
4
1
1
6
2
4
4
4
5
6
3
4
5
6
4
3
3
3
2
10
2
4
5
5
2
3
4
5
6
5
5
3
4
3
7
4
4
3
13
3
3
9
5
5
6
4
6
10
8
6
6
7
8
7
2
1
4
7
10
3
8
5
5
4
7
8
5
6
7
4
4
7
7
6
2
5
4
4
4
8
6
14
5
2
7
7
2
5
8
3
7
10
7
10
5
6
6
5
5
8
6
7
9
3
6
12
7
5
7
8
12
5
4
4
9
4
8
11
7
10
6
8
8
5
8
8
7
14
5
5
8
12
11
11
9
7
6
6
14
11
13
16
13
17
16
7
13
10
12
15
10
8
14
9
11
12
17
11
17
13
17
14
15
14
17
20
21
18
16
16
13
28
20
24
22
30
37
42
75
74
91
124
138
152
184
224
214
223
204
178
176
157
134
105
85
75
83
49
49
40
33
26
23
19
8
14
9
19
9
12
6
9
8
5
7
5
10
5
8
3
4
7
3
3
6
7
8
3
2
6
7
6
5
3
7
10
5
3
9
3
6
6
5
3
3
1
6
4
6
4
7
10
9
3
4
6
4
7
7
3
7
6
2
6
7
5
3
4
4
3
2
7
6
3
1
4
6
3
5
6
7
3
4
5
5
6
8
3
5
6
8
5
7
4
6
6
7
3
3
4
3
7
8
7
5
9
3
6
6
6
7
8
6
9
4
4
2
4
5
7
5
1
3
3
8
10
8
5
6
4
9
5
3
10
7
5
6
6
7
7
7
4
7
7
6
9
2
5
8
4
7
10
3
4
9
3
9
8
10
10
9
6
10
5
4
14
8
3
10
7
5
9
7
6
9
8
7
9
9
6
9
7
7
6
9
7
6
9
7
10
13
10
8
11
11
10
9
13
11
11
11
11
18
10
15
20
24
10
15
19
11
17
13
12
8
7
12
7
10
1
5
4
3
2
2
0
1
3
1
1
1
3
1
1
1
2
1
1
0
2
2
2
2
1
4
1
1
3
0
1
2
3
3
0
0
0
0
1
1
3
1
0
2
1
1
0
1
2
2
1
0
1
0
2
3
0
3
1
0
0
5
0
1
1
0
1
1
2
2
1
1
0
1
0
4
2
3
1
1
1
0
1
0
0
0
2
1
0
0
1
2
2
0
0
1
3
1
1
0
0
3
1
0
1
2
2
0
1
1
1
0
3
2
0
1
0
0
2
1
3
1
1
0
1
0
1
0
2
0
0
1
1
2
1
3
1
0
1
1
1
1
1
1
1
0
4
2
0
0
0
2
0
1
0
0
0
1
3
0
0
2
1
3
0
1
0
3
4
1
1
1
0
1
2
1
1
0
1
1
2
2
2
2
1
2
0
0
0
0
1
0
0
0
2
0
1
2
1
2
2
0
1
1
2
0
0
2
2
0
0
0
3
0
0
0
0
1
0
0
2
3
0
0
1
1
1
0
1
0
0
0
4
2
0
1
1
0
1
0
0
3
2
1
2
1
0
1
3
2
1
1
3
1
1
1
1
1
1
3
0
0
2
0
1
0
1
2
2
1
0
0
0
2
4
1
0
0
1
3
2
1
0
2
2
1
1
2
1
0
0
2
0
0
0
0
0
0
1
0
1
0
1
2
0
1
2
1
0
3
1
0
0
1
1
2
2
0
0
0
1
1
1
2
0
2
2
0
2
0
2
1
1
3
1
2
0
0
1
0
2
1
1
1
2
1
0
1
0
0
1
1
0
0
1
0
1
2
1
0
1
2
0
1
0
1
1
3
0
2
1
1
1
0
0
0
0
2
0
0
0
1
0
0
0
0
2
0
1
0
0
1
1
0
1
0
2
1
0
0
2
0
1
2
0
0
1
2
2
0
1
0
2
0
1
0
0
2
1
0
1
1
2
0
0
0
0
0
1
0
0
1
1
1
0
2
0
3
1
1
0
2
0
0
1
1
1
1
0
1
0
0
0
0
0
0
1
0
1
0
0
3
0
0
0
0
0
3
0
1
0
0
0
1
0
0
2
1
1
0
1
1
1
0
0
2
1
1
0
3
0
0
3
0
0
1
2
2
0
2
0
0
1
1
2
2
0
2
0
1
1
1
3
0
1
0
0
1
2
1
2
0
0
0
1
0
0
0
0
2
2
0
2
0
0
0
1
3
0
2
0
0
1
1
2
1
3
2
0
0
0
2
0
0
0
2
0
0
1
1
0
1
1
3
1
1
0
0
0
0
0
1
2
0
0
0
0
1
1
0
1
1
0
0
0
1
2
3
0
0
1
0
0
0
1
1
0
0
2
1
1
1
0
0
1
0
1
1
3
1
0
2
0
1
1
0
0
1
0
0
0
2
0
0
2
2
0
1
0
1
0
1
0
0
2
0
0
0
1
0
0
2
1
2
1
1
0
1
1
3
1
0
1
0
2
1
1
0
0
1
2
1
0
1
0
0
0
0
1
3
1
0
2
1
1
0
1
0
1
2
1
0
1
0
0
0
1
0
1
0
0
1
1
1
0
1
1
1
1
1
0
0
1
0
1
0
1
1
1
0
0
0
1
0
0
0
2
0
0
0
1
0
0
0
0
1
0
0
2
1
1
1
2
0
0
1
0
0
0
0
1
0
1
2
2
3
1
0
1
0
2
1
1
4
0
0
0
0
0
0
1
3
0
0
1
0
1
1
1
1
1
1
1
0
2
0
1
1
1
2
0
0
1
1
2
0
0
1
1
0
1
0
0
1
0
0
0
0
0
1
0
1
1
0
0
0
0
0
0
3
1
0
0
0
1
0
1
3
0
0
0
1
1
0
0
1
1
1
0
0
2
0
0
3
0
0
0
0
2
0
0
1
2
0
0
0
2
1
0
0
1
1
0
0
0
1
0
0
1
1
1
0
0
0
1
2
1
2
1
0
0
0
2
0
1
1
1
0
0
2
0
0
2
2
2
1
0
0
0
0
0
1
1
1
0
1
0
0
2
0
0
0
0
2
0
1
0
0
0
0
0
1
0
0
1
0
2
0
0
0
0
0
1
0
1
0
0
0
0
1
0
0
0
0
0
1
0
0
0
1
0
1
0
0
1
1
0
2
0
0
0
0
0
1
0
0
1
1
0
0
1
0
1
0
0
1
1
0
0
0
1
3
2
1
0
0
0
1
0
0
0
1
0
0
0
1
1
0
0
0
0
0
3
1
0
1
2
2
1
1
1
2
1
0
1
1
0
2
0
0
0
0
0
0
1
1
2
1
2
0
0
0
0
1
0
2
1
0
0
1
1
0
1
0
2
0
0
0
0
0
0
1
1
0
0
0
0
0
1
0
0
0
0
0
1
2
2
0
3
1
0
0
0
0
2
0
0
1
0
0
0
1
0
1
0
1
0
0
1
1
0
0
0
0
0
1
0
0
0
0
0
1
1
0
0
1
1
0
1
0
1
0
2
24
41
30
45
60
64
51
58
61
64
65
96
68
67
63
90
93
102
114
117
132
173
148
203
180
208
213
246
249
270
301
344
389
402
384
477
471
520
521
576
579
612
639
729
757
747
841
859
907
943
984
1023
1112
1135
1241
1233
1278
1248
1358
1422
1430
1481
1545
1558
1624
1693
1858
1892
1877
1959
2070
2077
2225
2272
2334
2414
2411
2524
2690
2640
2803
2833
3056
3105
3192
3351
3292
3499
3582
3741
3889
4051
4251
4408
4546
4718
5068
5309
5665
5821
6207
6611
7249
8495
10695
16146
27278
48964
83728
127491
167181
188778
185988
161929
131137
103169
83600
68997
58514
50623
43737
37680
32810
28934
26160
24077
22307
21126
