19295
16229
13455
11185
9429
8118
6867
5877
5125
4524
3973
3597
3308
2934
2627
2503
2299
2112
2011
1972
1838
1717
1679
1644
1584
1518
1445
1482
1436
1349
1354
1364
1412
1280
1273
1272
1302
1262
1229
1202
1203
1234
1196
1189
1206
1220
1218
1172
1110
1143
1162
1122
1114
1105
1101
1029
1064
1081
1057
1024
1074
1037
1058
1013
1064
1000
963
1037
991
953
995
1003
1004
982
975
918
998
890
955
912
906
909
946
905
924
897
879
882
872
866
885
912
887
853
862
882
818
845
879
850
789
861
866
787
808
836
822
809
793
808
839
818
893
881
871
859
842
851
821
781
763
743
747
792
763
759
767
773
783
739
714
747
726
789
698
754
744
718
704
722
659
731
706
724
726
682
701
683
638
662
708
671
688
691
661
650
681
719
698
648
626
644
673
650
630
656
676
694
599
672
674
641
672
662
623
622
646
618
618
602
612
599
592
641
579
623
584
603
636
583
610
570
636
584
635
607
557
546
561
580
585
577
600
590
553
574
571
580
557
553
577
568
551
551
561
570
530
532
517
510
538
518
525
526
512
505
468
545
520
470
506
519
496
492
503
489
461
520
513
506
499
511
461
484
495
509
484
514
467
479
470
508
433
476
461
454
459
462
471
491
480
529
499
454
473
491
513
492
520
491
460
469
461
475
480
522
484
498
458
527
474
456
470
473
489
470
421
516
495
455
490
480
455
467
472
433
447
481
455
447
471
495
470
453
456
471
439
457
461
465
422
463
450
471
462
452
427
453
437
433
417
447
436
489
453
451
433
403
436
452
405
419
400
460
423
434
426
423
445
452
445
417
437
428
416
436
462
421
414
408
451
459
444
418
420
426
439
421
433
400
379
411
410
384
364
407
401
415
437
447
373
380
420
392
422
408
421
432
404
401
398
428
396
392
408
403
401
417
380
418
442
376
400
383
369
419
398
393
409
374
385
376
396
350
334
406
375
360
377
383
406
378
335
371
380
417
372
365
372
408
402
379
396
371
360
360
366
364
357
406
359
377
378
365
379
381
360
362
342
378
333
362
378
378
364
355
373
377
344
338
362
339
372
376
383
344
341
363
365
368
386
391
340
321
369
331
336
410
350
372
333
333
341
323
373
326
363
305
380
365
313
364
369
357
332
343
342
357
367
331
320
333
393
358
352
341
311
345
326
346
377
320
329
355
321
349
352
319
318
360
353
345
352
352
328
322
300
355
319
327
315
319
323
334
335
289
311
316
309
283
275
309
286
321
339
330
348
356
297
346
317
327
326
299
343
322
366
316
324
332
342
338
324
306
312
331
331
335
322
338
313
294
311
295
305
318
315
354
317
322
325
319
310
299
315
305
287
312
307
336
290
325
291
318
332
318
279
280
304
279
308
324
300
302
306
282
324
280
319
294
314
296
292
305
312
325
320
300
312
302
297
291
302
273
285
287
317
301
323
275
292
299
300
327
283
295
302
273
286
273
282
296
281
282
274
270
283
299
288
267
317
289
281
270
276
297
275
281
274
314
320
262
289
279
290
317
307
287
287
309
295
278
268
294
296
261
290
275
276
305
271
291
264
266
275
293
323
290
283
273
268
286
269
319
285
303
269
276
276
293
275
259
271
280
263
315
285
288
297
279
270
277
253
265
293
247
252
300
304
280
277
291
286
290
287
280
282
254
280
282
242
277
268
282
259
257
263
268
260
262
271
263
262
301
270
263
285
262
301
251
275
251
230
262
253
237
242
274
307
282
279
267
258
281
250
275
242
271
257
276
297
270
265
286
254
238
265
262
247
265
301
253
260
273
280
276
241
284
239
265
262
294
239
248
250
249
278
283
276
279
285
263
259
265
256
257
263
262
234
232
296
283
290
232
236
261
245
253
263
259
247
242
258
265
235
238
244
238
254
233
265
273
246
256
247
253
276
239
237
252
254
267
258
276
241
282
261
250
223
224
240
245
250
263
242
255
238
230
255
269
221
261
250
236
279
279
239
286
248
257
218
246
216
245
247
234
259
264
266
266
252
240
254
224
247
280
256
251
250
241
232
249
230
242
222
253
237
244
251
271
249
240
223
234
225
253
258
239
234
266
226
252
240
259
233
235
283
213
255
247
216
235
238
235
223
283
224
255
224
245
234
236
251
251
233
271
217
216
265
217
238
213
231
241
212
249
253
223
250
215
220
235
247
252
238
238
246
241
242
242
215
238
240
256
242
233
220
229
241
218
232
244
239
258
212
244
223
245
239
237
234
247
235
261
244
240
207
237
231
224
225
240
229
252
219
240
246
193
238
234
233
229
230
210
211
232
219
231
216
232
222
219
238
222
225
226
213
214
237
229
211
226
231
233
236
233
238
242
259
215
212
241
223
210
225
229
243
195
210
222
216
249
225
211
284
212
240
221
193
211
219
227
240
220
221
205
237
214
214
223
244
229
243
209
229
226
226
225
226
205
219
219
218
219
211
203
215
221
232
219
249
213
217
217
238
239
207
191
236
228
235
246
209
214
228
214
216
214
201
227
227
219
233
245
217
240
208
222
247
191
219
227
219
215
224
210
202
201
213
249
225
216
239
251
218
229
226
256
212
219
220
236
203
209
208
239
221
208
219
224
225
194
214
206
218
234
220
229
227
266
220
221
223
235
214
225
202
213
227
247
207
181
210
206
201
248
239
219
214
212
207
181
220
243
223
217
236
222
205
217
210
224
219
200
228
209
236
195
205
182
187
205
216
194
201
211
207
194
217
242
212
218
193
200
213
211
224
196
187
201
218
202
211
189
191
211
213
177
175
210
195
210
198
191
200
203
200
196
214
184
190
168
203
188
206
197
223
202
207
182
205
191
211
189
196
175
204
198
206
194
196
208
189
206
189
201
199
197
183
211
217
207
176
206
203
188
222
193
174
172
186
188
168
175
197
198
214
170
197
204
208
191
191
194
186
184
188
208
203
195
192
186
157
193
171
190
209
195
186
201
193
198
194
207
182
203
178
173
201
159
215
189
193
186
178
194
187
163
169
183
173
180
184
188
170
163
173
171
158
196
172
177
193
190
177
158
167
166
189
183
198
183
173
194
167
176
172
179
192
179
175
195
175
165
197
171
172
203
186
171
176
186
178
205
175
153
151
192
178
175
164
169
152
183
184
166
169
160
160
180
165
219
176
160
176
169
168
167
195
192
167
159
174
170
174
186
170
189
169
185
164
181
180
165
169
196
192
184
169
204
182
190
175
172
162
173
174
196
148
159
179
172
195
172
181
168
165
219
175
168
148
177
156
173
188
175
182
149
182
144
171
195
178
167
156
151
162
150
174
179
172
170
162
164
157
170
187
148
149
181
182
167
187
192
151
168
184
175
150
173
182
166
174
178
174
177
182
153
173
169
160
164
161
158
170
173
160
158
158
154
192
159
158
150
150
171
164
145
153
161
173
168
154
150
143
173
152
168
162
168
189
165
140
157
167
145
156
162
157
160
171
158
179
162
133
153
159
153
159
153
162
176
162
153
172
117
155
157
155
164
183
151
166
160
151
161
166
169
151
157
166
144
170
154
162
170
155
150
149
147
166
143
124
178
144
161
144
176
161
158
166
139
162
157
169
169
139
158
153
146
144
141
156
124
155
151
163
136
155
155
142
167
147
164
128
157
144
159
150
155
128
156
173
172
149
146
127
154
149
147
155
149
159
136
164
147
151
158
152
156
149
159
144
167
152
163
157
140
167
163
149
155
153
166
160
135
169
160
159
141
141
179
150
152
142
158
132
138
173
144
152
140
133
143
150
161
145
144
153
147
154
125
160
137
131
156
165
162
165
153
151
131
146
152
132
143
158
174
147
157
159
160
134
147
140
149
134
151
139
127
137
132
145
159
151
141
155
143
158
142
141
138
143
139
143
135
135
136
157
127
117
152
133
126
138
132
151
154
127
164
148
164
143
146
123
140
145
153
151
128
120
158
140
163
131
128
137
149
134
131
144
127
136
128
138
123
135
165
132
135
134
132
133
146
151
144
138
146
155
178
132
135
143
114
138
138
147
123
134
139
146
124
131
130
133
149
150
119
139
160
132
154
129
125
136
134
144
154
142
151
139
146
144
145
137
131
147
131
139
136
129
117
136
148
128
131
140
136
152
134
141
122
120
151
134
129
143
124
150
150
140
118
135
140
135
143
136
148
144
146
132
149
141
134
129
142
126
147
139
145
137
125
127
129
123
157
122
127
132
136
115
129
133
127
130
142
115
132
156
146
141
152
116
135
131
148
133
159
148
138
115
149
136
151
125
136
124
138
114
128
120
145
139
145
145
133
148
132
161
128
120
134
132
141
134
149
129
137
132
127
132
108
142
141
134
134
139
135
125
149
135
141
129
113
129
128
137
142
120
135
126
135
140
140
150
140
131
133
129
135
129
124
136
117
118
129
128
122
129
111
143
117
117
133
133
124
122
125
129
129
143
130
120
139
114
117
114
141
145
124
129
127
125
132
127
121
123
129
125
146
119
132
120
118
117
138
119
135
130
134
146
125
142
148
131
129
122
157
145
112
136
141
126
144
126
144
119
126
121
137
114
121
122
108
118
136
144
101
108
119
136
121
130
135
135
147
136
131
133
135
134
151
133
146
142
114
119
122
124
133
135
146
135
143
122
132
117
105
123
129
115
124
143
119
111
126
131
117
115
137
136
105
120
154
111
136
130
148
118
122
106
130
128
125
135
115
115
124
114
119
125
123
116
126
120
114
105
114
107
103
118
130
122
122
132
114
117
120
129
135
114
124
123
119
123
128
126
115
136
115
134
124
133
123
101
118
112
129
117
120
118
127
122
114
108
119
121
110
110
137
113
136
126
114
133
112
106
95
150
127
127
119
124
116
121
121
125
131
108
136
117
128
129
123
110
135
114
126
104
103
118
119
140
124
111
125
110
117
118
96
130
129
105
118
115
137
138
109
122
114
135
129
132
110
137
127
109
118
111
119
125
126
128
129
103
112
116
119
111
99
100
118
126
111
119
113
127
129
110
122
136
120
122
116
119
102
131
116
107
104
133
117
123
109
129
125
110
122
101
115
105
114
121
120
107
112
110
117
113
111
111
130
119
103
123
113
104
123
107
97
119
108
118
111
131
121
110
111
117
107
112
107
119
129
128
130
131
120
118
122
105
145
104
124
114
101
109
119
122
124
109
111
134
99
121
121
132
103
126
122
131
131
98
102
125
113
118
122
103
111
119
103
112
102
120
115
107
116
111
109
135
99
119
123
107
120
114
113
130
104
121
101
98
117
123
113
144
123
117
110
117
102
111
95
110
106
102
128
116
106
109
113
97
120
117
131
93
105
115
97
100
123
127
127
124
108
125
111
122
103
106
134
116
103
95
124
103
112
115
109
91
115
88
109
99
101
108
136
111
104
134
123
123
122
97
115
116
111
99
106
112
121
94
111
106
105
122
111
112
123
108
121
123
103
89
133
97
107
115
122
97
111
128
107
129
116
105
122
134
126
108
119
113
102
106
113
98
116
111
119
113
108
124
114
132
115
109
100
107
115
125
113
123
100
112
104
123
117
115
113
117
118
98
101
113
107
107
93
125
99
131
108
123
116
89
109
113
100
102
128
96
115
102
106
129
121
90
94
101
104
99
110
106
110
110
116
123
102
127
120
93
96
102
115
103
119
115
119
107
102
115
136
109
111
85
106
102
118
116
117
90
104
113
116
113
115
98
112
107
126
101
90
128
103
106
98
90
99
126
94
99
98
109
104
95
101
106
111
98
91
100
99
98
126
92
95
110
110
112
106
112
96
101
117
114
117
108
98
124
105
112
116
116
94
115
110
107
109
99
115
121
93
96
114
104
125
115
98
105
96
122
124
104
104
113
101
102
105
102
113
120
117
116
118
116
101
97
100
121
111
112
116
105
108
90
103
98
94
86
115
113
87
117
83
99
83
95
83
112
112
91
122
105
97
120
102
113
115
77
111
82
97
105
111
117
119
84
118
95
90
106
110
111
114
106
111
103
106
105
111
106
99
109
96
98
111
88
111
85
98
97
107
107
110
96
109
96
100
95
81
99
97
102
107
106
121
116
106
98
105
93
89
112
97
106
95
105
104
100
90
100
110
100
111
92
114
111
99
113
97
84
102
104
91
100
108
94
99
81
99
91
106
108
89
93
102
96
98
104
92
96
111
95
110
102
97
108
84
108
108
114
124
97
91
82
99
100
112
89
102
95
116
101
107
103
91
113
119
89
111
110
105
107
97
103
106
109
120
92
85
105
102
125
112
100
112
84
113
92
117
108
111
91
94
106
100
109
106
94
113
87
101
95
96
112
105
99
89
107
92
108
96
105
94
99
105
86
104
108
117
99
86
103
97
102
109
107
100
118
71
116
96
104
88
99
101
87
91
98
102
102
102
118
100
93
99
103
97
103
82
95
104
105
98
98
97
93
94
97
109
103
113
94
92
85
86
107
102
95
104
94
97
98
109
95
96
96
98
109
93
102
113
99
83
83
104
103
94
100
78
106
93
94
109
104
85
102
118
93
97
81
117
107
99
109
98
99
90
92
110
84
99
84
114
94
94
97
87
112
100
98
95
84
125
112
87
102
98
91
105
95
95
102
102
90
95
99
90
107
83
113
87
98
103
114
83
87
91
90
104
87
77
107
99
94
86
95
98
110
104
100
82
105
91
101
97
107
113
78
89
107
101
100
94
99
109
92
94
94
98
101
100
93
101
100
107
110
90
100
102
89
110
84
105
87
118
97
96
114
98
95
98
94
100
88
117
89
95
94
102
102
89
82
98
95
90
101
92
94
117
100
97
94
85
102
92
79
98
106
80
99
78
89
96
103
84
102
110
97
89
96
80
105
86
97
83
95
93
86
91
99
94
75
102
84
94
97
83
98
88
91
92
110
93
82
93
100
90
98
92
109
92
107
99
94
93
109
89
93
102
106
87
90
88
92
103
101
84
99
93
106
99
89
97
88
107
97
92
105
89
83
109
93
94
98
80
88
104
82
79
84
88
93
105
95
83
93
89
104
92
94
96
96
105
94
81
94
80
72
115
89
109
99
73
102
107
106
95
93
103
84
78
90
97
88
90
92
86
85
92
101
96
102
95
87
74
80
108
103
95
82
88
84
111
96
93
90
95
86
90
97
95
91
102
103
92
103
96
105
78
73
97
81
87
71
92
94
86
84
94
77
97
88
84
77
85
82
109
91
82
85
86
93
88
72
82
81
105
97
81
101
86
74
95
104
76
96
102
90
85
103
73
76
86
100
89
91
100
87
92
85
80
91
85
87
95
91
74
89
84
101
112
79
97
74
97
93
93
113
94
100
88
80
79
83
85
91
83
101
95
82
83
93
93
99
90
71
87
87
97
103
76
95
92
94
106
86
73
92
92
94
106
87
83
88
77
99
90
79
87
103
97
112
80
87
88
97
96
96
81
88
79
85
86
93
101
99
84
92
107
89
79
74
78
102
95
85
98
74
92
100
80
82
85
90
87
67
93
95
92
70
80
89
101
86
98
85
91
82
96
85
90
100
85
115
89
80
89
90
96
78
81
95
84
72
85
72
74
90
82
109
105
88
86
93
89
93
92
82
79
93
98
108
85
93
76
90
83
69
97
80
99
92
84
92
69
101
93
90
79
78
80
82
78
90
89
89
91
98
99
75
86
91
88
83
77
85
85
86
78
105
104
96
76
80
78
92
74
90
82
90
79
104
86
91
90
94
96
84
103
62
104
80
88
82
88
85
103
99
82
92
88
71
82
90
85
93
100
102
85
83
100
82
68
85
93
75
90
87
91
87
99
81
86
88
84
78
116
80
100
65
104
94
87
98
83
94
87
81
91
94
82
79
90
98
109
90
87
85
100
100
89
104
95
84
79
76
80
82
83
99
75
84
100
80
89
77
78
62
86
82
92
94
93
77
70
85
98
86
83
75
92
79
61
94
79
85
84
85
84
92
60
91
111
81
100
66
97
86
79
85
102
91
69
78
79
82
92
76
70
92
81
99
86
76
82
73
97
88
68
61
84
91
81
74
82
79
94
74
89
84
84
94
98
72
99
82
106
94
76
87
98
89
100
88
84
92
99
95
89
99
94
84
79
72
92
80
79
97
78
61
95
77
87
75
81
66
77
80
72
83
77
91
91
73
75
82
89
83
94
96
98
80
93
74
93
95
90
81
84
81
80
74
88
102
75
84
97
89
91
80
95
84
80
85
88
100
92
96
90
85
75
88
63
96
104
99
75
96
87
101
77
85
83
78
87
76
93
100
80
97
68
68
88
76
86
66
96
98
83
86
89
65
96
73
102
95
84
91
78
77
88
83
81
88
77
89
95
104
78
69
69
62
76
106
75
77
76
65
84
96
76
82
89
80
79
74
73
106
85
77
91
92
71
78
90
74
81
86
86
99
97
76
81
79
84
80
80
104
81
78
87
76
73
99
74
92
82
79
83
92
100
101
99
79
73
80
97
81
102
79
88
81
85
84
86
82
89
80
81
75
93
79
88
68
65
79
98
86
90
97
78
86
88
97
78
71
78
78
82
65
98
90
67
72
107
73
77
92
97
79
84
92
56
80
79
69
69
83
83
80
76
91
75
75
76
77
71
95
85
80
90
85
93
75
77
64
72
90
73
95
84
82
84
87
72
77
95
92
84
85
74
77
79
78
84
85
94
88
89
98
85
77
85
84
99
84
79
94
91
78
77
84
78
90
64
90
66
89
90
86
74
91
74
92
70
84
95
83
91
74
80
64
93
85
79
84
73
92
72
90
78
69
91
79
93
79
84
78
74
81
97
82
83
80
109
82
63
75
65
73
89
83
89
90
66
77
77
80
73
93
86
78
84
98
82
94
80
77
75
64
77
95
79
84
84
70
76
92
66
79
77
79
86
92
96
96
88
86
82
70
87
88
87
85
80
98
86
64
74
88
84
85
66
82
91
82
89
81
65
67
77
83
87
87
95
89
69
74
81
70
85
76
93
82
73
73
70
70
96
86
79
102
91
76
83
57
63
70
88
100
86
80
72
99
73
88
74
92
66
83
75
84
90
94
90
97
96
97
84
81
74
69
83
82
83
77
96
92
96
83
66
67
65
76
85
85
91
96
103
71
75
80
83
81
86
91
75
94
69
86
72
80
99
77
72
73
81
91
66
91
72
68
90
69
87
83
85
94
74
77
72
71
85
72
77
80
98
81
80
87
85
83
78
73
85
80
90
76
87
79
73
78
67
70
90
56
67
77
76
81
83
72
97
62
71
74
69
65
69
74
75
76
74
85
73
73
91
76
80
74
78
89
90
74
86
73
83
90
87
73
79
76
84
75
95
85
97
83
58
79
78
91
72
78
82
78
83
52
76
71
83
85
85
74
80
75
77
59
105
80
83
94
70
80
68
99
74
90
92
85
108
89
69
69
93
73
82
64
90
75
81
75
92
108
84
89
73
80
83
75
70
86
78
74
57
81
82
61
78
88
88
104
95
79
73
93
93
74
66
108
87
82
71
77
80
70
86
88
82
73
85
95
68
84
77
61
76
85
74
82
75
82
86
84
79
83
88
74
68
75
76
66
85
84
68
85
88
92
68
80
77
88
76
81
79
75
92
70
71
91
84
77
66
90
103
81
58
57
79
75
87
71
80
76
76
95
104
88
98
74
86
72
74
83
94
77
79
97
82
92
84
76
91
70
67
87
79
68
92
83
86
85
85
81
101
74
78
87
68
90
79
85
88
70
65
85
94
81
90
91
87
81
79
67
96
69
92
82
83
96
106
79
78
94
82
87
82
97
87
72
84
101
85
86
75
61
74
80
83
68
86
90
82
76
97
68
91
88
88
78
80
85
63
82
79
76
91
68
71
70
70
77
82
85
76
78
93
82
80
76
94
87
88
95
73
74
85
91
73
82
84
80
85
74
76
70
81
91
92
87
70
66
95
73
84
84
84
91
87
73
86
98
84
76
84
80
88
66
93
73
101
72
91
91
85
69
78
80
78
81
84
98
71
70
80
85
86
75
74
83
73
66
74
67
66
73
72
91
90
81
97
84
86
90
73
83
75
81
68
87
84
78
81
62
90
79
86
75
92
68
78
75
71
74
81
66
73
89
71
63
78
91
99
84
84
67
97
71
76
101
93
73
91
72
79
78
79
85
92
89
70
80
97
72
77
80
72
77
93
77
75
83
78
74
89
74
97
88
71
79
80
76
76
74
92
68
78
75
71
75
55
76
86
80
82
81
85
76
73
72
66
83
86
79
81
84
88
88
78
74
73
71
72
77
76
74
77
96
91
85
93
80
74
83
73
71
64
74
71
87
77
85
77
93
84
74
89
66
89
85
79
71
80
70
80
102
77
69
64
86
65
76
85
77
75
75
77
80
76
83
94
78
70
60
96
80
81
80
72
79
79
86
82
67
96
87
81
76
89
80
91
69
90
82
63
69
63
86
95
87
73
86
68
73
91
74
81
82
68
74
84
85
72
78
85
89
76
81
92
78
92
89
89
79
69
69
90
89
86
81
82
97
105
67
77
91
77
71
89
72
80
71
71
94
97
76
85
77
79
71
83
65
72
75
78
85
91
86
72
75
78
80
75
74
70
87
89
87
82
84
89
75
81
72
62
87
82
80
88
79
81
81
82
83
90
92
73
90
84
94
75
67
55
82
75
87
95
74
65
88
72
88
64
81
80
87
77
79
76
67
89
93
86
84
80
79
73
95
79
77
92
90
66
101
90
60
73
97
90
83
75
107
64
77
93
78
85
75
87
87
89
76
82
83
84
80
93
90
81
90
72
80
66
81
80
77
73
88
87
76
90
74
91
95
80
98
92
71
73
72
65
71
103
84
71
95
76
84
66
83
85
88
72
72
75
87
80
89
80
77
76
85
91
80
71
78
87
89
56
89
82
73
61
81
77
92
58
73
81
72
83
86
81
76
79
69
91
74
75
64
90
85
80
95
93
79
77
84
81
72
73
72
88
79
82
76
80
76
78
74
62
64
77
82
71
91
81
75
85
67
78
71
86
67
68
93
74
80
76
72
75
84
71
80
62
67
91
78
76
69
86
82
80
79
69
92
79
87
78
59
67
85
80
70
79
75
68
75
72
80
71
68
90
82
70
63
71
77
59
70
79
82
90
73
89
79
78
82
78
76
76
82
80
74
81
68
66
79
66
66
69
63
68
90
80
75
74
73
79
59
80
74
77
83
82
72
66
62
84
64
67
62
74
73
67
58
91
65
59
81
71
82
72
90
73
81
72
71
63
82
83
60
74
79
72
88
59
60
88
75
64
74
75
80
71
86
52
57
62
69
79
67
87
68
82
82
71
69
86
77
86
64
68
105
60
62
71
65
72
70
76
86
84
86
80
69
65
76
85
72
60
66
63
68
79
80
58
82
75
64
70
70
74
78
79
77
90
65
79
63
69
66
86
68
67
69
63
70
77
82
71
82
70
66
66
81
66
80
64
57
76
88
64
92
102
64
60
66
64
53
71
81
71
63
67
77
82
55
72
67
63
79
73
71
73
75
63
59
69
64
69
56
70
80
64
60
66
67
66
70
71
54
79
60
77
64
76
92
79
71
63
70
57
69
75
70
62
70
65
62
64
70
64
51
56
60
58
65
62
65
59
67
80
67
85
58
68
69
69
69
68
76
69
72
83
62
71
69
79
74
58
67
68
65
64
64
72
81
74
69
62
81
80
73
77
82
63
72
56
68
62
52
70
81
60
63
82
82
52
74
70
60
73
71
71
64
67
67
50
53
65
58
59
55
70
71
63
69
61
60
71
69
62
66
76
62
64
66
66
73
66
66
60
63
64
69
60
59
78
68
66
67
58
81
66
65
50
61
62
67
71
74
37
70
67
75
75
69
60
55
81
85
63
61
74
73
72
73
80
76
67
63
65
75
53
82
60
51
65
70
61
52
59
57
59
71
68
61
64
67
71
60
54
67
66
69
73
52
51
68
59
65
56
66
65
63
45
72
65
52
50
64
67
75
70
70
78
66
68
60
66
72
79
57
56
59
59
59
62
79
53
69
52
70
60
64
67
53
58
65
74
65
60
74
65
58
60
68
51
77
65
66
61
63
82
69
56
75
63
76
51
87
76
78
66
62
61
52
58
71
60
59
58
57
55
77
72
64
67
71
68
63
47
58
67
68
54
66
64
61
63
68
64
68
62
65
60
59
64
66
51
77
59
67
59
64
66
62
61
55
62
74
56
67
73
70
53
59
75
62
61
72
72
65
66
86
74
65
68
63
63
51
62
53
76
64
67
72
61
69
58
67
79
67
64
68
62
56
56
63
66
75
68
80
59
59
56
78
58
64
75
75
69
69
67
50
72
65
70
73
57
66
58
59
58
71
64
65
64
59
64
81
61
60
69
65
63
54
80
68
62
51
66
69
67
63
55
52
67
58
70
64
70
78
70
55
65
62
67
62
58
64
72
52
58
50
83
58
71
52
69
73
66
66
60
48
74
58
70
54
80
63
55
61
63
65
61
58
76
64
74
57
53
65
84
58
63
53
53
60
71
66
72
60
68
67
64
74
68
62
71
64
69
53
59
52
57
78
61
64
65
76
66
67
66
70
75
55
62
64
73
67
57
73
64
57
66
68
66
55
59
66
58
67
85
68
51
59
61
62
53
57
77
67
58
62
68
67
59
66
65
55
77
79
70
51
54
75
68
56
70
76
65
69
67
58
57
63
62
71
58
55
66
74
55
55
45
63
71
67
63
65
84
64
48
58
72
65
60
50
60
62
65
55
56
67
57
76
68
55
61
62
58
71
63
67
69
63
64
63
68
63
62
66
60
72
49
62
63
64
38
62
56
43
65
66
55
64
59
56
51
54
44
62
53
69
53
58
59
43
52
60
50
71
58
53
50
44
50
55
56
51
50
60
49
50
64
61
57
56
63
51
59
44
51
43
47
53
56
42
43
56
52
61
50
54
40
55
55
44
54
65
58
42
52
44
46
56
41
59
56
67
53
53
52
56
51
53
42
50
53
61
46
51
50
58
48
46
52
52
58
50
49
38
50
47
54
53
52
61
62
43
53
50
57
51
65
53
69
48
51
42
57
56
44
49
49
49
40
52
56
47
46
56
52
63
55
55
47
38
50
42
67
46
61
49
61
56
52
49
51
54
60
54
49
46
39
52
51
50
55
41
39
47
49
53
44
39
42
62
38
59
48
52
63
45
49
43
76
47
40
59
52
57
57
54
65
50
49
63
51
47
57
67
49
50
65
58
48
51
52
47
52
58
48
57
63
49
54
49
46
58
48
57
47
62
56
68
49
48
58
58
59
63
47
58
61
58
52
55
59
71
61
59
67
71
62
57
54
64
59
61
73
63
53
61
68
63
67
65
76
84
70
62
79
56
55
68
56
61
58
71
106
72
78
82
102
70
93
79
85
110
93
130
154
139
158
183
235
246
326
330
398
397
379
436
399
368
312
293
267
239
216
189
163
121
137
102
101
91
74
76
70
64
55
71
53
55
46
44
39
40
53
35
47
33
44
43
42
57
33
40
37
31
45
43
53
48
42
45
54
46
46
41
37
52
43
34
49
52
42
40
43
47
60
45
45
53
44
41
47
43
36
55
40
35
52
38
44
37
38
33
39
44
28
54
45
45
31
40
59
58
40
52
40
44
43
44
32
38
36
39
37
39
36
29
42
39
54
43
47
45
36
41
48
39
45
48
49
51
40
38
52
44
46
44
37
47
34
43
51
44
44
55
45
52
34
48
44
45
33
38
38
34
43
31
35
36
33
45
63
37
40
42
49
36
47
53
48
45
51
41
47
39
46
50
38
49
31
47
61
33
48
43
57
51
45
56
59
55
47
52
52
42
42
55
53
55
50
55
53
43
55
62
66
50
59
51
54
46
55
43
49
59
68
55
51
70
50
55
55
63
60
72
68
59
65
54
70
78
70
86
91
101
86
82
106
92
91
90
90
78
75
71
58
54
40
41
44
44
33
30
16
18
26
26
22
16
13
17
19
27
18
24
16
24
33
22
23
26
29
26
21
23
27
22
26
15
20
26
12
17
29
17
21
17
21
18
21
25
30
15
21
26
23
20
20
17
17
19
19
17
29
20
25
22
20
27
19
21
19
22
25
15
17
21
24
16
22
17
18
20
25
10
23
17
17
18
24
18
23
27
16
18
22
17
17
26
17
13
15
20
16
20
18
19
20
17
18
20
20
17
21
20
29
21
26
18
18
24
27
16
20
13
20
25
22
17
22
18
16
20
15
17
21
17
18
19
28
20
19
13
26
17
16
20
20
21
21
21
24
19
13
14
11
21
12
13
16
21
19
18
14
25
16
22
17
13
14
14
21
20
13
25
16
25
10
13
14
16
21
18
10
21
19
14
17
16
22
23
22
26
10
22
15
17
21
19
15
18
25
17
17
24
19
18
17
19
20
10
15
19
22
16
19
16
15
13
20
17
17
17
16
11
20
14
27
25
15
16
21
19
17
27
13
23
14
15
22
15
21
8
12
18
18
19
22
14
13
19
14
19
9
20
19
18
19
21
12
29
17
10
13
20
24
19
14
18
12
21
13
12
17
17
10
10
13
24
26
16
21
22
15
15
10
21
20
17
27
19
9
10
13
17
15
12
23
20
19
25
15
17
18
14
12
16
23
14
16
23
11
26
9
17
25
16
7
24
23
14
18
14
12
21
16
16
18
16
14
22
15
24
14
23
23
16
22
18
13
16
22
25
23
17
12
19
20
20
16
14
13
11
21
15
24
14
19
20
17
23
13
19
16
23
25
14
19
19
21
14
22
25
15
15
19
19
27
14
16
21
8
17
17
12
22
21
16
16
20
18
22
16
18
14
11
18
15
9
22
17
24
19
14
18
18
26
21
17
17
16
21
21
21
18
19
12
13
16
25
21
19
16
25
15
24
6
12
20
12
16
19
15
15
21
21
16
19
17
18
17
21
21
13
12
17
21
16
26
25
21
14
22
15
22
23
15
16
22
16
12
17
25
14
21
17
25
19
17
25
24
21
12
19
25
20
15
18
22
23
27
18
20
20
20
21
20
18
13
18
25
21
29
27
29
29
27
30
24
17
18
23
22
26
39
29
35
39
25
33
39
34
29
36
33
34
32
38
38
34
33
36
24
36
30
37
40
47
38
33
37
47
39
43
44
51
34
56
49
37
46
39
42
53
44
48
56
64
37
42
39
47
51
50
54
63
58
45
54
68
65
66
54
65
80
70
73
84
79
51
84
72
71
81
95
111
125
154
195
255
305
387
504
587
696
805
823
887
867
876
763
696
621
503
425
394
303
258
247
194
136
137
106
96
62
74
46
54
42
53
45
20
30
25
29
28
26
27
13
20
18
23
19
25
16
20
19
27
19
27
21
22
21
21
23
21
20
23
17
21
19
20
26
19
23
23
22
22
24
15
19
19
19
20
27
21
17
17
21
17
15
22
15
19
16
21
20
17
18
19
23
19
18
20
21
14
17
15
24
26
18
17
17
17
17
21
15
28
24
21
22
18
24
16
19
21
20
30
16
27
18
26
21
15
21
15
19
32
24
18
22
22
24
20
30
16
23
18
27
26
26
19
36
17
22
22
18
28
21
27
38
20
27
24
29
21
28
27
28
20
25
32
25
27
24
32
26
22
20
31
24
33
37
19
19
35
24
29
32
20
25
26
24
23
32
25
29
35
26
25
36
20
33
29
23
27
34
29
30
45
37
42
37
41
24
32
29
29
35
33
35
32
45
35
46
36
47
48
45
45
43
54
47
49
47
45
52
54
60
69
65
61
64
45
46
59
45
37
31
18
24
17
16
15
11
13
6
10
4
8
5
9
10
5
6
5
4
3
6
10
2
3
6
7
7
3
7
8
3
6
5
6
4
4
0
1
3
4
5
6
2
5
5
5
3
3
2
6
8
2
5
0
8
6
11
2
6
3
3
2
5
3
3
2
5
3
6
4
7
5
4
5
2
7
7
0
1
4
6
5
9
8
4
5
3
8
3
4
6
2
4
4
8
0
5
4
4
4
5
6
3
6
2
5
6
2
2
4
6
3
1
3
6
3
5
5
5
2
4
7
3
5
4
2
1
2
1
5
5
5
0
3
5
6
3
4
3
5
8
4
4
3
5
0
2
5
6
2
8
5
4
5
2
4
6
4
4
4
2
3
4
7
4
4
5
5
7
4
6
2
3
3
3
4
4
4
6
1
1
4
4
2
4
0
3
3
3
6
4
3
2
0
3
0
2
2
5
6
5
4
3
5
4
2
5
5
4
7
3
4
3
2
3
5
4
3
0
2
3
2
2
1
2
1
1
3
2
0
3
2
4
2
8
4
4
6
4
2
3
8
1
1
1
4
5
2
5
5
7
6
5
7
5
4
2
4
4
3
4
4
2
1
2
3
6
2
7
3
2
2
1
1
3
5
2
2
5
8
2
3
6
4
6
5
7
4
5
5
2
2
3
7
2
3
5
5
2
7
5
6
1
1
2
2
6
4
2
6
5
7
5
4
3
1
4
4
4
5
4
2
2
5
6
1
1
4
1
2
4
2
1
1
3
5
1
7
4
4
5
2
1
5
5
2
4
4
0
4
5
4
3
1
0
3
3
1
4
2
7
2
3
2
5
5
3
2
6
2
4
0
5
6
8
4
2
1
3
5
5
2
7
5
0
3
3
1
2
6
4
1
6
6
3
3
3
5
4
4
2
4
4
0
6
3
3
4
4
3
3
4
5
1
3
2
3
5
3
4
3
3
4
4
4
5
6
2
6
4
3
7
4
1
6
0
5
5
1
5
5
1
4
3
3
1
4
2
2
3
3
6
2
0
2
7
4
5
2
2
2
4
7
4
2
1
5
7
4
3
2
5
2
1
3
1
1
6
2
5
2
6
4
3
0
6
6
0
9
3
3
1
5
1
2
4
3
4
1
1
3
5
2
3
3
5
2
1
1
2
3
1
4
3
2
3
1
1
5
2
2
0
3
3
1
2
2
1
1
2
4
2
2
5
4
3
2
3
7
4
1
7
2
3
3
3
3
3
2
4
2
2
4
0
4
1
2
3
5
3
4
2
2
2
1
3
3
3
5
3
4
1
3
2
0
7
3
0
1
4
1
7
3
4
7
3
4
4
2
6
2
4
2
1
6
1
1
3
8
0
3
2
4
4
1
6
2
2
5
2
1
3
7
6
3
0
3
6
1
3
5
1
2
3
2
3
3
2
1
3
6
5
5
4
2
4
4
5
1
3
1
1
3
2
4
4
3
4
2
2
9
3
1
4
6
1
3
5
2
2
3
3
0
3
2
0
3
6
4
4
2
1
1
4
2
1
5
2
2
1
3
2
2
4
2
1
1
1
3
4
6
3
3
2
2
5
4
1
1
1
0
3
3
1
2
2
6
2
2
2
2
3
1
2
3
4
1
6
2
1
1
2
1
1
4
4
1
3
4
2
2
4
2
3
3
3
1
3
2
3
1
1
3
5
1
0
1
8
1
2
1
1
4
3
4
3
5
3
4
1
1
1
3
1
3
2
1
2
2
4
2
2
2
3
1
1
0
2
2
2
3
4
2
1
4
1
5
2
1
2
2
4
4
3
5
3
1
1
3
4
3
3
2
2
3
1
3
1
2
1
3
0
1
1
3
2
3
1
4
3
5
3
3
3
5
2
2
3
1
2
3
4
2
3
2
1
0
3
1
2
1
2
1
6
1
1
6
6
3
0
6
0
1
5
7
2
1
1
2
2
3
2
3
1
1
4
1
2
2
2
1
3
3
2
2
3
2
0
1
3
3
3
5
1
2
2
1
1
2
3
2
2
1
1
1
3
1
4
2
8
1
4
2
3
0
2
3
2
0
1
2
2
0
4
2
1
2
3
1
4
3
6
2
4
0
1
2
3
2
0
1
3
1
3
2
3
3
3
1
4
3
5
4
3
4
2
2
2
4
1
2
5
3
4
1
1
2
2
3
2
3
3
0
0
3
1
1
2
2
3
3
3
3
6
1
0
1
1
1
5
2
2
4
4
3
4
4
3
4
1
3
2
2
5
1
2
0
5
2
2
4
1
2
4
2
5
1
4
2
2
3
1
2
2
2
3
4
2
1
1
2
5
1
3
3
4
0
0
3
0
1
1
3
5
1
1
3
2
3
2
6
2
3
3
2
1
0
2
3
1
2
6
6
2
3
2
3
6
3
2
2
4
3
0
1
1
3
4
2
4
5
0
2
2
1
1
1
3
2
3
2
2
3
3
3
4
4
3
3
2
2
3
2
2
3
0
0
0
0
4
4
4
3
1
2
2
97
176
180
170
191
197
220
216
260
269
286
279
284
334
325
366
387
461
463
513
570
640
726
731
765
860
946
1006
1048
1128
1237
1361
1500
1557
1643
1871
1872
2053
2158
2225
2294
2478
2691
2784
2910
3199
3285
3399
3595
3794
3927
4180
4322
4507
4618
4970
5088
5266
5441
5687
5931
6062
6235
6488
6797
7141
7123
7598
7634
7951
8162
8556
8765
9099
9347
9674
9941
10109
10528
10963
10981
11497
11879
12300
12642
13144
13608
13910
14553
15058
15796
16357
16940
17495
18277
19238
20141
21519
22186
23598
25049
26535
28489
32918
42530
63664
110921
202632
348643
526619
686928
766878
744060
642459
517460
405141
325602
269246
229330
197571
170941
148578
129514
115207
104027
95124
88928
83572
