16869
14179
11688
9837
8296
7082
6172
5257
4751
4084
3608
3299
2992
2709
2521
2288
2049
1908
1839
1810
1745
1503
1540
1515
1407
1364
1352
1254
1314
1296
1230
1235
1226
1194
1198
1190
1202
1198
1172
1097
1149
1107
1094
1078
1064
1060
1051
1112
1064
989
1028
1040
1011
1026
957
998
942
967
933
972
865
977
919
947
900
903
893
907
913
891
890
886
884
892
876
859
885
818
809
824
803
804
841
832
801
774
815
849
859
876
767
790
794
778
735
786
774
739
739
760
729
758
742
695
743
698
732
757
738
694
726
685
680
755
768
786
773
775
705
797
763
678
735
713
677
683
696
692
696
676
612
636
671
679
644
629
675
668
604
644
643
638
651
669
624
628
632
620
613
683
621
596
641
625
615
652
626
608
586
575
654
540
600
631
591
572
574
568
585
576
572
576
561
566
577
596
545
580
570
524
590
563
590
554
576
524
573
493
563
573
555
545
572
547
523
573
519
507
552
509
498
524
524
532
515
497
493
497
500
472
542
518
520
537
521
541
513
520
476
514
482
497
499
549
480
478
487
480
436
456
461
438
467
471
449
484
473
422
455
439
400
468
440
385
458
436
449
447
420
432
459
454
464
433
420
426
386
462
444
426
432
413
423
404
465
432
442
410
414
441
479
443
393
414
437
478
386
414
459
447
405
425
436
399
405
430
409
431
421
432
461
417
448
429
400
442
429
466
412
365
390
409
405
416
424
399
391
423
417
421
361
406
419
427
408
397
378
393
384
393
385
405
435
407
410
406
399
394
344
387
361
427
410
402
383
415
455
400
422
388
365
393
394
425
394
410
412
402
373
384
386
393
363
371
414
339
349
402
417
380
348
364
346
376
369
354
357
367
364
378
369
381
364
357
342
375
402
348
395
362
346
376
352
378
398
346
348
368
363
351
365
343
365
337
368
339
352
347
325
381
355
317
360
368
381
374
347
338
313
345
350
325
357
339
369
354
345
352
332
356
352
325
353
372
327
313
333
332
307
345
323
328
334
320
357
313
325
341
312
325
302
325
314
308
335
309
343
328
325
301
332
347
334
338
341
312
309
341
333
343
311
320
303
305
305
314
332
320
307
313
328
313
329
308
342
298
321
323
322
327
320
306
314
311
311
295
297
297
312
341
324
324
330
313
309
270
323
275
333
321
289
287
302
285
293
284
313
312
337
282
297
322
338
308
286
328
294
283
282
287
303
290
291
283
325
278
268
290
289
297
293
298
285
297
285
304
284
287
279
266
268
309
289
281
304
317
291
280
260
280
288
310
334
288
288
293
255
276
288
304
292
297
296
296
284
267
273
283
297
291
277
274
291
288
302
273
274
295
325
289
309
305
275
269
295
273
284
259
295
320
262
276
265
257
268
257
303
285
259
273
293
264
267
295
271
288
247
295
245
263
291
279
254
241
265
278
272
272
260
281
265
256
253
269
257
297
270
275
260
254
295
279
292
254
266
262
275
276
249
267
259
263
271
272
251
259
255
255
249
254
264
270
253
260
299
281
262
270
260
245
245
267
281
246
270
243
255
264
278
240
262
234
241
258
256
249
244
228
274
228
259
268
282
247
234
272
258
246
271
271
224
274
242
259
259
247
257
285
270
268
268
238
265
238
257
244
242
262
246
241
252
295
235
230
241
243
246
244
227
220
259
260
239
248
245
259
256
270
236
251
248
251
238
269
226
247
262
237
240
239
256
272
251
222
211
212
254
222
241
246
253
231
231
224
237
240
216
235
245
228
236
238
252
224
241
266
250
226
245
239
245
243
246
250
220
243
228
232
238
245
269
233
242
259
266
226
235
223
255
239
189
270
217
233
211
235
236
232
213
225
228
259
205
234
229
227
221
244
227
249
228
237
250
253
242
223
233
229
237
221
237
229
215
238
260
196
227
244
192
222
222
205
204
241
204
216
210
217
217
227
214
218
224
235
219
223
199
222
241
234
243
198
225
223
203
207
242
206
209
199
231
215
208
241
208
215
229
240
236
214
220
200
234
203
233
224
220
235
214
186
228
228
225
223
229
247
220
204
225
228
225
218
221
187
211
189
198
217
243
229
225
211
238
223
246
213
210
224
247
204
222
208
210
216
201
189
217
207
250
210
218
209
203
209
207
220
205
184
190
213
219
224
205
218
215
223
217
177
213
223
216
206
232
224
229
213
227
227
224
222
206
209
200
218
205
193
210
208
228
194
219
187
227
212
216
206
221
209
196
189
210
194
193
225
219
204
222
210
194
195
202
204
209
196
210
214
229
200
177
188
186
187
212
201
220
214
209
206
212
205
220
202
205
187
196
219
207
229
213
207
206
219
205
218
196
198
240
221
224
207
219
195
218
191
205
215
219
217
205
204
209
208
203
202
195
209
217
212
200
203
193
178
201
216
195
229
195
203
186
218
227
199
194
207
185
208
191
207
222
200
196
184
184
181
180
213
217
205
182
207
213
196
227
215
203
197
199
199
207
213
207
201
197
185
219
196
212
188
207
198
204
220
201
184
213
213
200
187
206
198
229
199
199
202
186
225
198
240
228
206
207
202
211
222
184
187
228
196
207
194
209
201
187
196
183
198
199
184
203
190
190
192
186
213
201
201
204
185
204
181
204
209
177
201
198
204
176
179
194
199
205
184
203
212
186
203
193
193
184
191
220
177
176
191
196
179
199
192
186
168
181
194
179
177
172
199
193
200
178
194
204
187
226
178
199
171
170
195
200
184
202
174
197
204
189
180
183
181
202
172
182
167
178
168
186
180
177
194
193
205
180
175
187
168
159
167
178
184
174
158
186
176
221
178
170
183
161
161
170
159
156
162
171
180
190
198
181
186
161
175
209
165
210
168
159
193
174
203
173
173
197
187
178
150
161
190
174
197
178
171
174
170
162
172
164
172
171
167
171
176
169
164
165
179
165
184
164
184
183
159
148
168
197
168
169
181
174
167
159
172
196
160
190
188
165
164
142
158
196
178
160
170
170
169
201
183
158
166
161
156
181
164
164
143
181
160
154
170
166
159
163
164
181
165
181
150
154
154
185
142
200
164
146
147
173
144
160
169
161
194
174
150
176
167
155
169
181
177
150
137
152
178
172
150
167
152
179
155
174
154
150
166
157
151
169
167
165
181
190
179
142
159
162
174
155
156
162
174
176
188
163
159
171
148
171
152
172
160
152
174
164
146
166
145
179
155
134
152
160
147
160
145
151
165
156
149
171
165
140
170
170
160
150
134
152
169
145
156
145
158
143
160
136
141
131
156
150
167
173
173
144
143
170
161
147
171
135
171
141
161
134
156
157
148
157
146
161
133
148
180
146
141
162
156
112
151
155
175
162
132
147
149
151
132
144
146
153
161
147
155
150
154
160
143
140
137
163
140
161
140
139
162
129
155
163
143
140
148
135
160
164
131
134
150
146
150
146
141
162
134
141
128
151
148
136
138
148
151
143
165
143
157
153
148
123
153
127
145
135
152
137
160
149
151
156
132
144
148
140
151
141
143
134
142
143
136
149
138
148
146
163
142
146
134
136
146
144
137
140
141
144
177
134
137
140
132
142
122
129
121
159
126
145
154
151
121
140
153
158
131
136
143
138
120
138
141
143
142
139
133
146
142
114
151
135
140
149
121
150
141
131
157
118
123
127
140
149
175
140
146
135
121
150
129
134
134
140
131
120
113
140
141
138
135
133
130
132
136
129
130
134
132
136
138
120
126
140
127
138
112
130
151
144
142
137
133
143
153
137
133
134
126
127
105
156
141
124
151
137
152
124
125
146
130
143
154
124
149
133
124
120
131
137
116
122
120
129
119
151
129
156
137
127
129
131
136
128
116
118
146
154
131
152
127
129
133
139
154
158
140
120
125
135
143
131
136
132
143
122
149
125
127
128
136
124
115
128
127
129
125
140
124
113
134
123
134
128
117
125
147
135
155
147
130
131
146
138
127
113
122
121
121
138
122
138
143
113
120
139
116
134
109
125
112
117
108
123
131
135
138
126
152
140
135
137
127
123
146
125
125
112
113
106
114
125
120
127
140
124
127
117
125
134
111
119
134
117
135
127
130
140
127
145
115
120
151
148
114
122
129
121
147
123
131
123
120
123
123
121
127
130
134
120
128
132
146
106
119
115
129
142
128
121
128
136
123
132
121
126
140
123
125
120
119
118
134
141
126
125
100
117
122
146
113
145
142
122
124
126
119
116
111
127
131
126
124
122
129
104
119
119
118
124
120
116
118
123
132
106
121
95
130
106
125
129
124
110
122
126
118
112
112
133
120
124
106
121
128
109
134
144
116
113
111
126
110
141
103
129
117
123
121
119
135
113
114
115
132
125
116
130
128
108
139
127
143
124
103
118
104
110
100
109
133
127
114
103
127
124
126
116
126
111
131
127
135
122
122
127
107
118
112
119
113
128
114
116
113
110
92
93
113
119
115
137
121
104
107
122
96
115
109
114
122
138
135
122
93
109
116
123
105
132
119
108
126
122
130
120
124
111
115
121
101
115
105
110
120
117
96
136
138
109
112
110
117
124
99
101
95
115
108
120
114
117
118
128
115
117
115
110
112
112
120
117
115
108
117
121
118
106
114
115
125
107
128
115
131
106
139
138
119
114
113
132
116
118
108
105
104
131
120
115
98
134
100
121
111
104
105
131
116
121
96
91
120
93
120
129
131
114
95
104
132
107
109
119
105
120
122
128
103
115
126
121
115
114
115
108
103
105
96
114
104
113
123
113
108
105
122
123
91
110
137
114
125
106
108
116
116
112
109
129
109
116
98
106
108
128
116
110
114
129
98
116
126
113
120
107
111
110
123
105
123
102
128
125
140
117
115
98
132
115
97
92
106
114
103
104
117
100
114
122
116
123
108
102
94
120
89
109
115
107
107
112
113
104
97
90
92
120
110
108
110
99
106
121
105
116
113
122
96
120
107
88
124
103
114
104
124
116
101
106
89
120
128
94
121
105
115
106
107
110
100
107
109
114
110
98
118
104
97
106
101
94
106
97
115
92
100
108
106
104
109
110
101
137
108
117
101
97
111
114
122
90
101
102
110
97
102
110
95
107
100
110
97
101
123
105
97
91
109
126
124
112
109
109
114
129
126
97
95
108
106
120
123
87
92
109
107
123
109
113
111
102
90
104
96
95
97
111
117
101
101
105
102
100
122
99
93
74
117
103
87
110
98
98
112
105
96
92
96
105
90
103
112
109
101
95
102
93
112
94
108
104
126
113
87
106
123
96
100
123
101
89
109
116
94
102
107
116
107
97
102
92
116
101
99
106
98
114
102
104
112
115
90
93
86
103
123
98
104
95
106
98
105
93
109
94
92
111
107
107
92
119
100
110
103
131
101
102
121
94
95
89
101
90
97
125
99
110
101
98
100
95
122
108
107
94
89
99
109
90
95
99
91
117
110
114
115
75
102
94
85
89
85
97
96
110
105
113
87
88
95
109
101
89
97
95
94
84
82
102
86
89
83
115
115
102
109
87
84
114
100
109
91
107
98
124
99
100
97
102
101
117
95
126
100
105
108
104
103
93
102
89
95
93
105
108
115
103
101
103
98
89
78
89
100
103
122
114
88
106
81
99
104
96
93
92
83
104
90
98
93
101
102
97
84
96
98
82
113
88
100
85
114
109
90
100
92
96
99
103
103
104
104
88
75
110
104
87
79
106
94
110
106
98
78
90
82
91
108
94
93
87
88
123
91
92
94
97
96
95
80
111
112
95
100
84
90
106
96
109
118
104
93
115
103
93
96
103
113
105
88
113
90
111
97
79
106
94
105
93
109
89
93
103
94
104
109
94
99
86
110
98
95
95
109
88
100
93
77
92
106
96
98
95
100
92
103
101
128
97
84
88
102
95
92
97
79
104
112
95
90
106
99
104
85
88
88
110
81
96
100
93
101
95
91
96
67
108
99
105
105
86
99
81
101
98
107
109
71
96
86
108
87
98
92
96
84
103
96
81
103
96
101
86
95
75
97
102
83
93
96
111
92
87
95
78
90
89
108
95
100
102
91
107
125
103
92
91
77
110
86
100
102
97
99
101
112
101
89
92
86
85
89
103
94
84
98
95
102
90
104
122
98
93
98
95
92
98
96
80
91
78
85
103
93
67
74
93
81
87
83
103
100
91
97
93
94
95
93
87
92
101
96
75
99
99
101
106
97
70
76
87
96
86
84
91
78
101
76
98
101
91
97
99
87
73
105
97
96
80
92
85
102
83
94
97
96
95
79
95
83
95
91
107
88
90
83
101
89
99
91
96
101
82
91
93
107
89
72
98
101
102
112
75
88
91
90
96
89
73
80
89
86
100
89
105
88
88
93
85
74
94
107
97
99
106
92
101
92
86
73
83
74
92
105
92
103
89
109
110
99
70
91
107
82
88
99
91
81
82
98
99
111
93
95
90
83
67
98
106
108
82
82
95
89
76
92
92
66
109
86
95
79
97
80
92
76
90
102
104
88
99
116
90
109
88
80
92
104
99
84
99
85
83
102
76
85
95
78
58
77
111
86
83
84
70
95
93
86
86
85
86
96
94
75
81
97
76
85
89
99
98
78
95
93
89
68
86
82
84
80
89
86
78
89
71
80
83
77
86
79
74
94
78
90
81
86
87
85
69
85
96
83
87
89
81
79
94
103
90
107
85
96
89
87
86
95
91
94
85
82
78
88
87
86
85
92
80
75
81
103
101
67
106
78
89
70
92
83
68
90
71
87
91
74
114
101
85
114
91
84
93
88
81
93
82
78
89
87
92
94
74
84
83
98
69
84
79
84
82
76
84
80
81
100
82
76
93
96
89
88
79
101
79
82
97
70
85
94
94
61
85
92
93
85
84
81
83
73
86
87
84
93
98
96
98
81
87
86
84
81
83
83
78
96
76
96
96
91
87
80
84
93
98
84
78
79
88
88
80
83
82
75
85
108
87
96
97
82
87
100
85
91
87
95
60
77
85
76
85
99
97
85
77
88
92
105
89
87
72
75
77
100
68
70
84
75
97
75
72
80
74
85
88
99
72
81
85
76
76
82
85
82
77
74
75
93
87
76
87
79
85
73
74
82
95
85
82
93
74
79
92
78
79
94
84
83
92
78
85
78
87
100
97
82
103
86
84
81
71
92
63
80
80
97
97
85
95
89
92
89
69
100
89
97
67
82
80
89
87
75
79
90
92
76
87
80
74
75
81
79
79
85
77
61
76
74
98
81
64
86
81
79
94
79
83
98
73
87
74
77
82
95
77
86
85
81
77
90
85
88
75
90
94
95
91
93
78
80
70
77
88
100
101
81
84
99
80
88
90
64
84
57
58
103
79
92
92
88
69
84
83
81
78
86
76
83
94
89
86
69
75
82
92
76
71
96
80
81
99
81
85
76
81
75
88
99
85
92
93
78
85
67
80
76
75
83
72
78
75
74
83
77
85
89
87
94
88
77
90
91
86
92
90
82
90
82
81
88
82
94
80
102
86
68
80
78
74
93
93
80
65
81
73
70
65
89
84
78
71
87
77
83
83
86
83
81
86
109
73
67
72
68
90
83
84
77
78
85
89
84
74
72
85
81
78
75
83
85
70
74
85
93
75
68
84
65
81
87
101
67
76
54
77
78
77
81
77
75
91
84
84
74
75
89
88
79
75
76
86
93
67
75
78
86
74
87
79
72
80
76
74
97
88
78
65
86
73
81
79
74
82
65
82
70
73
78
77
94
71
84
83
77
69
98
79
79
81
71
77
77
90
76
93
81
79
86
65
74
83
79
75
78
80
74
83
83
78
74
74
83
87
63
82
73
75
82
80
78
84
83
78
86
78
69
81
82
80
86
63
73
70
71
84
81
90
67
78
81
73
68
82
77
66
99
81
67
77
92
71
86
80
71
78
79
93
71
71
76
96
70
77
69
73
88
85
71
75
67
76
79
77
85
82
86
83
81
73
66
73
72
70
87
80
89
72
70
97
88
75
81
92
71
76
82
74
79
62
81
74
69
75
81
104
82
62
75
79
69
75
81
80
71
84
81
65
78
77
70
77
75
81
74
63
74
59
74
97
79
66
89
78
81
62
87
79
74
95
67
68
76
84
69
71
85
57
75
71
82
72
72
68
84
88
64
78
67
73
75
81
92
63
82
71
87
69
83
79
90
85
76
66
91
83
79
91
76
72
69
92
91
77
82
63
70
88
91
71
83
79
66
83
72
76
75
77
73
82
92
88
73
75
66
83
73
85
80
83
87
71
75
76
86
76
84
74
74
72
74
80
66
88
74
85
59
87
63
85
78
102
60
82
85
72
92
64
62
68
70
68
88
92
74
75
65
80
71
78
70
71
80
82
91
68
81
92
79
73
92
70
82
73
90
83
67
93
81
78
87
88
72
66
73
77
69
87
78
67
78
75
75
84
83
79
65
75
69
74
71
72
87
81
68
86
86
81
74
89
73
77
77
86
88
63
100
73
87
83
68
79
84
81
77
76
58
81
73
86
81
69
65
83
72
80
66
80
83
70
79
83
81
76
75
80
89
65
91
92
78
76
69
79
83
81
80
74
79
78
87
79
83
78
58
70
82
60
76
73
74
70
101
69
76
75
66
77
78
74
75
77
83
87
72
80
74
60
71
68
70
67
87
61
72
78
66
76
84
85
93
88
86
90
76
90
67
74
73
81
77
82
79
67
66
66
91
88
79
80
75
79
85
67
76
70
96
94
78
65
65
83
87
73
75
72
86
76
76
89
93
58
103
76
65
62
77
80
73
75
90
52
70
71
71
79
71
83
65
66
83
73
89
70
75
82
71
74
83
84
81
80
80
79
71
75
66
60
65
80
86
70
78
64
74
78
63
84
75
73
66
84
82
66
69
68
73
66
83
78
69
91
83
79
79
63
64
80
79
86
91
64
68
81
99
59
85
77
76
76
84
62
66
74
79
70
84
75
98
89
74
76
81
60
75
83
82
66
73
83
89
65
64
66
84
66
58
77
74
77
84
68
72
77
82
54
75
71
67
62
65
57
70
68
75
82
78
68
72
78
76
63
80
80
75
86
69
73
71
77
60
85
74
83
73
64
75
90
69
86
56
68
61
74
72
78
71
72
85
84
76
76
79
64
66
65
77
60
76
74
67
69
83
65
57
74
69
78
83
71
90
76
72
86
97
61
78
82
76
63
83
79
70
71
66
68
56
84
55
73
61
76
79
67
65
75
87
87
78
73
79
69
74
75
93
68
82
69
95
74
55
69
71
79
64
78
60
75
85
70
84
75
63
62
88
80
65
67
71
87
76
64
73
69
77
58
90
77
73
85
65
69
73
77
77
96
67
82
79
84
67
77
75
74
55
94
90
71
98
80
61
91
77
72
83
73
67
80
96
71
75
75
80
81
72
79
66
77
89
70
83
87
75
83
64
75
75
55
67
87
73
65
76
58
69
79
54
82
76
78
72
81
87
81
76
56
72
81
83
70
80
85
78
69
75
77
87
75
64
78
90
76
67
74
73
68
91
75
67
77
66
73
79
63
79
80
80
82
76
70
80
73
80
73
72
78
85
74
56
69
82
64
63
76
85
65
68
79
79
70
64
68
79
74
71
68
68
75
72
81
75
76
75
81
68
74
79
79
84
83
68
60
93
66
72
71
54
59
76
75
75
85
75
75
86
80
82
76
72
68
75
81
73
85
87
87
65
78
74
70
63
79
64
75
82
73
84
72
82
78
66
97
72
87
60
68
73
99
58
78
80
74
80
80
71
73
79
80
75
74
71
78
82
69
78
70
87
77
85
63
76
62
59
89
75
62
69
58
73
90
68
83
61
60
67
66
78
75
67
73
80
76
67
83
75
60
67
82
79
68
75
73
91
90
82
80
90
63
74
87
62
86
67
80
70
72
78
71
61
68
73
77
75
58
78
71
81
72
66
66
82
69
67
75
65
76
67
87
79
83
65
72
75
68
76
71
76
81
56
85
92
67
87
61
75
85
78
85
59
75
73
61
67
74
79
78
69
61
70
62
90
61
84
71
82
69
82
93
82
82
90
61
84
71
74
79
72
75
84
82
78
60
91
88
71
63
75
87
51
61
64
73
78
75
96
65
78
75
68
60
77
72
69
72
63
62
73
57
74
78
72
77
76
73
69
65
75
78
64
73
70
79
80
76
69
72
74
86
77
69
74
99
64
91
73
66
79
92
58
72
78
67
90
62
79
75
76
71
65
79
74
74
65
93
66
58
68
74
80
66
89
74
74
69
71
78
84
77
68
91
65
76
77
89
83
79
81
82
75
81
63
60
75
74
70
66
71
85
69
76
85
82
85
87
79
76
88
72
93
68
75
98
67
82
81
73
64
74
64
73
73
79
74
81
76
76
78
72
100
75
77
83
88
81
76
77
77
68
67
65
65
72
70
86
85
64
84
74
82
77
76
70
80
73
91
79
72
73
69
62
59
74
72
64
67
85
81
70
72
79
84
83
56
52
68
63
81
84
77
79
70
84
75
84
62
81
79
76
64
84
94
59
80
93
98
69
73
75
65
64
81
88
69
68
75
62
75
74
76
78
77
90
69
66
71
74
68
85
66
64
74
67
70
95
70
71
75
70
66
64
81
76
88
83
89
65
78
88
72
84
69
81
74
76
75
63
72
70
75
81
88
69
81
71
104
76
70
70
78
80
84
74
80
74
77
83
70
84
67
57
87
68
78
73
84
70
75
81
73
66
63
78
72
73
82
70
75
72
63
81
65
84
78
65
72
57
73
76
78
76
75
91
75
62
66
74
88
60
84
73
75
70
70
72
76
80
70
78
77
65
86
65
76
81
84
70
81
87
73
71
72
68
59
76
83
72
72
78
79
75
73
61
76
69
86
69
83
76
66
66
70
68
78
84
73
65
95
73
69
92
71
76
70
63
74
58
90
77
83
70
61
73
70
73
82
89
90
79
76
75
63
83
85
74
63
81
75
74
91
61
71
80
83
67
74
66
82
69
83
70
59
69
67
68
62
76
69
83
80
60
70
74
78
65
64
72
79
73
73
57
78
66
66
76
73
78
63
67
71
59
70
71
67
88
69
67
68
95
79
62
79
63
76
60
72
52
63
73
59
54
64
62
82
75
77
63
88
65
67
74
82
72
73
72
70
63
73
75
56
72
73
77
70
62
47
59
69
53
68
62
59
82
64
80
55
65
69
69
99
55
66
75
60
56
78
70
79
64
64
77
82
59
69
73
73
64
54
63
68
75
55
62
70
69
66
69
68
79
77
56
57
79
64
71
71
66
75
45
76
58
56
61
61
71
74
89
74
66
76
67
60
69
59
69
53
90
67
72
64
65
58
67
70
67
76
59
65
62
69
82
69
56
72
45
62
67
67
71
71
79
55
75
64
70
61
66
51
77
57
64
72
65
61
63
79
60
73
58
57
67
70
61
74
52
55
77
83
64
75
71
66
55
77
69
48
71
72
62
53
49
58
53
54
74
52
58
63
74
67
55
56
56
67
66
75
68
66
59
49
61
64
72
68
54
55
65
64
55
71
61
65
63
71
56
59
55
58
65
51
77
51
77
72
61
74
57
58
63
72
53
75
49
63
65
55
56
73
56
53
42
62
63
57
62
70
68
57
67
62
62
70
54
65
49
76
50
63
61
72
46
55
71
55
61
68
71
73
60
61
67
62
67
56
72
57
61
51
69
51
67
66
66
57
60
57
66
64
58
64
57
47
67
62
64
59
55
59
66
62
61
61
69
50
54
63
51
68
65
67
67
50
51
54
54
57
59
62
57
60
58
47
64
56
44
71
55
55
60
67
55
61
66
61
46
62
66
63
51
55
52
71
68
64
68
76
55
47
77
57
68
46
71
51
54
69
56
65
63
64
43
57
63
61
63
63
57
60
56
58
65
55
61
49
71
63
59
63
79
56
59
69
62
58
72
62
72
57
63
59
55
55
44
45
65
75
60
59
62
64
63
62
65
54
60
59
52
60
63
56
48
63
64
56
58
54
73
71
64
60
57
55
45
79
56
61
62
67
60
43
76
61
55
71
50
77
79
59
71
59
52
66
64
69
52
68
66
62
75
52
56
55
54
56
64
66
54
62
56
62
53
66
57
62
43
53
63
51
65
74
53
55
53
64
52
69
52
63
69
55
71
66
68
54
55
66
72
57
54
67
55
48
64
65
66
49
57
65
58
60
59
60
53
53
46
49
64
64
65
65
60
62
63
61
73
69
69
65
72
42
60
55
66
61
65
55
62
76
66
63
69
50
63
77
59
59
62
72
61
59
61
57
56
46
56
48
72
58
59
52
65
55
52
69
72
66
64
74
73
59
60
62
55
73
74
57
58
55
45
60
57
59
61
66
65
66
52
71
63
50
52
82
71
64
58
49
60
39
61
56
67
73
54
57
68
63
50
64
60
50
61
62
65
64
60
59
68
50
69
48
60
57
72
51
60
73
68
53
50
74
62
60
52
60
54
69
60
51
54
53
63
57
73
60
59
63
55
59
55
69
53
45
49
64
54
54
63
47
58
65
56
62
56
61
59
57
67
65
55
49
50
70
45
65
50
53
59
53
63
56
62
61
61
55
79
51
58
59
63
58
72
58
67
67
75
71
63
69
55
78
60
58
60
54
59
69
47
78
62
49
57
62
59
66
78
68
55
64
58
65
73
56
53
53
64
69
64
64
58
67
60
53
64
53
57
60
66
75
74
62
58
65
53
62
51
66
61
54
56
73
62
48
70
57
62
66
60
52
68
53
55
64
52
49
57
57
59
57
54
51
64
50
59
55
58
61
55
53
63
40
51
53
49
55
51
47
57
59
62
63
68
67
67
47
61
59
51
49
54
33
37
44
62
56
65
40
49
36
43
43
48
37
54
58
54
54
50
56
57
53
51
64
60
50
47
54
48
48
51
52
44
61
54
44
47
61
51
52
45
37
45
49
51
46
45
43
49
39
45
53
38
43
50
54
51
54
47
51
39
45
47
41
51
48
52
45
44
58
47
42
47
45
52
49
42
53
45
56
36
44
42
55
47
44
48
48
53
47
60
48
43
58
49
52
47
52
50
46
49
39
52
53
44
46
41
38
48
46
50
45
53
29
43
38
52
52
42
46
54
43
51
51
67
55
39
47
51
60
51
39
40
59
42
65
53
50
46
44
44
43
52
51
54
40
52
46
24
41
56
56
46
38
58
57
55
47
44
54
51
47
39
49
49
45
54
54
55
37
44
52
38
51
37
50
63
52
51
51
49
50
37
66
46
56
52
45
59
54
48
60
49
56
49
55
44
48
57
61
42
51
44
56
55
57
55
44
44
58
44
56
61
66
53
57
53
56
53
59
54
51
53
60
50
63
50
64
58
71
60
50
64
69
70
67
60
58
70
58
73
56
93
73
61
81
72
73
77
63
84
75
78
103
117
95
113
122
147
194
230
269
286
346
363
379
372
372
376
336
300
276
221
195
166
186
147
124
100
87
102
92
73
64
63
47
46
55
47
41
45
46
43
41
35
38
46
31
45
37
36
40
51
38
34
33
36
40
38
49
45
42
30
44
32
40
61
44
45
37
28
40
37
47
45
45
35
37
46
31
44
41
44
36
35
47
31
44
38
37
35
37
58
39
39
52
46
34
55
45
47
35
45
41
57
43
29
38
31
41
43
42
38
31
35
42
37
43
38
33
43
39
35
52
35
44
41
28
45
53
41
31
37
33
36
36
38
41
39
34
52
48
27
49
42
34
36
42
41
40
36
42
44
44
49
45
42
42
44
34
37
33
47
51
39
43
39
51
33
41
43
36
51
54
47
46
36
41
56
43
34
39
43
51
38
52
51
56
42
42
51
47
45
55
49
48
45
40
38
44
41
49
58
62
46
42
46
47
43
47
51
55
51
54
53
44
63
44
59
48
56
58
55
55
41
48
56
66
78
67
73
65
80
72
79
83
80
104
69
101
90
81
98
58
60
55
53
47
46
32
29
27
31
24
21
30
23
28
19
23
25
25
21
23
27
18
19
23
23
18
24
23
20
16
18
25
16
17
19
18
14
22
25
20
18
19
19
24
15
20
22
21
17
15
20
21
20
25
14
33
13
13
31
29
14
26
18
14
20
17
18
18
19
11
16
22
15
14
16
18
21
16
16
17
16
15
20
26
15
18
14
13
20
22
15
15
16
11
12
17
20
16
20
24
14
16
14
18
10
15
19
17
18
18
13
18
24
21
20
13
16
18
16
14
13
18
17
14
19
14
19
17
16
11
23
17
18
10
14
14
19
17
13
17
17
13
11
19
12
12
25
14
15
10
18
18
14
20
19
13
11
14
18
19
14
12
18
13
14
17
19
19
21
17
27
17
16
14
17
11
18
21
8
14
16
13
13
23
17
17
12
13
16
13
21
16
13
17
21
23
18
18
10
9
18
20
19
15
17
19
23
20
15
15
16
21
15
14
12
13
22
9
10
14
14
18
17
13
18
15
18
21
13
16
21
18
22
24
18
16
10
22
14
18
11
13
11
11
21
20
18
16
14
16
21
12
17
12
13
18
15
12
17
24
11
14
22
6
18
16
11
13
8
21
16
19
20
11
8
17
8
17
17
24
13
9
10
18
20
18
18
18
14
12
8
13
18
11
13
15
15
13
24
15
26
20
16
11
16
17
17
17
16
19
16
19
15
15
14
9
15
15
15
18
14
10
14
10
12
14
16
13
26
15
18
16
17
22
18
11
16
12
12
19
15
14
16
11
20
11
13
16
15
20
15
14
23
13
23
9
28
6
8
20
12
17
12
14
12
19
18
13
13
16
7
14
15
14
16
17
15
9
15
20
22
23
13
15
10
14
21
12
15
13
14
16
15
19
15
18
23
12
18
14
17
13
15
16
15
21
9
13
18
15
24
21
10
16
13
21
17
13
16
20
15
20
13
19
15
20
11
14
13
24
19
17
14
25
18
16
12
19
24
23
24
30
13
13
16
24
24
16
16
18
24
17
17
21
27
27
14
16
16
17
23
12
24
18
29
15
22
20
22
14
20
15
16
22
18
20
26
18
22
26
25
24
20
26
15
17
25
25
24
21
27
25
18
29
28
20
31
15
12
34
27
21
20
25
36
31
27
34
26
32
29
28
19
23
21
33
30
28
34
35
45
29
34
36
34
38
29
32
38
41
41
34
33
37
31
34
33
40
42
48
45
64
44
42
36
33
33
50
34
37
51
50
50
54
50
43
47
57
67
45
46
50
58
74
67
65
55
69
93
84
86
100
107
122
136
183
265
368
407
505
657
714
803
871
841
868
780
728
602
553
451
398
310
275
247
200
132
156
104
100
74
80
70
63
41
35
32
22
45
20
27
34
23
21
15
15
20
18
18
22
15
16
17
25
15
15
20
20
21
15
12
21
20
19
15
17
15
22
13
15
12
21
19
21
21
18
16
15
18
24
17
24
20
15
20
10
16
18
21
18
16
16
17
15
21
14
14
15
9
16
15
17
16
17
13
17
15
19
17
22
12
11
13
22
20
24
20
15
9
11
22
21
24
16
15
21
24
18
20
14
16
18
15
25
17
28
17
24
22
16
23
20
15
24
9
19
16
19
18
17
16
29
30
17
22
22
17
23
23
22
12
20
19
25
35
23
25
17
19
31
24
14
24
12
20
35
32
23
28
38
23
24
19
29
25
27
31
21
31
13
14
25
24
27
32
37
18
18
29
24
36
17
26
33
16
32
33
32
29
37
31
23
29
33
30
25
27
42
29
29
36
48
30
32
46
36
38
37
45
42
53
61
60
56
73
54
56
63
64
58
42
57
32
31
26
31
28
18
15
11
14
8
14
12
9
6
7
4
12
3
8
5
4
5
2
3
1
4
5
1
4
6
7
6
4
5
5
6
2
7
2
6
4
2
3
4
8
8
5
3
3
3
4
6
6
4
9
8
3
4
2
7
3
4
1
4
3
2
5
5
0
10
3
4
1
4
4
7
1
4
4
3
2
5
4
2
4
6
10
3
5
2
2
12
4
6
2
4
7
2
7
3
3
0
9
8
5
4
4
6
6
5
9
5
2
5
5
6
3
4
5
2
2
3
2
3
3
4
1
10
1
4
6
0
3
3
4
2
4
3
4
7
7
4
3
7
3
10
3
0
3
4
10
3
3
4
2
2
2
6
5
2
7
4
3
3
6
2
9
2
8
2
3
2
4
2
9
6
4
2
5
3
6
4
3
3
2
1
8
6
3
6
1
1
2
4
3
3
3
4
3
3
5
7
3
2
1
1
3
4
1
4
6
2
5
4
4
1
9
3
4
1
3
6
6
2
6
6
5
5
2
5
7
3
5
4
0
4
0
2
5
2
4
4
6
5
3
4
4
4
3
7
4
2
3
4
5
5
2
1
3
2
2
5
6
6
0
2
6
3
4
6
4
0
9
3
3
5
8
3
4
1
2
4
4
5
4
2
4
3
2
2
4
3
3
3
3
1
2
1
1
0
4
1
6
3
2
0
2
3
4
4
6
1
3
4
6
1
3
4
6
4
2
1
0
4
5
5
4
2
3
2
4
4
3
4
1
4
6
0
1
4
5
2
3
2
2
3
3
3
2
5
8
2
4
3
4
2
2
4
3
2
2
2
5
4
4
3
6
3
1
1
5
6
2
4
2
4
11
3
2
5
2
2
4
4
2
3
2
1
3
5
3
1
5
1
4
4
6
3
1
2
1
2
4
6
1
5
10
3
3
3
5
1
2
4
3
0
0
7
3
2
0
4
1
6
4
8
3
3
2
1
4
3
1
2
5
0
3
3
2
1
6
1
7
4
2
5
3
6
6
4
3
1
1
2
2
4
0
1
1
2
4
1
1
4
3
1
4
1
1
2
1
1
4
3
2
4
1
2
3
3
3
2
3
3
2
2
3
4
1
0
2
2
3
4
2
3
0
3
2
5
3
0
5
2
5
2
4
2
3
1
3
4
2
4
3
3
2
2
1
4
1
1
4
1
1
5
2
2
2
2
1
3
5
6
4
0
2
1
3
8
4
3
4
1
3
3
2
2
2
1
2
4
3
0
1
6
3
1
3
6
4
1
4
0
2
3
4
2
3
3
4
3
2
2
5
4
3
2
1
3
4
3
2
4
4
1
0
1
2
6
2
1
4
2
2
3
7
2
3
0
1
2
1
0
5
1
3
2
3
1
3
4
1
7
3
5
4
4
3
2
1
6
1
0
4
2
2
4
1
5
4
3
3
4
5
3
2
2
4
2
3
3
4
4
1
2
1
1
3
4
3
2
2
4
1
2
1
4
2
0
0
3
3
3
4
1
3
3
7
3
0
3
3
4
4
2
0
4
4
3
4
2
1
3
3
1
2
6
3
0
4
2
3
2
2
4
3
2
3
0
3
4
1
3
5
4
5
1
4
1
3
1
0
4
2
1
3
4
4
4
5
1
5
12
6
2
3
2
4
1
6
2
1
3
2
4
4
2
2
1
5
4
0
3
5
2
3
2
5
3
5
0
6
1
1
1
2
3
2
5
1
0
1
3
2
1
2
2
2
5
4
1
5
3
2
2
2
3
3
3
1
1
2
3
1
2
3
2
2
3
5
1
2
3
4
3
4
4
0
3
3
1
0
3
3
3
3
7
3
3
2
4
3
0
3
3
4
2
6
5
3
1
2
2
1
0
2
1
4
3
2
3
1
3
2
4
5
2
2
2
2
1
1
1
4
0
1
6
2
1
5
2
2
1
1
2
2
3
3
2
3
2
1
2
2
5
3
2
1
3
3
0
1
1
2
4
5
3
0
2
1
5
4
4
1
2
1
1
1
0
6
1
2
1
3
1
1
1
2
2
0
2
1
4
5
2
1
0
2
1
1
3
3
3
0
2
2
0
5
3
2
3
2
5
2
4
4
1
3
1
2
6
2
3
2
3
3
6
1
1
2
1
1
4
8
0
3
1
2
3
0
2
0
0
2
2
2
3
1
1
3
4
1
1
1
2
2
3
2
1
1
3
5
3
1
6
1
6
1
2
1
3
3
4
3
4
2
2
3
1
3
2
2
3
1
3
1
3
2
3
2
3
3
0
0
0
1
0
3
3
0
2
3
3
3
3
2
2
3
1
5
1
2
3
8
2
0
7
0
1
4
2
2
1
0
0
2
2
1
5
2
4
1
1
2
4
3
2
0
8
2
3
3
3
1
0
3
5
3
1
2
2
0
3
3
0
0
5
0
3
1
2
2
3
3
4
2
4
2
0
0
3
2
2
2
1
1
4
1
2
5
1
2
2
2
0
2
3
2
1
2
4
0
3
2
4
1
3
5
3
93
175
180
162
188
190
200
226
247
240
245
292
276
270
323
345
413
410
523
522
592
622
666
711
763
798
909
945
996
1198
1275
1364
1433
1500
1561
1717
1847
2007
2024
2136
2343
2532
2657
2638
2785
2898
3080
3210
3480
3596
3867
4003
3985
4303
4416
4597
4719
4911
4984
5376
5490
5639
5852
5973
6190
6401
6696
6784
7133
7330
7552
7939
8084
8377
8350
9079
9079
9431
9715
9853
10344
10600
11017
11264
11942
12052
12373
13127
13482
13728
14353
15037
15639
16417
16901
17864
18845
19650
20704
21767
22799
24087
26274
29540
38708
60337
110510
209263
361648
537104
675087
717426
657476
539369
419680
328134
266839
225799
195140
168968
147096
127797
112255
100220
90906
83939
78908
74915
