1872
1649
1395
1248
1150
999
971
863
820
734
665
671
565
569
575
518
505
485
466
454
430
448
426
411
400
384
400
391
387
372
402
348
359
332
335
321
353
359
297
305
313
337
301
308
328
332
317
334
298
332
296
293
270
299
279
313
263
317
246
290
258
275
295
252
269
274
267
279
249
322
251
273
316
290
283
285
257
266
296
251
258
291
283
287
256
265
274
248
270
252
263
266
237
230
265
282
236
255
287
285
259
289
242
282
300
253
265
260
249
283
250
272
280
273
266
260
258
270
247
270
254
273
266
248
241
256
240
260
230
230
204
256
230
228
242
253
248
224
244
225
224
235
257
252
255
236
262
236
228
243
230
232
240
261
215
240
232
231
247
244
230
235
233
223
227
232
234
253
217
214
228
218
239
222
223
220
228
243
228
211
226
236
231
213
226
227
224
222
244
208
232
207
228
210
235
216
224
210
206
216
205
220
227
218
203
219
201
218
215
235
212
227
209
225
214
216
210
233
210
225
201
223
200
220
237
201
200
225
222
225
211
186
187
211
217
202
203
224
230
219
227
208
220
216
187
230
199
210
209
221
219
233
252
196
221
197
197
239
242
215
216
220
189
195
184
229
204
230
212
205
189
232
195
220
217
209
198
204
212
220
222
221
203
202
195
218
208
217
189
210
196
195
210
234
217
188
214
189
184
216
195
185
191
190
193
194
187
218
208
195
191
206
194
179
198
231
178
200
191
205
174
210
214
195
187
172
196
186
193
182
217
205
196
208
223
189
187
170
174
183
203
185
166
176
190
206
171
183
212
160
179
185
213
190
169
195
171
198
185
190
204
182
214
201
213
199
188
195
208
211
222
203
204
166
200
205
205
217
185
213
196
216
201
194
197
186
186
186
189
183
192
192
202
182
196
194
190
188
189
202
214
198
194
221
202
181
206
168
194
201
215
192
176
214
203
193
188
203
193
168
212
190
202
206
219
200
182
195
195
193
191
184
173
191
201
190
203
196
181
211
206
189
170
189
189
228
186
195
204
184
181
173
187
170
192
210
195
216
223
195
207
190
172
196
210
149
182
193
188
171
176
172
194
198
198
173
190
171
167
190
200
179
184
211
182
147
183
195
186
195
176
194
184
196
179
178
176
195
164
166
196
190
179
193
177
174
175
139
193
176
184
182
210
225
192
175
202
186
195
190
188
178
167
191
163
190
184
183
179
190
191
176
191
201
182
189
189
167
205
173
212
172
204
208
206
192
187
205
179
181
206
150
201
171
181
189
161
171
172
171
177
196
169
178
190
169
161
188
177
175
179
164
189
193
180
168
172
182
174
167
168
197
182
184
193
223
205
169
191
188
192
194
207
194
172
171
195
206
187
178
201
177
173
173
182
203
161
187
177
156
164
165
198
172
189
148
175
170
187
190
200
191
171
198
181
180
178
182
195
197
166
186
178
160
182
173
168
167
152
178
164
179
167
209
173
181
189
182
178
196
188
173
174
184
172
184
173
180
174
185
179
193
214
179
177
185
167
161
163
159
168
193
188
206
160
200
174
192
185
170
198
189
177
156
197
177
168
178
185
185
184
182
203
160
179
147
185
175
191
180
200
200
185
191
147
189
174
188
193
199
184
202
176
157
160
181
175
171
191
178
181
212
186
187
186
181
177
182
163
185
175
180
173
182
185
190
187
181
168
189
164
187
180
174
174
179
171
179
167
173
200
190
176
176
185
197
195
164
195
185
182
184
184
175
198
187
163
157
188
166
170
186
166
159
179
188
199
207
184
202
202
174
185
168
164
181
180
187
172
171
180
161
196
198
208
191
176
163
182
164
194
180
168
171
178
174
185
173
216
178
170
166
204
193
178
172
168
190
188
174
194
179
170
172
213
175
188
183
199
181
172
171
160
169
172
162
163
180
198
162
178
169
169
187
210
167
206
199
165
189
208
182
187
170
171
177
170
196
195
196
184
188
193
175
153
179
174
165
195
166
199
170
179
185
173
190
180
168
179
162
171
185
183
164
184
206
193
188
192
154
178
156
173
155
178
201
169
185
215
185
207
182
185
176
173
173
200
185
170
179
177
164
180
182
160
184
172
176
157
188
179
189
164
197
187
167
183
185
163
173
175
191
164
178
179
195
191
189
162
173
164
175
176
175
207
177
181
206
161
211
176
152
183
177
179
160
180
174
183
184
191
182
156
192
191
157
185
175
184
158
181
202
187
191
192
190
169
179
188
199
173
205
173
195
173
186
181
191
178
178
153
183
180
189
154
180
183
182
194
208
192
176
183
207
170
208
180
200
171
166
194
219
182
184
132
169
178
178
178
209
170
200
190
185
187
189
194
166
195
162
178
189
204
158
160
172
159
173
180
177
190
191
182
180
185
187
180
204
174
192
218
181
191
163
185
217
186
179
181
159
168
184
181
168
184
174
194
182
189
182
182
186
171
167
168
172
213
197
162
179
170
169
185
189
152
175
194
175
182
200
196
167
171
206
185
175
180
165
196
170
186
159
194
165
165
183
174
196
181
173
192
201
183
172
189
165
167
188
189
213
177
192
184
183
195
209
172
186
174
171
166
189
174
185
199
189
224
161
158
194
184
196
206
188
179
177
196
201
192
192
186
178
160
188
212
174
183
186
187
188
165
183
160
193
190
163
175
179
174
180
174
177
174
171
189
200
166
175
191
174
175
199
162
175
179
198
151
198
216
171
196
200
179
177
185
190
187
185
177
190
187
186
191
160
189
184
155
197
163
188
173
177
166
196
202
158
217
184
179
197
208
177
174
169
198
200
190
186
191
171
179
214
176
188
184
191
160
169
166
188
178
159
173
177
193
201
172
186
198
189
197
190
173
184
186
187
171
190
148
173
210
167
186
205
206
175
190
182
195
194
174
172
153
169
197
182
181
203
178
183
175
179
197
145
192
189
203
188
176
156
196
177
211
186
166
181
175
186
161
155
166
167
172
188
171
187
190
173
188
189
152
204
174
203
192
184
172
189
188
198
174
183
214
189
159
187
168
175
172
187
197
165
193
183
208
186
214
192
192
191
177
214
190
186
173
193
188
171
192
194
191
164
188
176
193
191
178
171
191
182
184
177
183
176
192
180
195
185
163
162
173
192
174
205
202
193
168
171
204
179
173
191
211
186
178
188
190
171
176
166
225
181
179
190
156
168
186
183
173
186
185
158
168
173
182
168
188
180
170
176
154
202
172
180
176
191
192
198
191
178
177
180
194
176
186
193
189
184
194
180
166
162
199
181
191
159
174
179
180
183
190
196
187
166
169
193
184
212
191
171
193
164
190
212
187
206
169
200
166
154
191
178
196
177
172
196
180
190
197
179
199
175
171
183
178
207
180
173
152
188
172
177
175
186
176
177
186
192
188
155
217
177
196
171
193
198
208
161
199
191
178
165
166
189
184
195
185
178
166
212
207
160
188
182
199
199
197
151
178
166
199
201
179
162
183
195
170
218
156
178
179
191
219
167
192
196
181
185
188
217
179
211
173
166
197
192
184
155
189
209
176
177
196
187
179
152
171
205
181
197
195
174
195
173
172
179
177
183
180
198
170
181
167
167
177
201
202
185
193
178
192
155
181
173
204
207
189
162
189
160
187
227
190
178
181
193
202
181
195
207
194
188
192
163
159
183
195
177
174
168
200
200
199
204
189
194
197
190
208
175
191
225
189
208
173
149
171
197
200
196
175
183
184
177
192
197
201
199
183
185
190
185
202
198
209
190
206
182
182
180
207
192
188
221
175
171
184
218
188
196
193
175
174
184
190
216
172
183
198
179
189
178
203
180
187
183
157
209
185
196
188
174
177
186
166
193
191
196
203
196
212
189
182
190
174
185
175
216
188
187
209
191
162
182
184
188
196
195
194
217
185
207
238
201
193
180
208
196
188
225
225
180
188
196
199
194
212
184
205
227
221
226
206
212
206
173
215
214
206
175
222
194
208
189
217
223
176
189
206
187
193
204
205
203
214
214
219
191
195
218
216
177
193
219
224
211
200
184
185
204
215
176
207
197
195
210
199
200
200
187
190
197
217
226
194
202
204
174
216
189
221
202
216
221
192
231
186
220
210
214
215
206
212
209
216
182
191
201
208
216
208
200
205
202
211
196
186
218
185
178
194
210
211
207
208
197
207
229
178
195
185
207
210
188
199
205
215
207
200
192
230
212
197
193
213
217
199
229
193
207
223
184
194
181
200
207
206
228
203
214
205
215
170
217
212
198
239
215
197
211
210
208
209
195
216
194
204
185
189
217
214
212
216
213
199
235
176
198
191
213
195
194
189
208
196
202
213
216
216
206
206
200
198
181
193
193
205
211
197
222
199
192
234
198
180
211
184
224
207
199
219
221
213
190
215
188
206
199
203
211
196
193
197
219
202
199
210
207
199
205
216
199
204
209
202
182
204
179
230
190
216
220
192
215
193
174
207
206
229
208
222
239
194
204
201
214
197
209
198
192
209
206
211
208
185
214
226
204
209
201
220
206
227
212
212
201
199
229
214
198
185
208
195
219
199
222
213
200
194
234
197
217
205
214
213
232
210
208
193
222
206
196
202
211
222
186
190
202
197
203
225
185
205
202
200
200
211
197
215
212
204
201
229
213
197
169
193
197
187
197
207
236
229
163
206
217
209
203
201
194
201
198
193
207
203
209
206
204
210
187
210
201
209
194
193
220
192
206
212
260
217
206
224
201
194
200
198
213
234
197
219
216
223
216
215
186
214
165
202
198
207
210
206
221
201
204
243
210
185
181
235
212
218
205
195
196
206
197
215
185
198
173
227
189
239
205
230
186
224
207
210
228
221
199
210
225
233
204
202
200
231
197
214
208
218
156
202
204
207
198
196
192
199
183
191
213
187
222
235
195
213
205
229
212
188
231
212
199
203
217
205
232
178
189
212
200
185
194
189
193
178
225
212
169
198
224
197
201
218
219
208
224
198
202
231
197
176
204
206
204
198
214
195
232
188
213
171
228
217
231
232
202
208
215
225
234
241
210
196
206
229
226
209
214
225
218
201
212
205
190
205
174
187
197
180
224
222
211
196
223
205
200
209
223
184
187
223
198
186
193
231
206
213
198
233
204
183
210
199
220
216
193
211
200
242
226
188
184
216
191
184
199
205
221
219
190
223
208
230
206
215
195
200
196
236
219
204
194
209
199
235
210
219
209
227
217
181
205
205
230
210
199
213
211
213
187
241
204
220
200
203
203
197
216
223
176
203
216
213
196
215
214
213
195
212
190
200
205
253
224
193
210
216
211
190
212
197
205
206
213
168
214
192
235
219
182
206
220
182
210
211
203
188
224
219
188
202
216
206
191
206
189
183
212
229
199
205
205
193
215
208
199
215
223
215
194
207
231
194
200
190
208
198
212
208
212
212
201
201
233
237
192
206
206
225
231
185
171
216
223
205
251
186
201
198
203
204
208
226
214
209
197
218
198
225
190
206
203
212
241
203
208
199
206
187
215
217
222
215
218
203
200
191
188
204
197
211
218
229
195
221
207
197
205
193
207
222
213
187
207
217
218
214
217
207
218
200
236
211
195
219
205
215
201
228
197
200
197
223
224
207
206
211
222
208
176
202
190
199
182
217
192
213
200
215
218
224
199
200
218
220
183
220
226
217
205
217
207
188
212
206
201
217
200
199
192
221
214
210
201
209
232
208
220
196
221
215
228
222
197
218
198
227
211
209
207
219
219
218
195
211
228
227
200
196
221
233
232
185
217
226
225
217
214
229
184
211
190
213
230
202
221
210
205
185
231
197
216
219
225
216
202
185
206
215
196
231
222
208
226
228
224
237
217
195
215
216
219
237
226
225
213
208
210
222
239
245
201
219
212
227
208
225
191
209
192
237
223
242
236
229
214
205
203
231
215
234
225
202
214
193
243
235
223
242
223
181
244
225
212
212
202
222
224
227
248
223
205
221
227
220
207
233
178
223
212
212
214
198
217
217
213
195
204
223
217
210
214
212
228
241
221
232
209
233
218
197
237
227
216
237
228
203
214
205
224
215
225
228
209
232
209
221
226
196
216
216
230
210
246
220
233
260
236
219
236
233
232
222
226
205
220
207
224
175
229
235
212
221
234
213
230
217
214
209
247
234
213
216
241
216
206
231
223
223
239
229
235
232
229
198
225
215
217
228
229
234
231
198
225
220
214
221
199
205
238
216
199
219
234
244
222
218
247
227
210
209
230
229
221
225
247
240
196
252
221
227
224
226
234
238
239
207
225
242
242
212
225
232
189
205
200
244
203
205
233
224
245
223
230
213
222
231
256
251
204
213
220
224
207
218
242
197
246
209
252
247
227
221
230
242
215
214
224
242
224
224
259
231
242
224
230
224
258
232
238
196
225
241
243
241
230
218
225
219
249
244
244
232
215
228
247
210
238
232
236
219
200
247
236
221
223
242
234
226
228
214
234
216
250
226
245
252
246
219
229
258
239
231
235
253
226
225
213
258
243
227
242
212
269
239
254
238
246
240
247
273
210
244
235
259
247
250
259
229
251
221
243
235
243
240
223
217
245
249
235
252
244
266
262
223
236
266
243
212
237
247
247
236
262
221
230
258
247
266
243
206
257
208
226
254
230
262
272
235
240
253
257
233
242
248
243
276
222
267
251
186
232
245
241
254
262
260
262
222
222
264
254
257
216
239
244
229
235
229
251
251
247
258
264
248
263
257
228
265
265
252
265
268
223
242
233
244
273
249
259
269
210
242
248
259
230
257
234
262
258
268
235
254
259
259
243
274
230
263
265
238
261
277
253
230
238
257
266
284
282
254
237
260
266
226
239
265
253
225
227
280
279
262
284
277
250
250
258
259
243
247
260
296
278
268
249
269
277
266
275
274
272
257
244
238
282
281
257
281
254
268
275
268
239
264
269
272
255
259
282
280
263
253
252
259
272
259
267
282
283
260
277
254
257
274
280
273
292
273
275
272
269
307
284
250
298
265
269
253
290
305
280
271
272
268
276
271
284
286
254
290
256
321
270
281
261
252
275
263
301
279
245
287
289
252
296
280
279
266
254
279
278
291
290
261
283
286
268
312
274
266
292
299
308
296
274
286
305
258
278
281
271
277
309
258
275
296
310
265
265
262
283
305
287
279
247
283
290
311
245
282
269
293
305
287
258
276
267
261
278
321
270
310
255
241
270
288
276
298
271
297
300
290
315
288
291
280
289
269
284
288
283
270
298
308
295
331
300
254
299
293
278
318
278
293
293
267
309
278
309
279
300
302
282
278
299
317
340
295
290
319
297
291
285
320
346
287
266
294
288
293
313
300
271
292
300
278
312
323
285
283
305
286
339
273
289
290
285
313
286
296
296
288
304
296
320
301
328
298
326
309
301
264
279
330
292
292
341
306
284
303
309
313
296
305
313
327
325
307
294
316
316
286
319
330
303
295
328
326
311
294
281
302
303
271
307
307
280
301
354
303
335
335
314
313
286
314
309
315
322
332
311
338
337
304
352
322
319
320
280
307
296
274
267
276
295
295
336
271
301
303
332
303
294
327
285
320
288
336
291
305
329
329
285
319
312
290
314
303
306
293
304
308
292
330
291
281
284
301
305
297
291
306
345
306
308
284
294
309
311
298
296
314
323
312
275
287
296
294
301
274
310
287
273
285
290
288
260
273
296
298
282
271
284
263
293
265
284
279
269
296
255
294
276
267
284
243
255
255
270
295
246
255
246
264
252
255
246
251
234
221
283
246
243
241
239
228
203
237
227
212
227
223
228
235
219
226
240
217
214
214
232
224
208
208
221
246
215
217
197
192
212
191
202
230
195
219
195
184
197
226
194
207
212
194
184
174
187
213
208
208
178
214
151
198
203
181
189
186
192
178
200
184
172
186
171
163
193
173
177
180
173
204
154
167
191
169
167
169
183
184
162
187
159
153
147
178
189
174
158
142
175
171
152
183
163
152
190
143
160
127
169
173
155
182
142
159
163
158
151
139
153
158
151
156
164
167
152
146
168
154
188
147
154
166
160
136
166
125
140
161
132
164
185
162
157
141
143
179
171
159
156
158
132
159
134
138
168
133
139
165
140
157
169
138
159
163
147
164
152
158
148
139
154
142
163
149
139
130
143
149
153
134
138
126
153
146
131
155
125
131
145
147
154
164
135
133
133
128
159
131
158
141
127
137
146
126
125
153
138
128
126
141
139
131
147
149
108
136
122
149
140
142
148
132
144
153
145
147
129
126
149
121
154
143
109
140
134
143
135
124
122
129
137
136
133
136
126
119
121
121
120
121
134
139
123
137
136
120
118
134
139
106
126
130
135
119
121
110
132
111
132
138
127
105
108
113
136
136
126
115
108
116
118
126
130
108
103
123
146
136
127
138
118
106
107
127
115
123
138
152
119
110
122
108
131
112
94
124
127
112
114
103
109
139
101
134
114
104
110
126
101
104
127
108
119
134
101
129
105
117
128
98
106
92
122
92
121
101
113
108
123
118
90
106
117
148
109
112
99
103
112
117
113
117
124
93
104
100
121
121
100
104
106
106
123
125
109
121
119
101
98
104
128
102
118
112
103
109
111
95
87
95
111
93
89
112
94
122
118
121
104
90
96
107
98
118
108
89
100
107
91
81
119
114
89
93
113
81
95
110
94
110
97
95
105
101
114
104
117
104
115
107
98
95
98
89
91
94
83
77
99
96
104
92
98
87
118
91
104
85
87
97
97
110
98
99
88
94
122
95
109
101
98
79
77
84
94
100
84
91
88
89
66
92
88
72
93
99
105
85
96
83
99
75
91
74
68
83
94
107
93
73
89
77
82
62
99
94
83
96
82
89
91
88
79
93
95
96
87
88
82
92
82
93
74
85
69
82
90
100
91
89
86
92
87
85
83
93
84
72
92
73
79
58
98
83
75
90
86
88
78
81
83
85
103
76
69
79
67
96
64
86
71
83
74
89
94
59
81
79
88
75
70
78
81
80
74
87
67
64
84
82
89
84
83
91
75
75
76
62
72
81
75
61
79
73
88
77
71
74
80
65
84
87
78
73
82
81
66
85
75
80
73
69
79
61
65
69
71
68
79
50
73
73
71
85
72
69
73
79
66
76
86
63
68
81
81
68
69
66
75
67
72
64
70
70
68
64
58
54
69
67
56
86
62
65
85
62
48
58
54
63
69
70
74
48
67
60
60
76
61
73
64
67
66
59
76
66
65
74
54
74
64
66
79
81
65
67
73
68
70
57
44
67
50
78
71
80
51
70
50
63
63
62
51
60
61
62
62
75
57
65
47
64
65
68
54
72
63
80
52
49
58
66
79
60
64
61
69
56
63
50
75
55
62
61
55
56
65
68
72
60
66
52
55
60
58
64
72
67
57
49
48
60
66
66
59
50
60
69
64
55
45
65
63
60
63
49
62
76
45
48
64
53
57
43
65
54
53
49
48
68
64
58
58
70
56
48
67
49
60
55
56
65
64
56
61
55
50
45
50
58
43
53
49
62
66
57
51
59
55
58
59
49
48
49
45
47
58
71
58
59
65
58
53
53
65
45
46
61
41
51
62
51
56
58
43
68
55
57
58
49
47
36
54
62
60
48
59
57
52
60
48
48
52
49
58
69
42
49
60
62
58
44
52
55
50
49
56
70
61
48
46
53
63
54
53
63
68
52
47
50
46
51
41
45
53
50
52
38
51
56
51
46
45
47
55
46
55
66
52
54
58
43
65
57
57
75
53
64
63
54
46
74
48
51
47
45
43
52
57
58
49
50
42
65
44
46
54
57
53
52
59
51
55
50
50
46
46
53
41
48
51
52
56
42
54
58
55
55
52
57
59
46
58
43
52
41
54
53
62
45
53
53
55
49
57
48
63
57
44
36
46
61
58
46
59
54
53
66
44
46
50
66
51
55
45
53
51
57
49
57
46
46
43
54
51
47
56
49
51
53
57
58
48
42
50
47
59
66
56
54
64
50
51
60
55
71
59
64
61
55
51
48
55
54
65
48
62
58
66
43
51
44
33
39
51
58
47
48
48
45
55
56
58
61
56
41
45
58
51
53
50
53
54
46
53
46
51
61
63
42
66
44
42
49
52
56
45
36
54
37
56
59
60
56
51
55
47
59
58
44
47
54
58
48
55
54
53
64
59
61
62
45
40
60
49
44
59
46
47
54
53
44
49
59
58
44
51
43
60
40
51
59
45
45
56
49
65
63
62
50
44
52
49
39
58
52
47
38
54
54
46
62
62
58
61
49
49
44
53
50
48
55
56
40
61
46
50
43
53
49
52
50
61
55
45
47
41
56
63
47
48
54
51
45
54
57
52
50
47
64
57
58
42
53
59
55
46
43
53
66
36
57
62
48
52
36
60
44
46
48
45
53
49
48
58
61
49
47
42
61
65
51
52
49
62
59
51
58
65
61
44
58
49
52
50
44
42
60
51
46
56
58
56
49
62
44
48
49
49
36
55
59
56
48
43
45
44
53
57
53
42
66
54
43
48
52
56
45
43
49
60
40
67
59
43
52
50
47
46
41
44
58
48
54
47
56
64
47
51
51
51
43
42
47
54
49
47
56
51
37
45
44
50
50
59
50
58
56
68
41
50
57
28
59
50
54
49
60
60
59
50
48
48
49
44
53
55
55
59
48
50
48
43
43
40
48
39
54
48
50
45
68
55
57
56
45
66
49
41
47
49
57
61
50
67
57
44
50
44
46
47
51
39
76
47
49
56
50
45
54
48
43
54
60
55
55
53
70
58
44
59
56
47
58
53
47
50
43
43
47
49
50
53
60
44
40
50
46
52
51
44
47
53
50
52
45
62
58
59
55
49
55
54
44
55
50
46
48
51
44
50
61
49
58
53
46
58
63
47
47
46
41
52
58
55
48
41
47
49
44
47
50
51
61
40
47
62
41
47
44
56
36
38
46
46
56
50
56
51
44
49
60
48
47
54
50
62
65
44
62
63
45
54
48
53
57
41
39
51
49
46
58
55
69
48
61
54
47
56
63
50
50
51
64
70
48
45
43
40
49
67
51
58
43
47
38
40
49
32
59
71
43
40
50
50
49
56
49
59
59
46
62
46
46
49
52
49
48
61
57
52
56
53
58
48
52
47
53
44
58
66
57
44
50
50
52
63
55
63
56
61
56
46
58
59
55
58
42
52
48
51
43
56
47
47
64
55
55
53
60
43
46
54
55
55
54
62
62
68
42
61
58
56
49
68
53
62
50
66
55
51
52
40
42
57
60
65
54
64
67
75
63
57
53
67
66
63
78
52
54
51
75
63
67
58
48
51
56
62
52
63
49
62
70
51
62
72
67
82
72
71
68
70
63
69
78
64
66
69
64
76
74
71
85
61
69
75
77
78
81
87
78
69
71
60
80
77
73
77
74
78
91
73
69
73
71
81
68
90
84
93
89
69
72
63
89
87
72
83
85
72
83
67
84
82
91
83
84
89
105
94
83
83
79
98
102
95
114
103
95
89
101
108
112
88
111
108
136
117
122
120
109
123
128
112
133
127
136
138
150
163
146
150
163
135
151
152
154
180
159
170
184
198
172
192
172
213
217
229
221
230
268
212
268
290
313
281
353
330
379
397
428
467
518
572
667
789
852
917
1067
1230
1339
1670
1878
2047
2435
2709
2981
3473
3767
4129
4669
5158
5738
6247
6807
7379
7874
8629
9083
9491
9983
10671
11099
11208
11428
11748
11999
11697
11728
11530
11474
11069
10844
10444
9781
9369
8827
8265
7808
7055
6569
6093
5539
4993
4525
3996
3638
3281
2806
2604
2187
1887
1630
1448
1288
1061
935
790
720
563
494
412
376
346
270
234
199
204
152
104
125
116
112
92
88
80
60
71
61
46
40
39
50
27
35
37
37
35
20
29
22
26
31
25
20
13
22
24
20
23
26
28
16
14
25
19
20
24
15
29
24
16
15
27
13
10
17
18
17
19
15
10
7
20
10
19
18
14
13
15
13
13
13
14
18
13
17
10
20
18
8
15
9
13
12
10
14
13
9
13
12
11
8
17
11
17
13
11
10
14
18
8
10
12
12
17
17
9
8
13
17
16
10
14
8
16
12
18
9
4
10
19
11
13
12
16
11
15
17
11
6
14
14
7
15
11
18
5
9
13
11
8
9
13
13
12
8
7
14
14
12
15
13
18
11
12
14
11
15
13
11
13
5
15
9
13
8
8
12
14
16
9
9
13
14
10
12
14
15
10
11
11
10
6
9
12
16
17
14
12
7
12
6
10
9
6
11
10
8
15
10
13
7
11
3
7
11
8
6
8
10
10
11
7
12
10
12
11
9
10
6
7
18
11
11
11
11
7
9
12
11
12
10
5
11
8
6
4
11
11
7
8
7
10
4
6
7
9
8
7
8
6
2
9
3
12
3
8
11
5
7
11
6
9
13
11
2
4
9
8
11
7
7
10
7
6
9
9
6
9
8
7
9
3
10
6
5
6
7
5
10
12
5
7
6
6
5
8
4
6
7
8
2
2
8
6
9
9
8
9
7
10
4
13
9
7
9
6
9
9
7
8
5
8
4
9
4
5
8
8
5
8
8
13
9
8
6
4
9
10
9
3
7
9
7
12
5
3
6
9
3
6
7
10
6
4
9
5
7
4
6
11
8
4
7
7
10
9
6
6
7
9
6
3
6
9
7
7
6
4
12
7
3
3
7
12
7
3
6
7
8
7
7
8
8
9
10
7
8
6
8
9
14
4
7
6
6
7
10
9
8
5
9
6
8
5
3
9
12
9
13
7
6
3
10
5
5
6
5
7
8
10
9
10
6
5
3
6
9
6
9
9
8
8
3
3
6
5
8
6
7
6
7
10
8
1
4
10
8
8
5
7
1
8
6
8
6
6
6
5
6
9
8
18
5
4
6
7
7
4
5
5
9
6
6
6
8
7
5
9
3
10
7
8
7
9
5
5
6
9
12
6
7
2
7
5
6
11
5
7
2
8
10
8
4
5
6
5
6
3
10
7
7
5
6
8
1
5
5
6
8
4
6
5
6
2
7
7
2
5
3
7
11
5
9
2
4
7
9
6
5
0
6
5
4
8
10
10
3
9
9
4
7
2
6
6
6
9
9
7
3
3
7
6
4
7
5
3
5
7
4
4
9
7
4
7
6
4
3
5
5
4
3
3
4
4
5
5
7
4
6
1
5
7
9
3
12
5
4
11
7
3
5
3
1
4
4
5
10
4
3
1
1
5
7
10
9
5
6
7
6
6
6
7
6
6
5
4
3
6
10
5
5
6
4
9
8
1
4
8
7
6
7
11
7
3
11
3
6
7
6
3
8
3
5
8
3
2
8
7
2
2
5
10
5
6
8
6
3
3
12
7
2
0
10
3
9
6
5
9
7
6
6
2
3
2
3
9
4
3
7
5
5
3
2
8
3
5
4
6
1
5
5
9
1
11
7
4
6
11
7
7
4
2
5
5
3
7
12
10
8
9
3
3
9
7
5
7
3
5
4
2
4
8
5
7
3
6
4
11
5
5
3
0
12
5
3
3
9
5
6
5
8
8
7
2
10
3
5
3
7
8
5
3
10
4
2
4
8
10
5
5
6
7
3
2
9
6
6
4
5
4
2
6
6
9
3
5
10
1
2
6
6
10
2
8
3
4
12
5
4
7
7
3
5
5
5
3
11
3
9
6
8
6
4
3
6
7
6
1
8
6
6
4
9
4
7
7
7
4
4
5
4
7
4
3
6
8
5
1
3
3
8
7
5
5
3
4
3
6
7
6
4
9
4
4
7
3
5
4
6
4
5
4
8
4
4
3
3
2
6
3
8
6
1
6
4
3
4
1
1
3
2
2
7
8
8
1
4
3
2
7
5
4
3
6
9
8
5
3
4
3
2
5
5
2
6
2
4
3
4
9
8
7
6
5
4
5
2
6
2
9
10
3
8
8
6
6
3
2
7
3
2
10
9
8
7
0
11
10
7
8
9
4
5
3
7
6
5
3
4
7
10
2
4
9
3
7
7
6
4
7
6
7
5
9
7
4
4
3
4
8
3
5
7
3
2
7
5
6
5
4
8
6
6
5
4
6
5
2
5
5
6
5
2
4
2
4
9
6
3
6
5
5
3
2
8
7
5
4
3
8
3
6
3
2
6
4
8
3
1
6
4
5
5
7
4
4
4
8
3
6
8
5
3
4
4
5
7
11
6
2
4
1
4
4
5
8
6
4
2
5
5
5
2
2
4
6
3
5
8
11
3
4
4
5
2
4
5
4
8
8
4
6
12
3
1
3
4
2
6
5
0
4
8
7
3
2
4
6
4
4
5
7
6
1
8
4
3
2
5
3
6
2
4
4
6
3
6
11
5
6
3
3
1
6
3
3
4
3
4
5
9
5
3
6
8
7
5
0
4
7
9
6
10
7
4
2
5
7
3
4
6
3
3
3
6
6
1
5
7
6
5
3
6
4
9
3
3
7
4
12
3
9
6
11
4
6
8
4
4
6
2
1
7
3
6
3
5
4
6
6
1
5
3
5
5
5
7
2
5
4
3
7
4
2
4
10
5
6
7
8
0
5
10
1
4
7
1
6
6
3
5
7
1
6
3
2
7
3
6
3
4
6
8
6
5
4
6
7
2
4
7
1
5
3
6
7
4
6
5
7
5
4
3
2
4
4
9
4
6
4
5
9
2
6
3
2
5
3
4
5
1
6
3
3
5
4
3
4
4
6
4
9
7
4
4
5
5
5
3
8
5
6
5
3
4
8
8
8
8
3
3
5
3
4
6
5
5
4
3
7
3
5
2
5
2
4
2
4
7
1
3
5
5
5
3
5
2
5
9
3
9
6
5
1
6
5
5
5
4
5
1
4
3
7
0
4
7
5
2
4
2
4
5
11
2
5
6
4
7
3
3
8
1
8
4
3
4
8
3
7
4
8
6
3
6
2
3
1
6
7
4
7
2
6
6
4
2
5
7
1
4
2
2
3
4
5
3
1
8
2
8
3
6
9
4
2
7
3
2
2
6
3
2
3
2
6
2
5
5
2
5
9
6
7
2
5
5
4
2
5
2
4
5
3
3
5
5
6
3
5
2
3
4
8
4
2
2
5
7
2
13
4
4
4
3
4
6
3
2
6
4
4
4
5
1
1
2
5
4
6
5
3
6
5
6
5
4
4
4
4
2
3
3
5
4
3
3
8
7
3
6
3
2
4
3
4
6
9
4
4
4
5
2
1
4
4
4
4
7
6
4
6
2
10
6
2
2
6
8
2
6
0
2
2
4
3
4
7
2
1
3
2
3
5
4
3
8
5
2
7
4
5
5
5
5
8
4
2
5
1
5
2
3
2
2
6
6
4
3
3
2
1
5
6
3
1
7
3
5
3
4
8
4
4
6
4
2
6
4
3
3
6
4
7
3
2
2
2
3
3
3
2
2
5
4
5
5
7
7
7
6
7
2
8
4
2
4
3
6
6
3
3
7
7
6
5
3
4
5
5
4
6
2
8
5
1
4
6
4
7
6
5
3
2
6
4
4
4
5
4
3
7
5
4
3
1
5
6
6
1
5
3
2
3
3
1
2
2
6
4
3
2
3
2
7
5
2
5
2
9
2
4
4
5
8
4
5
2
5
1
3
2
7
9
3
5
5
8
8
2
9
3
6
5
6
2
4
4
5
3
5
3
3
5
6
2
3
4
3
8
5
6
2
4
4
6
2
6
7
9
3
2
2
1
3
3
4
3
4
0
4
4
4
8
4
4
5
4
7
3
3
2
3
4
3
3
3
6
8
5
5
1
7
2
5
3
7
5
3
5
4
0
0
7
3
5
4
4
5
3
5
4
4
3
3
7
3
4
3
4
5
6
3
4
2
2
1
5
2
2
3
4
3
5
4
8
4
3
5
1
4
2
6
5
7
5
8
3
6
3
8
4
4
0
4
5
5
5
1
5
3
5
3
6
6
3
6
3
3
3
6
5
5
1
6
1
6
8
4
3
2
3
3
5
4
5
6
2
4
3
8
4
4
9
6
6
4
3
3
4
9
1
5
5
4
6
4
2
6
4
4
4
5
8
10
5
5
3
6
5
3
7
7
3
4
5
5
1
2
2
1
4
2
1
1
4
4
7
4
4
5
5
2
1
5
3
1
7
5
4
6
7
4
3
2
3
5
2
4
1
3
3
3
4
7
3
5
3
1
4
2
3
5
4
1
5
4
6
4
5
2
3
5
8
5
2
3
2
2
2
4
5
4
2
4
3
5
4
4
4
8
4
5
4
6
1
3
2
5
2
5
5
3
2
3
5
1
2
3
5
1
4
3
5
3
6
4
2
3
4
3
7
2
2
6
5
6
4
7
2
6
4
7
5
3
6
3
4
3
5
2
1
6
3
6
3
4
7
3
4
1
3
2
6
5
4
6
3
5
5
6
4
4
2
4
6
4
3
7
2
6
1
4
0
1
3
2
1
5
5
6
4
4
3
3
3
7
5
5
2
1
2
4
5
1
2
3
4
10
3
5
4
5
1
5
5
5
4
1
4
6
9
2
4
7
2
2
2
3
4
7
4
5
6
3
3
3
2
7
3
5
3
2
5
2
2
4
2
5
3
2
2
1
3
1
4
2
3
3
1
5
4
3
4
3
4
5
3
6
4
3
3
5
2
3
5
4
3
3
4
5
3
4
5
9
3
1
1
4
5
6
4
7
6
2
2
3
5
5
6
6
4
2
3
3
5
4
5
0
5
3
4
5
3
2
4
4
4
5
3
2
6
4
4
3
4
1
1
1
3
7
3
2
4
6
3
6
2
6
5
4
6
1
7
6
7
3
1
9
7
2
4
2
4
1
4
7
4
5
6
2
8
3
4
3
2
4
5
7
3
3
4
3
4
4
4
2
3
6
1
3
6
1
2
3
5
1
3
1
3
4
5
2
4
2
1
2
2
5
1
4
5
2
1
3
4
3
7
3
2
1
2
3
2
4
9
5
7
5
3
2
3
0
6
2
0
8
10
3
1
1
5
5
1
3
5
5
10
3
2
3
3
6
4
6
4
1
4
4
2
1
4
4
1
4
5
2
6
2
4
3
4
5
1
5
6
4
4
2
3
5
1
5
5
2
3
0
2
6
4
2
3
3
4
1
4
3
2
3
2
1
4
3
7
1
3
1
5
3
3
6
4
3
3
2
3
5
4
7
8
4
3
11
3
2
5
7
2
2
5
3
5
8
7
4
3
1
9
1
3
8
4
7
3
3
4
2
4
5
3
4
3
3
3
2
1
3
0
2
2
3
4
5
4
2
3
2
11
6
2
3
3
3
2
3
2
4
4
3
3
6
2
5
5
0
2
3
5
1
6
2
3
5
2
6
3
3
3
4
4
3
2
5
3
2
8
5
4
2
1
3
3
5
7
1
3
2
2
3
6
1
3
1
7
5
4
2
2
3
2
3
5
1
2
2
3
5
3
2
6
1
4
3
3
3
1
4
4
3
3
4
6
6
2
0
2
3
4
3
3
4
2
3
3
4
4
2
1
2
2
5
5
4
4
5
4
4
3
3
3
3
7
5
3
5
6
3
2
5
4
3
5
3
2
3
0
3
3
4
4
6
7
0
1
5
7
3
1
6
2
5
5
3
3
3
1
3
2
2
1
3
5
2
1
4
6
3
3
3
8
1
3
3
5
4
3
2
2
1
4
1
5
5
2
3
3
2
1
5
2
5
3
3
6
1
2
0
3
5
5
3
3
1
2
4
2
4
6
0
4
3
2
2
7
5
0
2
9
6
4
3
1
2
4
2
8
2
2
7
5
2
1
2
5
3
4
5
4
2
2
4
2
2
5
3
4
4
7
4
2
1
2
6
7
3
2
3
0
3
3
5
2
5
4
2
2
1
5
3
3
2
3
1
5
2
0
4
0
1
3
0
1
1
4
7
3
4
2
4
4
0
0
3
3
2
3
2
2
4
6
1
0
3
3
0
1
4
3
1
4
1
6
4
1
3
4
7
4
4
1
2
6
5
2
2
0
5
2
1
3
2
3
2
4
3
2
2
1
2
2
6
2
3
3
4
3
4
1
1
4
3
3
0
3
2
2
1
7
3
3
6
5
4
2
2
5
1
5
2
3
1
4
1
2
2
4
1
3
6
2
1
6
1
4
5
1
4
2
2
4
2
1
4
3
0
3
0
3
1
4
5
4
4
0
2
1
2
9
2
3
5
2
4
3
5
2
4
4
4
7
3
5
1
1
4
3
4
7
3
2
3
3
3
2
2
2
2
1
1
1
1
3
2
2
4
4
5
2
7
3
2
2
0
2
3
1
4
2
3
2
4
4
4
4
2
1
2
2
2
6
2
0
149
196
208
193
209
186
217
210
184
203
206
230
176
197
206
207
212
234
231
213
215
219
197
232
209
210
232
242
218
217
261
261
278
278
257
260
301
297
301
281
319
317
321
361
307
355
337
339
358
378
354
322
432
385
402
394
413
417
444
428
423
463
466
483
499
512
503
533
519
589
558
573
545
622
636
673
671
682
703
721
761
783
835
814
886
874
920
878
951
1005
1064
1076
1137
1231
1384
1651
1999
2791
3873
6023
9060
14090
21288
31297
44313
59602
76247
92887
105660
114352
116188
112420
103345
90680
76146
62803
50730
40069
32352
26544
22585
19456
17382
16215
15179
14733
14046
13638
