19
19
15
22
18
37
28
16
25
22
23
34
20
30
21
16
16
14
28
22
28
17
18
21
17
17
16
24
25
26
18
21
23
19
19
13
19
23
19
16
25
15
11
12
19
9
22
13
18
21
20
12
16
13
19
17
26
20
57
55
99
176
293
367
360
376
401
434
504
633
727
1003
1160
1189
1163
1035
936
762
736
604
573
551
516
483
449
484
448
430
426
410
432
504
429
467
460
431
473
476
454
470
458
478
454
440
404
417
457
425
422
415
448
435
416
419
422
482
445
450
431
420
412
447
424
424
418
409
447
452
434
452
434
474
412
419
439
431
405
450
438
450
409
470
418
425
455
450
417
452
449
428
394
410
455
413
445
455
425
434
427
462
380
401
413
420
399
459
402
442
475
441
437
418
430
430
448
441
458
435
479
412
449
407
448
438
429
432
415
417
465
422
443
432
435
410
452
453
406
467
426
470
445
440
467
414
464
450
460
419
455
436
486
438
490
436
485
470
489
465
453
489
438
483
440
492
471
481
472
467
482
449
495
496
438
464
467
422
462
471
491
474
490
522
463
493
478
502
523
433
440
517
482
494
514
492
500
461
462
496
479
445
480
491
467
569
503
517
500
501
534
499
486
508
492
489
537
488
495
484
480
494
507
476
538
498
514
539
525
530
521
475
515
554
506
518
548
514
524
503
531
528
545
504
554
548
537
531
514
510
525
516
556
549
560
531
529
549
554
569
584
498
545
557
552
524
518
524
554
550
556
539
529
602
538
594
580
562
542
595
583
550
579
555
571
590
573
595
574
611
594
558
603
557
615
613
612
570
595
599
565
578
532
552
611
655
617
546
577
547
638
583
596
592
577
560
597
652
602
574
587
637
575
603
601
631
609
636
583
625
623
629
597
616
586
625
634
622
637
585
617
583
617
599
630
598
602
613
605
639
627
616
632
584
658
595
633
570
614
673
635
598
637
589
601
648
644
601
640
719
638
640
626
573
641
640
602
637
609
659
665
587
581
621
594
625
603
632
612
564
596
610
616
622
617
637
608
619
633
618
657
610
601
626
635
618
655
631
606
647
639
646
654
653
600
612
655
686
654
609
624
642
639
653
626
632
694
632
631
645
666
599
660
618
649
637
637
628
616
659
567
645
662
664
602
619
629
644
667
653
647
619
614
646
633
659
625
676
620
667
667
638
641
630
643
691
658
616
636
655
622
629
608
600
596
665
649
604
661
679
642
680
625
691
626
626
637
621
651
653
645
695
674
709
659
655
664
653
618
638
667
678
649
670
656
689
656
641
668
631
634
638
661
678
633
676
645
673
687
628
648
652
651
678
636
659
645
630
643
649
661
655
717
665
672
682
675
704
658
616
660
709
673
683
668
659
693
649
665
635
675
674
692
666
647
689
665
651
664
659
650
672
631
691
647
709
659
670
706
625
650
668
671
683
661
632
672
643
673
690
683
705
669
680
624
650
677
655
695
679
657
611
662
693
664
649
672
653
660
653
707
657
660
689
666
672
659
668
693
638
671
691
654
701
625
677
709
670
636
668
674
698
703
667
650
663
696
660
685
690
687
653
689
658
685
684
661
684
716
694
631
622
686
650
660
660
695
675
695
683
643
665
700
670
640
679
699
633
689
688
629
703
656
686
653
678
678
659
660
654
652
692
680
659
736
676
620
675
603
668
642
679
630
645
659
707
666
683
635
639
671
649
633
615
663
674
671
647
663
645
666
645
684
655
669
649
671
679
702
701
678
663
730
689
645
666
713
651
663
681
661
637
618
667
578
641
655
711
693
714
702
682
705
663
668
700
609
691
697
648
719
681
689
685
672
655
679
669
696
692
686
701
684
724
665
702
683
654
737
726
681
709
721
716
703
719
750
703
740
682
706
701
747
713
677
696
716
708
720
726
700
704
744
708
742
782
755
700
761
729
779
778
737
738
731
795
783
764
798
714
760
748
767
730
792
737
743
794
763
759
769
747
787
796
811
785
814
795
813
842
786
826
835
829
812
801
825
833
801
798
791
818
815
774
829
830
861
812
784
846
863
849
816
838
835
798
839
846
855
807
827
838
855
827
892
816
818
838
766
813
830
852
807
845
829
809
808
825
860
853
851
824
801
791
827
866
796
832
829
816
849
839
824
845
797
840
802
848
774
774
818
864
834
871
827
814
775
805
794
815
777
795
785
823
807
800
798
800
833
757
794
769
823
758
817
828
797
825
807
820
824
856
853
832
790
806
778
798
808
814
790
797
812
766
841
760
779
815
795
810
789
783
845
772
793
806
806
793
787
752
753
775
773
772
761
779
769
751
803
741
803
756
779
792
772
808
758
731
795
756
723
764
786
756
760
752
747
732
755
801
831
768
725
724
810
746
770
758
702
777
761
732
723
787
764
705
738
741
788
768
747
746
743
763
743
732
766
692
724
738
780
706
702
749
744
712
732
741
729
689
719
740
715
723
775
743
750
736
721
773
702
703
745
738
754
747
764
711
740
763
783
739
721
724
766
761
763
727
755
710
731
750
733
711
693
730
747
675
712
689
719
715
708
763
661
729
729
700
725
739
671
694
696
663
683
683
695
725
754
716
734
685
737
679
759
707
716
708
734
666
690
699
682
672
708
640
677
660
714
725
702
652
693
642
683
723
702
721
717
675
689
640
666
638
692
642
682
715
726
693
662
670
735
632
657
666
716
657
659
715
675
660
644
639
672
695
655
692
641
655
629
655
669
716
693
674
655
675
726
625
660
633
671
677
611
687
618
636
690
678
643
643
654
603
643
665
598
640
659
656
711
653
661
648
644
662
649
672
644
624
650
661
686
629
678
632
676
672
580
639
619
655
643
641
606
642
673
679
655
603
620
607
644
631
578
677
651
617
632
610
622
627
624
639
654
634
628
636
627
637
573
620
667
615
641
651
652
575
620
592
633
626
610
634
616
625
592
618
676
652
654
574
594
605
567
654
598
574
547
612
616
609
618
629
609
603
616
611
639
583
590
528
631
643
524
587
622
587
623
655
605
610
609
592
603
593
570
588
599
550
622
625
617
606
554
582
605
583
594
589
625
597
608
616
629
581
611
596
563
560
587
608
582
542
592
597
577
615
618
582
567
539
590
581
584
591
631
588
573
636
563
553
584
563
592
583
577
522
575
534
609
591
600
579
566
584
542
603
556
582
563
570
548
576
543
602
575
551
578
556
549
569
583
580
535
574
566
573
570
580
571
584
563
571
593
612
581
619
599
595
578
564
523
528
579
581
533
542
584
557
576
581
580
519
537
542
602
552
580
534
574
586
578
587
559
546
521
583
547
541
590
570
535
573
566
519
599
566
570
603
570
529
531
520
531
563
530
566
575
544
533
547
563
539
586
541
576
574
568
587
525
546
537
523
545
558
532
577
582
598
576
573
569
542
543
570
570
499
555
557
559
576
577
530
572
567
576
589
571
568
598
585
559
537
584
599
563
573
561
536
588
600
568
532
584
585
623
609
554
554
563
587
572
592
568
513
584
577
550
557
539
563
518
575
582
572
530
545
598
555
541
547
584
559
570
579
546
549
523
550
569
526
585
569
553
567
601
545
529
503
594
558
570
534
565
576
574
537
516
541
619
544
576
611
536
571
551
543
521
562
582
509
548
533
538
547
528
582
516
509
494
552
581
561
569
503
553
570
559
570
551
543
511
524
571
528
551
566
541
505
477
484
539
536
535
535
518
556
513
528
502
557
536
492
523
491
537
509
496
473
557
471
518
548
512
535
565
520
499
486
513
488
489
510
505
489
486
471
488
473
490
496
505
479
520
508
486
537
477
501
489
463
480
450
482
452
407
472
464
456
444
473
441
442
448
479
509
452
444
429
430
457
432
435
483
437
429
439
424
403
428
377
451
434
443
409
380
429
436
385
424
403
423
410
406
413
419
420
427
428
403
437
396
399
391
376
368
414
424
365
392
396
376
389
390
395
351
418
402
352
375
355
338
410
331
399
364
371
384
348
335
348
307
352
394
383
363
374
337
347
351
388
376
354
343
362
325
358
351
340
342
350
354
309
341
338
319
323
317
340
335
312
308
348
312
317
343
318
341
296
347
337
310
333
304
294
305
337
299
311
332
323
286
308
359
305
314
315
285
310
291
300
324
313
327
268
313
298
300
302
272
314
294
305
296
289
321
289
287
286
316
272
290
311
284
325
301
267
293
306
303
312
293
304
261
268
304
286
261
291
250
270
310
292
268
276
272
293
303
281
265
286
321
274
259
263
285
289
277
294
281
302
305
264
253
266
245
245
273
297
300
269
249
272
262
288
245
280
309
252
272
256
282
260
269
277
264
260
244
255
243
279
239
266
276
265
254
260
254
213
241
257
267
223
260
227
265
266
238
260
250
235
274
229
269
255
249
243
275
271
238
245
244
275
250
233
253
282
249
243
242
229
252
258
250
246
254
269
258
230
230
274
234
247
210
272
238
210
265
240
252
253
232
229
250
227
216
253
246
236
252
268
222
252
244
244
218
213
223
232
227
250
216
214
234
233
263
237
232
240
229
230
205
248
230
232
249
235
223
242
238
240
216
229
225
229
255
215
222
237
199
218
216
234
191
219
220
231
264
222
210
229
221
209
219
204
250
216
233
239
230
206
218
225
206
221
219
216
227
222
218
211
231
228
233
216
211
244
234
201
192
231
213
234
231
215
223
247
203
226
204
221
228
237
235
180
233
236
214
229
238
215
224
213
222
225
191
230
218
198
211
236
229
214
188
225
192
225
241
220
211
209
246
225
196
185
218
231
215
232
206
219
227
192
180
208
219
204
219
226
217
218
199
211
205
219
217
222
216
220
192
201
186
205
210
190
214
218
225
210
219
220
223
225
207
229
228
240
219
207
211
227
194
215
223
216
224
209
205
224
219
217
192
207
215
228
201
205
198
216
210
217
223
211
219
191
228
215
228
195
229
192
218
219
189
235
200
218
220
197
223
206
202
195
214
209
209
204
221
226
224
234
207
205
228
185
226
228
176
218
242
268
222
208
206
207
205
221
213
191
205
224
221
215
188
189
205
205
197
203
187
214
212
193
236
215
190
221
213
223
213
233
229
205
192
185
221
200
217
212
188
220
222
215
214
224
214
217
209
225
224
196
212
207
194
206
213
223
192
204
230
194
191
216
191
203
214
196
211
191
206
188
198
229
214
212
213
211
209
192
207
236
220
231
193
190
204
228
213
216
208
239
179
221
219
235
207
213
199
213
209
225
209
181
218
209
187
231
227
208
196
206
227
192
224
205
200
235
200
199
222
225
210
238
205
231
219
214
227
223
192
236
214
226
248
225
226
238
248
229
223
232
247
272
236
231
252
246
221
251
251
249
228
288
228
250
256
251
268
247
274
250
257
254
256
262
255
243
304
273
288
268
273
259
269
298
279
307
277
300
312
297
308
326
340
289
325
321
335
349
347
356
356
382
335
358
386
410
410
379
395
402
409
429
406
413
392
463
453
441
464
431
485
400
495
477
475
479
492
510
517
492
515
521
573
551
564
566
587
549
557
559
617
616
643
666
614
685
665
701
734
717
687
670
722
780
727
802
750
750
804
796
839
883
818
889
860
880
909
919
938
974
995
953
966
989
1097
1023
1052
1036
1088
1108
1092
1190
1169
1161
1183
1131
1266
1220
1255
1217
1339
1256
1346
1262
1335
1417
1344
1409
1455
1450
1456
1482
1598
1538
1510
1581
1518
1636
1638
1645
1654
1643
1740
1741
1751
1750
1767
1781
1804
1941
1910
1835
1962
1976
1931
1909
2019
1995
1980
2048
2170
2094
2170
2104
2167
2187
2195
2283
2263
2295
2336
2353
2431
2412
2475
2404
2515
2510
2444
2470
2552
2629
2519
2531
2514
2667
2720
2686
2680
2873
2768
2787
2834
2816
2723
2847
2849
2869
2967
2896
2915
3018
2998
2957
3091
3037
3039
3002
3108
3024
3207
3201
3208
3183
3294
3173
3267
3251
3214
3261
3317
3255
3330
3365
3414
3314
3407
3379
3481
3417
3424
3407
3485
3526
3436
3544
3423
3487
3451
3469
3487
3532
3544
3590
3536
3469
3459
3592
3601
3658
3526
3531
3684
3629
3513
3525
3574
3583
3611
3576
3641
3602
3591
3594
3587
3603
3555
3714
3621
3516
3602
3668
3614
3620
3619
3560
3602
3603
3564
3491
3575
3567
3472
3497
3511
3585
3523
3451
3420
3444
3402
3497
3494
3377
3451
3393
3458
3405
3465
3398
3299
3353
3257
3183
3288
3223
3340
3195
3201
3187
3143
3173
3087
3161
3063
3129
3022
3103
3056
3088
3038
2969
2917
2956
3008
2860
2883
2856
2807
2924
2763
2760
2659
2738
2715
2807
2651
2636
2590
2582
2680
2562
2545
2587
2444
2506
2434
2378
2370
2375
2305
2270
2332
2319
2237
2199
2214
2136
2124
2133
2148
2026
2085
2035
1990
2078
1961
1924
1962
1947
1952
1846
1917
1855
1786
1821
1820
1727
1782
1782
1661
1694
1672
1671
1558
1610
1543
1573
1505
1517
1465
1453
1389
1408
1409
1414
1330
1405
1312
1322
1342
1252
1282
1197
1203
1189
1227
1180
1180
1159
1146
1062
1100
1048
1050
1042
1030
982
1002
1005
988
998
946
914
944
883
919
865
846
874
868
805
814
814
763
785
800
767
764
740
788
702
670
685
711
679
649
648
655
608
650
549
662
595
650
566
583
548
594
554
569
535
532
523
520
467
479
449
490
479
456
417
442
469
486
428
421
403
419
383
379
391
405
421
382
366
353
344
387
342
369
355
323
366
321
360
367
312
316
299
323
324
290
328
326
294
303
263
270
256
302
276
252
285
256
252
243
259
250
265
238
238
247
257
247
233
237
242
225
229
237
223
236
236
194
222
232
233
207
204
187
187
195
200
199
211
213
196
218
206
187
161
179
189
164
186
182
181
168
200
189
171
169
188
177
182
152
159
165
178
168
154
160
145
181
181
143
168
181
143
144
161
119
157
160
166
182
166
172
135
141
169
152
145
147
117
144
134
148
147
134
137
138
124
141
118
125
135
153
141
135
131
137
126
138
130
156
149
116
133
136
116
125
126
149
127
111
149
122
137
124
127
136
127
125
120
116
119
117
116
113
140
132
123
107
119
123
111
126
113
122
113
117
122
125
113
126
109
105
82
123
109
106
97
112
128
92
113
127
122
121
113
96
113
105
108
116
107
103
126
110
107
93
127
99
88
112
96
114
120
113
93
81
96
108
125
108
104
102
107
100
101
116
91
99
124
130
103
128
115
113
102
98
108
104
103
111
108
108
124
108
92
117
112
94
109
98
110
106
104
92
110
116
92
103
94
98
111
118
100
114
114
109
104
109
100
119
101
104
99
107
94
97
104
91
96
103
98
106
101
103
90
88
87
96
89
99
116
110
97
102
114
94
98
100
92
120
92
108
94
118
113
100
99
99
94
88
124
100
100
107
99
111
107
112
94
94
94
95
95
103
107
103
101
86
94
104
95
94
115
112
88
97
105
95
118
93
105
85
85
91
103
98
106
115
123
83
109
130
116
94
98
112
109
105
95
103
103
94
93
114
107
88
107
115
113
108
119
105
105
93
96
96
113
101
105
95
98
100
98
96
113
111
103
86
113
111
78
96
93
106
103
93
96
106
96
95
86
108
92
115
97
102
92
90
115
109
70
98
101
97
114
96
96
107
94
87
88
101
107
92
98
94
101
100
96
97
107
98
109
87
97
93
110
91
87
106
90
82
112
105
93
91
116
98
67
105
98
102
95
88
98
95
79
110
92
111
96
112
112
107
102
105
108
85
86
91
84
101
97
97
113
107
87
105
102
92
103
103
100
90
96
94
98
110
110
97
103
86
113
88
99
98
99
92
100
98
81
110
97
123
80
102
93
92
95
90
100
88
82
103
96
105
117
123
90
116
96
90
86
85
86
88
99
106
98
97
83
94
106
85
100
108
78
77
94
85
115
111
117
81
94
85
99
115
93
104
83
100
94
91
98
88
119
93
94
98
113
94
89
94
99
94
92
84
108
93
91
94
89
91
102
79
102
94
99
93
108
86
101
93
93
89
104
94
96
103
101
94
92
97
83
80
103
114
95
95
80
96
103
96
109
89
85
105
108
108
91
112
92
94
104
91
87
98
100
103
109
98
110
113
111
96
104
110
105
103
101
102
86
89
99
106
97
119
85
100
93
109
105
105
102
93
87
80
107
101
97
88
106
88
104
87
114
100
101
100
96
96
94
106
103
105
106
114
87
104
93
103
105
115
102
108
112
97
108
114
106
98
89
85
96
88
94
91
104
100
112
126
96
104
102
98
113
92
102
82
119
110
106
93
108
92
107
107
93
115
104
109
107
98
92
111
112
94
121
103
104
90
103
100
105
108
106
101
97
101
109
139
108
94
102
88
114
93
113
89
125
87
82
104
92
98
89
78
102
103
109
109
113
82
94
102
97
91
113
99
106
100
96
115
97
94
91
102
103
91
101
106
87
98
120
94
106
86
100
96
84
83
112
93
111
96
108
108
114
113
98
93
102
112
88
93
98
89
113
96
95
103
95
115
86
101
115
96
106
99
124
112
106
101
105
98
110
107
92
102
93
94
91
111
96
103
113
100
100
105
109
105
105
108
106
100
95
109
109
104
110
102
85
75
105
104
90
93
96
95
96
104
102
109
98
90
116
114
106
102
102
99
109
90
84
114
97
96
102
83
91
78
104
104
83
98
85
106
103
94
89
103
93
104
90
87
98
94
90
97
79
94
92
92
85
99
109
92
95
102
99
121
95
103
101
110
112
87
105
87
80
105
109
109
112
94
102
79
97
105
83
99
104
98
96
108
83
106
99
92
99
86
124
108
97
101
103
102
91
106
98
106
83
91
107
89
103
106
99
90
88
87
97
89
91
97
94
104
90
100
121
69
102
94
107
103
94
86
94
86
98
101
97
93
98
108
107
87
111
104
99
95
112
103
94
88
89
124
96
102
93
101
96
96
94
82
96
103
100
87
110
108
87
81
98
98
105
98
101
99
93
91
116
92
91
96
110
89
107
93
100
112
97
91
87
86
113
101
87
88
102
101
107
109
91
90
88
101
79
107
86
108
97
104
81
108
104
102
97
122
87
97
108
93
86
104
97
104
113
110
99
80
115
105
89
103
114
122
111
100
92
87
80
108
105
97
104
84
98
104
85
96
89
103
97
86
94
99
109
98
96
100
87
104
120
84
97
116
79
100
84
105
95
110
92
92
109
99
93
84
87
81
117
97
91
110
98
95
80
94
78
91
89
118
94
100
89
109
109
111
88
93
88
100
93
118
90
99
95
101
101
98
121
115
106
99
94
100
99
97
122
88
104
97
91
88
107
122
77
107
98
128
88
109
95
105
115
113
93
101
100
80
105
93
90
103
109
124
96
97
86
104
97
122
114
91
120
100
102
85
92
95
83
112
103
95
97
95
108
90
103
100
101
94
97
100
87
103
101
97
95
112
107
84
93
97
111
107
107
86
99
107
88
102
84
91
94
98
110
105
93
96
101
99
94
109
113
100
95
96
93
95
110
94
101
102
89
99
99
93
97
109
99
107
106
88
109
74
97
110
85
96
96
97
102
101
97
103
100
94
93
106
98
86
98
93
115
98
98
118
92
96
105
99
94
101
82
89
101
96
105
90
99
92
104
84
98
99
87
91
96
104
102
91
104
102
92
84
99
108
86
97
91
98
98
96
106
107
100
99
89
122
115
86
100
116
91
90
87
100
78
96
109
89
90
99
90
108
90
95
86
109
80
103
104
93
102
100
93
96
105
77
83
115
99
99
95
99
100
114
102
99
106
99
116
98
76
97
101
119
104
95
95
93
84
86
99
87
97
96
115
85
106
107
104
94
113
96
109
108
84
82
102
96
103
85
110
94
97
91
99
85
98
102
109
103
105
93
95
93
99
89
101
116
110
102
86
98
100
105
101
90
107
106
109
98
102
95
96
97
113
88
103
86
92
96
101
87
97
94
86
99
105
89
106
97
111
95
110
97
97
86
101
93
105
86
88
90
120
92
95
105
100
77
107
96
94
98
90
85
98
99
101
101
110
113
81
102
95
87
100
92
97
90
89
107
95
97
100
91
89
94
108
97
108
97
116
88
92
107
99
98
79
108
87
118
112
116
79
120
92
93
89
107
98
106
97
105
108
95
86
104
111
77
81
91
77
94
95
108
98
102
96
98
117
116
100
94
89
87
99
103
104
108
94
83
90
90
109
103
89
91
87
119
117
104
101
90
99
120
105
106
98
128
100
89
110
101
90
127
89
108
92
101
86
91
96
104
87
100
91
127
97
104
104
123
108
88
86
98
92
105
101
117
92
115
94
89
98
100
102
97
107
107
90
103
99
104
103
123
102
98
91
121
105
89
101
92
108
94
114
94
73
92
105
77
100
89
113
94
89
78
118
99
85
120
93
102
107
114
108
82
98
80
110
101
113
78
83
117
122
117
123
98
85
99
91
88
90
92
96
105
101
92
90
100
92
106
114
97
87
104
98
101
113
100
98
112
110
93
113
108
93
91
100
79
100
104
111
93
108
101
112
111
115
110
100
112
93
95
97
97
101
107
98
93
95
99
103
103
128
111
116
99
115
122
103
103
114
96
91
102
104
124
94
105
134
104
107
93
108
117
112
111
98
108
87
113
105
111
105
95
102
96
121
100
107
100
106
90
99
106
110
94
121
110
108
92
114
115
90
115
112
99
123
104
110
83
105
101
96
113
104
97
105
107
99
99
106
90
102
104
113
103
116
110
78
107
119
113
91
115
93
94
103
113
101
106
110
96
110
117
113
102
117
73
99
116
116
99
96
99
121
98
104
83
112
117
121
112
90
91
105
108
108
120
112
108
110
90
109
102
124
108
102
106
98
106
94
115
101
116
99
121
109
100
120
104
106
115
105
96
117
123
109
106
111
102
140
107
98
103
100
96
106
101
126
96
123
101
110
117
107
104
109
102
115
97
96
97
110
110
107
105
82
105
101
100
98
100
103
109
90
115
100
101
103
116
87
113
109
116
89
97
127
109
105
97
101
131
105
99
101
119
117
97
122
122
92
139
98
120
109
119
101
120
108
123
110
125
107
105
96
109
97
131
107
115
119
115
119
109
108
100
109
126
104
105
105
102
113
91
122
124
107
104
129
114
124
115
107
111
88
105
111
103
105
123
102
123
110
124
105
118
114
125
127
125
105
113
109
110
128
109
102
107
125
131
111
103
118
111
113
107
100
120
125
114
103
115
112
131
116
111
104
110
116
94
103
124
119
116
108
100
85
102
112
115
121
118
99
114
101
134
111
109
110
115
113
135
129
132
111
123
94
89
113
119
118
108
121
112
124
110
107
114
121
122
103
130
114
111
131
103
85
127
117
111
116
123
113
105
110
113
116
115
102
114
114
114
108
92
113
120
115
118
110
102
115
130
124
111
114
124
113
129
125
110
111
109
119
124
124
115
112
92
118
120
106
153
129
110
145
115
142
132
92
118
117
114
118
113
118
105
118
119
109
123
100
105
113
115
103
116
110
120
116
94
125
125
137
112
136
114
118
107
122
119
125
126
126
123
114
111
131
123
120
123
124
113
88
125
108
121
131
120
117
115
120
124
115
110
106
109
116
108
114
115
100
110
118
124
115
111
121
128
112
122
103
120
137
118
134
103
126
109
124
121
92
129
111
118
114
129
113
127
114
114
95
116
112
137
125
105
116
119
102
108
116
127
109
101
110
111
124
96
117
120
97
131
93
111
123
106
97
116
141
129
102
116
127
86
114
121
130
118
111
105
108
130
133
110
106
99
116
101
117
119
121
120
111
102
102
114
109
95
108
93
106
114
100
119
120
101
107
112
129
115
113
116
115
112
119
108
122
112
89
111
105
96
106
109
110
111
102
100
109
107
109
102
109
89
113
90
112
107
114
103
111
122
93
106
106
119
109
114
108
105
102
98
94
102
111
127
102
93
90
103
101
107
114
132
99
93
106
101
109
84
101
105
99
102
100
97
100
87
85
118
95
120
103
95
102
103
91
104
88
90
93
105
109
91
99
98
92
91
123
99
116
96
91
87
112
98
91
80
101
98
91
98
80
85
106
91
112
102
111
87
96
90
90
85
103
79
103
85
84
93
89
81
92
79
89
79
78
81
72
92
90
92
75
88
108
72
86
86
100
87
76
90
95
74
105
89
98
67
73
73
79
82
72
65
94
62
89
83
83
74
69
69
71
96
89
77
82
82
68
60
67
81
76
78
77
75
76
86
76
71
73
66
66
62
87
68
83
73
87
65
82
64
78
87
82
62
102
83
84
83
80
78
72
81
81
74
71
69
79
73
70
73
76
60
65
69
73
74
60
56
80
79
59
73
66
67
64
70
61
72
53
82
73
86
60
51
71
57
70
65
58
62
74
69
63
55
62
63
64
50
76
52
71
49
73
60
52
64
63
63
69
51
62
53
59
65
58
63
74
66
70
67
57
53
52
52
67
60
47
51
65
60
67
56
61
59
60
70
53
68
61
65
67
60
66
55
50
58
54
56
61
47
63
56
49
53
50
55
49
68
57
55
49
55
51
69
44
49
48
45
50
49
35
47
51
47
54
56
44
48
64
48
47
56
35
50
43
44
49
47
43
59
45
52
49
39
36
58
36
40
46
50
49
47
52
56
42
51
65
49
53
44
46
45
56
47
51
42
49
48
42
58
46
45
61
48
55
55
41
47
38
36
38
41
42
38
49
47
52
34
43
51
42
50
43
46
55
59
39
53
45
54
29
61
38
39
46
38
49
35
48
46
34
39
56
40
56
41
37
40
44
30
40
33
50
46
38
34
29
30
37
49
46
41
45
50
41
41
47
34
36
37
41
29
40
41
46
44
44
39
32
41
37
45
40
30
38
41
40
51
39
37
37
27
37
29
32
32
34
47
36
38
24
47
35
42
39
46
33
45
39
36
38
44
34
33
40
33
38
34
36
32
41
25
39
40
35
30
38
29
33
33
35
22
37
36
40
32
30
23
22
40
30
30
36
33
40
29
39
39
34
39
36
41
34
39
33
27
34
31
47
34
37
33
38
28
35
37
34
31
33
42
33
39
32
35
28
32
22
35
32
31
25
26
25
28
38
35
30
26
32
21
30
25
34
33
33
27
26
31
28
33
22
41
33
38
33
28
29
26
33
28
31
27
36
30
40
30
26
30
43
19
24
27
24
36
28
29
28
31
29
35
29
30
30
25
26
29
31
28
20
20
24
36
24
37
27
30
29
32
33
23
32
34
28
20
31
28
30
34
22
31
32
30
32
30
25
30
31
36
36
22
31
31
25
27
21
24
38
31
26
25
28
25
25
24
27
32
29
27
29
29
22
35
31
36
25
22
32
26
25
32
23
32
30
24
45
30
31
27
29
35
26
20
26
31
39
26
23
31
34
23
24
30
30
23
28
23
31
25
22
28
35
36
20
18
22
24
26
30
25
27
22
25
20
32
20
30
24
24
23
26
31
33
21
37
33
22
37
21
30
30
31
30
28
31
22
20
20
22
31
33
26
31
31
21
23
28
19
31
29
36
20
25
22
28
21
26
38
28
28
23
23
20
25
27
26
30
35
31
20
28
25
26
26
29
23
26
23
30
31
25
24
28
32
24
23
25
23
30
28
31
29
30
33
20
31
25
17
20
30
29
39
25
23
28
30
31
28
27
23
28
29
21
22
32
39
31
26
19
31
37
26
30
32
35
37
34
36
30
29
35
22
37
29
42
23
28
34
32
24
37
21
39
39
34
42
33
42
37
31
27
35
37
45
29
42
46
33
41
36
35
46
30
52
50
46
32
39
46
35
36
36
36
37
48
31
47
28
39
44
32
55
55
60
41
39
51
33
53
55
46
46
43
52
50
51
57
48
54
40
57
51
45
51
51
55
46
53
45
60
61
42
50
52
59
49
45
63
68
58
46
69
67
65
51
68
68
70
77
61
65
85
50
65
72
60
78
71
67
77
68
72
74
75
73
92
78
81
73
75
90
71
81
87
77
82
90
84
88
86
72
99
105
87
83
104
84
93
107
87
90
106
92
95
98
93
118
106
105
115
115
104
103
109
114
130
107
111
118
111
123
113
120
117
129
139
113
116
136
120
136
152
116
140
120
134
127
150
134
138
160
151
190
153
166
153
142
147
165
186
161
157
160
149
168
164
153
171
174
204
161
167
181
158
182
172
194
183
189
196
214
173
167
214
210
210
213
184
198
212
196
195
212
233
209
199
216
230
223
238
230
219
217
210
213
217
241
248
240
251
219
247
228
225
241
253
261
268
253
283
274
243
285
257
279
265
290
275
269
265
268
316
263
283
305
278
323
290
314
284
294
343
308
312
286
289
336
318
331
309
342
322
331
295
317
356
315
322
323
361
336
365
320
327
373
360
363
405
395
323
330
352
366
344
386
328
349
414
367
345
404
389
394
368
388
404
381
427
422
377
387
411
377
403
411
430
421
411
420
383
394
402
372
466
411
424
435
432
433
445
426
409
420
435
459
448
434
446
429
439
434
467
454
484
420
501
461
449
431
463
467
503
458
455
464
498
514
472
492
486
509
471
484
464
499
499
481
472
471
503
494
479
494
468
485
480
487
566
462
498
518
476
480
485
535
509
478
442
480
502
464
506
492
533
476
496
504
455
541
508
550
524
493
515
513
503
535
483
458
515
491
519
499
524
508
472
509
525
514
489
538
486
503
519
465
504
511
485
475
513
497
540
499
517
486
533
506
538
477
489
540
494
529
463
477
515
477
528
479
454
499
501
490
523
505
496
485
509
476
511
532
489
463
484
507
484
499
514
487
507
484
490
529
472
477
478
477
476
454
452
489
492
470
481
445
439
479
466
482
487
485
503
458
425
473
453
465
463
454
471
454
436
453
435
433
452
435
447
429
456
390
406
397
428
422
438
430
412
428
418
395
418
415
396
419
406
401
430
409
388
429
416
356
437
408
381
412
403
396
365
360
366
358
349
418
382
395
337
352
393
366
394
373
348
340
365
353
363
395
359
381
318
320
363
343
345
315
332
322
338
331
324
311
340
345
310
298
323
342
310
316
301
319
322
320
294
280
313
297
284
263
272
304
253
281
269
289
273
290
249
272
291
283
263
254
280
268
243
278
269
231
297
266
227
223
250
271
262
275
224
258
220
249
254
284
218
234
232
244
230
202
233
230
233
213
220
231
217
232
207
234
215
178
225
186
177
199
205
197
215
184
185
199
203
218
185
191
175
192
188
169
160
174
149
166
159
191
197
163
171
171
177
179
155
179
160
194
158
177
149
150
138
154
146
137
145
173
166
143
143
128
145
155
154
143
122
134
126
162
153
142
112
142
144
117
123
143
113
121
142
120
127
129
141
122
114
122
116
117
128
113
104
113
104
109
127
122
101
105
96
120
104
100
112
106
84
111
105
102
93
109
89
114
92
94
115
90
84
89
107
99
96
110
73
78
68
88
105
96
98
81
75
87
77
76
82
80
79
86
80
89
74
82
85
75
68
72
65
76
65
66
70
82
55
60
58
55
75
69
72
67
65
89
57
75
75
67
79
67
82
55
75
69
63
70
70
82
57
74
62
58
61
52
45
66
57
63
54
60
54
56
39
57
47
57
64
67
49
53
52
55
58
62
47
59
63
53
56
64
51
53
54
37
62
56
46
55
43
48
47
57
51
58
50
56
62
43
44
55
46
48
41
43
49
43
53
53
44
46
49
45
39
45
50
46
38
50
56
40
44
41
52
35
35
45
40
30
37
43
44
38
32
37
39
35
38
49
42
45
39
32
42
41
36
34
38
32
47
40
44
36
44
47
47
28
29
57
34
40
34
30
40
45
41
35
26
49
37
32
39
32
33
34
40
36
36
31
26
35
39
26
40
39
34
42
35
36
33
32
34
25
40
45
32
40
35
33
40
39
38
28
32
31
27
28
41
50
38
28
33
31
31
50
34
33
25
38
29
32
32
19
29
29
21
23
40
25
37
34
24
31
27
21
29
29
19
34
30
45
25
31
33
26
30
20
32
31
23
27
30
26
34
24
39
28
34
30
30
30
32
31
29
37
22
28
29
25
35
31
32
20
26
31
32
31
29
27
28
36
21
28
28
23
21
27
20
26
29
29
31
21
27
28
21
26
35
24
20
34
23
28
26
28
32
42
26
22
26
18
25
19
23
30
33
33
24
28
20
32
30
20
24
24
26
15
30
34
25
21
19
27
23
25
23
20
23
25
19
26
26
26
31
30
25
29
19
26
21
30
30
26
22
23
21
25
27
27
28
24
23
23
26
24
24
23
18
19
19
17
27
19
33
17
27
19
26
30
19
31
15
26
22
14
25
24
18
24
19
19
23
25
22
20
21
26
23
18
19
28
17
27
33
32
23
28
32
26
25
28
24
28
29
23
26
25
22
22
25
35
24
15
32
16
22
23
26
26
26
27
24
18
23
23
21
22
24
25
17
15
27
17
27
22
28
15
23
21
22
15
15
24
18
24
20
23
22
22
20
27
20
22
26
18
26
19
25
19
25
23
26
29
23
21
19
29
12
17
26
18
36
27
19
18
21
20
18
29
27
10
28
19
20
24
24
27
24
13
27
15
25
18
28
17
19
26
17
23
25
27
17
19
12
22
17
22
20
23
23
18
19
20
27
28
18
31
17
21
17
29
19
26
21
21
19
22
23
25
21
31
24
26
19
24
15
32
20
22
20
18
15
29
33
20
23
29
27
20
25
16
33
20
23
14
17
15
27
34
23
21
21
25
19
17
25
21
33
18
18
22
14
18
19
19
22
23
15
19
26
20
28
23
15
17
21
21
26
25
36
26
31
19
22
19
27
20
20
26
23
22
31
25
22
14
23
20
19
19
16
24
25
22
21
21
22
24
24
13
16
22
23
24
13
10
17
17
30
23
29
21
20
18
24
19
21
23
18
27
22
24
25
24
29
14
28
39
23
28
24
26
27
16
22
21
16
19
25
34
14
21
21
22
14
20
16
21
24
13
20
23
27
23
22
18
25
15
23
18
15
21
20
25
16
27
22
17
23
18
26
21
14
25
22
21
13
33
21
17
11
20
21
17
19
24
23
19
17
19
20
14
17
20
19
30
27
20
21
14
24
19
21
21
20
17
22
20
19
18
17
22
20
16
13
22
15
28
20
22
24
11
23
21
13
16
16
22
17
13
17
18
19
11
16
22
20
21
9
26
16
19
15
22
20
18
11
25
21
18
17
14
12
12
13
11
12
23
22
16
15
23
17
19
15
8
23
17
15
20
15
17
24
22
21
18
13
21
15
20
11
22
19
18
21
16
18
20
18
15
14
18
24
22
26
11
17
17
17
17
21
16
17
17
16
16
21
23
23
29
20
13
14
9
11
27
18
11
14
11
25
17
19
17
21
17
19
17
18
18
17
20
16
18
16
11
17
20
22
19
19
11
19
12
13
21
14
12
20
13
18
12
14
14
21
21
21
12
12
19
13
18
13
11
15
12
21
17
22
19
25
17
15
9
12
16
22
15
10
10
13
12
19
16
17
5
20
15
17
11
10
15
16
16
18
13
19
15
23
10
18
11
17
20
17
14
11
12
15
16
13
11
12
13
17
9
9
24
10
18
24
9
17
21
10
18
14
13
14
13
9
15
16
18
18
15
9
7
12
14
14
15
17
14
9
15
20
11
9
14
16
13
14
19
10
16
15
13
16
9
10
19
17
13
13
12
14
12
16
23
12
24
15
10
20
11
19
10
16
14
18
13
13
14
9
17
15
15
13
12
7
9
10
12
15
11
14
14
7
11
17
16
12
8
11
21
17
9
12
22
13
17
15
14
8
14
16
15
14
15
15
17
12
14
18
13
11
17
10
11
10
15
14
17
14
17
13
16
11
11
9
9
12
16
16
17
6
6
9
10
16
10
19
11
12
10
13
13
15
13
6
13
8
20
12
12
10
12
17
20
12
12
10
14
13
12
16
9
7
8
13
10
12
9
11
13
11
13
7
12
11
19
24
14
12
9
10
9
14
13
17
9
17
13
11
12
10
8
11
15
10
18
10
11
9
17
14
11
6
16
11
4
12
15
9
8
10
9
10
12
8
9
13
11
12
17
10
14
7
11
16
7
12
9
12
12
13
11
15
14
14
10
17
16
13
5
18
9
9
6
14
7
7
10
16
12
10
9
10
12
12
11
8
13
8
14
13
14
17
10
10
12
10
9
12
9
9
10
12
9
14
4
13
10
13
9
7
10
13
9
11
8
6
8
9
7
10
9
10
16
8
8
4
10
19
10
6
9
13
8
13
10
9
5
6
6
17
6
6
8
8
8
12
11
8
14
11
8
8
9
9
8
10
10
6
6
10
7
9
5
9
11
14
12
6
13
7
13
7
6
9
12
14
5
11
7
5
10
11
5
6
6
17
10
5
10
8
17
11
16
11
8
9
8
8
8
5
5
4
8
11
7
8
8
15
6
6
9
11
4
5
5
14
17
11
14
6
5
6
10
8
9
8
8
6
14
10
11
5
6
8
148
131
156
178
148
134
139
149
151
145
146
184
134
146
187
143
146
178
166
161
151
176
161
132
159
160
169
136
149
133
150
138
152
154
146
153
149
171
164
144
152
148
131
132
149
167
140
167
154
143
138
162
154
138
138
138
171
142
142
148
151
139
140
142
141
159
143
161
149
127
139
124
136
144
136
129
122
137
135
164
145
147
142
137
154
128
143
136
135
128
139
139
151
147
149
155
148
128
144
140
128
161
125
122
144
162
140
138
132
151
145
142
150
148
150
134
146
145
121
107
146
124
153
138
148
162
142
85
