8
5
16
13
14
13
12
15
13
22
17
12
11
18
15
16
15
15
9
9
14
12
17
15
17
20
9
13
13
11
16
15
14
10
17
13
9
15
11
11
14
14
8
14
10
12
7
7
11
5
15
7
11
9
8
12
22
60
82
103
199
274
326
278
332
352
379
351
394
499
586
754
913
992
981
908
753
710
642
620
519
555
536
517
443
457
462
455
436
438
458
432
441
448
478
430
433
437
442
422
414
398
390
381
389
413
385
407
423
395
383
424
405
407
439
408
427
401
388
400
415
396
389
386
404
436
401
405
380
402
422
413
401
400
441
369
430
381
394
418
405
417
375
402
378
369
379
446
400
391
381
415
422
392
398
453
414
430
428
441
423
417
411
413
378
421
413
407
438
416
416
405
488
445
409
407
430
379
380
422
407
423
434
415
445
448
435
417
449
461
442
416
406
426
445
412
425
400
437
426
414
432
419
441
447
429
464
436
437
393
483
430
421
409
472
463
451
468
469
458
442
471
458
457
431
488
479
441
467
449
486
472
516
431
463
469
467
465
453
422
448
493
472
464
502
502
486
483
485
499
471
452
499
505
473
500
494
478
477
454
521
493
455
521
456
452
476
527
498
517
526
469
477
502
518
530
486
513
520
583
521
507
501
562
505
497
530
539
559
560
603
515
508
564
525
563
557
524
523
519
566
534
565
550
516
513
514
534
549
549
545
573
520
583
576
565
581
596
537
567
586
581
609
548
544
566
573
587
575
564
593
556
571
583
586
586
632
557
561
594
560
613
572
651
603
598
602
562
579
577
608
579
570
615
623
618
609
616
570
589
605
578
564
629
606
615
578
643
597
596
606
642
542
578
599
632
603
655
577
643
594
656
588
575
600
641
648
631
603
607
635
601
636
594
634
619
633
671
628
611
576
597
571
620
622
612
638
626
597
639
626
630
614
602
637
645
628
646
609
630
631
646
616
605
652
609
647
643
659
620
592
630
640
617
634
655
625
650
607
588
621
623
629
647
586
685
659
631
633
647
635
616
628
588
678
641
652
656
660
690
625
646
616
648
650
618
626
608
613
638
606
640
622
673
612
659
662
617
630
661
630
630
602
647
649
635
594
641
603
628
664
631
615
611
618
647
636
645
628
666
662
647
619
680
658
601
592
621
609
682
646
616
633
634
690
648
595
671
615
681
618
673
641
670
656
660
639
671
623
629
648
631
653
666
638
642
623
680
634
611
589
661
650
659
629
627
653
636
667
648
658
642
646
634
683
669
684
633
632
680
639
708
694
660
623
666
638
668
678
636
619
689
648
669
657
659
642
674
660
660
644
707
683
651
649
657
645
681
657
621
670
621
653
686
656
648
685
696
648
699
633
700
644
660
681
656
663
634
662
643
663
670
694
672
690
672
696
628
682
672
678
685
647
655
609
664
649
672
672
668
687
669
730
668
660
637
703
651
644
661
682
683
611
619
646
698
714
689
685
718
650
646
631
645
603
670
622
645
640
676
690
678
610
661
671
611
647
690
651
631
681
669
689
658
655
703
635
668
659
645
664
663
631
693
668
640
653
666
657
690
659
647
648
650
659
645
630
641
680
672
616
609
635
574
657
657
673
635
687
635
634
606
666
656
606
680
696
668
650
679
655
668
724
660
650
680
679
638
656
610
665
662
652
678
691
698
603
622
723
679
698
656
695
753
657
702
625
661
686
671
734
675
670
672
692
680
727
721
711
702
736
706
720
693
720
752
686
757
736
713
718
718
713
749
769
672
729
750
723
756
746
735
769
751
756
766
714
765
726
730
742
796
765
755
793
727
752
762
773
814
768
741
768
766
736
758
822
782
778
769
751
804
797
767
767
810
799
772
810
784
804
828
816
765
777
766
788
826
756
824
786
804
811
760
879
770
792
836
830
722
814
757
796
875
805
859
746
798
783
837
827
786
882
786
784
833
788
788
858
772
822
856
787
757
809
771
880
800
842
809
741
836
782
803
812
848
770
851
795
831
798
785
832
778
852
753
811
806
772
811
767
804
816
800
816
759
778
803
799
778
818
825
820
784
782
765
713
775
759
770
754
785
807
737
717
734
739
764
817
772
751
792
788
766
788
781
780
772
727
801
744
731
744
723
810
797
747
747
722
734
774
713
788
778
730
791
772
765
736
776
759
751
721
745
721
731
751
752
731
761
715
689
716
763
758
716
711
764
689
730
774
791
725
675
729
721
743
720
738
711
729
675
735
724
704
745
691
707
746
757
742
699
727
706
688
700
678
755
688
722
732
673
761
721
713
713
714
698
686
679
705
729
719
711
730
700
710
724
692
675
717
684
701
721
704
662
722
698
679
687
714
710
694
720
710
692
732
666
688
720
682
692
726
717
673
733
690
729
676
642
683
706
721
731
681
679
680
684
733
671
600
695
682
678
662
697
647
722
599
682
632
651
647
654
650
660
653
678
636
668
670
710
690
656
650
629
649
687
649
646
681
699
651
642
675
654
695
623
630
609
641
601
654
676
663
644
600
646
654
623
674
634
684
642
618
671
645
641
628
659
595
647
644
662
603
626
616
638
604
619
609
633
671
623
600
639
636
615
596
642
665
606
675
620
652
634
602
598
560
627
593
589
620
655
573
616
685
585
617
595
621
590
603
586
566
581
562
624
638
597
580
646
644
604
588
594
591
583
607
595
579
655
616
627
601
605
607
650
597
590
592
610
605
612
619
565
538
605
587
612
570
625
567
562
564
574
599
562
577
602
602
596
604
602
557
555
531
590
600
592
547
604
539
585
592
567
571
549
554
565
616
537
554
544
510
553
592
576
545
588
556
572
573
549
551
558
623
565
593
575
549
591
554
550
542
545
587
561
539
555
590
545
562
606
580
531
582
572
544
534
533
559
570
551
521
554
551
512
555
572
537
527
559
545
550
562
576
556
559
557
546
546
552
525
540
550
547
553
553
546
534
515
547
534
535
557
567
554
537
562
511
561
546
533
548
536
551
522
525
576
510
549
560
548
525
550
559
508
571
546
547
560
565
487
522
483
499
535
533
557
550
603
547
563
551
509
506
545
559
584
539
512
523
559
529
552
523
541
551
559
520
493
512
566
531
543
548
531
536
523
527
565
538
534
517
547
530
519
540
518
527
530
536
526
587
538
529
528
536
512
546
490
554
515
515
510
516
517
569
513
521
502
561
543
531
505
541
525
538
519
537
528
536
552
509
548
519
544
502
515
484
552
514
560
526
524
517
505
510
548
519
591
483
528
515
528
531
560
506
516
521
540
519
545
534
574
501
567
483
474
490
550
539
519
573
487
542
492
517
519
512
500
533
514
534
550
533
506
498
496
553
498
508
523
548
458
473
511
525
539
534
533
496
476
503
506
528
516
502
519
488
497
570
470
496
572
480
491
501
474
523
550
460
512
471
479
478
461
525
506
506
482
484
491
464
519
475
468
441
474
469
463
479
483
484
497
487
448
448
465
488
473
456
473
477
483
485
423
476
465
457
474
450
435
448
443
485
453
452
440
459
453
458
419
443
433
447
430
446
468
408
409
428
464
435
414
421
460
392
404
441
401
440
427
403
420
432
397
403
427
377
435
418
421
407
402
427
411
374
435
380
385
382
408
408
365
400
391
363
398
345
383
409
398
397
380
407
368
370
397
413
385
369
347
381
377
359
397
379
417
387
336
326
382
391
344
345
351
339
383
356
364
371
352
333
338
353
332
352
324
354
336
326
361
357
340
323
337
367
335
314
317
327
267
335
320
320
329
319
312
324
312
330
304
323
304
336
311
284
318
295
281
304
303
300
313
303
297
283
337
312
289
285
293
300
299
309
291
298
307
311
277
282
295
319
304
292
296
269
291
288
305
296
282
284
291
288
310
270
306
265
271
286
280
256
281
281
260
288
276
308
276
274
256
239
288
273
273
293
281
267
285
266
272
297
261
264
245
254
285
227
275
246
256
273
241
305
268
235
253
286
282
253
282
238
268
213
257
266
245
271
237
273
259
230
232
256
250
245
261
237
235
273
258
231
267
257
253
265
232
239
240
237
222
250
229
242
236
222
227
230
240
238
265
271
244
267
232
225
235
221
249
242
255
246
263
227
241
251
241
252
264
203
226
228
212
241
250
241
267
227
247
245
249
222
233
246
248
223
218
239
200
224
248
219
220
236
235
221
207
251
226
209
198
224
202
223
205
226
223
229
212
246
239
229
214
201
217
199
208
194
186
221
218
219
234
216
206
240
184
234
216
198
221
203
215
225
191
213
218
223
238
207
218
206
231
220
209
215
210
218
204
189
234
199
235
203
215
185
204
226
212
223
207
198
210
205
216
210
199
225
223
186
228
199
192
216
199
229
222
195
242
231
205
213
198
192
198
222
221
211
222
182
178
198
212
210
195
206
203
208
221
219
227
203
193
202
191
214
214
202
213
199
190
210
222
220
208
195
192
182
203
223
202
180
204
192
166
191
222
191
186
202
204
208
215
198
200
208
196
205
226
204
231
198
202
198
235
202
214
215
205
220
194
184
236
204
205
179
212
192
188
168
202
189
196
190
210
186
188
181
180
195
186
193
190
231
193
194
205
198
177
202
222
195
191
204
221
194
161
207
206
191
195
206
198
188
175
189
173
213
203
193
199
181
185
196
197
201
191
211
215
163
197
208
198
203
184
177
230
191
198
187
195
176
202
193
183
200
185
208
212
209
212
191
194
176
189
182
184
193
206
203
179
205
174
182
207
188
202
179
219
196
190
175
202
198
190
172
211
216
209
183
211
225
201
197
210
188
201
180
197
225
202
210
204
231
189
172
194
201
195
206
217
201
198
190
207
221
202
219
235
198
218
198
207
219
237
239
231
226
224
222
224
198
216
225
215
222
230
246
239
239
222
243
234
215
203
257
239
228
254
226
260
242
249
236
283
249
267
257
279
278
251
259
268
262
252
274
263
281
268
293
296
301
279
306
291
286
303
289
315
294
303
338
346
321
300
336
359
354
348
344
354
345
363
368
380
391
383
357
366
407
366
382
415
425
435
423
425
426
413
459
411
462
438
464
480
462
468
466
497
501
508
562
499
535
513
519
477
555
557
550
555
596
547
625
610
618
650
613
608
661
677
645
647
661
684
694
707
696
716
711
768
757
762
823
766
726
775
790
811
842
801
839
903
861
842
880
917
888
906
918
977
936
984
1006
952
977
1042
1014
1071
1075
999
1080
1083
1063
1130
1088
1067
1110
1087
1202
1181
1129
1138
1218
1238
1191
1210
1275
1265
1266
1292
1366
1310
1397
1392
1335
1308
1396
1394
1409
1452
1436
1486
1438
1422
1531
1524
1550
1540
1463
1530
1590
1625
1653
1645
1659
1762
1694
1708
1723
1736
1727
1779
1753
1732
1734
1770
1867
1833
1835
1894
1972
1896
1848
1913
1856
1966
1940
2048
2034
2062
1979
2095
2053
2052
2096
2115
2111
2164
2151
2065
2144
2252
2263
2225
2250
2253
2284
2277
2250
2327
2282
2303
2202
2268
2372
2352
2381
2378
2330
2483
2342
2396
2429
2468
2443
2421
2408
2462
2477
2446
2461
2574
2587
2579
2622
2658
2561
2620
2527
2528
2625
2641
2694
2605
2640
2746
2660
2571
2546
2735
2598
2710
2740
2698
2648
2817
2778
2658
2749
2700
2761
2770
2789
2714
2815
2799
2753
2788
2803
2760
2694
2776
2735
2787
2793
2766
2814
2690
2797
2734
2817
2744
2867
2662
2704
2819
2825
2772
2690
2723
2734
2754
2840
2775
2754
2768
2697
2878
2753
2740
2719
2774
2756
2678
2778
2705
2700
2686
2618
2600
2775
2672
2701
2753
2597
2616
2598
2540
2676
2549
2633
2589
2574
2573
2541
2560
2517
2469
2473
2429
2397
2432
2432
2445
2441
2488
2385
2421
2415
2340
2348
2354
2352
2342
2238
2318
2141
2286
2219
2197
2268
2292
2226
2148
2195
2175
2133
2192
2038
2124
2051
2056
2054
2024
2028
1960
1966
1966
1938
1940
1985
1967
1930
1939
1847
1796
1849
1903
1810
1723
1811
1726
1709
1767
1703
1680
1707
1680
1582
1651
1607
1603
1672
1571
1554
1550
1577
1516
1491
1480
1479
1442
1467
1391
1356
1418
1301
1411
1316
1341
1285
1333
1294
1266
1208
1270
1218
1255
1211
1121
1169
1159
1136
1172
1128
1093
1108
1035
999
1007
995
1039
970
984
936
937
893
909
957
923
912
880
873
846
805
866
805
849
763
691
799
753
714
766
736
725
669
713
682
698
653
663
641
653
615
645
633
564
630
583
520
553
583
557
544
513
508
531
495
514
462
465
493
453
507
455
456
447
398
450
408
384
414
419
423
420
412
392
379
369
368
402
379
369
359
356
362
314
321
330
361
322
329
322
309
312
304
326
305
300
295
268
287
264
292
243
263
239
265
261
260
262
246
222
256
216
250
206
257
249
260
202
221
223
220
231
218
196
192
202
217
211
197
190
185
209
195
208
201
182
199
182
165
175
183
181
174
188
163
170
152
157
172
171
171
172
140
163
166
168
159
166
141
180
142
157
157
167
138
139
139
145
151
121
140
170
143
150
117
139
139
146
141
148
138
114
119
133
157
127
143
149
142
134
143
127
139
113
142
125
135
119
141
134
121
109
114
122
144
145
117
129
122
114
146
145
138
137
107
116
105
106
127
119
111
114
106
107
112
122
98
130
117
106
101
117
108
104
111
104
125
131
114
91
115
94
97
115
104
125
103
97
94
123
89
88
99
105
105
102
116
120
111
94
90
94
113
90
113
126
92
105
89
96
106
99
97
99
110
91
108
99
117
113
88
102
99
108
120
106
105
85
111
83
116
89
121
86
93
93
99
97
106
113
105
104
86
92
118
102
105
90
82
91
107
124
117
81
99
101
120
82
102
94
91
111
89
106
115
90
98
121
97
82
106
97
100
87
91
99
85
116
94
87
93
106
79
84
105
88
88
85
81
97
104
81
115
101
91
85
103
80
93
91
110
107
93
89
86
73
103
102
77
96
91
84
105
110
70
102
102
97
101
95
86
105
80
101
87
105
104
83
87
88
91
85
101
76
72
96
104
94
88
91
79
96
77
91
84
91
103
93
92
94
95
92
101
82
95
82
77
96
100
103
71
80
74
92
77
96
87
99
93
94
89
100
85
92
83
84
84
90
86
80
91
100
87
100
109
74
82
78
80
98
87
99
92
85
73
86
81
100
93
79
78
94
96
80
98
81
86
85
88
90
102
78
86
87
84
88
90
85
89
96
98
95
79
100
80
112
108
83
84
96
84
92
114
99
82
81
82
96
101
81
86
94
87
83
89
95
84
106
93
81
98
98
98
88
97
92
101
93
87
77
87
91
102
88
90
90
94
97
101
107
89
85
81
101
93
80
93
92
114
107
81
95
87
103
98
96
90
92
111
104
83
77
86
94
85
89
105
93
83
101
109
101
99
82
111
90
89
81
77
85
80
63
93
99
109
82
78
96
91
99
92
88
87
89
88
82
99
95
89
100
107
83
105
94
84
116
95
105
95
82
99
103
99
86
97
96
96
104
82
80
78
88
77
101
108
78
84
114
92
83
109
89
93
89
93
101
107
88
124
95
100
74
106
98
99
89
88
87
100
93
96
89
94
102
95
89
84
105
92
82
87
86
112
79
100
99
100
80
80
99
90
85
86
85
87
89
97
112
91
93
106
82
87
91
86
85
105
95
86
83
81
91
89
77
84
91
88
94
93
99
90
104
74
79
76
104
82
86
94
88
100
98
96
97
103
97
88
92
102
92
95
94
90
104
83
73
100
105
99
119
99
97
106
73
87
89
98
93
76
98
106
91
104
81
74
82
68
96
97
74
102
101
91
106
94
92
91
104
101
98
104
109
105
89
84
79
113
100
87
90
98
104
92
75
112
85
97
102
98
105
100
83
98
111
75
81
110
79
94
112
96
91
92
104
108
93
97
98
92
105
84
97
93
111
121
102
66
96
101
92
109
77
85
101
98
92
97
95
101
92
92
98
86
91
93
103
93
100
106
111
92
91
86
92
85
88
88
87
85
90
98
90
77
102
107
92
101
75
106
85
92
103
83
102
74
87
101
111
83
93
88
82
85
103
80
83
77
88
87
87
86
83
86
78
106
102
98
81
91
99
84
88
87
101
91
91
82
100
102
71
106
99
90
97
82
97
88
98
102
102
84
99
89
83
78
89
84
89
95
89
101
72
106
83
82
89
90
94
105
87
90
93
87
108
86
84
84
92
88
71
80
90
84
90
103
97
96
92
77
80
102
89
106
89
87
82
92
102
90
92
86
94
88
74
73
88
82
82
108
96
101
98
89
87
98
99
80
107
92
109
102
90
89
86
93
103
97
88
89
98
110
87
87
91
83
110
73
81
99
79
104
82
89
87
88
100
100
78
95
93
89
89
80
91
94
92
87
92
84
110
89
82
81
113
77
112
78
100
91
96
93
96
94
98
100
81
94
85
84
93
91
75
90
98
91
86
78
76
76
106
90
89
111
96
79
102
95
90
87
89
98
93
92
86
94
84
82
103
97
102
93
96
105
81
101
88
95
82
97
89
93
84
99
104
109
82
102
77
106
84
98
90
98
71
83
83
92
101
101
83
101
107
101
82
95
92
92
102
88
89
93
98
81
79
99
97
88
92
93
88
84
92
91
90
77
83
107
86
81
92
110
104
90
79
91
95
89
95
100
86
105
97
105
94
114
88
69
101
110
84
92
97
84
73
101
79
101
82
87
94
98
93
109
95
99
91
96
102
79
100
79
98
101
81
91
85
112
102
96
84
96
74
77
83
87
82
98
91
99
103
89
82
89
93
97
96
91
87
97
90
92
90
86
98
83
95
78
81
98
98
97
90
90
87
101
74
105
99
91
84
87
86
82
89
105
99
86
88
92
108
95
85
81
107
94
79
89
86
91
94
81
76
92
101
96
86
101
90
71
91
87
97
101
91
92
75
99
79
108
97
99
108
103
102
80
91
102
74
99
89
84
77
95
88
86
78
89
90
98
90
84
104
90
81
96
105
83
86
87
85
76
97
78
99
91
77
100
81
85
80
102
97
89
92
93
81
91
95
98
91
100
98
90
91
103
107
91
103
74
99
99
94
88
89
80
92
91
94
82
82
97
98
92
95
86
86
88
102
92
85
76
102
105
78
111
86
70
61
98
104
88
93
94
96
95
85
91
86
102
84
99
88
100
93
87
84
99
85
96
87
92
92
80
79
92
81
94
92
72
85
72
96
70
91
80
90
82
104
94
92
81
66
92
79
87
80
85
93
94
90
65
103
99
84
85
97
94
84
99
97
81
93
89
88
89
87
100
89
72
96
107
85
91
103
106
85
92
106
92
78
79
90
80
109
107
99
90
89
94
95
100
105
87
117
87
82
84
93
87
87
67
82
97
97
87
88
94
90
77
106
95
76
95
91
75
104
105
103
98
90
97
100
96
86
82
81
89
117
93
93
101
91
81
96
77
88
118
83
105
105
112
104
78
85
80
97
103
86
106
88
102
90
106
86
90
85
103
85
86
111
101
95
87
99
82
96
96
93
81
104
79
90
103
94
87
98
85
86
97
90
92
75
100
85
100
97
106
105
105
92
106
86
96
86
93
89
89
88
110
91
84
69
105
61
107
89
85
86
104
85
88
97
74
100
97
73
92
83
98
94
88
86
86
92
108
90
107
88
108
100
101
105
95
107
85
116
89
98
75
104
90
95
100
85
94
89
89
86
92
90
104
91
104
93
90
90
107
88
87
105
86
87
112
86
88
100
78
78
87
95
105
110
97
84
71
107
94
107
114
99
91
96
76
92
103
90
98
109
92
107
98
103
113
88
108
109
106
82
86
95
82
95
100
105
105
104
105
96
109
93
84
91
98
98
101
88
80
77
94
93
92
84
106
102
94
97
93
87
91
99
93
85
107
92
94
88
89
99
97
92
93
92
89
105
108
78
105
91
108
99
90
103
79
103
100
87
99
88
91
91
103
102
100
99
105
104
90
82
92
96
104
93
103
109
103
93
108
101
88
98
109
102
104
103
100
95
103
107
98
90
100
85
89
89
110
103
87
86
97
78
104
101
101
120
90
116
96
91
110
92
101
106
89
107
112
106
101
104
94
93
88
103
107
85
100
128
89
116
99
89
100
100
99
117
109
92
102
101
104
100
82
104
97
85
94
85
98
92
117
109
99
105
89
99
98
102
93
107
101
110
91
90
100
91
99
83
112
104
95
102
89
86
119
84
102
106
109
91
105
111
91
116
108
122
112
93
95
103
104
100
109
95
107
83
80
84
108
106
102
104
106
93
118
93
81
100
111
100
101
111
92
110
97
108
113
111
111
97
106
108
106
90
109
106
106
94
116
102
112
105
100
105
103
84
97
105
105
109
88
99
109
109
113
114
121
104
115
95
125
93
103
112
104
116
96
101
116
109
106
90
107
90
84
103
112
111
93
93
97
110
112
94
89
120
110
107
109
102
108
88
85
127
94
114
98
105
112
103
102
116
105
107
101
115
104
108
114
125
108
91
109
93
110
109
99
105
107
101
114
86
94
113
123
84
100
105
104
100
109
97
93
106
108
113
106
94
95
101
103
117
100
120
105
104
117
99
96
96
100
93
119
107
108
117
107
114
95
100
109
87
97
109
98
108
111
96
107
100
83
101
113
118
96
84
103
122
104
90
109
108
101
89
109
102
98
127
110
103
85
102
106
104
95
99
107
109
101
109
88
123
111
89
92
107
105
116
127
98
104
97
98
106
103
107
99
92
102
114
98
118
119
90
107
88
97
100
99
108
94
100
102
105
94
120
93
98
76
103
87
83
106
104
104
91
98
113
106
107
105
104
110
95
120
104
99
112
90
95
99
101
105
103
106
102
107
106
111
102
97
106
96
97
117
96
100
116
86
102
95
94
104
105
100
117
98
87
94
100
114
84
112
102
98
94
96
96
110
108
93
100
85
110
106
79
95
113
107
102
95
95
107
96
70
108
107
94
108
113
89
97
93
95
89
94
107
98
91
102
98
97
93
101
111
81
79
100
85
95
106
108
105
96
95
97
105
105
92
84
109
86
93
100
91
96
90
89
91
92
88
97
102
99
87
92
104
98
78
94
96
87
88
104
96
68
92
103
81
81
98
106
112
97
88
104
108
75
90
106
84
81
94
89
92
89
84
100
100
87
86
89
106
100
104
81
78
72
72
88
86
93
71
88
96
87
95
92
89
102
91
82
92
102
89
88
95
89
95
82
101
79
80
101
89
77
93
75
79
80
82
75
63
80
84
93
82
81
103
70
87
88
74
85
73
83
89
81
86
88
73
81
64
75
103
86
70
72
72
73
76
86
68
71
88
95
84
74
77
79
85
80
92
72
71
72
102
72
75
75
77
65
62
75
81
83
57
84
61
86
84
77
70
79
79
72
90
74
85
65
91
65
82
61
67
65
60
81
67
63
82
69
71
70
68
79
64
72
77
58
74
80
79
71
66
61
67
64
50
58
59
57
68
66
62
61
68
52
64
52
62
58
62
55
55
75
62
66
66
69
79
64
78
71
61
58
65
73
70
69
62
55
60
43
61
56
67
62
64
63
61
64
58
63
64
68
55
63
64
58
62
49
76
57
56
46
56
62
50
54
58
52
56
57
49
58
37
54
47
54
56
55
63
64
51
41
48
49
57
47
63
52
61
45
50
50
40
58
48
56
51
46
37
52
67
48
44
53
45
46
53
47
43
42
41
45
47
58
52
40
45
53
49
48
65
54
46
29
48
61
52
51
49
50
48
56
43
48
58
43
48
38
51
47
54
53
57
48
47
54
40
47
51
44
55
41
36
40
48
59
44
43
48
43
42
48
50
47
62
48
67
49
49
51
36
43
44
38
40
40
37
44
47
52
44
30
45
48
44
44
51
53
50
38
55
49
30
41
36
49
42
35
40
36
40
45
31
46
43
41
52
30
40
38
39
37
36
49
44
33
45
33
47
38
32
39
37
34
41
39
37
32
37
36
44
44
29
29
39
43
37
40
33
30
28
31
39
39
36
27
30
32
38
29
41
31
29
31
33
30
30
32
40
31
42
44
35
27
38
40
31
41
27
29
37
31
38
40
27
35
49
29
30
31
35
41
37
39
33
24
22
35
37
32
36
22
29
31
32
37
32
27
30
31
29
33
28
31
30
36
43
22
34
29
33
30
34
26
37
35
37
28
24
33
28
27
34
29
35
43
36
30
26
35
30
34
29
29
36
24
27
24
30
28
23
36
31
31
34
35
36
23
28
29
38
30
28
30
38
42
29
33
38
31
38
42
28
30
30
39
38
29
32
29
31
37
39
27
33
30
39
26
34
38
35
23
29
30
33
36
35
29
31
31
26
37
30
35
25
21
34
30
29
37
27
17
31
32
26
34
18
30
22
23
28
23
19
37
36
23
32
28
32
28
30
38
21
28
30
32
24
32
37
26
29
26
25
34
26
31
46
32
29
29
29
27
29
38
35
31
30
28
35
26
34
37
35
38
24
29
40
36
24
29
36
27
39
34
31
32
22
40
27
39
32
36
34
40
27
43
36
37
37
42
30
38
35
33
34
37
36
38
39
37
37
39
35
39
40
35
45
45
25
39
41
43
41
36
38
33
45
46
36
53
39
45
44
37
36
41
41
48
35
46
46
44
26
46
37
54
50
42
46
41
55
51
34
48
35
35
57
50
51
52
55
39
55
55
49
64
55
45
44
43
46
49
46
52
58
64
53
67
56
54
64
53
45
53
47
63
62
49
45
56
50
58
68
50
55
53
52
71
70
63
66
70
86
64
69
54
71
69
73
53
69
74
73
68
72
61
65
69
79
75
69
65
83
72
77
68
77
68
79
72
91
89
69
86
87
85
73
83
78
78
93
93
93
94
101
85
81
90
72
94
86
84
79
94
99
92
83
103
97
87
110
113
91
105
108
92
101
107
110
93
107
92
88
100
94
114
119
124
118
100
108
111
94
124
130
109
110
120
99
109
118
115
121
131
125
114
127
146
114
104
123
119
140
106
137
132
144
126
113
137
134
129
130
132
136
118
125
134
119
141
136
136
127
135
118
134
151
152
151
143
159
121
166
136
158
168
140
147
157
151
119
159
161
162
154
137
169
160
152
171
141
164
170
169
137
169
177
172
152
188
166
171
178
193
189
183
182
167
204
196
184
169
186
162
199
172
171
176
191
197
192
180
177
179
209
196
181
211
198
212
187
179
169
188
211
209
197
198
217
189
186
212
191
181
182
194
176
172
226
211
214
211
224
208
211
188
212
227
208
216
219
216
212
220
215
233
233
219
259
204
230
231
216
208
218
239
246
238
247
256
220
247
219
211
245
237
206
241
248
252
261
233
258
244
248
254
238
257
262
248
269
261
239
213
262
257
263
267
210
270
252
256
288
241
268
265
244
251
263
281
251
274
249
247
261
256
250
276
290
261
267
261
307
294
255
262
285
277
273
300
291
279
300
271
264
290
290
269
291
301
291
283
256
312
310
278
280
272
267
282
296
284
292
292
323
312
305
295
325
333
297
300
288
331
318
336
345
301
304
315
292
302
308
342
296
318
324
298
305
332
284
311
324
308
333
360
324
362
314
318
309
337
357
356
313
374
345
313
326
348
329
297
361
344
339
359
330
331
310
332
366
345
300
322
356
358
329
342
343
339
366
334
323
319
333
338
312
306
340
357
352
359
358
323
354
326
357
354
325
345
318
359
341
363
379
321
351
370
375
344
360
355
351
344
346
341
352
355
366
354
410
308
346
347
392
362
372
356
366
350
361
382
360
373
352
378
342
380
350
311
336
360
368
331
386
306
325
376
356
369
360
364
349
340
366
357
314
402
384
373
392
352
332
354
344
329
348
352
343
319
321
337
327
356
371
377
365
352
349
357
352
318
326
361
348
319
321
320
331
315
322
356
321
348
348
382
330
310
329
349
299
346
352
344
347
322
319
359
342
364
322
344
329
359
296
335
325
328
337
328
326
294
303
337
283
284
293
327
347
322
323
324
318
313
315
316
343
329
299
313
283
314
269
341
292
289
310
281
289
288
314
316
298
326
305
280
295
264
299
286
322
301
307
286
272
260
313
257
277
287
294
259
288
271
306
252
259
272
276
299
272
285
273
266
241
276
257
259
278
271
222
256
251
244
250
255
260
279
235
241
245
270
248
257
225
240
253
234
246
223
243
216
209
231
224
212
225
217
230
217
228
253
223
213
223
221
212
202
220
187
213
211
180
214
194
194
209
216
186
178
186
202
209
205
184
180
163
168
192
193
177
160
172
151
185
178
216
195
169
169
175
194
202
179
187
153
186
164
145
138
166
143
137
171
186
190
137
138
147
168
158
147
144
139
152
124
130
126
148
151
143
135
134
134
149
139
134
134
134
135
132
112
129
140
121
117
127
122
130
129
121
138
120
125
120
124
113
128
116
135
138
106
129
115
131
108
107
108
98
118
96
95
112
95
121
106
87
96
108
95
90
88
90
84
97
102
83
93
90
103
90
89
84
91
93
81
94
92
94
103
84
83
81
71
88
73
80
80
93
89
77
89
81
92
71
69
80
71
76
79
72
65
61
72
54
76
67
91
64
83
56
51
70
66
57
75
53
62
42
64
85
66
62
74
56
53
55
60
60
53
53
59
77
59
61
58
53
54
52
50
59
44
72
44
52
45
48
51
46
52
59
38
46
57
57
55
54
56
49
45
48
58
50
51
51
51
52
46
40
48
40
58
53
37
43
46
43
44
42
37
32
36
49
46
39
54
29
40
33
52
38
31
45
37
45
34
40
43
54
44
39
40
38
39
42
34
39
36
45
25
33
50
33
37
38
39
42
44
29
43
29
38
34
37
38
35
39
36
39
35
22
43
23
36
27
34
35
31
45
38
25
48
32
29
37
30
37
37
21
26
32
34
32
34
39
34
28
26
32
31
30
34
30
40
25
32
34
32
31
33
20
35
29
26
39
36
30
38
27
34
27
31
29
25
26
33
30
28
36
33
22
25
30
29
26
25
28
24
20
30
36
27
37
31
28
28
36
25
17
28
27
43
27
13
27
18
28
24
18
21
27
21
32
29
27
26
28
25
29
22
24
23
14
28
30
17
22
28
16
29
26
14
26
22
30
18
20
26
25
32
17
21
29
31
22
27
25
16
27
24
19
34
22
28
23
21
37
25
24
28
26
26
15
25
20
24
25
16
16
24
23
25
18
22
28
21
25
26
25
19
15
28
19
20
18
21
20
23
13
24
30
22
13
24
29
18
14
25
20
24
23
20
27
21
20
19
22
28
25
23
13
14
18
26
24
32
18
24
17
25
27
20
17
26
27
9
18
19
25
22
14
24
14
18
22
21
15
14
22
21
21
19
14
14
14
16
22
24
12
21
14
16
22
18
19
26
12
18
25
25
22
16
23
29
12
20
18
23
20
19
17
13
17
24
26
24
22
18
18
19
19
17
25
11
19
18
17
17
15
18
20
20
19
18
15
21
23
19
24
17
22
25
19
24
19
16
18
19
16
25
21
12
20
10
16
18
17
11
24
26
23
18
30
13
11
16
28
20
10
16
22
10
29
22
29
15
18
19
17
17
24
19
19
16
17
18
25
19
22
19
13
14
23
16
19
15
13
13
20
21
24
23
20
21
15
17
23
17
26
32
19
23
21
11
30
15
16
18
19
21
20
15
18
16
13
19
20
17
16
20
17
21
17
21
21
15
22
14
20
17
12
24
16
24
17
12
27
21
17
26
20
16
21
24
28
17
22
17
16
15
20
15
21
18
22
22
13
19
22
24
25
17
17
11
18
18
12
17
21
14
12
14
20
18
11
16
26
22
26
19
13
12
18
19
23
19
17
19
19
21
21
22
22
17
18
17
11
11
17
23
25
10
20
14
14
13
16
28
23
16
26
15
14
18
13
23
26
18
14
17
15
18
15
12
16
29
19
21
12
21
13
17
21
14
14
14
8
11
21
16
23
16
19
16
17
16
22
16
16
16
11
17
20
14
25
16
20
14
19
22
23
17
21
19
19
17
21
22
9
14
15
11
15
12
15
13
20
19
17
13
12
19
13
17
12
9
14
13
16
16
14
11
16
17
14
12
11
18
10
14
20
19
9
15
18
19
12
17
22
21
17
18
18
12
22
19
9
20
19
22
19
15
19
18
22
11
10
18
23
16
14
18
11
25
14
16
17
12
19
13
14
13
11
8
11
11
11
18
15
14
17
9
14
13
13
15
12
16
21
16
14
17
15
12
11
13
19
14
11
20
14
11
16
11
10
15
19
12
10
23
13
11
17
10
14
16
11
18
16
16
14
12
17
9
14
17
12
9
16
14
16
10
16
15
9
10
11
10
20
10
14
8
16
20
11
9
11
16
8
4
14
14
17
13
20
14
10
14
14
17
10
12
15
10
10
11
9
11
12
13
17
17
15
13
8
6
9
11
17
15
12
16
9
15
17
10
10
12
15
12
9
10
6
5
8
10
16
6
10
8
17
19
12
17
12
6
11
10
14
16
11
9
16
11
11
15
12
16
10
9
17
11
13
8
15
13
12
14
15
7
13
11
12
12
7
15
13
12
13
18
16
13
15
8
15
12
11
11
9
9
14
8
11
10
12
10
11
7
13
18
14
10
11
11
14
11
10
9
6
14
13
12
16
10
8
9
6
8
9
10
11
11
9
11
7
13
9
13
10
12
12
13
17
10
17
4
17
19
12
13
10
10
13
10
12
9
10
10
8
10
15
8
10
7
7
8
10
15
13
10
10
10
18
11
12
8
8
9
10
10
10
10
11
14
7
17
10
8
8
8
15
11
10
14
9
5
5
10
8
14
7
11
7
12
11
9
9
11
8
10
10
4
7
11
12
11
8
5
9
9
5
6
9
8
10
7
8
6
7
6
9
4
9
9
14
12
8
12
14
7
12
9
5
7
11
12
10
6
9
9
10
11
8
9
8
9
8
11
7
10
8
9
10
11
9
7
10
7
10
13
5
5
9
13
5
9
7
6
8
15
9
5
7
10
11
13
6
11
5
9
11
12
13
8
6
6
10
12
8
2
8
7
12
12
11
4
13
9
8
15
5
12
12
6
2
11
8
8
12
11
5
8
6
5
9
10
7
7
6
6
10
5
7
11
11
10
12
12
10
8
5
6
10
2
10
6
8
9
4
5
10
4
5
10
7
20
10
12
7
9
8
5
7
10
10
7
5
10
4
8
8
9
5
9
9
2
10
9
5
5
10
10
6
7
8
6
5
6
5
9
10
8
7
5
8
6
11
3
1
10
4
6
14
7
6
7
7
7
7
3
7
5
11
4
8
4
8
12
12
6
7
11
7
8
6
7
12
4
7
3
9
1
8
6
7
5
10
6
8
8
3
8
5
3
4
9
4
4
7
4
3
4
9
3
11
7
4
4
5
6
6
5
2
5
2
2
9
3
3
5
7
5
8
6
6
13
7
4
3
1
2
3
5
8
3
5
8
7
3
6
5
8
8
7
8
9
6
6
7
9
5
6
5
2
9
9
4
14
8
5
9
3
4
9
7
2
1
5
3
12
5
3
2
11
10
4
5
5
2
5
8
9
6
7
7
7
8
4
4
6
8
5
2
5
3
6
7
7
1
5
8
7
7
7
4
5
3
6
1
4
1
4
5
6
10
4
7
7
6
8
2
10
7
6
6
5
8
5
6
11
5
6
3
5
7
2
3
7
4
6
8
12
6
8
1
10
4
1
6
3
6
4
6
9
0
4
5
7
4
3
6
3
8
5
4
5
7
4
7
9
6
5
5
1
4
4
7
6
4
4
1
8
9
3
8
7
8
8
2
3
2
2
3
6
3
3
5
10
4
1
6
5
3
6
9
4
9
4
7
6
2
6
11
3
9
3
7
9
2
10
8
8
4
6
7
8
6
4
4
10
7
14
5
8
3
7
4
9
5
5
5
4
0
5
5
9
10
7
7
7
6
8
4
5
5
8
3
8
6
6
4
5
7
5
2
6
5
3
7
7
7
5
8
9
5
7
8
4
8
7
2
3
8
11
8
14
6
6
6
7
6
4
9
10
4
6
4
10
5
7
7
5
7
8
5
11
3
4
5
4
3
11
6
1
9
7
11
14
6
8
7
7
8
6
8
8
7
8
6
7
8
8
10
7
4
9
3
4
7
7
5
4
5
5
7
12
9
7
3
4
6
8
5
9
5
3
3
10
4
8
10
6
12
6
8
8
4
8
10
7
6
12
4
15
9
7
6
9
6
9
4
10
7
5
4
7
6
5
5
5
11
9
9
5
6
6
7
9
9
4
5
7
8
10
6
5
6
10
12
6
7
6
9
15
11
7
8
2
9
6
13
11
13
7
3
12
14
11
6
4
10
4
12
6
11
8
7
11
8
6
9
3
8
7
8
7
5
3
6
10
17
7
7
11
8
11
6
7
2
8
6
12
9
10
19
12
14
15
13
15
7
11
7
17
11
12
11
8
6
14
6
14
5
9
6
9
13
10
10
15
9
10
10
12
107
102
110
104
101
91
83
86
87
86
96
110
98
88
96
105
104
108
80
93
78
97
77
91
94
99
85
84
89
93
79
93
80
94
99
78
109
93
99
97
88
92
95
76
96
102
80
88
84
106
97
101
101
81
99
100
111
73
92
78
102
108
92
94
91
80
79
90
83
97
107
72
106
96
84
83
90
78
76
78
77
78
76
100
83
78
74
101
85
93
95
71
90
89
77
91
89
94
72
76
85
102
80
82
77
79
55
91
70
67
70
83
73
67
90
66
67
88
79
79
81
68
82
89
80
72
87
35
