4
2
0
3
4
0
3
4
6
7
2
2
2
2
5
2
11
2
5
3
3
7
2
7
5
2
13
3
8
5
5
7
5
6
7
5
3
7
9
4
5
4
3
7
10
10
1
4
6
8
14
7
6
9
11
8
10
15
25
54
95
128
150
177
179
230
252
284
329
414
476
556
599
650
614
613
610
517
496
405
384
332
297
257
231
210
174
181
195
211
201
181
176
179
162
162
168
193
176
162
174
179
168
162
172
158
190
170
173
203
206
176
162
179
175
178
172
179
178
170
172
185
166
153
182
177
183
177
155
208
184
173
215
204
175
193
197
194
177
172
194
190
177
196
176
180
208
207
180
167
178
187
178
198
177
195
213
165
186
174
183
207
186
178
192
171
205
188
206
198
201
185
195
214
185
173
180
184
199
198
203
178
207
211
174
194
192
211
197
230
181
214
193
174
183
187
192
197
219
209
213
174
192
187
205
213
175
191
192
184
192
204
203
180
219
202
199
212
210
193
213
181
193
217
218
186
215
216
198
242
185
218
195
213
218
215
198
248
224
216
215
191
209
198
189
230
199
197
217
227
218
189
211
226
192
185
197
211
214
209
206
232
216
220
178
231
221
237
202
226
222
212
202
196
208
206
193
198
208
219
211
242
222
219
252
199
215
212
214
200
189
196
191
223
193
207
197
204
232
215
204
186
189
186
208
210
215
188
218
204
205
216
214
222
187
193
206
203
212
220
221
213
206
199
192
193
197
200
200
192
211
194
197
173
189
178
193
176
195
243
219
195
193
197
182
217
187
208
220
214
203
236
210
206
196
200
236
205
202
231
225
206
209
228
218
209
202
186
196
203
207
190
224
219
206
172
210
231
221
195
211
195
223
202
212
190
204
214
190
183
236
194
210
213
209
207
196
199
220
211
230
181
186
214
211
223
212
219
237
208
215
209
211
199
207
210
213
208
206
203
221
232
193
200
209
236
171
223
214
223
195
192
231
191
213
197
215
201
215
224
194
212
217
220
235
191
226
229
215
202
233
197
217
202
168
193
222
193
214
217
209
234
189
214
216
209
203
219
212
228
240
220
231
224
200
228
193
219
236
231
231
224
239
232
225
238
215
228
205
243
211
218
254
213
201
231
205
210
221
223
204
224
242
207
228
227
205
232
208
241
227
209
210
242
254
219
223
205
236
245
240
227
223
207
225
213
223
202
218
204
234
228
225
212
234
249
227
237
238
217
239
231
238
246
227
220
220
236
218
240
237
229
225
228
229
254
241
232
249
250
254
238
247
248
237
264
223
224
229
230
246
233
249
251
245
228
260
265
225
258
257
255
248
244
263
223
227
212
248
243
243
258
276
247
243
254
225
240
271
266
251
241
243
258
232
241
259
240
260
239
214
269
258
282
246
257
250
252
227
279
261
269
272
268
251
240
244
242
260
269
270
237
256
265
252
260
247
251
256
271
262
272
262
282
259
236
251
240
281
260
245
256
241
269
270
252
248
262
319
264
267
259
291
249
257
260
242
280
275
243
276
266
274
279
246
258
295
270
269
247
282
270
254
281
310
255
270
285
245
273
266
283
270
263
249
304
301
272
301
272
276
285
274
297
282
275
308
237
280
312
291
288
286
269
257
297
245
277
294
315
278
263
309
298
294
325
269
289
344
328
295
272
277
297
302
287
306
285
295
278
317
291
293
280
254
285
281
317
319
275
294
307
298
277
305
294
262
289
274
303
291
287
323
298
306
307
296
302
270
295
309
278
284
329
311
289
317
294
277
323
299
308
293
283
323
293
308
300
275
310
300
297
318
277
302
290
320
291
288
286
296
284
328
308
293
290
311
295
281
312
298
318
353
297
302
300
329
323
278
319
291
328
314
307
315
299
274
299
314
315
324
273
301
301
327
331
279
304
274
282
328
292
296
304
300
306
297
329
292
330
285
299
316
296
303
312
299
330
314
345
273
286
318
309
318
321
334
295
359
305
295
301
319
307
302
309
303
331
305
311
314
302
301
309
307
328
297
301
296
294
318
306
334
300
323
306
290
269
282
301
302
297
314
318
309
304
302
311
305
316
341
310
325
334
313
287
302
327
298
289
308
290
333
300
316
309
325
312
336
322
317
311
286
298
304
313
334
341
323
293
284
320
299
323
307
301
309
297
315
313
272
327
271
307
311
311
314
310
322
319
304
298
307
323
313
315
306
329
335
312
290
296
315
291
322
325
311
321
306
327
292
321
298
323
303
282
344
339
276
317
319
303
356
273
309
330
332
294
292
292
347
308
284
292
312
288
342
320
348
338
298
275
311
293
324
285
307
310
345
293
306
306
301
293
308
318
332
312
291
319
314
286
279
320
341
319
323
304
276
290
306
317
313
337
307
340
312
306
310
322
306
299
310
305
326
296
284
322
295
340
362
335
317
329
316
337
328
335
303
298
325
308
303
298
321
312
323
308
345
327
323
325
340
317
310
302
315
314
311
309
304
354
316
323
303
311
310
344
328
338
306
305
326
310
301
325
287
332
314
332
346
334
304
301
309
329
353
345
335
297
327
302
312
293
319
329
308
303
326
282
317
324
345
329
325
308
335
338
311
320
304
347
332
352
305
313
326
343
307
371
346
305
333
307
318
308
312
320
320
313
328
337
352
353
288
350
316
325
340
329
291
322
351
324
294
360
326
327
336
329
312
331
310
326
349
339
318
341
349
308
315
302
328
333
305
327
331
312
360
317
306
367
323
337
321
306
322
295
363
291
287
347
302
314
333
349
345
333
308
340
330
301
327
327
340
323
360
307
312
344
318
316
336
325
334
295
320
321
323
323
301
324
334
342
333
349
329
301
318
319
335
324
294
333
321
320
328
319
334
330
328
320
347
326
350
298
370
331
286
341
308
292
348
313
349
340
292
350
318
337
332
327
343
324
379
318
337
340
335
277
312
332
305
343
323
282
328
341
321
332
314
335
296
289
324
314
301
279
330
332
350
341
336
328
332
290
321
330
307
343
330
282
341
348
354
353
313
315
316
362
341
342
335
352
304
330
269
323
335
321
327
345
325
297
344
333
301
299
332
348
299
325
333
323
314
352
332
335
316
325
316
318
301
302
320
307
323
341
326
280
328
347
313
361
312
320
342
310
358
328
341
348
311
348
352
345
325
275
358
328
325
331
341
271
302
336
327
312
319
350
346
325
320
315
324
321
350
326
333
305
305
297
309
344
350
320
326
319
314
317
324
311
290
280
339
305
297
328
351
314
349
319
333
318
314
341
339
335
309
316
335
340
310
297
328
305
363
335
351
316
364
343
284
333
359
331
311
344
341
314
324
369
303
342
356
295
351
311
322
314
339
341
321
301
308
330
309
329
322
321
341
325
350
335
327
323
333
332
316
344
300
320
322
329
315
326
335
345
338
335
305
345
333
331
344
320
347
331
317
301
279
330
331
343
297
305
318
344
326
342
323
337
304
338
333
326
309
311
312
309
364
296
322
291
307
348
335
313
317
352
380
308
318
349
325
318
336
320
333
323
346
338
320
328
356
313
333
337
344
292
352
334
337
316
306
366
347
320
325
373
329
330
322
318
356
325
351
310
366
360
369
313
328
371
368
346
324
327
321
362
349
356
323
346
325
340
326
353
381
383
374
333
325
353
382
365
315
353
338
312
327
342
347
353
369
385
348
351
345
316
354
365
351
329
342
350
335
372
372
334
327
373
346
337
342
373
391
348
372
371
371
347
356
359
386
343
358
369
342
367
323
342
353
346
367
383
381
387
344
384
370
360
359
356
357
380
355
358
363
367
370
357
369
387
332
374
374
374
375
405
391
375
385
392
370
344
364
378
365
352
367
392
393
407
374
372
380
386
404
380
366
390
396
384
383
400
395
364
433
354
355
457
424
391
391
375
387
387
383
386
360
391
436
388
347
397
384
446
400
438
389
420
387
434
384
358
359
374
387
430
385
418
419
369
402
382
414
422
392
420
405
411
400
361
402
386
368
395
379
398
450
385
405
353
401
409
377
372
412
395
374
383
416
419
399
368
375
398
373
419
437
444
374
385
416
397
392
447
406
417
407
369
377
406
380
397
372
397
397
384
402
388
387
428
390
403
429
400
401
403
395
360
381
394
388
398
369
385
385
402
371
432
380
383
392
397
432
366
400
410
415
390
361
402
392
413
411
388
358
395
402
390
408
395
393
402
419
412
405
358
395
423
386
392
402
419
392
390
417
348
379
399
380
389
427
400
383
445
394
386
348
407
403
416
396
406
386
412
418
422
427
396
412
435
389
431
394
422
389
434
425
411
429
379
428
429
443
426
443
415
447
428
410
461
449
438
419
455
455
426
441
449
441
400
438
466
426
420
397
446
513
451
419
443
421
460
455
424
420
436
437
395
423
413
447
414
397
410
392
434
433
409
423
380
379
364
417
392
377
404
405
421
378
380
407
376
400
376
409
393
395
373
388
379
324
368
369
403
371
384
387
392
413
387
390
364
402
373
340
366
375
351
378
353
348
340
372
366
380
360
389
435
351
360
367
347
376
396
341
348
387
379
367
352
374
351
354
365
337
395
370
378
354
392
372
392
356
347
317
331
393
353
360
357
354
376
346
328
357
357
353
347
374
371
395
370
317
401
386
383
354
353
374
355
338
357
324
338
331
363
349
362
368
354
352
362
317
346
346
368
363
356
354
333
373
344
319
325
383
378
365
373
352
359
337
352
340
359
324
391
388
345
353
340
297
361
340
345
376
335
338
315
333
332
340
390
326
349
332
355
337
363
352
342
347
330
316
348
367
347
334
319
353
367
337
352
350
337
375
344
374
346
379
351
320
315
341
343
362
324
327
320
384
336
328
357
345
353
333
338
305
343
314
319
349
336
324
369
341
369
363
363
343
346
389
344
315
328
351
331
336
385
336
336
357
306
349
366
330
314
347
348
326
347
316
347
338
321
332
336
285
338
356
351
331
305
349
336
337
348
335
315
341
342
300
327
346
300
330
331
305
336
324
311
325
335
333
351
328
322
324
304
339
327
364
333
363
332
341
315
324
315
311
309
304
330
322
318
336
301
310
362
336
365
345
340
317
323
304
337
306
310
335
342
311
318
327
335
317
310
307
315
337
319
332
313
309
323
305
307
326
320
303
270
327
354
339
315
311
306
313
351
319
290
326
302
305
283
314
293
317
305
342
316
295
302
322
320
322
297
300
323
328
316
315
314
303
307
304
285
305
321
272
297
335
324
316
312
303
296
301
307
330
309
328
284
295
309
314
312
320
298
302
310
312
312
309
323
296
301
308
304
308
282
293
312
317
301
302
293
277
285
300
287
293
312
284
315
309
304
288
300
343
271
275
289
295
325
300
325
306
307
304
309
297
284
297
312
314
309
304
301
310
288
291
302
298
299
297
279
315
314
316
291
315
304
304
296
263
293
303
291
287
329
284
289
319
292
328
286
297
304
292
301
301
287
325
306
243
314
327
309
322
273
290
318
285
303
318
281
298
304
290
299
282
335
267
304
318
312
269
269
285
296
300
303
277
302
308
303
306
300
283
295
278
280
283
274
294
299
302
268
277
296
281
275
273
290
274
266
298
280
271
284
271
273
278
282
282
302
272
284
303
291
319
268
275
282
300
261
279
252
282
303
270
282
303
302
291
264
287
250
296
293
280
321
306
250
296
265
274
306
246
289
284
271
259
276
316
276
286
288
272
276
270
270
247
290
244
277
287
274
285
250
289
261
310
282
299
278
281
281
257
280
263
269
294
296
285
260
295
256
295
280
272
263
273
256
266
288
264
267
298
288
299
290
288
262
244
282
298
250
276
270
308
255
291
266
273
276
254
272
283
268
241
263
258
277
284
266
247
278
274
257
277
264
258
270
257
307
262
268
266
271
250
254
241
257
264
309
256
313
270
268
294
269
245
321
306
249
268
265
255
265
270
252
286
270
299
281
270
244
278
239
263
267
277
254
245
247
286
261
275
281
262
254
283
250
271
253
266
286
235
251
286
250
279
306
311
281
271
256
257
275
272
293
272
251
254
264
258
257
242
273
270
295
300
233
254
279
273
297
284
300
249
271
264
274
250
288
282
227
273
271
288
288
280
268
279
253
250
307
300
238
262
256
282
267
249
253
259
273
274
276
276
242
279
288
251
265
259
263
251
275
262
289
247
296
261
256
244
282
251
219
275
262
235
239
253
281
289
248
252
260
260
256
282
239
277
248
284
288
291
289
256
284
290
266
302
261
285
273
277
279
275
287
253
286
264
246
287
279
242
258
260
263
285
278
266
263
277
249
268
261
285
270
261
266
253
320
295
232
270
242
256
261
266
280
241
262
265
254
256
271
278
274
251
257
272
215
288
287
279
263
282
238
262
278
255
251
261
260
266
255
281
259
257
279
258
260
248
275
280
258
261
288
262
279
268
228
253
256
273
240
263
252
260
244
252
274
252
278
288
263
262
280
257
263
243
251
252
267
277
263
245
251
262
279
266
271
234
261
280
288
259
273
239
283
279
273
246
246
238
237
237
254
284
275
269
277
265
270
260
251
265
272
267
274
243
263
290
276
263
231
277
265
270
250
262
268
263
248
225
262
261
274
259
262
265
284
279
264
264
262
251
267
287
268
246
249
286
253
252
269
263
271
272
274
267
268
291
267
264
263
311
272
285
257
246
258
266
275
281
276
261
279
273
253
272
270
267
258
273
288
241
269
286
263
236
260
248
280
280
252
254
264
290
257
268
272
245
268
272
226
254
236
226
247
257
261
276
260
248
238
245
268
260
285
267
279
263
265
287
231
230
269
269
262
272
243
254
256
280
266
260
265
265
232
246
257
278
280
284
260
235
287
262
259
271
272
257
218
259
281
246
259
262
263
266
258
269
268
280
250
264
229
258
229
235
255
245
248
240
282
243
262
262
257
264
262
260
246
252
254
264
251
256
256
260
223
257
248
270
261
247
274
208
250
228
243
270
235
251
234
231
234
246
233
227
273
247
264
229
254
258
252
223
262
236
255
243
260
235
252
239
232
242
223
239
250
229
216
229
238
240
237
238
261
216
261
239
225
256
188
237
244
255
249
250
231
254
263
244
230
263
198
226
267
239
234
234
244
216
228
212
246
224
247
245
244
209
247
227
241
229
211
237
199
219
217
199
211
247
217
200
234
227
230
237
216
218
238
201
207
248
207
204
215
234
220
200
203
211
230
225
240
203
227
238
200
219
213
233
213
212
197
204
189
243
211
215
223
198
198
176
219
235
217
203
230
211
190
196
203
194
210
200
176
213
215
226
199
206
194
228
216
200
201
220
192
229
206
190
176
193
238
194
199
194
199
196
185
193
192
197
175
187
201
190
229
201
206
194
187
215
188
177
187
175
165
190
230
171
166
185
186
179
185
178
187
203
201
184
184
190
178
180
171
196
189
192
170
201
185
177
174
209
166
195
175
172
182
182
174
153
159
164
185
170
161
149
186
191
183
162
162
159
159
163
157
154
167
163
158
171
181
179
170
157
152
154
181
149
173
153
154
161
160
158
163
159
156
183
185
189
160
189
179
148
177
191
179
166
173
153
172
170
178
185
162
152
150
180
162
139
180
150
161
157
152
140
166
152
168
170
176
144
160
149
161
163
146
156
162
170
146
160
134
151
144
139
162
152
156
147
146
158
163
145
144
145
150
165
147
160
156
145
136
175
165
155
146
147
145
161
153
147
156
147
120
138
160
132
143
141
146
162
154
138
122
149
142
139
181
153
151
132
157
142
147
131
141
156
152
133
150
144
167
152
135
131
142
149
128
142
144
136
141
144
136
136
134
133
118
146
151
132
120
149
156
134
118
144
144
158
139
141
128
122
145
128
131
127
132
135
120
112
158
116
133
143
131
138
168
150
122
151
130
122
137
158
153
150
132
117
144
157
126
141
122
123
134
141
140
133
141
150
118
131
140
123
133
137
150
142
121
138
112
138
114
116
126
115
129
130
138
124
129
141
135
139
130
135
122
140
133
127
118
128
140
105
127
122
131
117
143
131
119
133
143
125
141
129
117
105
131
106
133
120
114
132
106
106
142
113
124
120
125
117
126
119
109
127
118
123
123
114
125
117
137
111
124
139
130
119
138
126
117
119
125
121
120
116
129
123
127
114
120
124
126
128
127
119
99
123
102
129
138
132
135
105
107
102
106
113
121
110
103
126
113
112
115
102
120
109
105
115
131
117
116
109
115
107
132
129
120
114
116
128
121
124
100
99
127
118
119
105
102
124
131
121
111
123
100
111
116
96
105
130
109
135
120
113
133
84
121
119
106
128
95
116
130
119
103
111
111
102
113
97
99
109
108
132
116
110
115
112
89
113
118
114
116
118
102
108
112
116
127
126
109
91
120
108
105
103
109
109
122
114
105
113
122
120
102
98
101
103
113
110
107
98
130
127
106
102
107
120
94
135
103
104
104
116
108
99
108
103
98
109
116
101
111
120
117
108
103
114
113
102
119
113
117
121
100
108
137
104
106
94
107
111
112
97
124
102
104
118
108
108
117
98
114
108
91
103
100
109
118
96
106
108
105
91
103
112
87
114
110
103
91
101
90
122
92
106
108
117
109
115
95
105
108
118
92
113
93
100
86
100
94
107
94
124
96
103
101
106
106
110
89
106
107
126
91
112
115
90
117
81
123
95
115
105
92
94
101
92
106
109
87
97
113
101
89
103
85
118
95
102
88
97
112
94
91
87
85
110
121
103
87
111
110
105
105
96
106
113
87
104
112
100
106
91
103
98
110
101
103
95
112
108
125
87
104
104
96
99
113
114
88
86
106
110
112
93
122
87
95
111
101
102
80
103
91
84
90
81
95
88
94
94
105
104
97
102
103
95
100
84
99
94
106
99
97
96
104
102
106
102
87
106
83
102
84
111
83
89
90
103
92
88
90
109
94
108
95
90
101
116
105
103
103
103
82
80
84
84
99
103
126
90
109
95
101
99
87
114
111
106
119
85
86
107
96
112
88
98
96
94
99
96
99
103
92
100
94
109
109
85
102
98
84
114
92
97
105
92
106
101
109
85
100
124
104
99
111
92
93
100
110
109
87
90
99
108
89
87
90
92
96
110
81
108
108
112
93
92
83
102
89
97
88
107
110
100
79
103
99
90
105
92
94
89
87
102
100
97
88
97
99
98
90
93
79
86
98
78
84
117
83
100
108
91
101
104
102
102
128
88
96
93
97
105
93
103
99
100
102
98
101
95
101
107
104
86
107
84
99
106
94
88
110
91
92
73
89
107
90
94
103
101
116
88
102
87
94
84
82
113
87
86
78
91
117
98
89
98
100
84
95
88
103
90
92
84
90
76
102
92
95
101
93
91
114
100
89
94
93
91
97
101
80
85
92
110
107
105
106
93
91
99
99
95
88
112
109
94
101
103
109
98
106
89
84
73
94
95
76
114
91
100
94
96
87
113
76
92
98
94
100
95
83
95
99
86
84
86
98
106
68
104
101
109
114
96
100
89
82
87
89
105
119
105
74
92
97
94
91
78
90
89
89
106
94
107
80
110
85
79
70
83
113
93
93
84
93
79
94
110
86
80
79
103
98
92
97
101
93
81
97
109
83
98
84
93
84
100
118
101
105
88
87
87
101
97
95
109
90
104
110
89
94
98
95
100
101
81
114
122
101
89
105
91
92
87
91
108
93
100
96
81
85
94
103
74
98
95
89
99
97
101
83
89
97
101
93
80
71
97
86
90
98
101
101
106
94
94
105
83
107
85
82
106
89
97
96
97
107
86
106
105
87
101
112
94
78
90
100
95
100
105
102
100
105
101
99
115
110
114
113
85
112
101
96
100
93
97
86
90
106
95
103
86
89
114
90
88
100
116
97
99
93
91
106
110
92
91
112
106
97
92
103
90
114
92
110
98
110
101
97
109
118
113
102
106
129
107
110
112
101
106
95
104
110
124
107
100
98
110
131
85
98
112
123
105
89
108
111
101
104
119
123
126
117
113
97
118
118
113
98
106
111
114
126
100
106
125
116
129
117
116
129
122
105
113
117
125
111
107
116
109
133
116
114
151
132
114
133
109
121
120
151
163
110
137
140
142
139
127
118
120
142
126
129
111
138
136
134
139
115
118
150
146
132
158
130
156
150
132
137
134
137
138
150
154
152
152
156
145
179
144
145
161
185
166
159
146
161
141
163
157
191
162
155
188
174
166
180
193
167
163
170
180
187
191
205
187
189
187
196
174
182
183
224
167
202
192
213
214
214
202
206
218
231
211
215
200
219
204
188
228
241
273
226
228
219
230
232
239
268
261
258
257
273
251
244
259
261
260
262
257
248
286
284
283
273
287
259
263
292
307
304
304
287
293
274
266
319
267
327
320
318
304
335
291
324
328
322
318
324
318
326
325
368
352
355
368
351
384
333
361
382
372
368
365
337
386
371
399
380
393
415
414
422
390
400
441
417
381
396
429
414
435
455
459
456
475
478
460
450
492
468
463
461
465
499
484
506
520
509
442
513
505
512
503
526
539
529
525
539
540
476
566
530
540
513
561
586
568
563
641
557
554
587
590
620
599
597
607
607
643
594
621
613
643
638
655
637
644
676
726
697
650
683
674
679
750
643
703
718
730
719
785
758
696
706
778
742
763
786
835
719
779
806
767
795
775
740
798
806
829
806
886
838
807
844
829
805
905
866
846
909
908
848
900
891
907
873
921
937
973
911
911
910
980
970
957
971
944
954
992
1087
964
1018
979
1020
1004
987
1016
1011
1034
992
1050
1064
1090
1046
1036
1109
1149
1043
1119
1073
1124
1128
1155
1127
1108
1123
1144
1198
1156
1204
1106
1207
1215
1204
1168
1253
1206
1200
1241
1232
1237
1221
1208
1275
1231
1209
1197
1227
1241
1294
1265
1242
1250
1291
1247
1351
1323
1304
1318
1274
1389
1341
1290
1303
1353
1394
1293
1347
1381
1348
1318
1394
1353
1458
1377
1343
1405
1378
1451
1439
1466
1476
1389
1366
1401
1398
1375
1507
1478
1532
1380
1436
1452
1513
1485
1493
1552
1411
1470
1492
1530
1519
1535
1490
1588
1570
1556
1493
1510
1607
1560
1636
1575
1570
1488
1568
1582
1560
1506
1542
1570
1652
1585
1607
1626
1573
1672
1669
1592
1577
1591
1686
1652
1638
1625
1635
1634
1614
1623
1679
1639
1590
1675
1694
1690
1617
1630
1639
1629
1628
1636
1656
1706
1656
1725
1695
1624
1693
1714
1705
1703
1716
1642
1756
1765
1627
1722
1662
1698
1713
1724
1675
1672
1708
1710
1737
1670
1715
1701
1793
1716
1695
1749
1666
1714
1699
1727
1698
1643
1712
1720
1702
1657
1699
1667
1770
1746
1652
1781
1702
1765
1698
1655
1709
1690
1701
1671
1725
1668
1717
1762
1684
1735
1693
1618
1716
1762
1658
1738
1721
1713
1676
1672
1651
1653
1659
1659
1617
1731
1703
1633
1687
1614
1665
1674
1708
1721
1664
1622
1605
1645
1672
1686
1585
1658
1666
1670
1619
1629
1626
1700
1631
1641
1578
1529
1622
1596
1568
1583
1536
1579
1584
1624
1663
1577
1592
1574
1571
1595
1566
1498
1550
1520
1580
1539
1550
1476
1473
1571
1509
1534
1524
1491
1484
1463
1499
1520
1503
1496
1491
1424
1549
1498
1464
1492
1437
1364
1494
1399
1461
1398
1414
1413
1401
1384
1412
1390
1324
1384
1360
1360
1370
1364
1315
1327
1307
1312
1335
1238
1292
1321
1332
1233
1332
1286
1366
1271
1271
1296
1236
1230
1256
1247
1249
1266
1236
1208
1272
1209
1292
1188
1244
1214
1173
1191
1251
1246
1222
1170
1168
1167
1077
1163
1191
1135
1114
1117
1177
1075
1127
1133
1116
1088
1074
1041
1054
1055
1051
1144
1042
1006
1041
1054
1036
1064
1041
1040
1033
937
970
927
1014
958
977
970
980
886
971
909
903
967
871
933
923
962
988
928
854
903
896
930
841
832
861
869
856
826
811
800
812
811
810
764
830
796
831
830
766
769
731
792
786
743
775
743
709
762
710
730
741
724
757
691
669
662
707
679
692
667
675
666
647
674
678
617
670
695
660
611
664
623
609
667
665
606
547
602
615
625
592
574
585
542
579
566
536
564
551
539
539
557
509
547
491
565
530
515
490
506
512
488
527
473
492
488
482
496
448
481
498
425
445
488
452
475
466
423
441
405
433
445
414
421
381
442
418
394
414
399
415
411
405
407
395
417
358
363
360
343
331
368
353
364
394
384
355
330
364
347
342
337
337
325
323
365
327
325
311
306
284
350
325
325
315
308
314
317
307
284
288
301
307
277
315
276
307
269
257
273
244
260
244
250
264
257
254
245
264
248
249
254
215
251
211
240
233
242
242
249
253
200
223
228
224
217
237
202
224
220
234
202
197
191
204
180
202
197
204
198
178
187
197
202
209
186
192
163
173
156
181
197
186
163
150
178
171
165
183
203
166
147
159
161
184
147
146
157
195
153
167
157
145
180
175
156
144
147
158
136
138
163
156
123
140
129
124
142
176
133
144
135
124
140
133
130
127
120
114
134
141
109
148
123
131
129
117
119
139
112
104
121
146
151
128
114
125
110
119
129
102
134
114
118
112
110
117
96
104
108
112
81
124
111
118
104
99
98
90
108
100
98
116
84
98
100
117
111
98
110
102
83
75
105
103
90
103
93
83
85
109
98
108
93
86
95
103
97
110
85
98
87
85
88
80
84
93
95
84
92
86
96
97
91
98
92
80
87
91
87
96
69
89
80
78
79
75
94
70
72
86
88
81
79
80
91
75
75
90
92
80
55
70
89
77
79
83
72
77
70
78
83
70
88
80
70
86
67
93
74
53
92
70
62
75
80
70
68
72
77
68
74
69
73
68
54
60
74
68
76
71
80
59
62
64
77
81
62
58
71
64
66
53
73
58
65
71
58
71
66
62
61
67
76
78
56
62
59
68
61
63
58
55
61
72
74
62
50
55
63
57
58
52
59
53
66
42
66
59
55
49
53
73
57
53
65
60
64
48
61
52
50
80
45
56
58
57
65
55
53
54
61
58
62
59
52
56
64
65
50
48
53
59
64
69
57
49
63
77
56
69
59
52
63
74
49
79
48
64
49
48
61
61
52
52
60
67
62
51
47
54
48
57
52
68
62
65
61
55
43
64
77
54
61
62
54
62
75
65
34
51
57
49
51
63
57
59
54
57
44
57
54
54
53
51
50
52
57
51
48
59
52
50
51
55
48
50
50
44
49
53
55
51
54
67
43
51
48
49
36
40
44
46
42
48
61
59
47
58
47
42
49
46
52
59
49
61
47
45
41
50
47
63
41
51
58
43
49
49
56
53
55
46
56
48
50
59
68
57
38
42
46
47
45
51
51
52
39
53
56
45
40
53
50
52
51
55
43
39
45
47
60
56
65
40
48
43
54
49
40
57
36
63
60
45
43
60
41
46
53
52
46
57
54
39
43
32
68
46
58
50
38
47
48
59
42
55
48
41
54
63
48
40
47
27
42
45
45
42
56
52
47
45
54
61
54
64
41
59
45
51
50
59
45
45
51
47
35
42
41
43
50
47
62
44
38
45
63
37
43
46
43
55
51
45
56
57
50
44
57
52
40
42
53
46
57
56
50
49
44
47
44
54
47
41
37
41
48
39
45
54
48
54
43
38
49
38
48
58
40
51
31
51
63
58
33
46
43
55
45
61
48
55
57
45
48
47
42
52
50
49
54
56
42
42
50
42
43
44
43
50
38
44
40
31
37
58
50
39
31
50
42
38
41
50
56
42
40
57
49
46
43
48
43
42
44
49
61
35
31
35
54
46
55
43
50
49
50
48
45
40
47
39
52
52
43
46
46
48
39
38
44
29
43
42
64
40
40
46
49
43
57
44
47
46
54
34
49
55
60
54
41
43
39
52
42
41
57
44
52
37
58
48
39
48
40
50
44
36
55
49
53
42
56
51
46
53
40
41
52
56
49
48
50
43
46
54
38
40
43
50
46
54
52
48
41
26
42
55
57
42
44
48
39
40
39
41
42
43
51
52
49
38
44
59
48
44
45
38
59
56
46
45
40
51
43
39
44
43
51
58
57
53
42
54
56
40
59
37
44
45
46
49
40
57
48
50
57
40
46
43
38
38
58
39
42
44
47
41
48
46
41
49
49
47
43
40
46
46
47
54
50
32
42
66
49
33
36
53
44
45
39
33
42
48
47
50
49
49
50
55
56
45
45
54
38
39
59
40
51
53
43
58
41
47
50
48
53
39
38
46
36
59
53
35
46
37
46
34
45
45
38
34
46
40
58
44
51
44
45
38
38
40
47
49
46
41
58
43
60
41
48
46
50
52
49
42
40
61
53
51
39
56
52
54
38
46
47
58
49
53
38
43
49
40
52
56
29
56
47
53
41
42
44
45
69
50
53
36
64
60
47
40
43
46
40
43
38
55
48
38
33
50
35
52
41
42
46
54
48
52
45
54
37
58
52
56
37
50
47
45
47
50
44
40
60
46
41
39
43
43
40
44
40
52
43
43
39
31
52
41
42
42
55
44
46
42
35
48
50
47
55
47
45
40
44
44
50
59
40
50
41
44
35
45
45
53
40
58
47
55
54
46
48
47
41
49
52
44
42
61
38
36
40
38
45
33
53
44
44
51
46
47
40
34
41
45
48
44
54
43
41
44
47
52
35
41
47
29
29
50
54
50
37
37
55
35
58
51
41
61
48
62
40
42
43
37
48
49
39
49
43
38
50
40
47
64
55
34
43
49
53
41
42
42
52
51
44
38
46
41
44
44
51
48
44
45
43
50
43
43
48
49
42
53
37
48
43
48
52
51
40
47
43
54
49
48
41
41
40
46
36
55
52
58
51
40
53
52
48
57
53
38
40
43
41
57
45
54
46
52
58
48
52
54
59
56
41
39
63
38
52
42
40
37
46
60
45
48
31
52
45
47
38
48
52
41
33
49
31
36
50
37
45
46
54
35
40
42
58
52
50
43
35
44
40
36
46
57
59
49
42
49
40
49
41
57
54
52
55
57
57
55
45
43
55
50
37
53
48
44
45
52
41
47
46
47
44
49
50
42
44
47
52
51
38
55
52
50
34
46
48
53
62
44
52
44
53
53
39
50
52
52
46
42
63
52
36
48
48
48
45
47
51
43
42
41
56
42
42
38
47
44
49
36
48
48
47
44
31
38
41
42
52
45
49
41
57
44
38
55
58
41
46
43
39
45
40
41
45
49
31
52
52
37
58
39
50
54
61
42
56
38
29
41
50
51
52
54
44
46
43
35
56
44
43
63
44
47
40
43
51
39
40
55
42
41
42
40
44
45
38
53
53
43
53
35
60
57
52
46
40
44
54
53
46
34
59
35
44
50
56
41
56
43
46
58
42
50
43
52
55
47
48
47
55
46
46
49
55
47
45
59
55
38
54
56
62
53
38
40
54
56
38
54
34
50
54
48
54
55
56
44
38
44
47
50
54
45
53
53
60
44
41
53
56
50
53
50
36
56
45
52
55
56
54
46
53
47
42
38
46
42
38
37
50
46
52
51
49
40
59
39
35
36
41
42
67
53
41
43
43
43
47
43
47
59
66
49
44
44
55
45
49
52
45
53
41
52
38
49
45
49
53
62
46
41
51
46
44
49
41
43
52
47
39
50
42
57
49
43
48
45
50
44
47
51
48
58
39
34
51
47
52
46
48
57
41
45
50
43
62
39
46
39
43
52
37
62
46
50
35
35
50
39
50
52
42
42
46
43
51
45
48
46
59
52
44
54
55
43
45
53
51
41
46
43
43
55
44
55
42
49
45
42
48
39
55
56
44
43
56
57
47
46
40
57
36
47
52
31
44
45
50
45
45
58
49
38
44
46
35
52
51
58
45
49
58
55
41
51
52
63
53
47
49
48
42
47
40
44
66
41
45
55
42
46
59
41
45
36
56
42
53
55
39
43
41
46
43
49
48
45
56
38
42
49
47
43
50
59
44
29
46
49
47
48
52
64
46
55
46
31
34
62
53
46
48
52
49
55
45
46
46
39
45
37
48
55
44
33
52
50
58
53
47
38
55
47
42
42
61
60
33
44
51
49
44
54
39
49
47
47
42
35
36
46
44
44
44
46
52
57
43
45
38
49
47
63
48
61
44
49
41
49
42
41
63
51
55
51
42
43
38
30
36
46
34
55
56
36
47
37
35
54
38
47
52
57
37
46
42
46
53
45
34
58
37
61
33
45
51
41
45
47
45
56
45
40
59
51
44
45
37
46
49
56
47
44
53
46
38
36
40
42
45
52
59
36
43
49
48
54
35
45
37
48
36
56
47
43
47
49
41
47
38
39
45
40
41
42
50
44
51
57
48
53
43
44
50
38
52
52
61
47
50
44
39
43
37
50
39
45
40
51
49
44
51
35
48
49
33
43
44
48
42
42
48
44
53
51
49
57
48
46
59
53
38
40
52
58
46
50
53
47
35
47
36
52
45
44
37
49
53
41
52
50
44
56
55
47
54
55
55
49
49
39
46
43
53
51
48
33
37
35
32
52
49
45
32
41
46
44
43
49
53
49
49
39
46
42
56
41
51
50
31
51
45
37
41
43
49
64
50
44
41
57
45
47
57
56
46
40
43
50
40
37
59
44
41
68
48
50
41
41
47
52
56
44
42
45
49
48
48
42
41
39
46
57
30
46
40
55
50
43
53
53
41
42
42
48
53
50
32
27
47
47
52
32
36
57
45
45
39
45
45
55
57
61
42
46
41
42
51
54
50
58
43
47
51
45
37
39
46
43
54
42
50
57
40
44
48
45
50
50
39
36
48
46
28
41
56
52
43
38
40
49
43
45
41
64
38
51
40
51
53
51
50
42
44
48
36
34
48
51
39
39
58
54
51
49
51
51
37
45
47
37
65
46
39
49
39
54
44
42
52
46
41
50
42
55
46
48
51
61
50
50
50
40
47
42
40
50
55
48
45
51
43
55
57
51
62
57
58
28
44
57
36
54
45
47
53
44
37
63
53
45
40
52
50
45
46
41
56
36
64
51
51
41
31
48
34
56
51
41
49
49
49
53
51
41
76
50
36
44
41
49
44
55
55
33
51
50
46
54
45
54
41
59
46
48
42
49
48
48
37
55
43
47
51
54
44
45
41
40
39
49
44
50
50
40
48
31
35
44
34
57
39
42
38
42
42
42
46
52
46
48
45
40
52
52
43
51
40
35
52
38
37
51
41
36
51
50
62
47
43
47
46
34
59
49
43
33
46
47
46
52
39
38
38
45
50
58
44
38
43
33
38
49
42
51
53
50
50
51
51
48
56
46
46
48
49
48
46
52
56
45
47
42
37
37
47
55
51
54
55
41
57
40
57
45
41
39
48
52
47
57
47
56
36
42
57
50
46
66
44
58
42
40
47
46
57
58
41
47
58
59
57
46
49
47
43
47
57
45
37
45
36
45
48
50
51
43
44
41
46
40
53
41
50
70
51
44
51
50
42
34
48
44
55
47
66
48
42
50
51
45
58
41
48
51
41
44
51
47
51
35
43
45
47
53
31
45
42
55
44
48
37
40
49
42
39
38
59
45
50
54
46
52
46
49
42
43
36
42
52
46
46
44
44
42
58
55
43
46
42
36
38
57
47
48
56
50
40
33
46
42
45
54
57
34
45
49
31
45
37
45
47
41
51
62
49
44
40
43
44
61
59
52
43
46
46
37
63
38
43
47
44
59
48
35
69
51
49
60
46
43
45
41
49
47
41
38
52
39
41
39
40
49
41
53
45
34
50
49
35
51
46
58
48
38
44
55
44
45
41
56
46
47
57
41
45
39
59
46
42
55
37
42
48
36
52
52
49
46
59
53
39
46
40
62
54
39
57
46
43
50
46
41
42
48
43
58
50
43
52
44
41
46
46
59
49
49
43
41
49
44
58
54
54
46
43
45
38
38
42
32
49
37
49
36
42
46
44
45
34
53
49
35
45
43
42
45
43
48
68
51
48
51
60
56
54
45
42
33
52
49
40
41
50
46
50
50
59
46
42
55
51
57
40
51
31
50
39
55
55
39
55
36
52
47
46
49
48
50
49
49
46
53
49
46
46
54
51
43
48
52
61
59
45
56
55
56
55
28
54
44
57
41
50
54
43
50
46
46
37
50
49
49
37
51
49
38
53
37
63
45
63
45
47
36
45
36
49
39
42
43
49
47
45
38
41
39
35
48
49
45
50
56
50
41
40
43
35
37
57
39
53
53
42
51
58
47
56
41
37
40
59
52
47
29
47
50
42
37
38
45
42
37
45
46
63
43
42
32
51
49
41
49
54
57
50
45
31
41
44
35
38
52
44
40
49
50
54
57
54
45
48
47
58
40
36
49
54
46
51
52
52
49
40
52
38
41
49
50
43
40
42
49
49
49
54
51
49
51
56
39
43
44
59
33
46
47
37
49
48
43
42
51
53
49
56
42
40
45
45
33
44
59
39
35
40
50
54
36
59
40
41
44
42
43
53
52
44
53
44
52
41
38
47
50
48
41
49
48
49
36
46
48
36
50
41
48
47
36
48
52
56
50
51
45
34
46
57
52
49
47
52
45
51
47
41
44
2693
2702
2785
2736
2708
2684
2672
2710
2717
2745
2655
2682
2666
2721
2695
2680
2706
2670
2683
2708
2670
2657
2658
2680
2643
2694
2687
2660
2672
2673
2616
2640
2723
2598
2657
2649
2671
2667
2686
2658
2644
2609
2709
2674
2679
2699
2683
2596
2703
2695
2741
2596
2587
2702
2550
2665
2674
2615
2715
2609
2658
2722
2649
2799
2634
2589
2682
2606
2639
2663
2669
2627
2581
2656
2649
2577
2736
2620
2621
2626
2585
2703
2669
2596
2620
2648
2622
2522
2660
2510
2642
2603
2654
2604
2669
2696
2671
2679
2753
2631
2701
2650
2596
2683
2645
2642
2573
2587
2617
2641
2581
2634
2610
2626
2589
2751
2627
2628
2590
2613
2661
2601
2635
2638
2580
2601
2537
1264
