0
0
0
0
0
0
0
0
0
0
0
0
0
0
0
0
0
0
0
0
0
0
0
0
0
0
0
0
0
0
0
0
0
0
0
0
0
0
0
0
1
0
1
0
0
1
1
1
0
2
0
2
2
4
2
6
1
4
6
4
1
6
3
4
4
4
7
5
7
2
5
11
5
8
14
16
8
13
20
19
17
26
26
26
38
45
54
60
67
69
96
97
122
135
160
170
205
244
284
329
415
471
543
644
742
826
1084
1106
961
792
674
571
373
187
79
73
85
91
124
117
132
139
170
191
180
209
266
251
280
329
289
312
338
319
369
345
352
333
284
264
214
185
159
182
143
128
159
157
182
199
230
244
271
316
323
308
312
324
264
279
241
209
198
169
203
179
184
185
207
251
217
264
252
284
248
262
225
235
247
206
178
203
208
183
227
210
235
256
240
282
243
237
282
208
210
202
189
192
202
208
204
238
267
262
250
271
239
224
221
225
195
232
217
207
210
193
218
239
242
251
216
214
220
215
222
237
228
239
208
234
208
254
253
212
234
231
243
240
225
214
226
215
225
228
229
235
251
243
219
255
239
241
267
245
236
222
233
206
242
215
247
227
237
205
237
223
234
215
226
269
254
229
248
223
228
224
236
247
214
253
235
236
274
269
298
293
283
271
268
237
236
298
279
305
357
372
362
336
294
301
274
257
257
218
226
248
245
254
237
276
218
238
238
252
242
233
213
244
246
241
215
247
250
255
247
232
223
236
250
267
245
239
246
225
219
239
270
255
249
237
263
248
251
268
308
325
321
324
289
299
287
257
275
255
274
250
255
244
238
291
270
232
280
271
256
241
234
259
257
225
236
256
254
235
235
205
269
264
232
207
211
236
253
227
230
240
227
219
219
254
219
252
248
242
227
256
232
252
229
271
231
237
223
263
216
233
269
236
273
218
241
227
235
227
245
243
241
266
228
231
231
224
238
223
207
217
242
271
209
236
258
237
259
231
242
244
213
237
218
243
253
239
221
229
248
257
223
241
277
218
236
259
241
234
209
228
243
261
239
244
261
252
261
245
226
235
238
250
235
243
209
229
238
214
238
227
254
226
239
227
217
231
230
229
232
234
208
230
241
247
225
249
238
239
218
250
235
243
236
238
250
237
222
241
235
223
260
209
231
207
222
262
243
248
216
228
249
244
224
233
223
227
217
219
216
253
237
229
229
263
205
232
226
228
221
221
224
211
225
248
239
225
241
221
214
248
234
222
225
250
210
242
187
256
263
245
241
237
239
231
253
241
218
233
255
260
220
236
227
232
241
229
236
258
228
254
234
257
214
247
228
258
243
240
220
247
252
255
238
235
226
214
217
232
225
246
215
238
224
250
225
255
232
213
232
238
224
236
237
225
212
187
232
214
229
216
234
238
221
246
203
237
235
208
229
238
229
226
203
223
221
214
242
223
218
241
226
234
208
222
203
228
235
245
187
228
213
221
212
206
226
205
243
218
228
226
223
214
224
226
210
185
229
236
199
216
207
239
187
211
222
198
226
244
218
226
232
221
204
221
219
218
240
208
227
228
254
245
235
244
250
216
210
230
228
214
230
199
220
195
216
213
204
209
204
227
205
214
218
213
210
219
218
224
202
221
189
237
218
215
215
226
217
247
226
210
229
215
202
199
209
209
232
211
201
212
257
217
202
207
209
204
232
210
210
227
223
210
175
214
198
207
205
216
221
193
227
214
227
226
216
208
215
220
235
210
194
173
219
211
223
203
202
208
212
238
216
189
214
193
195
208
208
213
197
226
195
225
191
226
200
235
212
205
194
195
200
206
184
202
233
241
203
220
222
199
193
206
204
218
214
214
196
194
209
222
210
216
231
183
189
215
215
199
214
192
229
225
202
219
191
192
214
211
225
230
175
213
215
203
194
197
205
244
195
223
216
189
214
235
193
245
188
211
196
211
221
185
204
209
187
217
189
203
243
212
216
174
191
198
218
200
215
186
190
204
222
199
212
200
191
173
203
184
215
207
215
190
186
218
206
212
214
191
203
211
221
211
239
228
213
222
216
233
214
216
210
213
201
178
203
202
202
206
213
215
198
209
231
201
234
226
195
210
200
197
210
190
225
245
233
227
210
208
190
195
224
203
221
203
237
226
203
196
198
215
218
190
198
208
220
211
211
223
208
211
206
215
229
210
230
202
202
197
208
236
218
227
222
235
229
206
224
244
221
179
215
223
232
241
220
222
223
244
247
254
259
250
256
229
251
288
277
293
276
256
273
261
272
253
254
290
275
271
260
281
266
273
297
283
288
280
262
251
258
298
276
291
295
269
288
278
282
250
280
280
239
271
240
251
257
256
267
263
234
244
239
263
222
235
265
235
229
204
256
245
237
246
226
221
228
198
233
221
195
212
210
225
254
229
225
220
184
197
212
236
229
188
201
197
211
177
195
208
193
194
223
210
226
195
192
214
205
182
211
208
196
178
202
173
190
188
194
195
193
204
195
202
193
193
166
195
184
190
190
179
179
199
216
226
210
199
199
200
188
196
177
167
182
194
177
199
185
198
190
183
206
220
202
225
244
220
219
243
205
236
165
193
187
175
189
167
162
194
210
211
201
182
181
191
185
187
172
183
189
211
196
206
191
192
187
191
201
185
186
198
172
182
188
183
155
174
189
185
186
164
196
183
199
181
190
192
165
184
170
184
170
197
187
182
179
169
158
187
196
185
184
175
186
170
169
182
193
164
160
163
168
176
178
174
172
183
180
184
181
168
177
167
169
168
170
161
167
173
186
167
197
168
180
199
187
186
185
179
162
153
191
183
169
168
184
164
174
160
154
179
143
172
176
176
182
163
185
168
182
169
162
168
191
173
185
178
192
159
170
205
166
192
202
172
172
179
176
180
150
192
211
208
185
167
153
164
172
163
158
155
168
179
150
174
154
204
180
172
157
153
179
165
149
190
148
171
183
181
182
183
147
178
185
175
175
147
155
185
172
177
160
148
166
172
158
156
164
185
151
195
187
156
169
157
167
146
163
170
152
170
168
159
158
153
188
179
157
163
170
160
161
171
150
157
136
160
193
172
170
143
156
167
159
189
145
178
161
171
191
162
165
172
184
184
171
157
162
173
197
174
150
138
173
165
176
156
158
143
171
156
162
169
167
150
170
187
174
162
167
173
156
162
168
174
174
157
172
170
156
161
155
152
154
180
165
165
153
180
167
149
151
179
176
167
163
175
171
156
154
164
165
144
163
182
154
157
173
155
135
152
174
141
164
185
168
166
170
162
180
184
173
163
171
141
150
155
148
149
135
153
158
185
167
158
166
165
148
168
163
139
170
150
139
149
175
174
190
164
156
172
153
171
148
156
192
166
142
166
161
167
149
154
152
159
157
156
167
174
175
172
200
179
203
183
180
168
185
186
155
170
157
168
151
160
181
173
170
154
167
184
157
163
178
196
157
151
163
140
167
138
146
170
161
180
173
155
163
190
153
168
180
143
162
174
161
143
177
159
160
152
165
167
160
142
174
133
164
154
153
133
158
156
163
161
167
169
180
164
126
172
172
170
161
164
163
155
162
147
149
161
158
169
157
170
166
167
182
150
151
149
161
174
173
141
155
148
158
180
183
168
160
146
154
139
167
178
159
170
176
163
147
153
153
178
174
179
177
154
155
136
153
173
161
145
179
150
158
163
145
160
163
138
141
162
162
171
151
161
143
172
144
203
165
152
151
153
178
186
179
159
168
182
149
165
157
151
162
165
159
148
150
187
174
124
147
156
169
179
143
147
143
157
130
169
161
161
160
125
148
175
164
142
144
175
143
171
174
162
168
175
151
168
178
163
161
169
144
144
129
176
170
145
167
161
173
151
156
151
162
167
174
178
181
187
180
186
177
170
152
180
165
138
175
147
150
160
163
159
154
172
169
156
163
173
177
145
147
152
160
150
171
175
149
150
177
153
155
165
166
149
145
162
130
179
170
167
170
139
166
140
152
130
156
168
152
143
136
160
152
162
142
166
155
149
188
170
168
148
125
150
158
150
139
143
145
146
157
168
161
148
151
147
152
155
129
160
145
154
153
147
138
135
141
164
140
159
142
158
154
153
157
145
159
140
150
171
157
140
132
161
140
167
140
156
175
143
157
150
157
141
161
163
146
150
164
136
140
151
133
148
135
141
154
156
142
149
148
156
153
139
171
153
145
160
135
149
157
165
163
145
146
152
150
139
143
148
135
144
152
179
167
177
170
147
132
146
144
167
144
157
140
145
143
141
145
134
167
155
155
135
166
153
139
161
150
151
157
159
126
152
156
131
148
167
163
143
133
149
154
156
154
138
119
140
160
134
133
151
146
127
157
140
144
147
148
148
161
141
165
140
170
148
163
154
161
166
148
147
158
148
151
135
169
168
145
161
150
161
158
138
150
148
157
158
144
163
142
150
154
167
140
148
144
130
137
151
177
164
139
140
123
128
135
124
166
168
145
160
163
149
145
164
135
150
150
168
158
149
130
160
143
158
137
124
155
149
130
142
152
154
156
157
169
139
147
159
168
164
134
164
156
137
146
125
155
138
140
121
128
156
158
187
153
127
138
147
157
139
171
156
143
143
128
138
142
133
142
182
162
173
152
169
169
127
123
141
130
133
135
152
155
158
145
163
153
169
127
161
131
161
148
131
135
147
140
153
164
150
134
145
162
141
152
163
150
140
125
143
161
135
159
140
125
139
141
162
128
150
143
163
155
147
140
150
130
131
135
134
168
141
159
141
156
133
162
155
164
140
146
121
128
148
148
154
156
138
123
142
164
155
133
151
148
148
144
148
125
146
126
154
129
156
155
134
149
160
150
148
150
145
130
112
149
133
161
132
129
119
156
119
132
156
148
162
134
143
152
144
143
157
141
139
139
139
139
139
136
127
177
141
134
136
141
126
131
134
144
142
140
130
138
148
165
154
161
129
125
123
133
143
153
151
132
140
143
117
141
129
137
146
147
152
165
129
151
131
162
143
126
132
174
134
126
145
145
154
139
141
130
134
136
133
163
136
147
134
159
160
126
145
116
143
141
141
145
133
151
149
151
130
145
116
139
148
161
132
145
151
140
132
136
131
165
146
131
126
104
160
139
142
129
140
149
129
132
147
156
145
147
144
136
143
126
136
158
129
157
136
138
161
137
147
151
151
141
139
141
132
174
137
128
145
148
150
140
129
152
144
119
148
134
141
159
150
136
135
144
136
154
155
150
150
150
170
139
140
143
146
135
136
139
153
154
158
142
145
148
134
153
138
130
129
128
150
143
149
153
152
152
133
136
130
153
144
124
139
129
188
141
133
141
154
154
154
140
156
136
116
137
121
122
147
141
159
117
139
158
145
123
159
153
131
130
147
139
140
152
131
144
135
150
136
126
137
119
132
152
145
137
138
134
145
145
143
132
144
135
135
139
137
124
139
134
148
128
143
139
142
141
143
158
143
132
152
126
147
116
145
124
151
136
143
137
128
126
145
142
134
130
124
143
138
125
129
142
145
121
159
138
126
143
145
147
129
119
122
133
141
111
136
129
143
139
145
151
126
134
140
152
136
154
138
141
144
130
145
122
154
114
132
127
115
126
136
138
129
130
149
123
150
142
135
150
135
152
142
125
137
144
133
130
119
135
136
136
153
139
132
142
149
127
144
155
130
148
157
140
154
143
151
123
137
140
157
135
139
156
151
132
156
149
195
172
177
178
171
171
177
175
179
156
166
154
169
143
138
164
155
155
154
134
151
128
133
131
153
126
146
132
139
148
126
138
137
126
149
133
125
133
160
124
155
130
122
149
122
132
149
137
140
149
130
138
124
128
139
134
140
131
135
126
143
113
124
132
117
112
124
135
141
146
141
147
130
129
140
140
144
132
138
132
126
133
137
124
131
133
148
145
160
140
133
144
120
145
139
130
153
156
123
123
131
108
137
116
128
126
136
117
131
130
147
148
126
136
155
155
139
121
122
135
117
132
129
145
154
132
133
143
152
140
130
148
135
125
160
147
143
142
136
157
133
137
126
148
161
136
137
144
126
136
140
132
116
128
131
127
133
155
145
129
117
128
124
124
143
135
136
136
107
126
142
141
159
136
138
132
143
141
138
133
137
134
142
145
130
158
150
135
161
130
136
133
124
139
114
142
146
125
139
155
158
141
127
121
108
121
115
144
136
137
134
159
140
164
121
132
132
112
154
146
144
128
154
146
130
144
129
127
128
143
136
132
139
125
141
156
159
125
141
116
135
152
119
150
117
128
123
138
132
148
146
140
129
145
148
130
160
140
123
141
141
148
134
142
130
130
139
132
139
132
136
134
135
138
116
149
135
139
137
135
140
143
131
141
143
135
131
146
142
129
143
136
125
136
129
150
165
121
124
124
136
135
125
148
117
145
145
157
148
132
167
148
121
143
142
138
140
114
142
135
145
140
159
141
135
143
151
152
143
134
127
121
146
139
132
139
148
171
128
143
159
141
136
138
117
122
140
113
129
125
158
146
135
143
130
131
127
139
136
160
148
137
148
126
146
133
128
131
144
150
165
175
159
172
160
148
153
145
123
160
154
151
143
114
152
141
159
155
146
154
123
139
160
131
146
138
142
135
130
141
154
128
145
137
142
140
133
129
134
146
138
131
148
153
132
120
134
151
114
124
153
123
136
135
128
144
141
134
127
131
135
122
121
132
135
128
137
153
123
129
143
160
130
134
148
139
157
134
140
119
154
164
126
127
154
130
132
132
166
136
139
156
142
138
146
124
128
139
120
136
138
133
146
133
142
145
154
148
126
115
141
129
139
132
131
137
117
151
123
142
127
133
151
159
120
148
135
146
125
145
142
136
146
145
132
154
142
171
154
172
165
144
146
123
138
148
142
149
142
158
133
146
138
157
122
142
149
151
137
137
143
118
130
141
150
132
139
144
143
151
136
136
141
138
129
155
127
143
108
136
141
146
137
141
135
117
142
139
137
131
131
122
128
159
130
120
130
159
156
115
142
147
149
146
150
141
124
148
129
145
141
153
131
140
134
153
152
128
154
152
153
148
151
137
150
134
121
140
130
138
122
144
106
141
146
136
147
136
142
143
138
142
114
129
119
144
147
134
118
142
156
130
128
136
129
143
136
148
148
180
129
142
129
151
149
141
132
145
133
144
149
145
150
160
134
115
152
152
123
143
145
131
141
124
132
135
165
142
149
142
147
139
157
128
124
145
144
154
138
142
126
129
120
140
142
140
131
138
127
150
154
126
153
137
109
122
148
137
156
126
142
152
157
158
155
132
127
142
140
134
133
151
143
152
157
128
152
142
148
139
120
144
140
141
134
142
130
167
135
145
152
135
130
124
133
131
119
153
148
130
122
137
137
140
131
145
149
140
136
143
143
137
146
151
140
149
146
145
144
150
151
141
144
141
139
122
147
122
126
135
147
145
149
161
142
139
142
113
137
148
128
136
147
141
136
122
133
145
156
151
160
124
152
150
145
140
146
138
166
146
147
155
137
153
151
152
141
140
152
120
157
151
131
140
147
148
141
143
149
143
158
141
131
166
143
150
139
159
156
157
137
156
134
118
127
134
125
125
150
141
162
112
134
129
128
131
155
172
174
172
137
132
134
173
138
132
121
147
147
126
138
139
135
123
136
137
144
138
160
135
153
146
124
156
155
133
142
139
136
133
148
128
121
125
121
136
146
142
158
162
138
139
156
140
145
143
127
134
138
160
137
156
154
142
129
156
159
136
127
127
138
138
134
146
143
159
158
139
144
129
135
154
132
152
135
122
142
144
179
138
150
171
137
134
135
133
145
155
135
150
139
148
138
145
141
142
134
143
149
155
151
149
142
143
152
139
157
139
150
122
144
147
143
128
143
160
153
139
147
140
125
115
142
146
131
139
154
134
152
122
132
148
140
162
129
134
144
137
130
126
133
162
137
150
134
141
140
134
168
153
150
150
149
145
162
153
164
161
140
154
149
146
130
144
146
146
155
161
130
150
154
160
137
173
122
168
129
147
147
126
170
186
150
162
152
143
146
130
147
146
144
138
164
165
147
144
131
152
165
156
155
146
138
125
156
158
135
184
142
142
135
151
149
140
125
142
148
153
124
166
150
140
121
153
153
136
151
127
139
148
135
119
160
140
130
160
134
135
153
171
162
166
150
149
153
145
163
148
146
149
166
127
149
159
142
138
168
131
145
153
135
142
147
134
170
164
118
155
141
120
159
132
125
155
141
165
137
144
148
149
140
151
157
162
170
140
165
140
143
142
149
142
124
139
159
153
136
142
151
182
151
147
148
144
144
140
150
158
158
146
137
155
172
155
140
153
130
158
150
151
142
152
161
162
167
151
154
153
142
142
179
172
143
139
128
145
157
137
136
158
162
133
139
154
142
132
149
144
155
154
151
148
146
153
148
169
137
175
168
123
153
146
150
157
158
140
165
132
131
151
162
157
158
169
139
147
142
151
168
159
133
142
139
147
172
157
155
153
151
157
149
166
170
154
148
141
191
140
156
153
133
153
165
125
151
137
136
150
162
155
132
163
151
141
152
149
150
180
142
157
148
141
143
172
154
145
127
157
145
157
153
172
139
153
181
145
156
170
130
177
156
176
164
168
170
175
132
148
146
160
158
157
137
170
144
134
169
136
154
134
149
119
158
128
138
152
139
168
144
178
156
167
135
159
153
152
159
166
168
154
159
132
166
164
164
156
152
173
145
148
139
159
141
146
156
148
133
158
146
157
159
176
155
157
148
141
140
156
174
145
174
156
143
148
156
160
152
165
164
156
163
147
159
154
172
164
161
141
148
155
171
178
155
147
156
159
160
158
162
157
171
152
151
131
167
154
168
153
157
151
177
164
135
174
164
164
148
178
148
167
159
161
153
169
181
159
195
158
159
160
155
150
177
165
168
167
174
146
166
167
156
158
143
153
155
166
152
144
164
141
158
161
158
147
173
154
163
151
172
165
170
169
155
154
168
135
162
164
158
160
156
163
172
134
157
153
172
141
172
189
157
175
150
157
175
162
154
169
159
157
151
163
136
136
163
146
147
161
159
144
187
156
165
157
164
155
162
162
154
147
154
171
155
168
168
157
170
157
160
157
150
148
150
142
167
151
149
164
162
170
155
150
140
158
168
164
167
166
140
192
160
177
176
165
161
178
174
167
164
169
161
185
175
176
147
143
152
154
156
179
143
158
174
182
167
171
175
166
173
172
158
164
156
157
185
153
166
184
153
157
159
161
161
148
143
175
163
188
193
178
182
160
162
162
169
180
147
162
171
159
174
166
182
195
190
180
194
204
173
204
189
198
174
167
210
167
204
176
155
178
175
196
177
173
171
176
166
166
161
159
177
177
166
173
184
175
169
143
173
181
155
180
163
139
173
174
171
163
174
171
166
178
164
170
174
196
164
176
180
166
179
187
156
176
167
179
169
161
189
157
181
182
159
173
181
200
182
163
177
177
183
188
165
201
182
167
180
177
178
180
172
168
154
171
171
158
171
188
150
176
170
186
161
196
213
156
157
197
177
154
196
186
169
165
172
160
153
184
176
185
172
159
169
176
169
182
183
165
169
190
180
173
151
177
191
185
187
181
167
170
197
175
186
203
166
192
181
177
182
164
179
192
183
175
173
180
192
160
187
157
167
183
192
183
174
178
191
165
189
192
193
178
172
158
173
203
190
183
199
179
174
193
180
159
196
196
162
180
205
166
188
167
180
169
181
192
190
186
194
182
154
160
194
183
190
196
179
168
183
167
177
175
182
198
171
183
198
183
186
202
186
200
176
174
181
172
184
201
200
197
200
182
172
190
187
176
170
196
213
191
186
190
190
207
205
187
185
197
175
182
184
180
188
193
222
172
189
170
182
192
186
182
191
197
210
168
180
182
186
176
171
179
180
164
185
167
176
200
175
200
184
187
174
194
201
188
195
195
187
205
172
200
199
188
188
204
197
202
180
205
192
203
181
172
190
186
181
195
172
194
175
225
223
227
204
185
193
190
198
159
208
170
178
195
201
204
194
168
214
203
195
203
191
193
208
189
175
192
216
216
222
223
215
185
223
197
220
176
186
198
184
201
201
203
186
214
195
179
191
191
200
238
184
188
207
180
205
191
205
202
188
157
196
209
193
186
204
222
215
205
185
185
187
200
196
197
193
212
214
181
218
198
180
191
191
195
197
170
206
219
196
194
210
226
196
166
190
202
197
198
207
216
201
196
205
210
220
203
188
206
219
220
186
200
211
180
184
221
201
217
191
217
225
210
208
216
181
219
200
197
214
192
178
203
220
183
189
199
201
227
212
210
187
207
220
172
207
208
185
206
226
222
220
192
215
222
243
212
225
228
206
221
236
249
230
199
224
219
217
202
223
231
219
228
208
220
210
239
208
214
204
230
215
196
238
215
231
222
194
212
227
201
226
214
223
238
214
199
218
216
212
204
200
227
198
233
213
209
247
238
250
203
223
206
254
213
203
217
196
212
206
228
231
219
233
215
223
204
193
207
228
194
227
210
224
205
225
217
240
222
234
242
200
249
238
230
236
233
223
230
199
220
216
216
200
234
236
214
214
240
216
203
219
240
197
232
202
230
232
239
234
268
231
236
216
239
205
238
248
243
236
212
247
224
228
221
213
221
218
203
224
216
227
215
238
224
231
195
233
250
209
246
248
224
249
214
221
224
237
234
217
222
217
250
230
221
229
239
256
201
233
241
230
220
271
246
268
231
225
231
214
232
230
217
236
219
240
212
206
231
216
235
215
258
258
213
210
248
242
218
221
218
239
240
216
231
215
236
251
236
218
228
221
220
247
203
231
235
247
238
225
208
223
238
229
246
264
212
243
232
239
223
231
228
254
217
217
230
222
216
234
220
223
237
218
237
248
217
229
200
187
222
227
241
235
253
225
207
227
221
192
211
205
222
228
225
196
223
205
202
192
211
199
230
231
192
219
227
178
204
220
192
174
215
194
187
176
186
199
243
188
178
218
199
205
183
196
191
186
192
179
208
194
180
184
191
194
159
184
173
171
191
191
170
187
174
189
197
158
184
166
189
180
162
183
184
170
167
173
183
182
172
173
164
178
187
183
184
200
181
184
140
172
184
162
168
163
176
145
165
182
190
163
170
176
160
168
153
165
168
173
173
155
160
188
145
177
171
196
172
171
171
145
164
175
184
168
180
155
155
183
161
166
188
153
155
177
176
168
185
184
171
166
179
166
185
162
160
176
148
214
158
152
153
178
172
158
163
178
167
165
162
152
166
139
158
176
154
146
178
187
165
164
171
154
163
164
165
178
190
166
177
157
181
179
170
166
156
157
154
179
157
180
190
161
178
153
169
142
172
150
143
149
176
181
153
181
168
171
183
150
162
138
178
203
152
172
177
184
154
186
146
154
167
175
177
168
184
172
167
187
150
175
182
157
141
167
157
169
164
172
156
144
180
146
149
185
172
161
152
182
174
153
167
154
179
169
158
154
164
169
177
148
160
150
165
157
176
175
172
140
166
183
157
170
142
177
164
160
163
151
164
158
162
147
158
176
166
153
153
183
152
130
176
171
161
162
159
165
168
170
162
150
173
167
139
142
176
151
163
173
156
152
193
164
167
152
152
171
164
158
148
146
129
163
162
176
154
168
179
183
179
152
162
146
149
153
137
167
166
171
161
153
163
156
146
150
159
171
160
151
181
160
161
165
157
168
164
146
152
170
140
144
143
181
165
183
159
174
162
142
165
134
172
139
131
160
141
150
175
179
157
168
171
152
140
158
151
164
154
154
144
141
168
142
161
161
176
129
162
171
176
158
163
167
151
142
147
134
155
157
156
154
144
151
161
152
141
156
148
151
138
143
148
175
149
187
155
157
154
173
148
158
141
163
140
150
151
138
158
156
159
132
152
154
161
149
149
135
142
157
183
162
163
171
134
150
174
163
150
172
152
179
158
145
166
136
140
135
148
142
140
132
156
145
167
133
140
158
133
138
160
144
151
144
138
139
170
143
144
166
169
166
137
155
138
149
156
123
149
157
156
161
130
141
150
150
156
166
140
145
155
159
156
135
125
138
152
136
141
152
154
151
155
141
160
139
161
161
142
165
168
133
148
146
151
155
173
145
148
141
158
149
146
137
172
156
141
150
135
153
160
153
146
141
142
146
153
154
159
159
135
161
129
151
153
147
143
151
158
165
148
155
135
150
136
167
134
142
146
165
156
153
142
168
164
163
152
154
153
151
125
154
142
142
153
164
159
146
177
134
150
156
149
149
134
141
150
147
165
153
145
143
142
156
165
153
154
150
148
130
172
151
177
158
138
163
149
125
147
156
148
159
140
162
148
177
144
167
155
147
121
136
149
153
153
168
150
144
133
153
155
139
145
151
147
155
148
152
161
133
142
160
167
163
177
158
146
150
163
161
124
151
153
161
159
133
146
157
178
140
142
180
155
169
147
148
164
143
152
129
143
150
145
156
152
127
144
155
151
141
138
166
149
149
158
148
147
160
164
157
150
161
159
147
148
152
142
158
153
147
159
143
146
140
144
142
159
143
140
141
155
140
157
151
157
168
167
159
148
155
150
158
155
163
137
151
151
155
139
134
151
170
155
156
148
132
146
167
151
160
161
147
158
166
150
144
130
149
157
139
174
157
152
139
121
134
151
139
138
144
162
172
129
146
135
131
144
132
127
142
121
135
160
138
152
129
138
139
146
127
137
148
142
126
126
128
111
118
139
115
114
124
136
115
101
114
146
124
115
113
110
120
136
128
113
115
111
111
116
95
122
87
96
114
109
112
95
97
101
106
92
107
111
104
90
88
101
91
96
98
113
91
118
84
97
123
111
95
96
92
105
100
97
110
93
96
94
95
93
98
88
88
101
108
89
104
103
110
89
88
100
104
95
98
104
82
92
91
88
85
95
93
94
82
95
98
85
94
96
104
95
96
99
99
83
90
80
111
99
82
85
101
82
107
92
95
74
81
81
99
83
80
88
77
83
88
102
74
93
93
93
71
93
73
98
89
90
93
84
96
82
82
89
74
96
96
97
105
112
108
89
97
76
67
88
91
69
89
91
91
83
78
78
100
97
79
80
79
90
81
80
77
88
91
84
89
81
88
75
75
93
83
77
83
98
93
91
66
93
75
88
86
89
92
97
77
91
75
111
87
100
93
91
95
90
78
98
90
93
88
86
112
87
99
89
117
94
98
97
124
119
124
105
117
117
117
106
97
109
94
115
111
130
114
114
111
123
127
113
127
131
142
116
113
127
130
105
116
114
132
128
138
112
132
137
125
144
140
138
135
148
128
142
176
157
164
159
186
155
181
152
161
167
162
188
185
192
221
270
399
608
935
1448
2161
3024
3990
5226
6192
6877
7152
7025
6508
5573
4635
3604
2796
2088
1660
1169
943
724
551
443
350
310
200
181
155
129
109
93
77
87
87
72
81
74
82
65
63
63
72
71
69
58
48
57
57
61
59
60
50
55
74
45
50
51
49
59
57
54
64
42
65
58
51
63
55
49
56
58
55
49
43
46
68
49
56
54
55
63
54
39
50
50
51
45
43
41
59
52
54
59
41
50
51
48
50
44
44
50
57
54
55
38
61
49
46
55
66
49
52
59
39
50
50
34
46
54
38
48
34
73
37
37
45
51
47
47
46
46
44
42
59
54
38
43
44
44
46
47
38
41
41
34
49
38
31
41
48
46
49
58
37
40
45
39
37
53
51
48
42
40
43
45
37
51
38
44
41
36
47
38
42
37
40
31
41
31
40
43
41
27
44
36
41
39
32
44
38
39
37
39
33
33
45
32
43
35
28
40
22
35
28
42
41
38
36
38
28
41
40
19
40
48
32
35
42
29
26
30
33
31
38
29
22
42
29
21
28
31
43
41
43
41
34
37
32
29
34
31
27
44
35
44
32
25
33
34
27
35
35
35
37
29
35
28
18
35
37
32
25
35
32
24
21
26
24
35
32
40
16
36
23
39
29
21
23
29
24
17
29
31
31
27
30
39
23
20
27
37
37
31
31
29
16
18
18
31
25
35
20
36
27
22
33
25
30
36
27
22
29
19
23
31
12
25
23
24
25
23
19
16
21
21
23
22
28
32
29
25
17
31
22
18
23
28
34
31
21
20
20
23
16
28
19
13
20
24
16
24
21
22
14
23
22
23
18
21
11
28
26
18
16
29
23
26
14
25
30
23
18
17
21
21
18
20
16
25
15
21
15
16
19
16
18
21
29
13
18
9
24
14
25
16
26
18
24
26
22
21
20
12
29
16
23
13
20
23
13
19
18
15
19
20
16
26
22
15
22
16
21
22
15
15
22
15
19
15
14
19
11
19
20
12
15
14
14
25
18
19
13
18
14
21
9
9
15
29
13
19
17
12
17
22
17
18
17
26
20
19
26
12
16
16
29
23
27
24
19
19
10
13
15
15
18
17
14
29
19
17
16
13
12
16
15
32
14
18
9
18
23
11
16
11
18
22
24
24
18
15
18
21
15
15
24
18
10
10
16
11
11
21
16
22
12
23
11
14
19
13
23
25
23
27
13
16
33
19
21
13
18
23
14
9
11
19
27
16
12
12
19
14
17
23
14
13
19
20
15
23
18
14
17
14
15
13
14
21
15
20
20
12
14
23
14
13
22
17
18
7
17
15
16
5
18
15
15
13
21
18
19
11
19
19
16
22
17
21
10
14
6
18
19
10
21
21
12
19
17
10
17
12
14
18
12
13
17
19
18
20
22
20
15
17
17
11
15
24
15
14
13
12
11
12
14
14
12
13
17
12
20
17
12
17
17
25
17
19
11
15
19
19
20
13
16
15
16
14
10
19
17
17
18
14
13
22
12
12
15
13
17
10
13
15
19
17
15
15
20
14
13
15
14
9
7
14
20
15
15
12
17
19
17
18
28
20
19
25
13
17
13
14
14
16
17
18
19
21
14
26
21
14
10
20
15
22
15
14
20
22
18
16
17
18
16
21
14
24
18
29
26
22
22
38
24
21
24
25
31
27
28
29
24
25
29
37
35
32
25
35
34
30
31
32
34
42
24
49
30
38
42
28
41
40
43
43
34
36
50
38
48
54
50
51
58
46
50
40
52
44
59
55
53
61
67
45
59
69
63
64
67
59
74
57
67
80
60
76
78
87
88
91
77
58
106
85
103
95
85
100
91
125
115
112
141
155
206
265
349
575
902
1392
2100
2960
3913
4738
5532
6122
6361
6131
5691
5036
4114
3298
2564
1829
1382
1137
783
596
500
360
296
246
161
123
90
72
40
43
36
20
14
18
14
10
13
12
9
4
4
4
3
6
6
9
8
5
4
1
3
4
3
4
5
3
4
5
6
5
9
6
4
8
5
8
4
2
7
1
2
5
8
3
7
4
2
1
5
4
7
7
6
2
2
6
1
3
3
7
1
1
3
7
5
4
5
5
4
3
0
5
2
4
5
2
4
8
7
3
5
7
3
2
3
6
4
2
3
6
4
6
4
3
5
8
5
6
6
3
7
4
2
7
3
5
1
5
5
1
3
3
1
4
2
7
4
5
1
6
4
2
7
5
2
4
2
1
6
2
4
4
5
4
3
1
3
3
4
4
5
5
1
4
5
3
2
2
3
4
6
3
3
1
3
3
0
4
5
7
4
3
5
2
5
1
2
2
6
1
4
3
0
4
1
3
3
2
0
3
11
4
2
4
1
4
3
2
3
5
3
4
3
2
3
3
4
8
3
4
4
7
10
4
5
2
2
4
2
4
3
6
6
1
5
3
6
2
2
6
0
0
5
1
3
4
6
4
11
3
5
1
1
6
1
3
7
1
3
4
4
4
5
5
2
1
4
3
4
4
7
8
5
4
4
2
3
4
3
3
1
2
7
2
3
4
2
6
6
0
6
5
5
2
5
2
4
3
1
7
3
2
2
6
2
3
8
1
4
3
3
4
5
5
2
3
7
3
4
5
4
2
6
3
4
4
4
4
2
3
3
2
2
0
3
4
5
6
1
2
2
3
3
5
5
4
0
1
3
4
4
2
4
3
5
4
2
3
2
4
2
4
5
1
4
1
5
3
7
1
6
4
1
0
4
1
5
3
1
4
6
3
1
2
3
5
4
0
3
3
3
4
5
4
8
2
4
1
4
4
5
2
2
1
5
2
2
6
1
2
2
3
2
4
3
3
1
1
2
3
1
4
2
5
3
5
2
3
6
1
4
3
5
1
2
4
1
3
1
1
6
1
3
5
0
2
3
1
2
2
2
6
0
1
5
5
4
3
1
2
3
4
2
3
2
5
3
5
1
2
3
3
2
3
3
5
5
7
6
5
2
3
2
1
3
1
4
3
2
5
3
3
3
3
2
5
3
2
3
1
2
3
5
5
4
4
0
1
2
2
3
3
3
5
3
2
5
0
5
2
2
0
3
1
1
5
1
2
3
2
2
2
6
5
4
3
3
3
2
2
3
4
1
5
6
4
1
4
8
2
7
5
5
3
4
1
1
3
2
1
3
3
6
5
3
4
4
4
3
2
2
2
1
7
3
0
3
4
1
1
1
6
6
4
4
6
3
5
3
2
2
5
3
5
10
1
4
2
2
4
4
1
1
4
6
3
3
1
3
0
4
4
3
3
4
1
3
4
3
4
6
2
2
5
6
3
2
4
5
3
4
2
5
4
4
7
4
3
3
9
6
14
15
12
28
31
36
49
72
56
52
56
58
49
46
31
27
20
15
20
5
6
7
2
3
5
6
4
5
3
5
9
2
4
4
3
0
5
5
3
2
0
1
4
4
1
1
3
3
0
2
2
1
1
7
1
1
4
5
2
3
2
2
0
0
0
2
3
1
0
1
6
3
2
3
3
4
2
3
1
0
0
3
2
2
1
2
2
0
1
0
4
1
5
3
0
2
0
1
4
1
3
1
4
1
3
0
5
4
3
4
6
2
4
0
5
1
4
3
4
3
0
4
3
3
2
2
3
0
2
3
1
5
6
4
4
1
4
2
1
1
2
1
3
2
1
5
4
3
2
4
0
3
5
2
5
2
1
4
1
2
2
3
1
3
3
1
3
3
1
2
2
3
1
4
3
2
3
0
2
2
1
5
0
1
2
3
2
6
0
5
5
3
2
3
1
2
1
2
2
3
2
2
1
4
2
3
4
1
3
1
1
3
2
1
2
2
3
0
3
2
5
2
2
4
2
3
1
1
7
1
1
1
2
4
3
1
3
3
2
4
2
4
1
3
2
0
3
4
2
2
1
2
1
5
6
5
3
2
3
2
2
2
4
2
3
5
2
3
4
2
2
4
1
2
3
2
5
3
3
2
5
1
1
3
0
3
2
4
5
4
4
1
3
1
5
2
4
3
0
2
3
4
2
1
3
4
4
2
5
3
4
1
3
0
2
1
1
3
0
3
0
2
3
3
2
1
2
6
3
2
9
2
4
2
5
1
2
3
5
1
1
3
1
2
2
1
2
1
0
0
2
0
2
7
4
3
2
3
1
1
6
3
1
2
1
0
3
4
1
6
2
2
4
1
2
3
3
6
0
2
5
2
4
1
2
0
1
5
2
3
2
4
1
0
1
2
2
0
5
2
3
2
4
0
2
3
3
2
2
2
1
2
1
2
5
5
0
2
0
2
4
3
2
2
3
0
1
3
0
2
1
1
1
1
2
1
6
0
2
4
3
0
3
3
2
0
3
2
3
4
4
2
1
3
3
4
2
4
1
3
4
3
1
0
5
3
0
4
2
6
3
1
3
1
2
3
1
3
3
3
1
4
5
1
2
3
2
1
6
1
2
2
3
4
1
3
2
2
4
2
0
1
1
4
0
3
1
2
2
2
3
2
0
1
2
2
1
2
3
3
2
1
3
1
4
3
1
3
1
3
1
1
3
1
2
1
2
6
1
2
2
4
7
4
3
4
5
2
3
3
0
4
2
3
0
0
1
1
4
2
1
2
3
0
2
4
0
3
2
0
2
2
1
1
3
3
1
1
2
1
1
2
4
1
4
1
1
1
5
2
4
1
1
1
3
1
2
1
3
1
3
2
1
0
4
3
0
3
1
1
1
3
0
0
4
1
1
0
4
1
2
3
4
3
1
2
4
2
2
2
2
0
2
1
2
1
1
0
0
3
2
5
1
2
1
0
2
1
3
4
3
4
7
2
2
3
0
2
2
1
1
4
3
2
4
2
3
4
4
3
3
3
5
0
4
3
1
2
2
1
3
3
1
3
3
5
3
0
1
1
5
2
0
4
0
0
1
3
2
1
4
2
1
4
4
2
2
3
2
3
1
3
1
1
46
43
47
48
49
51
49
48
57
44
49
53
43
43
39
48
56
41
42
35
60
44
40
43
41
60
52
40
46
34
41
36
39
46
41
40
40
52
31
37
50
42
54
59
51
43
47
46
53
52
46
53
46
43
49
49
34
53
52
38
40
50
38
57
52
43
46
42
40
50
38
45
46
51
35
53
32
49
49
52
30
49
51
50
41
52
45
40
48
58
56
51
52
41
44
40
36
48
52
52
53
41
40
39
42
43
36
43
38
46
28
31
48
52
36
45
46
42
58
43
43
51
35
48
40
34
46
14
