5068
4088
3436
2874
2425
2057
1754
1480
1333
1194
1045
924
821
737
728
625
582
581
520
490
470
447
470
427
389
396
392
330
403
386
370
379
340
345
320
352
313
337
349
316
296
350
309
323
311
295
307
294
311
292
282
286
274
284
282
273
256
273
277
258
238
303
272
279
258
278
262
259
286
269
276
221
260
238
256
251
274
232
213
240
246
219
212
235
240
225
237
194
226
256
221
249
233
206
229
225
221
236
193
226
238
211
235
211
224
226
215
185
214
248
217
206
203
205
192
202
237
192
213
197
195
196
215
186
194
195
211
185
196
187
195
184
188
195
190
201
191
197
191
191
191
172
169
146
195
172
185
181
204
183
201
201
162
178
169
180
170
177
187
168
176
169
153
191
144
163
157
150
175
144
162
159
160
140
161
158
164
148
153
158
157
178
169
170
132
159
147
157
162
156
143
149
161
144
143
154
144
171
152
148
147
146
136
137
153
144
158
160
139
147
142
150
154
152
156
158
149
139
140
124
139
135
122
126
109
139
126
142
130
125
120
108
148
134
135
144
109
134
119
116
126
123
134
133
134
102
121
124
127
153
126
132
113
112
118
119
134
135
129
131
123
117
102
127
123
121
109
106
112
107
113
115
119
157
124
112
114
112
123
124
123
136
125
107
110
116
129
124
115
123
102
137
112
142
112
103
106
123
126
104
108
111
103
129
133
110
117
102
123
123
114
127
102
109
129
110
99
114
113
120
113
127
126
119
125
107
98
95
130
122
131
115
121
97
116
98
131
104
113
103
101
117
111
109
102
121
119
106
97
95
108
96
120
114
114
99
109
128
117
102
113
122
106
101
113
112
99
127
122
128
96
101
111
122
116
103
107
124
108
103
102
85
106
110
118
96
119
115
115
95
113
112
109
107
100
117
100
107
106
91
105
116
104
94
80
81
113
97
106
100
103
83
108
90
104
120
99
107
89
93
91
110
109
90
88
76
106
93
90
109
103
99
87
93
91
94
89
92
77
94
97
93
100
89
85
90
105
85
93
107
83
98
94
95
87
81
73
93
111
100
81
81
103
91
81
94
95
91
87
74
107
96
77
85
94
86
86
87
95
76
104
99
97
102
86
82
81
79
74
99
99
96
75
95
90
90
103
81
83
83
84
86
98
88
80
87
80
85
82
81
62
77
88
86
86
91
78
86
104
72
74
99
88
80
64
96
89
104
87
84
68
85
91
75
89
90
79
66
89
79
78
85
86
86
83
90
72
93
85
70
74
75
87
90
92
92
73
57
85
91
84
88
83
83
76
82
79
96
81
82
80
77
93
83
85
80
69
74
87
85
79
86
84
78
68
92
79
83
94
86
82
77
78
78
82
67
74
80
84
78
85
81
68
69
72
77
64
78
66
84
76
87
71
71
73
86
84
75
78
83
85
91
70
89
69
69
60
77
68
75
83
84
71
87
72
60
69
88
75
76
78
71
74
72
82
95
88
76
79
69
85
82
83
72
88
68
75
70
73
63
72
69
74
87
86
91
71
73
71
82
66
90
63
70
81
76
78
69
68
68
64
61
70
68
75
70
71
66
79
59
79
88
66
77
81
53
74
72
78
69
69
75
76
63
72
84
77
67
65
84
74
81
70
68
76
71
80
85
66
63
74
76
71
68
53
66
60
75
72
60
62
82
76
75
63
62
78
68
85
71
72
78
73
75
69
66
78
88
66
63
78
74
59
69
61
51
68
63
54
54
65
64
77
67
60
72
66
65
77
81
75
72
59
65
73
60
73
63
68
80
74
79
72
69
65
73
80
68
59
70
73
49
55
69
66
69
52
57
77
63
60
54
54
78
74
69
64
66
64
73
77
72
66
74
74
78
65
57
66
66
76
52
69
54
72
72
62
56
70
58
56
65
63
57
63
54
68
73
59
76
70
66
63
53
51
52
58
70
67
68
72
58
72
50
55
73
75
70
71
61
47
81
65
61
61
57
68
79
57
68
41
59
57
59
73
66
59
56
71
62
68
54
66
68
57
69
66
64
59
60
67
59
62
49
56
69
53
65
50
57
60
61
71
62
62
61
60
62
61
56
47
69
73
55
50
59
47
46
56
44
62
53
53
54
45
62
52
68
62
55
58
65
51
53
58
70
60
50
51
70
51
60
57
56
53
58
67
62
61
77
59
44
52
54
56
62
54
61
50
76
51
60
65
52
56
59
71
54
52
61
58
56
57
53
54
60
64
61
55
49
64
53
48
61
53
53
66
63
60
61
58
73
68
64
60
58
51
57
53
48
67
60
59
68
53
78
74
56
59
81
49
47
66
51
49
52
52
60
48
51
64
57
59
62
70
55
61
49
56
51
56
53
58
49
57
61
57
56
55
53
61
65
51
66
54
60
60
55
58
58
55
65
55
44
42
58
54
66
54
60
60
52
63
58
57
66
55
58
62
60
70
57
72
70
54
52
66
75
63
69
55
55
60
56
54
68
58
65
39
69
61
49
55
61
52
50
50
58
54
53
64
51
53
42
52
52
57
52
58
51
54
66
52
49
76
49
68
55
61
56
56
58
57
44
49
50
49
58
55
66
42
59
59
62
70
40
67
49
47
61
47
56
51
60
59
60
62
56
48
39
62
52
68
62
59
56
51
49
69
50
64
56
42
48
48
48
52
49
64
45
33
47
58
36
44
47
60
59
53
63
53
45
49
58
54
50
58
56
52
52
60
51
55
55
46
56
48
41
47
45
51
46
57
40
52
48
54
56
55
42
47
41
45
53
48
39
58
47
57
50
42
49
57
56
56
53
59
58
41
49
37
51
44
49
49
53
44
40
45
56
54
50
62
51
53
47
52
45
54
54
57
53
50
48
39
52
53
54
59
44
49
43
50
61
54
51
50
45
47
50
47
47
63
55
50
40
53
42
59
52
45
49
53
41
58
45
32
46
38
44
50
49
57
49
54
40
51
44
52
43
47
50
48
48
61
48
48
46
43
54
45
50
46
44
37
58
44
43
46
51
51
62
47
46
50
40
40
37
44
54
43
56
42
33
51
36
48
44
54
53
38
47
45
53
53
47
42
51
41
56
47
44
44
41
46
40
38
39
46
58
56
42
40
45
44
38
39
35
42
53
41
44
40
45
40
51
50
49
40
50
37
43
43
45
48
51
39
40
47
43
43
35
49
39
43
42
49
44
50
44
40
51
47
45
38
59
42
41
35
41
41
45
37
49
41
34
40
45
47
52
43
38
46
47
36
33
58
37
46
38
38
41
42
37
48
43
33
42
37
55
45
46
46
52
36
38
47
58
31
44
47
44
35
30
42
41
40
51
40
45
37
42
37
36
39
49
40
41
38
40
46
53
34
38
37
41
45
42
38
49
38
50
38
44
35
42
35
41
38
43
46
32
45
38
38
38
35
38
49
46
49
54
40
48
43
55
47
45
51
48
39
33
36
48
52
39
48
38
43
33
47
41
55
39
38
55
49
34
35
47
27
28
54
42
42
44
31
35
44
38
44
39
41
43
42
45
30
46
41
49
37
37
37
39
39
30
30
47
44
40
39
46
47
44
33
40
31
37
43
46
39
44
54
30
38
42
43
42
38
50
39
37
34
34
38
34
39
35
48
41
43
36
34
38
48
34
37
45
34
33
35
49
48
38
32
43
30
41
47
39
33
46
43
38
42
41
35
40
43
39
44
36
29
49
35
33
45
35
41
29
42
42
37
35
39
34
40
52
33
46
36
27
40
42
43
43
40
55
38
61
37
51
32
46
38
41
31
39
41
30
54
29
29
46
26
41
37
43
44
49
36
31
32
39
31
30
30
36
41
33
41
29
28
43
40
35
39
34
37
32
28
34
33
35
34
37
45
41
25
37
32
33
29
43
29
40
31
36
34
53
31
37
48
35
36
41
29
35
28
34
34
32
37
37
33
32
47
36
43
41
47
38
41
48
38
25
35
28
40
42
50
44
44
40
40
31
44
28
58
26
37
40
39
37
32
39
36
38
34
41
40
31
31
26
36
35
40
33
51
40
35
36
37
36
31
38
39
25
33
38
31
43
25
30
43
29
31
38
35
40
47
38
38
40
31
28
36
32
42
46
33
42
37
40
34
42
34
44
39
40
36
44
42
34
35
44
35
30
43
33
41
40
41
27
40
46
23
37
50
31
43
34
34
25
43
39
26
33
35
35
45
38
42
33
22
28
41
26
38
39
38
28
33
33
29
34
36
33
32
34
29
30
36
31
41
31
37
44
31
49
30
22
29
31
31
39
28
36
31
34
33
31
36
41
42
36
32
38
28
30
31
29
32
43
37
39
36
37
27
37
32
28
36
36
27
28
35
40
22
37
38
32
45
36
34
30
33
38
34
35
29
38
38
34
34
34
25
33
26
32
33
37
32
32
27
28
39
29
40
32
28
34
32
29
38
32
32
26
24
40
36
28
36
32
33
33
25
27
35
24
37
29
37
37
38
42
21
30
27
28
34
38
42
33
27
33
35
28
40
22
31
33
23
39
31
27
28
39
32
41
36
28
31
30
34
29
26
34
21
39
38
26
27
35
37
48
27
41
29
30
48
22
36
37
30
21
27
39
32
38
30
23
28
26
37
35
31
37
32
36
30
33
34
34
23
19
24
29
35
29
25
41
41
43
24
40
31
26
32
33
38
28
31
33
29
35
22
28
35
34
25
38
27
27
21
28
25
33
30
33
37
25
33
31
36
32
31
35
27
19
35
34
29
23
46
31
33
34
29
30
39
33
26
25
22
41
34
38
28
42
32
34
23
33
28
30
37
42
34
25
31
29
27
29
41
43
29
23
27
38
29
31
26
26
27
30
28
41
25
34
22
34
30
22
22
14
32
30
25
27
30
34
30
37
36
31
21
26
37
28
29
29
35
36
32
33
22
33
33
41
25
28
27
32
41
23
26
17
25
27
34
31
30
30
28
32
36
43
32
34
32
34
34
34
28
38
24
33
25
26
26
34
32
25
30
31
27
31
34
31
39
27
21
34
33
29
34
40
28
41
29
27
30
31
30
27
34
29
30
35
32
26
34
23
22
25
39
26
27
30
31
31
22
34
26
37
29
32
28
38
36
35
31
28
37
31
33
35
24
23
20
28
30
38
30
38
24
37
30
27
23
33
34
28
32
32
28
33
27
25
38
32
31
43
34
34
32
35
35
27
28
34
23
33
31
24
37
37
22
28
35
26
31
27
21
35
35
27
25
29
22
32
19
30
33
36
30
36
37
27
27
35
21
30
31
33
26
25
31
22
30
33
30
30
34
33
34
23
19
27
30
19
27
35
36
25
27
28
23
38
19
31
25
27
27
21
33
25
29
32
26
30
30
27
25
21
28
35
26
32
27
35
31
33
36
30
28
35
26
31
30
27
31
22
29
27
26
29
32
23
26
31
26
34
29
21
33
34
30
27
19
43
32
26
30
22
21
27
31
29
33
30
32
25
25
36
20
23
27
34
23
23
26
26
32
32
21
35
24
30
28
29
21
39
29
31
30
34
28
29
31
29
31
25
27
23
25
35
23
31
31
24
31
32
20
19
42
37
34
32
26
31
27
25
43
25
29
24
32
28
35
27
33
27
23
28
20
33
36
35
23
20
28
29
39
24
32
39
31
27
29
30
28
33
29
28
44
25
28
35
26
27
25
32
28
29
21
35
33
18
22
32
28
30
32
28
17
24
24
28
36
21
25
31
28
27
32
31
29
33
26
31
36
30
33
24
26
31
32
35
27
24
26
38
23
35
23
22
28
24
31
24
24
26
25
25
25
32
26
25
17
29
35
23
42
22
34
22
31
28
29
30
28
25
29
26
24
23
37
32
31
34
31
23
33
21
27
33
34
30
31
32
30
34
31
33
22
23
33
18
30
19
19
31
18
27
18
27
32
31
29
23
35
24
26
22
22
27
22
33
22
34
31
28
27
24
31
29
25
26
27
28
26
31
25
27
24
27
27
24
28
30
14
33
32
20
31
26
32
20
26
33
24
35
26
19
28
31
21
23
28
26
28
36
35
28
20
28
27
36
32
27
33
27
21
16
29
24
32
17
30
18
33
30
19
27
32
30
33
28
28
17
23
27
33
21
12
19
29
27
35
32
21
20
24
22
22
29
23
27
28
27
24
34
21
22
25
27
22
31
27
20
18
25
19
37
34
30
32
34
20
22
29
34
27
21
29
28
31
19
31
26
23
18
24
35
30
27
17
31
24
29
25
31
28
23
26
20
27
21
24
30
30
29
27
24
30
22
24
28
32
41
28
22
28
24
31
25
28
21
24
26
27
29
24
32
28
19
25
22
28
24
30
37
21
21
30
16
16
26
23
24
26
23
29
28
31
22
37
29
32
28
24
29
29
33
32
35
28
23
33
32
28
22
21
33
24
18
20
20
31
21
26
27
34
18
23
24
24
21
30
24
27
30
28
20
16
20
23
23
23
26
21
21
27
31
28
27
31
21
33
30
26
22
20
22
16
36
26
29
19
18
28
28
20
19
25
30
23
20
17
23
21
31
22
26
21
21
33
26
20
24
25
23
25
21
30
18
28
25
21
30
19
28
22
26
23
25
24
26
25
26
30
26
31
27
17
27
26
16
20
21
23
22
22
25
29
23
25
27
22
10
35
33
25
24
20
22
31
17
38
20
23
30
23
29
30
32
21
32
32
25
31
21
30
24
14
22
23
25
33
27
21
24
25
21
26
28
29
19
25
33
18
20
32
24
28
31
27
29
25
23
27
28
23
31
26
26
38
34
25
21
22
19
44
26
29
16
18
23
26
31
28
35
26
28
26
24
23
18
27
31
23
27
32
26
27
23
33
22
31
24
22
22
19
25
30
28
36
25
37
23
24
18
20
25
16
23
21
30
29
18
24
31
22
25
18
25
27
27
17
22
21
27
21
18
29
29
33
23
21
27
19
35
16
24
25
14
25
17
19
21
31
25
29
25
24
29
25
26
23
28
32
24
19
16
24
21
26
23
25
35
16
20
32
21
32
18
17
27
24
24
21
21
25
21
20
30
33
23
22
18
19
22
16
19
23
24
24
21
15
25
35
31
38
25
20
31
12
19
26
19
22
25
19
29
20
29
20
17
27
24
28
23
26
26
19
32
25
24
19
29
28
25
31
24
32
20
26
25
23
21
27
21
22
27
27
18
26
32
19
26
25
21
21
16
21
24
20
28
22
26
22
22
25
21
28
19
29
21
26
27
25
33
12
17
23
20
28
24
28
34
27
19
16
20
14
27
27
25
22
26
17
20
24
18
34
25
23
22
27
19
27
13
31
19
30
28
27
28
23
28
24
25
23
22
26
24
23
34
20
20
26
25
22
23
16
24
23
16
22
31
25
24
27
17
31
25
27
17
27
31
27
28
31
20
27
15
17
26
15
18
28
17
27
19
29
26
30
17
20
24
25
31
23
21
22
26
24
24
20
17
21
18
23
26
21
32
24
20
24
16
21
21
23
23
26
24
21
26
24
22
24
24
26
22
20
23
23
32
29
31
23
22
29
24
21
21
17
32
23
24
27
17
14
24
25
28
21
23
15
21
31
23
16
18
23
29
24
22
23
24
23
30
18
24
26
34
22
24
20
22
17
25
21
27
20
22
16
23
23
27
17
20
15
23
24
20
22
21
24
17
22
17
22
19
23
22
30
22
30
28
23
27
14
21
25
19
18
27
20
24
20
30
28
29
15
21
27
26
22
29
22
16
22
29
24
25
26
17
16
23
18
19
19
19
14
24
25
15
23
24
22
27
26
22
20
23
22
23
17
20
20
24
13
21
22
20
24
19
18
30
20
29
22
30
24
25
21
20
31
22
28
28
26
16
21
25
24
19
23
30
20
21
21
19
27
21
17
29
25
21
18
13
15
28
25
23
20
11
33
23
29
38
22
26
14
33
32
21
20
28
31
29
16
27
21
18
26
24
28
21
18
20
21
21
26
18
24
19
20
27
26
24
27
25
19
19
22
23
30
21
24
26
13
34
27
22
15
17
21
16
24
18
21
23
24
31
17
16
22
19
20
32
23
23
28
22
15
23
19
23
15
24
29
22
24
15
18
21
23
26
21
16
24
14
21
22
29
24
29
25
19
28
17
20
15
19
22
25
21
19
22
15
15
15
22
12
20
22
25
28
20
22
25
24
22
13
29
18
22
20
20
23
20
25
35
19
22
24
18
20
23
29
23
23
18
27
23
22
20
23
16
20
22
23
23
28
27
22
19
22
25
29
24
15
23
28
26
26
13
21
16
21
31
27
22
20
13
17
22
18
22
18
24
16
19
21
32
19
28
29
19
25
15
27
22
14
20
26
27
23
22
23
22
18
13
15
22
20
33
26
24
18
18
26
25
23
25
33
25
17
28
29
23
29
22
25
11
22
14
17
24
14
18
18
24
34
24
20
19
23
21
11
26
17
19
25
22
14
18
25
19
30
19
30
20
20
21
23
22
19
27
19
19
9
19
17
29
21
20
15
34
27
22
31
25
17
19
32
25
23
26
25
24
18
27
17
16
24
20
18
14
28
25
18
28
27
25
17
17
23
14
25
14
20
25
22
11
16
27
16
15
18
22
24
28
32
23
27
20
16
22
18
16
20
28
17
22
19
16
21
22
11
19
21
24
25
13
18
26
25
19
16
23
12
23
27
18
22
17
19
32
25
18
16
16
22
17
19
21
23
19
17
22
11
22
26
29
29
20
25
22
24
14
25
20
16
24
11
17
24
27
25
18
21
19
24
21
22
21
22
28
22
23
14
19
29
28
19
27
22
20
17
23
17
20
18
24
13
12
22
32
21
25
20
22
19
16
18
27
20
24
21
21
23
20
19
18
13
18
23
23
12
20
24
14
22
18
23
14
16
18
16
17
18
19
26
19
14
12
22
27
20
29
24
22
14
18
21
17
15
27
18
28
19
34
24
22
22
26
21
14
27
16
23
30
16
23
25
17
13
19
21
20
21
15
19
19
25
23
26
19
17
15
25
25
27
17
31
18
18
17
28
24
23
22
20
21
20
33
25
18
25
20
21
24
24
19
23
25
18
13
23
28
24
17
22
28
13
23
17
24
24
22
16
15
14
17
16
16
17
22
27
18
19
18
15
21
29
22
22
21
24
23
23
29
17
35
15
16
25
27
21
25
21
25
21
28
25
22
20
24
30
26
15
15
15
19
31
27
21
20
28
26
26
15
23
26
23
22
21
19
30
25
25
19
15
19
23
20
22
24
27
25
24
21
16
24
13
25
19
26
15
22
12
26
19
11
25
25
22
25
29
24
20
18
18
28
22
21
27
19
21
22
22
28
25
20
28
19
24
18
21
25
15
24
25
23
18
27
21
23
16
22
22
19
28
17
20
21
15
27
22
24
35
15
21
22
23
21
12
18
18
27
20
20
24
16
31
20
19
31
21
18
27
23
17
21
18
22
11
17
18
22
16
23
22
24
19
19
20
23
21
27
23
15
21
25
22
18
22
9
20
28
23
27
27
22
20
31
15
17
18
34
22
29
24
25
9
20
22
20
21
19
27
29
22
22
20
22
30
24
15
18
21
23
23
27
24
22
23
26
16
25
12
18
20
19
18
19
22
23
21
15
14
19
19
20
22
21
12
20
21
21
19
21
19
26
22
22
16
20
29
25
21
17
26
16
23
21
16
27
23
18
28
20
20
11
15
15
18
20
19
24
25
17
13
16
25
23
23
22
17
19
18
32
21
24
25
27
21
14
21
13
21
13
22
30
17
28
18
17
19
25
16
20
31
23
24
12
19
11
21
19
23
17
20
19
19
11
23
12
25
19
20
18
20
26
20
22
18
21
23
14
10
13
22
27
25
18
26
22
24
24
11
26
21
19
22
20
22
20
17
21
19
27
20
13
20
20
25
17
21
19
17
22
14
24
26
21
18
20
22
18
20
17
14
17
19
14
25
22
15
24
24
26
17
17
21
21
12
21
16
20
18
29
30
21
26
21
16
25
18
19
21
26
18
26
21
18
31
26
23
15
24
18
21
30
18
17
25
16
24
19
19
21
22
19
19
15
25
20
20
22
16
25
17
18
15
21
22
22
15
25
26
25
24
13
23
22
10
21
19
17
19
27
17
21
20
19
21
24
25
28
17
27
23
28
17
29
21
29
15
21
22
21
16
23
27
19
16
13
14
25
16
25
25
17
20
27
15
14
28
18
13
18
21
34
19
24
28
19
28
24
22
30
15
23
9
22
22
16
16
20
28
18
18
25
16
25
24
15
21
24
18
17
28
18
25
19
24
29
27
19
31
23
27
15
24
17
24
18
18
24
18
19
19
25
17
28
24
28
19
16
27
20
18
22
19
18
15
26
24
18
27
23
31
16
23
23
18
23
17
34
24
26
22
20
24
20
17
30
17
23
22
27
19
27
25
24
20
20
24
20
21
18
18
26
30
19
21
22
25
21
22
16
19
16
17
15
19
23
23
20
24
23
21
14
17
20
20
18
23
23
18
16
22
14
14
23
24
22
19
28
26
17
20
22
20
30
17
23
19
25
28
21
13
23
22
22
24
20
31
33
24
22
22
23
19
21
23
26
23
19
23
23
21
22
21
17
22
15
15
20
20
27
22
25
16
24
27
21
25
19
21
26
24
20
16
17
22
13
19
17
25
18
23
28
20
22
22
18
20
20
21
25
14
22
24
23
19
19
28
28
20
13
21
16
25
22
20
18
28
17
24
26
18
29
18
27
10
11
23
21
25
18
22
17
19
27
27
19
15
18
20
21
29
22
26
23
15
15
25
9
15
25
17
22
25
16
20
14
23
18
18
25
21
16
30
21
16
19
27
25
23
24
24
27
19
21
29
19
21
18
19
25
18
20
27
15
10
22
19
15
18
20
19
27
19
21
29
14
22
24
27
24
19
20
20
26
19
23
19
25
23
14
25
30
18
23
27
16
20
23
14
18
15
21
20
16
20
21
20
16
24
21
26
16
19
28
15
20
19
18
23
23
22
26
16
20
20
21
25
15
11
18
16
20
19
24
24
19
26
23
28
18
26
15
26
15
19
21
18
21
11
24
24
15
23
22
21
19
20
23
19
17
19
22
19
11
22
21
19
22
24
13
15
9
22
24
22
25
24
21
20
31
26
20
32
25
26
16
23
13
18
23
18
11
15
12
16
18
18
21
20
30
20
16
17
19
14
24
16
22
22
20
20
9
16
17
18
22
23
25
18
22
27
17
15
21
19
22
18
14
20
26
21
22
20
10
19
25
24
20
24
18
16
22
22
19
17
22
13
27
26
15
15
22
22
27
15
20
22
21
17
25
17
20
20
9
12
24
19
18
13
22
17
20
16
16
18
18
24
12
17
16
28
21
17
24
13
17
22
17
19
18
18
14
21
20
20
19
20
21
18
21
34
18
30
13
16
16
18
15
17
17
23
22
13
22
21
11
18
19
15
13
20
18
24
23
19
14
17
17
23
23
17
17
15
18
11
23
7
20
21
17
17
23
14
17
20
18
18
14
16
21
20
16
18
15
18
14
19
12
18
14
18
23
20
19
12
12
10
25
22
16
18
20
21
19
23
23
22
17
14
24
16
17
21
24
19
23
18
13
19
14
14
19
21
9
22
18
21
23
11
21
21
16
15
21
17
23
18
22
19
15
15
16
18
22
22
16
14
20
12
21
15
21
14
18
18
20
13
20
14
12
10
19
11
23
21
22
18
19
9
13
13
25
16
13
18
17
18
15
20
24
13
9
12
17
12
17
17
18
19
11
17
17
19
16
19
19
17
21
14
13
13
10
20
20
16
20
17
11
14
9
21
17
15
27
22
22
16
15
15
15
11
19
18
20
16
12
15
22
17
21
16
24
17
14
23
20
15
20
21
24
17
20
19
18
10
18
15
16
18
8
22
20
13
18
23
20
21
12
15
15
22
15
14
20
16
15
12
13
15
14
12
12
17
12
27
23
10
18
21
14
20
14
17
14
18
18
14
16
25
14
15
16
9
19
14
18
14
22
13
10
15
15
13
11
15
16
20
10
20
10
13
16
17
16
28
17
18
18
19
25
19
21
23
16
21
25
16
17
19
20
24
16
26
7
18
13
11
26
20
14
14
14
22
18
15
13
23
15
23
16
16
22
15
14
18
16
18
13
21
20
20
19
17
25
24
12
22
15
20
15
17
22
17
15
18
20
21
21
9
20
18
16
20
12
13
15
20
17
21
14
13
26
14
16
12
13
18
10
20
20
18
16
25
12
13
16
17
14
29
17
17
14
19
16
18
12
23
18
17
17
15
23
20
13
21
13
23
15
19
18
17
15
15
22
18
18
17
20
26
16
23
21
22
16
13
13
11
12
12
12
26
9
13
13
7
27
15
25
20
18
12
22
15
14
10
11
17
19
14
19
11
15
18
17
14
17
22
16
11
10
17
13
21
19
15
14
15
19
16
18
15
14
21
10
17
16
18
14
19
10
9
14
18
23
14
12
16
14
18
17
11
14
16
16
21
19
18
16
17
18
15
14
17
17
12
8
23
11
15
22
20
21
16
21
15
15
14
13
14
19
14
15
19
14
21
16
18
21
11
14
15
17
14
11
13
11
17
22
20
11
18
15
25
12
15
34
14
8
12
20
20
18
22
23
14
16
18
15
15
14
20
22
16
24
18
23
18
13
20
20
9
19
15
20
17
7
28
25
15
18
14
15
17
21
22
21
21
15
12
15
20
24
21
17
17
17
9
16
12
16
18
17
13
20
13
13
25
19
12
16
17
14
16
23
16
16
15
18
11
16
23
20
14
14
15
15
14
14
15
18
13
12
15
18
17
14
13
15
19
17
18
13
19
3
10
18
16
12
11
11
7
10
11
19
11
15
14
11
17
9
9
29
9
18
18
15
14
13
13
14
9
16
17
12
9
11
15
18
19
7
10
10
13
22
17
12
10
13
18
18
15
16
16
15
14
8
17
18
13
12
17
9
14
6
11
20
12
14
9
11
13
12
12
10
11
8
21
15
8
19
9
10
7
12
12
9
15
12
18
14
10
9
10
18
13
13
22
14
22
17
9
18
7
13
20
4
15
16
11
9
8
21
19
12
13
10
14
12
9
16
21
21
10
18
19
13
18
7
20
7
12
18
10
9
10
17
13
11
14
15
15
14
17
16
17
12
17
17
8
15
20
16
17
14
17
11
12
8
12
9
18
8
11
15
21
9
13
19
15
15
10
9
13
13
16
13
14
7
18
15
12
11
10
17
14
14
22
16
10
21
17
14
10
8
13
18
18
16
17
12
17
17
14
13
13
16
15
13
9
20
19
16
13
18
14
15
21
10
10
21
18
14
24
15
17
13
13
17
22
15
17
17
17
15
19
23
21
27
25
26
12
26
27
21
23
26
23
34
47
33
51
54
80
73
63
98
98
125
110
108
94
88
59
71
53
49
48
45
30
32
35
29
24
12
14
29
12
19
18
13
15
10
15
13
11
19
16
9
11
10
16
12
14
7
9
10
14
9
15
22
9
3
12
5
10
15
10
4
14
14
12
13
14
14
16
9
9
8
13
13
9
13
11
15
10
14
12
15
12
16
11
17
11
11
14
9
11
12
7
4
9
15
14
19
6
6
14
14
8
15
17
9
6
11
4
8
14
6
9
9
9
13
13
10
17
8
16
14
12
15
8
8
13
8
12
15
16
14
9
15
12
14
16
13
13
8
8
9
9
9
12
9
14
11
15
19
10
12
12
11
12
13
13
8
14
14
15
16
10
10
12
16
11
9
11
14
14
17
6
14
8
15
12
12
14
14
21
12
13
10
11
10
12
12
14
9
18
20
13
14
10
16
11
13
9
16
13
14
12
9
15
13
17
11
9
16
21
16
15
12
14
10
20
15
17
10
17
13
10
19
26
19
20
17
16
17
23
19
24
27
33
29
27
18
34
17
12
13
20
8
14
16
11
6
8
14
4
7
10
7
1
6
2
10
5
7
6
7
8
5
6
6
2
6
7
10
1
7
6
5
5
3
6
10
6
5
6
3
5
6
2
7
5
4
4
3
3
6
4
3
8
8
2
6
6
6
5
1
6
6
6
5
7
5
3
7
2
6
7
5
5
4
4
6
6
10
1
4
4
3
3
4
4
7
4
3
3
3
4
7
3
4
6
6
5
3
6
4
2
5
2
5
5
2
7
2
6
4
5
4
7
1
8
5
4
9
11
3
4
4
6
5
3
4
5
4
0
6
4
9
3
4
4
8
7
7
12
5
3
6
3
5
4
2
5
7
3
7
3
6
8
4
7
3
3
6
6
5
6
4
4
2
5
9
5
2
2
4
3
6
3
5
8
5
4
3
3
3
7
6
2
4
5
5
2
4
5
2
5
7
7
4
3
1
3
0
5
5
3
1
4
2
4
6
6
5
1
6
5
4
4
4
4
9
4
4
5
0
0
2
3
6
3
5
4
2
3
5
4
2
2
4
5
4
5
5
8
4
5
2
3
0
4
5
1
7
5
4
0
3
4
5
1
4
7
6
5
8
5
6
1
5
5
4
7
3
5
2
6
4
3
8
7
8
6
6
4
3
5
0
6
7
6
3
4
2
3
5
3
4
6
11
5
1
7
8
3
2
1
5
5
4
4
7
11
7
8
6
3
1
3
1
3
6
4
4
6
3
3
5
1
4
5
1
8
0
7
6
4
3
6
4
9
6
2
9
4
5
1
1
4
4
4
8
3
5
6
7
5
6
6
4
4
2
4
4
5
3
8
2
4
5
5
3
5
5
9
6
3
3
3
5
7
2
6
3
8
0
5
2
4
6
5
7
9
7
6
3
3
1
5
5
5
8
6
10
6
4
2
2
7
5
6
5
5
2
1
4
2
2
6
5
8
3
6
3
5
3
1
6
9
3
4
4
8
8
4
8
6
4
3
1
4
8
9
5
3
6
7
4
6
5
7
5
4
7
1
4
4
8
5
3
4
8
3
3
4
4
4
9
5
5
9
4
8
1
7
7
4
5
5
1
10
4
5
6
6
7
7
4
3
6
4
5
4
6
7
3
8
6
8
3
6
6
8
7
8
13
11
7
6
8
11
3
13
5
9
9
6
8
11
9
12
10
13
13
9
13
9
5
10
4
16
9
10
9
10
9
9
2
12
7
15
8
11
11
16
10
10
13
10
16
15
9
11
11
17
20
14
22
19
18
12
15
12
19
18
10
16
19
21
14
18
22
30
27
21
34
35
32
45
64
74
110
152
158
195
245
232
237
261
241
222
188
167
149
134
89
96
78
50
56
37
41
42
24
27
17
16
18
10
11
10
12
8
14
8
7
8
6
9
4
5
6
5
6
6
4
2
7
6
6
9
8
2
4
3
6
4
4
3
8
7
4
5
3
7
5
5
2
6
4
8
9
7
5
3
4
3
6
1
5
9
7
5
6
4
5
6
4
3
7
7
2
6
1
6
3
4
5
5
1
2
5
5
6
8
7
6
8
6
4
2
5
4
4
3
4
5
9
9
3
5
6
5
5
3
5
1
2
4
4
9
7
9
9
5
2
6
4
4
7
3
2
9
8
8
8
1
2
9
7
4
9
6
5
7
5
7
6
7
8
8
11
9
5
8
7
3
5
11
9
9
3
4
3
4
11
5
11
7
6
7
7
5
9
3
3
8
6
8
6
7
3
7
10
12
7
4
7
10
6
10
8
12
9
8
8
8
11
8
2
6
6
12
2
7
13
8
11
17
11
12
7
8
20
13
10
15
11
15
22
18
14
18
18
16
15
15
8
8
7
4
4
2
5
2
2
4
2
1
4
4
3
4
0
4
2
1
2
4
1
1
1
1
4
3
1
2
1
1
0
0
0
0
2
0
0
1
3
2
1
1
4
1
1
0
4
1
2
1
0
2
0
1
0
1
1
0
2
0
0
2
1
0
0
0
0
0
4
0
2
2
0
1
2
2
2
0
1
0
2
2
0
0
1
0
0
2
2
3
0
1
0
4
1
3
3
2
3
1
0
3
1
1
0
1
1
1
5
0
2
4
0
0
2
1
1
1
0
1
0
1
2
2
0
4
2
1
0
0
0
0
0
2
0
1
0
4
2
2
3
0
0
0
1
0
3
0
1
0
1
0
1
3
1
0
1
3
0
0
3
1
1
2
0
1
1
1
1
0
0
2
1
0
1
1
0
1
0
0
2
1
1
1
1
1
4
1
4
3
3
0
1
2
1
3
4
2
3
2
2
2
3
1
1
0
1
1
1
0
1
2
1
2
1
0
1
1
1
0
1
0
3
2
1
1
1
1
2
3
0
0
0
1
1
1
1
1
0
1
0
2
1
2
1
1
0
0
1
0
0
2
0
0
0
1
0
0
1
0
0
0
1
1
0
1
1
2
1
0
1
0
0
2
1
0
3
2
3
0
1
0
3
2
2
1
0
2
0
1
0
0
0
1
1
1
1
0
2
1
2
3
1
1
1
1
0
0
0
0
1
2
1
1
2
2
0
0
1
0
0
1
1
1
1
3
0
0
1
1
1
0
1
1
0
1
1
0
4
0
0
0
3
0
2
0
1
1
1
1
0
1
1
0
2
2
1
1
1
2
0
1
1
1
1
1
0
3
1
1
0
0
1
1
0
1
2
0
0
1
1
1
1
3
0
1
0
0
0
0
2
2
1
1
0
3
0
0
1
1
1
0
1
1
2
0
0
3
1
1
1
0
0
1
1
0
2
0
2
1
0
2
3
1
2
1
0
1
2
0
2
1
2
3
0
1
1
1
0
1
0
1
1
2
1
1
0
1
1
0
0
0
0
1
3
0
0
2
1
1
1
2
3
1
2
1
1
2
0
0
0
0
4
0
1
1
0
2
2
1
2
1
1
2
2
1
0
1
3
0
0
0
1
1
0
0
0
0
0
1
1
1
1
1
0
0
2
1
1
0
0
2
1
2
3
1
0
1
1
4
0
0
0
0
0
1
0
0
0
0
0
1
0
1
1
1
1
1
0
1
0
1
0
1
1
3
1
0
2
1
0
0
0
1
1
1
0
1
0
3
2
0
0
0
0
0
0
1
1
1
1
0
0
0
0
0
0
0
1
1
1
2
1
0
0
0
0
0
0
0
0
1
2
0
0
0
0
1
1
0
1
0
1
1
0
0
0
0
0
1
1
0
1
0
1
0
2
0
0
1
2
1
0
2
2
0
2
3
1
0
1
2
1
1
1
0
1
2
2
1
1
0
0
0
1
2
0
1
0
1
0
1
1
4
1
1
0
1
0
0
1
1
0
0
0
0
1
3
2
3
0
1
0
1
2
2
0
0
0
1
0
1
1
0
1
0
0
0
0
0
1
1
0
0
1
1
0
0
0
0
0
3
0
1
0
0
0
1
0
1
0
1
0
0
1
0
1
2
1
1
1
1
0
1
1
1
1
0
1
2
1
0
1
0
1
0
1
0
2
0
0
0
0
3
0
0
1
0
0
0
1
0
2
0
1
0
1
0
0
1
2
0
0
1
0
1
0
0
1
0
1
0
0
0
0
0
0
1
0
1
1
0
0
2
1
0
0
1
0
2
1
2
0
0
0
0
0
1
0
1
0
0
0
0
0
0
0
0
0
2
1
1
0
2
0
0
0
1
1
1
0
1
3
0
0
0
0
0
1
1
1
0
1
0
0
1
2
2
1
0
3
0
1
0
1
0
1
2
1
1
1
0
0
0
0
0
0
2
0
0
1
1
0
0
0
1
1
1
1
0
1
0
0
3
0
3
1
1
0
1
0
0
1
0
0
0
0
0
0
1
0
0
2
0
2
0
2
1
0
1
0
0
1
1
0
0
1
1
0
1
1
2
0
2
0
1
0
0
0
1
0
0
1
2
1
0
2
3
0
0
0
0
0
0
2
0
2
0
1
1
1
0
0
1
0
1
1
1
0
0
0
0
1
2
0
0
0
0
2
0
0
1
1
0
2
0
0
2
2
1
1
0
0
0
0
0
0
0
1
1
1
1
0
0
0
1
0
0
0
0
2
0
0
0
0
2
0
0
0
3
1
0
0
0
2
1
0
2
0
0
0
1
1
1
0
0
3
0
0
0
1
2
0
0
2
0
1
0
0
0
0
1
2
1
0
0
1
1
0
0
0
1
0
0
1
2
0
1
0
0
0
1
0
0
2
0
1
0
2
0
0
0
2
1
0
1
1
2
0
0
0
1
0
0
0
2
1
0
0
2
2
0
1
0
0
0
1
0
2
0
0
1
2
1
1
2
0
1
1
2
0
2
0
0
2
0
30
36
42
48
58
67
58
60
54
65
74
90
75
78
85
89
84
104
127
125
156
176
171
188
206
208
202
224
268
287
340
368
362
433
439
513
514
537
596
585
650
646
747
763
796
766
859
945
902
1027
941
1106
1139
1159
1174
1300
1310
1388
1378
1437
1556
1631
1573
1616
1732
1799
1897
1924
2007
2092
2124
2274
2288
2341
2430
2418
2507
2614
2697
2774
2842
2962
3078
3245
3232
3337
3542
3634
3769
3896
4080
4275
4476
4648
4764
4963
5303
5500
5740
6094
6462
7039
7581
8973
11758
18051
31876
57140
95820
141838
180587
196392
186372
158635
126962
100205
81152
67729
57382
49786
43023
37510
32827
29211
26578
24477
22674
21434
