20448
17036
14092
12021
10106
8669
7386
6563
5385
4845
4260
3907
3559
3190
2901
2622
2522
2286
2184
1991
1876
1836
1843
1815
1711
1609
1615
1464
1515
1434
1391
1373
1471
1477
1391
1268
1362
1368
1311
1329
1270
1245
1232
1272
1233
1278
1300
1227
1210
1171
1245
1190
1163
1128
1127
1140
1102
1132
1113
1103
1112
1100
1139
1111
1100
1120
1088
1086
1030
981
1086
1023
999
1000
1021
992
1014
1090
1012
980
978
960
981
1021
928
923
932
931
936
945
916
869
955
940
910
915
867
863
856
904
857
828
850
895
845
868
854
868
865
880
839
859
868
931
877
868
843
862
825
835
842
790
803
787
832
802
774
782
801
756
831
789
800
787
835
758
757
771
746
730
710
780
722
804
725
722
731
718
724
716
686
722
691
676
697
689
712
720
720
685
656
693
708
676
722
657
631
676
669
699
681
644
640
657
598
661
661
665
627
650
634
648
647
662
615
683
610
639
616
609
643
651
667
636
587
657
587
643
576
560
603
584
624
573
645
587
598
603
585
562
595
572
611
576
605
588
610
524
587
571
580
596
543
551
563
535
566
523
617
547
575
469
541
529
510
535
491
497
476
489
510
520
521
499
451
516
544
534
511
454
508
497
496
469
506
505
527
498
468
477
510
482
528
503
499
502
520
485
512
495
483
500
476
483
537
503
488
496
518
535
521
515
499
517
462
538
499
495
493
523
471
471
484
485
464
476
475
469
476
521
464
475
485
450
492
481
508
468
466
495
461
471
445
434
434
495
480
479
445
484
499
439
465
475
461
447
467
459
483
498
490
426
460
469
438
447
462
441
470
431
467
421
424
455
444
449
441
446
417
422
402
449
422
426
429
423
433
421
435
458
436
399
420
430
426
416
429
446
417
426
432
455
407
390
444
417
415
444
432
421
454
470
446
407
396
406
443
421
426
426
447
404
448
417
415
427
390
426
403
399
444
409
437
391
401
396
421
398
412
388
400
402
393
447
381
417
355
371
404
432
408
401
386
356
402
369
399
414
360
362
384
418
383
388
389
373
383
386
363
387
366
346
398
378
377
369
373
370
386
351
366
375
366
384
382
378
345
370
379
378
374
380
360
375
378
381
341
368
347
374
354
323
349
380
398
379
334
354
356
372
363
382
346
358
339
382
395
374
367
379
368
378
346
377
356
369
392
359
366
355
359
334
315
329
348
340
347
337
376
326
328
359
352
368
341
336
327
357
347
312
318
359
379
320
331
357
356
342
348
363
308
364
336
351
356
348
336
339
331
347
294
334
321
330
370
364
344
324
314
331
300
362
337
339
326
307
348
283
328
332
313
315
346
304
312
317
288
331
333
305
308
314
321
311
323
326
313
335
345
287
368
321
318
326
312
324
310
311
327
311
285
326
353
348
294
300
342
300
320
318
307
297
326
338
319
291
310
309
314
341
330
311
292
299
330
307
318
301
329
318
310
309
282
313
314
310
286
332
307
317
323
300
314
317
301
326
309
301
300
307
329
319
291
282
295
308
351
299
310
292
301
290
293
304
291
284
281
289
299
305
264
249
312
298
304
301
319
324
328
287
300
311
314
305
291
301
315
293
292
321
305
303
302
284
278
313
318
307
312
279
295
286
286
299
269
298
280
312
276
293
301
263
295
303
295
249
276
293
275
310
277
287
260
296
289
272
284
296
290
318
301
263
320
281
272
299
301
283
261
319
272
296
260
287
267
295
288
273
294
292
271
282
272
271
286
269
294
313
278
298
267
289
306
306
273
274
258
275
288
276
267
288
295
249
263
307
322
275
279
290
272
250
269
272
266
286
282
258
274
262
270
287
281
263
280
247
264
294
289
266
296
264
299
261
229
261
292
264
293
267
233
262
289
287
272
232
267
267
263
300
282
281
267
267
288
266
248
275
253
259
271
258
283
264
280
247
258
270
243
262
271
275
248
269
258
257
242
263
247
260
251
244
279
270
279
276
237
254
273
265
261
262
248
244
250
247
267
262
260
267
281
271
229
268
257
251
265
257
267
232
251
253
252
283
268
284
236
264
227
241
278
285
269
273
283
272
259
246
254
282
240
255
260
239
233
260
247
280
264
242
204
254
260
238
257
261
267
242
262
246
261
253
241
248
237
254
225
246
223
261
250
256
234
253
231
244
231
250
259
218
245
243
263
244
244
244
249
249
264
250
243
228
223
249
247
221
253
265
257
252
259
258
227
249
249
270
235
253
287
243
252
272
258
226
257
254
232
243
243
211
250
260
257
258
231
246
241
243
244
215
220
210
239
220
229
238
237
226
259
250
215
215
224
226
233
226
250
232
238
249
252
260
255
271
230
234
229
236
222
234
233
239
247
230
237
235
260
256
227
261
228
222
253
247
228
235
224
280
225
231
236
240
206
243
225
258
211
266
217
266
258
253
226
236
235
241
223
222
232
214
229
219
225
231
218
230
257
260
242
235
228
227
256
229
244
223
240
233
244
253
252
242
229
240
258
270
240
276
223
245
252
230
247
232
260
231
237
241
230
266
262
258
258
223
260
241
250
227
236
242
242
265
261
269
225
249
253
238
263
229
243
241
252
247
265
245
242
197
217
241
253
262
259
219
219
231
252
225
210
245
248
231
218
231
243
231
228
239
231
218
215
209
232
216
225
213
233
229
216
233
242
227
217
226
226
252
221
231
226
200
226
234
232
220
212
208
195
212
226
218
210
211
210
230
239
187
214
227
213
208
210
218
207
196
227
212
212
226
207
225
208
201
213
199
204
182
208
232
221
196
201
211
225
204
206
219
215
196
206
219
195
207
236
195
197
196
208
193
208
226
210
211
247
192
187
218
205
263
207
209
205
208
214
197
221
198
239
219
198
193
203
209
215
210
193
197
180
215
200
196
211
182
211
183
190
201
182
186
194
226
203
189
190
199
197
187
203
199
182
208
182
207
180
183
213
208
185
200
210
191
193
167
215
212
188
177
222
212
199
197
184
198
187
181
170
200
182
192
200
191
208
210
208
179
216
182
205
183
223
215
171
194
183
174
198
196
194
167
183
184
208
183
189
208
182
221
210
189
210
188
200
180
209
198
183
174
185
195
165
190
174
213
191
160
165
183
184
175
183
190
189
171
176
199
160
191
201
231
172
178
176
180
184
193
181
185
166
184
184
170
188
193
187
183
190
190
168
188
183
168
204
180
194
199
183
198
176
174
173
214
188
164
179
172
165
190
204
187
171
203
171
156
163
189
185
179
162
185
181
197
189
165
176
204
185
168
195
169
178
186
186
169
194
174
177
184
192
168
171
177
155
186
160
205
176
175
190
169
180
156
151
180
181
203
165
174
177
199
166
190
173
164
189
187
191
158
179
175
154
183
166
186
164
180
180
171
181
159
171
169
175
177
181
169
161
185
153
174
174
149
155
141
152
173
170
157
193
148
159
176
154
177
154
189
159
180
218
162
173
168
156
187
152
179
178
137
166
174
174
189
185
163
179
173
179
162
177
170
187
183
180
175
188
148
179
153
173
161
187
184
178
161
171
171
164
170
160
196
173
183
180
152
174
167
187
180
197
177
166
165
147
175
184
153
173
183
182
165
185
167
163
168
180
173
165
167
158
154
139
160
139
149
175
148
172
173
163
165
188
143
158
180
148
167
173
165
156
168
146
169
157
147
147
159
165
172
169
152
167
143
174
175
151
155
188
160
156
155
154
160
162
171
171
190
149
183
160
168
173
135
171
165
139
157
140
149
164
167
175
172
158
166
168
169
175
147
163
178
157
149
165
151
183
164
178
149
163
160
154
164
166
141
172
165
165
148
142
160
141
137
153
159
165
165
146
158
169
160
138
136
152
161
140
176
164
124
163
143
138
149
156
162
135
151
176
161
174
167
123
168
144
166
163
160
155
149
151
156
155
129
172
148
142
149
164
156
139
149
158
146
170
136
157
155
136
136
161
154
168
147
159
150
156
152
150
152
157
128
145
130
157
146
141
150
152
142
158
154
163
146
123
133
123
148
140
151
172
145
135
138
144
148
165
164
146
159
128
150
165
133
139
150
137
131
170
129
147
158
129
150
147
146
159
169
146
177
141
144
137
141
175
162
153
121
173
147
161
151
163
161
145
155
169
148
137
157
138
150
129
126
161
160
140
141
154
139
158
151
139
133
140
160
159
141
145
146
126
140
145
144
147
138
146
132
116
141
156
143
154
129
147
145
123
150
170
142
149
125
125
127
133
130
146
144
140
147
136
156
151
137
152
135
153
152
135
156
132
152
142
146
132
158
150
151
128
143
144
160
144
136
152
143
148
141
141
150
135
134
157
144
135
155
125
136
160
124
170
138
125
148
136
145
142
148
144
118
127
124
130
146
126
124
143
145
138
145
117
135
146
153
130
122
151
132
139
166
152
149
142
120
160
156
131
119
166
126
137
130
143
147
141
126
133
133
129
117
134
127
131
135
120
128
147
145
134
143
131
118
145
132
133
156
139
130
147
145
132
132
137
130
136
128
142
127
144
137
115
110
133
134
142
141
151
118
148
125
122
161
136
136
137
152
136
157
134
136
130
145
127
119
137
156
131
128
125
133
143
132
148
133
141
147
153
120
146
140
135
135
128
145
119
98
128
132
151
139
144
141
117
145
159
143
127
131
126
138
130
133
139
139
153
125
111
146
118
138
115
126
126
115
128
125
131
133
137
117
123
138
122
121
138
115
132
143
115
122
131
126
130
117
124
141
144
133
128
122
117
142
139
124
140
123
139
132
130
138
129
128
120
113
132
127
121
137
121
116
138
125
108
127
142
140
134
139
129
140
136
143
132
119
137
123
123
124
151
148
125
110
127
120
131
137
125
136
117
128
117
101
136
123
109
140
115
133
121
138
120
129
122
142
123
125
146
111
124
126
133
127
122
111
114
134
129
132
114
132
125
135
105
124
131
123
137
110
133
127
139
122
127
135
123
140
127
135
129
120
150
135
140
121
120
146
109
140
120
131
131
136
129
150
128
130
148
121
122
139
133
123
106
114
140
126
122
132
137
121
136
148
102
128
113
123
136
121
139
117
116
128
124
136
117
116
121
118
135
120
127
107
127
128
132
101
105
138
114
128
122
124
130
108
112
125
115
120
116
106
94
120
127
138
112
121
118
112
115
143
136
122
108
120
132
140
118
129
129
134
127
104
124
112
124
131
123
128
129
151
116
128
126
130
119
112
114
142
131
118
129
115
107
124
136
99
100
134
113
127
125
115
111
128
137
132
110
118
110
118
131
131
113
103
119
122
121
124
129
109
121
127
121
103
137
124
118
120
120
113
107
109
118
118
119
120
153
128
129
118
107
136
118
128
104
120
121
138
128
110
114
119
121
120
118
120
121
119
127
125
118
131
130
125
123
120
136
117
108
89
113
139
111
119
110
141
115
104
115
130
118
112
114
118
118
112
117
103
111
126
133
103
107
117
99
119
106
134
87
138
107
103
106
135
135
117
136
128
142
120
118
129
118
108
126
124
106
114
122
123
127
117
100
118
109
111
98
142
104
121
115
115
110
100
116
122
112
113
125
113
127
110
103
117
125
107
96
103
107
121
138
99
104
112
128
115
126
104
116
123
124
129
120
123
122
100
115
127
105
120
114
114
126
120
93
103
116
120
95
122
127
131
120
108
106
98
119
126
124
129
117
134
113
90
94
99
128
111
93
110
111
119
105
116
103
118
115
127
108
119
93
127
91
122
111
96
106
113
125
125
112
106
115
116
106
124
106
98
116
96
100
102
114
114
89
97
98
129
123
106
122
108
138
130
95
117
91
104
116
118
115
107
132
112
118
122
125
119
97
99
126
112
108
115
105
127
110
109
100
128
90
135
127
127
103
118
137
116
116
134
105
126
102
105
79
102
130
115
113
93
88
120
112
127
120
114
108
102
102
107
99
120
119
113
102
121
105
100
106
112
116
113
101
112
123
112
110
106
110
107
106
82
98
112
117
102
111
103
112
106
114
116
125
123
117
117
116
124
97
124
108
114
103
106
127
100
112
102
100
103
97
95
121
101
99
99
103
115
119
116
123
99
116
116
113
99
115
115
113
115
92
114
101
97
110
113
96
113
123
93
108
118
83
103
99
111
116
99
119
103
117
96
90
110
102
129
93
104
103
117
116
116
102
107
108
119
94
103
101
109
128
117
111
82
104
108
119
96
97
100
138
106
114
113
106
110
91
114
109
118
116
105
100
103
101
105
106
117
102
119
107
97
121
109
118
111
106
109
117
103
104
100
92
94
103
107
98
114
90
96
116
108
103
105
97
99
105
110
113
122
104
109
113
105
106
91
86
120
101
91
103
108
106
110
98
112
110
123
119
118
108
98
113
109
117
110
120
93
105
86
107
112
110
101
103
110
97
125
116
131
115
95
107
114
109
103
100
121
96
102
102
119
111
108
122
103
93
113
98
100
96
98
107
101
99
117
111
90
96
112
111
108
97
97
86
123
83
101
99
82
105
95
98
101
117
98
96
117
103
103
104
109
102
126
103
106
116
97
119
101
95
88
93
112
103
116
106
91
105
114
100
87
110
95
91
103
86
104
94
127
116
105
116
103
106
99
114
99
103
115
85
101
94
96
88
113
128
105
107
94
104
101
119
101
92
118
110
109
95
98
101
102
108
107
95
86
105
100
96
108
102
93
96
93
116
101
101
98
113
104
100
105
118
98
96
102
115
112
81
84
96
105
112
105
125
104
91
129
112
106
82
100
93
105
87
95
90
91
93
104
84
110
105
112
102
108
97
88
112
95
117
108
99
96
97
94
121
80
107
99
81
100
112
116
106
93
96
89
90
111
94
119
101
98
103
111
106
104
96
93
93
103
90
105
73
106
97
89
88
97
108
119
113
108
91
102
104
119
84
94
105
114
90
112
94
108
113
118
93
107
84
112
86
113
99
99
108
100
108
107
109
112
106
99
107
117
103
96
90
96
114
113
96
88
108
78
117
88
104
108
99
94
107
93
107
98
86
92
88
117
106
102
96
100
99
92
92
87
89
96
101
109
85
98
89
87
101
105
101
92
93
103
88
102
89
117
97
103
100
97
99
102
115
95
100
105
93
100
109
103
95
112
109
105
108
102
96
106
102
118
94
94
77
91
95
72
102
119
87
102
110
113
109
91
92
93
122
94
102
94
93
100
89
95
106
103
107
122
111
89
99
90
100
90
85
105
104
104
113
94
109
96
94
99
100
110
87
112
82
100
88
112
92
92
95
92
86
104
121
98
86
91
92
95
115
97
94
88
109
91
90
94
94
94
75
89
94
91
100
101
109
84
94
94
84
106
101
88
82
98
91
103
95
91
107
109
86
93
82
97
86
87
83
99
99
91
100
109
94
97
94
97
101
98
108
103
85
109
98
92
109
101
88
89
103
103
76
76
97
77
109
95
96
90
98
68
112
103
81
101
92
112
81
107
102
107
95
93
109
80
115
93
92
91
91
81
107
83
100
102
80
105
92
93
115
95
83
95
103
85
83
81
83
103
86
91
95
86
105
94
107
94
98
94
96
107
71
108
86
99
81
103
90
96
83
86
105
101
99
106
91
97
94
104
84
87
88
89
103
96
96
82
84
95
113
94
84
86
89
78
90
115
87
99
88
112
107
91
81
112
105
98
92
100
87
89
106
76
83
82
98
88
92
88
87
85
91
91
84
86
91
90
79
102
107
90
90
109
91
89
73
102
80
87
100
85
82
87
75
73
95
114
102
85
92
90
98
85
100
102
104
83
100
76
106
85
94
100
82
75
78
101
97
95
79
107
97
86
100
100
102
110
87
90
94
86
97
99
85
95
104
100
93
97
84
107
95
89
96
101
99
116
99
87
99
93
82
97
92
92
75
104
84
106
100
89
78
81
82
82
87
104
79
98
100
74
94
98
88
94
87
106
84
91
107
83
87
75
101
95
103
102
87
106
109
97
79
87
86
81
84
108
108
94
77
79
90
90
79
80
104
97
95
99
73
84
94
93
101
91
88
80
88
87
73
84
87
94
88
81
94
79
106
101
95
97
86
88
93
98
101
92
92
98
100
83
93
104
91
90
88
96
91
86
88
92
85
89
96
82
79
80
99
89
94
100
103
92
100
87
83
96
91
86
99
81
90
100
93
81
102
74
92
88
99
89
83
86
103
102
85
95
97
89
103
93
90
83
107
83
86
86
90
88
94
87
100
94
78
93
100
90
95
92
85
101
97
85
90
92
76
86
85
88
80
83
78
87
102
82
101
76
79
103
84
92
91
85
70
98
91
98
83
75
83
91
96
86
81
87
83
84
79
86
94
74
97
85
85
87
88
88
93
87
92
91
87
90
71
79
93
101
70
94
94
75
97
61
74
77
88
84
106
98
88
78
87
95
89
69
80
89
83
103
74
81
86
75
78
89
83
83
107
103
89
76
83
88
94
76
78
80
83
95
81
94
78
84
100
69
89
75
105
101
93
89
88
86
99
113
86
89
106
95
91
86
93
99
109
96
74
89
93
108
81
90
87
88
90
99
98
88
93
93
73
86
77
91
82
89
89
86
74
86
87
87
84
75
90
99
96
100
78
89
84
108
92
89
89
80
92
80
86
86
83
95
80
104
98
98
83
85
84
73
78
98
87
75
104
85
89
81
91
78
111
85
92
97
101
88
80
90
80
93
86
84
89
87
80
89
85
85
87
92
80
91
94
91
101
76
79
96
70
97
82
94
89
83
89
77
91
79
84
84
91
73
93
92
101
89
85
85
88
90
83
82
81
98
80
85
93
89
87
74
94
82
105
95
123
93
86
85
78
81
78
92
86
93
107
102
99
86
90
87
78
94
105
95
76
101
79
87
81
104
85
78
91
70
94
88
79
80
80
89
94
94
99
81
81
80
80
99
75
93
75
93
79
110
84
78
73
89
89
98
82
74
80
78
104
81
95
75
80
90
73
85
96
85
85
94
86
91
83
107
99
109
91
90
85
102
83
88
95
87
103
84
85
93
84
77
89
101
72
83
93
85
75
100
102
88
85
93
73
91
84
85
90
76
76
85
99
83
81
93
94
99
86
93
92
87
89
85
84
78
82
76
91
95
92
93
65
88
109
91
81
89
103
85
91
94
94
90
93
83
79
60
91
86
97
76
87
92
74
112
104
86
80
75
97
85
78
77
89
95
90
90
89
82
79
96
88
89
90
100
88
81
84
98
75
86
90
79
95
102
88
87
94
102
77
78
99
90
88
73
77
88
111
76
77
80
75
82
85
75
79
94
87
108
93
87
93
90
80
90
79
83
89
87
89
85
97
92
100
92
87
82
75
64
84
83
66
79
68
90
92
87
79
89
88
77
84
77
98
96
88
78
102
68
86
101
84
84
89
88
98
77
85
84
95
89
91
90
81
99
83
82
98
79
85
81
92
79
75
98
95
72
83
78
94
83
88
89
95
99
92
90
81
90
83
71
91
106
90
87
94
88
82
88
78
85
90
80
88
101
84
82
88
73
84
93
94
82
81
80
91
72
79
80
85
93
90
99
84
75
98
80
95
91
83
91
76
72
74
96
109
88
82
80
76
74
92
92
82
85
94
65
98
80
104
89
77
87
95
88
87
73
104
76
87
78
83
108
98
90
96
86
95
92
75
100
83
68
81
78
89
85
91
85
90
91
79
79
104
87
72
81
80
78
75
81
109
85
68
85
88
69
79
84
102
99
73
88
93
88
87
92
88
76
93
83
91
86
81
87
104
72
90
88
75
81
84
69
100
83
88
89
77
87
80
69
82
66
77
79
98
101
81
84
91
100
77
84
97
87
85
88
90
80
79
76
82
69
83
95
80
79
98
93
82
94
103
87
76
87
90
89
79
77
92
80
90
87
79
97
78
77
99
96
79
66
78
63
83
77
76
107
78
108
88
86
99
91
82
81
70
71
65
81
81
93
89
85
91
80
88
86
77
88
90
88
92
69
87
86
82
78
96
97
74
77
84
90
90
86
91
89
101
84
90
96
95
84
76
104
83
78
84
85
93
93
71
74
91
82
83
88
82
91
81
88
92
84
73
89
95
109
83
81
82
82
90
92
78
93
84
71
119
95
73
80
77
79
81
80
79
92
81
82
75
86
71
84
72
87
70
85
83
102
98
84
71
83
89
78
81
95
91
94
95
88
75
80
101
75
84
84
80
76
89
89
99
93
93
87
97
88
87
82
77
82
94
101
81
81
74
99
69
87
80
85
92
88
85
81
83
102
78
77
84
93
93
80
77
78
82
85
76
70
87
80
90
83
98
83
63
95
71
72
79
86
83
86
106
86
91
101
83
106
84
79
80
95
90
82
73
83
100
90
79
87
74
96
81
79
87
92
94
93
91
87
100
70
88
92
83
90
89
75
90
96
77
84
86
92
77
85
81
110
83
85
89
83
101
96
72
96
84
91
83
101
91
80
106
77
83
63
74
97
93
78
88
84
84
83
83
92
93
84
99
80
90
88
105
86
94
83
76
78
80
68
91
75
91
91
96
69
91
97
82
77
81
107
80
83
81
94
81
85
78
82
73
89
97
80
87
87
91
83
94
79
86
90
75
86
77
96
83
81
78
90
75
79
74
87
81
89
91
94
87
86
79
84
90
85
92
92
91
83
89
81
93
82
84
93
79
88
88
96
82
77
62
82
75
103
84
83
85
72
107
99
80
84
72
91
87
97
110
97
69
87
93
85
106
90
93
98
86
86
95
69
82
98
92
83
87
76
107
84
68
64
107
84
84
85
92
89
90
78
93
92
99
89
82
77
73
83
79
88
86
99
91
92
88
75
83
81
83
74
86
97
79
85
86
86
77
89
91
89
77
94
87
93
95
87
95
90
82
98
92
94
94
90
104
95
91
84
90
103
103
65
90
85
78
81
83
77
91
78
89
103
94
85
90
82
95
76
80
90
94
88
81
72
81
112
85
91
73
94
84
75
89
98
76
75
83
85
109
98
90
89
77
99
103
83
99
71
86
89
83
75
79
75
76
99
97
94
70
75
81
88
76
77
95
83
93
94
105
83
79
71
73
91
94
65
81
71
85
84
84
81
96
82
80
92
73
83
85
65
88
82
72
76
84
86
84
82
89
72
80
90
78
72
69
66
63
90
85
64
85
73
71
91
88
82
92
75
86
88
80
78
74
92
76
62
84
63
81
71
76
83
86
73
76
82
85
85
67
81
87
76
88
66
69
89
71
77
75
90
98
74
81
81
85
84
86
84
77
70
77
78
77
80
79
68
80
82
71
83
89
74
84
79
72
82
86
76
76
73
62
87
75
83
82
84
71
91
81
94
79
71
86
78
77
85
67
74
91
80
81
82
70
86
74
75
92
69
75
81
70
84
64
74
72
93
80
69
74
74
80
81
60
69
76
91
75
91
86
60
77
63
85
88
71
76
65
71
69
78
89
73
86
80
73
83
56
91
73
64
75
86
74
62
72
72
85
84
89
75
71
75
78
91
78
67
69
99
81
90
73
71
70
82
74
67
74
84
60
72
91
76
99
78
78
62
72
68
86
67
84
74
79
74
70
76
63
79
60
71
66
75
64
81
86
77
78
72
66
60
71
75
74
92
57
65
68
72
58
68
60
55
74
80
68
75
65
70
56
73
76
72
73
72
80
57
63
60
91
67
73
77
93
77
71
76
70
70
77
67
70
82
73
71
72
60
67
77
64
59
75
80
88
59
81
83
69
73
69
72
66
67
68
74
57
76
67
83
66
65
70
69
72
67
111
79
65
63
57
74
51
71
81
79
86
68
83
71
88
69
66
67
87
81
75
64
81
69
78
66
71
62
61
63
70
77
63
69
73
65
77
62
62
72
74
51
85
66
82
81
57
68
70
70
69
74
68
58
55
74
83
81
73
61
62
60
71
67
84
74
74
62
62
71
58
67
61
63
71
70
50
75
66
71
64
73
60
78
68
60
69
76
60
67
67
74
59
54
73
77
76
69
63
51
76
66
68
71
72
71
60
87
74
83
87
76
78
69
80
65
70
62
70
78
82
60
61
74
64
78
62
63
68
67
73
73
53
82
56
70
62
92
63
86
55
62
70
69
70
66
68
81
60
54
60
61
54
73
70
76
67
65
69
59
75
79
64
65
59
75
70
70
60
64
69
58
67
65
70
61
76
61
71
68
67
79
61
59
66
68
79
69
63
56
71
61
71
90
63
66
62
83
59
65
75
69
65
77
65
63
79
88
62
72
72
64
70
81
61
68
67
60
56
53
61
74
61
58
66
69
66
74
58
62
61
66
64
69
87
77
75
62
66
59
61
64
64
71
75
57
66
80
66
64
64
59
64
58
67
69
59
69
82
79
75
70
62
74
73
71
66
81
70
79
52
78
61
58
71
70
73
69
56
79
65
67
60
79
68
68
81
65
65
67
60
83
84
74
63
64
61
56
73
61
82
74
67
61
89
62
65
59
56
68
81
62
71
66
69
72
91
81
68
81
61
77
64
57
78
64
75
80
70
65
80
70
68
69
70
63
62
78
67
82
71
53
74
76
72
68
83
65
58
56
42
68
71
68
64
55
63
63
76
97
74
71
69
62
64
77
83
69
79
58
55
73
57
75
69
72
80
71
68
73
75
61
61
68
55
66
69
78
73
61
75
65
72
74
57
77
68
58
74
59
76
70
77
52
80
73
58
64
66
75
77
68
75
66
73
68
76
70
49
50
65
83
75
70
87
62
68
68
63
66
77
60
76
79
60
62
58
75
67
58
66
77
81
61
55
65
53
66
61
57
67
59
59
72
72
72
65
62
68
54
69
66
56
62
70
66
55
72
91
54
69
81
73
72
75
56
63
77
79
69
59
69
59
74
63
61
59
47
62
56
69
60
62
51
59
59
38
52
49
65
56
55
70
64
69
58
43
66
53
62
55
54
65
56
63
60
58
48
65
60
71
62
61
57
56
55
66
62
60
67
50
61
56
49
73
57
50
60
58
52
51
70
53
63
61
57
57
63
67
66
54
51
57
66
60
51
53
57
54
59
65
55
44
49
55
49
57
61
48
52
69
48
58
51
45
42
51
69
52
55
55
52
46
58
50
56
45
51
53
55
64
51
43
63
53
44
46
46
57
44
49
53
54
48
52
52
46
59
52
45
58
45
64
58
44
53
49
63
38
48
65
64
64
54
59
49
45
52
63
59
63
51
55
61
59
58
42
56
60
63
44
54
62
49
50
55
51
49
54
56
55
54
44
67
47
74
57
59
55
49
53
61
64
50
48
68
62
57
74
65
64
50
49
50
53
50
60
52
59
50
60
60
50
54
54
77
51
62
55
55
51
68
68
60
55
64
61
66
58
67
66
62
84
68
70
71
52
61
63
67
72
68
62
86
64
73
61
64
55
57
69
73
70
59
73
69
56
74
70
96
64
75
66
82
89
86
83
76
81
92
78
85
119
103
106
122
152
186
189
224
282
293
354
384
440
507
440
487
454
420
395
329
279
252
223
172
166
134
133
109
118
88
72
63
79
75
71
54
61
62
42
49
50
58
53
59
49
47
50
41
41
45
41
57
40
51
37
46
33
50
48
41
31
42
48
48
44
38
42
48
43
41
42
44
46
32
50
42
42
48
51
36
53
64
37
49
57
49
39
50
62
35
68
48
53
43
39
42
42
49
45
45
44
57
59
37
46
50
33
42
50
41
48
47
48
51
46
39
49
43
55
38
48
48
58
49
44
51
34
56
40
54
51
40
51
51
54
39
38
50
49
52
32
60
47
58
54
39
50
48
60
37
42
42
52
44
56
45
46
52
48
41
53
32
59
54
41
62
44
52
49
44
40
45
60
43
54
58
52
50
49
68
54
44
62
68
60
45
52
59
55
56
47
51
52
52
47
59
61
63
49
35
49
58
45
57
55
51
66
53
56
48
56
67
62
70
63
54
60
61
55
62
81
55
76
77
58
69
82
52
70
97
72
91
108
90
91
89
102
110
90
83
88
90
85
88
73
62
48
45
45
32
43
38
30
34
36
36
28
24
30
31
24
20
21
28
20
21
21
22
22
19
33
19
27
26
27
20
17
23
21
15
21
25
22
26
24
31
17
23
26
24
22
20
17
28
24
25
19
21
22
18
23
13
22
16
30
22
24
26
14
19
16
14
22
19
20
23
18
27
27
19
26
16
17
20
17
16
21
20
17
23
28
19
25
22
15
16
20
15
17
19
20
31
27
20
18
27
19
23
15
19
25
17
18
27
15
27
15
24
16
20
16
20
23
12
27
23
18
16
19
10
20
30
18
23
12
19
22
20
25
18
15
17
14
22
21
25
20
23
25
11
16
25
21
17
13
13
21
20
15
18
22
11
16
13
15
24
27
18
21
21
15
17
20
16
13
30
22
16
20
23
16
16
15
19
16
22
14
19
20
29
23
22
14
19
15
20
15
14
22
16
21
16
18
20
20
14
12
15
10
18
18
13
23
18
27
19
18
19
15
11
25
15
20
11
28
16
19
14
6
15
21
16
19
15
11
21
20
17
12
20
14
23
15
14
18
16
16
14
12
12
21
24
20
17
18
19
25
16
23
16
29
16
14
23
11
15
18
21
24
18
20
14
15
23
23
27
19
19
20
17
21
17
17
15
25
24
15
15
17
23
20
17
20
21
14
14
18
11
21
19
16
23
27
18
20
21
17
27
22
19
29
15
15
14
21
21
28
14
24
14
18
19
17
12
12
20
23
9
7
21
20
22
17
19
23
13
23
25
21
18
23
23
23
16
16
19
15
16
23
16
20
18
17
19
17
27
21
11
23
19
17
12
24
16
19
20
14
20
17
19
13
12
15
26
23
18
18
24
16
25
14
17
18
13
19
20
19
13
25
14
17
20
24
13
18
19
28
12
19
24
20
14
28
16
16
22
27
19
23
21
15
15
25
20
13
12
14
19
14
23
18
16
13
25
14
15
19
21
20
22
18
20
17
20
19
23
15
19
17
14
17
22
25
22
10
21
21
19
25
21
24
20
19
24
18
36
18
26
23
23
26
19
25
27
21
18
24
24
23
19
21
29
36
21
26
18
27
20
20
20
25
31
24
25
21
31
24
28
28
25
20
29
36
26
24
18
23
18
29
18
25
22
28
29
28
26
41
29
25
25
37
34
48
24
32
31
37
44
41
30
37
40
34
39
38
37
41
31
32
41
37
41
37
44
37
39
39
34
37
37
54
41
45
49
47
38
57
47
51
60
48
49
65
53
64
57
68
58
60
68
70
76
63
70
80
80
76
67
86
71
92
127
96
92
124
136
166
217
287
394
458
578
722
775
866
947
901
950
909
790
773
621
504
456
380
343
274
210
219
166
141
116
110
82
65
71
64
36
52
49
40
36
26
26
29
36
19
32
25
35
26
33
18
22
35
20
20
19
16
24
16
18
20
21
23
24
21
21
22
11
27
20
27
22
16
11
21
22
19
29
18
18
31
20
16
19
20
14
27
18
21
25
19
32
16
20
24
15
30
28
24
18
10
12
31
18
19
15
19
13
23
26
20
24
24
23
16
15
28
22
11
18
21
25
14
21
13
24
27
32
23
21
28
23
30
27
21
26
22
27
23
27
28
25
23
30
30
18
19
26
26
22
23
24
17
27
18
24
19
32
23
27
23
39
19
23
25
21
24
22
18
30
29
18
30
40
18
30
20
32
29
14
29
26
26
28
24
40
20
32
28
39
24
20
30
35
23
33
28
29
25
31
28
29
46
37
33
29
20
38
23
32
46
42
51
32
44
37
37
46
37
29
58
36
47
43
49
38
46
38
37
45
63
61
54
57
53
65
82
64
55
61
55
42
51
39
37
31
31
21
20
13
17
14
3
13
10
10
8
7
12
8
5
9
8
4
3
5
4
3
2
9
8
5
7
4
9
6
10
4
2
5
4
5
3
2
3
7
7
6
4
6
3
3
7
2
9
8
5
1
10
2
4
2
6
9
8
9
5
7
8
6
4
4
4
5
1
3
7
2
4
6
1
1
2
8
5
4
4
5
6
6
7
4
5
5
7
7
6
4
4
3
7
3
4
7
6
3
4
2
5
5
6
6
3
4
3
6
2
7
0
3
1
3
5
7
3
3
3
1
8
5
6
3
6
3
7
5
9
0
0
6
1
2
3
2
6
7
7
8
5
4
7
3
3
2
4
6
4
7
5
4
7
4
6
3
3
3
2
7
6
5
4
5
2
3
2
5
5
7
3
4
1
4
2
4
7
4
7
7
6
1
5
5
4
1
5
8
5
7
2
6
3
6
6
5
7
4
5
3
5
3
4
0
3
4
3
9
5
6
3
6
4
3
2
4
2
5
3
6
2
4
3
0
7
3
4
2
3
2
7
6
5
1
5
2
5
3
4
4
5
2
4
6
4
3
1
2
5
2
2
4
3
5
4
5
5
3
7
3
2
5
4
8
3
6
1
5
3
2
4
3
6
6
8
1
4
3
6
4
4
1
4
8
0
6
7
3
4
6
2
3
6
5
1
4
3
3
3
2
2
2
3
3
5
7
3
6
8
1
5
3
1
3
1
2
6
3
4
1
2
6
2
5
7
4
3
4
4
6
1
5
6
4
2
4
1
3
5
4
4
4
5
4
3
3
3
7
2
2
1
2
5
5
6
2
6
2
3
8
4
2
4
0
6
5
6
4
6
3
2
4
4
2
2
7
2
2
6
11
4
5
7
7
0
5
3
4
6
4
5
2
4
4
4
3
6
6
2
5
3
5
4
1
5
5
2
7
11
5
6
3
4
2
5
1
10
5
5
10
2
4
3
6
5
5
5
4
4
1
1
2
8
1
3
6
4
4
6
1
2
3
4
7
3
0
4
4
4
2
3
5
5
2
2
3
0
3
0
0
3
4
3
3
6
1
5
3
1
4
1
2
1
3
2
2
2
0
1
2
1
3
1
1
4
3
5
2
8
2
1
4
4
4
2
2
4
2
2
2
1
4
2
5
2
1
3
3
2
4
1
2
3
5
2
3
2
2
3
6
1
2
3
9
3
2
2
6
5
5
4
4
5
2
5
2
0
4
3
3
4
3
8
2
6
2
2
5
4
4
3
3
5
4
2
3
3
5
5
2
2
3
8
3
4
4
7
2
3
0
5
3
3
4
5
3
5
5
4
6
1
3
4
5
3
3
1
4
3
5
0
6
5
4
3
1
6
4
1
3
5
3
1
1
5
6
1
3
3
0
3
6
6
6
7
1
5
1
2
3
3
3
1
5
2
3
6
4
4
2
3
4
3
0
2
5
1
7
2
2
3
1
2
2
3
0
0
2
7
3
6
3
2
7
2
2
0
4
3
1
0
2
1
3
2
1
2
1
6
3
3
4
2
3
2
2
5
2
1
4
3
5
4
2
2
1
4
2
1
2
3
3
7
6
3
3
3
1
0
3
2
3
1
1
0
3
3
4
3
4
4
4
6
2
5
2
3
0
2
5
3
5
2
5
3
2
0
7
1
4
2
5
3
2
3
3
3
1
0
2
4
2
5
2
1
7
2
3
5
2
2
2
4
4
3
3
1
2
2
2
2
3
3
5
0
2
4
3
3
3
5
3
2
1
4
5
4
3
2
3
2
0
2
1
3
0
2
1
2
0
3
5
3
2
2
4
4
1
2
4
5
2
3
1
4
1
2
4
3
3
1
4
4
5
3
4
3
2
2
1
1
2
2
4
3
1
0
4
1
1
2
5
2
3
2
5
3
0
1
6
3
5
5
3
3
2
3
3
6
2
3
2
1
4
3
4
2
3
4
4
3
5
10
2
4
5
1
3
2
5
4
3
1
1
2
3
3
2
3
3
1
3
2
1
2
3
1
4
5
1
5
6
4
1
1
1
1
6
1
4
1
5
1
2
4
2
4
2
2
1
2
3
0
3
2
5
2
2
1
2
4
3
1
3
2
4
1
2
3
0
2
3
8
2
4
1
4
3
2
3
1
6
0
2
0
4
2
3
2
1
1
1
5
6
1
4
1
4
0
1
0
3
4
4
4
5
0
3
3
3
4
1
4
3
1
1
4
2
4
2
3
2
2
0
2
1
3
3
4
2
3
1
0
1
2
3
3
2
1
3
1
2
4
3
1
1
1
5
0
3
1
1
4
2
3
1
4
1
2
1
0
4
1
1
0
7
1
3
1
2
3
2
4
3
2
1
3
2
5
3
0
2
1
1
3
6
1
0
3
2
4
3
2
3
5
0
2
3
4
4
1
3
0
2
2
2
4
2
2
3
2
3
3
0
3
1
4
2
1
3
2
5
2
1
1
2
1
3
1
3
1
1
3
3
5
4
3
1
4
1
2
5
1
2
102
174
195
193
197
224
227
266
248
301
303
309
345
352
383
418
482
536
573
577
669
700
721
835
822
884
972
1073
1205
1273
1439
1475
1661
1756
1825
1930
2049
2141
2365
2488
2548
2778
2839
3059
3133
3414
3673
3652
3899
4151
4266
4521
4504
4935
4941
5217
5379
5570
5877
5886
6242
6429
6676
6901
7139
7321
7605
7865
8181
8478
8774
8928
9266
9627
9791
10112
10423
10681
11123
11429
11835
12130
12467
12839
13590
13881
14300
14944
15406
15915
16645
17033
17928
18579
19568
20686
21498
22542
24054
25092
26350
28704
31609
37541
49892
78020
137220
246121
406653
589328
735968
790558
744045
632279
505935
400732
325075
271616
233395
201097
174077
151900
133563
119335
107953
99612
92769
88059
