20009
16579
13675
11611
9606
8315
7099
6211
5359
4729
4079
3686
3310
2936
2713
2488
2244
2172
2053
1916
1849
1745
1695
1636
1584
1565
1446
1435
1448
1381
1341
1355
1279
1332
1301
1299
1242
1287
1291
1194
1188
1173
1157
1173
1201
1186
1165
1093
1208
1144
1087
1109
1113
1047
1093
1068
1045
1051
1012
1012
1054
1075
1031
1032
1036
980
1036
1052
979
1034
1045
972
911
951
936
931
935
917
974
921
928
927
952
878
861
890
891
880
895
840
857
870
849
966
824
852
819
882
792
822
805
849
827
814
781
816
804
756
830
788
851
811
919
839
826
848
784
781
845
772
833
771
823
756
731
719
761
738
803
754
712
756
742
682
732
771
729
707
710
722
680
669
737
653
693
705
701
703
693
721
630
720
732
672
664
637
715
671
658
636
698
646
634
647
639
611
671
657
650
656
633
642
626
632
629
664
650
658
605
637
573
614
616
601
630
607
597
623
639
609
640
591
574
651
595
623
551
574
602
572
560
610
610
582
528
547
601
573
531
577
569
539
565
592
540
543
522
537
578
521
528
514
513
544
507
519
520
543
493
451
517
493
495
513
501
488
501
495
466
544
492
481
487
444
440
488
492
474
514
443
510
489
442
475
504
467
489
472
500
452
481
488
480
459
449
481
453
467
485
478
492
493
514
521
489
476
452
463
488
499
505
485
458
450
464
473
444
460
459
465
475
479
443
444
440
484
476
438
508
478
470
472
456
435
475
470
457
481
472
440
423
430
453
443
444
487
434
454
422
457
407
484
406
448
460
473
437
440
404
420
440
405
404
449
466
420
430
423
421
404
436
397
445
410
399
409
452
429
392
424
426
403
385
358
410
435
414
416
420
397
482
398
411
448
426
388
416
393
393
433
421
422
392
402
395
390
435
376
406
417
391
386
403
403
406
404
432
393
419
379
411
404
374
378
414
368
395
387
388
378
404
383
394
385
413
397
350
332
403
374
398
393
383
409
396
405
387
399
359
390
395
409
390
345
368
376
389
325
390
383
369
374
379
378
351
389
369
344
362
360
366
360
388
372
405
394
342
357
379
390
334
345
386
337
357
379
393
346
373
348
346
335
392
371
354
334
391
380
337
311
362
350
342
365
339
362
350
340
327
344
365
338
349
343
315
345
356
348
355
328
367
350
326
297
340
364
346
355
337
325
376
358
316
340
308
323
320
340
370
342
345
301
330
323
338
320
338
331
307
348
308
333
308
327
341
338
330
323
337
335
313
302
325
370
305
282
297
310
339
323
333
323
326
296
314
345
293
313
342
293
314
304
350
313
296
313
332
308
314
322
314
310
311
310
313
312
312
331
345
319
317
319
331
356
297
317
310
304
327
278
310
326
317
304
317
321
299
326
298
284
288
317
311
295
330
301
319
305
314
345
306
298
308
335
309
282
317
319
286
283
287
295
285
304
290
295
282
300
298
281
263
326
306
260
284
284
315
284
297
295
294
313
322
265
291
355
298
300
294
277
265
258
276
274
308
285
281
292
303
296
293
268
283
289
270
287
275
263
268
259
272
295
285
295
267
273
297
280
275
300
309
262
295
280
289
256
265
287
297
281
290
293
261
298
267
257
274
248
284
290
260
266
279
254
274
273
277
261
277
258
284
277
301
264
246
262
250
275
271
295
261
267
263
263
273
260
282
278
260
255
239
311
269
317
275
281
310
271
283
276
284
276
259
286
264
282
296
278
254
290
243
250
260
280
278
248
262
278
251
280
298
260
256
278
241
274
280
251
247
263
285
260
263
299
259
221
260
262
246
284
259
265
280
267
289
266
275
277
252
269
262
264
262
261
276
254
258
244
267
263
266
236
255
243
270
256
282
226
300
254
245
267
228
255
231
269
254
268
254
262
248
287
253
277
289
273
257
250
246
250
230
278
246
256
273
237
271
247
245
299
268
245
245
261
247
278
267
264
200
263
203
277
241
246
209
245
269
286
232
222
278
235
263
252
235
262
272
259
263
241
275
254
256
256
253
213
222
238
262
243
255
269
247
245
253
237
236
249
237
253
252
232
262
228
227
241
246
260
253
251
258
224
272
269
264
235
217
255
227
265
264
232
198
253
232
235
230
219
235
235
238
266
227
244
229
236
238
258
249
227
245
249
238
243
243
225
231
224
219
231
248
269
241
258
231
253
264
224
258
241
264
230
263
255
218
243
233
235
255
220
237
204
250
244
242
244
235
244
234
214
237
247
212
249
233
205
237
246
232
227
240
237
222
213
232
228
232
217
252
197
229
233
235
251
217
202
219
245
226
247
211
265
244
196
221
225
206
228
228
226
234
226
248
225
245
215
238
242
216
231
232
242
229
219
220
232
234
245
238
231
240
225
233
223
248
232
228
224
245
218
255
228
241
217
232
239
222
226
236
252
207
198
258
219
221
238
225
213
241
234
245
211
210
250
227
214
228
252
221
227
243
226
217
247
208
244
239
220
252
229
214
239
222
236
217
199
233
251
216
249
237
234
202
245
256
215
266
255
264
255
237
245
262
233
246
244
242
255
256
263
242
242
244
234
226
243
236
217
241
263
224
235
238
222
222
247
222
265
248
225
236
284
232
219
236
250
206
226
222
236
208
214
233
193
207
212
243
220
206
220
225
218
225
242
211
249
215
216
204
205
215
197
210
207
204
221
193
218
244
223
180
222
217
209
205
190
215
238
231
204
192
217
185
183
203
186
211
224
216
239
233
207
214
204
212
208
203
188
166
193
219
210
206
209
216
183
184
217
233
217
209
193
197
198
211
183
191
171
218
211
203
189
212
191
198
186
186
198
200
187
190
197
218
205
194
174
187
185
207
197
212
188
211
205
197
222
182
195
183
197
165
202
203
185
208
190
192
186
174
171
191
188
214
184
201
161
149
194
203
182
193
168
190
196
180
185
192
198
170
184
193
184
175
201
224
198
203
194
198
191
180
189
169
186
216
189
192
182
179
181
221
219
180
201
197
193
190
193
209
195
219
166
166
172
161
191
206
206
183
189
176
160
170
184
173
163
202
171
181
162
172
202
197
207
198
172
168
167
168
195
176
176
189
207
144
196
202
173
171
203
135
170
205
170
168
182
190
169
156
214
184
185
198
178
193
173
173
178
198
187
155
163
176
187
193
188
160
178
159
189
193
184
192
175
166
166
173
168
162
180
185
169
177
164
155
177
180
171
193
190
179
177
158
190
182
180
153
192
169
180
179
195
176
162
183
145
157
163
167
163
189
177
164
166
149
169
171
157
157
154
166
171
147
186
152
181
165
170
133
173
169
165
163
147
139
175
191
167
154
156
174
173
157
157
144
182
152
178
161
144
153
157
143
202
163
151
186
170
176
179
148
172
160
153
168
145
154
158
147
171
136
161
157
158
145
166
177
167
151
163
180
154
166
169
141
164
155
158
174
156
147
168
154
162
152
167
157
138
168
151
151
175
166
162
151
130
165
154
158
165
171
158
152
154
148
176
141
173
175
165
172
157
167
152
179
166
140
156
133
175
157
179
175
165
167
162
162
170
185
146
151
167
147
161
175
148
147
149
147
161
180
159
159
162
158
151
145
168
170
149
152
160
153
149
171
156
149
169
155
143
160
158
152
170
143
160
158
161
166
159
149
142
166
161
160
171
166
162
154
159
135
169
159
144
148
166
158
142
152
161
171
161
141
134
161
170
153
149
156
155
153
170
151
151
140
132
143
145
143
137
160
142
142
175
154
145
125
138
149
138
151
162
155
144
143
142
163
169
125
133
147
154
144
122
160
135
146
125
160
159
145
141
144
155
161
149
128
142
133
138
150
124
144
184
132
146
139
152
118
165
138
129
151
150
147
159
143
145
136
147
123
117
142
151
163
138
142
151
173
154
157
136
135
156
161
143
151
146
139
150
138
142
137
137
122
119
156
132
143
154
154
156
123
149
154
180
151
142
152
133
142
134
128
138
150
123
149
157
140
153
139
153
141
164
138
134
132
128
142
166
125
141
123
154
146
123
145
148
140
139
142
135
134
143
143
136
179
128
127
123
132
130
147
126
153
138
144
116
130
127
150
126
143
158
126
144
145
138
141
137
122
148
131
125
123
124
143
132
147
144
141
132
136
146
146
143
144
151
137
124
132
137
135
156
130
134
140
133
138
165
140
151
130
137
125
139
121
143
143
144
137
135
148
124
148
121
152
129
127
148
120
129
138
136
136
127
147
139
129
141
143
152
137
130
137
147
150
143
139
147
137
132
126
125
136
120
130
128
153
124
113
135
125
127
133
140
135
132
148
127
125
137
142
127
129
132
112
146
124
154
118
140
136
116
118
125
140
116
131
134
122
124
130
122
136
129
114
129
144
148
145
135
132
125
102
131
118
150
154
132
142
128
146
117
132
155
125
116
133
111
144
139
101
140
131
129
127
108
128
127
123
133
141
127
124
136
129
132
133
149
143
136
127
133
119
126
106
125
112
113
114
136
126
125
152
112
146
100
120
111
137
128
111
123
122
125
127
141
113
130
145
132
137
133
122
154
130
136
129
119
138
154
128
129
131
119
143
128
131
137
110
118
133
135
135
123
132
146
143
119
130
109
136
143
123
123
120
127
131
118
148
122
124
126
125
118
106
136
143
132
128
132
123
127
122
128
120
123
131
154
124
135
129
117
102
119
108
101
106
106
128
130
123
123
120
118
116
123
132
141
131
131
109
133
127
143
121
97
130
119
120
132
144
135
121
133
124
136
120
128
115
137
119
133
122
124
116
114
113
123
119
140
130
125
116
151
142
118
144
166
111
105
120
108
112
129
130
140
135
134
105
111
121
106
107
136
130
122
112
116
119
123
141
103
122
119
146
125
115
125
117
119
145
119
107
117
134
126
147
105
139
119
127
137
94
136
120
133
101
114
113
131
108
115
140
147
113
114
109
117
114
104
124
116
122
128
103
135
117
94
123
118
121
118
108
125
124
107
112
130
122
117
118
111
111
118
126
106
127
111
109
110
113
117
122
100
116
116
106
128
105
136
132
114
124
134
104
99
110
110
110
119
119
104
134
130
98
128
112
119
120
119
116
117
105
111
103
147
120
103
113
119
119
117
124
118
113
110
98
117
118
120
117
92
109
116
116
98
120
107
130
106
115
116
124
124
104
88
108
110
119
103
129
124
118
116
106
126
102
99
133
115
121
136
116
105
103
103
121
115
135
120
103
115
120
104
124
133
119
103
115
123
113
125
121
120
137
120
113
127
107
124
107
120
108
111
97
115
99
114
124
109
101
111
116
122
119
121
129
127
104
108
117
135
102
123
105
108
118
129
116
107
129
122
109
121
118
138
102
92
111
122
115
124
109
99
112
122
104
110
116
131
92
121
139
116
108
117
114
106
98
119
116
135
111
103
112
120
96
103
113
101
113
111
128
133
121
83
124
80
103
112
108
123
126
103
121
110
109
104
130
104
123
97
114
115
130
124
114
111
121
92
104
107
114
106
115
106
94
114
123
106
89
104
102
120
98
115
106
116
100
99
109
98
123
125
120
102
107
117
96
107
127
108
117
119
108
103
128
112
80
123
102
127
100
115
112
117
101
105
108
122
104
124
84
110
111
118
79
96
106
96
132
133
137
98
111
103
120
116
102
95
110
102
115
101
109
112
98
125
95
126
104
95
103
122
113
123
134
115
97
107
103
98
107
115
106
114
99
86
114
114
106
111
110
97
93
109
121
99
128
101
104
116
117
103
109
98
114
122
107
88
117
103
145
77
121
103
99
113
120
88
77
117
103
104
116
103
108
114
79
124
97
112
125
111
117
100
100
105
113
88
115
119
105
109
92
97
98
105
106
99
127
104
102
89
122
84
113
110
105
114
134
103
112
90
119
107
92
91
115
83
110
103
109
112
112
101
116
115
99
84
95
98
97
96
98
119
107
109
110
114
96
95
88
92
106
110
98
92
120
86
117
94
103
104
100
101
114
98
97
95
98
113
118
104
82
90
113
111
95
88
107
99
113
114
106
86
101
106
114
105
96
99
105
103
100
122
99
108
117
95
102
88
112
93
90
92
111
100
131
78
96
104
109
92
105
107
101
102
105
104
85
119
92
104
108
111
104
112
86
111
89
96
112
116
108
110
85
107
123
86
93
107
93
104
92
98
95
97
111
94
106
100
100
90
100
90
91
89
92
113
105
120
88
91
110
94
94
97
99
95
85
99
95
106
95
88
108
77
110
96
93
109
106
106
105
92
93
108
77
122
100
114
119
111
116
106
91
92
97
95
103
100
119
100
87
84
94
110
107
99
101
118
112
95
99
98
97
111
102
101
108
88
89
100
104
105
128
84
82
77
112
108
109
106
103
108
105
103
85
113
97
94
103
110
100
94
105
95
103
102
99
107
107
101
115
116
86
101
94
103
111
112
116
106
104
97
102
98
89
103
101
95
66
82
104
90
104
100
98
109
93
97
115
99
74
90
93
109
92
80
90
102
80
108
84
104
89
99
120
98
99
109
97
88
95
85
107
112
84
100
96
85
105
94
109
102
100
95
102
85
109
101
78
97
95
89
78
102
100
110
100
102
103
108
105
79
97
92
89
113
89
100
106
95
104
87
103
95
99
105
85
109
105
108
101
103
91
113
92
79
112
95
109
91
87
97
116
85
118
96
95
92
85
103
117
90
108
110
109
110
80
82
101
102
92
106
72
113
95
90
105
98
108
88
88
103
93
92
102
92
91
118
80
111
92
92
101
90
96
90
100
87
98
83
73
100
78
87
90
123
109
120
82
89
98
93
75
93
85
87
97
97
123
116
81
105
93
88
88
83
97
83
83
90
89
113
95
93
103
86
96
94
94
109
83
78
107
96
83
89
93
90
105
90
92
100
87
89
107
76
97
101
87
105
91
104
92
94
80
113
105
92
73
77
95
67
91
96
100
99
87
88
89
93
96
100
102
92
91
105
85
82
113
101
74
87
92
99
95
106
79
85
85
111
90
93
105
78
117
86
78
114
90
88
97
106
94
94
98
87
85
89
97
79
97
96
101
84
105
83
106
92
87
95
78
94
107
81
87
106
96
85
86
94
76
83
89
90
96
97
102
91
106
95
106
99
89
75
81
87
105
103
109
94
91
83
97
78
92
85
98
81
86
95
87
89
98
82
89
93
103
87
101
89
92
98
91
94
81
89
79
77
93
89
86
96
109
86
73
95
67
104
96
95
93
107
99
91
103
83
108
83
94
93
106
93
81
91
111
100
80
93
95
82
95
93
91
88
113
107
97
76
99
79
89
89
79
98
91
78
98
89
85
99
86
101
101
86
76
85
99
83
79
85
101
91
110
94
92
84
83
63
99
77
88
89
88
95
96
99
92
84
85
79
82
91
82
86
92
99
80
81
82
96
87
85
100
95
88
99
96
79
98
84
71
97
87
98
100
89
72
80
118
95
91
88
110
79
84
81
80
89
76
95
92
98
85
94
98
69
91
91
95
93
69
85
87
93
85
91
85
84
97
83
88
77
102
98
98
88
93
76
91
82
91
95
90
99
86
88
96
85
93
100
92
95
79
97
96
104
84
81
106
83
99
90
97
85
85
94
87
74
90
86
83
97
88
89
83
90
90
110
68
75
82
75
81
83
93
83
84
82
91
88
103
76
82
83
81
111
79
96
98
80
99
99
94
94
89
85
91
86
82
87
117
93
90
91
82
86
88
75
83
117
70
90
85
81
88
90
84
85
80
105
85
86
89
83
79
83
92
92
104
80
87
82
82
71
80
91
76
94
91
81
85
111
85
79
81
109
115
82
83
110
93
95
74
95
111
96
90
94
77
91
84
87
75
86
85
80
83
79
101
80
75
106
96
84
85
76
83
111
86
84
90
91
87
81
66
80
79
94
80
84
92
94
80
108
98
77
90
76
91
83
89
96
86
81
76
70
80
94
75
103
82
90
76
81
86
74
92
80
88
75
84
100
97
91
88
60
95
102
91
85
82
92
80
69
80
65
101
76
63
87
81
89
91
86
96
83
85
102
92
76
78
100
88
79
99
74
87
84
88
94
96
107
89
87
96
91
71
77
85
84
81
91
75
81
93
77
81
83
71
90
82
78
72
88
79
90
86
80
74
73
92
94
89
83
87
94
99
97
71
75
96
81
70
87
84
76
87
87
83
87
90
67
83
82
80
79
75
64
91
78
87
98
85
83
93
87
79
91
77
79
98
81
74
70
92
79
85
97
99
81
65
71
88
74
76
77
92
91
97
93
93
70
80
85
65
76
89
85
73
75
88
80
81
98
75
88
78
73
72
79
71
79
84
93
66
81
88
97
68
75
86
79
72
67
68
81
65
94
82
77
90
92
78
92
85
67
91
70
90
86
87
98
88
97
84
72
89
98
79
79
86
81
79
79
78
79
95
77
95
88
89
80
77
74
76
91
81
83
95
87
87
81
69
87
75
94
79
65
85
93
88
87
91
83
99
81
67
92
81
88
97
75
81
96
78
85
64
90
85
107
78
96
84
74
84
85
80
76
89
88
85
90
79
73
88
87
89
85
82
65
70
85
75
93
91
91
77
92
88
75
66
89
75
80
80
89
101
91
84
72
88
72
82
78
92
91
82
67
81
94
75
76
96
76
86
85
89
87
94
75
95
97
90
95
78
71
109
92
102
79
80
91
77
78
88
87
70
78
84
84
64
85
74
88
87
75
79
75
73
81
82
69
73
99
66
68
94
80
87
80
64
80
73
81
80
103
85
80
87
85
71
89
90
70
83
80
105
69
72
66
88
90
86
90
81
86
86
81
88
89
96
86
79
91
72
82
81
86
86
55
74
91
84
93
84
68
85
84
85
86
88
83
71
90
82
97
69
84
81
89
83
80
85
75
86
69
94
83
74
87
90
85
84
70
97
76
83
84
90
72
73
83
105
103
78
89
81
88
70
82
86
72
75
93
74
92
94
98
89
83
70
68
79
90
87
83
89
75
87
85
65
84
82
80
66
81
70
104
77
84
89
70
82
70
80
89
85
69
72
75
97
81
87
78
82
81
85
82
100
80
83
77
78
69
70
96
65
80
80
62
75
76
82
77
76
87
82
84
81
73
78
73
101
77
88
91
71
90
74
70
88
66
94
88
86
70
74
94
79
66
79
82
89
89
77
69
80
79
84
82
69
80
68
82
76
84
87
88
91
82
82
75
80
87
81
93
67
90
92
86
69
65
79
79
92
76
73
78
71
87
81
79
88
78
79
79
81
83
84
71
83
77
86
81
79
75
79
72
70
72
75
90
69
79
74
87
90
89
76
89
93
84
85
90
96
70
89
74
105
76
71
88
90
71
86
82
78
76
83
66
87
83
90
71
73
73
83
60
75
77
73
82
95
74
81
76
94
80
85
105
87
76
79
90
91
95
85
72
98
84
74
87
92
79
67
95
62
98
88
92
88
85
85
87
71
87
94
83
75
79
75
86
73
78
80
92
67
83
80
82
78
74
92
81
71
89
71
83
88
72
57
70
81
66
74
79
75
76
68
80
84
85
78
87
78
71
79
80
78
68
71
82
91
69
75
84
75
68
92
89
86
77
79
90
83
92
101
79
71
77
81
70
87
92
79
90
89
94
76
66
86
68
79
86
79
78
78
72
70
84
77
58
75
81
74
74
81
92
80
69
88
80
95
85
84
68
84
92
77
83
66
96
90
94
85
67
72
87
73
75
91
93
99
83
97
68
72
84
64
95
76
89
86
82
69
85
78
78
87
92
85
81
69
77
94
85
70
93
90
82
72
95
89
90
71
78
82
88
77
80
74
86
83
71
79
85
78
82
77
79
85
74
77
88
92
74
80
79
90
72
83
77
90
90
85
86
70
83
70
82
84
72
102
92
72
92
71
100
77
91
73
94
73
82
77
77
85
94
73
74
75
69
90
85
82
75
79
81
96
75
68
81
87
87
83
75
73
68
70
89
84
73
69
80
67
77
88
73
87
85
71
74
81
78
89
69
85
83
72
79
87
78
76
78
91
90
79
95
80
77
84
83
72
63
75
86
98
87
69
85
82
85
91
75
81
78
81
84
73
63
90
104
75
82
93
83
73
90
85
101
83
66
78
73
80
72
78
87
86
75
75
83
78
74
74
95
70
77
78
91
78
77
89
79
89
82
82
78
93
74
83
93
83
86
76
88
81
68
67
84
102
94
68
76
89
90
78
96
77
74
84
83
77
82
87
73
76
89
70
71
87
103
71
86
99
71
104
84
96
75
76
97
82
75
84
76
89
70
68
81
103
67
71
76
101
68
86
83
86
88
100
89
87
95
91
86
79
82
83
78
92
81
86
72
73
81
64
75
87
75
80
87
84
78
74
81
85
86
86
76
81
90
68
67
79
85
69
82
97
74
83
81
89
99
88
68
80
78
80
89
75
71
95
86
72
94
87
79
67
85
80
82
73
96
97
73
78
81
75
91
104
79
80
71
80
89
80
83
82
68
81
88
77
89
78
71
67
72
91
78
83
68
87
66
65
88
76
78
83
76
91
69
77
87
72
88
103
79
84
66
83
73
70
82
73
81
82
86
84
74
88
85
80
65
68
87
84
82
89
74
81
104
95
76
86
87
83
96
92
89
80
90
69
82
82
74
90
75
82
78
86
78
71
85
93
80
95
77
94
70
78
82
80
77
79
71
75
80
77
72
70
77
82
104
65
82
83
82
89
85
82
95
73
76
87
92
95
80
73
87
81
69
74
80
89
86
74
100
78
67
73
102
87
81
73
75
77
87
81
85
80
88
89
76
104
94
97
73
98
76
64
80
81
70
73
91
76
80
79
90
81
88
93
73
83
73
84
74
78
80
79
77
72
104
63
79
82
90
85
86
80
86
91
88
71
89
87
87
78
88
88
79
76
88
77
92
78
95
88
81
94
85
73
93
78
57
82
97
98
91
83
85
74
84
77
82
82
87
77
81
77
79
87
83
97
87
90
83
72
74
94
80
82
95
80
66
100
69
78
82
82
81
65
62
79
68
89
80
78
85
85
79
95
85
93
72
74
72
71
76
74
87
77
85
72
90
79
78
82
74
78
87
73
77
70
71
70
70
71
73
81
81
69
84
67
87
87
70
60
80
60
68
76
93
72
79
72
68
75
67
70
74
89
79
58
78
63
85
59
74
87
63
75
67
78
80
62
65
79
62
77
75
81
69
73
63
84
76
62
80
67
66
78
81
93
76
67
67
78
79
85
64
75
69
70
56
70
68
68
84
78
74
56
71
68
74
63
83
69
68
66
75
81
52
73
72
75
79
71
80
73
63
86
62
69
76
70
68
72
78
77
63
80
64
76
82
77
76
82
81
79
82
97
74
58
82
74
82
66
77
59
65
66
81
80
80
68
72
69
70
61
52
78
65
82
53
78
61
62
70
61
65
72
74
60
67
67
73
71
61
74
71
75
73
67
67
73
66
66
74
83
70
71
55
73
70
75
75
66
67
80
64
67
63
69
60
81
78
59
65
67
72
69
67
79
68
70
70
73
75
52
74
74
70
76
76
66
66
56
76
56
62
65
69
67
66
66
50
78
72
56
70
49
72
70
69
71
62
59
61
65
63
67
71
53
62
71
71
82
76
63
68
73
66
67
53
53
64
68
62
78
66
75
84
75
65
65
63
67
71
61
75
51
73
74
67
65
60
78
57
71
56
70
75
85
67
64
73
78
62
61
62
77
66
74
77
64
80
67
69
60
61
77
52
56
83
73
63
69
69
72
56
47
69
77
67
61
65
55
70
72
70
69
66
54
66
68
68
71
74
48
55
60
65
75
65
70
67
60
82
67
65
67
76
56
66
72
63
68
62
75
70
62
77
66
47
71
73
63
73
68
56
67
49
60
57
74
67
73
68
68
52
63
65
68
51
74
77
68
65
61
65
76
63
82
63
52
72
65
70
56
64
73
59
75
56
67
67
81
62
73
78
66
66
64
63
45
80
71
62
73
55
64
74
63
63
53
49
58
62
70
66
79
58
57
64
66
48
49
61
54
63
67
65
68
61
67
70
69
59
61
64
71
52
52
60
59
68
68
70
64
68
72
57
60
71
58
63
73
68
60
62
49
62
66
60
53
97
73
70
60
61
47
49
69
71
64
80
58
65
68
85
47
67
52
79
61
78
61
90
59
48
51
67
67
54
61
56
74
81
77
85
61
70
79
75
67
63
66
67
56
60
66
53
62
68
58
66
58
66
68
82
56
56
60
65
64
54
63
57
58
65
68
63
54
69
61
74
75
59
57
67
53
68
60
61
74
68
58
64
63
80
63
69
82
76
62
62
58
66
59
64
59
60
68
64
74
64
74
75
65
65
62
63
70
67
46
48
62
64
59
56
59
67
59
63
59
68
73
58
58
56
60
69
60
55
61
75
61
44
72
62
72
67
77
54
66
66
75
66
66
55
67
61
68
70
59
51
62
58
73
69
63
71
50
69
59
59
64
59
55
55
76
92
76
59
72
55
58
67
64
60
53
52
51
55
62
63
69
59
71
48
65
49
62
69
62
60
78
73
55
64
59
66
70
51
79
66
70
64
66
61
55
75
56
67
57
78
74
67
62
66
75
73
72
65
71
50
85
70
77
67
65
72
60
77
78
63
57
68
69
51
67
67
63
61
62
59
49
63
71
71
63
55
66
72
78
71
84
65
67
60
61
70
66
73
69
65
56
64
65
58
64
51
60
68
61
71
57
58
75
61
55
68
54
66
60
54
67
68
72
51
48
58
56
54
71
74
47
71
64
65
65
72
61
64
60
67
64
63
67
73
79
63
69
68
55
72
72
70
57
55
50
72
63
51
68
51
57
56
50
59
63
58
55
51
58
60
65
66
61
58
55
55
65
69
63
65
52
61
61
50
49
57
62
56
61
66
46
70
63
51
55
57
55
37
58
53
58
51
51
46
53
59
58
46
60
53
61
72
61
51
54
55
52
47
49
60
53
47
47
54
60
47
47
51
49
52
57
45
59
53
53
52
52
49
47
58
50
50
41
60
63
46
53
46
50
56
48
53
50
53
58
50
60
45
62
50
55
60
50
48
55
57
43
52
49
59
44
48
50
47
49
55
58
32
57
66
35
52
50
41
53
50
42
48
41
44
46
49
42
60
43
49
65
42
47
47
57
61
47
49
52
47
64
49
45
52
61
45
39
43
63
55
55
47
43
69
69
55
55
54
41
42
58
51
41
60
35
51
53
45
50
54
46
68
45
43
49
48
48
53
49
63
49
57
57
60
45
54
52
49
53
52
62
55
52
46
53
64
39
65
57
39
43
58
57
48
64
59
58
58
54
71
71
52
52
61
57
62
73
51
62
55
69
55
63
66
49
59
60
54
65
64
65
74
59
56
57
55
56
57
69
90
79
69
76
76
74
79
79
64
70
93
76
80
73
75
83
90
71
89
90
108
110
120
89
102
142
142
148
199
200
252
279
329
405
431
444
495
432
439
382
368
313
297
275
243
195
165
174
141
129
114
100
84
78
75
74
65
63
56
49
63
44
40
44
64
44
53
42
49
46
47
54
50
61
35
41
49
38
42
45
41
42
39
43
38
50
41
44
39
44
37
36
28
35
48
44
40
26
32
37
39
48
55
40
45
35
47
44
58
54
36
44
53
34
41
36
49
53
30
40
47
36
46
39
37
45
41
46
51
43
47
36
44
39
43
39
44
57
43
35
29
47
36
40
48
35
52
52
35
51
37
40
35
38
57
38
44
47
41
37
49
47
43
45
52
40
47
42
42
50
50
46
49
33
38
57
49
42
37
40
33
43
49
56
35
50
50
46
53
50
48
46
49
57
48
38
34
52
44
61
47
46
55
46
45
42
49
45
48
55
59
60
61
43
44
53
43
46
56
58
57
46
56
60
58
39
62
45
53
51
54
49
48
68
60
62
50
55
55
66
52
60
75
64
62
57
75
60
57
70
66
67
93
67
76
81
71
97
93
84
86
87
104
91
74
52
67
52
56
45
44
40
39
26
40
29
23
27
29
29
27
15
21
27
18
23
28
32
21
15
14
25
25
23
21
20
27
21
15
24
18
30
19
27
17
21
21
17
17
13
27
22
19
17
19
21
16
22
18
21
13
18
11
14
24
26
18
12
22
23
15
14
24
19
22
22
24
15
17
16
15
22
18
15
20
24
20
17
14
14
16
21
17
17
16
18
22
20
16
18
16
15
23
16
20
14
12
23
23
21
21
27
17
29
14
20
22
23
9
18
15
23
18
18
22
9
22
27
18
17
17
18
20
19
23
14
14
16
13
24
14
23
18
17
24
19
22
20
20
16
22
18
17
16
10
12
18
14
19
17
15
24
21
25
20
12
15
15
23
15
15
21
18
18
24
17
13
12
23
25
11
17
18
12
22
22
18
13
20
16
24
15
20
17
13
21
16
8
20
12
17
15
18
18
12
10
20
17
17
12
16
21
18
22
14
21
15
25
15
19
22
26
20
20
18
16
10
14
11
17
17
20
16
20
12
18
13
15
16
20
14
20
16
12
13
14
16
16
13
18
13
12
16
14
14
7
19
15
10
23
13
13
14
16
14
7
19
15
13
23
12
23
22
23
20
14
19
17
17
26
18
16
9
25
13
11
27
23
16
19
22
22
21
19
17
20
13
20
21
19
21
15
18
26
21
9
17
23
20
22
16
20
22
15
16
18
13
20
18
13
17
17
25
22
18
18
20
25
20
18
10
20
29
21
18
15
14
16
16
15
17
21
16
15
11
26
15
18
19
15
18
29
19
18
16
22
13
12
19
16
22
20
14
16
13
23
18
16
14
25
19
11
14
15
20
18
15
17
17
21
13
14
14
19
16
16
25
24
19
18
14
18
18
18
20
16
19
22
14
17
19
17
9
22
16
19
12
20
21
8
19
14
19
13
14
23
17
19
15
16
13
23
31
14
9
17
24
17
10
19
30
12
15
12
20
23
12
21
14
19
18
15
24
24
10
21
17
17
23
30
12
19
17
19
21
20
15
19
15
14
18
13
11
25
24
24
18
18
22
18
17
28
20
14
19
18
21
23
25
27
24
25
33
19
19
29
27
24
20
28
21
24
23
24
16
25
24
25
21
22
27
21
22
35
21
19
24
26
27
31
34
30
26
36
28
27
37
27
32
34
24
35
35
24
39
25
35
43
37
32
27
39
54
39
37
33
35
46
49
52
43
48
24
37
47
57
53
54
38
51
45
50
48
30
58
45
60
50
49
45
45
59
61
67
62
58
68
78
78
81
58
80
67
85
86
110
110
114
177
217
236
315
412
517
592
690
718
818
795
852
745
741
639
612
536
427
350
297
252
231
190
162
124
109
90
81
82
42
58
56
33
47
41
32
25
27
28
20
18
22
26
21
24
13
16
23
19
12
12
20
17
11
23
16
15
22
19
26
20
24
25
22
21
14
11
19
16
11
11
19
26
19
22
18
27
19
23
27
19
26
18
17
29
17
16
15
22
19
19
22
15
18
18
26
18
22
13
25
23
17
23
21
19
19
19
24
21
22
29
17
13
17
17
25
14
15
24
22
22
25
17
25
29
23
40
17
26
22
28
16
19
19
20
16
20
18
20
24
24
16
32
21
19
26
26
16
23
28
17
14
25
20
28
25
22
33
24
16
21
11
18
24
39
25
24
26
19
27
14
24
21
25
17
23
28
26
23
27
27
34
39
23
37
30
30
26
31
20
30
37
27
29
24
31
27
27
29
22
28
34
24
25
31
34
39
40
34
32
37
37
32
47
35
46
36
50
48
40
41
46
35
43
62
48
59
58
45
70
47
52
57
49
50
60
49
54
41
39
33
34
27
16
24
19
14
14
11
14
11
11
6
6
1
4
6
6
5
6
4
4
6
5
5
5
4
3
4
6
4
4
5
3
11
2
2
5
8
5
7
6
3
3
4
5
4
8
6
7
8
6
4
9
7
3
7
5
3
5
1
4
3
4
8
7
7
2
6
4
4
5
6
0
5
3
6
5
1
3
3
1
6
6
7
1
6
6
2
5
4
5
9
2
4
2
3
3
8
10
7
8
4
3
6
2
5
2
7
3
3
5
5
4
7
5
3
5
7
4
2
7
3
7
1
3
4
6
3
5
7
4
2
5
2
3
4
4
5
2
5
5
7
5
2
8
3
4
6
4
1
6
5
0
8
10
1
6
4
6
3
3
3
2
3
7
4
6
5
0
6
1
2
3
9
1
4
7
3
2
3
3
3
3
4
7
1
1
3
8
1
5
5
2
1
6
7
7
1
5
2
5
1
0
3
3
3
10
3
6
5
1
1
4
6
4
4
5
6
4
1
3
3
5
2
6
2
4
5
2
2
8
4
3
4
5
4
7
4
1
6
6
2
4
5
1
2
2
3
5
0
0
4
6
6
6
2
6
3
2
3
3
1
6
1
6
3
4
5
4
4
5
6
4
4
0
1
4
4
5
3
2
4
6
5
3
2
4
1
3
2
1
6
3
2
3
6
5
2
5
4
1
1
3
4
4
3
3
3
3
1
4
4
2
3
5
5
9
2
7
3
3
4
3
3
5
4
4
4
5
3
3
6
4
3
4
3
3
6
4
3
2
1
3
4
5
7
6
4
3
2
5
2
2
2
1
4
0
3
4
3
6
4
3
2
5
4
3
4
2
1
6
1
4
10
3
4
8
8
2
4
6
6
3
2
4
1
2
4
7
1
4
3
3
6
1
5
2
4
5
3
4
2
6
4
1
2
3
2
2
6
5
6
3
1
4
4
5
5
4
3
4
5
4
4
3
5
6
2
3
3
1
1
7
7
4
5
1
5
4
5
1
1
4
5
5
3
3
3
5
2
4
0
3
6
1
2
3
3
0
2
2
2
3
3
3
2
11
7
4
5
4
0
0
3
6
1
2
5
7
1
1
4
8
4
2
1
3
2
2
4
5
1
4
1
1
4
3
3
5
3
2
6
3
3
4
5
3
0
6
4
3
8
3
5
3
3
1
3
6
2
4
1
7
2
6
4
4
6
1
7
3
3
2
3
7
3
0
5
0
5
2
2
3
2
0
2
3
4
2
2
5
3
1
3
4
3
8
2
4
4
3
2
3
2
2
3
1
1
4
2
3
4
1
2
2
3
3
2
2
5
6
2
4
4
2
3
3
4
1
0
7
3
4
0
5
3
0
2
3
4
5
2
4
5
1
1
3
1
5
5
0
4
2
5
3
1
4
5
3
4
1
4
4
3
5
3
6
2
2
3
2
3
5
5
7
4
7
3
4
2
1
4
4
2
0
2
4
4
3
4
4
2
1
5
2
3
6
2
1
4
3
4
3
4
3
6
3
4
2
4
1
3
7
0
5
4
3
1
0
3
3
2
2
2
4
5
0
2
1
5
2
1
6
1
1
5
2
3
2
1
3
3
5
4
4
3
6
2
6
2
2
3
2
4
2
3
0
3
1
6
3
5
4
3
4
3
3
2
3
3
3
1
4
3
3
1
2
1
2
1
4
8
4
4
5
2
3
4
4
4
2
0
2
2
7
1
5
3
8
4
5
1
3
4
2
2
1
3
3
1
0
1
4
1
0
3
0
2
2
0
5
3
4
4
4
3
5
3
2
2
1
2
2
5
2
0
1
2
4
1
1
1
2
2
4
0
2
3
4
4
2
2
1
4
1
2
0
6
3
1
6
3
3
3
0
2
4
4
3
2
1
2
1
4
4
1
1
2
2
2
3
5
3
3
1
4
3
2
3
4
1
4
0
4
3
2
1
3
2
1
6
3
2
0
3
2
2
1
4
5
3
2
2
4
3
3
4
3
2
1
2
0
3
2
3
2
2
1
2
1
3
2
5
3
6
4
4
0
2
5
1
3
2
4
3
2
3
3
2
2
1
1
3
4
1
1
3
3
2
2
4
4
4
2
3
3
1
3
2
3
3
1
3
1
5
4
6
0
2
4
1
2
2
1
1
0
1
4
2
2
3
1
3
2
3
2
4
2
0
4
3
6
1
3
1
2
3
1
4
1
3
2
2
3
1
3
2
2
5
2
3
3
5
1
4
4
5
2
4
2
3
1
3
1
2
1
2
2
3
4
2
1
1
1
3
1
1
1
3
2
3
2
4
2
0
0
2
4
2
2
1
7
5
2
2
2
2
2
4
6
3
0
1
2
0
3
1
0
4
2
1
2
1
5
2
4
1
0
1
2
0
1
2
9
1
0
2
1
2
6
2
2
1
1
0
1
1
1
2
3
1
7
3
2
1
3
4
3
2
0
1
1
0
2
1
3
0
4
3
1
1
3
2
3
1
3
0
2
3
0
1
2
2
3
4
2
104
165
151
207
207
198
223
242
219
224
286
305
303
313
339
390
480
489
522
553
600
634
667
721
749
846
875
997
1073
1145
1291
1490
1426
1595
1768
1813
1881
2060
2210
2250
2420
2481
2590
2917
2920
3121
3344
3493
3657
3792
4033
4141
4231
4568
4827
4870
5085
5227
5669
5618
5916
6020
6265
6507
6779
6999
7154
7538
7720
7925
7916
8346
8699
8943
9283
9643
9860
9992
10503
10752
11229
11491
11646
12169
12771
12968
13530
13778
14455
14877
15470
16229
16686
17522
18408
19304
20323
21446
22567
23713
25457
27593
30583
37489
50333
77978
131714
227902
367138
527326
656560
717635
692106
602344
492699
393825
319010
267127
226846
195310
168789
147466
129055
114675
103483
95525
88508
83617
