0
0
0
0
0
0
0
0
0
0
0
0
0
0
0
0
0
0
0
0
0
0
0
0
0
0
0
0
0
0
0
0
0
0
0
0
0
0
0
0
0
0
2
1
0
0
0
0
1
5
0
2
0
3
3
2
2
4
4
4
4
3
7
2
1
5
0
4
5
3
9
4
7
4
6
12
11
12
9
9
13
14
25
38
22
47
49
44
56
65
78
85
128
164
141
174
234
265
262
331
407
458
560
740
790
938
1274
1197
1117
900
757
614
429
187
73
89
104
103
101
138
141
138
175
205
216
238
282
259
299
335
365
343
410
400
389
377
375
379
321
246
244
231
161
173
128
159
183
202
185
236
250
285
252
284
308
394
337
341
283
295
247
232
203
209
184
189
204
224
244
275
296
267
296
288
307
304
306
250
247
246
233
181
209
205
241
230
244
295
264
293
262
303
267
255
208
207
224
202
234
235
223
281
256
288
264
302
276
225
214
234
231
220
220
225
256
250
259
271
259
249
231
237
250
227
195
240
250
206
229
217
265
266
262
234
271
261
282
240
233
262
245
218
207
233
264
234
236
255
249
250
254
263
251
253
267
239
245
241
269
236
240
236
227
265
252
271
253
242
255
256
262
248
244
237
259
274
246
265
237
264
242
260
239
245
245
260
241
264
245
280
272
258
268
267
248
234
258
261
259
271
267
256
243
284
261
265
272
269
215
281
277
257
270
275
262
237
251
258
308
260
244
253
258
258
255
262
224
253
236
263
276
263
302
246
236
280
244
247
253
261
260
259
285
275
241
245
265
244
269
284
267
278
267
272
269
244
263
273
259
267
252
258
253
254
257
273
244
290
259
291
274
278
268
259
277
227
263
267
270
259
252
262
294
261
281
274
273
252
262
280
254
245
272
244
267
291
244
272
279
270
286
267
266
279
239
256
272
267
257
241
261
255
273
300
237
252
263
272
275
282
270
256
257
236
241
267
271
260
258
249
264
269
244
249
253
257
279
255
279
291
276
244
268
267
291
265
279
257
229
259
255
270
281
276
249
249
270
264
258
266
245
257
265
240
240
282
260
240
240
268
246
262
262
242
276
276
248
246
246
258
244
267
252
265
233
275
245
274
266
252
268
259
261
268
280
226
281
267
238
229
256
266
227
250
252
270
257
232
246
280
244
247
254
253
286
256
263
277
248
298
261
254
243
265
235
261
266
271
258
258
247
249
257
288
281
256
280
249
257
257
259
268
259
262
238
248
258
251
259
256
285
266
274
230
244
285
251
245
275
248
228
252
218
244
268
256
253
266
251
262
242
249
266
263
246
257
233
257
253
236
280
257
266
258
222
261
262
236
283
258
273
244
282
248
236
231
255
262
249
264
243
257
229
248
253
291
271
269
244
256
226
233
251
237
285
251
255
241
267
235
235
234
263
254
240
253
245
233
264
258
243
239
267
247
223
208
233
254
233
251
262
255
259
269
257
248
248
226
241
227
237
261
290
253
251
267
264
221
234
238
260
249
263
241
229
261
220
259
226
230
272
211
237
244
255
287
256
234
249
224
250
241
245
254
271
256
214
223
264
255
222
254
250
240
253
254
241
242
268
206
245
234
243
236
207
236
240
242
241
250
225
244
251
221
205
239
250
236
247
247
228
256
235
252
219
250
236
236
240
215
259
254
206
223
237
233
268
238
237
217
235
240
245
240
250
229
207
218
220
232
252
242
219
223
225
221
230
240
231
219
228
216
227
247
217
260
260
227
235
221
227
222
245
253
216
201
229
227
220
235
237
237
229
221
228
232
226
249
202
212
229
242
232
240
232
225
222
258
232
220
181
216
232
231
218
243
229
286
252
214
230
230
245
269
234
241
211
201
210
206
208
245
240
230
248
247
213
235
249
197
228
215
231
225
232
221
202
205
205
227
242
213
232
242
235
225
236
230
250
227
224
218
227
235
199
235
239
237
220
220
250
212
223
244
205
240
254
235
193
219
211
214
212
247
217
220
243
239
215
215
236
246
232
200
203
225
207
219
221
207
229
216
241
203
199
210
247
187
245
226
211
227
235
239
255
239
210
206
227
225
215
215
243
228
233
226
244
199
220
232
204
224
237
218
221
208
229
240
251
233
234
208
236
223
214
245
215
240
220
242
229
241
235
224
233
242
226
224
217
214
233
221
219
221
254
250
256
208
226
243
245
235
234
217
246
191
240
227
231
275
216
242
238
239
234
238
262
257
248
275
254
278
256
270
272
284
260
254
292
294
279
290
295
281
326
324
323
327
277
321
285
323
295
277
319
294
292
304
303
301
343
314
309
305
310
305
282
311
314
311
318
285
267
260
264
288
291
295
254
297
270
268
302
288
283
260
247
266
305
243
282
252
262
255
297
254
249
253
230
253
231
233
247
253
228
222
243
232
213
213
250
237
200
253
233
226
232
241
223
234
225
219
246
222
199
205
206
221
217
208
230
228
219
212
234
242
204
204
238
222
222
201
169
214
233
229
232
208
220
206
215
206
212
218
218
177
203
207
231
225
181
202
227
214
178
196
235
200
199
205
200
215
236
225
219
212
227
235
251
234
255
262
221
239
234
213
211
205
194
174
209
186
215
220
191
210
220
222
247
225
225
224
202
207
200
229
202
207
196
205
198
198
206
175
214
210
176
208
235
195
199
181
192
185
194
210
215
207
196
188
192
233
179
205
196
203
184
197
183
196
168
206
192
208
191
206
183
210
180
198
189
207
200
190
177
214
194
183
207
186
193
213
211
175
208
210
197
188
183
213
215
176
193
200
212
210
200
199
200
160
191
189
190
180
203
190
194
193
178
164
197
193
167
169
171
188
190
186
189
208
184
202
196
204
180
163
176
193
170
162
179
177
182
191
176
199
186
194
194
188
199
194
191
184
178
163
184
205
194
184
199
183
188
178
195
190
195
196
203
187
196
179
179
191
197
199
167
181
177
186
210
178
192
183
205
178
184
192
175
182
181
184
187
195
181
182
182
178
173
183
197
196
184
202
171
223
189
189
164
171
179
166
192
185
162
180
179
199
199
151
167
185
175
181
178
177
194
194
178
191
165
182
196
183
193
187
187
175
170
193
177
199
167
173
184
177
168
171
179
207
179
186
150
186
178
162
165
170
177
171
178
166
183
170
194
189
190
188
185
166
166
173
172
180
182
189
187
177
189
167
206
189
175
174
179
172
161
204
187
176
173
197
178
185
159
188
183
192
193
204
197
189
179
200
182
167
193
189
156
177
184
194
193
175
192
171
171
182
172
183
169
182
184
152
161
202
163
187
212
160
169
184
178
162
151
176
156
155
157
188
171
162
153
171
183
183
178
192
168
174
157
186
163
164
169
166
201
189
179
161
164
185
176
172
163
164
175
178
171
191
163
184
172
184
208
189
200
209
220
202
195
195
190
179
187
189
178
190
158
163
142
148
171
172
167
182
175
148
182
190
158
187
190
137
167
158
194
155
161
178
188
148
184
176
161
200
161
182
176
148
158
161
189
192
179
166
169
185
166
163
180
175
152
168
160
175
163
172
151
182
175
154
172
165
183
158
174
158
166
154
166
162
150
172
158
167
161
166
158
160
161
173
170
175
164
191
167
148
167
179
168
169
169
174
172
150
177
176
171
191
152
179
155
163
164
195
185
164
177
150
188
147
162
180
164
163
179
136
177
158
172
166
193
182
181
174
158
177
170
174
158
160
135
179
185
153
179
164
184
199
175
162
171
147
159
173
152
154
174
194
155
148
179
154
162
173
152
160
153
167
148
182
173
148
156
140
181
186
163
155
166
128
186
172
166
168
192
183
153
173
171
172
185
161
183
154
168
190
172
161
170
176
156
152
169
185
171
159
178
172
165
193
176
168
162
190
201
187
190
175
156
180
185
150
152
153
164
157
160
160
152
165
140
166
148
151
177
181
162
150
156
160
178
175
178
154
151
150
150
168
152
192
150
156
158
172
149
171
170
150
176
160
150
148
138
161
152
168
159
160
160
146
151
161
154
141
148
156
148
153
190
151
172
150
152
162
160
143
164
169
145
139
154
159
183
174
165
198
148
157
152
147
158
160
147
168
162
157
165
151
138
145
163
131
150
151
158
159
165
153
153
167
170
180
139
155
145
172
149
133
149
150
166
159
157
173
148
137
145
166
166
145
163
144
196
159
153
161
175
138
129
160
165
183
154
152
161
130
157
155
163
152
145
152
143
169
153
163
160
139
161
162
152
152
177
164
152
158
159
153
161
161
166
150
138
148
158
150
148
179
142
167
155
169
168
155
160
167
146
173
173
143
151
151
166
157
161
150
147
143
151
150
148
140
149
170
146
136
140
166
175
176
157
150
156
157
132
145
138
173
157
153
167
142
174
140
169
153
162
162
141
140
161
161
140
147
147
155
168
161
145
155
148
154
176
127
142
166
145
166
155
148
154
157
167
159
155
169
162
164
150
144
163
146
155
170
164
154
150
150
140
153
147
166
159
154
143
162
156
154
156
166
141
137
174
154
130
132
148
141
157
143
144
156
133
142
173
152
160
144
149
175
152
141
146
145
139
160
158
145
173
166
175
177
142
157
169
160
156
154
163
127
145
151
147
131
138
121
145
176
163
155
148
176
147
146
162
148
165
150
159
164
123
146
144
145
138
149
151
152
141
162
161
130
164
142
168
147
166
170
167
150
144
141
165
161
172
159
141
129
143
175
133
137
146
142
152
157
186
156
147
153
133
171
157
159
147
141
153
166
141
153
156
129
144
129
146
163
134
165
156
126
150
141
130
135
153
148
143
174
172
137
150
167
138
152
137
164
167
169
139
129
169
163
136
139
155
160
147
170
145
143
149
148
151
146
155
157
159
147
138
160
151
151
156
148
168
158
160
136
142
121
159
175
146
140
121
132
143
162
147
148
145
150
166
158
177
164
159
135
145
136
159
118
143
137
132
145
139
164
157
145
178
145
173
142
146
149
133
164
138
150
135
144
151
130
159
149
146
142
141
155
153
164
146
128
125
141
134
129
139
131
157
147
144
164
138
143
146
160
133
148
138
162
123
137
141
123
139
136
161
149
151
150
132
149
134
143
159
135
146
141
125
123
133
163
140
163
164
158
140
157
140
128
142
137
129
142
156
163
140
151
139
173
137
119
139
129
138
158
166
156
144
157
148
127
148
154
150
147
161
133
164
136
127
130
147
136
148
142
143
142
139
167
135
147
140
134
149
159
137
110
156
146
138
141
139
132
130
144
157
163
152
126
130
161
160
131
143
150
159
146
136
152
141
139
146
158
167
151
137
145
147
142
132
125
143
162
157
151
140
121
152
143
158
120
157
143
113
139
145
156
154
161
136
155
142
135
137
164
131
132
123
148
129
135
165
126
149
130
146
143
147
144
126
141
142
140
130
149
167
127
123
162
144
159
137
138
145
148
136
125
133
151
135
147
163
139
162
139
127
146
149
131
155
124
171
143
150
143
141
146
173
156
150
127
143
143
145
165
110
139
142
146
131
145
149
154
137
126
146
126
151
137
119
141
187
140
144
152
149
151
149
127
107
142
144
155
143
138
131
143
140
126
157
133
127
141
129
138
157
123
141
151
148
131
136
151
131
146
135
153
123
138
141
154
146
134
136
132
135
161
152
131
153
131
128
145
158
155
149
127
135
130
136
133
144
129
146
142
147
137
136
137
138
128
143
132
145
142
144
133
141
135
145
176
154
168
175
177
140
140
150
155
149
139
161
154
167
142
156
152
129
142
145
142
145
111
137
156
149
126
129
151
144
134
157
143
139
150
146
145
149
153
140
154
132
166
141
150
160
153
147
155
160
142
146
137
160
141
148
142
149
120
134
137
153
132
155
143
146
143
141
146
145
137
151
148
152
140
141
126
155
135
140
132
122
177
135
130
135
142
148
141
121
138
136
142
150
151
130
153
139
137
137
138
145
137
123
155
112
146
154
139
154
168
132
139
154
158
139
155
144
153
111
146
173
158
139
149
118
135
130
140
160
146
158
136
143
146
135
151
157
137
145
150
141
145
141
151
129
139
142
139
134
130
136
131
129
158
143
136
144
136
159
134
134
149
137
152
137
133
132
135
137
131
129
163
128
150
142
140
137
137
133
130
137
137
159
137
132
128
116
139
152
147
143
149
130
131
119
130
158
147
138
150
136
149
119
130
174
148
127
134
150
139
137
119
134
127
143
125
164
140
142
154
144
151
138
129
146
139
134
116
145
129
136
149
138
112
126
147
119
162
124
144
134
156
134
125
132
143
129
146
124
146
136
149
144
148
146
154
156
139
154
129
149
134
129
141
126
157
135
131
153
134
159
155
113
131
136
141
146
152
144
141
132
141
134
123
149
163
141
143
158
129
131
134
138
147
145
148
142
139
158
141
151
118
148
134
133
121
153
140
149
132
132
143
136
156
149
130
134
129
132
138
150
150
139
152
141
141
134
141
119
140
152
137
159
135
121
126
148
148
132
149
155
124
142
157
139
151
147
156
159
130
133
146
128
136
111
158
162
130
141
146
130
142
155
133
141
123
141
145
152
165
145
145
167
136
155
152
164
148
159
127
121
142
145
142
138
121
167
161
180
131
156
113
139
132
143
142
149
112
160
151
115
152
123
150
145
135
146
136
154
141
147
162
141
127
150
140
135
175
129
156
159
149
137
135
151
149
149
132
141
138
144
140
155
157
136
144
142
133
141
149
135
118
126
144
138
125
139
120
126
137
150
120
145
138
139
154
158
147
145
137
118
159
144
146
165
138
143
139
148
155
151
147
151
153
159
150
139
116
144
129
156
151
142
144
148
129
147
143
144
133
152
150
128
139
146
148
155
157
138
151
135
160
148
159
168
173
168
164
157
150
152
150
157
128
168
131
162
169
135
141
147
142
151
141
129
150
142
159
151
148
147
139
143
138
142
164
139
129
153
145
136
124
148
149
149
138
134
158
123
126
147
160
150
154
143
147
120
117
151
124
158
153
135
129
138
162
156
150
135
131
145
138
144
150
168
133
136
126
161
157
153
135
133
131
144
123
144
149
146
137
138
138
175
142
136
155
150
131
142
158
149
163
158
163
125
147
147
110
149
141
156
128
154
146
159
143
143
134
174
141
154
139
141
144
157
146
130
121
150
142
140
140
176
140
132
122
151
142
143
141
150
143
125
166
130
155
151
149
145
145
149
142
162
131
149
144
143
149
129
142
142
143
132
156
123
165
137
120
139
146
143
136
140
169
156
139
135
148
126
143
134
130
165
128
145
128
130
138
129
142
143
124
135
114
151
151
142
149
149
138
144
135
146
145
150
151
155
145
138
156
152
139
168
137
143
139
163
146
153
148
150
134
149
142
151
125
181
138
166
127
136
133
138
152
158
169
163
141
164
147
135
176
151
160
154
143
148
151
152
136
127
151
162
142
169
128
146
158
153
159
152
135
125
159
125
140
137
135
139
141
176
122
150
149
146
146
169
135
166
134
129
153
131
150
160
139
128
149
153
135
132
141
144
147
146
142
145
154
153
127
145
140
166
142
136
152
151
128
128
137
127
155
140
131
142
136
136
146
161
129
129
140
134
165
147
144
137
131
120
150
144
129
157
170
140
135
121
175
151
140
151
130
150
162
151
148
154
137
169
138
146
148
138
137
129
157
176
131
147
163
138
158
153
146
137
134
135
133
117
147
140
179
156
125
174
154
170
152
135
135
153
152
146
155
149
127
128
129
166
167
139
164
161
143
139
156
157
142
151
146
164
167
126
153
157
163
135
139
145
138
174
133
135
145
134
135
154
150
147
140
151
163
160
164
150
130
153
144
139
129
147
148
160
155
175
155
166
156
168
170
166
124
176
145
144
147
130
144
153
143
154
149
154
165
166
159
159
130
124
132
177
141
166
126
162
138
145
169
146
156
149
124
166
167
155
180
118
159
145
180
156
125
154
151
133
163
162
150
142
133
145
148
144
159
147
135
137
154
134
165
138
140
137
171
145
160
161
142
145
168
145
131
148
160
156
153
149
167
149
165
152
150
147
144
155
144
167
143
147
155
152
132
142
163
185
156
134
152
118
154
158
166
154
167
139
136
160
148
144
149
139
162
156
135
156
163
168
179
151
163
153
143
146
158
150
164
173
149
160
138
154
146
157
150
148
149
147
153
134
146
151
150
159
157
163
151
147
139
176
176
161
137
158
151
144
140
158
179
149
134
145
169
151
144
149
162
152
164
145
151
160
178
155
153
165
150
148
153
170
160
164
153
144
158
175
140
158
117
146
163
165
170
178
168
158
128
155
166
158
144
140
150
178
151
140
164
175
151
169
165
152
146
136
145
157
141
154
166
165
162
156
161
163
155
145
150
173
166
147
132
138
122
163
153
178
153
157
148
186
151
162
153
156
142
163
157
151
167
161
153
166
158
161
139
174
170
183
176
136
147
147
128
146
155
172
158
163
145
143
160
148
165
149
155
135
166
132
159
157
139
164
167
151
143
140
177
151
175
172
183
161
144
166
163
149
147
155
147
142
145
155
164
164
166
179
159
152
147
165
182
166
122
160
167
167
170
169
151
171
158
154
189
153
163
160
161
165
151
174
179
156
165
144
149
158
147
165
146
157
169
151
162
159
147
160
164
140
150
161
179
162
203
164
164
136
185
169
151
160
145
155
174
176
126
172
161
166
158
154
158
181
168
198
145
168
171
167
173
154
157
179
162
170
160
165
184
144
173
155
159
159
198
168
170
177
185
178
153
165
154
170
174
153
152
171
161
156
156
179
167
151
155
167
178
179
155
147
137
186
152
143
158
167
171
158
161
171
170
161
159
175
173
175
145
159
187
173
185
162
183
147
176
137
171
169
159
151
150
158
169
153
191
154
161
190
164
156
164
180
166
187
175
166
163
176
158
173
157
154
161
151
170
169
192
155
175
177
183
174
187
143
182
157
178
167
168
146
151
183
168
188
166
171
189
170
180
180
165
163
167
180
165
164
172
156
189
171
150
185
195
178
175
189
155
150
156
201
180
189
173
168
180
161
174
164
162
147
180
162
147
165
182
173
159
188
183
179
178
163
175
175
160
160
161
161
179
146
171
174
169
160
164
179
166
141
180
179
174
183
151
159
155
161
184
172
176
149
167
176
163
184
167
188
160
175
178
187
152
195
172
169
154
186
179
186
177
162
164
191
172
194
168
189
186
160
179
197
168
162
189
169
188
172
182
182
187
169
166
145
176
169
157
184
163
188
177
159
196
194
190
186
190
199
182
189
184
166
169
155
179
190
171
166
169
169
176
181
179
191
188
184
175
202
180
192
193
176
204
195
185
187
187
196
202
206
191
184
151
161
193
172
178
199
164
146
194
162
177
191
183
187
160
209
172
169
187
185
177
179
186
177
175
192
193
179
179
164
187
164
196
176
172
191
184
184
174
167
202
174
202
186
195
172
181
197
187
190
191
185
204
162
187
202
184
192
193
190
172
184
193
164
194
173
187
175
194
170
184
197
191
205
207
188
157
179
175
198
199
179
202
174
180
187
202
199
182
176
180
188
154
197
179
182
186
171
172
188
169
184
191
188
183
209
179
210
173
183
187
195
187
194
199
191
160
173
194
201
188
160
171
192
182
202
168
207
190
187
177
189
196
203
181
180
171
195
175
175
195
187
189
221
216
192
188
199
192
190
168
192
201
171
180
174
197
176
178
182
195
195
177
194
201
187
190
191
171
182
187
193
187
203
203
186
175
186
190
175
199
221
194
205
191
199
197
198
227
202
191
207
192
209
193
196
190
193
178
193
188
201
187
215
213
195
197
183
195
212
203
181
197
204
208
192
216
189
195
200
202
184
204
199
211
219
195
182
205
211
199
178
203
205
185
202
205
211
205
190
219
200
199
207
185
202
234
216
178
205
196
226
200
183
208
196
206
187
188
209
216
190
182
176
221
191
211
232
194
223
204
207
195
200
201
221
203
205
200
184
204
220
200
194
200
191
206
202
212
199
217
217
180
217
195
186
226
203
213
218
227
171
199
220
183
235
225
220
191
219
189
222
208
214
225
210
216
228
201
185
201
210
207
177
206
182
187
207
215
220
218
198
212
215
204
217
216
220
214
239
200
203
194
200
219
195
191
202
216
174
237
232
209
218
216
222
197
221
197
208
236
245
233
195
197
233
220
222
214
207
230
218
176
185
217
227
216
229
247
228
206
224
202
215
219
216
230
227
200
211
221
213
212
214
222
224
221
250
234
230
228
195
243
207
231
206
198
220
228
209
203
209
221
221
204
217
212
216
222
251
228
234
206
213
222
230
252
224
236
228
242
226
221
222
222
234
217
222
190
212
222
228
232
240
229
226
245
234
224
259
247
217
242
230
230
232
244
228
204
210
255
248
227
242
234
247
217
246
210
248
227
236
240
227
245
219
254
211
206
227
218
234
240
228
245
255
255
226
223
221
229
246
236
240
230
219
236
214
217
231
224
244
245
226
226
244
226
243
253
258
248
211
257
222
237
237
246
241
217
245
264
255
223
220
233
219
231
245
231
212
236
235
238
256
234
242
223
236
217
250
265
244
255
259
247
246
217
266
232
235
240
234
218
268
243
242
232
266
234
292
230
240
269
230
253
233
246
256
224
251
236
229
224
229
253
228
247
247
287
245
274
246
246
252
253
245
281
258
254
248
268
230
259
211
277
241
265
244
251
261
220
272
243
248
265
245
250
238
241
269
267
248
268
269
253
279
255
227
262
237
269
274
252
269
231
279
248
237
224
234
246
267
265
250
234
227
268
255
262
240
273
278
230
236
269
226
270
265
254
244
227
284
231
242
234
244
259
260
237
259
245
232
236
250
259
279
263
259
264
249
255
255
258
270
229
223
256
216
249
222
264
244
224
237
283
241
233
290
255
260
240
259
211
247
222
243
244
225
234
257
240
242
236
230
217
249
247
230
211
223
232
210
213
209
214
236
204
220
230
209
246
225
222
232
233
213
219
217
209
211
210
222
206
203
222
222
208
171
191
204
184
202
207
224
195
165
204
179
207
224
218
163
198
218
195
200
195
177
204
177
174
201
201
194
186
182
199
182
195
184
189
176
203
195
208
207
185
203
191
174
179
145
185
215
199
171
175
187
196
197
162
193
176
186
201
190
179
188
172
185
199
191
180
166
158
206
181
211
202
171
184
168
189
171
181
199
186
183
190
195
202
198
180
196
175
188
176
172
184
172
170
174
174
211
187
187
171
194
169
191
207
190
180
175
202
170
170
192
208
186
179
169
168
182
158
183
159
175
159
188
200
184
170
192
170
188
174
158
182
201
176
198
201
179
189
164
183
201
187
191
186
163
176
190
179
201
149
184
189
178
179
180
170
168
188
169
178
165
181
205
156
197
181
183
190
176
186
174
184
175
192
172
183
180
198
185
158
185
174
160
173
150
175
182
179
155
192
189
161
181
193
183
149
172
200
191
152
193
187
171
179
184
173
189
160
178
193
191
153
170
181
188
182
171
182
173
192
177
184
200
174
160
170
166
171
196
177
184
188
182
160
206
171
183
181
156
165
188
177
180
157
164
179
176
179
175
171
166
167
180
162
161
155
167
177
176
170
161
171
163
183
181
179
177
205
172
175
158
183
192
162
199
193
171
180
158
171
156
174
157
169
146
173
165
167
171
198
164
157
183
177
161
166
152
191
172
171
184
161
162
180
174
173
202
175
189
164
169
172
160
202
158
174
183
173
162
145
161
173
163
158
168
156
160
162
162
164
148
164
201
166
150
188
179
161
167
168
183
172
158
159
162
179
185
164
159
157
179
178
153
155
185
181
162
159
176
175
152
171
177
155
162
163
173
153
153
186
182
180
163
161
159
185
151
180
145
155
160
174
159
188
146
165
171
179
172
161
162
156
148
151
145
157
163
162
176
159
152
168
167
170
183
200
157
154
171
161
163
174
169
172
178
170
178
165
157
159
143
132
151
145
180
149
157
167
138
158
163
171
167
182
145
182
154
156
160
151
161
148
142
157
177
162
157
137
165
139
161
172
154
157
185
165
176
162
145
176
168
155
168
153
167
162
184
169
140
172
182
179
154
142
144
145
155
166
145
129
145
153
158
179
161
175
165
165
147
156
153
132
166
154
149
143
160
139
158
154
170
173
186
141
172
167
174
152
155
152
163
162
175
145
144
168
176
169
168
192
176
178
169
166
149
165
171
154
142
153
154
163
164
165
157
143
174
156
175
169
159
145
158
156
173
161
151
167
160
169
170
160
180
181
178
148
142
160
167
148
159
143
153
168
185
176
172
150
176
143
203
148
174
157
173
190
170
171
154
156
153
173
174
172
172
162
153
160
153
161
151
155
176
166
165
168
151
155
170
172
152
156
189
160
161
169
174
162
164
170
154
177
157
177
145
167
170
162
175
162
197
163
166
152
181
187
134
189
152
163
173
152
166
170
161
141
148
149
186
164
160
143
169
165
163
175
167
149
190
169
179
170
154
160
150
154
145
140
189
165
144
164
178
160
151
167
149
162
176
178
186
167
149
146
143
138
175
152
168
153
176
198
156
148
153
168
160
164
164
146
149
159
155
181
150
163
156
164
141
185
157
150
189
142
169
180
151
162
171
161
167
165
143
179
149
157
158
154
194
161
176
158
143
167
145
141
153
177
158
142
152
175
173
151
181
151
160
161
134
141
153
170
169
164
160
157
136
195
146
148
159
144
150
182
158
139
162
134
131
129
126
145
136
135
128
121
131
127
145
122
121
149
148
136
150
125
119
123
118
123
106
122
109
131
120
110
107
89
138
101
116
130
114
124
117
111
137
142
113
100
118
126
121
106
106
119
95
123
115
94
111
118
105
97
107
114
89
101
117
117
120
98
104
109
122
111
91
124
125
117
98
102
117
102
99
117
112
107
111
103
91
107
108
90
111
97
97
87
94
111
104
94
111
100
109
94
92
108
99
92
106
115
99
107
103
104
96
102
86
96
95
79
91
98
92
92
83
108
87
97
90
95
101
86
99
109
95
89
80
112
102
87
92
84
112
121
101
106
81
81
80
92
95
88
108
80
84
96
109
100
93
76
81
87
78
99
94
105
109
89
88
97
91
102
107
103
108
84
69
87
94
99
103
98
96
86
78
100
92
95
92
102
112
101
79
108
95
103
105
103
106
94
110
96
96
108
117
117
123
101
105
87
97
105
114
125
104
93
114
118
126
108
101
115
101
135
115
114
117
104
114
116
113
139
118
104
104
113
119
122
120
128
136
125
151
125
117
115
138
137
138
118
126
145
140
142
122
157
149
137
140
157
126
152
157
154
146
138
150
159
160
176
162
180
206
192
174
180
201
216
191
250
263
340
405
612
937
1401
2137
3196
4319
5478
6705
7545
7735
7758
7237
6276
5283
4214
3409
2547
1920
1401
1116
836
672
548
446
346
282
240
205
151
150
115
102
94
101
66
73
59
70
66
70
77
69
61
70
63
60
60
54
50
67
63
69
63
55
60
55
63
68
52
54
56
47
53
65
62
66
55
61
54
58
56
50
54
69
67
47
52
48
56
61
58
60
65
52
62
48
41
69
53
47
45
48
40
57
52
70
54
58
52
52
52
46
60
50
50
66
55
58
56
45
66
59
64
54
51
51
57
58
49
61
50
44
45
49
53
46
50
45
46
46
45
66
46
62
60
50
43
49
47
56
40
50
58
49
54
49
39
50
50
49
58
46
44
46
47
49
54
46
56
43
43
38
45
38
42
38
41
37
44
40
42
41
38
45
48
43
38
44
55
53
39
38
40
37
38
41
39
47
43
39
34
42
42
41
41
42
30
36
38
43
43
54
37
46
39
46
42
37
36
28
34
38
34
24
33
48
30
40
40
46
41
37
30
37
26
39
31
28
38
34
35
38
36
28
32
40
30
32
30
33
38
37
39
31
29
27
31
35
30
35
31
31
38
34
30
36
32
36
37
22
38
35
40
39
24
33
30
19
22
28
36
32
33
31
36
25
32
21
33
35
25
31
34
27
32
22
28
34
33
32
33
22
30
37
32
30
34
39
28
17
26
31
26
20
31
30
17
27
24
28
29
19
23
34
20
30
29
25
27
18
20
34
22
23
23
22
33
28
30
21
21
24
29
25
23
29
26
29
33
27
30
34
22
23
24
28
23
24
24
24
17
28
24
25
29
26
28
18
24
25
24
19
35
23
16
21
18
16
30
26
19
23
17
17
25
14
33
24
26
23
23
20
26
25
17
23
25
22
17
20
22
33
23
20
24
12
17
21
20
21
24
23
23
29
17
15
23
18
20
20
26
12
23
21
18
24
24
26
29
24
18
25
27
21
16
21
23
18
20
17
21
23
18
17
19
20
18
24
19
15
11
16
23
22
20
16
22
18
20
20
17
19
17
18
21
14
17
14
18
15
14
18
29
21
21
17
18
17
16
17
20
20
18
23
12
13
15
20
24
23
16
15
16
13
20
15
21
24
13
14
25
18
12
17
24
18
20
25
21
15
16
23
22
17
16
18
15
17
21
25
13
19
17
15
15
22
12
17
16
14
26
25
21
12
20
15
16
16
17
27
20
24
23
13
20
14
13
18
18
16
14
15
21
16
12
19
23
21
22
23
16
10
28
22
16
19
19
17
13
20
19
20
14
18
24
21
14
16
17
20
12
17
25
10
15
18
18
14
16
21
17
17
12
26
18
17
19
15
14
21
24
17
19
14
17
17
15
10
24
18
15
25
14
12
16
18
18
20
15
13
16
15
9
18
7
20
13
21
18
17
18
14
25
17
21
19
16
18
9
10
15
18
15
20
19
15
13
22
19
17
23
16
17
10
18
22
15
16
14
16
21
15
14
11
13
15
7
21
24
12
11
18
20
11
17
15
13
13
14
23
14
16
18
10
10
23
15
21
16
17
16
16
21
19
19
15
17
15
23
14
16
21
18
21
14
21
16
19
18
21
15
13
21
19
17
20
21
16
20
13
13
31
14
17
18
19
17
26
32
26
19
21
29
29
25
26
26
27
25
18
28
25
30
32
29
26
24
27
30
33
29
29
43
38
42
33
33
32
35
51
44
54
51
51
47
47
46
47
41
60
44
63
48
58
50
60
67
54
58
49
44
57
67
51
67
60
70
67
70
66
70
73
72
70
60
85
71
72
73
79
88
91
88
91
71
70
90
103
112
107
119
92
110
125
129
136
167
211
271
416
657
970
1545
2209
3144
4103
5247
5957
6624
6738
6716
6148
5529
4550
3463
2860
2071
1601
1230
934
727
578
395
310
244
198
165
106
92
67
51
40
30
29
31
17
15
17
17
13
16
6
7
10
7
3
6
13
7
6
7
11
4
5
5
1
6
9
3
6
5
5
7
10
7
8
5
4
7
8
4
7
7
8
4
9
5
4
6
4
2
6
8
6
4
2
6
7
3
6
3
3
5
6
4
5
3
5
4
8
2
4
1
8
2
4
4
4
5
2
3
4
2
3
5
7
4
3
3
5
4
2
6
5
1
5
3
2
4
1
6
2
2
1
4
1
3
5
4
4
4
9
4
4
6
6
2
3
2
4
6
3
3
1
3
2
3
8
8
5
1
8
4
1
6
2
1
4
3
5
6
4
6
4
5
5
6
4
7
3
6
5
3
5
3
4
1
5
3
3
6
4
5
4
6
4
9
5
2
4
2
1
4
7
3
3
2
5
2
4
3
3
4
7
4
2
2
4
4
4
6
5
3
4
8
5
3
2
3
5
5
6
6
2
1
3
9
10
5
7
4
4
5
5
7
8
1
3
5
0
3
2
3
2
2
4
2
4
4
3
6
3
2
2
0
2
2
6
3
6
5
3
3
5
1
6
6
2
7
3
4
2
5
3
6
1
3
2
3
3
7
2
4
4
5
1
7
3
2
7
4
2
1
4
3
4
8
5
9
5
6
1
7
5
4
3
5
3
5
2
1
5
3
3
2
2
5
5
2
3
3
4
7
3
1
3
3
8
4
3
0
6
2
3
4
2
2
3
3
1
3
6
3
4
4
7
2
7
4
2
3
5
1
5
4
2
7
5
3
1
0
5
2
4
3
5
4
4
2
6
3
4
2
2
3
3
2
5
1
4
2
6
8
6
3
4
6
6
3
4
5
5
5
7
3
7
5
7
6
3
5
3
4
4
7
6
2
6
4
0
4
4
3
1
4
1
2
3
5
5
4
6
3
5
1
5
3
5
3
3
2
1
4
3
3
2
3
0
2
3
3
4
5
5
6
3
4
4
9
2
2
0
5
4
3
2
2
1
2
2
5
2
4
0
3
6
2
3
7
4
4
3
6
3
1
3
1
3
3
4
4
6
5
2
3
0
3
2
6
4
2
2
6
4
4
2
2
1
5
2
2
1
4
1
3
3
3
1
10
0
2
1
4
3
3
4
3
1
4
2
4
1
3
7
3
2
2
4
8
5
0
4
6
3
3
3
6
4
1
4
5
3
2
2
3
0
2
4
4
1
3
3
3
3
1
2
5
5
3
3
4
3
2
1
3
4
3
5
2
4
2
4
1
2
4
2
7
2
4
3
1
4
3
3
3
3
5
4
2
4
5
4
1
4
5
3
1
1
7
4
5
5
4
2
1
3
3
3
4
1
3
3
4
1
6
1
2
2
1
5
5
6
1
3
4
2
4
3
5
2
4
3
6
3
3
0
6
4
8
6
12
13
9
16
22
28
37
41
53
66
58
75
55
42
46
43
23
23
20
16
17
14
8
1
8
1
2
5
4
4
3
7
1
1
2
4
2
6
3
4
2
0
2
10
6
2
3
1
2
4
3
2
3
3
1
3
1
2
2
2
6
5
1
3
5
0
5
4
2
1
4
3
8
2
1
1
5
4
5
4
7
4
4
10
3
3
2
4
1
1
0
2
0
4
1
0
3
6
6
1
0
6
3
3
1
3
3
2
4
4
2
3
3
1
2
3
5
5
3
6
3
11
3
2
5
2
3
3
1
3
2
2
3
3
2
3
2
1
7
6
3
4
3
0
2
2
1
3
3
5
5
0
0
2
3
1
2
2
4
3
3
5
6
1
1
3
1
5
2
1
3
2
5
5
2
0
1
3
3
0
2
1
4
2
3
1
3
3
3
2
1
2
5
3
4
4
3
4
1
2
1
5
2
5
5
3
0
2
1
4
2
4
5
0
0
2
0
2
3
2
2
2
3
3
1
4
1
2
4
1
2
4
3
1
1
2
3
1
2
5
4
2
7
3
3
1
2
2
3
2
2
2
2
2
3
4
4
2
4
3
2
4
3
4
3
4
1
2
2
1
5
2
4
5
3
4
2
1
0
0
4
2
3
2
5
1
3
2
3
3
2
4
2
4
3
3
3
4
4
4
5
2
1
1
0
4
1
2
2
2
2
5
4
3
2
2
1
2
2
3
3
1
2
0
3
3
4
4
0
6
2
1
4
1
1
2
3
2
3
1
3
3
2
3
2
1
5
6
3
1
2
2
6
4
1
2
1
0
2
1
2
3
4
0
1
1
1
2
5
3
6
1
0
2
2
1
0
3
0
4
1
4
0
0
4
2
2
1
1
2
0
8
2
3
2
3
4
6
4
3
3
3
3
1
5
2
2
1
3
0
5
0
2
2
4
0
2
2
3
2
2
3
1
2
3
3
3
2
3
3
2
3
1
2
2
3
3
2
4
4
6
1
3
4
1
3
2
0
4
4
0
2
2
2
1
1
4
3
5
4
3
2
3
2
2
3
5
2
3
2
5
2
1
4
3
5
2
6
3
2
2
5
2
3
2
4
4
1
2
8
4
3
3
4
3
2
4
2
3
2
2
5
2
1
1
1
6
3
5
3
4
1
2
4
2
8
2
1
3
2
3
0
3
1
2
2
3
2
1
2
1
4
3
2
6
4
2
0
4
1
3
3
3
3
2
3
0
2
1
2
3
3
1
2
0
0
5
1
0
3
2
2
2
2
3
2
2
0
3
3
2
1
4
0
2
2
1
4
3
1
4
5
2
2
2
3
4
3
4
1
2
1
0
1
1
2
1
0
2
2
0
6
4
3
0
1
2
0
4
5
3
3
0
6
1
4
1
3
1
1
3
4
2
2
5
4
1
2
2
2
3
3
2
1
2
2
1
2
2
1
3
1
5
1
7
2
3
1
3
4
1
2
5
5
1
4
4
4
0
4
2
3
3
2
3
1
2
2
3
2
5
1
2
2
3
5
5
10
5
5
3
3
4
2
3
4
2
2
2
10
2
0
1
3
2
4
2
1
4
1
1
3
2
1
1
5
0
0
5
3
5
3
1
2
6
3
4
0
3
50
49
50
60
51
41
62
59
54
60
48
51
53
57
70
60
65
55
52
38
56
47
59
52
45
63
54
50
57
47
46
58
55
41
50
43
42
54
56
64
48
56
51
57
53
49
51
56
51
47
50
63
39
44
51
47
49
59
45
50
40
60
46
53
49
57
54
51
35
55
41
57
53
57
47
49
47
57
35
50
49
53
43
49
40
64
49
56
50
53
42
51
52
56
48
51
53
53
47
37
48
39
41
55
48
41
60
59
53
43
48
48
60
35
41
62
39
52
60
54
45
51
46
33
47
39
42
19
