18742
15533
13027
11079
9241
7719
6831
5755
5070
4631
3970
3532
3276
2879
2671
2467
2342
2155
1949
1957
1809
1848
1700
1649
1629
1555
1533
1503
1436
1438
1386
1392
1319
1261
1314
1312
1246
1250
1205
1225
1230
1298
1274
1233
1169
1163
1218
1160
1121
1121
1139
1096
1179
1054
1117
1066
1102
1060
1090
1008
1031
1004
1031
1075
1091
1061
995
1010
1065
990
1077
1030
1015
953
990
997
968
991
950
970
917
931
961
929
912
899
937
951
882
905
873
868
882
873
819
848
859
851
886
796
858
881
802
822
815
765
784
838
829
839
815
809
882
853
834
825
864
816
897
799
815
760
773
813
784
783
789
792
758
766
740
755
788
749
750
759
717
741
677
715
743
693
679
765
713
715
675
765
706
706
723
731
732
684
623
688
728
660
668
654
681
693
731
684
644
613
656
672
665
655
625
655
625
599
616
670
593
646
679
605
665
632
639
652
621
630
625
620
564
608
630
588
575
563
571
605
586
575
592
568
610
572
564
550
555
597
581
585
599
539
584
528
537
583
546
542
564
546
520
518
543
526
530
528
515
491
508
560
484
493
520
514
533
528
500
493
497
524
515
524
560
508
511
532
499
475
490
525
512
499
530
504
468
472
478
480
520
490
469
496
509
492
466
500
481
509
497
502
529
488
484
495
517
502
491
478
481
506
495
486
489
492
491
477
469
483
481
498
470
501
482
477
507
435
456
451
482
473
482
456
498
426
460
506
416
474
450
469
430
450
479
443
460
494
492
434
437
443
430
367
453
475
446
445
415
486
449
434
467
427
423
450
435
442
398
437
474
450
433
459
470
437
419
442
415
442
411
400
423
448
429
398
467
419
439
431
431
454
412
423
450
439
416
417
429
443
403
427
409
449
426
387
404
397
410
448
376
390
414
418
413
442
407
450
361
386
372
412
402
390
378
378
387
402
433
434
445
393
414
374
378
420
414
372
409
447
402
383
354
382
415
389
369
403
389
404
388
391
397
420
381
389
404
405
367
349
394
371
365
367
358
396
416
381
366
397
393
365
353
364
397
366
366
351
362
348
369
346
369
360
389
402
393
355
348
371
361
344
373
347
334
366
357
354
349
392
352
349
371
361
374
351
387
359
356
345
379
361
346
357
369
352
337
351
357
355
344
330
331
343
340
355
360
362
334
372
345
335
347
378
364
331
355
341
332
329
346
370
376
349
363
334
331
301
335
340
348
363
321
349
329
305
337
341
374
316
371
329
357
364
336
338
325
333
333
353
340
349
361
306
341
342
379
319
313
330
317
340
322
343
299
327
330
306
319
314
315
341
334
324
327
296
297
321
296
316
291
278
334
305
338
353
323
338
296
292
346
327
325
301
311
331
311
326
319
320
304
312
314
312
311
277
334
329
314
324
336
304
280
319
302
329
330
269
305
383
298
273
301
295
288
315
296
287
341
279
316
337
285
291
307
317
303
307
301
310
297
288
350
273
295
311
318
294
298
282
306
282
278
277
286
338
305
303
280
304
327
305
321
272
319
281
299
270
268
314
299
260
288
284
302
296
314
297
277
297
286
291
282
281
270
282
306
266
268
259
283
287
306
303
296
291
275
311
305
248
287
288
286
273
285
302
268
263
270
315
262
272
308
292
266
280
299
282
259
275
249
289
269
297
243
286
308
287
284
270
297
271
262
278
280
292
258
251
284
270
280
268
267
269
259
263
282
263
279
286
286
294
275
276
278
288
288
266
289
286
269
249
269
306
277
269
262
285
279
249
312
250
264
277
270
257
250
299
271
238
268
264
272
232
283
274
283
264
258
274
260
296
277
248
306
270
277
279
246
253
265
270
291
237
295
254
256
262
279
259
251
257
294
278
272
256
223
261
271
271
229
243
269
266
242
270
228
265
240
256
272
253
276
232
273
262
250
282
234
252
264
260
257
258
256
273
273
255
275
230
248
251
240
233
247
276
250
252
235
244
244
281
228
286
246
232
241
261
263
245
239
259
267
240
227
256
272
239
284
235
264
265
251
262
276
237
230
240
248
237
274
236
257
229
259
225
237
263
236
263
271
252
228
245
263
266
267
252
268
259
255
253
248
237
270
274
251
251
239
248
235
245
237
235
240
240
270
256
245
235
239
250
254
246
275
229
230
228
229
252
217
231
217
248
219
231
253
273
268
215
258
232
219
228
250
247
223
233
249
230
261
260
242
244
242
221
249
252
241
217
259
243
221
225
257
223
266
238
233
235
267
249
225
256
257
258
234
246
246
252
236
222
222
256
234
257
257
242
260
239
218
207
229
239
235
222
230
238
252
229
259
221
219
207
225
224
236
238
221
229
216
216
214
224
237
227
243
247
243
236
231
228
240
211
252
247
224
226
251
230
224
231
220
214
219
237
241
213
267
244
232
231
226
231
187
242
210
233
230
236
223
224
240
235
215
214
199
255
227
247
224
238
220
246
235
215
238
214
239
219
199
211
249
228
195
241
206
252
212
244
246
227
216
233
243
228
233
209
225
224
245
210
232
234
269
230
233
243
248
240
225
203
211
221
227
215
231
240
203
210
219
244
208
241
207
207
256
227
243
250
205
245
232
231
225
237
237
206
229
240
225
254
233
240
239
240
221
226
240
227
210
230
201
208
220
214
220
219
226
228
211
229
225
200
227
254
241
242
219
231
209
236
204
225
192
217
245
236
220
197
193
202
195
192
237
220
214
231
201
224
236
195
210
232
204
189
237
235
217
204
220
222
217
184
231
231
216
172
238
197
232
241
232
218
236
232
228
213
241
197
233
235
216
211
209
215
187
228
203
210
222
211
219
200
220
209
191
195
215
198
195
210
211
195
229
201
190
208
230
195
208
224
182
193
207
210
221
190
192
192
201
196
185
195
203
231
192
207
210
192
194
204
202
186
196
178
178
211
195
205
211
195
168
205
210
184
178
196
190
191
215
172
180
201
185
196
182
198
190
197
191
213
191
203
174
185
195
201
181
194
191
202
181
186
198
196
187
180
188
199
171
175
192
200
179
206
186
185
183
196
179
189
181
194
172
172
186
200
188
202
175
171
177
198
177
172
192
181
174
191
177
181
186
171
198
206
199
179
190
179
168
186
188
182
178
172
176
179
176
158
185
178
165
161
177
182
184
164
191
165
192
190
182
173
195
160
166
165
172
178
167
179
165
171
170
173
158
180
181
191
175
193
166
178
159
174
182
173
177
206
196
159
155
168
180
182
157
156
190
186
189
170
202
173
149
171
175
182
159
185
175
151
172
166
152
163
180
168
199
171
170
190
179
194
142
152
164
161
145
177
179
153
180
160
169
178
177
171
180
178
161
189
180
168
168
179
152
164
165
163
161
174
159
166
162
169
161
166
157
177
172
172
153
165
167
153
163
144
157
161
176
162
157
148
159
171
166
146
158
163
178
154
179
189
169
170
179
160
173
157
152
164
169
167
139
173
148
178
155
152
158
185
166
148
161
164
155
154
190
166
162
187
168
171
157
162
168
161
160
168
151
177
158
153
179
166
154
152
155
175
146
154
167
135
160
178
159
150
167
149
148
142
154
140
164
165
175
174
178
167
162
149
174
162
159
153
165
156
153
135
171
156
187
138
156
168
156
155
130
173
163
163
152
159
169
159
141
165
167
150
168
149
164
176
159
133
148
140
137
146
165
157
154
147
158
162
157
131
152
153
136
168
180
148
149
154
185
150
174
160
150
162
134
155
150
179
165
162
163
131
160
147
150
150
156
172
146
133
163
161
137
135
159
139
147
176
157
136
126
153
129
176
161
170
132
147
182
145
139
166
143
137
156
138
144
135
159
143
154
137
152
164
147
121
158
165
131
157
160
162
147
147
165
138
144
147
165
138
155
128
137
154
165
178
148
166
143
161
121
151
165
168
152
133
169
167
136
157
157
146
159
141
152
152
156
140
125
159
160
152
126
143
165
141
148
155
138
169
147
156
146
150
124
136
140
151
141
138
141
154
132
147
158
174
159
145
149
128
169
146
131
154
148
125
133
130
143
151
149
145
150
158
156
126
152
144
144
129
149
147
160
135
145
134
134
130
123
145
154
160
160
146
139
148
153
163
166
140
147
145
145
126
115
153
162
125
123
140
155
141
126
147
144
127
143
127
167
138
135
152
130
141
152
111
132
150
132
146
148
150
146
127
131
160
140
140
165
133
133
136
120
151
131
131
131
128
118
149
142
152
131
138
161
128
138
124
161
149
131
125
139
143
149
136
136
145
134
113
133
127
156
120
121
126
136
128
128
132
123
148
137
169
144
143
136
122
158
131
160
117
138
133
137
125
140
143
144
133
129
124
134
137
135
122
146
151
135
126
136
122
110
124
129
128
143
139
128
127
129
132
151
130
140
109
147
134
130
162
149
117
107
139
122
130
102
153
120
120
124
143
131
116
134
140
134
151
121
118
122
164
138
137
130
128
139
124
122
118
106
120
107
144
134
132
141
122
134
134
134
145
138
120
116
128
127
131
132
128
132
129
130
146
145
128
126
152
129
137
131
139
133
126
138
135
129
131
149
135
125
127
130
143
133
140
112
127
135
133
110
130
139
119
152
103
122
135
130
132
115
127
156
104
143
117
118
144
143
126
120
141
130
121
137
107
122
121
105
125
125
139
116
123
138
106
121
124
129
112
104
139
140
126
101
126
116
129
125
118
135
119
139
142
112
140
126
145
127
116
115
146
120
116
111
127
122
142
142
130
117
124
127
131
113
129
135
123
117
137
119
120
110
122
125
128
117
134
142
129
108
117
111
125
126
114
116
141
131
134
139
112
124
107
128
133
133
114
123
124
124
135
137
120
120
114
114
141
110
138
117
136
126
117
125
111
114
111
135
120
94
117
124
112
107
118
137
106
116
122
149
121
119
139
121
105
127
132
101
134
119
135
112
137
115
137
132
115
112
131
135
116
121
123
131
111
120
112
116
139
124
126
125
116
116
127
109
124
108
134
115
109
151
134
114
129
113
116
138
115
118
121
114
112
112
128
127
106
107
114
109
123
121
126
111
117
127
118
118
126
123
126
124
122
119
115
100
106
113
123
141
116
123
94
127
120
109
110
114
134
113
114
104
116
125
116
121
117
107
121
108
123
114
111
121
138
117
118
129
109
102
112
117
95
108
114
110
123
113
135
125
103
122
112
98
130
87
122
115
111
111
140
111
100
119
109
100
129
116
127
122
89
109
109
134
110
101
104
119
126
106
105
101
120
111
127
102
107
121
114
126
110
110
131
111
111
129
119
107
103
118
109
117
126
103
111
119
112
117
115
109
113
116
108
98
133
124
104
127
133
114
112
112
100
109
124
123
111
110
105
116
128
112
102
126
132
111
108
77
148
121
111
105
113
115
109
107
89
114
113
101
121
119
89
109
104
111
103
98
113
109
111
107
110
108
111
111
121
117
103
122
108
112
108
99
108
103
127
98
121
115
114
119
111
115
100
85
126
102
115
128
104
107
107
116
108
120
104
112
121
118
121
115
114
101
108
113
106
107
113
110
119
119
120
119
103
120
95
113
112
107
96
111
108
103
119
111
129
125
104
105
114
101
122
108
114
114
104
122
100
121
112
116
115
104
125
100
109
105
90
102
101
128
121
103
118
106
113
135
104
102
96
113
129
115
112
109
119
126
111
108
114
108
99
115
110
108
118
104
114
130
120
107
103
133
86
136
112
110
109
123
94
101
107
99
123
102
101
96
81
108
109
102
111
107
112
115
107
105
106
98
93
98
103
113
122
99
111
98
116
97
100
109
116
110
106
112
87
108
108
121
115
88
102
130
102
122
96
117
117
118
98
95
119
103
111
96
103
90
88
108
102
101
116
106
122
115
98
118
114
92
122
114
111
96
124
109
94
113
117
126
85
108
112
105
88
111
95
107
94
107
117
98
93
103
110
140
92
99
114
118
123
96
111
109
104
99
114
110
105
84
102
107
92
125
102
85
111
107
112
85
94
100
95
97
100
110
112
100
94
97
105
99
106
124
114
113
97
99
111
93
114
118
90
108
94
111
109
103
99
100
121
108
108
116
88
104
104
98
103
112
110
120
93
100
125
91
85
98
96
99
94
108
98
125
115
106
111
112
98
103
97
101
96
116
101
109
104
123
120
116
96
111
108
128
109
103
105
87
98
99
115
103
92
96
99
104
98
86
101
96
107
101
93
111
84
117
102
89
102
101
101
109
102
109
101
98
112
85
113
107
125
105
106
97
114
103
109
105
90
103
92
96
93
106
92
92
115
109
104
93
102
91
111
87
96
110
118
101
88
91
110
108
89
100
103
105
104
101
107
96
105
93
114
104
88
111
99
85
93
102
92
101
95
99
85
99
77
95
107
105
102
114
93
86
108
79
109
111
105
96
121
104
112
117
108
112
90
102
97
109
106
110
101
110
106
102
97
99
110
101
90
94
95
98
102
89
84
100
109
99
87
93
90
100
102
98
91
96
92
112
89
94
87
98
83
95
108
83
94
112
107
99
84
101
99
90
109
85
109
109
111
111
87
105
105
101
88
123
99
88
110
110
93
100
100
85
93
93
101
106
91
100
111
99
91
86
84
85
95
88
101
97
123
114
93
86
97
97
89
89
84
110
109
93
96
90
97
107
79
108
93
101
100
92
85
100
107
96
108
116
108
100
102
86
95
101
85
80
96
93
92
94
106
94
75
98
99
95
78
91
103
97
116
101
102
91
108
89
108
88
90
106
85
84
89
96
102
92
113
104
104
85
106
116
98
89
88
71
93
86
109
91
79
102
72
101
89
98
96
94
83
98
102
95
97
86
93
105
110
106
111
96
95
106
94
92
85
100
120
91
95
91
90
87
87
113
89
81
104
97
88
88
90
101
92
100
105
83
101
88
110
96
105
86
88
99
100
101
100
92
88
87
91
101
115
92
83
98
90
96
82
98
112
104
95
101
102
103
85
120
83
88
76
85
95
85
94
95
103
88
99
100
97
99
107
95
94
100
100
86
96
108
82
112
89
104
94
90
102
91
86
86
90
89
95
83
84
103
89
90
101
83
84
101
96
79
124
106
87
101
93
75
104
71
89
86
83
98
95
106
96
95
89
92
123
87
87
98
101
88
88
87
95
91
104
114
90
102
99
92
83
79
78
101
91
98
120
89
119
103
93
90
85
100
84
91
95
78
85
77
97
79
89
80
96
86
102
72
96
119
111
90
107
106
108
88
92
94
78
96
92
69
99
83
86
81
74
88
94
97
113
105
96
97
97
96
93
98
99
106
98
89
99
99
88
83
97
98
101
87
89
84
87
104
84
105
82
95
79
96
91
101
92
83
95
86
98
84
115
97
73
80
86
81
91
86
81
103
100
82
100
91
111
101
90
87
77
95
83
111
89
106
73
86
101
108
102
81
105
79
101
79
85
80
75
100
104
94
87
92
88
89
95
90
76
91
82
87
86
82
76
90
95
87
103
91
85
94
79
85
82
110
94
89
105
82
91
88
78
84
98
92
98
84
89
112
101
91
92
101
91
98
89
92
91
80
83
96
97
97
81
92
94
106
98
97
93
103
76
68
93
100
75
82
96
96
90
104
83
91
96
68
91
91
105
72
100
79
100
69
117
89
104
84
91
79
82
92
107
98
80
91
109
65
79
93
109
88
99
68
79
102
80
101
89
73
76
91
91
88
96
99
94
80
99
87
96
90
82
88
84
114
85
85
99
76
94
66
95
86
79
88
90
78
104
80
76
78
87
85
91
81
86
92
89
80
95
84
105
96
95
72
90
80
82
75
89
96
73
102
98
101
80
84
106
91
92
83
79
96
87
94
83
96
106
86
77
100
81
86
90
90
92
101
84
109
88
103
93
96
94
77
69
97
77
90
84
83
76
96
91
83
71
86
85
79
86
92
83
87
86
94
75
82
100
89
83
86
72
70
84
89
98
87
83
87
78
90
83
94
91
97
81
78
99
83
90
75
78
88
103
96
92
86
99
84
111
84
93
76
89
105
72
84
94
92
82
96
77
90
90
88
86
72
81
95
105
96
100
79
100
77
89
82
87
90
92
75
92
94
74
88
84
79
89
90
79
107
85
84
68
84
90
89
87
89
80
82
78
85
98
107
93
77
90
78
79
82
73
79
80
92
88
77
86
86
89
80
84
101
100
91
93
67
89
84
87
86
79
85
72
98
98
79
96
83
86
73
75
78
81
86
76
70
78
92
89
99
93
84
84
110
69
88
85
101
72
70
80
87
75
61
78
93
76
92
92
84
97
70
83
86
100
100
83
86
86
80
92
75
82
80
83
78
80
86
78
88
73
83
75
84
78
98
88
79
76
85
83
87
82
84
68
73
92
88
96
96
90
74
89
92
88
84
69
87
85
95
86
86
83
88
82
76
103
88
94
82
87
90
75
99
71
90
89
73
83
75
83
73
81
67
86
86
73
92
90
98
78
83
102
81
82
85
71
119
82
89
85
100
79
82
74
82
89
91
106
84
96
106
88
80
73
103
84
75
105
94
88
85
83
68
74
90
75
102
91
78
99
82
64
80
84
70
72
79
91
93
111
87
103
95
88
81
79
83
64
86
82
88
74
85
78
87
90
76
83
86
91
86
94
73
76
82
90
70
81
86
67
88
78
85
99
66
95
80
71
90
75
74
95
87
80
73
84
72
76
86
76
78
76
85
71
81
95
88
85
80
72
73
75
76
88
85
63
71
86
91
88
67
79
93
100
77
84
85
95
77
82
83
75
91
95
79
83
68
87
71
73
81
84
84
81
81
87
86
92
86
102
84
78
67
86
83
81
82
75
72
84
86
78
76
70
91
80
91
102
83
90
66
74
79
103
90
81
80
81
73
89
85
74
83
84
83
85
74
70
90
87
79
82
72
67
84
91
78
68
81
96
80
82
75
84
87
90
71
86
75
91
74
85
75
77
90
76
84
91
75
78
83
86
79
87
81
78
77
92
75
102
90
77
78
91
85
92
60
84
62
70
99
87
80
84
95
89
73
84
71
80
87
63
86
82
63
79
79
78
93
91
64
77
79
83
80
78
85
78
75
92
71
78
76
81
71
91
79
80
72
78
88
93
86
82
87
105
93
64
60
92
87
78
84
68
82
108
72
80
85
78
63
102
90
81
75
81
90
82
80
73
87
80
74
77
93
84
84
73
92
70
86
73
89
75
77
81
89
77
69
85
95
70
88
82
79
83
87
92
92
101
86
82
88
81
83
76
70
84
93
79
89
85
76
73
78
92
85
88
79
93
84
67
73
85
77
75
83
89
75
84
91
94
79
81
73
85
70
84
84
98
84
83
83
87
78
81
60
68
67
88
88
80
77
80
87
81
91
84
82
87
74
93
78
83
86
84
95
88
76
67
87
73
86
76
81
83
81
88
96
79
93
83
80
88
86
69
75
75
72
106
84
78
69
81
86
79
91
98
79
76
80
85
74
97
77
79
79
69
80
88
75
96
77
85
81
77
92
79
85
78
83
82
88
76
82
74
77
79
74
78
92
91
75
61
84
79
77
92
83
81
77
93
99
85
75
98
72
77
85
74
93
73
79
77
91
74
82
92
87
71
66
66
98
89
80
82
76
66
81
94
85
79
86
80
96
84
70
97
80
86
96
73
73
79
88
88
70
98
70
82
67
82
68
78
79
80
82
90
79
79
97
74
76
77
92
76
73
83
60
80
75
80
83
83
79
74
80
71
103
85
76
65
92
74
78
67
100
71
83
74
82
90
85
80
81
71
94
60
68
81
76
76
100
80
75
64
88
68
88
90
77
67
80
90
84
82
80
97
64
95
84
82
90
79
84
92
86
81
77
76
80
70
93
90
63
88
68
74
75
97
79
74
79
78
87
73
71
83
82
85
71
80
79
90
73
63
95
92
86
68
80
70
78
89
80
84
82
66
77
88
88
95
68
100
70
85
91
91
95
82
85
79
69
71
78
68
81
93
89
83
78
82
76
87
81
94
73
73
69
87
67
92
86
83
89
95
66
102
82
60
77
79
72
88
79
87
81
121
71
97
92
85
91
82
67
69
69
81
80
63
78
89
76
85
80
63
99
70
74
79
94
71
67
89
79
89
83
65
75
96
100
60
82
79
75
89
94
85
85
69
75
83
104
86
84
72
89
101
78
77
99
84
77
72
76
86
96
89
75
107
81
70
77
109
84
68
79
98
83
80
86
101
88
87
66
87
95
93
72
79
86
74
73
71
102
82
83
99
94
85
78
82
91
90
74
81
71
77
86
70
81
85
68
80
96
91
77
72
93
72
77
82
87
73
85
57
70
69
81
90
86
75
66
74
79
87
70
76
69
78
70
94
81
84
93
82
77
78
80
88
69
68
76
80
73
90
80
82
78
84
84
81
77
84
79
89
79
76
77
83
90
82
74
77
73
81
81
93
74
91
84
79
78
69
75
80
83
83
79
84
77
78
83
71
96
63
77
82
72
96
89
85
68
78
104
94
77
97
100
79
83
75
97
80
88
86
64
74
84
84
86
81
79
72
86
74
71
88
88
72
84
87
80
82
76
83
88
95
96
74
80
80
88
90
79
69
83
93
80
103
81
76
89
95
66
70
71
69
75
77
69
81
89
86
86
71
81
73
93
77
91
71
77
98
75
67
95
60
85
84
100
67
78
74
68
75
85
73
75
74
102
76
69
94
84
93
89
88
67
97
79
89
81
78
88
76
79
78
80
69
69
67
80
71
81
80
80
71
80
95
86
70
76
96
87
70
87
76
91
76
75
101
84
83
91
74
66
76
81
90
87
86
93
93
74
78
88
104
87
88
69
90
91
83
83
86
89
90
97
70
73
81
93
86
94
90
72
84
82
79
97
79
74
76
94
81
71
116
91
66
92
68
83
78
77
72
91
92
82
81
89
80
68
65
72
84
77
77
83
82
73
77
73
82
90
86
95
81
84
76
78
83
94
85
82
76
64
71
70
82
73
84
86
90
99
78
78
63
93
91
87
79
84
75
69
80
75
83
73
86
96
75
77
90
72
65
68
81
71
70
76
88
63
91
76
88
70
66
70
73
62
77
88
69
66
74
80
78
65
87
65
70
80
90
92
71
77
72
78
61
60
84
80
74
81
70
83
81
79
68
65
75
76
86
74
74
61
64
87
80
67
60
74
68
83
73
75
68
83
55
74
82
79
75
70
51
78
79
77
69
82
84
74
66
68
81
77
65
75
61
65
65
87
74
62
68
83
72
70
65
88
79
59
83
83
84
77
59
79
85
58
65
74
76
70
85
72
88
82
66
78
58
79
76
63
84
71
73
67
72
75
75
72
73
74
66
71
72
78
73
62
78
83
63
80
71
66
68
76
71
74
68
73
70
62
61
68
73
83
74
67
85
72
69
60
74
76
78
80
76
66
75
73
58
64
74
70
54
76
66
69
75
65
70
79
64
67
76
75
53
57
63
70
50
62
72
81
72
75
66
82
76
73
65
71
75
69
59
80
54
75
72
85
89
66
70
75
62
56
84
66
66
69
72
74
66
67
65
74
66
77
74
81
73
61
55
80
70
76
78
62
66
49
77
73
74
79
72
64
54
71
60
67
56
89
58
76
63
65
48
74
62
70
75
90
50
75
79
66
76
68
75
66
70
76
73
66
60
79
79
47
73
68
76
69
66
60
88
69
71
60
73
73
69
76
73
80
65
63
64
72
78
60
57
73
69
59
61
61
61
70
68
70
58
69
76
74
67
79
62
62
55
77
73
75
75
70
64
76
71
74
71
52
73
65
60
62
65
79
69
66
50
72
70
65
68
62
68
56
70
68
71
62
59
52
55
60
66
57
60
60
62
66
60
63
77
45
70
70
64
63
72
62
63
69
67
69
62
60
57
61
83
73
49
54
65
62
64
69
62
76
78
75
61
68
62
66
59
73
70
53
61
70
63
67
55
70
78
65
60
83
74
55
69
54
72
56
66
57
61
63
45
63
62
62
73
66
64
64
74
81
66
51
69
66
65
69
66
65
63
70
61
80
58
57
61
57
67
79
54
65
56
72
63
68
64
80
61
60
69
63
72
53
73
53
72
59
74
58
61
61
69
67
72
72
69
57
71
61
65
44
79
62
65
59
62
55
65
53
76
57
64
69
73
62
69
46
60
54
51
78
63
58
87
51
56
56
63
63
77
66
65
71
76
51
55
76
65
56
70
53
47
74
72
64
62
57
76
68
57
65
61
70
70
59
60
57
63
64
63
47
71
69
69
55
59
68
75
59
79
65
64
56
76
67
61
65
60
69
73
58
72
64
68
74
61
60
81
52
64
54
64
89
74
56
56
74
67
59
69
58
74
77
65
64
66
64
62
79
60
56
63
66
59
55
54
71
49
66
49
66
57
67
64
64
56
71
49
64
54
65
70
61
81
52
64
73
68
69
63
55
62
65
63
71
73
79
64
58
67
59
65
57
62
69
63
64
69
68
69
57
82
53
51
71
69
55
61
48
56
79
68
69
60
70
71
61
83
69
62
74
61
60
60
48
59
74
73
70
64
51
64
70
49
54
51
64
74
57
65
61
65
63
48
62
70
82
76
66
65
66
60
63
67
57
50
71
65
54
65
55
66
53
64
66
58
66
49
67
51
51
70
71
59
59
73
61
56
85
65
74
66
55
59
63
58
53
69
77
70
63
65
59
59
63
62
60
64
57
71
73
66
72
78
75
72
57
56
58
57
61
61
77
78
61
54
63
61
53
70
65
71
47
74
62
67
57
51
60
50
68
49
67
71
64
52
65
69
71
74
56
54
73
62
72
65
62
74
65
77
71
64
60
60
54
52
69
51
71
74
64
65
57
61
71
62
54
70
50
56
46
50
43
61
59
51
59
51
39
51
54
52
51
63
48
58
65
52
61
61
57
46
58
48
46
56
51
47
62
57
66
48
57
64
61
64
43
38
51
57
42
48
44
47
56
55
54
60
61
58
54
70
46
54
43
60
53
55
52
55
57
61
54
46
52
43
56
43
61
44
49
53
59
46
57
57
41
59
58
58
46
48
55
50
75
50
51
53
50
58
56
46
55
61
57
54
56
52
53
56
45
60
44
53
49
69
43
62
41
57
58
57
52
56
60
54
47
46
57
45
54
50
55
59
42
56
62
48
55
44
67
45
39
55
51
54
55
70
44
58
54
62
53
49
57
55
52
45
49
58
62
47
42
58
46
62
48
51
67
57
51
39
44
40
45
57
50
61
57
54
44
45
62
56
47
38
46
59
55
53
60
61
61
46
51
60
60
46
58
49
51
48
53
46
48
54
51
61
44
71
65
51
54
58
69
58
74
62
64
56
72
49
76
47
44
68
59
55
68
42
50
59
76
70
57
52
57
68
78
68
47
64
64
61
71
71
64
53
60
78
77
55
66
80
76
70
67
82
73
64
68
74
72
86
81
88
91
91
83
87
134
109
130
162
190
216
265
305
326
409
426
433
423
446
400
336
323
292
246
234
181
161
134
136
109
90
84
75
79
54
65
69
57
48
44
56
51
57
48
49
44
34
47
44
56
47
45
37
46
45
37
46
35
40
42
36
39
44
47
55
47
38
39
49
51
30
44
35
30
48
60
35
43
40
47
45
47
50
45
46
45
55
46
33
42
40
52
46
47
42
41
35
49
47
44
54
36
55
41
53
37
43
48
38
43
44
45
39
36
42
52
46
43
45
43
45
43
41
54
53
44
33
36
42
44
45
44
45
41
40
51
46
50
47
40
50
53
45
38
43
52
47
39
36
49
51
61
46
53
47
44
42
43
54
56
42
50
45
37
49
38
48
39
55
39
47
40
42
40
44
48
44
42
57
42
37
44
40
47
35
56
61
64
44
45
40
64
46
68
48
59
56
68
51
46
50
52
48
57
51
66
51
43
62
55
51
43
57
61
65
51
64
69
56
67
64
49
68
58
67
67
69
58
63
76
78
77
70
79
83
93
107
101
91
85
86
89
92
60
68
63
39
46
37
51
35
41
36
34
21
27
19
22
22
20
23
22
25
18
22
21
19
28
26
16
23
20
24
25
18
34
17
14
20
24
25
17
28
25
19
22
14
30
20
21
12
17
24
26
20
17
24
21
13
14
20
11
20
25
23
19
27
20
19
13
27
23
20
25
10
23
28
24
22
22
12
14
20
18
15
17
21
20
22
12
23
16
21
26
17
25
20
21
10
12
17
14
18
16
19
15
20
15
20
13
30
20
21
17
21
23
15
26
23
18
21
16
13
17
9
14
15
13
13
17
20
18
14
23
11
16
23
28
17
18
14
19
20
14
22
21
20
22
17
21
22
11
18
13
16
19
16
21
19
12
18
15
16
15
16
18
17
16
14
13
24
17
16
23
12
26
24
12
11
15
15
10
16
20
16
18
18
17
21
25
26
15
18
10
14
16
15
10
19
15
20
22
13
20
18
18
18
34
21
22
21
16
17
12
19
26
14
19
13
15
20
24
15
18
11
10
17
21
16
13
13
24
18
18
14
14
21
15
26
18
19
17
19
19
20
14
20
17
24
15
16
20
19
15
25
15
15
23
23
16
20
13
12
20
21
9
13
18
10
18
18
11
22
19
19
13
13
13
18
28
26
17
15
24
10
14
18
15
15
21
15
8
14
21
18
17
15
17
22
18
19
17
18
19
16
16
17
22
13
21
24
16
13
15
13
18
14
24
14
15
14
18
16
23
14
17
20
16
17
17
23
21
24
19
25
16
17
21
19
16
13
15
21
25
16
11
25
19
15
12
27
26
22
12
24
16
11
24
24
15
17
21
20
23
10
17
16
14
12
29
20
21
13
21
23
20
16
14
14
17
9
12
15
26
19
20
20
14
16
20
15
19
14
14
21
19
15
18
15
22
20
16
12
22
15
21
21
15
16
11
18
17
16
23
30
13
10
21
28
13
22
25
20
13
17
17
15
22
18
14
20
9
20
17
17
19
18
20
20
24
16
22
28
17
15
14
21
20
20
13
18
14
20
18
16
16
22
18
21
19
18
14
24
25
15
16
13
15
19
20
27
30
21
22
16
19
22
20
22
35
18
18
20
16
22
27
21
18
18
21
18
19
12
29
13
34
31
20
25
27
28
40
32
27
17
30
29
38
20
24
20
23
30
32
23
32
38
31
32
33
31
36
33
39
31
35
32
31
34
36
37
27
39
43
38
34
29
44
29
43
39
53
30
39
41
37
39
45
44
46
47
54
45
51
41
51
41
48
61
53
56
54
64
65
57
66
71
51
61
63
66
79
76
87
91
94
98
137
135
191
206
291
386
487
594
647
771
845
901
865
836
763
692
632
582
439
362
325
266
194
182
149
120
104
120
78
66
67
46
43
51
33
41
23
31
23
36
31
24
25
22
24
17
24
25
19
19
23
15
20
15
23
22
15
18
22
12
15
15
23
10
22
24
22
14
16
21
34
19
25
17
11
21
14
18
20
23
14
13
16
17
15
14
17
26
19
28
14
20
19
22
19
19
15
21
26
22
21
20
19
25
21
25
20
19
19
25
21
23
17
18
13
19
15
27
20
27
22
17
25
21
26
19
22
24
20
22
24
18
26
25
27
26
24
25
23
30
18
18
31
31
23
27
20
22
26
23
25
19
18
22
16
28
25
34
26
31
37
24
31
29
21
20
16
34
28
22
29
29
27
25
35
23
26
24
29
27
23
38
36
27
19
25
28
33
36
16
23
24
27
28
32
24
16
31
30
25
40
35
28
37
35
40
37
31
33
33
43
44
34
48
35
38
31
43
49
44
45
45
50
35
48
53
56
50
65
63
73
65
63
54
58
72
64
40
45
44
27
25
26
12
11
17
19
14
8
13
11
6
5
9
7
7
6
1
5
3
6
7
6
7
6
4
1
4
5
3
5
7
10
7
5
5
5
2
7
4
2
5
6
0
4
3
3
3
1
7
1
7
4
9
6
1
3
2
4
2
6
2
5
2
2
4
8
7
3
2
9
5
1
3
4
6
3
9
1
4
4
7
9
8
3
2
6
1
7
2
5
4
7
2
4
3
3
3
7
5
6
8
0
5
2
3
7
1
3
2
4
3
3
5
0
6
2
2
3
6
2
4
2
3
4
5
3
3
3
5
3
5
8
2
2
4
4
3
5
6
3
4
1
4
8
7
7
5
3
1
4
7
5
4
1
1
3
1
4
9
5
4
6
4
4
0
5
1
4
4
7
7
3
5
2
4
5
5
1
6
2
3
5
4
7
6
5
4
7
2
5
3
1
5
6
4
6
5
4
4
2
2
6
1
1
6
0
8
2
5
3
2
7
1
3
2
4
4
4
3
8
5
6
4
2
6
2
2
2
7
3
5
6
4
3
5
2
2
5
4
3
3
6
1
1
2
4
6
1
2
7
5
1
5
3
5
1
4
4
1
5
7
3
3
3
1
1
5
4
4
3
5
5
3
5
3
2
4
2
3
6
4
3
7
2
4
6
1
3
2
4
5
3
6
4
5
3
5
3
1
3
4
2
3
4
8
3
5
4
2
2
5
5
1
4
1
2
0
3
3
2
5
2
1
4
3
0
3
1
4
7
4
3
7
1
4
4
1
5
3
6
4
5
2
2
5
3
2
2
1
3
3
3
3
4
4
2
3
2
6
4
7
3
3
3
3
3
2
5
6
2
4
4
6
4
0
2
4
4
5
1
3
3
5
3
5
1
3
5
2
6
4
1
5
2
2
5
3
2
0
0
7
6
4
3
5
4
4
3
2
6
4
3
0
0
1
3
4
5
4
4
5
5
3
2
4
2
6
5
8
4
3
3
5
5
3
1
3
3
5
3
3
5
3
0
2
2
5
3
4
3
6
3
4
2
4
4
5
2
3
3
4
7
2
0
3
1
5
0
4
2
4
4
5
3
3
3
3
3
6
1
2
3
4
0
2
3
4
1
2
3
4
3
7
2
3
3
2
2
4
2
0
4
5
3
4
6
5
3
1
4
2
3
1
3
4
1
3
3
3
5
4
1
3
2
4
3
0
2
4
4
4
3
3
5
4
0
1
2
3
4
1
3
3
1
6
2
6
3
5
2
2
1
4
2
2
2
1
5
1
2
3
5
3
3
2
1
7
2
5
2
1
3
2
8
0
6
2
2
1
1
1
4
4
3
3
2
4
2
4
1
6
4
3
3
1
3
4
3
6
1
2
4
2
3
2
2
0
2
2
3
2
4
3
0
4
5
6
4
3
0
0
0
5
5
2
3
5
4
4
2
4
3
4
2
2
5
1
3
5
1
3
1
3
3
1
1
1
4
1
2
2
1
2
1
4
5
1
5
6
5
3
1
3
5
5
1
1
3
4
3
7
5
4
3
6
3
3
2
4
2
2
2
5
1
5
3
2
2
1
3
4
1
3
1
0
4
4
5
5
3
5
3
1
3
2
1
2
4
2
3
4
2
0
1
1
1
2
2
5
0
4
6
1
3
0
4
3
4
2
3
1
2
0
3
1
2
2
3
4
2
1
2
3
1
2
3
0
4
2
1
2
2
3
2
2
0
2
1
3
7
2
0
3
3
3
2
4
1
2
2
3
0
1
4
2
5
2
3
4
2
3
1
2
2
3
4
2
1
2
6
1
3
3
5
6
1
1
7
3
5
0
2
1
2
3
5
4
2
2
2
3
4
2
1
4
3
1
1
4
4
2
1
2
4
4
3
5
2
5
1
3
2
3
3
1
2
2
1
1
4
3
1
3
1
5
3
2
6
1
3
2
5
1
2
3
1
2
4
5
4
0
3
1
2
4
1
2
3
5
1
4
1
3
1
2
2
2
2
3
7
3
1
1
4
5
5
3
0
1
3
3
2
4
0
4
2
3
6
4
1
1
3
5
5
5
2
2
4
3
2
4
1
1
0
2
0
0
2
1
0
3
2
3
6
5
0
0
3
2
1
3
3
2
2
5
2
2
6
7
1
2
3
1
3
3
1
8
0
4
2
4
2
6
4
3
2
4
0
0
5
4
0
3
3
2
0
2
2
3
1
1
0
3
2
1
2
1
4
2
3
3
3
2
3
0
1
3
3
5
2
3
2
1
1
2
3
1
0
3
4
1
3
1
5
2
5
4
2
4
1
3
5
2
5
4
1
0
4
2
1
1
2
2
2
0
3
0
3
1
0
4
2
0
2
1
1
2
3
3
3
4
1
3
2
1
0
2
1
1
1
7
0
1
3
0
1
2
1
3
5
5
2
1
3
1
5
0
5
0
3
2
1
1
1
4
2
2
2
3
4
2
1
4
2
2
7
2
0
1
3
3
2
1
1
2
0
6
2
1
1
3
4
4
1
5
3
5
89
167
191
186
195
201
199
259
227
265
281
272
274
336
354
348
377
481
520
586
639
653
644
727
801
842
860
958
1146
1232
1332
1410
1584
1665
1800
1865
1940
2088
2217
2317
2495
2552
2746
2944
3069
3218
3428
3616
3846
3947
4152
4207
4417
4659
4840
4977
5285
5435
5642
5769
5878
6149
6301
6614
6867
7100
7315
7608
7950
8171
8398
8602
8926
9087
9300
9815
10011
10389
10698
10798
11419
11944
12216
12525
12744
13288
13692
14223
14819
15121
16063
16561
17309
17700
18810
19517
20597
22076
22955
23948
25095
26566
28297
31803
39708
58635
104862
203522
365820
573641
757693
836789
788753
659569
513181
398467
317873
264660
226919
196692
170282
147588
129057
114651
103331
95806
89891
84801
