0
0
0
0
0
0
0
0
0
0
0
0
0
0
0
0
0
0
0
0
0
0
0
0
0
0
0
0
0
0
0
0
0
0
0
0
0
0
0
0
0
0
0
1
1
1
0
4
2
3
2
3
3
2
3
2
6
3
5
4
5
2
2
6
3
5
7
8
3
4
8
6
7
4
13
12
12
10
19
24
22
24
39
28
33
48
49
60
65
66
109
136
157
135
188
229
223
263
320
364
426
476
581
742
787
931
1210
1182
1127
776
713
574
423
199
99
103
102
118
126
144
152
164
197
219
236
263
282
282
313
318
331
369
379
420
371
413
346
319
310
282
212
193
182
164
158
151
167
194
201
241
251
279
257
298
344
367
361
337
361
263
276
259
226
208
210
193
222
212
216
259
275
311
309
279
314
298
288
249
221
228
205
185
246
200
246
267
270
284
307
285
269
261
259
227
245
233
232
219
211
221
238
235
283
289
272
248
270
254
263
235
228
225
229
242
228
227
270
267
279
268
251
251
281
218
254
236
222
264
260
260
224
242
272
259
273
276
252
265
242
236
218
244
237
222
218
239
267
267
244
235
259
275
271
247
243
231
250
226
231
225
215
226
233
267
247
269
229
232
256
276
257
259
275
237
252
237
244
229
248
258
255
227
221
269
269
252
272
259
250
261
258
264
274
282
267
272
274
265
273
239
297
263
243
296
304
291
265
228
253
277
230
267
226
235
251
260
253
249
216
239
280
270
254
263
275
268
252
251
242
264
271
298
254
232
246
261
278
264
234
262
272
275
238
270
268
290
279
230
249
252
265
274
265
266
278
246
252
262
267
277
299
268
256
252
243
248
244
268
270
244
277
274
275
243
233
225
278
256
259
273
224
271
238
267
268
298
280
262
274
261
221
247
259
260
279
252
278
258
249
272
292
236
268
280
267
263
237
234
253
249
263
260
243
266
258
254
260
264
258
283
263
280
273
235
274
275
259
287
263
260
259
249
233
244
260
258
245
251
271
250
256
229
235
262
238
258
245
237
238
248
267
300
263
248
300
270
261
288
245
271
242
258
279
260
272
255
255
270
275
231
278
258
273
262
277
280
252
273
267
266
238
244
258
265
247
264
249
250
229
277
292
257
254
265
258
272
253
247
268
272
268
254
264
250
245
242
271
239
260
242
214
236
256
262
289
245
275
253
280
233
243
265
243
268
247
246
254
238
250
240
246
278
258
250
239
275
237
262
261
243
240
244
256
284
235
251
237
303
266
254
243
252
238
250
238
255
244
255
224
262
257
259
290
253
249
265
275
249
252
241
296
279
261
253
258
270
264
260
248
243
240
250
261
273
272
259
252
225
284
257
247
277
258
233
229
233
273
239
245
277
255
254
235
260
256
258
248
263
230
256
250
259
227
302
236
255
271
252
241
232
253
252
249
275
233
253
255
258
265
225
272
259
231
265
269
257
262
274
229
285
257
229
231
247
219
236
251
254
253
269
230
228
245
262
269
264
223
251
255
241
271
250
231
222
243
263
269
241
236
226
235
225
238
224
242
224
238
260
243
238
256
234
278
244
259
265
253
238
255
239
263
219
221
244
242
255
243
241
238
285
255
232
266
223
256
256
227
249
233
254
223
233
239
253
251
239
246
231
242
206
214
252
238
214
223
260
215
231
244
205
245
255
214
236
223
221
241
216
220
237
225
240
215
250
233
191
240
223
246
233
228
233
241
239
258
261
214
208
232
224
209
227
216
240
235
223
214
263
223
211
241
209
225
203
212
239
247
212
240
261
229
237
237
205
210
242
240
228
237
240
218
222
235
205
238
219
221
225
238
241
246
209
210
237
229
224
231
217
199
242
236
241
222
209
218
242
218
235
233
213
197
222
210
232
251
222
214
234
236
223
240
207
215
235
217
207
221
235
218
219
238
208
222
240
232
219
194
225
228
224
228
208
261
234
213
208
200
204
226
213
212
237
250
236
250
203
219
257
232
238
201
217
222
201
225
222
230
205
206
216
248
216
233
213
239
232
211
212
229
227
222
231
217
202
228
235
208
224
238
231
218
212
220
208
202
223
229
205
224
226
233
230
230
258
237
213
214
224
224
218
241
234
210
243
266
224
207
207
229
211
198
214
234
208
237
205
237
235
233
221
237
242
217
227
218
217
217
232
263
226
230
242
228
233
238
225
233
222
244
224
235
255
227
243
248
245
234
247
227
230
221
259
240
249
244
258
203
248
243
231
257
291
266
259
257
282
287
289
271
276
245
300
306
306
295
286
305
296
307
308
284
295
279
288
305
273
304
296
294
273
312
299
332
283
308
298
282
325
289
310
310
307
274
302
324
276
284
292
326
313
275
276
271
274
243
294
274
251
268
229
249
225
249
260
246
236
254
289
269
271
255
264
267
250
263
253
272
218
232
250
266
258
224
233
222
263
214
226
230
262
207
211
230
232
222
207
231
194
243
245
240
219
207
277
237
241
231
209
207
241
222
217
214
209
237
229
226
253
229
214
200
182
197
204
237
210
211
234
198
208
213
200
217
234
200
191
218
186
235
220
236
214
216
218
206
232
233
225
224
268
266
252
263
257
284
219
220
211
213
194
211
216
230
179
231
221
213
214
205
214
203
200
201
210
197
192
191
209
191
203
192
198
187
175
197
207
218
192
193
201
200
200
210
194
198
211
198
201
225
187
186
184
204
228
192
183
187
187
178
194
196
189
196
200
199
190
192
180
188
189
181
215
203
206
196
185
197
185
207
221
202
206
198
208
200
213
191
182
200
202
185
191
187
186
175
177
171
192
193
184
187
194
185
181
173
197
196
169
184
195
199
162
164
207
173
195
229
197
208
209
199
194
163
181
162
182
163
199
170
193
194
178
218
184
169
190
192
176
182
171
197
189
184
194
197
193
193
171
183
196
182
187
174
182
199
177
174
192
185
207
171
201
197
199
177
192
181
187
196
192
197
166
191
198
175
182
182
152
186
201
193
185
187
192
172
175
164
168
196
193
183
196
198
162
214
200
169
172
168
203
178
195
187
202
173
165
201
174
178
182
182
190
188
173
195
190
186
184
201
189
185
210
198
179
184
181
178
166
176
185
179
182
187
171
185
204
167
188
194
208
177
169
186
175
179
179
198
201
184
165
190
161
169
173
186
168
169
183
204
173
173
167
190
176
187
202
190
178
181
182
184
186
151
173
186
195
177
188
192
155
147
205
168
160
183
203
185
195
203
201
204
192
187
192
189
180
190
200
181
170
185
173
204
185
174
186
174
177
181
195
177
168
196
192
177
167
196
209
171
186
140
154
177
176
152
174
160
167
155
152
186
185
165
193
176
175
186
180
174
192
189
199
182
155
189
170
173
198
177
188
162
210
160
194
171
162
177
179
178
158
173
160
181
178
182
193
201
205
218
214
214
177
189
195
199
188
190
192
197
199
192
181
172
187
186
178
198
168
187
196
198
163
188
158
169
195
167
168
182
151
185
179
157
164
159
163
170
183
139
160
172
174
162
183
164
168
160
163
157
143
172
169
171
179
151
167
161
189
170
171
189
172
177
161
179
195
180
188
156
160
191
202
165
166
142
162
161
151
158
190
187
174
180
178
152
152
172
164
167
180
180
189
188
165
170
167
176
173
191
180
156
171
171
181
164
177
150
139
158
164
179
182
151
176
157
183
182
169
176
174
167
152
151
168
163
158
154
160
149
192
184
153
177
180
179
186
164
160
187
158
170
154
187
167
181
178
192
195
202
174
183
167
182
165
164
172
155
161
167
146
180
158
146
171
159
154
168
175
171
169
158
187
172
173
141
175
149
163
159
159
165
144
168
165
161
169
180
177
180
174
157
154
174
186
156
178
171
151
177
176
147
155
168
208
177
160
207
183
179
164
192
190
186
170
172
160
174
171
152
172
151
169
180
178
151
163
181
169
155
162
173
168
170
170
139
166
168
174
164
154
156
152
163
145
152
147
168
180
144
148
158
164
154
157
186
171
168
145
158
156
183
143
187
163
187
163
149
151
148
135
168
168
142
151
173
167
168
163
168
166
167
181
172
160
163
155
144
155
167
174
186
163
169
170
146
173
150
169
141
169
166
163
180
164
154
130
138
173
149
162
153
163
155
154
152
170
152
159
154
161
163
149
154
166
168
161
164
185
167
180
164
153
148
149
160
161
151
165
171
184
157
151
164
147
143
157
149
151
158
159
167
172
146
162
153
184
163
163
145
146
153
148
145
171
193
154
150
154
171
152
155
144
149
157
177
169
154
172
163
159
155
154
163
161
176
167
151
138
150
151
146
148
153
141
166
179
171
162
146
154
154
157
156
163
168
146
155
163
161
145
152
131
160
159
147
155
160
173
158
163
138
152
164
169
134
157
163
155
152
145
148
144
165
162
162
179
150
169
147
155
212
135
148
156
134
147
174
165
142
151
120
153
158
155
158
161
166
132
153
162
116
190
164
122
141
152
170
152
145
145
160
135
176
145
151
161
152
151
146
152
162
161
147
147
134
139
141
152
181
157
157
142
165
169
155
141
169
143
164
164
161
162
155
151
148
181
177
155
154
152
154
165
141
174
151
159
124
179
137
176
145
146
164
144
159
169
149
148
169
162
168
150
151
149
153
165
160
162
137
127
136
160
120
157
148
134
151
107
152
145
150
135
170
156
157
183
152
164
150
171
137
146
138
158
142
146
160
155
173
143
147
148
138
146
165
137
166
138
154
143
145
153
145
169
136
176
151
154
143
164
149
160
178
158
158
160
145
143
148
139
120
143
129
142
151
146
148
154
135
166
152
141
155
141
134
156
158
134
156
148
127
164
158
142
144
149
153
157
143
147
145
166
136
152
163
129
149
171
146
153
151
141
157
162
146
163
148
145
151
154
167
143
157
142
158
163
170
162
127
151
169
158
149
167
141
149
141
157
144
158
144
147
153
148
152
139
139
156
136
139
140
147
175
127
132
155
128
173
163
169
141
156
156
131
143
134
143
165
173
159
154
151
141
150
144
152
152
166
140
138
154
155
150
146
142
126
151
130
151
144
141
161
140
127
156
141
131
152
161
147
144
168
153
152
155
113
122
149
189
148
142
123
137
164
141
159
138
150
156
137
151
146
140
137
134
147
152
139
171
151
152
156
146
136
138
133
158
152
126
146
145
131
157
150
154
153
147
131
150
135
136
145
146
165
151
137
129
140
146
150
144
155
141
133
146
172
165
166
137
138
165
135
151
168
154
139
163
149
159
146
127
139
146
163
134
143
140
159
137
143
150
147
140
161
128
137
151
151
126
139
140
148
145
161
152
150
140
151
127
128
147
130
165
166
152
138
140
145
148
149
130
154
153
157
157
142
147
156
147
119
140
136
138
137
152
153
138
115
142
143
144
141
152
161
141
145
145
142
153
128
158
143
137
167
147
161
153
148
163
133
149
158
144
154
171
144
164
135
133
135
136
149
152
132
152
132
137
139
142
135
144
127
146
150
152
152
142
158
151
164
149
139
140
155
143
138
133
155
140
163
131
145
135
149
147
135
118
151
140
164
169
158
134
136
151
153
145
126
138
150
140
167
154
142
148
147
138
137
156
144
132
142
146
128
144
139
144
144
148
137
124
147
143
121
172
147
151
153
146
124
145
151
128
135
155
150
135
153
135
132
160
147
164
132
137
158
151
149
129
135
130
151
128
134
149
154
142
157
159
131
144
154
153
143
147
142
162
137
172
165
163
163
150
155
165
153
156
172
141
160
141
156
148
139
159
117
155
147
151
137
136
127
129
149
126
151
148
151
145
153
130
139
118
134
128
141
154
142
156
134
145
132
173
154
153
166
126
156
132
145
153
162
160
138
160
155
137
135
144
139
135
141
140
159
123
142
132
155
155
140
150
162
131
129
136
133
146
136
136
136
145
145
163
150
147
133
141
135
150
138
138
144
155
161
159
153
139
127
135
146
150
139
160
162
157
148
140
168
172
147
137
157
129
159
168
134
141
151
134
120
140
150
149
127
133
148
132
139
144
143
138
122
134
154
174
141
135
135
167
154
120
128
150
145
154
156
161
145
137
155
145
150
152
138
154
142
161
157
168
132
153
132
147
137
141
140
149
157
145
146
162
117
158
132
132
120
137
144
154
136
159
155
156
144
131
138
130
131
147
111
138
126
152
134
158
155
140
156
146
128
150
129
139
141
167
140
138
153
142
134
139
138
149
124
151
151
132
124
155
135
159
119
152
137
150
153
134
144
142
125
138
136
144
141
143
132
133
116
162
160
119
141
141
132
133
149
146
131
131
145
140
141
136
139
145
165
145
145
138
132
154
141
123
149
128
135
147
113
131
144
141
145
155
165
128
144
143
119
115
145
133
145
151
142
136
132
121
150
140
143
149
140
134
133
141
128
150
141
132
127
124
158
122
135
147
143
132
144
127
156
138
124
143
132
146
136
139
139
157
143
132
169
142
124
139
137
150
149
131
129
142
140
140
157
142
142
140
150
157
124
167
134
129
142
150
150
129
151
147
147
151
144
151
166
151
144
164
145
135
140
151
127
136
146
146
153
171
184
193
159
152
172
152
166
146
146
166
149
162
159
140
144
127
132
140
129
137
144
131
140
148
163
129
132
142
153
145
139
152
129
146
137
136
130
153
146
135
136
137
134
154
136
131
144
148
134
133
133
121
132
127
149
144
158
155
119
147
145
159
133
165
151
139
141
124
148
154
138
144
139
159
129
144
137
147
107
155
142
163
156
156
158
153
144
135
155
140
136
149
152
134
124
142
143
126
141
117
135
146
130
162
143
174
154
142
158
133
140
159
148
122
131
125
142
148
141
115
155
122
141
148
134
125
130
128
164
159
137
153
160
150
154
175
174
168
143
158
177
158
146
165
135
158
145
155
147
131
127
151
117
133
162
157
160
148
134
144
130
127
132
137
138
141
137
150
151
138
145
166
128
134
140
164
148
127
136
142
133
144
163
131
129
135
148
136
144
141
130
141
136
145
156
138
141
139
154
141
137
139
149
127
169
157
163
143
149
151
172
145
134
119
156
129
143
163
144
128
150
139
136
151
170
158
148
152
143
152
135
117
139
140
152
152
149
159
130
129
157
149
153
152
157
123
157
141
140
149
148
157
142
161
142
158
158
144
140
151
155
139
140
153
136
162
170
131
130
137
150
170
139
159
153
123
152
145
138
147
130
155
149
135
134
144
145
161
150
130
127
153
151
143
143
144
139
140
148
154
163
135
151
146
139
163
170
141
156
149
128
168
144
144
149
144
144
147
142
141
140
149
166
120
137
163
153
134
170
144
121
145
134
147
157
152
157
125
173
139
154
142
141
123
145
153
143
144
143
137
140
146
132
143
120
142
128
147
155
150
165
160
128
130
142
129
148
135
149
167
136
135
149
146
135
138
172
162
140
113
133
161
132
164
155
153
149
139
140
162
143
138
148
164
150
155
163
151
171
150
126
157
176
171
142
127
162
177
143
140
145
136
139
132
149
163
174
168
125
150
147
144
153
136
133
161
124
149
143
145
161
126
156
149
151
168
136
155
153
155
144
124
151
152
143
176
140
153
143
138
140
140
124
150
163
160
138
155
168
137
159
168
160
153
131
137
142
145
153
149
132
125
182
166
137
155
138
141
157
143
156
161
143
152
157
164
138
139
156
164
137
133
129
169
141
168
124
150
143
150
162
148
144
170
133
149
133
148
140
142
162
160
162
144
135
151
138
135
157
154
151
140
156
157
140
139
127
149
145
146
162
165
149
150
153
143
144
152
160
159
167
164
159
150
153
150
183
151
141
158
146
161
140
166
152
144
149
121
144
173
158
149
125
155
145
135
147
145
167
155
162
156
141
156
150
157
134
157
146
141
156
135
147
136
153
162
171
157
138
161
155
143
171
174
145
135
156
167
164
131
159
139
131
165
152
153
164
168
148
149
161
139
157
141
158
147
145
158
149
176
142
163
153
167
162
143
168
182
163
156
150
151
139
142
158
147
156
149
163
135
131
142
143
163
136
134
161
169
133
145
137
150
151
164
151
141
147
144
122
168
161
146
134
150
151
145
165
138
145
156
143
147
146
145
138
167
149
169
174
137
133
156
154
125
159
151
138
146
155
156
152
157
167
148
167
168
144
158
166
154
140
170
190
161
163
175
170
151
165
140
143
145
154
157
153
141
181
156
171
131
134
170
167
156
147
152
146
169
159
158
150
176
160
156
166
154
158
163
165
149
131
154
162
146
145
148
149
165
159
150
153
152
144
140
157
160
147
166
154
147
132
142
142
166
156
169
162
161
167
126
129
172
126
132
154
153
161
148
167
166
159
159
158
177
138
165
168
140
147
154
171
155
149
158
147
142
174
150
155
153
172
144
143
161
182
171
172
134
157
166
170
171
167
198
166
158
158
172
161
156
153
155
149
142
158
152
159
145
150
152
158
158
161
173
159
167
140
162
178
157
168
145
162
150
164
168
160
157
160
160
159
151
162
141
174
161
160
178
153
153
161
134
139
149
175
135
155
146
151
157
155
162
157
180
176
161
139
140
149
166
150
168
165
164
159
175
165
153
145
149
161
180
168
179
149
175
166
170
159
172
158
167
156
177
144
171
153
176
139
164
162
197
140
162
164
147
157
156
176
172
171
167
162
169
157
169
187
161
189
152
143
145
155
166
167
165
154
154
169
152
145
178
168
171
158
176
168
172
178
158
156
183
173
164
172
177
157
170
158
171
176
175
168
153
144
157
157
165
185
168
173
173
170
179
201
171
168
155
149
170
157
183
155
188
174
144
164
174
145
145
160
176
168
170
158
178
170
161
178
166
147
177
169
159
177
172
159
167
189
169
172
163
169
173
165
174
164
169
168
170
162
170
205
151
167
175
155
160
170
164
152
167
183
167
175
186
152
181
174
178
181
174
150
185
165
155
156
176
174
158
167
170
156
172
158
164
142
178
151
169
177
152
154
168
164
151
162
152
189
190
160
165
207
161
148
146
191
156
149
163
154
173
180
157
194
173
189
206
184
191
152
178
202
160
173
154
163
164
200
171
184
193
161
181
159
162
174
148
179
169
170
191
175
160
171
185
167
153
169
186
152
174
173
166
167
179
163
179
197
186
173
182
170
187
194
177
156
154
186
172
194
157
155
177
199
193
171
155
170
175
181
181
177
182
182
137
185
157
157
179
187
148
190
191
186
189
171
190
186
167
216
170
171
184
169
204
163
178
184
185
163
168
192
165
158
192
184
169
188
172
164
164
173
176
176
170
179
204
168
172
166
167
189
190
173
151
167
187
177
192
215
187
206
213
203
192
206
197
209
208
190
200
200
180
185
206
216
219
178
208
168
178
195
156
181
181
165
172
186
185
185
183
181
175
178
191
163
188
176
180
195
175
201
198
177
179
190
186
163
178
179
175
172
190
167
172
192
173
191
174
186
188
176
166
189
193
180
211
182
184
184
191
174
163
181
185
196
175
191
179
173
199
187
187
192
172
190
197
197
180
170
191
180
184
190
176
157
171
180
185
186
166
193
157
189
195
189
183
185
200
194
157
187
219
181
214
171
180
199
192
170
191
193
183
170
171
201
189
176
171
166
165
165
180
207
187
203
194
206
172
209
182
202
207
215
170
182
196
186
173
191
195
192
179
183
209
183
189
190
182
191
179
200
203
194
195
192
212
181
193
169
199
194
193
211
191
204
197
201
188
208
179
192
187
186
204
191
196
178
186
197
196
192
178
181
182
189
219
211
188
184
190
181
189
205
189
206
193
221
203
193
215
211
160
194
216
209
199
169
197
188
228
197
207
200
203
188
193
185
182
196
200
188
204
214
184
185
188
197
205
190
201
214
190
194
228
188
190
208
205
214
204
193
187
210
218
224
214
196
201
170
192
193
184
214
195
192
203
202
223
169
185
212
214
183
204
175
200
211
218
204
197
208
195
195
212
206
214
203
221
217
197
222
203
191
225
231
208
197
203
179
221
208
216
185
180
205
214
194
195
227
220
208
196
208
220
217
204
194
203
194
195
181
189
202
206
214
214
210
222
206
188
188
198
221
198
194
191
240
215
194
224
221
191
235
217
243
217
192
212
207
213
199
209
230
216
202
198
213
211
201
223
227
225
212
197
222
217
219
247
213
212
237
240
200
214
213
194
225
202
261
221
200
217
237
255
190
209
202
221
186
208
200
164
222
186
212
228
225
243
224
233
209
219
218
226
229
209
230
253
183
227
229
223
237
208
240
250
232
219
218
228
225
223
233
223
193
209
200
213
212
216
227
212
203
223
240
230
214
227
254
207
229
225
226
231
220
198
230
218
223
214
222
185
238
232
209
250
223
249
239
228
224
203
219
231
231
233
228
251
221
264
257
224
245
257
239
239
250
245
242
217
218
238
228
256
239
209
221
245
225
231
224
255
250
215
243
248
221
225
246
240
235
218
237
240
263
249
192
244
236
222
244
217
198
258
234
253
233
225
242
228
223
193
235
222
228
239
269
245
238
232
254
236
239
262
218
249
243
248
268
261
239
261
237
261
256
231
252
254
251
233
242
265
244
241
227
231
242
262
229
262
232
227
249
234
250
212
255
236
219
269
247
241
244
237
255
241
227
241
231
277
236
256
260
245
250
269
226
258
209
262
274
251
253
245
235
275
242
231
234
248
267
264
235
242
232
247
223
247
229
257
244
282
235
235
244
244
254
272
240
260
255
265
244
263
244
251
268
242
284
245
233
258
248
257
259
247
258
259
252
248
270
259
255
254
247
229
259
256
261
267
225
261
272
253
244
253
272
271
244
271
292
276
258
284
260
264
235
247
255
249
245
273
235
237
271
263
237
250
272
265
215
226
244
245
280
251
251
287
239
235
280
243
255
263
257
273
272
257
259
228
224
265
245
278
263
271
214
219
236
264
239
226
272
225
247
211
250
241
249
221
223
240
218
258
219
218
251
218
245
212
246
232
212
235
210
208
220
234
216
208
223
216
222
193
215
205
209
210
226
192
202
209
210
197
194
197
193
217
227
180
202
195
211
209
197
193
208
183
196
219
204
202
190
213
219
181
188
202
222
168
177
188
189
198
207
176
202
163
201
201
191
207
179
210
184
213
162
211
169
208
180
195
212
192
198
189
202
197
184
200
189
192
173
188
196
205
170
200
196
200
193
206
161
193
168
169
159
160
188
172
170
208
181
199
191
193
194
173
181
202
175
162
183
184
198
186
186
203
184
189
170
173
207
187
200
192
176
179
171
171
174
178
185
177
155
177
179
193
183
182
186
179
164
180
173
180
191
177
183
186
203
177
180
183
197
186
185
167
182
178
184
161
191
190
181
180
166
174
187
182
204
179
198
221
152
185
172
170
194
199
173
204
174
187
189
191
201
165
205
179
180
142
181
160
197
197
171
173
203
175
181
189
180
193
166
183
168
149
170
180
157
189
196
185
185
179
193
174
170
137
164
175
181
182
182
160
194
185
199
186
187
180
162
159
187
203
173
161
180
181
178
180
166
181
160
161
177
205
207
161
166
182
174
162
165
206
165
146
171
155
169
179
168
174
182
175
179
196
170
168
179
173
170
184
172
170
170
178
182
175
164
161
187
174
207
182
159
160
207
178
186
178
168
172
211
168
172
173
179
147
190
150
174
150
173
179
172
161
166
179
157
180
175
150
194
169
177
156
184
175
181
178
174
156
158
174
180
169
165
171
164
177
172
159
150
168
181
165
174
160
156
184
129
156
161
162
154
167
150
168
166
163
180
198
178
165
153
182
171
170
179
164
150
182
160
182
176
150
158
171
183
146
174
175
166
151
181
168
178
162
182
163
156
173
179
190
189
153
159
177
160
180
172
160
158
166
175
154
155
171
167
139
164
181
151
157
146
139
178
150
170
142
138
181
173
164
157
176
150
160
187
167
152
178
183
190
174
185
197
151
155
169
171
163
167
139
196
198
145
181
151
150
150
156
170
162
157
160
163
160
153
148
180
153
167
175
143
160
197
138
181
148
172
137
170
131
167
160
157
140
148
180
170
161
170
184
175
175
161
179
176
164
137
155
168
165
159
169
150
179
168
157
168
169
179
157
163
185
153
181
185
149
146
156
167
169
160
183
161
137
155
178
163
170
157
138
165
160
187
178
155
165
179
182
161
164
176
140
154
163
145
162
153
164
179
152
182
153
163
158
151
144
170
145
145
178
164
169
180
142
171
149
162
165
169
139
165
162
159
162
160
159
164
180
189
149
171
158
171
170
160
140
154
145
157
172
160
166
184
177
160
169
166
154
143
164
163
154
165
172
175
152
164
160
176
141
192
138
181
158
161
152
170
145
182
159
163
157
159
170
165
168
147
160
175
120
152
169
169
159
168
162
157
170
179
157
160
171
171
159
160
168
147
166
179
156
154
192
153
160
165
166
160
167
175
172
170
173
163
161
171
163
165
159
176
158
165
161
169
174
158
155
168
158
148
161
183
150
153
157
159
171
174
159
169
166
166
170
165
164
189
160
158
180
153
175
150
171
172
164
155
178
156
149
151
183
153
159
167
164
163
175
175
180
148
181
176
134
189
160
163
149
157
155
173
153
184
188
164
164
181
153
178
172
159
148
160
150
164
176
170
176
181
171
184
167
152
207
165
175
175
141
165
151
174
175
132
146
164
161
143
184
171
163
158
169
154
166
166
152
156
156
154
148
162
182
150
167
166
122
159
166
145
141
136
151
157
133
149
142
144
139
153
129
155
142
120
142
148
135
155
128
147
139
138
128
139
129
113
136
108
108
135
126
123
137
120
121
112
130
133
127
132
114
106
120
134
113
122
97
105
106
117
102
118
107
106
116
128
105
110
101
111
111
108
105
108
96
97
97
96
108
92
116
109
89
97
89
98
98
110
115
97
117
111
101
111
104
124
113
100
101
115
95
116
93
111
116
107
98
120
101
95
132
84
92
97
97
99
94
93
75
97
106
104
114
101
102
89
102
112
104
100
93
104
101
76
94
97
116
83
86
88
106
129
114
94
98
104
101
104
105
96
93
108
89
91
96
100
82
82
97
100
84
94
83
89
112
70
93
76
102
85
86
104
100
90
92
84
87
103
84
99
93
74
107
76
111
107
80
89
85
82
90
87
78
84
75
84
82
96
76
97
94
105
112
90
91
102
95
93
87
93
106
90
95
95
112
107
113
101
93
117
112
99
117
118
107
124
125
110
108
122
111
124
118
114
113
115
115
105
130
112
117
121
131
124
131
141
121
109
121
110
109
114
108
130
129
138
118
127
129
145
127
143
141
129
146
137
144
140
138
146
155
144
159
151
164
169
150
157
149
167
180
179
167
199
176
188
191
215
203
204
209
239
257
320
479
721
1132
1748
2675
3573
4960
5931
7039
7679
7911
7705
6959
5916
4979
3884
2998
2165
1635
1286
1029
772
590
489
361
266
246
210
185
140
120
97
100
90
82
100
72
70
59
55
66
77
55
64
70
49
76
70
70
73
57
66
55
65
56
54
53
50
60
55
50
63
62
58
64
58
63
62
56
61
61
69
50
42
53
55
59
63
71
43
72
51
63
64
57
75
58
59
49
57
55
64
64
44
62
53
58
50
52
54
47
66
54
56
54
52
58
52
62
51
51
65
50
46
52
50
55
57
50
37
44
36
43
45
68
55
48
45
57
46
52
47
54
51
43
46
33
51
33
49
49
50
51
37
58
45
42
33
35
53
52
44
49
48
34
49
50
33
47
38
43
42
41
53
46
37
43
51
46
46
49
30
62
50
39
42
45
51
39
42
39
42
50
39
46
42
36
28
37
41
36
45
40
45
34
35
33
43
33
38
31
43
42
40
45
48
45
32
32
52
37
43
40
37
34
41
45
31
37
49
36
38
47
28
35
39
43
26
29
34
20
39
34
39
37
31
41
26
32
29
35
39
29
38
39
31
44
26
29
54
46
30
35
39
37
29
43
31
27
31
30
23
42
26
32
31
32
34
35
27
35
22
36
30
27
35
37
34
22
33
20
27
24
28
25
35
21
38
25
26
24
34
33
39
27
22
27
25
22
26
29
30
24
27
32
19
23
24
41
26
21
26
29
22
27
23
33
30
16
23
25
23
19
26
24
22
26
28
15
16
23
28
37
17
18
30
20
31
24
31
24
22
14
29
34
26
28
24
16
19
19
24
29
12
20
23
18
24
38
22
27
27
20
15
27
19
30
31
30
21
22
21
21
19
25
19
13
18
17
24
15
21
18
14
24
15
29
20
16
31
25
21
15
15
23
24
17
19
16
30
20
16
21
20
10
23
28
24
20
12
17
25
17
21
20
26
14
23
22
15
21
16
27
15
21
10
26
16
14
20
23
14
20
19
14
22
19
16
20
20
15
22
18
21
17
23
19
19
20
24
19
15
19
19
15
13
19
17
17
23
16
16
15
25
16
21
13
15
20
19
10
21
15
19
16
23
21
15
17
13
26
19
22
20
20
15
19
20
21
15
25
15
22
15
12
18
20
21
20
20
26
19
21
14
15
12
12
15
23
17
26
20
29
9
14
21
27
16
20
26
19
24
12
25
17
19
26
17
21
21
16
21
21
19
20
16
16
15
18
12
29
17
16
18
23
17
21
10
15
17
14
12
19
17
19
16
19
14
22
19
21
21
21
16
19
19
15
19
27
19
19
16
16
14
15
19
22
17
14
11
17
17
17
20
16
16
19
13
15
23
10
13
15
15
20
16
19
10
15
16
15
15
18
21
17
14
12
16
26
14
15
19
12
13
15
19
17
17
16
19
14
17
22
11
21
13
19
21
19
14
18
15
22
15
25
24
18
14
13
16
18
16
16
21
14
16
18
15
18
14
15
15
13
18
18
12
20
13
14
8
18
20
11
23
14
11
20
12
17
21
24
16
18
18
11
19
18
19
19
13
17
14
13
18
16
9
14
15
20
17
8
12
13
12
17
19
17
12
13
23
14
21
21
15
9
18
25
21
22
20
23
24
14
21
14
15
17
23
22
24
24
24
30
24
31
30
23
29
29
24
29
38
27
26
41
28
30
31
29
35
33
41
24
48
44
32
52
33
39
31
37
44
46
44
42
37
48
45
40
39
38
66
50
47
61
55
43
66
69
42
64
60
55
48
71
76
72
65
75
68
61
83
67
64
70
70
82
92
90
88
78
80
84
86
82
89
83
102
74
112
105
121
104
114
145
120
161
149
211
331
482
795
1233
1842
2640
3586
4650
5514
6331
6754
6851
6552
5755
4947
4119
3292
2426
1916
1410
1088
871
668
497
353
277
213
162
131
88
80
45
32
37
31
20
25
13
17
5
13
15
11
5
11
7
7
7
10
4
7
3
8
5
3
4
3
4
4
3
5
6
2
2
3
4
4
4
1
6
3
6
4
4
4
3
3
8
5
6
3
4
6
3
7
4
8
4
6
6
2
9
2
4
4
6
3
4
6
3
2
10
3
3
1
5
8
4
5
2
3
8
2
7
6
3
3
4
3
3
9
5
6
2
2
3
4
6
2
7
7
2
1
5
4
2
5
7
2
2
6
6
9
4
4
3
1
4
3
9
4
1
4
2
2
3
1
5
6
4
6
10
3
2
4
2
5
1
4
2
2
4
3
5
2
6
10
6
1
3
3
2
1
4
2
2
6
3
7
4
6
4
6
5
1
3
4
4
5
2
5
3
6
3
3
5
6
3
6
3
7
4
6
6
7
3
6
3
1
3
5
3
3
4
3
5
4
4
3
6
5
2
4
1
5
5
7
5
5
8
4
5
5
8
7
8
5
7
4
4
4
2
1
7
6
4
3
3
2
5
4
2
3
4
7
3
5
2
4
3
3
2
7
1
6
4
3
3
4
5
6
5
2
1
4
5
6
5
6
5
3
2
6
4
6
2
10
3
3
2
4
1
5
3
2
7
1
2
0
4
2
4
3
2
4
7
3
4
1
7
4
3
5
3
4
5
4
1
4
0
5
3
4
1
4
4
5
3
6
4
12
5
1
3
6
2
2
4
4
1
4
4
5
3
7
1
4
6
6
3
6
3
0
8
1
3
4
3
4
3
2
6
4
1
6
2
3
2
3
2
4
5
2
2
3
4
4
2
3
7
4
4
3
4
4
4
1
2
5
3
6
3
7
4
4
6
5
2
3
5
4
5
5
2
5
3
0
2
4
4
5
5
5
2
12
2
3
4
2
4
1
4
0
3
3
2
3
3
3
1
4
5
3
4
8
2
2
4
3
5
5
3
8
2
3
1
3
1
2
3
4
1
2
3
4
6
3
1
2
4
3
3
1
3
1
3
2
3
4
8
5
1
4
5
2
3
1
6
2
8
5
4
1
4
4
7
6
4
7
0
5
3
5
1
5
1
3
4
2
4
5
2
1
2
3
1
4
4
5
4
6
2
3
2
3
3
2
1
3
1
5
4
6
7
3
4
9
3
3
4
4
3
3
4
2
5
1
2
1
5
2
2
5
2
0
2
5
2
8
3
5
2
4
5
4
6
2
5
3
0
3
5
3
0
10
5
5
4
4
6
4
3
1
4
4
3
3
2
1
4
6
2
4
3
2
2
3
4
6
2
6
3
3
7
4
7
3
3
3
1
5
6
3
1
3
1
6
3
2
4
6
5
5
5
1
5
7
6
2
9
5
3
5
2
3
4
3
2
3
4
2
6
3
3
4
3
4
3
2
5
2
6
8
16
18
19
32
44
34
44
57
46
67
64
55
43
52
39
32
15
15
14
10
10
11
7
5
6
2
5
4
6
3
2
1
3
0
0
2
2
2
2
0
4
2
4
5
5
4
0
2
1
5
3
2
5
1
0
3
5
3
4
1
3
2
1
4
3
5
1
2
4
3
4
2
5
2
2
1
2
3
2
2
4
2
4
2
3
5
3
1
4
3
2
2
3
5
3
3
3
2
3
2
4
0
1
1
6
4
2
1
4
4
1
3
2
4
4
1
2
5
3
1
2
1
0
6
1
2
1
2
3
3
5
2
3
0
1
1
3
4
2
5
2
4
4
2
2
4
3
4
0
3
5
4
3
0
0
5
1
0
2
2
2
5
4
2
4
3
6
5
2
0
4
5
2
2
3
2
4
3
7
3
2
4
3
4
0
2
2
4
2
6
2
1
2
1
1
2
1
2
3
4
1
3
0
4
1
4
2
2
2
0
2
3
3
5
5
4
8
6
2
0
2
3
1
4
3
1
6
3
4
1
4
4
2
2
2
1
2
4
4
2
4
4
2
7
0
1
2
4
5
3
2
6
2
2
4
5
0
5
3
4
1
4
2
2
2
3
3
3
7
4
2
2
3
2
2
4
3
1
1
3
2
2
6
1
3
1
5
1
5
4
4
3
1
2
0
3
3
2
1
2
2
3
4
1
6
0
1
3
5
3
1
0
3
2
2
0
5
5
4
2
0
1
5
2
2
2
4
4
2
6
2
0
3
3
5
3
1
1
0
1
2
2
3
1
3
2
5
3
0
3
4
1
0
2
4
2
1
2
3
3
0
3
3
3
3
2
2
3
3
2
6
6
1
0
1
3
1
0
0
2
2
6
0
3
4
4
2
2
3
2
6
4
3
2
1
3
2
2
4
3
2
0
3
4
2
3
1
2
2
1
2
3
1
4
3
2
3
3
0
3
7
4
6
2
5
2
3
3
1
4
2
5
3
4
2
3
4
4
4
6
0
3
1
0
3
3
1
4
2
2
5
5
1
1
2
4
6
2
1
1
1
3
4
8
5
4
4
5
3
2
5
5
1
1
1
1
0
1
2
2
2
0
4
2
6
3
2
3
4
3
6
0
2
3
3
2
2
4
0
4
2
4
3
4
4
0
3
5
2
2
2
4
0
1
4
4
1
2
0
2
4
5
5
4
5
1
2
2
1
5
3
1
2
3
1
1
2
0
3
1
5
3
1
3
2
3
2
3
2
2
1
4
1
3
6
1
4
0
2
1
2
1
1
3
1
0
1
2
1
0
1
3
2
4
0
1
1
0
2
3
2
2
5
2
4
0
4
2
3
3
3
1
4
3
3
1
3
2
2
2
2
1
2
6
4
1
2
3
4
1
4
2
1
3
3
3
3
5
1
1
3
4
5
3
7
3
5
1
3
1
1
5
4
4
3
1
2
2
1
2
1
1
2
2
3
3
5
2
1
3
2
2
5
3
1
1
1
2
4
5
5
2
2
4
4
3
3
4
6
4
0
4
3
1
4
3
7
3
5
2
2
2
3
2
3
2
3
5
1
0
2
3
4
3
2
1
0
4
1
0
3
4
3
3
2
3
3
6
4
1
3
5
3
1
1
3
45
48
61
50
46
56
61
47
49
51
52
60
48
53
53
43
33
42
53
61
48
59
54
41
54
45
57
51
62
66
54
59
57
64
52
51
52
51
59
58
49
48
41
53
64
49
61
52
47
57
48
39
59
42
59
43
55
51
45
62
55
63
47
46
56
44
39
49
49
48
51
49
47
54
43
58
48
51
57
56
39
47
30
48
52
51
44
57
41
60
48
50
54
43
38
44
44
49
51
55
44
61
51
41
57
49
47
57
47
54
52
54
48
55
55
52
50
48
48
39
40
49
64
39
40
57
48
17
