5146
4223
3577
2892
2504
2124
1900
1636
1425
1297
1102
921
823
787
693
645
580
538
545
438
496
478
435
427
419
420
371
390
377
387
392
353
383
334
318
336
317
337
331
302
326
347
303
325
294
295
282
315
330
331
288
298
288
273
274
266
300
290
270
295
267
252
283
284
260
265
247
244
253
255
271
246
240
272
230
271
242
247
232
238
219
272
256
236
232
239
249
251
227
203
200
249
217
207
220
245
226
211
208
243
196
205
192
206
221
232
225
217
194
216
201
224
217
203
237
212
228
239
207
216
216
190
199
187
218
211
219
176
185
181
196
192
186
188
191
184
189
185
196
186
195
184
180
187
173
203
193
160
176
184
165
167
182
183
160
195
179
183
155
183
143
170
175
174
170
169
147
162
174
163
151
157
182
172
167
157
178
161
132
156
159
168
151
172
170
163
155
143
169
167
158
137
153
142
150
167
157
147
157
144
149
155
174
140
169
147
171
156
178
122
147
157
142
141
154
154
153
145
154
167
138
148
147
176
131
141
148
136
139
123
139
135
134
143
135
126
132
121
135
118
113
102
113
133
136
126
141
111
128
103
120
111
137
115
129
123
112
124
127
115
132
129
116
121
156
115
117
122
124
123
137
116
116
124
134
126
114
124
121
109
119
118
141
124
111
113
126
112
107
135
109
137
111
126
130
115
109
117
118
141
132
132
122
126
120
126
114
105
129
105
132
119
101
115
104
129
131
106
117
113
103
132
119
114
110
116
127
114
125
101
96
133
130
111
115
82
119
100
114
109
108
107
115
125
99
97
103
103
90
108
107
98
121
96
106
93
116
111
99
131
88
125
124
114
117
113
106
111
107
98
116
103
123
107
118
107
83
104
123
97
94
95
106
103
103
101
109
98
106
124
89
107
97
101
117
104
98
91
99
90
126
95
100
94
91
94
94
104
115
85
99
90
102
95
104
95
89
104
96
105
115
78
95
100
94
92
81
104
83
102
108
90
89
94
94
107
97
91
104
94
106
109
94
92
89
98
90
94
113
102
84
99
93
101
98
78
97
102
91
77
106
85
96
93
90
92
92
84
103
96
95
97
87
87
106
87
85
94
80
94
103
86
109
94
102
79
110
78
86
98
76
80
87
90
87
91
93
92
101
85
89
85
87
76
78
91
86
97
91
83
93
91
88
73
83
93
99
76
97
86
96
78
97
106
87
64
93
71
82
86
81
99
90
101
79
72
83
82
85
90
87
82
85
79
91
75
91
92
77
84
91
81
93
89
89
86
95
90
71
84
74
77
91
89
100
53
70
69
89
73
76
81
83
74
67
72
64
74
95
81
81
76
93
68
96
75
86
67
94
82
69
102
68
71
80
68
70
83
78
85
81
72
82
73
86
85
83
88
61
85
92
73
73
85
79
88
70
81
67
83
65
75
81
89
64
85
80
69
72
58
78
73
92
72
94
79
78
82
62
82
75
77
82
67
70
67
97
87
78
77
83
81
66
71
76
79
80
82
69
73
74
71
69
75
78
72
82
74
78
69
69
79
76
84
63
63
73
65
81
84
78
102
71
68
82
59
68
70
77
81
74
82
81
70
72
72
66
75
73
84
79
69
61
69
85
69
61
70
65
68
77
65
72
77
66
69
70
74
62
63
79
75
78
70
67
62
78
75
80
76
64
66
77
83
76
86
60
64
68
58
72
74
69
62
86
69
67
61
67
73
68
78
58
63
77
71
72
66
63
81
70
76
79
68
69
60
73
63
73
77
64
65
79
82
92
60
86
89
77
78
78
80
70
63
61
63
58
73
64
53
72
65
64
77
66
68
65
76
70
83
73
69
76
57
79
69
53
70
69
57
69
65
74
79
57
68
71
76
71
61
79
65
52
68
76
70
80
70
75
76
80
70
75
61
68
59
65
65
71
70
75
71
62
55
75
47
58
53
87
70
69
51
67
74
60
69
69
51
72
72
56
71
67
68
58
56
75
55
69
64
77
69
59
70
61
63
67
62
64
65
77
75
54
59
61
69
72
64
77
46
47
66
62
67
79
67
57
71
60
66
62
70
66
59
62
58
59
54
54
69
56
65
76
37
56
76
46
69
70
69
68
56
55
58
78
46
63
54
60
76
67
62
65
45
53
57
67
65
64
48
46
37
67
60
56
62
66
70
56
63
55
59
63
54
60
67
58
58
57
60
58
77
71
59
60
53
51
61
63
53
67
55
63
61
66
61
58
62
63
51
52
61
58
57
55
71
69
54
49
69
61
60
42
60
56
72
67
59
55
67
72
61
46
59
60
61
58
68
66
53
62
56
50
50
69
59
48
67
41
56
71
57
62
54
59
55
62
50
66
62
66
64
62
65
46
66
61
54
64
65
58
62
65
54
55
66
58
61
63
51
72
70
61
60
58
57
70
55
62
60
54
67
67
64
54
59
62
53
62
56
51
50
54
61
64
48
52
58
62
63
63
47
55
54
57
57
60
62
60
62
58
44
44
60
57
57
55
73
52
56
49
48
57
54
58
52
51
51
48
68
53
54
40
57
64
59
59
63
68
57
61
58
52
49
62
64
49
63
50
58
65
40
61
54
55
71
60
54
50
50
53
63
64
64
62
58
42
67
58
53
53
54
61
57
50
61
45
66
42
57
53
54
52
62
43
49
49
36
62
46
48
73
43
48
38
63
50
68
43
63
53
61
54
51
46
62
52
49
50
45
59
57
62
51
45
54
47
50
48
61
62
53
51
52
54
51
44
53
41
52
52
37
44
41
56
38
56
46
50
48
57
64
49
59
43
55
43
58
65
45
49
47
54
58
61
43
49
50
56
59
49
56
57
42
68
71
47
45
52
38
62
42
72
43
56
51
43
48
59
48
51
55
38
47
53
57
62
39
49
66
45
50
47
49
50
44
38
47
41
41
55
39
53
45
41
45
43
59
31
59
46
46
43
42
46
62
45
42
32
48
53
44
46
59
39
49
43
56
29
42
39
47
60
60
53
47
52
46
50
43
50
47
52
40
39
52
48
44
49
50
53
38
68
42
44
42
59
42
57
41
54
58
57
41
42
49
47
53
38
50
47
36
69
50
40
49
47
37
51
39
47
43
49
42
37
45
47
52
47
54
48
59
45
51
47
33
45
29
44
46
46
54
40
64
37
32
47
42
44
53
52
41
57
43
41
44
47
38
46
46
42
44
36
39
50
48
45
50
51
42
36
36
43
49
45
21
45
57
36
43
34
58
50
45
44
39
23
44
47
47
54
51
41
44
46
32
39
34
52
40
48
40
46
31
36
38
48
44
43
39
35
38
42
39
34
33
53
47
48
47
45
43
36
42
44
51
42
40
36
38
44
33
39
36
45
38
50
36
51
41
35
53
43
35
36
36
45
45
42
40
46
48
44
37
43
40
33
35
40
47
51
42
62
47
46
37
38
51
49
47
45
43
54
51
41
41
39
40
49
31
45
37
38
37
45
29
41
44
30
52
32
45
50
41
46
47
46
40
37
41
50
40
52
35
39
35
46
50
48
42
41
49
41
43
47
37
51
37
37
41
37
40
38
37
32
38
40
40
53
37
48
40
35
41
42
39
38
45
46
43
57
37
36
44
33
45
46
47
36
40
39
41
40
29
39
45
29
34
37
39
54
32
51
46
38
30
37
36
41
31
37
42
33
45
46
36
46
43
44
49
41
42
44
50
44
34
47
41
29
44
42
37
43
38
39
38
32
29
31
45
46
50
26
35
39
47
32
37
39
30
41
37
42
38
39
32
38
43
38
54
37
50
32
44
49
49
35
31
44
46
36
44
39
39
43
27
31
30
46
37
41
33
42
31
36
35
37
54
28
39
38
37
45
34
42
47
43
38
43
28
61
35
29
46
46
32
41
38
43
42
44
39
47
50
32
24
40
41
45
36
49
40
39
28
35
37
30
42
37
37
30
47
44
38
28
35
43
29
24
36
34
41
29
33
47
48
33
36
44
38
36
31
37
37
33
31
38
31
39
34
49
34
34
44
38
37
31
32
40
26
44
22
36
26
41
42
27
39
35
30
36
43
34
28
26
36
33
41
38
37
40
31
39
38
33
53
46
31
39
38
37
28
41
43
34
23
36
35
38
39
38
31
40
29
36
39
32
35
40
30
40
31
45
36
35
42
44
30
27
40
33
35
46
39
38
34
35
41
36
34
33
46
38
37
36
29
40
30
37
32
29
28
42
29
37
30
32
36
40
39
38
36
36
34
40
25
38
47
32
25
34
41
40
39
30
40
32
34
43
34
24
43
38
38
44
39
42
34
40
26
27
32
29
34
31
42
30
26
38
42
27
30
36
36
35
22
34
34
45
39
20
34
30
26
27
30
41
37
35
37
28
34
40
38
34
53
21
32
36
34
30
38
23
27
40
27
38
33
33
47
34
25
21
36
34
28
38
35
24
44
34
37
48
33
37
29
37
41
40
36
31
30
22
51
34
32
38
26
36
36
29
38
26
20
28
29
20
48
41
33
31
39
31
22
33
34
32
34
26
29
36
33
38
25
33
44
30
33
21
22
31
37
31
43
33
27
34
34
32
34
26
35
34
32
42
38
33
35
38
42
30
25
43
24
50
40
32
28
33
28
28
31
40
28
29
41
22
44
30
35
29
44
28
29
20
35
33
34
25
42
32
32
24
37
32
36
35
31
38
30
31
33
25
32
29
35
24
38
28
38
30
35
22
29
27
30
35
33
40
27
26
22
36
36
35
33
22
44
37
26
42
32
36
48
34
32
34
26
34
41
32
22
31
37
37
24
35
40
36
41
31
22
37
38
31
27
47
32
30
33
35
32
33
38
35
37
46
28
33
46
28
42
32
28
31
25
45
38
35
27
31
30
27
37
49
36
28
33
27
28
41
37
23
29
31
31
27
30
43
28
32
43
26
30
28
34
30
30
25
26
32
35
28
34
22
43
27
28
14
28
35
24
26
30
26
33
32
37
31
37
26
31
27
33
37
28
30
31
38
29
32
29
25
35
30
34
26
29
41
22
35
20
37
29
33
37
28
29
30
24
29
26
39
27
29
22
33
38
23
27
35
35
40
29
21
33
32
39
29
35
36
32
27
34
36
28
32
35
37
33
23
35
22
41
38
18
30
23
44
30
36
29
27
28
31
24
31
29
22
30
34
27
30
32
33
18
39
29
29
31
37
27
29
36
16
39
38
33
34
28
29
28
30
33
20
25
26
39
32
28
43
38
29
31
42
30
33
26
32
26
31
21
36
26
28
26
31
33
32
30
27
29
33
39
47
39
29
33
31
32
39
41
30
33
23
22
24
30
36
41
33
23
27
30
29
28
30
38
27
22
38
27
26
30
26
37
26
29
35
29
31
27
26
32
20
25
31
31
23
21
35
27
30
32
33
26
27
28
34
23
36
35
34
30
30
33
40
32
20
27
23
37
32
22
33
26
28
30
28
21
37
33
27
33
31
40
37
30
31
36
30
36
34
26
28
27
22
42
24
29
33
26
26
38
31
31
35
24
33
31
28
30
21
36
29
31
27
32
29
35
23
18
28
28
37
37
27
33
26
24
33
27
17
29
27
27
16
31
28
24
25
28
31
25
32
32
29
27
27
35
28
26
30
31
24
32
19
27
23
24
33
34
25
23
44
28
31
27
26
27
29
21
20
30
25
32
27
25
33
24
22
30
38
17
37
31
23
22
26
24
27
26
41
25
34
34
22
19
26
33
28
28
23
32
25
15
32
27
25
20
29
33
34
21
36
33
25
26
29
21
25
28
24
29
26
31
32
23
29
20
28
30
28
31
31
29
33
35
36
27
23
22
25
23
24
24
28
31
26
33
21
19
25
27
19
31
30
29
28
21
33
30
28
26
35
20
21
29
30
22
31
29
33
28
27
27
30
27
30
27
27
30
27
38
24
23
26
20
37
29
32
24
32
23
21
30
19
24
22
21
16
34
34
24
25
35
21
29
20
22
31
26
16
33
22
28
20
30
22
30
32
24
24
39
32
40
31
32
34
22
31
28
21
23
22
29
24
28
27
38
20
26
26
26
41
31
27
35
33
26
22
21
30
21
36
27
23
29
37
29
38
27
35
20
20
20
22
36
28
26
30
33
33
22
38
30
27
30
24
23
18
23
19
21
29
25
19
24
21
27
35
19
29
25
23
26
23
32
24
27
23
24
25
33
35
30
23
31
33
21
25
24
35
24
21
22
19
27
29
19
32
23
26
23
20
28
22
23
24
30
22
18
35
24
25
23
21
21
29
23
35
29
27
32
29
33
33
34
25
29
29
29
27
18
24
25
25
25
23
32
31
25
15
29
22
23
26
22
22
31
33
21
31
29
22
23
30
27
19
28
28
18
22
30
28
27
21
19
29
18
22
34
21
31
14
21
22
28
23
27
18
24
22
24
28
31
29
28
26
31
27
36
28
23
21
32
32
15
24
21
22
24
19
33
15
27
16
23
23
32
27
33
29
24
24
13
29
19
23
34
24
27
24
32
25
31
29
19
20
28
26
24
31
23
29
20
31
29
29
33
17
27
32
24
34
27
33
24
25
23
30
19
30
21
25
28
19
28
26
27
17
17
17
25
21
28
22
32
27
23
21
24
28
24
28
24
29
25
30
19
26
14
27
19
21
20
25
23
34
15
28
21
24
35
23
22
32
30
21
23
22
24
20
25
24
27
30
17
28
23
23
31
19
26
17
27
32
21
32
28
24
27
25
20
30
30
28
29
19
27
22
27
20
21
25
19
24
28
32
23
27
27
26
29
32
23
21
21
14
19
28
25
29
39
25
26
30
25
26
24
28
22
19
28
23
25
27
23
27
24
26
30
28
21
21
24
27
24
19
23
25
20
25
28
20
24
27
24
39
24
22
17
27
25
34
27
29
15
23
21
26
19
20
32
19
30
31
26
26
22
17
18
21
24
34
23
35
19
25
27
24
26
16
22
21
30
32
28
20
24
26
29
18
24
24
32
28
31
14
35
24
20
22
27
28
34
32
26
22
25
18
17
18
19
25
30
18
17
21
22
29
21
30
26
24
21
27
24
25
22
27
24
32
31
24
28
21
28
22
24
26
21
17
16
28
23
24
24
27
27
28
25
23
16
21
19
24
28
26
26
22
27
25
24
23
29
26
30
21
36
24
22
32
22
18
23
25
24
20
29
22
27
18
25
29
21
19
16
27
22
29
20
28
21
16
21
39
33
22
21
30
24
14
20
27
25
24
10
26
25
17
27
31
19
22
21
27
22
20
18
24
23
28
25
25
13
20
21
29
28
11
26
24
24
19
18
14
16
26
21
21
24
27
27
31
21
25
24
12
24
27
34
17
24
28
23
17
21
18
13
23
30
26
19
32
25
30
16
30
25
16
18
33
27
21
13
17
27
23
22
14
14
26
28
32
23
38
22
27
28
22
30
19
21
24
17
21
15
20
24
22
27
35
23
22
19
20
28
24
15
23
26
31
22
22
23
28
18
22
28
26
18
20
16
25
21
12
21
16
23
30
30
17
22
19
26
26
28
23
26
28
23
20
24
29
28
16
22
26
22
16
19
22
29
32
28
18
27
24
26
16
23
17
23
20
19
25
30
20
20
25
20
20
24
26
30
22
27
17
24
20
13
18
18
24
23
26
17
15
26
23
22
11
22
30
33
22
25
26
29
25
21
32
17
33
27
24
23
12
9
20
22
24
30
20
31
24
30
17
28
27
21
23
20
19
22
25
23
19
22
11
26
21
27
23
16
26
24
23
23
17
25
14
24
17
16
19
29
33
23
27
24
16
35
14
20
34
22
22
24
21
25
27
19
16
20
16
21
32
16
28
28
18
27
29
23
22
26
25
21
25
20
26
28
26
29
25
20
24
32
21
26
13
19
24
25
17
15
15
18
25
14
27
29
18
23
19
20
21
31
19
25
30
25
28
25
12
22
20
22
13
29
22
31
28
24
16
30
21
11
26
17
27
19
20
26
21
21
20
18
20
21
17
30
26
22
20
23
19
26
22
24
24
17
20
27
19
21
23
30
20
16
19
25
27
22
22
24
16
16
19
24
27
24
16
30
28
19
17
25
23
21
27
25
20
27
25
14
23
21
31
26
24
24
25
19
23
25
25
17
28
24
26
12
20
28
17
22
18
18
22
18
18
26
21
29
22
22
18
25
20
21
22
27
30
24
21
25
28
22
26
19
14
19
20
22
26
25
19
26
27
21
20
19
22
19
19
26
25
20
19
14
19
20
33
22
18
26
19
25
23
19
33
19
19
23
25
19
23
25
23
19
26
22
16
24
22
23
17
25
30
25
21
15
15
24
27
30
18
21
13
20
19
25
15
16
19
16
19
20
18
27
30
22
25
27
24
17
21
18
22
26
14
24
15
25
22
17
21
31
26
24
25
29
22
21
16
26
24
22
27
18
22
23
22
20
20
18
16
17
25
14
25
28
30
25
23
10
18
21
24
21
22
25
18
24
20
31
27
24
19
16
28
16
19
19
23
26
31
14
22
30
25
27
25
23
21
22
18
22
20
12
25
20
32
18
23
20
13
32
29
21
30
24
20
23
40
27
19
15
28
21
19
15
18
18
17
20
27
18
21
16
22
28
19
27
18
15
24
20
24
25
28
30
16
23
30
26
20
28
21
22
14
20
18
27
20
13
29
20
20
21
14
15
26
18
17
30
23
20
22
20
25
24
25
19
21
24
19
19
14
13
28
17
25
25
22
28
13
24
18
24
21
23
17
21
23
24
18
24
18
22
28
25
19
22
21
23
28
23
17
23
22
17
16
23
18
26
10
12
24
24
28
25
26
30
10
21
33
19
18
19
18
32
21
14
29
26
20
23
18
30
26
16
17
18
22
22
23
25
22
22
16
27
18
17
24
24
18
20
20
16
26
26
24
20
27
22
27
21
18
21
23
24
29
24
27
18
22
24
22
11
22
21
24
26
19
24
20
18
26
24
22
27
25
28
29
18
28
26
18
22
18
21
32
29
26
24
17
14
9
22
19
19
21
31
26
23
14
14
30
18
20
18
18
15
24
19
16
21
25
20
16
18
23
24
22
19
22
25
19
26
14
19
19
33
20
18
30
18
21
21
19
13
19
22
20
22
23
21
22
22
18
18
15
14
19
19
21
16
21
16
25
29
21
21
23
20
15
31
29
28
20
25
13
34
25
19
19
23
16
16
14
15
16
25
17
18
29
16
20
29
27
17
24
18
21
19
18
16
24
19
19
21
21
16
26
13
13
27
13
27
21
28
22
19
20
19
20
24
19
23
24
24
20
21
26
23
19
14
32
17
19
26
23
16
21
21
27
28
17
21
29
22
25
21
15
26
24
18
15
25
21
14
22
21
21
18
25
25
22
21
27
16
29
29
18
16
25
21
28
16
25
22
23
12
20
19
15
19
27
27
19
22
32
22
21
27
15
25
20
14
16
21
18
21
20
17
18
29
22
14
24
21
19
22
21
25
26
18
21
24
25
18
21
18
17
32
19
18
22
33
17
17
14
23
25
18
35
21
16
25
16
20
23
19
27
17
16
22
23
29
17
26
18
21
25
22
25
20
15
20
28
20
23
22
24
19
15
22
28
24
29
22
19
18
25
21
18
25
16
14
24
26
15
27
13
25
24
20
25
15
28
16
16
17
22
19
19
23
24
14
15
10
19
16
28
23
14
16
19
15
18
19
20
25
14
19
17
19
20
14
20
25
15
29
24
21
14
19
30
26
28
19
20
18
19
27
18
18
13
17
22
20
13
14
20
21
18
23
20
25
19
23
17
19
21
22
22
28
27
20
8
30
20
16
26
27
17
20
17
18
24
19
22
28
27
15
24
26
20
16
18
19
25
29
16
23
20
22
21
20
16
24
18
12
22
25
28
19
23
16
24
14
26
16
23
18
24
17
23
22
23
16
20
15
17
23
15
25
14
19
18
26
18
17
24
24
19
13
22
24
12
22
17
22
26
21
12
23
24
17
23
19
26
24
27
19
19
22
33
14
20
24
15
24
20
26
15
21
19
17
10
23
21
18
17
14
20
32
26
21
21
9
23
29
24
13
25
22
20
23
23
18
24
22
29
13
26
22
31
14
18
23
18
34
25
20
22
16
30
26
21
21
24
22
15
27
22
26
19
23
25
25
24
19
23
18
25
24
23
24
19
20
15
22
17
27
14
24
25
15
19
16
28
15
20
22
23
23
30
31
18
19
27
20
18
14
20
27
18
13
23
31
24
17
25
17
15
20
30
20
17
24
20
24
22
23
20
24
20
21
24
18
32
23
26
18
25
14
23
23
28
20
20
24
18
17
21
23
15
26
21
30
22
24
25
20
22
19
21
23
21
21
16
18
28
25
26
23
20
19
26
19
19
23
18
21
13
25
18
13
19
29
21
20
30
18
23
15
20
29
26
22
25
21
18
18
17
23
17
14
19
28
27
22
27
16
21
27
18
18
22
22
23
19
34
14
26
24
25
27
16
22
17
21
19
24
15
21
26
17
26
22
20
18
21
28
26
21
15
22
24
28
20
26
17
20
24
17
26
20
18
19
20
19
31
25
28
20
17
22
22
22
13
20
21
17
23
22
19
26
17
16
20
21
24
21
37
16
17
22
18
23
25
23
22
23
19
23
23
26
27
23
24
17
20
14
20
14
20
20
21
21
15
27
23
28
25
23
27
21
25
26
21
28
12
17
16
25
26
13
23
24
16
18
18
29
30
27
26
21
20
17
23
25
29
19
28
21
26
21
28
25
22
21
19
25
16
13
21
22
17
18
17
25
22
20
20
18
18
11
26
26
24
17
24
21
26
26
16
21
17
22
29
20
20
19
29
24
18
24
27
24
14
27
13
25
20
23
18
23
19
20
14
22
15
22
15
21
21
24
32
19
17
18
21
17
23
24
21
33
18
20
19
12
19
19
26
22
19
25
13
21
24
21
30
18
24
25
24
18
17
22
23
33
17
24
26
16
24
11
25
13
19
13
25
24
19
28
17
25
20
17
16
19
14
24
19
20
21
20
20
20
25
15
23
18
15
16
20
16
28
26
26
21
21
15
19
18
15
18
29
17
16
18
14
25
27
14
18
17
9
20
19
19
21
21
24
22
20
14
17
21
22
17
23
20
14
10
13
17
17
17
19
19
25
19
17
13
24
20
18
19
17
22
14
22
19
16
17
19
27
19
19
27
24
13
20
21
16
22
15
24
19
16
22
24
21
20
19
17
15
13
23
17
22
24
19
25
15
16
15
13
19
24
18
22
12
24
16
19
23
18
34
13
20
21
18
25
15
27
20
22
24
12
28
21
17
28
17
11
17
17
17
10
20
16
22
26
22
30
16
19
22
16
15
19
15
18
22
25
22
22
17
19
24
15
16
17
23
27
29
18
17
18
25
23
8
18
15
20
19
16
17
15
21
22
24
15
24
19
23
20
18
9
21
19
16
22
19
18
22
12
26
18
13
14
18
21
15
16
19
19
19
8
21
20
14
14
21
15
16
22
17
18
21
18
25
14
30
24
12
16
17
15
13
24
15
16
16
16
26
18
19
15
23
12
18
25
15
21
12
19
24
17
14
26
20
18
17
21
14
18
18
13
24
18
11
20
17
14
19
22
14
24
9
19
21
13
14
12
16
22
25
15
16
25
17
22
25
18
16
21
15
19
11
20
23
20
13
17
16
16
23
23
19
13
21
15
20
20
20
21
12
13
25
9
11
15
15
25
17
15
17
22
15
16
12
11
19
13
7
30
17
16
17
20
12
16
16
18
16
15
19
13
14
11
17
19
24
14
10
10
16
16
15
25
20
14
18
16
17
25
16
23
13
11
16
15
15
14
23
26
24
8
13
18
16
20
14
13
24
13
16
13
20
19
22
14
20
13
14
17
18
12
20
21
14
10
15
17
19
20
26
17
18
11
20
11
20
15
17
14
21
8
24
12
22
15
11
13
19
18
17
23
20
21
16
14
25
14
19
15
19
16
19
22
11
14
14
9
21
14
18
18
19
8
15
22
11
20
15
21
22
16
17
9
20
16
10
21
11
18
27
17
32
15
13
23
17
15
21
19
16
9
16
18
27
12
21
21
20
10
13
18
25
21
15
18
15
17
16
15
22
17
27
13
18
21
17
8
16
18
26
19
14
13
20
14
16
19
16
12
14
17
12
13
17
17
10
17
17
22
15
14
21
18
22
16
14
10
16
14
19
15
17
20
18
16
20
18
15
16
14
20
21
19
20
19
23
23
16
21
11
20
16
18
18
15
15
25
22
22
14
14
14
19
22
16
16
21
17
23
22
14
16
18
21
19
16
20
19
16
19
20
18
21
9
14
15
14
20
18
12
25
16
19
19
15
15
14
15
14
13
19
16
16
14
19
14
22
11
15
19
17
23
10
26
23
24
16
17
14
20
16
21
16
17
10
26
21
21
7
13
18
18
13
13
20
21
15
17
17
13
14
17
19
17
18
19
16
16
8
10
24
19
17
18
9
15
16
15
15
15
17
20
12
17
17
16
22
19
13
15
9
20
19
17
21
20
18
20
21
13
23
19
20
23
18
17
22
22
21
19
12
17
15
19
16
28
23
14
24
14
12
21
20
11
12
22
12
15
17
17
14
26
23
18
12
22
11
11
16
15
11
18
25
19
19
16
16
19
16
21
15
10
13
15
11
12
13
18
23
12
13
12
27
18
6
20
16
28
24
15
14
12
18
17
12
18
15
13
17
17
11
15
19
22
22
17
13
15
17
15
16
14
12
16
18
9
12
16
10
23
16
13
15
17
15
21
9
15
6
11
20
13
18
13
21
15
12
19
16
12
14
18
15
11
11
10
11
18
15
16
7
8
18
12
19
23
16
17
14
13
13
14
9
12
19
20
9
21
8
11
16
10
19
6
27
27
15
11
16
9
10
11
15
14
12
9
17
17
19
12
16
14
13
7
16
16
18
14
14
19
10
14
19
16
10
15
18
13
11
22
14
15
21
19
15
12
10
18
10
10
19
16
19
8
18
15
14
14
12
24
13
16
11
9
12
15
7
13
14
9
17
15
18
5
19
16
10
16
13
13
15
16
9
10
14
12
13
17
16
14
8
6
12
19
5
15
8
11
16
14
22
13
11
19
12
18
13
15
14
17
14
14
15
17
14
18
11
16
17
16
14
9
11
11
9
13
14
16
12
18
13
9
11
17
7
5
14
14
12
18
15
14
15
15
12
13
16
11
9
10
15
17
17
23
11
14
17
16
16
17
18
16
16
13
14
16
22
10
12
14
11
14
11
15
11
22
13
13
13
15
17
18
18
18
14
19
19
18
13
13
18
15
24
21
21
20
22
19
20
18
20
19
20
23
14
23
21
18
20
30
32
27
18
27
18
22
24
31
18
45
34
45
43
61
77
68
87
86
97
115
103
101
94
95
66
58
56
51
59
43
27
35
21
31
25
14
20
9
16
22
16
9
11
9
17
16
11
7
10
14
16
8
20
10
11
4
15
18
11
10
16
11
11
14
11
7
11
11
6
12
13
14
10
18
18
11
10
7
10
14
8
5
11
11
9
10
9
13
11
15
15
10
11
8
8
9
16
13
16
12
11
11
16
15
9
11
12
16
7
10
18
11
10
14
7
11
13
11
11
7
14
6
11
10
10
11
14
19
13
10
12
12
8
22
9
11
8
11
10
8
13
14
12
10
17
3
14
8
19
14
10
11
12
7
11
14
15
9
11
15
6
8
9
6
11
13
15
6
12
14
14
12
7
8
7
9
12
11
10
17
13
8
11
14
8
14
11
10
8
11
13
12
22
9
11
14
13
13
12
12
9
15
12
12
24
22
15
21
11
15
15
9
14
11
10
12
18
11
12
13
8
14
15
14
22
17
13
17
22
17
20
16
21
20
17
22
19
15
23
20
30
20
37
27
30
23
24
21
20
12
17
15
11
9
12
10
8
5
8
3
6
6
6
5
7
7
5
7
7
5
9
7
6
9
6
4
5
7
4
6
4
3
7
2
2
2
5
6
4
6
10
4
4
10
7
7
9
9
8
6
5
5
5
5
8
6
2
5
4
4
3
8
6
2
3
1
4
1
3
4
3
5
1
6
5
6
4
7
5
3
10
4
4
4
5
2
3
7
8
5
4
6
7
1
3
5
8
1
9
3
4
3
7
2
6
4
1
6
3
2
4
4
5
4
4
2
3
4
4
3
10
5
5
5
3
9
9
3
2
2
5
5
2
7
6
6
5
5
3
8
6
1
4
6
6
2
1
8
6
2
1
6
3
1
5
5
6
4
3
4
9
7
4
4
6
2
4
3
1
9
9
6
5
3
6
7
2
1
1
2
8
1
4
5
2
2
2
7
5
10
4
11
5
5
0
7
3
4
8
6
6
4
3
5
2
4
6
4
2
7
5
4
6
5
1
2
4
5
3
9
0
4
3
2
3
4
1
6
5
4
4
3
3
4
7
4
4
5
7
5
4
5
3
3
2
4
3
5
4
7
2
7
5
2
3
3
8
7
4
2
5
10
3
3
8
5
3
2
4
3
8
5
1
9
3
5
3
4
2
10
5
2
2
3
2
3
2
7
7
7
5
9
4
6
4
3
5
8
7
1
7
3
5
4
5
6
1
4
4
3
5
3
7
5
4
6
1
7
4
1
5
4
4
3
9
3
4
2
2
0
3
6
4
4
5
2
1
1
3
2
8
2
4
5
5
2
2
8
4
5
2
8
9
5
2
4
10
2
6
5
3
5
2
4
4
2
3
7
11
3
7
4
2
4
9
5
8
4
7
3
5
6
3
4
5
7
6
1
2
5
6
2
5
4
3
5
5
3
6
2
5
6
4
4
1
2
3
6
13
8
4
6
6
4
10
6
4
9
6
0
8
3
3
3
9
2
9
3
6
2
10
2
3
5
7
5
4
7
1
3
3
3
3
3
2
7
8
4
5
10
5
7
6
7
5
10
5
5
10
3
6
8
5
4
8
6
8
5
8
9
1
1
4
5
6
6
6
2
9
3
6
11
4
7
10
15
6
4
9
2
3
4
3
6
4
6
11
9
8
6
9
7
6
6
9
9
7
8
4
11
8
11
9
13
13
9
10
6
8
8
15
11
15
6
12
7
18
8
13
12
13
8
9
12
9
12
13
9
18
13
15
16
13
20
12
16
16
15
9
15
12
16
21
20
13
17
15
11
15
19
23
17
17
26
27
25
21
29
24
30
35
49
52
65
95
111
127
193
199
213
226
233
227
232
206
164
164
122
110
85
69
86
55
36
40
30
34
30
19
19
13
15
14
10
11
8
8
4
8
7
7
14
4
5
5
4
4
4
8
1
9
8
5
10
4
6
4
6
6
7
7
4
5
10
5
6
8
5
5
6
7
5
4
4
4
3
7
6
8
8
6
4
5
5
4
2
3
3
5
7
6
10
2
6
5
4
9
4
2
6
2
5
5
7
4
7
11
6
11
10
6
8
4
3
9
5
4
4
5
5
8
9
4
7
6
9
3
8
8
5
8
11
7
13
10
4
5
3
6
3
3
3
3
5
5
8
12
7
5
6
7
9
5
7
2
4
8
5
5
2
7
3
5
9
6
8
8
4
11
4
8
6
8
3
8
6
7
10
4
3
10
4
5
10
8
6
8
10
10
8
6
4
4
8
3
6
15
6
11
6
3
9
12
3
14
10
15
9
10
5
4
10
9
6
4
6
7
11
8
17
11
9
11
15
10
9
12
14
13
17
11
18
23
16
19
16
14
12
14
15
6
7
11
6
7
6
3
3
6
1
3
6
2
4
2
3
2
3
4
0
3
1
3
1
1
3
0
0
1
2
0
0
2
4
1
5
2
1
0
0
2
1
1
3
1
0
1
1
0
2
2
1
1
1
2
3
1
2
2
1
2
0
3
0
2
1
0
1
1
2
2
1
2
0
1
1
3
1
1
1
1
0
0
1
5
0
0
0
1
3
1
3
1
0
0
2
2
1
1
1
4
1
3
2
0
0
1
1
2
0
3
0
2
2
1
1
0
5
1
1
2
0
0
0
1
0
2
4
1
2
0
2
1
1
2
0
0
1
1
2
2
0
3
1
1
0
1
0
2
1
1
1
3
3
0
0
1
2
2
0
2
2
0
1
2
0
0
0
2
2
1
3
0
1
0
0
1
1
0
0
1
1
1
1
1
1
1
1
0
1
2
0
1
1
1
0
2
1
2
0
5
3
1
0
1
1
1
0
3
0
0
2
2
0
2
0
0
0
1
2
0
2
2
1
1
0
1
1
1
1
1
3
2
1
0
2
2
1
0
0
0
2
1
2
0
4
2
0
1
1
4
0
0
2
2
1
1
0
1
1
1
0
0
0
1
0
0
2
2
0
3
0
0
1
1
1
0
0
0
1
1
0
4
0
0
1
0
2
1
0
0
2
0
0
0
1
0
1
0
1
1
1
1
0
1
0
1
1
2
0
2
2
1
1
1
1
0
0
1
0
1
0
2
1
1
2
2
0
3
1
0
0
0
0
0
2
0
3
0
0
1
2
1
0
0
0
0
0
1
1
1
1
1
0
0
0
2
0
1
2
3
1
1
0
2
0
0
4
2
0
0
0
0
2
1
3
0
1
0
0
1
0
0
2
0
0
0
0
0
0
0
0
1
0
2
0
1
0
1
1
1
1
0
0
2
0
1
1
2
1
2
1
1
1
2
0
0
1
0
1
1
0
0
1
1
1
1
0
1
1
0
1
2
2
2
1
1
2
1
1
0
1
3
3
0
0
1
1
0
0
1
2
2
1
1
3
0
0
1
1
2
1
2
0
0
2
2
3
0
3
2
1
0
1
1
1
0
0
1
0
0
0
0
3
1
5
1
0
2
2
0
2
1
2
0
1
0
0
0
2
0
0
1
0
0
3
0
0
0
1
0
0
0
1
0
1
1
2
2
1
2
2
2
1
2
0
1
1
1
0
2
1
0
1
0
0
1
0
1
1
1
1
2
0
0
0
1
1
0
1
2
3
0
1
0
1
0
1
1
1
1
2
1
0
0
0
0
0
0
0
1
0
3
1
2
1
2
0
2
0
0
2
0
1
1
2
0
1
0
0
0
1
1
3
2
1
2
0
2
2
1
1
0
0
0
4
0
0
0
2
1
1
0
1
2
1
1
1
1
1
0
0
2
4
1
1
0
0
2
1
0
0
1
2
0
2
0
0
1
1
0
1
1
0
2
0
1
2
0
0
1
2
1
0
0
2
0
1
2
1
0
0
0
0
0
3
0
0
0
1
1
0
1
2
0
2
1
0
1
1
0
0
0
1
1
0
0
0
0
1
0
1
2
0
1
1
0
0
0
1
3
0
0
0
2
0
1
0
0
0
1
0
1
1
1
0
0
1
0
1
0
0
0
0
0
0
1
3
2
0
0
0
0
0
0
0
0
2
1
1
1
1
1
0
1
1
2
0
0
0
3
1
0
0
0
1
0
1
4
1
1
0
0
1
1
1
0
0
2
1
0
0
1
0
1
2
2
1
3
0
2
0
1
0
1
2
0
2
0
0
0
0
1
1
0
0
1
1
1
0
0
1
0
0
0
1
0
0
1
0
0
1
0
0
0
2
1
0
0
1
0
1
1
0
0
2
3
2
3
0
0
0
1
1
0
3
0
3
1
0
1
0
3
0
1
0
1
0
1
0
1
0
0
0
0
1
1
0
0
1
2
0
1
0
1
0
0
1
0
1
0
0
0
1
1
0
1
1
0
2
0
0
0
1
2
1
0
0
3
1
0
0
0
1
1
1
1
1
0
1
0
1
0
0
2
3
0
1
0
0
0
0
3
0
1
1
1
1
0
1
0
2
0
0
0
0
0
1
0
1
0
1
1
0
0
2
0
1
1
2
0
1
0
0
0
2
1
0
0
1
3
2
1
1
3
0
0
0
0
0
3
0
1
0
0
1
0
0
1
0
1
2
0
1
0
0
0
1
0
1
1
0
0
0
1
1
0
0
1
1
1
2
1
0
3
1
0
0
1
3
1
0
0
0
1
0
0
2
1
0
0
1
0
0
0
0
0
1
0
0
0
0
0
0
1
0
0
1
0
0
1
1
0
0
0
0
0
0
0
1
2
1
0
0
0
1
2
0
1
0
0
0
1
2
0
0
0
1
0
0
0
0
1
0
0
0
0
0
1
1
1
1
0
0
0
1
1
2
1
0
0
0
1
0
1
1
0
0
1
4
2
1
1
0
0
0
1
0
1
1
0
0
0
2
0
0
2
0
0
26
51
45
63
46
57
62
63
73
74
64
80
84
89
83
100
118
106
114
168
151
179
194
192
222
242
230
222
299
305
334
396
376
427
462
473
495
575
602
620
648
674
733
747
833
791
867
968
992
1054
1076
1040
1145
1224
1248
1323
1363
1462
1439
1506
1576
1665
1672
1728
1823
1891
1863
2046
2047
2102
2216
2145
2295
2369
2419
2534
2609
2788
2789
2911
2978
3104
3177
3332
3355
3548
3493
3711
3990
4032
4177
4315
4511
4709
4792
5073
5465
5666
6078
6362
6696
7246
7960
9502
12789
19900
35023
62162
102667
147334
181960
195948
184070
156180
125141
99422
80803
67675
57730
50119
43512
37449
33220
29523
26846
24519
23167
21760
