2333
1836
1504
1263
1059
950
752
667
564
454
418
343
274
247
249
207
208
172
161
158
137
141
134
126
137
107
107
126
117
95
125
103
103
95
89
92
102
91
86
96
80
79
86
88
76
88
85
93
96
80
81
83
83
94
73
62
78
69
60
70
76
75
73
61
74
78
74
72
64
75
60
59
60
68
59
77
77
57
76
57
63
62
62
82
50
63
74
62
81
63
64
58
44
59
56
71
71
60
63
50
65
64
62
48
53
55
51
54
39
49
65
65
65
77
48
58
67
57
74
51
58
71
52
52
46
51
45
57
55
50
42
50
64
45
52
59
54
49
56
46
62
51
65
55
54
46
50
44
54
50
36
64
50
44
64
29
49
40
45
46
65
51
45
58
47
40
61
49
44
46
64
39
37
47
45
35
33
48
49
52
44
36
53
63
30
36
43
46
38
58
32
44
49
34
38
55
44
47
47
32
44
46
44
47
53
42
34
42
36
38
47
41
45
42
48
44
33
31
41
47
41
44
44
38
29
23
44
38
23
35
47
46
41
39
28
42
49
36
47
33
34
41
26
43
44
37
25
32
43
35
32
22
33
38
32
36
31
23
34
28
29
36
47
32
20
33
34
48
33
34
39
34
40
42
43
37
30
45
38
46
34
43
33
36
29
31
35
32
27
27
41
42
42
31
31
32
31
24
33
48
33
37
33
38
39
24
23
34
30
26
34
38
34
34
18
27
32
34
36
37
36
39
29
38
36
27
27
24
29
21
35
30
25
35
41
21
39
30
32
33
20
37
21
25
30
31
35
29
30
32
32
25
32
32
38
36
29
23
27
35
19
22
36
33
38
29
22
26
35
25
26
39
34
34
27
24
27
33
26
26
25
19
33
27
15
30
36
24
34
43
24
33
27
27
24
30
35
33
32
39
31
31
25
24
32
35
18
26
31
26
33
22
28
27
32
24
29
25
28
23
22
20
20
25
26
17
27
25
22
31
25
22
22
27
22
29
25
24
29
29
20
33
24
21
27
22
44
26
23
27
24
20
28
31
25
25
21
24
29
27
33
23
28
21
24
25
32
26
37
24
20
22
24
30
32
29
21
31
23
25
26
27
22
34
22
22
24
15
13
38
22
26
21
24
34
18
16
15
25
23
30
36
19
27
25
31
27
20
29
34
24
29
31
25
26
21
32
28
31
27
21
34
26
18
22
26
23
27
31
29
26
28
37
25
27
17
14
25
21
24
19
13
22
26
23
11
35
25
17
28
25
28
21
27
25
29
27
18
24
27
35
31
27
22
27
33
22
26
15
21
19
26
22
27
24
22
29
23
18
20
22
23
27
36
32
18
21
25
17
27
23
28
12
24
22
22
14
26
20
19
33
14
14
24
20
26
23
22
22
22
27
27
30
29
15
24
19
27
24
21
14
25
33
24
29
18
25
32
16
25
18
26
21
15
27
22
25
26
26
21
20
17
27
16
30
23
27
25
23
17
14
21
23
26
18
18
20
21
17
17
17
34
23
15
23
25
30
25
24
22
28
21
25
22
26
27
22
24
18
24
18
19
21
24
17
24
19
32
22
27
18
16
27
18
18
19
19
15
30
12
21
19
15
21
26
17
22
17
22
21
17
19
22
28
19
25
20
18
14
25
24
25
22
29
23
29
18
19
18
17
20
21
25
27
19
35
18
17
16
21
22
18
22
24
20
16
25
19
23
18
20
16
21
23
23
16
17
15
21
19
23
15
18
20
18
20
27
27
16
19
19
28
22
17
27
31
23
14
12
25
21
27
16
20
17
20
17
21
25
20
15
18
25
23
22
26
25
22
23
11
22
23
13
24
18
18
22
25
16
29
18
21
20
20
16
21
19
26
17
18
24
14
23
16
22
20
25
20
18
22
15
21
23
21
27
25
13
13
14
18
16
22
17
14
17
22
19
16
20
24
11
19
20
25
15
19
23
13
26
21
24
22
26
19
20
21
21
24
23
16
18
22
25
16
24
19
21
15
20
15
26
16
17
18
17
13
13
18
16
20
25
20
18
22
16
16
26
14
21
19
19
25
19
20
8
15
14
19
22
15
25
11
20
20
24
15
23
15
26
22
17
22
19
22
16
14
27
23
16
20
21
13
9
13
17
19
19
19
13
19
17
13
20
15
18
20
25
20
20
15
28
25
21
21
10
19
22
16
16
17
14
20
15
13
16
18
18
15
17
21
17
11
16
19
17
18
15
18
10
20
24
14
10
21
21
23
20
13
20
21
9
12
15
15
14
17
20
24
19
21
13
20
14
21
21
16
22
12
17
16
20
19
21
15
14
22
23
24
21
18
21
14
12
16
19
18
26
21
16
17
15
8
18
15
11
16
19
16
13
19
12
28
13
20
20
25
14
21
12
20
15
20
18
24
20
17
23
20
23
20
14
16
19
18
18
18
20
25
19
13
18
11
18
17
17
21
11
19
18
16
20
16
13
23
20
18
13
14
15
24
11
18
16
12
19
18
21
15
24
12
14
16
10
12
19
19
16
17
13
12
18
12
18
23
7
23
28
17
14
14
17
15
19
15
23
14
17
12
16
16
17
15
17
11
15
14
20
22
14
12
11
15
13
12
19
13
17
12
13
13
13
18
15
14
5
15
16
8
18
22
17
17
12
18
14
14
17
24
18
13
22
14
20
19
18
12
18
24
21
12
11
17
20
15
13
16
21
17
26
18
9
11
9
13
18
12
15
23
13
14
19
23
14
14
17
19
10
15
18
18
19
14
11
19
24
14
19
14
19
13
23
19
15
13
15
16
15
18
17
22
11
12
16
24
14
10
18
15
14
15
9
16
16
13
12
20
18
6
17
16
11
24
13
16
14
23
16
16
12
16
14
16
10
25
19
13
23
14
20
24
20
17
19
17
19
11
17
14
14
12
26
8
11
14
25
14
11
15
13
13
15
16
9
20
19
20
18
9
22
20
15
18
12
16
23
16
12
15
23
14
15
11
26
19
17
22
15
12
15
12
19
23
17
18
17
12
13
15
9
19
19
24
13
17
15
17
12
10
11
20
20
16
18
13
17
19
18
11
19
10
19
15
21
14
11
14
27
9
21
11
16
15
16
14
14
16
16
18
15
18
16
17
10
7
19
14
16
15
17
16
14
15
18
15
11
21
10
21
14
16
16
12
13
15
9
17
25
15
19
15
15
19
22
20
13
22
15
14
15
11
17
8
9
20
13
14
20
18
14
19
9
11
15
11
13
11
9
13
18
19
23
11
9
12
15
22
12
11
14
17
10
20
14
12
25
12
9
8
12
15
23
16
10
20
16
12
12
10
17
17
26
13
23
11
15
14
24
15
18
17
14
15
13
16
20
15
12
15
13
16
14
11
14
11
11
19
22
9
10
8
12
9
14
9
22
16
14
9
17
21
12
16
18
15
17
16
11
9
13
14
11
9
12
12
14
17
13
15
22
18
29
14
17
20
16
13
20
12
19
6
16
15
11
15
16
14
8
13
13
11
15
9
10
17
13
15
8
13
12
10
22
16
17
10
19
19
9
14
8
13
17
16
12
10
18
14
16
13
11
8
12
21
13
14
11
15
9
8
23
15
19
9
20
20
11
10
15
13
10
16
14
10
12
12
16
21
19
16
15
18
16
21
17
9
18
20
20
18
29
11
12
19
17
10
17
21
11
11
18
19
16
17
18
14
13
22
15
13
15
14
14
9
9
15
18
14
17
14
21
20
16
10
14
17
13
18
13
17
12
17
17
21
18
16
13
15
16
5
14
14
15
11
16
22
20
20
11
15
10
14
15
18
16
20
11
16
11
13
16
16
17
21
13
12
11
17
13
15
18
17
16
19
13
19
23
16
9
21
18
10
16
12
9
16
6
21
5
10
12
12
18
15
14
18
13
10
20
12
14
10
11
10
13
21
18
5
9
12
10
7
10
16
16
13
14
13
13
17
16
11
22
14
14
13
9
12
11
12
12
13
13
9
9
18
16
15
15
11
13
18
20
13
12
13
11
22
14
17
12
12
13
12
17
19
15
8
9
15
19
13
11
10
11
15
18
15
11
15
14
17
13
11
10
14
25
16
8
12
14
11
10
11
12
20
9
16
14
16
11
17
15
6
8
13
13
5
14
8
10
19
18
13
15
9
11
20
15
17
12
20
11
7
23
16
15
16
8
12
14
15
11
11
18
13
14
16
6
12
14
9
19
22
6
18
9
10
11
12
15
14
23
9
16
17
13
13
15
12
20
10
25
11
10
7
14
11
11
16
11
16
10
12
15
18
13
13
9
9
5
11
9
14
11
14
15
19
11
9
19
11
10
9
11
25
11
12
12
9
16
11
16
11
13
13
9
14
13
9
8
22
6
18
19
9
8
11
14
19
10
12
11
14
13
17
9
15
12
13
13
15
7
11
15
14
14
13
11
22
11
17
12
12
18
12
11
11
17
12
13
13
12
18
7
7
9
13
14
8
14
9
13
15
11
13
8
8
9
11
9
12
21
9
15
8
17
13
12
20
14
10
11
17
12
12
13
7
9
15
15
8
12
18
12
12
20
14
18
17
14
15
9
20
12
14
15
7
9
13
15
14
9
13
14
4
16
16
9
13
11
12
15
15
13
6
11
14
9
23
14
12
7
11
7
11
11
19
13
14
13
14
15
8
13
14
13
11
14
13
14
10
15
18
9
5
17
18
10
20
12
13
5
15
9
14
11
13
11
17
11
10
16
12
12
9
15
14
18
10
6
15
13
8
17
13
12
11
6
11
12
17
13
16
15
14
11
12
9
10
9
16
15
13
13
13
21
12
14
6
12
14
11
19
15
10
17
21
17
11
13
7
16
10
14
10
11
14
18
7
12
10
12
11
12
17
8
12
13
6
12
16
12
15
18
15
12
12
17
14
8
8
15
9
14
8
11
6
12
13
13
11
12
11
19
14
7
7
16
10
11
16
11
15
13
14
15
11
13
18
13
10
17
13
15
10
14
12
11
10
13
12
10
16
12
10
9
16
18
14
6
9
15
13
14
10
11
13
13
17
11
13
16
9
12
18
7
14
14
14
14
10
16
9
11
7
9
10
14
9
13
6
13
13
8
13
16
12
13
12
10
11
8
9
14
10
11
12
14
15
7
9
15
11
9
12
13
18
16
11
13
13
12
12
9
9
9
14
11
15
11
7
12
12
14
10
18
14
13
12
9
12
13
6
14
5
9
17
7
15
12
13
19
17
14
11
15
12
12
13
9
4
14
13
7
18
15
9
14
12
9
12
17
12
16
10
20
7
16
11
10
11
12
12
7
11
19
10
12
14
6
5
9
11
16
6
14
14
14
13
12
14
11
5
8
13
9
16
11
12
7
5
13
16
13
13
15
10
10
14
13
9
13
10
8
9
13
13
14
10
5
14
17
14
9
11
8
8
11
8
11
5
13
9
8
12
11
16
9
10
11
18
9
9
11
16
12
12
16
14
12
8
11
14
12
12
11
5
6
16
13
8
21
10
17
14
9
10
11
8
7
10
10
13
13
12
14
10
10
9
15
15
15
13
11
13
13
9
8
6
12
12
11
13
9
8
12
10
8
6
15
11
8
8
12
8
14
13
8
12
8
11
15
10
12
5
11
13
6
11
16
14
8
8
16
13
13
9
10
8
15
7
11
7
14
11
7
14
9
11
15
9
12
17
13
8
12
8
9
7
8
12
10
14
12
17
8
11
12
13
13
8
9
12
9
12
17
6
9
9
10
12
8
7
7
9
10
7
14
10
14
16
14
12
11
10
10
6
9
12
11
13
7
12
9
7
4
10
12
12
11
9
15
10
16
13
5
10
17
4
7
11
7
5
4
14
15
10
8
4
15
8
9
11
11
7
3
10
9
5
7
12
10
3
10
7
10
8
11
6
10
8
6
13
11
9
17
14
13
10
11
11
9
7
9
5
9
15
13
12
8
11
13
9
11
7
13
9
9
11
14
14
9
16
2
12
11
6
10
7
9
8
14
9
13
12
9
15
8
12
7
12
7
4
10
12
10
6
4
14
11
15
10
16
12
12
8
8
12
9
12
9
9
13
8
7
13
8
5
5
9
9
13
16
7
9
6
13
5
5
10
12
11
4
16
17
7
13
8
12
5
6
10
6
13
6
9
10
13
9
9
10
13
5
12
4
9
8
16
11
12
12
10
10
6
7
8
4
4
15
12
11
8
9
10
13
9
7
8
5
5
12
7
10
12
11
10
8
5
6
9
4
9
1
11
9
7
12
7
4
9
7
12
10
6
11
12
11
11
10
9
13
7
5
8
6
16
6
13
8
9
8
6
9
14
6
11
9
9
8
6
19
11
5
7
9
10
11
8
5
11
11
7
10
11
8
7
9
14
4
12
10
6
10
13
11
9
9
7
15
8
7
14
7
13
14
9
9
7
10
9
6
11
10
12
10
10
10
6
11
11
9
9
8
8
7
2
12
13
5
6
12
13
7
8
8
8
9
13
10
5
14
4
9
11
17
11
10
12
12
8
10
6
6
13
8
10
7
9
5
16
3
5
10
6
14
13
8
4
14
4
12
12
13
6
9
10
6
9
8
7
8
5
9
9
10
10
7
7
9
10
8
5
11
6
6
10
3
14
11
13
6
12
8
10
10
8
10
12
6
8
10
12
16
6
12
7
3
7
8
14
9
8
7
4
11
10
7
10
6
8
6
7
8
3
5
15
14
14
7
16
12
10
12
14
10
10
10
7
8
8
11
13
11
18
7
5
14
11
12
5
11
9
9
10
16
6
7
13
12
8
10
6
5
6
14
7
6
9
10
11
6
8
4
13
6
8
10
4
7
10
9
13
9
8
7
10
11
12
12
10
8
8
8
5
4
5
4
11
2
10
11
7
12
9
14
7
8
8
9
5
9
14
8
11
4
3
6
14
8
6
15
5
14
8
5
4
9
6
7
12
9
6
9
7
17
13
10
17
10
8
9
6
10
9
10
11
12
7
14
14
4
5
11
8
12
8
5
17
15
9
4
7
14
7
12
4
12
8
13
12
12
11
8
2
11
18
9
11
11
9
10
6
4
11
7
7
13
17
10
8
8
17
6
17
9
11
14
10
10
10
7
9
7
9
5
11
6
9
10
8
9
12
8
10
4
10
11
5
7
3
9
7
12
15
10
4
6
11
10
6
14
13
11
9
17
8
8
10
10
13
4
8
6
9
11
1
7
15
6
11
9
7
7
6
10
8
10
12
16
10
13
5
11
5
9
11
13
7
6
7
13
9
9
7
7
11
6
12
7
6
11
6
9
7
10
6
6
7
7
2
9
9
10
6
3
9
14
5
11
8
10
12
14
15
13
12
10
10
12
8
13
9
11
12
5
11
8
8
12
10
7
8
12
6
5
3
10
7
11
6
9
7
5
8
13
8
2
8
6
13
7
13
14
10
8
6
10
8
9
12
14
3
11
8
5
9
10
5
6
10
12
8
15
11
14
7
13
13
11
9
12
4
14
6
10
10
6
11
4
9
6
12
5
10
7
7
7
15
11
10
9
9
11
4
13
8
12
8
11
15
8
10
10
8
8
9
9
8
6
7
12
9
5
9
9
8
8
8
10
11
7
5
12
10
9
13
13
8
9
9
9
9
9
10
12
16
15
8
16
9
8
11
10
5
9
10
7
8
11
5
4
5
12
9
10
8
13
12
8
6
7
10
7
7
9
14
6
10
7
9
11
13
7
9
10
6
13
9
4
7
13
13
7
2
6
9
11
9
7
6
13
9
7
12
9
18
11
10
8
8
6
15
12
7
8
5
6
7
10
5
6
4
7
7
10
15
2
13
10
6
12
9
9
5
9
5
14
10
10
14
10
2
8
16
8
6
8
5
10
7
10
6
9
12
10
2
8
8
10
7
13
5
15
7
5
6
6
5
13
6
9
11
10
6
8
5
14
14
12
8
8
11
14
7
8
12
10
10
8
11
11
5
5
10
10
9
5
13
5
10
6
7
6
4
9
8
8
4
6
10
9
8
8
8
5
5
10
8
4
10
8
8
5
9
8
7
9
13
6
5
9
5
2
5
10
19
10
4
9
8
10
5
7
8
8
11
6
8
6
13
8
9
10
10
5
6
10
9
8
11
7
5
7
7
10
13
7
8
10
6
8
9
4
10
14
8
7
9
3
5
14
5
6
11
7
5
5
7
11
10
8
10
7
11
11
11
6
10
6
12
10
5
8
7
5
13
7
4
4
4
6
5
5
9
8
7
11
5
7
5
8
6
5
8
7
10
5
8
7
3
5
7
6
8
7
4
1
7
8
9
6
4
9
12
7
11
3
7
8
7
13
13
8
7
10
6
6
7
6
6
12
5
4
12
3
4
5
14
5
4
12
11
5
10
11
4
8
9
13
4
5
7
8
10
7
6
6
7
7
12
7
10
4
4
7
9
5
12
9
3
9
6
5
6
3
11
12
9
10
4
5
2
6
8
11
10
6
7
11
7
7
7
6
4
7
8
7
8
9
6
10
9
9
5
6
7
10
12
4
6
7
5
5
6
4
7
4
4
7
5
3
7
6
7
6
1
9
12
10
9
3
6
7
9
6
5
3
4
9
12
8
10
4
9
13
7
5
9
9
7
2
6
8
2
11
5
4
12
4
12
10
7
7
9
9
3
5
12
10
8
15
7
10
4
8
3
9
5
6
9
7
6
13
8
5
10
4
5
3
2
4
4
4
3
6
9
8
9
8
3
12
5
6
11
15
7
9
13
5
8
6
5
9
5
7
6
6
7
6
4
8
7
9
10
5
7
13
4
8
10
8
3
12
5
7
9
4
6
7
2
7
5
8
4
8
11
8
5
7
8
9
5
7
7
6
8
7
10
10
7
9
6
12
4
4
8
5
8
10
5
9
9
9
3
1
4
3
8
5
5
12
8
7
8
10
10
10
9
4
4
7
6
5
8
9
9
10
6
6
6
14
6
9
8
7
5
11
8
6
10
6
1
3
8
3
4
4
6
4
5
12
10
8
8
2
2
9
4
4
8
6
7
2
9
2
6
7
0
8
9
7
5
8
7
11
5
5
7
6
8
5
5
9
5
9
7
8
4
6
6
10
12
3
6
5
2
5
7
3
6
9
7
10
1
7
3
5
8
9
7
8
8
6
11
5
6
4
3
9
8
7
6
6
4
2
10
3
7
7
8
7
9
7
5
6
4
9
6
4
11
3
6
6
5
7
4
6
9
6
5
4
5
8
4
6
11
2
8
7
6
5
6
7
4
9
7
5
7
6
7
7
8
8
4
3
13
5
5
5
2
9
5
4
10
7
6
2
7
9
5
4
3
6
4
5
5
3
3
8
10
2
3
6
3
7
4
6
10
6
5
9
2
7
10
5
3
5
5
9
5
5
10
7
9
5
11
4
7
5
4
4
3
7
6
5
3
2
11
9
9
9
12
6
6
8
1
5
5
7
5
5
3
8
8
6
4
8
5
5
3
5
5
6
10
8
7
6
8
9
3
4
9
6
4
5
6
5
7
8
5
5
9
8
7
7
6
5
4
5
7
10
5
2
4
3
3
4
4
6
6
4
4
4
7
6
5
5
8
5
6
9
8
8
5
6
12
4
5
6
4
4
6
5
9
4
2
10
3
3
6
4
6
7
5
8
2
7
4
6
3
8
4
5
5
5
8
5
9
5
5
3
4
6
4
8
3
6
5
6
4
5
6
5
5
4
2
5
2
5
4
10
7
4
6
6
6
3
9
5
8
12
2
0
7
2
5
9
6
3
5
6
6
3
5
6
11
2
4
8
8
4
1
7
8
7
6
5
5
8
5
3
6
11
3
10
3
8
6
6
6
5
6
3
10
4
9
7
6
8
3
8
3
7
7
7
6
4
4
2
4
7
5
8
10
6
0
3
6
7
10
5
8
3
7
3
9
5
3
4
7
2
2
11
4
3
5
6
4
10
3
4
7
3
3
5
3
5
2
9
7
1
7
6
5
2
1
5
1
4
7
7
8
4
10
7
2
6
8
4
2
3
4
5
8
3
6
4
6
7
5
4
8
7
5
4
6
3
8
3
6
7
6
9
6
8
5
6
5
6
7
8
3
6
9
4
2
5
4
4
7
7
2
9
4
3
6
6
4
5
2
4
5
8
5
7
4
6
4
6
6
6
4
4
12
3
5
2
9
4
3
5
1
6
3
11
6
5
12
6
8
3
8
4
5
7
2
4
6
3
5
3
6
8
5
4
5
1
11
5
4
5
4
6
1
8
5
5
8
8
3
5
5
3
6
6
5
4
7
5
3
2
4
6
7
4
4
1
3
5
5
5
3
5
4
1
6
4
7
8
5
5
4
8
2
3
8
1
3
5
2
7
5
2
8
3
6
6
6
5
4
7
2
4
5
5
8
4
2
3
6
5
0
7
4
5
4
4
8
4
3
3
9
9
3
6
6
6
7
5
5
6
9
5
9
4
3
3
1
4
3
1
7
5
2
3
5
6
3
8
2
2
3
6
5
3
8
1
5
3
4
9
3
8
4
6
7
3
10
3
8
3
7
5
2
4
12
4
6
5
2
4
5
4
9
8
5
4
1
6
8
4
3
6
2
6
5
4
4
6
5
6
4
5
4
5
7
2
3
4
5
6
4
4
2
2
3
4
5
4
4
4
4
5
7
4
5
6
6
2
2
6
1
2
6
11
4
5
5
8
3
0
8
7
4
4
4
6
3
4
2
2
4
3
3
4
7
6
8
2
3
4
3
6
5
5
5
3
9
4
3
2
6
7
11
3
4
4
6
11
4
3
2
4
5
5
10
1
6
4
5
4
11
7
4
3
4
4
3
1
9
2
2
7
7
3
1
7
2
7
5
5
4
3
1
4
5
7
5
7
0
4
6
1
7
2
9
5
6
7
9
6
4
8
1
3
4
7
3
6
8
4
2
0
3
8
7
8
2
8
8
4
7
6
5
4
8
2
3
2
6
6
9
2
3
4
6
5
6
4
5
3
4
6
6
7
5
6
10
6
5
3
4
6
4
2
8
3
4
4
1
3
4
7
1
4
5
4
7
3
5
4
4
7
5
5
3
6
4
3
5
2
2
3
7
10
5
7
9
10
3
5
9
5
7
2
4
3
5
8
5
5
6
7
7
7
4
4
4
5
4
4
1
4
5
6
7
7
3
4
1
6
6
4
3
7
10
3
5
4
4
7
6
3
5
3
2
6
3
8
3
3
3
4
5
2
8
6
4
6
3
2
5
6
8
3
4
5
6
4
5
6
3
3
6
5
5
1
4
9
7
5
8
5
3
4
12
5
5
5
5
4
7
2
10
6
6
1
9
8
6
5
4
3
6
5
6
5
4
5
4
4
5
5
4
7
4
6
3
2
2
2
10
4
7
7
5
3
6
3
3
3
5
2
5
3
6
5
5
6
5
4
4
2
6
5
3
7
5
3
2
8
7
4
5
5
6
6
7
1
3
7
4
5
8
7
8
4
7
7
3
5
7
3
10
3
4
7
5
5
7
5
7
4
6
6
3
5
9
12
8
4
5
6
3
2
6
6
6
6
9
4
5
8
6
5
7
4
3
3
9
11
4
7
10
8
5
5
8
12
13
13
15
6
6
18
15
17
15
16
24
26
31
25
23
33
33
24
31
40
57
47
54
45
37
63
55
63
60
45
56
58
57
52
59
55
51
61
56
45
43
44
31
24
34
28
31
18
23
19
19
11
22
15
11
10
12
15
12
8
8
10
3
4
3
12
13
5
8
6
2
6
7
5
4
8
3
5
6
6
4
4
5
4
8
1
5
3
4
6
4
5
4
2
7
8
2
3
5
6
4
4
5
3
6
9
5
5
5
4
2
5
1
7
3
3
6
5
3
8
3
7
5
5
4
6
4
3
7
5
5
3
3
6
5
5
8
6
8
7
5
6
6
5
2
5
8
8
5
9
6
7
2
6
8
11
10
11
7
2
6
6
5
5
5
7
7
2
6
5
5
7
6
10
4
4
10
8
10
6
4
4
10
5
6
13
8
8
11
4
9
13
5
6
3
7
10
12
6
4
6
9
10
2
7
5
1
11
8
2
6
6
10
9
5
6
11
3
4
4
7
7
5
9
8
5
10
13
14
8
6
11
1
5
9
11
9
3
8
12
16
13
6
12
16
7
7
8
7
7
7
13
6
10
10
4
7
6
13
5
8
6
10
5
4
2
5
8
2
3
3
4
5
2
1
3
1
3
2
1
4
5
0
2
6
1
1
4
1
3
3
5
2
4
2
2
6
3
3
3
3
3
2
3
1
2
0
3
5
4
0
1
1
2
1
3
2
5
2
1
1
2
2
6
2
4
2
3
3
1
2
3
3
3
3
1
1
8
1
5
0
3
4
1
0
6
3
4
2
2
1
2
2
5
1
3
1
2
1
3
4
3
1
2
0
4
3
0
3
4
0
5
1
1
1
4
7
2
3
2
0
4
3
2
3
4
3
2
1
4
3
3
4
3
4
1
4
5
3
6
2
1
6
6
2
1
2
2
4
1
7
4
4
1
3
1
4
3
4
4
3
3
2
2
3
2
1
1
1
0
2
1
1
1
3
3
3
2
4
2
3
4
2
4
1
2
1
1
1
2
1
5
2
2
3
4
3
5
5
1
1
1
3
3
1
2
4
3
1
2
0
1
2
3
2
0
4
3
3
0
3
4
2
1
2
5
3
3
1
2
2
1
0
1
3
2
6
3
3
4
0
4
3
0
1
2
0
5
4
1
3
2
1
3
1
3
0
0
4
3
5
5
1
2
2
1
6
4
2
5
2
1
4
4
3
3
5
5
1
3
5
2
3
3
2
0
0
2
4
1
1
4
2
4
2
4
3
4
4
0
4
3
6
1
3
0
1
2
2
1
0
3
1
3
5
2
1
2
1
0
4
3
3
2
3
3
2
3
2
3
2
2
3
1
2
4
5
1
1
0
0
1
2
1
3
3
0
3
1
2
1
2
1
3
1
0
1
3
1
2
4
2
2
1
2
1
3
2
5
2
1
0
4
1
2
2
1
2
4
4
2
1
5
3
6
2
2
4
3
0
2
2
5
5
2
0
0
2
2
1
3
2
1
1
0
2
3
2
4
1
0
3
3
2
1
3
3
3
3
7
7
3
1
2
5
3
3
1
1
2
0
2
5
3
0
4
2
3
0
1
1
3
2
2
2
1
1
2
4
0
6
2
4
1
3
1
2
4
2
2
1
1
8
1
3
0
1
2
4
1
1
3
1
0
3
5
1
1
3
2
0
2
1
4
2
5
3
1
1
9
3
2
1
1
3
0
2
2
0
3
1
1
3
4
2
3
2
3
5
4
2
2
3
4
1
1
1
0
3
5
0
0
3
1
3
1
3
2
2
2
3
2
4
3
1
1
0
0
1
2
2
2
4
2
1
2
1
2
2
2
1
4
2
1
1
2
2
0
2
3
7
3
1
2
3
3
0
1
5
3
0
1
2
1
5
4
4
2
1
1
3
4
3
1
1
5
5
1
2
4
2
5
3
3
0
0
3
2
3
3
2
2
2
0
2
2
4
0
1
2
3
3
2
3
3
3
1
2
1
4
4
1
0
1
0
3
3
4
3
5
1
2
2
3
1
4
3
2
1
3
7
4
2
2
0
3
5
1
1
3
2
4
2
1
3
4
3
2
2
3
2
3
3
3
2
0
1
1
8
4
2
2
1
0
0
2
2
2
1
0
2
2
3
5
1
1
4
3
1
1
0
4
2
1
3
1
0
1
2
3
2
2
4
1
4
2
2
2
0
2
5
5
3
1
0
3
3
3
1
1
2
5
0
1
2
5
4
2
3
1
4
3
3
1
1
4
1
0
2
1
3
4
0
2
2
4
2
4
2
4
1
2
1
3
3
2
1
0
4
3
2
1
4
1
1
4
4
0
2
3
0
8
2
3
3
1
5
7
7
3
1
1
3
0
2
4
1
2
1
2
2
3
5
2
4
3
6
3
3
1
0
6
2
4
6
3
0
2
4
3
4
5
2
5
2
2
2
1
1
2
5
1
1
2
2
0
0
3
1
1
3
0
3
2
3
0
3
3
1
1
1
0
1
3
5
3
1
3
4
1
1
1
2
3
3
2
2
4
3
2
2
5
2
4
3
6
3
1
2
3
2
0
0
0
4
2
1
2
0
0
3
0
1
3
3
1
1
1
3
1
3
3
3
2
4
3
0
3
3
4
5
1
3
3
4
2
3
7
4
2
4
1
2
0
3
2
3
1
4
6
1
1
2
6
1
0
2
1
0
3
3
1
3
1
3
1
2
1
3
2
2
3
0
3
3
1
3
2
2
2
5
5
1
0
0
0
2
2
1
2
5
3
3
3
4
2
1
2
0
2
4
2
2
3
1
3
0
6
2
1
2
3
1
4
1
1
2
0
3
2
2
1
3
1
3
0
2
3
3
2
1
3
1
1
0
6
3
5
3
3
6
4
5
1
0
1
1
2
1
1
0
2
4
0
2
5
0
2
0
4
1
4
0
2
1
2
3
1
4
2
2
2
5
3
5
0
2
4
5
1
2
6
1
1
3
1
1
0
6
2
2
2
6
6
2
4
1
5
2
2
3
3
0
2
3
0
3
3
1
1
4
2
1
2
3
5
2
3
1
3
5
4
2
1
2
2
3
3
2
2
4
7
6
3
2
4
1
5
0
2
2
4
0
4
2
1
0
5
2
0
2
0
0
1
5
1
2
0
1
0
3
4
1
2
2
1
2
4
4
3
5
4
2
2
1
3
1
2
3
1
2
7
1
6
2
1
2
4
2
0
2
4
2
5
0
4
1
2
2
3
1
3
3
3
3
3
2
5
2
4
2
0
2
4
3
2
2
1
1
0
1
3
2
4
2
3
1
1
1
3
4
2
3
1
5
2
2
0
2
3
2
3
1
2
3
1
2
4
0
2
3
1
4
2
1
2
1
2
4
1
1
2
4
2
6
0
1
1
2
4
2
4
2
3
2
2
3
1
2
2
0
3
1
1
1
0
3
3
0
2
3
1
0
2
4
1
3
0
2
3
2
2
1
3
1
3
4
3
4
3
3
3
1
6
3
1
3
3
2
6
2
1
1
2
0
1
2
2
1
1
3
1
2
3
4
3
1
1
2
0
1
1
3
2
2
2
0
7
8
2
3
3
1
1
5
3
2
6
2
0
2
3
3
3
5
1
2
2
2
1
3
1
2
4
3
1
1
3
1
2
2
5
1
2
2
3
2
3
3
4
3
5
0
1
4
0
3
2
2
1
2
2
5
0
0
2
1
1
3
5
2
3
4
4
2
1
2
2
1
4
2
3
1
2
3
3
2
3
2
2
1
3
3
7
2
3
4
3
1
1
1
1
7
2
3
2
1
5
3
4
1
2
1
3
4
5
0
1
2
1
2
1
2
6
1
2
3
1
5
4
1
1
3
3
6
2
1
1
2
0
1
2
3
2
4
4
2
2
3
1
3
1
3
4
4
3
3
3
8
0
1
0
2
1
2
2
2
1
2
3
3
2
1
3
1
5
3
1
1
1
3
0
7
2
2
2
5
1
3
2
2
0
2
2
2
1
2
2
3
1
4
3
1
3
2
2
2
3
3
3
0
0
1
1
5
1
2
0
3
6
0
2
2
2
3
2
1
0
0
2
3
0
2
2
6
3
3
0
2
4
2
1
2
2
3
4
0
0
2
3
1
2
1
3
1
0
6
1
2
3
1
1
1
2
1
2
6
1
2
3
3
1
1
6
2
2
6
1
4
0
3
1
1
2
3
2
2
2
1
3
1
1
3
2
3
3
3
4
4
5
3
2
3
2
5
3
3
1
4
1
2
2
1
3
2
1
3
3
2
2
3
1
1
2
2
2
1
1
2
2
1
2
4
3
1
3
3
1
0
2
2
6
0
1
2
4
2
3
5
3
2
4
0
2
2
1
3
1
1
4
3
1
1
3
2
2
2
2
2
4
4
1
2
1
0
2
4
1
0
3
4
1
3
2
3
2
3
2
6
0
3
1
3
4
1
2
2
4
2
2
3
0
3
1
3
2
3
2
3
2
1
2
2
4
0
3
2
2
1
2
3
2
1
3
5
1
2
5
2
4
1
2
2
1
3
2
2
3
3
4
0
0
4
3
3
0
1
2
2
2
3
2
2
0
3
1
4
1
2
4
1
4
4
2
2
5
2
1
1
1
6
3
1
2
0
3
3
0
1
5
0
1
2
7
1
4
2
2
2
3
1
0
3
3
2
2
1
5
1
0
2
1
1
1
1
2
2
2
1
2
1
3
3
1
4
1
3
1
3
2
4
4
2
0
0
1
0
0
3
2
3
2
1
4
0
1
1
2
1
2
5
2
0
2
4
7
6
1
3
1
3
3
4
3
1
5
4
2
3
3
0
0
2
4
2
0
1
1
0
3
1
4
2
3
2
0
2
6
9
0
1
0
0
0
3
4
2
3
0
0
3
4
3
4
1
0
1
2
3
4
3
0
3
6
1
2
4
3
0
4
3
5
0
1
2
3
6
4
3
2
2
2
4
4
2
1
1
3
1
3
1
3
1
2
1
2
2
2
8
3
1
3
5
1
1
1
1
1
2
4
1
5
0
3
2
3
4
2
4
1
4
2
1
0
0
3
2
1
2
2
2
2
2
2
3
1
3
1
1
2
2
5
2
4
1
2
1
0
4
3
3
1
2
4
2
2
1
0
2
1
2
0
3
0
2
3
3
3
2
2
5
2
1
3
0
3
4
1
2
5
3
4
3
2
5
2
3
1
2
2
0
2
2
7
2
1
2
3
1
4
2
4
2
1
3
2
1
1
0
3
2
0
1
3
3
3
4
3
3
2
1
1
4
1
0
2
3
2
3
2
1
3
1
2
3
2
0
1
2
1
1
3
3
2
2
2
4
1
2
2
2
3
1
3
5
1
3
1
3
3
1
7
1
4
0
4
2
1
5
2
2
2
2
3
1
4
3
1
1
3
0
4
4
3
1
5
2
3
4
0
0
2
3
3
3
2
5
2
1
5
0
3
2
5
3
3
2
0
0
1
3
2
2
3
4
5
2
1
1
1
3
2
0
2
5
2
7
3
2
2
1
1
2
1
1
2
0
4
2
1
0
4
2
2
2
4
4
2
5
2
0
2
1
4
5
1
0
3
2
4
2
2
3
2
3
4
1
3
3
1
2
1
0
1
3
2
0
1
2
1
3
0
1
2
3
1
2
2
1
5
0
1
1
2
1
2
1
1
0
1
2
2
5
4
4
0
5
1
3
2
2
0
2
1
0
0
4
3
2
2
3
1
2
1
2
1
3
1
3
2
1
1
2
0
5
1
3
3
3
3
1
0
5
1
1
2
1
2
1
2
1
2
4
3
2
1
2
1
1
1
5
0
3
3
1
3
2
2
0
1
2
2
4
2
3
2
3
2
2
2
2
7
1
6
1
4
1
1
2
2
4
3
8
1
0
2
1
1
2
2
3
4
3
3
3
2
2
2
2
0
2
2
2
0
1
1
1
2
3
2
1
2
2
3
2
1
1
2
4
3
2
2
4
1
1
1
5
4
4
3
2
1
2
1
2
2
2
2
0
3
3
1
2
2
4
1
6
2
1
1
0
1
1
1
2
3
4
1
0
2
6
3
2
1
3
2
1
4
0
1
2
1
2
4
2
2
3
2
1
2
5
2
1
3
2
4
2
2
2
1
1
2
3
1
3
2
2
1
3
2
3
1
1
2
2
2
3
0
2
2
3
4
5
2
2
2
1
0
2
3
3
3
0
4
3
4
5
1
0
2
4
3
2
3
6
2
1
0
4
1
1
1
0
4
2
2
3
5
0
1
2
4
3
5
3
1
2
1
4
1
2
4
0
3
4
0
2
3
3
2
0
0
2
4
3
1
3
1
2
0
1
2
4
2
1
0
3
0
1
0
1
2
3
2
1
2
3
1
3
3
3
4
4
3
2
3
2
1
1
0
3
1
3
1
0
1
3
4
2
3
3
5
3
2
2
0
1
0
1
1
0
1
2
3
3
1
2
1
4
3
1
0
1
5
2
5
2
3
2
3
1
1
2
4
2
3
1
5
4
1
0
1
4
2
0
4
0
2
3
1
0
4
2
5
2
0
1
3
4
1
0
2
3
7
4
1
3
1
4
2
5
3
0
3
3
2
1
2
2
1
4
2
0
3
1
1
1
2
3
2
3
3
1
4
2
0
3
3
2
3
5
1
3
0
5
2
128
160
180
166
162
169
158
186
177
163
181
196
188
183
197
198
215
212
201
212
201
200
203
212
212
215
255
229
275
262
262
260
277
296
279
326
309
299
287
363
366
393
352
427
411
444
433
441
418
405
426
487
477
522
487
520
576
522
515
558
587
615
631
663
634
737
771
699
704
769
780
810
861
842
913
989
1016
948
1089
1094
1135
1146
1185
1206
1246
1233
1326
1341
1464
1491
1600
1666
1809
2019
2339
2801
3640
4893
6961
10432
15567
23253
35127
50506
70232
93664
119740
144753
165536
180394
185012
181358
169789
150672
129514
107373
87484
69484
55851
45778
38247
32484
28928
26293
24476
23137
22292
21321
