1731
1525
1310
1100
1064
914
863
802
752
659
620
540
565
544
515
459
422
464
432
424
420
389
380
375
358
361
351
347
341
327
326
337
306
301
294
339
308
321
295
327
319
319
287
314
272
293
312
303
313
258
267
288
255
280
277
276
249
274
288
264
267
252
287
278
314
277
254
277
253
248
253
258
259
254
259
267
263
296
262
267
250
271
250
273
223
239
276
240
275
272
252
250
252
262
284
230
270
262
249
209
240
220
250
273
253
256
253
263
228
249
252
235
223
260
259
236
247
297
242
243
232
239
233
239
229
229
236
271
257
247
245
211
257
221
216
237
227
232
237
235
247
217
260
224
228
233
234
227
253
248
209
230
234
264
225
224
227
242
215
247
251
225
207
229
223
230
233
215
223
216
230
230
209
242
244
183
212
259
227
231
239
254
220
215
238
212
231
220
198
233
226
233
184
230
209
240
203
233
234
253
235
249
222
208
222
197
224
232
220
214
203
206
229
218
229
216
214
214
221
226
220
223
227
216
212
215
228
242
221
227
219
231
220
236
200
217
229
226
217
207
217
219
227
221
196
220
201
216
218
221
209
205
190
216
201
205
222
218
234
205
210
250
227
193
193
179
219
214
190
208
220
196
197
213
217
186
195
218
202
198
194
213
224
224
206
212
182
206
188
215
220
201
193
214
192
202
205
197
202
199
183
185
187
196
184
180
172
181
171
235
181
224
205
189
189
182
190
183
195
185
181
208
199
189
179
183
163
191
148
168
167
165
183
181
182
177
170
170
194
188
189
185
197
201
205
201
203
222
208
241
220
221
208
225
195
226
215
196
205
198
189
197
224
206
209
195
223
203
187
190
218
190
198
236
214
213
190
220
219
208
211
178
187
184
209
186
200
186
200
191
177
217
220
196
203
176
180
227
195
191
187
187
202
177
180
182
202
204
191
213
196
211
170
197
195
181
185
174
206
201
184
162
208
180
203
183
186
211
184
199
186
198
187
180
188
200
194
216
206
206
218
203
203
173
183
188
190
207
192
176
203
193
172
186
194
179
198
201
198
192
211
189
179
190
168
205
218
200
196
190
196
194
168
190
210
200
175
184
187
175
182
177
176
174
185
199
173
192
183
161
188
168
167
193
195
203
190
190
195
200
181
199
198
178
190
200
213
220
166
183
214
197
188
184
158
187
177
176
190
194
186
202
200
180
178
184
184
182
173
184
187
182
172
201
170
181
190
185
207
184
189
167
203
187
202
186
186
173
192
189
208
204
209
190
190
197
204
194
182
155
178
190
188
181
177
180
196
173
196
172
206
198
187
189
203
168
190
186
186
190
173
185
190
174
161
204
181
178
185
215
178
181
194
180
174
148
192
160
166
168
191
181
166
173
192
144
191
175
182
219
176
192
182
167
184
180
184
196
182
205
187
211
195
197
167
167
180
204
203
178
184
184
172
195
190
178
200
198
179
186
185
158
194
191
145
181
185
179
187
169
187
179
176
182
165
188
197
178
193
213
189
194
166
177
176
181
166
173
176
184
184
194
198
195
172
179
181
214
184
183
187
188
194
193
222
196
181
191
189
224
161
180
206
208
185
168
200
185
163
170
211
177
174
162
190
200
177
189
169
164
172
206
217
164
165
176
188
207
192
176
209
185
172
186
214
210
181
177
170
176
189
190
191
182
180
178
197
159
172
195
171
206
191
167
187
207
162
209
188
179
209
177
186
184
177
196
188
194
161
163
175
195
160
167
177
172
187
192
183
186
174
159
186
193
185
222
204
180
179
195
186
209
200
202
162
173
187
205
172
203
194
177
188
179
210
181
182
204
201
167
169
163
174
190
179
186
188
186
202
178
165
176
179
170
189
181
152
189
173
189
185
182
196
170
204
176
190
179
191
154
215
193
179
201
190
207
171
172
160
167
186
209
182
197
162
204
211
185
186
174
198
191
180
178
198
193
204
176
182
217
152
185
175
203
196
197
164
178
177
181
175
199
172
207
180
169
192
165
201
180
156
173
186
177
181
208
190
187
227
194
184
184
171
172
182
176
174
163
171
176
207
172
180
176
183
202
143
200
178
178
199
199
165
175
193
178
191
195
201
188
164
187
205
214
174
184
186
194
195
180
169
189
191
165
212
197
198
179
196
172
179
211
200
192
192
183
192
175
193
193
153
173
197
175
211
164
194
195
178
168
194
164
165
207
189
160
184
172
166
182
167
207
187
194
192
211
189
190
172
175
175
186
172
176
181
181
189
154
197
187
193
191
188
183
191
189
191
157
188
177
197
175
208
182
192
185
188
194
184
209
171
173
189
174
180
191
185
191
171
205
203
190
190
167
173
188
195
181
191
182
195
174
183
195
164
179
211
176
178
216
193
175
178
175
203
181
198
187
170
179
158
197
167
176
183
193
181
192
167
191
171
177
191
180
188
160
207
197
177
198
195
203
202
194
183
194
198
196
187
183
191
180
197
183
205
203
156
191
198
175
161
179
228
193
161
166
187
192
178
195
162
193
174
187
195
181
179
186
188
218
174
190
186
196
216
194
166
196
191
182
233
179
191
199
175
175
172
175
190
217
167
190
185
181
160
185
190
172
175
182
180
201
195
172
187
183
183
185
193
193
155
171
216
191
190
200
177
191
203
183
189
188
200
167
186
190
161
167
195
158
177
184
183
197
198
205
194
188
191
169
184
181
173
183
197
164
186
193
187
222
186
183
174
182
199
161
182
164
165
164
192
181
211
183
185
175
176
191
215
198
190
172
185
164
191
180
168
186
174
181
175
189
176
196
195
186
169
191
208
174
176
225
211
174
182
191
165
196
197
205
185
185
200
168
187
194
173
206
196
197
203
192
187
178
161
187
200
189
194
224
176
177
185
198
180
174
182
193
218
179
200
170
186
211
168
178
211
205
189
194
190
200
167
180
216
175
209
181
167
191
221
205
205
198
200
194
174
187
178
211
205
197
189
182
193
193
183
183
194
189
171
178
168
191
195
214
181
191
211
192
195
189
175
181
163
199
190
202
186
220
204
177
191
183
177
191
215
199
178
189
183
181
174
156
181
199
189
193
215
185
193
187
163
189
200
207
176
203
199
189
169
175
210
182
186
189
204
201
194
169
175
217
183
161
182
207
179
171
200
185
219
183
175
185
179
188
180
168
180
197
217
184
187
180
190
168
163
167
157
176
170
175
197
206
174
185
201
184
186
198
182
185
197
208
216
190
187
189
210
197
190
212
186
208
188
194
170
184
175
180
193
178
224
176
191
207
187
204
210
180
195
181
180
198
182
185
228
191
205
148
188
199
201
181
178
185
175
191
185
208
185
198
180
192
169
191
208
153
174
203
200
207
185
210
183
197
198
198
203
195
185
199
198
200
178
186
164
199
176
205
175
193
187
156
178
210
189
173
216
185
194
225
205
195
166
217
208
199
204
161
173
215
200
170
185
182
198
204
192
181
192
184
199
169
208
178
192
186
204
184
186
179
207
179
190
213
191
196
177
192
194
168
196
180
194
202
156
208
204
203
169
201
180
185
189
188
180
212
180
177
210
168
186
204
207
197
184
190
199
165
185
203
198
208
176
165
174
186
207
194
190
218
180
177
168
202
188
182
196
172
178
209
184
187
187
198
194
186
189
188
192
189
178
198
174
190
203
186
205
205
199
188
187
168
175
168
192
188
181
215
203
170
204
177
208
209
199
219
192
219
223
216
192
196
209
180
183
204
181
193
186
172
183
203
182
188
201
222
171
183
213
181
180
176
215
198
215
202
173
182
189
173
196
178
188
231
177
216
180
213
190
188
198
185
219
200
172
194
199
158
176
194
187
198
185
187
174
198
208
191
198
187
218
191
211
214
195
176
202
209
190
199
203
184
217
198
197
217
211
223
196
231
186
205
211
193
191
213
203
213
209
191
220
214
200
224
212
175
214
214
218
228
222
203
233
200
212
194
212
184
199
209
207
192
230
202
213
202
222
201
191
207
189
223
209
204
202
219
226
205
208
214
190
211
222
205
183
204
246
234
212
213
198
211
179
205
222
189
223
208
203
204
218
223
210
200
223
176
208
222
212
203
221
214
198
196
211
203
210
217
195
214
220
212
211
210
214
226
177
195
242
228
188
215
221
191
204
236
216
208
217
198
208
207
202
195
229
207
222
194
187
216
202
199
190
235
227
213
210
216
237
203
206
211
201
214
200
212
200
220
189
212
224
225
202
212
176
221
199
219
188
204
193
196
210
203
189
198
179
223
208
203
217
196
184
238
230
204
212
209
220
201
218
218
214
224
207
240
215
220
212
201
207
211
183
190
213
219
216
220
179
185
207
215
214
202
195
195
198
220
200
201
216
212
213
202
211
210
229
215
219
217
204
204
201
203
174
195
211
212
211
182
204
226
177
218
193
233
214
194
208
199
197
222
234
208
248
231
232
189
212
204
220
211
220
193
218
185
217
207
202
211
220
190
197
234
209
199
228
208
203
214
206
213
216
211
213
191
185
183
200
241
189
198
189
193
224
202
174
211
200
195
214
209
177
213
187
233
229
203
220
217
214
197
207
230
183
177
212
172
219
210
187
222
218
220
201
221
217
213
234
192
225
227
192
184
200
229
223
213
217
187
217
207
226
190
198
221
216
213
249
216
195
224
228
220
209
219
232
203
220
223
211
200
200
218
206
193
192
199
214
217
232
203
193
203
209
226
207
233
222
190
229
228
194
192
201
220
198
198
200
227
235
195
242
211
192
200
224
206
230
192
203
207
197
212
202
215
223
205
217
214
225
216
222
186
209
212
212
221
195
200
201
203
217
219
197
213
232
211
194
192
221
209
203
212
206
187
210
194
229
223
203
207
226
238
212
214
215
207
186
201
217
195
201
196
213
207
220
223
186
212
218
216
207
191
188
210
222
204
217
220
201
222
217
180
175
227
219
232
224
197
225
204
201
222
209
201
194
193
185
219
203
217
211
222
194
221
193
194
236
201
200
191
205
216
211
202
209
219
219
229
189
213
173
222
221
223
226
215
201
215
214
212
224
208
238
195
210
194
177
206
216
218
202
212
192
202
218
206
203
214
200
230
214
207
216
185
186
192
212
242
207
196
230
201
212
212
225
217
213
224
210
242
211
189
230
244
207
221
200
232
197
206
214
207
189
206
180
203
230
211
217
212
228
233
200
221
210
210
195
216
211
195
203
206
190
192
217
207
202
221
224
206
191
224
235
198
187
209
222
212
201
191
197
211
209
212
230
248
199
195
219
210
216
219
200
215
219
194
197
228
194
204
227
248
218
213
228
184
220
195
232
203
228
175
198
203
204
201
181
194
207
191
188
233
197
210
207
210
201
185
199
231
206
242
199
198
211
207
209
202
206
194
210
231
215
197
219
206
201
194
214
227
197
205
197
213
218
214
243
236
204
191
221
229
228
219
203
203
207
202
219
228
221
209
215
215
194
191
204
212
222
210
223
195
219
227
214
210
236
208
195
201
213
228
201
194
235
210
194
216
216
206
218
185
206
194
207
197
226
224
226
220
221
205
188
208
211
217
235
199
201
223
208
227
226
197
223
207
209
202
222
183
224
231
206
204
200
209
214
232
223
228
211
223
208
236
213
198
205
214
219
225
223
200
231
201
224
213
216
211
186
199
197
220
237
211
227
206
210
197
218
237
228
222
242
191
209
189
199
216
216
192
202
214
202
227
223
210
212
199
216
209
192
215
232
232
231
198
201
207
222
220
213
201
219
194
194
196
194
219
198
228
221
223
201
210
200
196
237
204
192
181
203
204
193
219
222
231
244
197
225
214
218
217
204
224
201
216
207
184
224
220
217
189
211
201
219
187
216
229
207
217
227
228
231
239
232
235
219
206
217
218
218
200
215
198
224
203
225
229
223
206
229
229
230
205
211
212
208
250
219
213
201
212
211
209
200
209
227
224
250
216
177
244
223
239
193
203
237
224
221
243
201
227
221
199
196
227
208
196
208
200
215
244
203
208
210
217
233
193
228
211
239
258
207
219
224
227
219
222
223
176
215
239
230
207
226
227
208
221
209
226
233
225
195
230
218
238
231
205
243
207
213
230
201
190
238
207
183
228
250
228
223
219
235
238
213
229
226
245
197
213
236
213
253
240
218
228
228
234
225
224
261
234
208
216
208
235
231
229
235
235
222
239
276
220
235
217
216
221
213
216
218
224
220
219
198
228
254
239
219
216
219
212
258
225
225
230
221
241
219
223
223
237
227
228
239
221
219
251
227
242
213
204
214
223
233
197
256
233
215
214
228
241
256
216
221
256
232
215
240
208
226
269
230
210
216
234
238
240
239
245
212
235
232
220
227
253
242
229
252
251
248
263
242
228
243
236
228
260
217
223
269
256
237
243
247
219
211
243
240
208
216
250
258
230
255
237
225
232
227
223
254
236
235
240
245
246
240
222
271
249
236
262
253
259
231
253
251
228
255
244
218
236
235
234
254
220
257
211
247
220
221
229
253
250
240
244
256
213
264
240
239
276
247
270
210
244
241
269
218
221
260
241
287
251
244
242
238
273
246
250
258
257
224
245
240
255
270
264
282
242
271
265
253
281
238
263
267
244
237
245
242
237
264
253
245
234
251
242
238
258
232
219
243
278
255
265
241
257
256
248
237
267
255
247
255
244
243
239
259
256
250
264
253
264
241
294
269
270
252
246
274
253
266
289
262
238
268
237
249
254
292
268
282
249
258
255
277
272
260
241
273
241
260
274
283
233
277
260
273
249
266
264
249
269
247
284
278
253
237
258
265
265
277
258
272
250
262
274
299
262
285
283
279
288
283
262
294
288
291
261
260
288
274
282
269
276
276
289
285
246
297
271
289
292
282
276
268
260
271
311
261
272
259
243
285
250
283
273
270
280
257
312
289
266
271
272
273
296
286
283
285
284
255
261
269
252
278
281
290
297
288
306
277
290
262
273
294
274
297
284
303
236
310
305
251
257
287
318
255
286
295
279
262
299
298
301
307
307
288
298
269
285
264
289
299
276
324
297
285
256
315
286
299
255
285
267
283
269
293
295
278
277
292
270
311
301
275
304
324
294
304
311
323
292
274
294
282
310
313
298
320
278
244
303
314
304
293
320
324
290
294
325
304
286
310
278
280
292
301
310
298
318
303
280
298
297
282
275
315
343
286
306
317
270
312
321
303
335
331
276
323
284
352
283
318
288
301
282
335
297
317
301
321
299
323
297
322
308
289
304
342
294
321
320
306
313
302
324
305
289
314
288
299
319
291
312
318
318
297
345
302
313
317
339
284
321
341
314
328
327
302
287
316
310
342
280
315
361
296
332
313
302
316
317
360
304
323
296
272
319
351
315
313
331
260
314
294
308
317
333
339
321
322
311
301
336
316
329
333
307
336
326
331
295
340
350
335
305
311
351
286
364
345
327
350
357
332
316
323
361
340
294
287
338
324
351
323
328
327
330
351
335
351
303
314
341
290
320
302
320
337
323
299
322
332
323
340
329
328
293
312
303
308
327
296
356
314
346
339
319
332
327
328
337
318
369
336
305
353
348
328
339
270
348
325
317
329
326
316
315
284
338
326
311
340
306
315
319
324
321
316
315
324
300
342
326
322
312
293
298
340
311
300
320
303
302
317
293
305
295
278
322
327
295
308
310
340
288
320
285
280
339
295
317
291
270
270
320
304
258
320
298
313
294
286
275
266
286
311
250
266
295
272
270
232
264
276
255
261
234
253
243
283
224
232
246
234
253
262
239
253
243
239
241
258
231
230
243
248
220
210
234
213
252
209
215
261
197
236
207
209
241
198
231
223
229
242
218
223
194
196
208
198
170
186
224
208
228
218
198
208
196
201
190
204
185
204
180
209
169
172
187
180
177
180
189
195
168
164
181
194
196
198
187
184
173
200
178
187
177
171
201
200
178
188
206
173
179
180
201
189
177
179
158
181
150
172
155
180
173
186
158
184
152
183
179
156
165
179
188
165
177
159
180
154
166
170
157
165
153
196
190
148
174
153
178
176
170
151
168
142
164
170
154
169
142
172
160
162
177
166
145
140
172
155
165
154
176
160
189
138
161
173
159
155
177
171
172
152
142
147
182
165
157
149
170
151
149
159
159
154
137
142
128
125
132
172
155
148
149
152
133
144
149
146
147
147
147
145
142
140
131
153
148
134
146
145
139
150
140
163
154
160
168
150
142
164
151
167
145
118
149
155
136
151
132
132
139
158
136
149
133
122
145
131
131
147
151
133
147
130
154
148
132
134
138
135
128
137
142
150
151
117
128
155
126
125
138
160
124
131
145
130
125
159
114
115
127
108
141
140
117
135
121
140
143
132
132
116
137
144
134
143
121
130
129
138
114
127
133
132
134
128
118
108
108
117
135
128
113
147
133
128
115
128
140
119
128
156
104
108
127
131
116
134
137
124
96
104
126
129
129
124
110
126
106
123
127
127
125
118
117
120
134
124
128
119
132
108
122
109
122
106
134
119
113
107
126
105
123
122
100
116
123
119
131
103
116
120
115
126
127
111
100
125
116
130
102
111
115
123
121
108
107
113
117
126
117
101
119
109
117
98
105
126
109
111
117
101
108
113
107
118
117
112
110
113
112
110
95
113
91
101
107
116
98
105
87
98
100
119
115
114
135
113
87
109
119
96
105
119
112
101
104
93
86
89
115
104
120
98
108
113
100
111
106
105
78
112
106
84
90
87
110
101
104
96
101
104
112
94
111
101
93
93
106
117
95
82
87
112
92
92
110
93
94
93
103
108
92
95
95
103
90
79
109
85
101
89
95
109
97
93
76
83
91
103
97
83
94
87
97
93
82
122
101
94
99
89
103
83
105
95
93
79
97
91
90
76
108
98
88
70
92
92
78
97
96
91
91
99
95
95
83
82
82
76
85
98
109
99
94
77
79
87
78
72
64
87
92
88
101
86
88
69
87
87
74
65
85
76
69
69
94
79
74
85
72
81
62
95
82
85
78
93
77
66
70
92
72
86
89
77
88
75
76
95
80
80
77
85
78
64
72
68
64
71
67
80
69
81
74
90
68
70
81
74
63
82
81
84
71
68
70
78
85
73
81
70
80
62
76
74
78
83
68
75
84
79
77
76
81
81
70
88
74
61
75
68
86
73
58
79
82
79
67
71
82
67
63
81
68
70
70
68
78
68
68
63
72
66
66
76
81
70
74
66
74
72
83
87
82
75
76
64
72
72
69
52
62
74
66
61
66
73
61
56
58
84
56
61
64
60
73
59
76
60
72
61
76
69
52
83
79
82
61
75
61
72
60
63
66
74
52
84
54
55
76
59
63
70
47
49
74
79
81
71
66
71
66
65
74
71
56
62
57
52
65
53
59
64
55
60
53
69
50
43
67
71
73
51
56
76
67
57
48
61
58
56
48
62
64
59
52
60
66
58
45
51
66
60
63
67
67
54
47
55
52
62
54
66
42
61
61
50
55
64
57
56
60
57
60
60
53
63
65
73
67
64
66
72
67
53
54
51
65
62
42
47
54
52
61
55
51
57
55
42
50
58
57
60
57
53
64
47
60
59
59
63
61
59
61
59
60
54
60
62
55
50
52
56
53
62
56
52
50
47
58
50
57
65
41
64
49
68
58
50
45
51
62
44
39
47
47
37
52
47
48
41
49
63
69
49
50
45
44
56
56
62
55
50
57
59
58
62
40
57
58
46
76
54
57
69
56
53
48
52
57
38
51
55
61
66
52
50
48
52
37
42
67
50
61
54
50
43
61
52
44
43
52
50
54
63
66
55
47
48
57
58
40
52
56
59
64
45
63
43
64
53
62
61
51
57
47
74
56
52
42
56
44
47
44
49
63
59
54
51
53
47
44
57
52
41
50
60
52
52
58
69
60
61
55
57
53
56
43
63
52
55
55
57
53
53
56
49
45
41
62
59
56
54
49
44
52
46
58
52
56
47
54
55
55
58
65
55
49
56
64
61
59
55
66
64
65
50
46
38
56
36
49
59
42
53
61
56
49
49
56
57
64
67
55
42
55
48
45
66
51
53
54
40
62
46
55
55
54
57
57
64
59
68
50
61
47
66
48
45
48
54
59
60
43
53
51
64
45
62
72
39
51
48
60
48
67
52
48
56
54
51
65
63
52
44
56
35
56
54
52
56
44
65
67
62
45
44
63
42
49
38
60
66
54
55
67
54
51
54
51
64
54
48
48
48
40
53
48
60
60
44
57
51
59
41
52
48
51
52
46
56
56
49
48
58
57
50
55
64
47
66
57
55
48
42
61
53
46
47
46
49
62
51
48
68
64
52
50
54
49
51
66
69
53
50
44
52
55
50
49
47
54
59
51
39
56
51
46
60
43
51
57
54
49
48
45
45
64
54
50
41
53
61
54
57
59
55
49
57
64
49
48
54
53
68
56
48
60
55
46
49
37
46
54
39
49
49
43
43
47
44
42
55
63
44
43
52
52
50
57
53
48
61
45
47
54
48
40
53
36
54
47
39
51
55
52
50
41
54
48
55
59
52
64
48
60
41
52
52
49
62
58
56
55
48
48
50
39
58
56
47
45
49
62
50
51
54
58
49
57
45
47
52
55
52
42
55
52
74
59
55
52
51
40
54
61
52
52
46
60
49
45
58
55
59
50
55
43
53
51
47
54
48
46
63
46
47
56
52
53
37
52
43
48
61
59
45
51
54
47
42
50
48
53
63
46
46
47
45
58
58
61
43
34
51
49
55
55
46
65
56
46
53
50
43
66
39
52
56
59
51
52
46
53
52
39
50
53
52
55
48
48
46
57
49
47
45
62
56
48
68
52
47
50
47
49
60
36
49
47
53
49
56
47
45
59
50
42
54
61
56
56
43
58
67
52
55
47
47
46
52
43
62
49
62
59
55
50
60
58
60
40
47
48
42
55
54
43
40
54
40
56
56
55
41
49
46
47
56
44
58
57
38
48
64
50
51
53
53
63
53
59
55
61
58
48
50
55
62
49
49
58
66
51
59
51
56
52
54
50
51
46
49
42
59
54
68
47
40
59
48
49
46
51
43
41
48
42
52
43
56
64
55
56
55
48
53
54
57
49
51
53
41
52
49
49
47
50
54
57
55
52
50
61
46
40
51
62
63
67
59
57
53
51
65
45
56
62
57
46
52
52
59
52
58
49
72
36
45
51
53
59
42
46
58
54
44
58
64
53
63
56
54
54
53
43
48
65
45
57
61
58
63
59
55
61
72
63
59
63
65
53
59
54
57
54
62
50
63
53
50
60
67
84
63
62
60
53
55
63
65
68
67
48
58
63
53
62
63
61
59
64
79
74
68
55
60
57
75
67
74
68
64
66
82
61
77
63
70
70
78
81
84
58
79
77
78
52
94
65
77
80
70
69
82
76
84
76
67
55
76
73
90
68
82
93
76
83
81
79
91
76
91
86
74
93
85
86
83
76
95
97
83
87
98
88
87
90
109
84
98
103
89
98
100
107
96
106
105
93
103
102
107
124
94
95
114
108
129
135
131
117
136
126
136
131
146
160
136
146
147
154
161
154
166
172
164
166
183
177
169
190
194
211
209
208
189
208
239
205
235
261
233
255
262
288
317
324
352
393
432
421
510
558
639
679
741
816
938
1074
1200
1417
1588
1829
1997
2375
2652
3039
3306
3693
4290
4843
5227
5871
6286
6893
7425
8128
8876
9280
9876
10607
10918
11355
11896
12187
12698
12793
12743
12727
12639
12459
12112
11996
11335
11239
10513
9961
9461
8714
8162
7597
6972
6418
5906
5334
4768
4259
3894
3277
2965
2681
2309
1977
1712
1499
1330
1164
1003
884
689
581
523
430
407
370
314
267
248
175
175
163
130
115
114
90
110
85
78
64
66
50
43
45
53
34
46
36
40
35
30
35
36
38
24
38
30
23
32
29
33
32
21
28
17
26
22
24
17
25
17
23
27
21
25
24
13
15
13
15
21
11
16
19
9
11
18
18
16
11
15
12
15
14
16
18
22
10
17
15
17
18
14
13
14
17
17
10
14
11
18
12
10
12
17
17
13
11
15
16
12
17
9
15
10
14
13
15
19
16
11
16
7
11
11
17
9
13
15
17
18
6
12
12
15
10
14
9
9
14
12
11
19
17
12
13
11
12
10
14
14
8
10
15
9
19
12
10
11
11
8
10
11
18
9
13
4
15
17
12
12
11
12
13
11
10
15
12
13
14
12
18
12
8
9
8
13
13
17
8
9
9
13
11
12
16
10
11
7
14
18
10
4
17
7
16
11
12
9
11
8
10
13
11
10
7
13
8
8
10
13
1
4
10
12
10
9
6
10
13
13
6
8
9
5
8
13
18
7
10
9
2
12
7
6
11
13
10
5
10
9
9
9
12
12
6
13
3
6
10
8
13
6
6
7
7
7
8
7
6
2
11
10
6
11
9
10
5
6
7
13
14
4
9
11
6
5
8
8
7
6
6
11
7
10
4
9
10
9
7
3
9
7
10
11
6
8
11
12
8
14
16
7
6
9
9
11
11
15
9
7
12
10
9
2
9
11
7
7
4
4
13
4
9
16
8
8
10
8
10
7
8
5
5
3
7
6
7
6
6
10
6
3
9
11
11
5
8
5
8
5
7
8
4
4
8
9
10
9
6
9
6
6
6
13
6
8
4
7
4
9
3
5
6
4
7
9
9
7
4
8
7
8
10
9
5
10
5
8
10
13
3
7
5
8
6
10
11
5
8
4
10
7
4
7
5
4
8
7
7
6
9
6
8
7
3
9
4
10
6
7
5
8
2
5
2
6
2
6
3
8
5
6
6
2
13
6
5
5
5
7
5
2
6
5
6
4
2
4
10
6
2
9
11
6
3
8
6
8
9
3
10
9
11
10
4
6
5
8
9
3
8
4
6
6
5
6
9
5
7
10
8
8
4
5
4
9
5
6
7
12
7
11
10
6
6
5
2
5
9
4
7
4
4
4
7
11
3
6
5
7
6
4
8
5
12
2
4
8
3
4
2
6
13
8
7
2
3
8
7
5
7
5
8
4
3
9
4
7
5
7
7
7
6
7
8
5
3
7
3
6
5
11
7
9
3
6
7
7
12
9
4
9
6
8
4
5
5
7
10
11
4
6
7
10
1
8
7
5
10
8
8
8
4
3
6
3
4
4
7
2
5
1
7
4
5
9
6
2
8
2
9
4
6
7
8
4
9
9
12
6
4
5
5
5
9
6
4
12
9
8
4
6
9
6
8
4
5
2
4
5
8
6
5
6
7
8
7
1
3
7
6
6
6
6
7
7
7
8
5
7
4
10
10
4
7
7
6
6
6
6
6
5
7
6
5
8
12
5
4
5
8
4
6
10
6
8
6
11
8
8
11
5
2
3
4
5
5
9
2
8
5
12
6
3
6
2
7
5
5
3
9
6
5
1
6
3
3
10
7
5
6
5
9
5
7
5
4
3
10
5
8
7
5
6
5
8
3
6
3
4
8
6
4
2
8
8
3
4
3
9
10
4
9
5
4
6
4
6
3
7
4
7
3
5
9
6
4
6
5
5
4
1
4
7
7
6
9
5
5
4
6
5
6
5
7
13
7
5
7
5
5
4
6
3
4
3
3
3
7
8
9
5
5
9
9
8
9
7
1
1
5
2
7
7
3
1
6
5
8
5
4
8
5
4
10
2
4
8
9
5
9
4
5
4
7
5
3
1
8
5
6
8
7
4
5
7
3
5
9
5
5
4
9
9
4
8
6
8
10
6
9
9
4
4
6
8
4
4
8
7
3
6
12
5
1
6
3
4
7
5
8
5
2
8
7
7
9
5
3
9
4
6
6
4
10
7
3
4
10
5
4
2
7
4
4
4
5
7
6
6
6
6
5
5
7
7
4
4
3
8
8
5
10
7
5
8
3
7
3
6
7
5
3
2
6
6
6
5
2
7
10
4
7
5
9
5
5
2
7
6
5
2
3
5
8
3
6
3
4
7
4
7
3
7
5
8
8
6
1
5
4
8
3
10
4
8
2
8
4
4
5
7
4
2
2
7
4
12
8
7
6
8
7
9
2
9
5
5
3
2
13
3
3
9
6
10
3
11
4
4
9
1
11
5
2
5
2
5
5
3
2
4
2
7
7
5
3
4
3
5
5
9
7
2
3
0
6
6
6
4
4
10
1
3
5
4
5
2
5
8
7
1
3
7
2
5
7
4
3
6
2
3
7
3
8
6
3
3
5
3
5
7
5
5
2
4
5
4
4
4
4
4
5
6
3
8
3
2
4
3
3
5
4
4
5
5
5
5
4
6
4
6
4
4
3
1
2
5
5
3
5
1
8
8
4
4
6
4
2
6
4
2
6
3
5
1
4
1
1
5
6
2
3
4
7
6
1
7
9
3
6
10
1
6
2
4
2
5
9
3
9
6
4
4
5
5
5
3
7
3
3
3
2
4
5
5
6
8
5
11
6
5
9
5
2
10
5
1
4
5
5
2
1
1
1
4
8
4
4
4
3
6
6
6
5
4
5
8
4
1
2
2
9
5
7
8
12
5
3
8
4
6
3
1
3
5
4
8
6
3
6
4
10
3
3
7
5
4
4
3
3
3
6
4
4
5
3
8
3
4
3
7
6
6
7
3
3
4
5
5
6
2
6
2
3
3
4
10
4
7
8
2
5
5
2
5
4
4
2
2
6
6
8
4
4
1
2
5
2
2
5
6
4
2
6
3
2
5
6
2
5
2
5
4
3
5
7
5
5
2
4
5
5
4
3
2
5
7
4
3
4
7
5
3
3
5
5
3
6
5
3
8
5
8
5
4
4
4
5
5
8
3
1
8
4
6
4
6
6
2
7
3
6
5
5
7
3
7
6
5
5
3
4
6
4
3
4
4
6
7
8
7
7
5
4
7
4
4
9
6
0
1
6
8
7
7
4
4
3
5
6
6
6
5
3
7
4
2
6
1
5
8
4
1
4
4
4
7
2
5
2
7
3
2
7
8
5
2
5
6
5
3
3
6
2
5
5
2
2
3
5
4
4
2
4
6
4
5
4
2
2
7
3
9
5
1
5
3
4
8
6
4
5
8
6
9
4
3
7
7
3
4
4
5
7
4
8
2
5
5
3
6
4
5
2
3
2
7
0
9
5
5
5
5
1
4
6
8
1
3
6
0
2
5
3
5
2
3
6
4
3
2
5
2
5
6
2
7
2
4
4
8
4
6
2
6
1
3
2
1
3
1
1
4
4
0
3
5
6
7
4
6
4
3
4
9
5
5
4
2
1
3
8
3
6
3
8
4
3
5
5
3
6
6
4
4
4
6
1
3
6
4
8
7
7
3
2
2
3
6
2
6
2
8
2
3
8
5
5
4
5
2
0
4
4
4
2
5
7
5
4
1
4
7
6
4
5
4
6
6
5
6
6
0
5
6
5
5
3
4
7
1
3
4
8
5
4
9
2
5
5
2
5
12
7
6
5
10
4
4
5
1
6
5
5
8
5
6
4
6
3
2
4
5
3
8
3
2
4
2
3
3
3
4
0
1
8
11
1
2
6
5
2
2
6
2
5
1
4
4
4
7
3
1
7
8
2
2
7
6
4
4
5
3
2
2
4
2
1
3
3
4
8
8
3
8
2
6
6
6
2
5
8
5
6
3
4
3
7
4
1
3
3
3
6
4
4
6
5
2
4
2
5
3
6
4
5
2
1
5
6
3
3
3
3
5
1
6
5
6
5
5
5
5
2
5
3
1
3
5
5
4
3
3
7
4
7
2
4
6
0
3
5
4
3
5
3
2
7
3
5
4
3
2
7
2
6
5
3
2
4
3
3
6
2
5
4
1
3
1
5
6
3
3
4
5
2
5
3
5
5
5
7
5
5
2
5
3
1
2
0
2
3
4
4
5
4
5
4
3
3
2
5
5
4
1
3
4
5
1
5
2
7
4
4
3
4
5
4
4
4
6
0
3
3
3
2
1
4
7
3
6
1
4
3
6
3
4
6
2
2
1
4
0
1
4
1
3
2
4
2
3
2
4
1
3
3
1
5
2
2
1
2
6
5
7
5
4
3
6
4
7
2
8
9
5
1
2
2
1
5
4
5
6
1
5
3
3
1
2
5
5
4
2
5
4
1
8
7
4
3
3
4
7
6
3
6
3
4
2
5
2
4
7
5
1
3
4
3
3
2
3
3
0
6
4
2
4
9
4
4
4
2
2
2
4
4
3
3
8
4
5
7
4
5
8
3
2
6
0
3
2
4
4
5
2
0
3
4
8
5
3
5
3
4
2
3
1
4
8
2
1
4
4
1
8
4
4
5
2
5
7
5
2
2
4
5
5
6
2
3
2
6
0
2
4
6
1
2
6
4
2
5
4
2
6
4
2
4
1
6
4
5
7
1
2
3
3
3
2
3
3
3
3
1
4
3
4
2
2
3
1
3
4
2
5
3
5
3
4
3
3
4
2
7
8
3
1
3
1
5
0
5
2
4
2
2
7
2
3
1
3
3
3
5
3
1
0
2
3
2
5
5
5
6
4
4
0
3
1
2
3
5
6
6
1
2
2
4
8
0
1
2
3
2
4
5
5
4
6
4
5
2
2
4
3
3
5
4
4
4
11
2
4
2
8
3
5
4
1
3
3
3
3
8
3
7
3
6
4
3
6
1
2
4
2
2
2
5
3
4
3
1
2
4
6
5
8
6
3
5
3
5
1
3
7
5
3
5
5
5
2
5
3
4
3
4
7
4
4
2
1
3
2
6
2
3
3
7
1
2
4
3
3
5
3
0
3
6
1
2
6
5
4
4
1
4
5
3
0
1
3
3
6
3
4
3
4
4
0
4
1
1
5
2
2
3
1
3
2
5
5
3
5
5
5
0
5
1
5
3
3
4
3
4
1
2
4
5
4
7
4
3
1
5
3
3
2
2
2
2
4
2
3
2
6
5
4
3
2
5
4
5
3
3
6
7
3
2
6
5
3
2
6
10
4
0
3
2
2
0
5
3
0
4
2
4
4
4
4
5
2
3
4
2
2
3
2
4
1
3
0
3
3
5
6
2
4
4
3
5
7
6
3
1
3
3
4
3
3
1
2
2
7
2
5
3
7
2
0
4
0
1
3
5
4
5
1
2
3
3
5
2
3
3
2
6
3
2
3
2
4
1
2
1
2
3
3
2
5
4
2
4
3
2
2
4
6
5
2
5
5
3
5
7
3
4
2
4
1
3
3
5
1
1
1
2
3
1
3
5
4
7
9
8
3
7
1
6
4
1
1
1
3
4
1
3
1
1
2
4
2
4
2
1
4
0
3
3
2
2
5
3
6
2
2
3
4
6
1
5
2
3
2
2
4
3
2
2
2
2
3
6
3
4
1
1
1
6
2
1
2
2
7
1
4
4
1
1
3
4
2
4
2
2
1
2
7
5
0
5
8
4
2
2
7
5
2
1
3
5
2
2
6
4
3
5
4
2
3
2
4
1
7
6
3
3
4
3
1
2
3
4
5
1
6
2
1
4
2
5
3
3
3
7
1
2
3
1
4
3
6
2
3
3
3
4
4
2
2
2
3
6
3
7
4
2
3
0
3
3
3
4
3
4
4
4
3
5
2
3
1
1
7
1
5
4
5
5
4
4
2
3
0
1
1
1
3
2
6
3
3
3
3
3
2
2
2
6
2
2
5
2
2
5
1
3
3
6
2
2
0
4
5
5
3
3
3
1
2
2
1
4
1
2
2
6
3
1
1
4
3
5
0
1
5
4
4
3
3
1
2
2
3
6
1
2
2
1
2
2
5
6
2
3
7
3
1
4
1
3
3
2
3
3
3
3
1
3
6
3
2
8
2
1
1
3
4
3
6
5
2
4
2
4
4
3
4
5
2
0
3
4
1
3
7
1
5
3
1
5
0
2
4
2
2
3
4
1
4
3
0
4
6
4
4
3
2
6
2
4
4
3
4
3
2
4
2
0
4
2
5
1
1
2
1
1
4
3
3
7
3
6
2
7
6
2
4
2
3
6
3
2
5
3
3
4
1
4
1
4
5
1
5
3
0
5
2
3
1
5
4
3
2
3
8
5
4
3
4
4
3
1
6
4
2
2
6
2
2
4
1
3
2
5
1
2
2
2
4
2
3
2
4
4
8
2
3
0
2
4
2
4
2
1
4
2
1
5
0
1
2
5
2
3
4
4
2
1
2
3
5
2
2
4
2
6
5
3
6
1
5
5
3
3
3
2
6
4
6
1
2
3
2
1
2
3
4
3
8
5
1
4
3
1
5
4
2
3
5
4
2
3
2
3
5
4
5
4
2
4
2
7
2
5
1
2
0
4
1
3
3
1
3
4
1
3
3
3
5
3
158
167
194
149
165
183
178
162
187
191
159
182
192
172
170
199
182
217
174
195
176
183
207
198
213
202
203
192
228
202
178
203
221
217
219
231
254
267
227
237
250
249
279
296
277
272
252
281
279
311
257
295
309
317
347
344
352
346
348
363
356
378
419
405
389
400
419
410
445
449
442
479
475
498
472
475
539
514
554
573
594
601
596
601
650
721
656
741
749
736
786
851
863
931
1011
1110
1367
1796
2369
3525
5419
8179
12506
18496
26342
36848
48383
60345
71390
79049
83793
84291
80047
72926
62765
52931
43153
34481
27504
22669
18455
15839
14067
12884
11909
11112
10808
10287
