0
0
0
0
0
0
0
0
0
0
0
0
0
0
0
0
0
0
0
0
0
0
0
0
0
0
0
0
0
0
0
0
0
0
0
0
0
0
0
0
0
0
0
0
0
0
0
0
1
0
2
3
3
2
8
3
1
2
7
3
4
3
3
4
2
8
2
4
7
3
3
3
9
12
6
10
8
9
13
14
22
26
21
37
33
30
49
55
62
90
87
116
122
130
160
175
201
268
298
390
452
505
555
676
851
1005
1182
1300
1052
927
748
586
428
191
97
83
80
103
106
112
142
149
184
215
221
270
270
279
310
361
314
380
403
384
364
397
360
365
325
293
245
235
174
160
153
139
163
176
215
209
229
280
288
324
318
322
340
349
314
297
273
238
231
212
182
196
175
223
234
270
284
287
271
284
318
279
271
237
253
233
235
196
214
219
251
221
258
238
269
291
308
264
260
267
250
216
221
229
207
242
241
290
248
274
267
281
255
244
260
234
213
227
221
222
214
217
278
266
235
266
255
248
266
259
247
234
235
222
225
245
229
243
252
276
248
262
265
263
246
273
230
226
251
233
225
236
236
238
269
269
236
265
277
248
260
251
244
266
241
244
237
225
253
225
240
235
247
249
263
276
273
251
244
273
237
230
250
229
250
256
248
263
245
248
257
238
280
268
243
272
282
262
268
261
257
245
275
232
247
240
253
264
275
269
260
264
270
257
274
288
275
248
226
265
255
237
246
244
275
231
249
259
248
258
242
232
238
281
247
268
269
257
253
260
267
254
241
246
255
247
279
262
253
272
255
251
266
281
270
264
266
252
261
246
252
269
261
266
265
269
245
277
305
257
267
267
260
252
274
277
253
240
274
287
253
267
255
269
285
289
269
238
280
274
250
283
292
244
259
240
258
274
250
246
267
259
249
286
311
260
243
273
253
283
283
275
273
260
261
273
294
257
280
257
292
273
249
265
262
240
249
274
236
279
257
287
274
241
249
274
261
278
233
242
267
272
246
249
263
278
270
254
229
234
240
257
249
269
259
276
253
260
266
237
228
281
264
255
245
277
259
290
273
266
258
271
252
253
258
253
254
254
263
244
251
292
261
260
281
257
241
267
249
237
254
260
299
243
271
243
258
271
258
285
253
267
247
276
255
260
260
251
248
262
265
254
261
225
274
271
243
219
251
280
258
249
274
249
282
274
257
267
247
246
260
250
270
282
252
259
284
262
268
259
269
276
252
253
255
257
268
248
266
241
271
251
283
255
249
263
214
240
253
248
260
251
285
261
265
281
261
273
230
246
254
220
262
271
262
269
248
260
248
237
289
225
263
251
280
262
238
253
301
250
241
218
254
257
273
253
265
254
254
261
237
254
233
262
237
254
226
240
221
243
219
250
248
262
261
248
262
237
227
255
265
254
280
271
239
278
270
257
206
227
239
227
268
271
216
248
244
263
237
201
229
266
237
233
204
256
227
244
256
249
288
270
222
217
271
275
255
232
260
250
257
251
264
240
248
250
230
243
217
241
246
262
222
295
221
252
253
253
244
246
263
250
241
227
249
248
228
245
269
233
239
257
272
268
252
234
255
248
227
226
220
250
244
252
240
247
257
233
216
233
235
231
210
210
236
245
238
248
219
240
262
235
244
237
241
241
231
253
229
241
216
237
276
244
253
206
218
213
244
237
255
241
207
227
275
205
234
249
220
230
226
234
234
242
229
220
224
266
220
224
244
237
273
259
246
228
254
203
198
220
219
225
237
218
214
225
237
238
272
259
225
239
234
234
227
217
206
227
234
223
240
221
194
245
199
232
226
214
238
207
251
217
237
242
215
221
238
239
237
254
220
241
198
246
195
189
222
207
217
198
225
235
235
243
215
220
239
217
223
216
212
211
209
199
220
222
235
222
236
220
243
211
232
221
239
225
236
239
232
219
246
204
228
206
208
236
205
226
222
215
210
211
228
248
231
213
230
224
243
249
252
228
252
197
206
198
249
232
243
224
230
215
209
200
236
219
224
245
218
244
219
228
243
221
216
214
241
242
221
254
222
231
213
231
243
202
210
219
238
225
233
236
212
208
233
220
219
199
231
228
220
230
220
241
223
242
244
230
249
232
217
222
223
244
242
235
230
245
210
222
230
227
226
211
251
216
232
275
221
233
224
236
210
247
216
249
214
230
216
207
236
241
221
250
230
225
235
262
243
247
236
248
248
237
220
257
226
273
259
223
236
254
250
262
228
283
269
257
270
272
220
248
262
286
288
292
307
287
281
283
292
299
311
316
274
313
282
298
297
265
264
293
287
291
326
264
275
300
286
306
290
322
282
274
294
258
294
291
287
276
291
301
304
248
277
281
284
227
283
276
273
270
267
260
263
240
238
256
237
268
268
265
259
247
221
246
254
234
245
231
220
243
238
240
245
230
249
230
252
221
245
229
210
236
226
237
227
208
223
213
221
236
201
234
214
201
198
225
205
238
221
191
244
226
261
220
207
219
234
217
231
223
206
214
212
206
206
196
229
198
191
226
210
233
218
200
216
192
212
204
194
192
233
186
218
205
204
214
194
229
216
222
233
224
230
234
271
253
217
238
212
196
224
226
211
199
193
196
207
222
222
218
204
216
204
208
192
204
168
199
182
205
191
211
187
165
184
197
194
229
191
183
237
200
233
172
207
220
208
184
188
215
170
191
192
208
191
185
200
196
183
206
205
198
215
204
202
181
197
178
201
199
188
191
193
187
172
184
213
200
188
177
169
184
190
197
202
167
205
183
185
176
200
182
195
182
178
216
189
192
195
201
194
182
187
193
188
187
178
192
185
210
186
187
173
197
159
202
201
196
180
179
187
176
190
220
217
175
184
178
180
218
197
190
210
199
203
179
184
189
189
169
170
178
161
168
201
189
196
197
160
190
194
164
166
208
182
190
186
173
197
161
176
185
186
189
192
194
173
194
208
210
179
205
185
185
189
168
173
162
167
168
168
174
200
182
188
216
174
173
188
161
217
169
198
190
169
172
193
190
204
168
197
168
158
177
181
184
194
170
189
181
193
169
179
188
185
181
165
188
180
184
175
175
176
186
173
188
199
192
185
166
162
160
162
193
216
179
186
177
186
177
181
180
165
185
188
185
170
189
188
161
188
176
192
183
175
221
182
186
166
191
149
148
175
180
164
169
188
187
179
217
189
182
180
191
154
168
195
193
193
187
196
160
164
178
185
201
191
173
186
172
179
157
208
203
199
184
177
197
158
181
191
197
191
171
169
163
193
177
177
170
165
193
170
167
186
172
195
188
197
156
205
185
171
165
188
184
177
146
175
210
193
175
178
167
162
176
170
176
185
169
177
175
145
197
179
196
183
163
159
189
191
174
183
158
159
166
172
174
181
176
160
174
205
164
186
168
167
177
175
240
221
221
210
207
206
189
186
176
154
174
175
169
164
203
160
168
181
161
153
182
147
198
147
159
182
182
170
167
180
171
198
162
160
160
164
165
187
162
148
163
152
156
144
176
151
157
177
158
157
166
192
168
154
155
152
182
180
162
160
163
160
141
143
169
168
187
187
177
191
163
172
156
161
174
172
184
197
153
171
156
182
171
153
157
167
172
144
145
169
179
170
193
177
178
171
177
161
163
167
150
153
152
151
204
174
152
160
172
167
153
149
167
172
157
186
163
155
156
169
180
170
165
187
149
167
163
166
162
197
170
193
187
159
173
146
165
161
181
184
169
169
172
157
171
190
178
176
167
162
183
156
185
161
154
149
146
184
173
138
169
182
170
162
151
191
163
168
165
162
165
148
148
151
165
171
155
162
148
176
147
143
152
147
170
143
164
169
187
169
165
162
166
152
153
188
156
161
172
159
184
157
161
178
170
174
155
176
147
157
179
166
166
174
176
184
180
165
185
169
188
177
166
150
155
160
164
171
191
180
174
142
174
163
168
143
176
166
160
163
172
156
176
182
176
167
155
151
138
178
139
157
148
171
159
167
164
182
133
155
155
153
169
170
141
148
202
148
159
150
156
140
182
179
135
169
166
172
142
170
158
138
167
172
154
124
165
162
144
165
168
148
170
169
150
159
173
183
183
153
148
162
173
143
172
170
156
194
152
147
145
148
172
158
165
185
157
151
180
166
153
152
152
137
150
156
137
162
166
142
159
164
160
157
159
182
173
186
163
168
159
173
160
163
161
148
141
147
156
179
168
177
160
157
161
157
171
151
158
189
144
176
168
180
141
162
153
166
131
148
155
149
150
152
164
159
154
176
147
167
163
156
139
126
143
153
152
151
147
152
169
159
142
161
154
139
156
158
132
153
172
130
173
172
147
170
159
140
165
151
174
142
150
147
149
150
150
174
162
151
159
155
147
169
150
153
145
151
156
149
155
147
161
172
156
150
153
152
132
150
176
140
149
150
160
149
168
152
153
162
143
162
154
142
159
140
155
175
142
149
170
153
139
155
166
157
167
172
176
169
157
143
164
153
149
170
139
144
173
136
161
150
177
170
159
152
171
173
156
140
154
150
151
139
154
154
153
161
128
134
138
169
152
155
156
160
172
177
149
148
145
159
169
175
153
154
140
167
148
153
161
137
152
153
137
155
146
156
155
133
177
143
146
150
157
164
172
136
149
153
145
151
154
157
160
166
154
148
160
160
154
154
158
147
156
162
182
150
134
165
162
162
152
143
146
144
178
161
153
118
173
147
154
161
139
150
147
144
182
140
139
154
157
148
167
161
165
134
157
160
142
172
153
161
147
142
161
128
153
149
138
148
138
136
140
139
140
160
147
137
167
126
151
175
138
153
160
149
129
136
133
138
148
141
148
165
145
146
150
118
153
163
134
137
168
166
131
147
166
105
144
181
144
149
143
119
154
128
151
142
156
140
140
155
167
132
122
169
139
151
142
134
160
135
147
153
132
161
142
142
175
140
129
139
158
143
162
139
158
130
149
139
151
137
157
147
135
164
126
156
149
139
165
162
160
146
160
146
143
155
132
126
146
140
164
144
147
147
161
143
164
143
153
139
163
133
143
136
154
141
144
142
143
156
144
137
159
138
152
140
153
128
146
144
152
144
138
150
153
140
148
155
163
140
144
142
136
143
128
146
147
124
148
149
154
144
144
148
134
156
141
149
143
157
148
156
161
140
139
144
136
136
160
156
128
165
151
164
152
134
148
168
140
139
160
148
146
154
141
144
128
160
136
144
148
136
147
132
125
148
139
170
119
127
124
137
153
155
138
170
157
136
127
134
134
136
144
152
147
147
124
121
150
157
133
127
122
127
151
135
133
130
153
140
136
140
126
158
147
169
155
143
126
151
139
142
142
135
143
170
154
134
141
137
130
144
134
161
156
123
155
149
157
152
139
131
166
146
138
158
167
136
141
156
129
131
145
157
145
138
136
169
126
147
138
151
148
140
140
145
155
152
129
144
132
134
137
135
137
137
124
126
147
132
125
159
140
147
152
126
144
127
130
136
153
146
146
129
142
139
133
124
139
133
137
129
116
159
151
138
156
139
129
140
146
151
132
141
144
119
130
160
132
162
131
154
129
145
145
140
116
153
120
141
140
125
140
136
150
132
152
122
148
141
144
139
146
160
142
168
165
153
131
146
141
134
157
141
140
157
123
160
138
135
149
131
157
130
146
150
138
148
155
169
137
142
145
117
152
136
142
146
156
171
177
138
142
136
138
115
162
139
156
162
129
158
147
128
154
144
179
177
151
170
155
150
156
145
157
148
158
155
171
148
162
161
138
142
150
145
168
154
128
159
146
141
133
146
146
132
140
151
141
160
147
141
136
135
145
150
138
153
124
157
136
156
145
153
144
126
162
132
155
139
137
147
134
135
136
156
131
150
141
139
137
160
128
155
138
138
150
157
144
145
143
150
151
138
134
143
153
143
142
152
139
161
140
146
150
147
137
135
160
131
151
147
125
154
125
135
159
138
141
132
139
130
138
157
130
151
160
126
132
140
150
142
128
145
138
135
152
154
162
130
153
132
133
150
129
167
141
146
146
145
149
149
146
138
137
135
144
154
135
149
153
148
123
146
120
140
129
122
156
157
136
141
150
126
132
141
137
152
152
159
137
136
156
138
131
143
135
148
138
153
153
145
151
153
153
139
155
126
149
131
160
131
139
139
141
152
118
148
166
154
152
120
150
121
129
133
151
135
129
150
144
136
146
128
161
142
116
142
147
142
138
133
144
141
153
144
129
129
129
126
154
133
124
134
124
142
136
137
150
136
149
159
129
160
145
143
141
160
125
142
141
147
166
170
162
130
159
122
148
137
162
140
148
125
136
149
133
135
152
143
144
132
162
123
122
133
143
163
141
146
128
116
153
135
157
137
153
131
124
150
141
138
141
156
135
176
147
147
135
125
136
129
148
132
136
143
137
137
156
167
125
139
133
170
143
134
155
118
128
125
152
127
124
126
140
146
117
122
130
132
149
136
146
130
145
132
137
129
144
153
136
138
139
158
146
142
147
134
148
122
126
133
137
151
132
148
136
124
153
124
142
140
142
134
158
140
145
130
123
153
151
147
148
141
167
155
157
184
167
147
169
149
155
176
153
135
138
137
143
139
133
152
157
150
127
157
136
159
167
103
124
163
162
128
129
131
142
149
139
155
126
156
142
153
154
161
148
148
138
148
122
153
134
144
138
140
148
134
131
156
133
139
151
150
138
132
143
118
130
152
142
148
140
146
134
141
150
138
150
136
139
142
155
125
141
150
133
163
128
153
125
147
145
136
146
156
136
126
127
134
166
142
151
147
133
127
123
133
137
150
145
150
136
143
142
150
142
131
130
148
162
154
141
137
121
145
182
150
144
146
147
165
136
132
134
160
159
165
144
154
182
171
171
165
136
178
158
142
154
155
135
138
128
158
137
138
164
160
167
130
147
138
133
151
132
137
127
158
147
116
134
136
159
161
148
142
141
149
130
136
120
136
131
149
143
121
148
164
160
143
157
128
147
148
141
128
170
142
145
143
153
158
139
156
136
145
171
125
140
146
153
145
140
137
148
145
148
138
130
144
120
163
132
148
161
149
121
137
139
135
127
152
162
121
132
132
160
141
165
149
150
140
160
133
167
130
135
140
137
170
141
150
139
146
138
143
147
142
150
152
150
152
153
166
155
157
149
146
143
121
137
139
147
138
142
159
130
136
137
146
165
144
158
139
147
151
146
146
134
160
138
157
141
143
156
143
153
136
132
143
165
137
153
163
162
147
149
157
137
154
138
148
147
142
164
149
119
138
136
150
153
152
157
167
139
151
135
143
158
142
138
160
139
162
134
135
158
162
156
163
155
157
152
145
143
138
156
173
162
141
146
144
158
161
151
141
135
158
148
145
143
145
142
142
164
136
130
139
148
146
156
120
139
155
109
157
157
168
138
143
122
161
148
165
157
130
153
158
164
146
137
136
131
144
143
134
149
155
133
135
140
147
160
134
155
149
124
152
131
144
147
160
141
147
161
147
133
148
153
170
130
130
154
134
150
173
135
169
155
139
159
142
145
150
136
131
130
138
157
137
168
158
145
155
124
144
136
161
147
140
158
134
148
132
148
144
140
158
154
148
153
143
136
157
165
149
139
145
141
153
130
141
162
135
146
144
135
140
169
135
153
175
154
151
136
138
157
142
138
148
139
152
142
137
159
150
162
164
174
143
150
147
147
153
167
126
151
142
137
151
170
144
135
143
154
140
155
151
131
131
148
162
149
153
155
128
132
124
147
162
141
153
173
142
179
161
149
127
135
143
152
137
153
152
145
164
147
119
130
131
161
155
136
130
132
152
160
163
150
164
152
145
162
146
142
150
145
136
147
143
155
127
138
162
170
155
156
165
161
135
156
147
140
131
157
162
165
138
147
151
176
144
167
159
163
152
150
147
138
156
172
164
153
156
154
159
132
164
144
153
127
157
146
143
144
149
156
160
147
153
155
158
144
130
157
152
154
149
155
161
156
162
138
154
150
148
141
144
172
127
146
156
157
146
168
143
160
140
165
157
146
160
148
142
139
143
134
168
162
136
148
149
145
137
132
142
136
154
144
147
137
163
148
133
149
153
146
140
154
150
140
155
148
150
164
182
135
151
138
137
169
152
140
136
127
135
138
154
153
154
167
150
167
147
147
141
138
158
164
168
165
164
154
141
146
150
144
146
142
143
149
141
140
156
163
169
156
136
158
167
152
157
143
139
152
160
147
167
138
168
140
155
155
152
151
151
160
140
161
168
168
143
165
173
145
159
134
150
137
147
141
138
164
160
158
170
139
166
148
152
162
159
184
161
162
142
151
151
166
136
152
152
179
145
135
149
175
158
148
151
127
157
179
182
149
179
127
121
154
154
161
176
143
167
141
166
136
146
178
127
170
136
156
143
164
166
156
157
160
176
160
148
154
162
153
151
152
153
169
182
174
157
164
145
154
159
173
170
148
177
147
166
150
153
155
178
159
150
172
140
159
178
141
175
154
145
163
162
150
146
164
164
159
150
159
148
162
177
118
170
148
160
145
175
157
158
163
154
169
146
165
168
155
156
141
180
152
181
160
167
165
156
147
169
158
165
175
161
161
161
155
191
175
151
150
148
130
147
163
162
174
168
155
166
158
147
147
157
181
154
149
134
166
143
152
167
164
166
151
169
140
158
156
168
169
169
146
151
164
150
147
155
160
185
157
156
149
181
174
167
164
143
146
149
153
159
185
170
152
175
188
156
187
160
159
148
169
166
156
178
145
147
153
170
136
166
131
165
159
145
171
145
164
148
152
179
185
177
189
157
162
170
165
162
168
154
169
169
158
151
163
145
166
168
155
155
166
154
178
179
190
178
168
169
175
185
191
169
179
176
143
162
190
196
162
157
161
166
150
168
177
171
158
164
183
159
162
185
190
176
148
171
170
171
178
144
162
163
186
178
176
146
192
175
172
165
163
157
168
147
150
180
173
155
148
166
176
165
166
160
161
146
152
146
160
175
151
179
151
198
172
188
152
144
179
168
166
176
162
156
172
158
187
162
162
190
167
172
172
182
171
191
182
176
186
159
215
155
191
169
189
180
149
169
144
178
168
156
149
168
175
167
150
175
160
186
184
167
173
179
183
139
158
170
173
185
191
186
152
171
184
181
177
173
191
167
179
171
160
189
168
185
177
190
189
153
174
191
163
164
179
166
169
179
163
175
205
161
169
156
179
187
179
191
175
184
188
164
175
174
182
172
168
193
176
182
174
181
187
159
172
182
162
172
182
173
190
163
156
169
171
170
157
185
197
185
171
176
173
173
161
191
203
199
200
204
202
190
187
191
201
176
194
191
209
209
206
198
196
205
196
173
180
199
181
160
188
158
196
191
179
174
167
199
200
200
176
173
182
177
207
184
195
188
155
182
193
201
208
202
189
189
184
194
205
187
173
199
205
185
168
168
181
179
191
187
185
169
196
167
163
157
154
167
162
188
190
187
184
184
223
176
177
188
186
180
207
173
183
174
165
195
194
171
189
187
159
200
184
189
196
190
170
208
197
173
206
194
177
188
178
180
187
158
187
206
166
194
173
172
189
175
180
191
206
186
181
173
163
183
185
186
200
163
207
201
221
172
205
205
179
185
164
194
183
191
202
203
162
194
193
183
171
179
183
195
202
200
182
179
200
182
199
207
195
195
165
178
176
200
215
203
227
183
175
193
186
185
183
174
179
197
219
203
174
186
169
203
186
183
190
169
213
201
154
175
212
182
172
193
175
208
175
209
193
176
162
174
199
202
187
178
193
204
197
179
203
199
193
192
197
183
183
216
184
183
173
195
182
195
189
206
193
199
197
170
209
202
205
201
190
200
203
183
194
185
203
208
195
192
197
212
169
203
186
193
197
189
192
192
215
206
207
204
196
194
191
214
198
210
199
193
195
205
216
187
185
207
200
206
187
212
197
193
202
189
195
206
207
214
225
211
212
242
198
224
202
220
210
215
203
197
230
216
211
213
230
169
186
195
193
197
178
187
200
196
213
190
207
206
226
227
219
226
207
202
191
198
199
207
192
175
203
214
194
211
184
193
228
220
220
247
196
212
223
203
215
189
189
239
211
205
232
191
217
213
217
203
212
216
193
220
212
212
191
215
215
216
215
214
235
218
219
202
238
226
231
222
210
203
243
213
228
235
212
201
233
203
237
218
227
220
205
258
221
194
217
187
218
213
251
209
180
222
231
213
207
212
214
219
205
221
227
242
205
219
196
226
197
216
219
200
195
246
225
217
217
214
198
217
200
220
223
218
212
201
234
211
208
205
216
195
233
224
222
220
239
237
269
217
186
238
236
208
197
206
237
227
213
228
225
189
223
223
224
224
236
240
233
258
234
223
239
233
251
230
243
243
220
207
242
227
228
236
209
232
213
238
228
264
221
243
237
224
243
239
256
215
200
230
217
246
228
209
226
235
232
227
224
236
214
214
225
226
232
220
228
237
227
218
238
244
214
237
236
265
219
199
221
225
255
245
236
229
250
220
219
226
237
238
226
253
228
235
242
215
248
252
243
245
266
235
232
206
210
231
244
267
253
233
243
266
269
233
250
228
251
223
253
241
254
220
267
232
229
225
240
250
252
255
246
231
251
232
251
256
231
257
247
242
234
229
258
250
250
225
254
233
229
212
247
231
264
244
253
236
261
275
232
262
246
242
272
232
224
275
268
277
266
238
237
254
254
259
247
244
231
253
239
255
238
262
238
244
294
267
250
265
250
257
239
274
238
246
255
251
244
250
256
244
239
219
260
288
287
273
268
271
252
259
225
230
248
255
254
258
247
239
264
236
279
240
261
261
244
219
247
291
258
275
239
232
251
271
250
256
270
238
243
260
245
239
256
273
215
243
247
227
249
254
273
229
250
267
280
242
232
261
244
258
241
269
235
250
264
222
248
252
258
244
271
233
226
251
230
239
246
252
255
226
227
214
199
263
225
236
217
255
238
215
215
215
247
197
214
226
210
222
224
213
202
232
238
186
245
193
199
213
195
204
201
195
198
212
207
194
195
222
203
165
190
196
227
204
203
170
197
211
180
219
207
196
204
188
205
178
183
192
191
185
207
196
185
187
186
190
171
179
227
196
207
194
195
194
182
169
180
158
188
218
196
205
207
180
207
188
178
180
176
187
172
187
193
192
179
200
166
187
163
175
177
168
185
206
197
207
178
200
179
209
197
195
196
179
160
176
183
185
192
178
183
169
196
188
193
179
169
187
199
172
179
181
183
181
201
193
173
183
189
193
196
183
178
165
173
219
203
189
158
178
191
200
190
174
192
190
161
163
198
195
177
191
165
190
162
167
160
191
191
175
203
183
172
186
193
195
176
193
170
185
198
192
182
191
180
186
167
170
174
168
190
193
164
179
165
185
177
177
176
184
166
197
194
191
191
172
182
172
172
191
206
205
173
156
181
178
185
184
181
206
185
178
155
171
170
197
181
201
188
153
165
181
182
177
168
176
166
206
148
193
191
166
168
195
165
158
179
182
186
190
157
176
185
196
197
180
177
139
183
152
167
179
166
162
164
164
168
185
183
175
181
183
161
151
165
186
155
158
189
196
172
192
185
186
183
190
179
170
172
178
174
165
171
169
193
165
161
167
163
160
179
181
157
162
189
151
151
162
203
174
170
205
170
143
172
194
167
148
204
177
160
182
160
156
169
189
163
172
160
158
188
171
150
191
162
180
179
191
167
163
168
156
173
194
179
171
162
151
173
158
190
157
184
134
167
152
173
160
162
158
155
151
162
157
157
179
191
156
153
176
169
160
180
161
160
167
169
165
166
184
172
170
161
170
156
164
162
163
150
171
167
149
170
164
137
166
154
167
138
175
173
164
173
166
169
155
186
180
153
169
175
153
153
172
164
142
164
162
178
174
158
163
165
160
168
149
172
155
181
167
161
144
160
178
163
162
181
151
169
145
166
180
153
172
165
144
163
152
159
165
138
169
156
166
183
160
154
173
174
159
163
187
178
180
146
165
173
154
151
147
173
160
165
159
161
183
136
167
160
171
169
158
153
155
133
165
168
148
168
149
155
178
170
170
168
154
147
147
163
149
177
173
171
164
134
147
169
174
165
176
169
149
146
161
161
154
176
179
171
157
150
159
159
154
163
163
174
162
174
136
164
162
157
160
151
162
161
177
166
172
163
162
149
167
168
173
140
177
157
146
164
167
166
155
162
175
188
148
161
174
140
149
157
150
158
172
154
151
173
170
142
175
131
167
156
168
156
125
170
159
171
182
159
167
167
136
173
145
161
169
145
160
176
166
130
150
146
154
178
164
186
164
154
166
162
164
170
168
150
168
140
161
160
167
149
162
167
166
150
160
157
168
166
166
163
177
169
158
159
179
179
148
167
162
166
169
167
161
187
149
173
163
166
158
152
160
152
157
176
141
180
183
176
147
162
147
166
158
161
152
178
140
180
131
184
157
148
167
166
148
170
147
185
155
161
148
176
157
154
175
171
176
161
164
159
157
143
160
146
155
140
166
160
173
176
184
142
154
153
155
163
167
171
140
161
156
160
185
163
157
181
161
162
145
179
178
154
154
172
150
171
163
166
184
175
166
169
140
161
167
205
164
170
171
171
164
163
156
167
171
163
153
167
173
165
144
170
158
180
164
149
169
152
149
171
153
180
176
172
172
165
173
149
150
160
155
155
175
167
171
164
148
174
148
138
155
153
132
163
150
133
143
163
161
161
146
136
134
141
150
137
138
151
132
157
145
149
131
129
130
134
129
159
136
146
149
133
143
154
127
124
128
107
110
122
119
130
125
121
116
120
135
107
128
128
110
120
104
125
120
101
130
117
113
108
115
107
115
114
105
118
116
112
108
113
91
103
111
101
107
113
90
112
100
108
118
98
117
98
105
106
89
93
93
122
96
93
115
94
98
82
77
86
96
111
103
100
97
107
100
113
80
92
88
83
89
89
114
108
81
103
102
95
95
132
98
95
116
99
85
99
101
99
96
102
89
102
103
96
99
96
99
99
94
87
87
97
105
93
116
93
101
82
88
89
96
79
115
82
92
109
86
90
104
98
98
85
73
94
92
88
96
101
82
99
90
106
91
96
87
80
94
81
107
84
109
88
93
101
108
101
91
103
79
112
86
96
78
97
92
103
96
108
100
86
93
82
96
93
79
96
78
102
118
103
103
93
112
94
136
90
96
103
103
97
91
92
95
92
107
103
120
109
107
124
110
118
124
119
129
112
128
119
133
125
117
139
109
121
127
131
128
136
137
127
117
104
134
147
112
129
130
144
138
127
126
136
142
134
136
161
159
162
144
156
157
156
170
176
157
153
162
179
174
193
190
187
194
194
191
203
214
218
237
253
338
513
785
1237
1885
2674
3842
4950
6163
7146
7751
7899
7490
6876
5807
4575
3673
2775
2097
1543
1236
959
759
647
486
368
310
221
181
170
163
125
111
88
87
75
64
64
78
58
73
72
72
75
64
64
60
66
56
56
60
67
60
55
59
66
59
57
60
53
59
51
74
66
45
69
48
62
56
67
65
61
57
50
64
52
49
56
70
70
61
58
60
49
66
56
51
54
60
61
59
49
53
56
57
56
71
60
34
51
58
53
48
43
66
51
55
52
52
50
48
51
36
47
47
55
58
45
53
57
51
44
39
59
46
38
48
38
38
46
46
53
46
48
49
45
52
51
55
44
55
55
38
41
40
44
53
46
47
70
40
49
61
47
45
49
43
48
50
37
45
50
50
43
45
44
44
44
41
45
36
55
36
38
22
53
40
43
38
47
43
41
36
48
36
39
47
39
31
37
38
37
34
45
31
41
34
29
38
35
31
37
38
46
34
35
39
32
41
42
44
27
42
29
49
44
40
30
26
37
26
32
24
38
40
42
37
31
34
24
33
28
35
34
38
40
31
34
27
29
24
31
32
33
34
35
33
45
38
24
33
33
35
28
38
40
28
27
24
26
29
34
42
28
34
20
34
25
27
33
32
29
31
27
28
22
38
28
30
25
33
39
36
28
32
32
27
34
23
35
27
29
28
27
18
34
31
21
20
22
37
30
34
28
23
24
27
22
22
28
27
28
34
24
19
18
24
26
35
28
26
34
21
20
33
29
24
37
25
28
27
31
28
19
22
24
32
24
25
33
24
23
29
17
26
33
24
32
24
23
21
24
18
21
14
30
16
22
22
19
24
21
29
19
29
32
17
20
19
16
23
23
25
25
20
23
22
28
21
21
20
33
20
17
29
19
22
20
20
27
25
17
21
20
26
16
19
11
22
12
17
20
24
19
24
25
27
17
18
17
11
27
25
21
18
17
16
15
22
22
13
25
17
18
12
13
18
17
20
16
23
18
14
15
20
21
16
22
12
16
20
19
18
19
17
20
24
27
21
22
13
25
21
18
28
24
22
19
16
15
25
17
14
18
24
18
22
21
23
18
23
19
12
18
22
14
16
7
18
12
15
14
15
18
13
23
16
12
24
22
11
9
5
19
14
21
18
20
22
17
15
22
20
16
26
14
21
20
19
15
19
17
21
20
20
22
21
17
18
11
19
15
20
21
19
22
14
15
18
20
17
14
12
27
18
15
15
13
27
17
13
21
12
21
17
21
21
13
16
24
24
18
19
16
15
22
25
18
11
21
21
13
15
18
26
16
22
15
19
21
17
20
17
16
9
21
16
18
21
16
26
20
18
12
16
22
15
18
17
20
21
14
22
13
22
15
17
21
20
12
18
20
23
11
20
18
18
9
21
15
17
23
18
14
9
12
13
15
9
18
20
26
21
29
21
23
17
18
20
15
21
16
16
22
21
21
16
18
18
16
22
15
14
19
16
10
14
17
15
11
22
20
8
14
24
20
17
12
18
12
21
26
12
15
20
16
12
21
16
22
18
11
17
22
15
16
18
15
19
16
18
21
22
18
21
20
16
19
18
15
21
19
23
12
22
14
12
16
20
18
22
14
8
15
21
19
11
16
16
13
23
16
13
9
20
28
27
27
31
21
22
20
31
18
27
24
34
35
24
28
21
20
43
30
26
28
36
38
34
42
40
27
45
32
40
44
32
43
47
41
35
54
46
45
42
36
38
48
44
58
47
44
56
61
52
57
58
50
49
66
54
52
52
71
68
65
57
57
63
68
63
74
77
78
56
68
78
84
76
87
61
90
84
85
86
79
108
107
107
124
117
129
121
107
123
137
129
163
175
246
335
501
803
1236
1856
2650
3646
4731
5653
6310
6706
6680
6483
5825
4830
4053
3066
2461
1819
1384
1051
795
634
499
364
285
233
168
139
94
73
64
55
33
30
23
26
12
16
24
13
5
12
6
8
7
5
8
6
6
7
8
2
7
4
2
7
12
2
8
5
5
7
1
2
5
9
5
5
4
7
7
3
5
6
5
3
5
4
2
2
6
5
2
3
5
3
12
4
1
2
3
4
6
9
2
4
5
6
4
2
6
4
5
8
5
2
4
2
3
3
4
9
3
5
4
10
6
4
1
5
7
6
7
3
4
4
8
4
7
2
8
4
2
0
4
4
3
2
3
3
4
7
2
5
4
4
1
5
3
4
1
7
6
1
2
6
3
3
5
3
3
3
10
2
4
3
3
3
1
5
0
7
4
8
4
3
5
7
7
3
3
2
3
2
6
6
3
4
4
5
5
1
5
3
6
2
1
6
2
5
7
4
3
4
3
3
2
1
3
2
2
6
3
2
2
4
4
8
1
5
3
6
6
6
3
6
5
2
4
6
5
10
5
3
5
5
8
2
2
7
2
4
4
6
5
2
2
2
3
4
1
2
5
2
6
3
3
5
1
0
1
9
4
5
2
2
4
1
1
3
2
5
7
4
1
6
4
7
2
3
5
7
2
10
0
5
1
2
2
3
8
2
8
3
0
7
2
2
3
5
2
4
3
6
4
3
4
3
4
3
1
4
6
2
6
6
6
1
3
5
8
2
1
4
2
3
4
5
5
1
3
4
1
4
1
2
7
3
2
3
3
3
4
4
2
3
4
0
7
6
5
4
6
2
3
3
3
3
2
3
4
6
4
3
2
4
4
1
3
3
4
5
4
3
1
2
3
2
3
1
5
1
3
1
4
2
3
5
3
8
6
5
2
4
3
2
3
9
1
6
3
5
2
4
3
2
2
9
4
3
1
5
2
5
4
3
2
5
1
3
2
3
5
4
0
4
5
5
12
5
3
4
3
3
2
3
11
3
5
1
3
5
6
0
8
7
3
1
2
8
2
3
2
5
2
3
5
5
2
3
1
5
6
4
1
1
3
5
2
4
2
4
1
3
2
2
0
3
0
3
2
2
6
5
1
1
7
4
4
2
2
4
1
7
3
6
2
0
3
1
5
1
2
4
2
3
5
3
3
5
5
5
3
6
2
2
1
3
3
2
4
3
3
4
0
1
3
4
2
1
1
5
5
3
2
4
0
3
6
5
5
3
0
8
5
7
3
3
3
2
5
2
2
1
2
3
3
4
4
3
8
4
1
7
5
8
3
6
8
3
3
2
2
1
1
4
1
1
1
3
3
2
2
3
0
4
1
4
1
3
1
6
3
5
7
3
2
2
2
9
8
1
3
3
2
4
3
10
2
4
2
4
4
7
4
5
3
8
7
1
3
2
3
4
4
1
7
2
4
2
6
6
2
3
3
6
3
2
4
4
4
3
2
4
6
4
6
5
6
3
6
8
10
15
15
21
46
46
51
57
85
51
51
59
45
32
31
18
28
17
17
13
10
10
4
6
1
3
5
4
2
8
3
4
2
4
4
2
2
3
2
4
1
2
4
3
4
4
0
6
4
2
1
5
4
3
3
2
4
4
5
1
2
1
0
3
3
1
3
7
7
5
3
2
3
2
0
4
2
2
1
6
0
7
2
5
1
4
3
4
4
3
2
2
2
2
1
3
4
3
3
4
2
2
3
4
1
0
2
3
3
6
2
4
1
5
6
7
4
3
3
4
4
5
3
5
2
3
4
2
6
2
1
3
2
2
1
1
1
2
5
1
4
4
3
1
4
5
5
6
2
2
2
5
3
7
5
1
5
2
3
7
1
2
4
0
1
1
2
2
3
3
0
3
1
2
0
4
5
3
2
2
2
2
3
5
2
3
1
5
2
0
3
2
2
4
0
2
3
1
0
4
2
2
3
2
4
0
4
2
4
3
1
1
5
2
0
3
5
2
2
1
3
0
2
3
3
8
3
3
4
2
2
2
2
1
2
6
1
3
3
3
3
3
2
5
0
2
1
4
3
2
3
6
6
5
6
6
4
1
6
4
1
3
1
2
1
3
3
4
1
6
6
2
0
3
3
3
2
4
2
5
3
2
3
1
2
1
4
2
1
2
4
3
3
3
3
0
4
2
3
0
3
6
3
2
2
3
3
0
4
3
1
2
5
1
10
5
4
6
3
3
3
3
1
1
4
2
4
2
3
2
5
3
2
3
3
5
3
3
1
0
5
0
1
1
5
3
5
3
6
0
3
0
3
1
0
2
5
3
3
3
3
2
1
3
2
3
1
3
2
3
3
2
2
1
2
3
0
3
2
6
3
4
4
3
3
3
2
4
2
4
2
2
3
3
0
6
3
3
2
1
1
4
3
2
1
2
1
3
1
2
4
0
1
2
3
2
3
4
3
4
0
1
1
4
0
5
3
0
3
3
2
2
4
2
2
1
2
3
2
4
2
0
2
1
0
2
2
3
4
2
5
6
2
4
3
2
4
3
2
0
2
3
1
3
3
2
1
2
3
4
2
2
4
4
1
2
1
0
4
2
2
2
1
4
3
1
4
3
3
1
2
1
3
2
1
1
4
4
2
2
4
1
0
3
3
4
5
6
3
2
3
3
3
1
0
3
1
6
5
1
3
1
2
2
2
6
3
4
2
4
5
0
2
1
1
2
1
3
4
2
0
3
3
4
3
5
4
8
4
2
1
2
4
3
2
4
1
2
4
3
1
2
3
2
2
2
3
3
3
3
2
0
2
0
6
0
2
5
3
6
1
3
3
4
2
0
1
1
2
2
2
2
5
1
2
3
1
3
1
1
1
1
2
4
2
6
2
4
3
2
0
3
3
1
5
1
3
2
0
5
3
1
7
4
5
4
3
1
4
3
1
3
1
2
4
1
1
3
2
2
4
4
4
6
4
3
5
4
3
5
5
7
1
3
4
7
2
4
2
3
3
1
1
0
0
3
4
3
4
3
3
3
2
6
1
2
6
3
5
2
3
4
1
1
5
2
2
2
2
3
4
1
3
5
0
4
0
1
2
1
4
2
4
1
2
3
4
2
2
3
5
3
2
5
2
4
2
51
49
60
49
43
60
56
49
61
49
61
45
52
54
58
68
53
40
39
67
43
51
50
58
49
53
64
61
46
58
46
50
62
51
38
54
59
68
46
61
49
65
56
62
45
48
69
57
45
53
45
61
47
47
52
58
57
43
38
36
63
57
46
56
44
56
51
52
44
43
55
58
57
45
67
54
55
52
54
47
41
52
47
44
55
48
52
52
45
45
51
32
50
43
47
51
52
42
43
56
66
49
53
51
50
50
40
48
44
53
52
48
44
63
34
52
43
49
58
45
39
52
38
45
41
52
54
22
