4888
4226
3467
2738
2428
1970
1726
1503
1283
1132
1044
893
826
703
630
592
606
528
482
502
449
432
389
437
412
353
349
387
387
353
356
340
364
329
369
319
319
313
341
301
296
289
316
320
335
302
304
296
301
270
274
265
290
262
275
298
269
262
250
272
282
243
256
250
249
265
261
243
235
288
239
282
232
271
253
244
239
244
231
238
241
218
245
243
238
264
256
201
212
238
217
244
199
243
214
225
205
234
232
217
211
212
200
209
190
213
203
195
215
231
232
231
215
215
232
212
200
218
198
189
239
183
184
188
214
197
177
188
187
176
167
181
182
184
176
195
207
224
190
171
160
144
165
170
171
194
196
169
179
173
161
162
159
186
155
176
197
162
180
194
156
154
160
168
184
156
179
144
170
176
172
140
166
175
165
146
163
188
153
161
156
146
155
147
138
158
157
165
139
151
156
146
127
148
146
148
139
153
129
139
134
164
141
153
128
137
145
141
158
137
137
140
139
135
147
146
127
135
151
141
127
109
137
133
122
146
110
148
135
133
118
140
138
125
153
131
123
125
107
138
122
142
126
127
138
94
133
97
121
130
127
116
121
112
143
112
120
131
121
108
118
141
124
117
121
129
137
129
133
121
127
131
129
126
115
135
122
125
116
117
123
146
106
111
119
119
134
124
140
116
108
123
142
128
120
130
124
100
123
107
140
119
126
102
120
118
132
119
108
113
119
109
102
114
143
134
120
110
121
125
106
110
124
117
126
112
114
126
106
109
117
98
102
100
109
129
102
111
134
117
108
116
112
112
76
101
107
112
104
92
102
103
103
110
116
118
94
109
125
106
88
109
130
91
90
111
112
95
117
109
86
108
100
116
128
108
117
88
100
102
100
115
93
97
106
105
113
99
90
84
104
104
97
105
107
99
90
88
105
101
94
114
99
95
113
87
72
86
105
101
98
72
85
96
84
102
99
107
98
111
87
79
100
101
90
102
100
83
109
72
113
102
104
103
89
84
101
86
106
95
86
97
86
103
83
96
94
89
83
90
110
85
78
88
103
98
83
114
102
91
98
98
100
92
105
89
91
97
87
92
85
77
82
100
82
84
78
86
92
85
61
85
92
79
94
84
79
76
82
89
88
79
81
92
87
83
76
70
94
94
94
92
72
93
94
88
82
98
93
92
84
86
70
84
93
81
86
87
76
86
78
93
98
74
69
98
105
86
92
89
96
78
92
84
88
68
75
79
71
74
62
75
79
61
82
78
84
80
78
81
80
96
80
83
85
65
67
86
76
79
86
92
84
82
81
85
67
73
82
67
78
70
80
73
80
85
82
77
75
80
91
81
79
85
87
80
59
83
85
58
72
67
63
86
77
85
91
100
69
69
77
74
69
69
74
77
72
78
79
67
70
91
67
70
75
77
79
82
73
81
80
69
74
82
87
76
75
64
73
79
84
62
74
76
81
77
68
79
74
70
78
54
83
63
65
89
73
83
58
77
74
73
74
66
74
80
63
59
72
88
76
74
60
75
49
71
71
71
74
54
77
77
72
76
76
72
80
64
63
73
68
56
70
82
64
79
66
68
85
69
67
67
61
75
51
63
55
75
76
77
56
67
83
67
86
86
76
56
64
74
55
81
59
78
56
65
92
64
90
69
69
64
76
73
61
78
81
64
63
67
62
54
75
75
87
63
70
59
91
60
58
71
70
66
51
62
70
73
73
61
57
85
64
63
63
66
56
70
59
67
69
61
64
63
77
59
66
57
56
54
57
67
62
73
74
57
65
57
59
63
70
63
60
81
66
73
69
62
68
67
60
82
63
51
76
63
64
71
71
62
58
60
57
67
84
66
67
71
67
67
60
60
50
71
63
53
51
68
53
63
86
77
67
56
51
50
58
54
49
60
64
60
70
57
73
63
66
48
61
62
81
61
70
67
57
52
55
85
69
63
70
70
65
55
53
68
64
65
62
58
69
72
67
76
53
56
48
55
54
45
65
60
56
87
64
57
44
60
59
51
61
54
61
61
57
51
81
56
60
62
56
72
56
69
55
60
61
50
70
68
67
58
55
46
56
76
56
60
71
63
76
61
58
57
62
69
47
64
64
63
59
53
62
53
63
56
72
58
63
60
68
62
62
61
67
50
70
50
54
58
61
64
48
60
61
51
68
73
58
55
53
53
53
68
45
66
64
60
67
57
54
55
53
66
47
50
60
59
48
58
58
48
45
51
71
67
53
63
65
49
67
55
67
76
67
69
72
60
62
57
54
70
51
61
41
50
60
52
66
54
57
57
70
65
58
52
55
63
53
60
71
61
62
42
61
55
54
60
61
52
63
53
61
50
56
53
69
55
51
72
62
33
66
59
59
57
65
53
65
51
46
48
47
59
59
58
53
52
60
56
68
58
60
70
58
48
51
66
53
57
63
60
51
44
67
63
55
59
59
51
63
46
62
55
49
55
50
41
56
51
54
54
49
55
48
67
57
66
60
48
61
72
59
57
70
47
58
71
65
65
51
51
48
54
58
65
46
73
60
50
63
49
72
54
52
53
60
52
48
48
62
54
45
60
42
53
50
55
44
40
60
60
52
50
64
53
60
68
64
59
56
66
67
52
59
62
44
59
52
62
52
57
50
60
56
46
52
47
64
47
56
64
65
53
54
41
52
56
54
48
53
64
50
57
62
60
52
55
61
46
66
53
55
68
46
45
53
57
58
53
51
46
46
48
47
48
51
54
53
58
54
66
51
48
50
64
44
66
55
55
56
47
49
54
45
65
61
42
55
47
48
48
52
50
60
60
44
60
57
33
43
47
48
55
47
44
43
51
58
57
55
41
40
45
58
63
55
40
38
47
50
53
39
48
50
50
53
59
48
52
41
37
43
53
36
41
43
45
49
50
59
56
46
44
45
54
44
40
52
31
67
43
42
38
57
47
42
46
45
46
54
44
50
39
36
46
51
44
43
45
52
56
44
54
46
45
48
49
38
44
58
53
53
48
40
44
45
28
48
37
41
44
42
44
50
55
41
53
31
47
46
55
45
51
57
36
39
47
44
43
39
32
37
41
40
42
43
48
50
55
42
57
49
43
38
48
35
45
42
45
48
36
49
46
49
38
39
47
41
49
43
49
36
50
57
40
36
38
41
51
46
39
48
41
43
48
42
43
42
43
38
45
46
44
44
40
38
45
37
39
33
46
43
46
48
38
33
34
38
50
48
41
38
51
47
42
49
43
48
46
43
46
41
36
42
33
35
49
32
37
35
43
39
32
42
39
39
31
35
49
45
43
36
37
46
41
38
46
38
32
45
52
46
48
25
30
45
41
36
43
32
49
40
38
35
37
52
44
35
35
48
38
43
43
46
36
38
33
57
49
51
52
46
43
36
40
51
35
43
36
42
38
43
44
39
32
42
39
38
32
36
43
39
45
44
42
35
36
37
37
35
47
41
43
50
27
41
40
26
33
48
42
37
43
45
36
48
40
37
42
39
33
40
52
46
35
52
37
42
41
35
41
45
53
36
44
43
34
41
49
38
38
34
38
48
44
34
35
37
34
36
34
38
43
43
45
37
30
43
24
48
32
42
28
26
35
42
36
40
46
37
35
33
46
49
27
42
39
34
37
29
33
38
32
24
36
44
40
35
46
31
34
38
44
35
39
49
36
22
37
30
37
40
35
46
39
42
28
34
29
35
48
40
40
37
41
51
39
39
50
39
47
34
28
42
45
42
34
42
39
43
37
33
32
34
47
38
38
40
24
33
40
43
23
32
29
41
55
34
34
31
47
45
48
49
54
43
40
32
40
41
41
33
40
37
40
43
33
34
49
38
37
41
43
40
37
28
39
31
40
47
49
31
43
47
40
40
32
32
38
47
31
36
30
29
24
45
26
32
37
47
34
40
33
32
35
23
36
44
37
35
33
44
38
38
42
37
30
39
33
33
33
34
50
45
36
23
29
33
44
30
41
37
38
32
45
26
26
40
46
32
22
51
44
38
36
23
31
33
34
37
34
45
25
27
38
38
27
41
38
30
30
33
31
35
25
31
41
39
30
31
34
38
39
45
40
35
31
36
30
37
40
48
28
30
38
27
42
42
32
27
25
35
44
38
33
37
33
41
40
29
31
39
30
29
42
31
32
45
34
28
34
41
39
35
29
38
36
37
35
40
44
36
34
38
30
36
34
31
39
37
35
40
37
32
30
36
19
39
38
33
29
40
29
26
30
32
39
28
27
35
34
32
33
31
33
34
37
34
39
28
32
36
21
24
39
33
31
27
20
27
38
22
28
39
42
23
30
43
27
25
39
36
37
31
36
35
34
31
31
31
23
33
39
32
36
31
37
30
41
33
40
41
24
35
38
41
40
40
34
28
40
33
39
43
31
38
33
32
34
28
37
29
31
31
30
41
34
27
42
23
40
27
34
27
31
37
37
33
32
31
36
35
38
32
27
23
29
37
30
27
34
30
30
24
38
23
26
28
35
39
34
39
35
24
29
42
27
25
26
32
31
39
32
33
33
27
31
36
36
34
31
32
32
36
27
31
42
32
39
38
32
30
43
36
34
33
35
24
33
26
33
32
28
33
33
28
32
31
36
40
30
38
20
33
24
41
31
28
32
35
31
34
26
36
25
28
24
40
23
28
26
33
33
34
29
23
29
27
36
31
29
30
35
33
37
31
36
28
36
37
45
32
36
28
30
29
22
25
38
37
44
29
32
37
30
38
31
40
32
30
34
27
28
33
31
37
33
29
31
33
31
27
36
33
35
23
33
41
30
33
28
38
30
40
26
31
37
45
31
29
24
37
37
26
31
25
29
26
39
29
37
35
33
26
23
24
21
36
32
29
29
25
27
28
32
32
18
28
30
31
26
26
32
30
30
36
23
36
23
28
22
46
23
30
33
38
32
31
37
25
35
33
30
28
30
32
30
35
35
33
31
29
32
23
26
39
34
36
40
37
31
31
28
26
25
27
31
20
24
26
36
30
37
26
40
26
25
31
32
26
45
19
27
30
26
29
24
26
28
15
28
32
30
28
29
34
24
28
27
37
34
36
31
27
32
25
28
30
32
35
37
38
35
28
32
34
26
34
33
29
23
29
33
36
17
32
32
29
20
27
32
31
33
31
32
30
26
31
19
22
28
26
23
30
27
25
25
29
26
32
28
36
30
23
35
27
33
26
39
24
25
28
41
35
20
30
23
27
31
31
30
28
24
33
28
26
32
30
27
26
25
32
35
34
22
33
37
27
34
30
28
29
24
30
36
22
33
20
32
44
15
24
31
21
24
36
29
37
19
27
33
23
23
27
21
26
31
27
34
24
28
30
33
32
42
24
32
25
28
30
21
24
29
25
22
23
29
31
21
38
31
31
18
34
25
24
24
23
23
27
33
34
22
37
19
29
27
32
24
15
31
29
27
35
31
30
36
28
31
30
24
31
32
31
28
26
20
27
27
23
24
27
30
28
24
25
20
25
27
26
28
34
28
22
33
27
28
29
21
20
31
26
33
27
25
28
28
28
28
23
36
40
26
28
27
24
30
26
27
29
28
24
33
32
29
31
19
38
32
27
20
32
27
40
22
24
26
23
31
25
31
35
29
24
27
46
34
27
30
26
24
41
22
20
31
29
37
40
25
39
29
23
26
28
23
35
34
29
22
22
30
26
24
31
29
29
26
26
31
26
23
35
33
23
22
26
23
23
23
30
20
20
35
33
33
26
29
23
32
25
28
34
34
33
25
25
23
29
26
31
37
25
22
28
38
29
17
25
25
22
25
40
33
31
30
35
23
26
39
21
27
17
23
33
31
22
26
30
34
30
33
31
29
27
33
31
34
32
30
26
20
25
26
25
24
26
23
28
29
23
23
28
32
31
31
20
29
34
24
15
31
19
25
30
30
30
36
26
34
26
29
34
32
26
26
18
32
25
14
30
28
26
20
31
33
22
31
27
30
25
28
20
26
25
30
23
28
31
34
23
29
27
28
27
28
34
32
20
27
22
28
28
19
33
21
30
24
23
31
24
29
16
26
31
18
35
30
24
25
32
32
18
31
20
36
29
18
25
28
27
17
35
27
15
34
24
30
23
33
23
24
26
24
21
25
31
26
26
23
29
33
22
19
33
32
34
23
21
28
21
26
20
20
18
27
29
28
31
24
24
13
29
27
32
26
32
24
22
20
27
28
25
29
28
30
41
32
33
24
22
20
26
34
24
18
28
26
28
22
29
31
29
27
23
27
27
24
27
24
22
32
22
24
31
32
16
24
28
33
19
27
24
24
32
22
21
16
20
21
26
23
22
29
29
34
28
30
22
24
22
24
22
17
29
26
21
18
29
26
26
26
29
24
32
32
17
28
28
22
28
28
20
28
22
32
29
28
25
25
26
35
26
29
24
32
31
28
27
21
35
35
18
27
37
44
21
28
27
17
16
13
24
16
20
23
32
19
25
34
21
16
17
31
21
23
29
29
21
23
19
23
30
28
28
23
25
29
25
31
26
21
30
15
29
39
25
26
28
17
24
23
23
29
17
20
21
22
27
28
27
23
25
25
27
26
27
34
25
22
31
19
23
15
25
28
28
22
20
28
27
32
19
18
16
27
22
28
20
25
30
37
27
24
27
19
27
23
26
22
22
23
31
16
21
24
13
25
30
21
28
25
28
22
32
25
21
32
32
17
18
23
19
27
26
17
21
19
36
27
22
21
28
16
29
27
28
16
28
18
22
33
19
28
32
23
17
22
29
30
22
25
25
43
11
20
28
22
31
21
29
32
40
17
20
23
30
30
28
27
20
13
27
25
28
24
23
25
23
26
17
22
26
22
25
21
22
19
32
28
18
24
21
36
23
33
16
22
17
26
27
25
23
21
19
18
19
26
28
25
20
20
22
19
25
17
25
28
21
28
21
27
28
19
28
21
23
25
25
15
18
24
20
26
25
25
22
28
22
25
24
24
21
30
27
22
15
22
24
25
21
31
31
21
30
24
18
13
20
29
24
29
19
22
26
32
22
25
17
20
23
25
23
20
30
18
19
24
22
20
27
22
20
23
20
16
21
23
20
24
29
12
33
27
18
30
29
27
23
22
19
20
17
25
31
21
22
22
23
27
27
17
14
25
29
27
25
21
26
22
18
19
21
31
27
19
25
36
25
17
27
11
21
25
19
18
21
21
32
23
20
29
15
24
22
22
24
22
18
31
21
20
26
29
19
23
17
25
27
25
22
22
19
23
26
36
28
24
15
26
19
19
20
24
12
24
29
21
22
24
17
22
20
18
27
22
19
22
25
23
27
27
23
26
28
20
21
21
34
25
20
25
27
33
29
30
23
31
24
21
20
25
22
22
22
22
22
20
20
21
36
26
31
23
24
8
22
26
21
27
28
15
23
15
18
28
20
23
24
28
24
26
25
24
23
29
15
22
31
25
26
21
23
33
22
20
29
21
21
17
22
20
21
23
22
28
14
29
23
25
21
21
19
24
15
22
24
12
24
25
15
24
19
18
17
28
18
23
19
29
26
15
24
30
20
24
20
18
17
25
22
31
21
20
23
22
28
29
29
22
11
21
18
21
15
23
19
26
21
13
24
17
24
30
19
21
31
21
19
22
25
22
27
24
16
22
36
21
18
26
25
26
10
26
20
20
19
23
20
22
19
15
26
18
26
23
23
16
25
27
22
21
16
21
20
21
24
23
26
20
28
21
25
16
22
33
23
16
21
20
25
25
24
25
22
20
22
20
18
15
22
14
26
23
21
27
22
17
16
26
24
23
21
23
17
15
21
13
14
21
18
28
17
29
23
24
23
29
19
22
30
23
38
13
24
23
20
30
20
24
20
18
23
20
30
19
27
25
27
31
30
23
19
19
23
19
29
24
20
29
24
24
24
19
24
22
25
17
28
22
23
19
19
23
16
23
18
17
24
18
31
16
25
19
24
23
17
30
30
19
23
18
24
25
22
26
22
26
23
21
26
23
19
14
28
19
16
22
22
19
16
15
23
18
25
19
23
28
17
19
20
20
19
21
23
30
22
21
22
18
17
19
14
23
27
15
28
26
22
18
16
22
18
17
17
18
23
24
22
24
26
23
29
20
25
30
27
23
20
14
18
17
30
19
30
15
27
25
21
23
24
18
23
22
18
32
20
25
20
13
25
16
21
23
21
22
13
17
22
19
16
18
18
18
21
20
13
19
21
26
19
21
18
16
26
22
21
17
21
20
13
24
16
23
20
13
26
25
16
24
23
29
22
23
21
17
26
16
15
21
22
15
24
17
19
23
28
24
19
20
22
25
15
27
13
29
17
29
15
25
21
22
18
20
18
23
18
28
16
18
13
14
21
19
22
28
15
21
23
21
20
18
20
25
23
25
23
20
21
21
20
21
17
21
17
23
23
16
20
25
26
16
26
23
24
27
25
21
20
22
24
23
24
13
16
24
31
17
21
25
18
25
19
23
20
29
23
25
23
18
21
22
31
18
20
20
21
14
26
14
18
14
19
15
18
23
25
16
23
25
16
18
15
18
22
20
17
20
19
29
21
16
17
26
20
19
21
24
31
16
16
19
20
18
19
24
17
13
19
21
17
19
21
22
16
33
23
23
20
23
24
23
26
18
25
29
18
25
17
23
26
18
23
17
16
24
17
30
22
24
19
16
14
25
21
15
16
19
26
19
20
23
18
23
26
27
28
17
12
25
19
32
17
20
23
22
30
31
24
20
18
22
18
24
18
18
19
25
21
16
21
21
23
19
30
22
24
33
18
25
23
17
24
21
24
18
14
20
22
20
29
22
22
18
21
22
17
28
13
19
18
23
16
21
28
17
17
25
18
23
24
17
30
24
21
23
12
24
16
21
19
24
20
20
18
13
14
26
16
22
19
18
28
15
24
13
16
17
21
23
14
15
23
17
19
26
22
16
19
31
22
16
15
15
19
26
19
20
14
21
24
21
17
19
14
18
20
30
26
16
26
18
27
23
30
26
14
26
17
24
23
24
24
26
16
18
18
18
27
22
23
20
13
18
25
20
18
21
27
14
16
23
15
16
25
26
22
22
19
15
19
22
22
22
22
23
20
13
18
17
23
19
21
12
24
20
18
27
12
29
20
17
18
22
21
26
13
29
27
18
22
16
25
15
26
21
21
20
18
14
19
21
11
25
29
18
25
26
19
18
23
22
22
31
23
26
17
21
16
15
19
32
23
20
10
21
29
22
18
20
29
31
14
25
19
16
20
20
17
18
27
21
16
24
17
17
21
16
16
22
20
20
21
25
18
15
24
18
23
24
22
20
23
17
16
14
15
20
15
17
19
16
27
20
19
20
17
29
21
14
17
21
20
22
23
25
16
17
23
18
26
29
24
19
22
19
22
29
25
27
19
23
21
18
23
27
15
18
18
23
17
23
27
28
19
26
18
19
15
21
15
17
21
22
23
17
13
13
21
24
22
17
19
22
12
23
15
23
22
22
19
17
20
17
20
16
17
18
22
23
30
19
14
16
14
18
18
27
17
21
15
15
30
21
29
22
26
21
27
19
20
12
23
27
19
19
17
14
31
27
25
16
21
24
20
24
18
22
28
24
17
24
22
11
13
16
15
22
15
26
12
26
24
20
24
27
18
17
8
22
21
28
19
19
24
14
13
24
25
23
22
21
17
16
24
27
22
30
19
18
13
24
29
23
28
17
23
25
16
20
25
24
21
18
18
15
16
19
21
21
16
19
19
17
15
23
17
24
16
15
23
13
23
21
20
11
16
30
19
26
19
23
12
19
33
25
21
17
21
20
24
23
17
18
18
12
19
18
13
19
24
22
17
18
17
22
15
16
16
25
16
18
16
14
17
19
26
21
21
28
22
25
13
25
23
20
28
25
16
16
22
18
14
22
22
21
25
16
18
20
22
19
18
14
28
22
29
24
15
23
23
21
17
18
19
28
16
25
16
19
16
15
20
20
26
30
16
20
27
23
22
23
20
21
25
20
19
18
22
22
21
20
24
21
19
21
23
26
22
26
22
16
21
13
22
27
16
17
26
18
19
21
17
19
21
13
20
13
23
27
20
20
20
17
20
18
16
27
27
19
16
22
19
32
11
16
26
18
21
20
25
15
26
20
23
21
18
19
19
20
15
26
17
13
26
16
23
20
21
19
21
18
14
14
18
22
25
15
23
14
19
18
16
18
19
23
16
17
24
19
19
16
19
13
27
17
16
21
13
15
15
12
21
18
23
23
16
17
18
33
25
17
22
26
17
23
21
19
24
14
20
15
20
17
18
19
20
20
24
21
22
18
18
18
16
19
22
14
13
30
16
16
15
23
23
22
16
23
16
19
17
24
23
24
19
30
17
18
26
20
15
10
14
15
24
9
28
22
18
18
22
21
25
23
23
22
31
22
24
20
18
27
28
20
18
12
11
16
19
16
21
20
16
20
22
19
16
18
21
24
12
18
22
20
11
16
20
21
17
16
20
25
16
13
22
26
20
19
26
18
27
18
18
26
16
18
21
21
23
9
23
16
16
21
20
17
20
13
17
20
21
21
22
23
24
15
24
14
24
21
14
16
23
25
17
14
25
24
19
18
24
20
24
12
10
20
16
23
27
22
19
30
15
19
13
23
17
27
13
20
17
16
17
29
33
23
22
15
20
18
17
22
14
20
14
17
16
12
16
19
18
27
23
12
25
27
26
13
19
26
18
21
19
22
19
17
19
18
22
17
30
22
20
19
19
26
20
17
14
24
27
19
18
15
20
21
19
15
17
21
28
19
18
20
18
20
24
21
24
24
22
19
27
12
19
31
16
21
19
26
22
11
20
14
15
19
19
15
11
26
15
12
24
26
23
10
24
31
24
19
21
20
24
28
22
24
16
24
22
19
31
27
21
22
26
22
16
19
24
20
17
22
21
27
17
23
16
29
20
16
25
20
19
22
13
16
25
17
19
20
22
13
25
24
16
16
19
19
28
23
26
30
23
20
16
22
13
17
25
18
23
27
24
14
24
21
13
10
18
13
20
24
17
19
18
23
22
15
24
23
15
26
11
20
23
14
14
18
14
15
19
17
19
25
15
25
19
17
21
21
17
27
16
17
17
14
21
17
25
25
27
20
17
31
25
16
21
17
22
18
22
12
22
16
20
18
21
20
14
23
19
12
22
15
21
20
21
8
19
29
21
16
16
14
21
15
18
14
10
17
17
17
13
22
18
23
18
19
20
15
15
15
18
24
16
21
17
16
18
20
11
25
27
17
30
19
15
19
12
14
16
22
20
19
11
21
17
16
10
17
18
26
20
20
20
18
21
23
23
13
17
9
19
24
19
10
27
17
20
23
12
18
18
13
27
11
16
22
21
21
18
21
24
20
19
21
14
20
26
19
12
15
18
13
17
15
18
18
11
13
19
15
17
14
20
20
16
29
12
25
15
20
15
12
16
17
18
19
16
11
18
17
12
18
19
16
19
21
14
16
8
22
13
19
13
18
19
14
19
11
16
12
14
20
20
21
22
17
17
17
20
22
25
16
17
14
12
15
22
25
12
18
11
9
28
17
25
25
17
20
12
17
18
19
19
16
12
11
18
16
12
10
26
21
14
14
16
7
13
19
14
21
22
16
20
18
12
16
17
18
18
18
16
11
21
15
22
14
15
19
16
12
21
16
18
22
24
14
15
21
20
20
17
13
18
21
17
14
13
13
16
15
16
15
14
15
21
28
14
14
15
28
10
14
16
23
16
23
18
14
14
20
9
16
15
11
20
22
11
13
13
6
14
15
20
19
19
17
31
16
12
11
13
23
18
16
11
19
14
20
18
17
10
15
18
18
17
21
19
20
9
11
16
11
16
18
13
25
14
22
17
10
19
16
11
17
16
15
13
11
15
18
14
17
19
19
14
17
23
14
24
12
10
15
18
15
12
14
11
21
18
12
21
20
7
22
10
14
12
17
13
12
14
12
24
19
20
23
9
19
14
14
17
16
6
13
15
19
21
22
22
17
13
13
24
22
12
20
16
10
18
16
11
12
14
11
13
13
18
21
13
19
21
18
23
15
15
15
20
22
14
18
16
22
15
21
14
18
15
12
18
16
23
19
28
13
13
24
17
21
19
10
16
21
11
19
15
18
15
13
15
16
13
18
15
17
10
21
19
16
11
11
13
19
20
14
16
22
21
19
18
18
15
21
13
15
15
19
18
13
19
19
20
13
16
23
22
10
13
26
21
19
14
17
12
27
13
16
13
13
14
16
18
20
13
19
14
11
20
13
18
22
20
16
11
19
14
8
11
20
17
19
15
17
22
10
17
15
13
18
18
17
23
18
16
11
17
12
16
11
15
6
18
10
14
14
21
21
24
21
14
11
10
13
22
13
16
16
14
10
13
15
29
24
11
18
13
13
8
19
16
15
17
15
12
22
18
13
23
18
20
12
12
18
15
18
17
15
17
18
16
14
17
21
18
20
16
7
12
16
22
15
16
12
22
19
17
18
18
17
22
5
19
14
16
10
24
14
8
11
14
25
19
17
16
14
16
14
12
24
13
18
14
23
18
14
14
19
14
12
15
31
12
17
17
17
17
19
18
19
9
17
20
15
15
14
10
15
13
20
14
15
13
22
19
15
15
19
20
22
21
17
13
10
15
21
11
18
21
13
22
14
12
21
18
9
17
7
18
12
21
19
16
16
16
16
20
14
19
22
18
15
26
18
13
18
16
18
10
14
11
12
20
16
17
15
12
18
11
19
24
6
22
15
14
20
12
16
12
11
19
13
17
15
11
18
26
17
16
11
15
16
19
9
22
14
19
14
14
21
13
15
21
16
13
19
18
15
16
14
17
14
10
14
16
10
17
15
12
17
11
10
12
15
16
16
18
22
12
17
19
13
11
18
13
13
14
15
13
8
19
15
10
22
9
14
13
21
9
16
16
16
11
12
10
10
16
18
14
15
14
11
11
5
14
11
18
16
13
14
13
15
3
16
19
15
18
19
10
9
9
7
15
17
11
20
13
11
13
18
6
8
14
23
16
14
16
9
16
20
14
11
7
17
16
18
14
11
17
14
17
12
11
15
16
25
11
12
12
11
10
13
12
10
9
15
7
16
13
17
15
13
10
18
11
16
14
14
9
13
13
11
14
14
14
17
13
11
13
5
15
11
15
8
15
14
8
12
17
11
11
7
9
23
12
11
11
10
14
11
18
16
12
16
6
14
11
23
13
22
15
16
6
10
12
21
17
17
21
11
12
16
10
20
17
19
14
13
13
16
11
19
9
15
11
11
18
17
21
6
17
13
16
13
15
15
15
13
15
13
21
12
16
13
11
9
10
9
10
14
12
10
14
14
11
12
14
18
8
14
19
27
14
22
16
7
7
11
17
28
14
22
24
25
18
19
19
17
21
23
18
16
24
32
30
24
22
35
46
42
76
74
73
91
94
98
104
110
104
93
80
67
72
47
51
48
37
32
33
29
24
19
14
15
11
17
12
19
8
11
15
12
9
12
7
14
14
13
13
8
13
8
17
6
12
17
8
13
9
10
6
7
12
15
8
11
8
13
13
8
14
15
9
10
13
11
7
18
13
9
15
10
9
14
8
18
9
14
10
11
12
7
12
13
12
8
12
12
7
5
14
10
11
15
7
11
5
5
10
9
9
18
13
15
9
18
12
12
14
17
10
11
15
16
13
9
9
9
12
13
13
11
9
10
13
13
12
12
10
12
8
10
8
11
15
15
9
13
1
4
9
8
8
9
10
17
12
13
8
13
7
20
14
14
9
11
12
10
15
16
12
13
13
7
8
13
10
13
9
9
13
10
10
11
16
9
18
8
11
16
14
18
16
9
9
17
8
11
19
13
8
16
16
17
16
13
16
10
12
19
15
13
17
15
16
14
19
15
16
14
13
15
20
18
21
21
15
16
25
20
12
13
22
30
20
16
27
22
27
27
24
19
24
20
11
15
12
9
10
8
14
11
7
6
9
6
5
8
4
7
8
5
9
6
5
1
7
7
7
5
5
8
5
4
8
4
5
6
6
5
5
6
4
10
4
5
4
3
5
4
5
7
2
6
5
4
4
2
8
2
5
6
8
4
7
6
5
6
4
8
3
6
9
6
9
6
8
8
2
3
4
7
6
4
6
5
4
5
3
6
4
4
6
3
5
5
5
4
5
1
4
6
5
5
3
12
7
3
8
5
4
5
3
6
5
6
4
7
6
3
4
7
1
6
4
1
7
6
3
1
7
6
9
1
2
3
3
3
3
4
4
9
9
8
6
4
6
4
3
6
6
4
5
3
2
6
5
4
4
7
5
10
11
8
6
4
5
6
5
6
6
4
4
6
4
6
3
4
6
2
5
5
3
6
4
5
1
2
4
3
7
1
2
0
3
5
3
6
3
6
4
8
1
10
5
5
5
8
4
2
2
7
7
4
4
7
5
1
7
8
1
1
3
5
5
1
4
9
3
6
5
6
4
4
9
7
11
6
5
4
2
4
8
10
4
1
1
4
5
1
4
4
5
4
4
1
0
4
5
4
4
5
4
13
1
3
5
2
3
8
5
5
4
4
4
7
6
4
6
7
2
1
3
5
7
2
1
4
4
5
2
4
2
2
5
3
3
6
5
3
3
3
1
4
5
2
5
9
5
3
5
5
5
3
4
1
3
6
6
4
1
8
4
2
5
2
2
4
3
3
2
2
1
6
3
5
7
5
1
4
5
6
6
6
3
10
1
4
2
2
6
4
6
6
7
3
5
5
6
2
8
5
2
2
2
4
3
3
6
4
6
5
4
5
4
3
4
4
6
6
3
3
3
3
1
5
6
5
5
6
5
5
3
4
5
7
8
8
4
1
0
4
2
4
4
5
4
4
5
6
8
3
3
6
4
8
3
5
5
5
5
6
4
2
5
4
3
10
5
0
1
5
5
5
7
5
4
5
1
4
2
7
4
4
3
1
4
1
5
3
7
4
5
2
4
6
6
1
2
3
8
2
5
6
4
3
5
6
4
6
9
10
6
3
5
11
8
7
2
4
6
5
9
5
9
4
2
2
5
9
4
3
9
5
7
3
2
7
6
2
7
4
6
7
10
7
12
10
6
6
10
5
6
5
2
2
10
4
7
4
8
12
5
7
8
4
16
9
4
13
5
11
9
8
12
10
11
10
12
11
10
8
16
6
15
12
11
18
9
16
10
16
15
11
17
14
10
16
15
8
6
21
19
16
16
16
12
19
13
22
18
26
21
22
24
20
33
27
45
45
59
84
104
98
147
167
206
228
225
210
215
187
186
165
139
129
110
86
84
53
51
47
42
23
25
21
19
16
16
16
10
10
5
10
5
7
2
8
6
5
11
4
6
4
7
4
1
7
2
4
8
4
5
3
3
7
3
5
2
9
4
3
7
4
3
6
3
5
3
4
8
5
3
3
6
5
7
6
5
1
4
6
6
5
7
3
6
5
3
5
4
8
3
5
5
8
2
1
4
9
5
2
6
6
7
5
6
3
5
3
7
5
4
8
3
4
8
9
5
4
8
6
4
9
6
7
4
4
3
4
8
3
6
4
4
5
7
3
6
10
5
4
6
4
9
10
5
3
6
6
6
6
2
5
5
4
6
7
2
5
4
4
10
12
3
9
4
3
4
11
5
3
5
3
5
5
7
9
8
10
1
8
5
5
6
5
5
5
11
8
7
6
6
8
8
12
4
5
9
12
13
7
9
9
6
9
11
11
8
11
7
6
10
15
10
8
8
14
12
9
13
13
18
9
13
15
18
21
13
14
15
9
16
6
19
13
14
5
5
10
7
7
2
2
1
2
4
4
2
2
0
3
2
1
2
1
1
3
2
0
1
3
2
2
0
1
1
2
2
3
0
2
2
1
2
1
1
3
0
2
0
1
1
0
0
0
1
0
1
2
2
2
0
0
2
3
1
3
0
1
0
1
3
1
1
1
0
1
1
1
0
1
0
2
2
2
1
1
2
1
1
0
1
0
2
1
1
2
3
1
0
3
0
1
1
1
2
2
2
0
2
0
1
1
1
1
0
1
0
1
2
2
3
0
2
0
2
2
0
1
3
1
1
1
1
0
0
0
0
1
1
2
2
2
2
0
0
0
0
0
0
0
1
2
1
1
1
2
1
2
2
0
0
1
0
1
1
1
0
1
1
0
0
1
1
1
0
0
2
0
1
1
1
0
0
2
1
1
0
0
1
0
0
1
1
3
1
1
2
1
0
0
0
0
2
4
0
1
1
0
0
0
1
1
1
0
1
0
1
1
2
1
1
2
2
0
0
1
0
2
0
1
0
2
2
2
4
1
2
0
1
2
2
2
1
1
5
0
2
2
0
2
0
1
2
0
3
0
3
2
0
1
1
1
1
0
0
1
1
1
2
0
0
0
1
0
0
1
1
1
2
0
0
0
0
0
1
0
0
1
0
0
1
2
2
0
2
0
1
1
0
1
0
1
4
0
5
0
1
0
2
1
0
1
1
3
0
0
1
0
1
1
3
0
2
0
3
1
2
2
1
0
0
1
0
0
0
2
3
0
0
0
0
1
1
0
0
1
2
0
0
1
1
2
1
0
0
0
2
1
1
1
2
0
0
0
1
0
0
2
0
0
1
3
1
1
0
1
2
1
1
1
1
0
2
0
1
1
1
1
1
1
0
0
0
2
1
0
2
1
0
1
1
1
2
2
0
2
1
1
1
1
0
0
2
0
1
1
1
0
0
0
0
2
1
0
0
2
0
2
0
3
0
1
0
1
0
1
1
0
0
1
0
2
1
1
0
0
2
0
0
1
0
0
0
1
0
0
1
1
0
0
0
1
2
0
1
0
2
0
1
2
2
0
0
0
1
4
1
4
0
0
1
0
0
1
0
0
0
1
2
1
0
0
1
0
0
0
1
0
0
1
1
1
1
1
2
0
0
2
0
1
2
0
1
0
0
0
0
0
0
1
0
0
1
1
2
1
1
1
2
1
1
0
0
0
0
1
1
1
1
1
1
2
0
0
0
0
0
1
2
0
0
0
1
1
0
0
0
3
0
0
2
1
1
3
1
1
1
2
1
0
0
1
1
1
1
0
1
0
0
0
0
0
1
2
1
0
2
0
0
0
3
1
0
0
0
1
1
1
1
0
1
2
1
0
2
1
2
0
2
3
0
0
0
1
1
0
0
1
2
3
1
4
0
0
2
1
0
0
0
0
0
0
0
0
0
1
0
2
1
1
0
0
2
1
0
1
0
3
1
1
0
0
0
2
0
0
3
0
1
0
0
2
0
0
2
0
2
1
0
2
1
0
1
0
0
0
0
0
0
2
0
2
0
1
1
1
2
2
2
1
1
1
1
0
0
0
3
0
1
1
0
2
1
1
1
1
0
0
0
3
2
1
0
0
1
1
0
0
0
0
2
1
1
0
1
0
1
0
0
2
0
2
0
1
0
0
1
1
2
0
0
0
0
1
1
1
1
2
0
0
3
2
0
1
1
1
0
1
0
1
0
0
0
0
0
3
2
1
1
0
0
0
0
1
0
1
0
2
1
0
1
0
1
1
1
0
0
0
0
0
1
0
0
2
0
1
2
0
0
0
0
0
0
2
0
0
1
0
0
0
3
0
0
0
0
0
4
0
0
0
1
0
0
0
1
1
2
1
0
0
1
0
2
0
0
1
1
1
0
0
0
0
0
0
1
1
0
1
0
0
1
0
0
1
2
1
0
1
0
1
1
0
3
0
1
1
0
0
1
1
2
0
0
0
1
0
1
0
0
0
0
1
0
0
0
0
1
0
0
0
0
2
1
0
0
1
0
0
0
0
0
1
1
1
1
1
1
0
0
2
0
0
0
1
0
0
0
0
0
0
1
0
0
3
0
3
1
1
0
1
0
0
0
2
1
0
2
0
0
0
0
2
1
0
2
0
1
1
1
1
0
0
1
0
1
1
2
0
0
0
0
2
1
0
1
0
1
1
1
0
1
1
0
3
0
0
1
0
1
1
1
0
0
0
0
0
0
1
1
0
2
2
1
0
2
0
2
0
1
1
2
1
1
2
0
0
0
0
0
0
1
1
1
2
0
0
0
0
0
1
1
0
1
0
0
0
1
0
1
0
1
0
0
1
0
1
1
0
0
1
1
0
2
1
0
0
0
1
0
0
0
1
0
0
1
0
2
0
0
1
1
0
1
0
0
0
0
0
0
0
1
0
0
0
0
1
0
1
0
0
2
0
0
2
0
0
3
0
1
1
0
1
0
1
1
0
1
0
0
1
0
1
0
0
1
0
2
0
0
2
2
1
26
38
32
51
40
51
52
56
54
65
61
61
61
64
95
99
100
99
120
129
141
169
180
179
184
236
211
233
263
252
328
337
395
414
388
412
465
489
480
585
548
603
670
683
745
773
843
907
925
940
990
1027
1085
1128
1190
1268
1166
1317
1320
1398
1432
1561
1552
1565
1725
1698
1772
1924
1909
1973
2067
2133
2244
2218
2317
2445
2498
2605
2614
2773
2810
2877
2973
3156
3278
3281
3369
3450
3644
3731
3964
4138
4195
4457
4703
4855
5118
5264
5708
5986
6282
6572
7267
8384
10745
15782
26826
48185
83245
126921
167835
190267
188571
164522
134356
105659
84835
70064
59263
51452
44125
38011
33112
29332
26429
24284
22477
21275
