19387
16264
13586
11415
9432
8104
7055
6018
5230
4671
4325
3659
3273
3142
2812
2591
2295
2161
2058
1984
1882
1823
1775
1737
1575
1617
1530
1482
1457
1405
1381
1415
1381
1346
1312
1344
1304
1283
1203
1258
1212
1272
1177
1303
1200
1233
1201
1104
1202
1102
1128
1136
1119
1110
1089
1091
1081
1089
1088
1071
1050
1096
1082
985
1021
1004
1041
993
1032
1073
972
925
1004
999
1022
934
993
942
931
908
887
914
886
941
923
905
905
902
877
897
838
936
873
832
869
827
845
846
840
879
886
837
781
835
848
792
848
776
867
885
878
864
815
824
843
860
870
876
846
834
790
791
755
782
808
782
767
814
779
785
739
772
764
702
777
766
693
743
706
704
760
687
699
688
730
751
744
750
725
697
719
686
659
662
657
702
666
680
665
631
683
658
666
658
651
628
644
655
667
697
638
654
709
648
656
685
684
614
644
626
670
626
642
611
633
555
620
587
629
639
616
639
604
604
598
581
631
626
588
568
603
584
603
622
581
606
592
625
562
552
553
603
538
589
544
550
568
585
583
541
567
559
522
550
539
540
505
499
499
520
547
521
528
519
508
525
480
493
509
505
503
485
511
476
483
497
467
523
458
497
456
499
488
511
483
466
464
452
464
501
509
502
487
522
504
514
482
511
512
509
432
471
516
497
524
485
482
492
489
489
472
460
493
505
477
478
466
476
486
450
495
523
463
475
450
468
475
495
461
496
455
495
487
485
457
462
473
464
474
470
429
474
424
474
451
458
421
446
439
495
418
469
440
437
440
401
456
458
489
437
449
429
469
457
444
443
423
446
397
419
457
420
442
450
432
453
441
426
431
441
440
366
440
420
428
451
404
378
446
417
410
433
403
398
451
402
421
442
420
429
433
411
424
424
433
376
384
440
407
395
394
421
390
394
389
397
416
448
450
417
377
392
400
390
368
405
409
409
418
414
412
428
382
374
375
400
383
372
420
401
371
384
357
412
399
397
368
444
394
360
380
372
375
339
365
406
362
371
377
388
377
395
392
371
385
363
384
397
388
368
389
365
394
358
368
373
349
345
364
372
377
336
374
378
343
366
381
388
366
388
358
390
383
342
388
377
387
336
387
397
366
323
368
343
388
348
350
375
360
365
340
362
367
375
361
360
358
331
342
397
347
326
359
321
369
349
351
349
351
317
370
338
322
346
347
347
364
352
324
329
352
344
339
298
354
284
310
340
339
344
344
344
314
330
359
365
347
360
327
313
330
340
332
347
318
316
344
326
318
321
338
303
333
312
358
342
330
336
288
296
304
357
314
344
310
323
345
347
315
330
319
322
277
315
320
329
332
334
329
305
302
317
315
337
312
324
342
310
317
322
297
317
324
299
315
299
293
334
295
328
326
273
348
309
336
287
331
299
321
326
312
297
280
282
292
323
306
307
293
305
346
297
322
310
313
304
301
281
281
317
289
306
315
286
291
301
319
305
342
316
278
290
325
310
324
293
314
259
284
307
286
317
317
287
303
310
320
318
267
323
282
285
268
266
291
282
329
313
270
287
277
287
332
290
287
294
293
291
277
286
302
276
277
277
275
289
244
302
275
303
280
290
283
268
294
277
283
287
283
279
270
265
263
297
307
301
302
252
254
281
285
273
290
310
300
288
284
280
299
306
299
285
249
287
299
282
281
296
276
282
264
318
296
260
282
267
246
279
289
277
253
287
263
263
275
277
249
271
256
266
266
255
263
279
262
270
269
287
255
269
257
285
272
276
305
263
291
256
274
272
286
276
283
259
260
263
278
298
265
276
284
279
253
266
269
270
278
287
265
291
271
267
272
269
277
288
254
251
263
256
229
255
258
262
265
245
278
263
292
267
277
297
229
274
287
253
251
243
267
234
249
281
253
253
270
276
276
269
281
238
262
252
272
255
274
281
273
269
292
278
272
260
262
279
267
264
278
261
221
262
255
293
276
271
246
267
261
228
283
261
246
227
268
240
252
228
238
237
256
234
223
246
252
253
253
235
246
253
229
246
219
228
263
271
243
246
235
258
261
247
257
231
222
234
243
244
256
233
241
241
251
240
279
249
253
219
222
272
253
239
231
261
253
244
264
232
262
269
241
268
247
260
241
235
258
277
236
237
233
273
227
234
254
273
269
251
242
242
222
244
251
259
242
229
257
251
235
244
244
246
229
229
238
233
241
220
215
260
261
231
246
238
253
220
282
233
235
254
240
247
220
252
243
241
240
244
231
251
217
239
225
256
268
279
229
220
232
240
234
234
239
222
257
260
195
240
229
220
240
240
245
248
231
228
227
237
238
213
246
210
236
239
220
246
227
229
205
256
230
228
220
254
239
237
253
230
198
223
232
221
213
232
256
222
209
228
219
229
225
247
238
229
238
250
252
238
229
244
203
237
218
252
217
234
216
226
241
235
220
219
209
226
233
235
214
217
228
205
220
210
254
199
206
198
221
238
232
231
228
216
241
246
256
219
253
199
212
231
234
214
210
208
214
218
234
238
195
230
219
237
243
218
233
240
203
236
229
231
202
205
227
225
252
216
195
204
223
239
227
230
228
227
253
233
214
204
212
201
203
241
245
214
258
210
227
216
207
245
209
234
203
227
249
199
224
240
259
264
224
221
219
245
203
227
224
229
233
250
240
233
236
240
237
232
221
201
224
242
233
241
234
245
229
234
210
231
253
232
225
239
225
220
237
234
210
256
232
236
219
265
211
241
258
217
225
236
217
232
243
224
217
230
219
225
247
247
219
230
227
233
204
233
234
210
226
234
210
216
209
200
215
204
222
198
216
209
207
210
219
211
223
209
225
199
185
189
211
205
206
214
228
175
193
215
228
212
187
164
201
170
214
193
200
207
189
220
174
221
206
199
193
206
185
190
177
197
216
219
210
195
196
216
183
217
204
207
191
166
201
172
208
191
184
173
201
207
185
187
202
202
204
200
186
170
188
190
181
204
190
199
191
182
166
176
201
180
193
205
193
177
214
184
213
176
205
189
191
213
170
180
196
181
186
179
205
178
186
197
205
184
179
189
170
175
188
177
182
166
166
187
184
196
197
187
190
183
189
177
163
208
174
191
176
198
205
191
186
210
177
170
176
163
191
174
157
174
177
184
181
204
184
185
167
166
172
167
168
154
177
197
198
187
178
187
172
188
188
185
186
157
169
171
184
171
188
182
168
178
187
167
189
202
177
181
190
195
178
168
177
192
182
163
150
189
191
192
176
186
180
185
156
193
156
162
187
189
186
185
165
147
178
177
169
152
183
190
163
172
165
179
162
189
178
177
155
180
168
187
176
149
172
169
161
160
180
176
183
170
160
141
164
149
154
172
205
172
162
155
162
177
158
164
183
165
203
159
152
178
172
161
169
187
149
159
171
160
159
173
149
169
152
181
143
171
176
158
163
185
167
172
166
143
154
162
162
175
179
172
150
189
168
153
167
156
153
160
145
166
156
170
147
168
156
162
185
148
166
158
164
151
148
176
178
170
156
140
170
148
140
179
149
152
163
146
157
178
152
155
155
158
157
169
164
162
163
157
149
162
166
166
143
156
150
154
176
169
170
153
162
131
175
166
157
161
180
131
198
181
145
144
149
130
172
157
163
158
175
168
143
174
155
171
163
177
153
156
150
159
152
158
135
156
153
166
155
149
162
148
158
163
152
137
158
160
166
167
162
169
168
153
139
164
167
163
119
179
158
152
171
145
138
148
157
173
161
179
162
162
152
142
144
161
141
146
165
134
134
150
163
166
154
145
164
149
136
147
153
152
143
144
147
160
164
149
165
153
142
163
129
131
157
168
157
131
141
137
160
133
149
161
164
135
158
140
147
153
141
148
163
151
164
146
129
172
142
136
164
152
160
164
139
150
140
147
148
175
141
128
157
160
136
175
146
146
140
148
148
153
145
144
143
150
147
155
155
145
144
144
143
150
157
170
164
148
157
143
144
143
139
146
144
156
150
146
131
142
144
121
169
143
147
135
130
141
171
153
131
142
141
148
175
138
157
164
176
133
150
147
150
155
157
139
132
133
155
128
140
154
140
155
159
134
145
124
133
135
137
123
127
151
124
135
135
156
119
152
135
145
147
134
138
139
141
145
144
133
155
138
124
126
144
137
159
141
157
139
143
138
148
134
144
148
142
132
151
115
129
125
134
127
142
167
134
136
126
146
157
138
132
139
134
121
144
153
160
136
134
119
140
127
149
143
142
146
143
144
133
120
156
155
140
146
137
145
140
133
155
145
149
136
144
127
137
123
150
115
158
131
128
143
142
159
128
135
131
133
135
125
148
138
127
133
141
137
123
137
147
148
131
133
149
125
137
146
142
170
149
114
153
109
132
141
138
138
130
131
113
142
127
149
135
147
134
129
134
133
141
145
111
153
92
146
132
119
124
130
119
144
113
122
138
113
129
119
133
134
123
120
131
128
144
137
130
129
134
122
136
135
100
151
146
145
108
142
131
122
134
132
128
134
139
137
152
143
131
152
108
129
128
148
146
128
118
112
129
138
138
117
118
128
134
129
134
123
124
132
127
134
128
124
130
123
133
120
104
132
131
121
135
134
135
131
124
118
138
131
117
131
129
137
118
98
132
136
127
123
135
121
121
118
142
141
133
126
129
127
115
133
114
124
128
131
105
107
133
127
116
110
114
132
130
140
125
128
129
118
132
116
125
120
123
105
122
134
137
132
122
137
123
119
130
135
129
133
119
137
125
118
124
137
127
119
124
140
130
130
126
134
124
108
118
159
115
112
143
126
138
152
114
142
118
136
109
130
113
120
119
125
133
116
109
119
119
133
138
118
130
146
133
136
116
139
119
117
124
116
115
100
123
122
139
110
126
117
117
130
112
130
127
129
121
113
112
136
145
96
112
124
129
111
113
114
118
120
107
123
134
132
111
116
117
132
124
120
129
143
106
118
113
131
117
103
138
126
134
127
113
129
130
129
119
128
115
118
114
111
110
128
138
106
115
111
125
124
124
120
124
115
113
128
117
113
109
118
119
120
118
123
104
137
126
117
125
113
120
122
107
121
133
141
127
126
116
130
123
138
122
134
116
108
130
118
139
108
116
121
120
128
137
109
132
117
101
107
113
119
112
120
104
136
117
125
127
106
124
86
107
122
107
109
120
133
111
121
104
106
120
130
105
109
125
111
125
113
107
107
128
127
120
119
131
113
116
103
124
110
134
101
103
129
122
122
112
124
108
138
122
125
108
131
123
127
112
124
123
119
120
123
122
108
98
116
120
110
102
99
111
121
109
125
114
112
105
115
100
103
123
126
126
98
123
121
109
131
128
119
123
102
94
126
101
123
112
127
114
114
129
120
114
112
136
128
110
125
132
121
95
124
122
111
112
113
123
102
114
116
106
96
126
113
113
122
96
109
104
126
117
117
111
129
129
113
94
102
109
112
120
117
116
115
91
136
132
124
114
111
118
144
120
123
105
113
122
110
111
123
127
116
114
125
124
119
108
104
107
100
91
106
110
116
121
123
104
125
134
109
104
120
109
121
115
92
104
106
112
122
111
124
104
134
110
112
119
118
95
109
116
106
129
117
117
122
101
122
110
110
92
110
116
114
119
102
118
128
83
110
107
135
108
104
119
95
100
106
99
114
94
114
114
116
117
111
113
93
108
125
103
115
98
91
104
107
95
118
113
104
102
108
111
110
128
88
106
92
121
128
112
107
97
118
113
103
118
120
83
107
106
101
101
110
120
115
112
95
113
107
82
106
117
104
103
123
136
119
101
113
115
116
112
105
90
93
102
101
109
117
112
104
120
108
85
102
109
117
111
111
97
101
124
102
97
122
121
100
96
94
99
107
123
115
125
98
116
135
95
115
97
104
124
131
112
107
105
113
93
116
124
103
110
109
104
131
110
102
86
102
109
82
107
101
110
119
100
95
105
118
117
101
113
101
104
115
96
102
127
116
97
110
96
114
112
88
128
111
96
93
114
97
102
87
113
97
105
101
90
127
107
99
92
132
115
105
108
96
109
112
107
108
104
126
113
97
101
110
110
85
127
114
111
92
112
112
117
106
97
97
108
125
107
106
118
114
112
91
113
95
126
95
119
103
104
112
84
108
92
107
101
100
126
111
103
109
99
92
97
101
91
115
103
108
90
123
105
91
125
120
111
106
106
81
115
99
101
96
89
99
93
106
117
82
95
99
103
98
113
114
114
105
99
94
112
107
96
103
110
100
90
107
106
92
100
80
112
96
101
90
81
108
129
128
81
105
103
102
99
123
81
94
113
91
110
109
114
104
98
104
96
91
100
108
109
89
91
112
114
81
99
103
103
118
102
116
105
124
96
101
119
95
77
105
109
108
106
122
102
90
85
86
90
100
92
114
114
85
84
87
98
100
99
90
107
99
100
101
100
106
113
105
113
114
96
98
101
87
86
86
100
97
103
118
96
94
104
84
102
106
98
100
92
99
84
117
102
103
92
110
113
94
105
86
104
107
94
96
99
120
93
107
101
81
100
88
87
90
104
100
99
97
96
100
86
85
99
109
96
90
101
105
89
110
104
104
106
98
127
111
98
79
116
99
107
94
99
92
99
99
89
103
93
80
92
92
117
107
89
98
133
93
91
91
95
109
87
76
98
93
94
88
98
95
86
96
100
124
92
94
108
96
118
105
114
89
87
94
98
98
97
85
110
98
103
75
99
95
106
99
102
95
97
96
106
95
93
91
115
106
110
94
111
92
97
99
89
91
80
85
81
104
93
88
83
108
83
102
105
89
80
86
89
80
90
78
95
93
98
92
79
86
97
104
99
102
91
90
84
101
87
121
84
80
108
107
96
101
86
101
81
80
86
92
106
99
92
90
87
99
93
100
88
95
84
98
107
105
107
97
94
87
80
84
101
106
81
110
103
120
108
99
108
85
92
113
93
104
85
105
85
96
94
80
109
99
112
109
111
96
92
96
97
107
115
90
109
97
99
90
101
87
92
104
91
98
109
82
104
89
87
76
94
96
93
84
89
87
79
92
89
83
94
93
98
103
88
105
77
90
91
84
77
107
79
82
85
90
92
99
89
96
80
81
94
101
92
94
84
89
93
96
100
78
73
92
91
79
78
94
93
98
89
91
96
102
85
82
83
81
94
114
86
87
83
107
95
90
90
102
87
88
110
104
86
86
87
77
103
117
72
98
83
92
105
98
96
105
87
82
116
93
85
83
95
94
95
88
86
103
88
105
93
90
84
89
105
94
93
98
93
109
116
95
75
104
102
87
98
80
98
96
94
84
97
95
93
102
88
111
106
78
85
82
74
75
71
117
83
89
96
98
83
103
98
101
108
85
92
86
106
99
97
102
75
94
104
88
82
95
111
81
98
95
92
103
91
91
88
106
97
90
98
83
86
88
90
72
84
94
102
77
95
108
98
112
80
87
85
92
103
87
103
93
89
100
103
108
99
82
99
88
97
90
78
84
95
92
103
97
93
87
112
82
87
110
80
98
75
88
95
94
74
78
82
81
93
119
84
87
85
116
87
102
95
102
94
88
75
78
92
89
78
92
75
94
95
107
96
100
89
96
83
86
92
90
80
104
94
109
95
82
89
95
90
84
88
101
89
69
98
90
102
93
89
106
82
86
94
77
95
89
95
86
85
104
87
84
109
89
97
90
92
88
79
93
83
89
100
76
67
67
97
76
79
98
94
93
99
95
83
76
85
79
93
71
80
85
98
83
94
92
100
95
94
104
103
90
76
92
84
82
66
96
89
103
85
82
93
93
71
85
91
87
89
67
100
83
91
86
74
106
84
82
90
100
96
88
94
109
101
73
90
88
94
101
96
92
82
73
96
91
81
95
82
86
93
83
103
83
101
81
98
87
85
78
88
68
86
86
85
80
94
95
92
95
80
84
75
89
95
74
87
102
91
97
69
85
81
83
97
86
69
91
99
77
89
76
83
94
94
85
96
76
73
75
107
99
99
84
76
90
84
81
73
79
101
74
84
86
63
94
73
80
85
70
95
78
90
104
100
78
86
99
101
98
91
99
103
103
79
86
89
92
95
80
99
86
81
92
99
82
88
82
89
68
82
100
90
82
87
79
94
97
81
89
78
82
87
86
89
105
62
81
93
77
92
104
79
97
72
106
95
69
91
75
94
79
73
72
81
107
95
88
83
79
83
82
89
81
84
67
86
85
71
95
90
80
79
98
85
75
77
80
75
104
86
89
96
85
101
78
77
65
76
76
75
103
89
93
73
73
79
72
75
68
78
91
88
76
81
101
80
77
90
79
93
81
102
97
95
95
86
81
81
87
74
97
81
82
72
91
102
92
86
70
105
101
93
101
83
92
77
73
79
88
79
91
70
67
88
85
98
74
93
66
94
97
80
74
76
80
82
101
90
88
83
96
87
100
92
73
93
107
76
68
95
92
76
85
78
87
89
65
70
81
88
82
88
92
79
91
79
87
90
88
76
92
98
77
83
87
94
84
83
101
78
77
101
81
91
96
96
83
79
87
91
76
89
84
68
80
71
88
81
75
87
78
92
89
75
103
92
71
79
88
82
91
84
74
83
75
87
78
93
88
87
83
84
79
86
73
86
83
81
76
79
79
73
72
77
80
92
77
81
91
94
85
93
93
91
79
91
79
86
78
95
70
68
88
90
86
93
80
106
73
72
82
88
100
83
72
91
92
83
70
82
85
76
80
92
89
83
85
95
86
83
97
94
75
96
94
98
71
92
74
89
101
86
86
76
85
77
84
91
67
83
72
71
74
72
87
69
76
71
90
69
72
77
85
76
69
88
75
94
78
87
97
86
84
84
83
84
82
82
77
80
82
98
76
82
91
79
83
77
86
78
80
74
94
91
89
77
81
78
83
100
80
68
104
101
84
82
72
66
84
101
91
69
76
82
87
80
103
86
78
65
74
98
94
92
82
67
79
82
95
72
89
82
81
76
87
81
93
77
69
68
71
89
91
85
86
82
76
81
81
83
81
95
74
76
71
86
77
95
81
95
87
95
81
102
83
75
99
103
87
71
70
74
81
75
86
80
81
82
93
58
81
72
85
83
80
80
77
85
84
87
84
88
65
91
78
72
88
78
73
87
80
76
83
78
75
81
91
81
85
95
73
89
107
78
67
84
71
97
84
82
74
95
86
86
83
87
101
87
70
74
75
105
82
101
80
92
73
84
75
89
71
91
74
76
82
84
89
88
61
98
71
80
79
86
77
89
86
76
89
86
65
96
69
84
92
85
91
93
71
81
79
80
73
84
79
69
83
86
95
60
73
104
80
87
77
82
79
91
75
85
76
96
79
87
83
72
73
75
69
85
78
79
86
79
89
75
86
81
70
81
88
81
96
85
84
86
81
83
82
75
89
86
83
82
87
80
78
91
100
77
88
87
98
89
94
91
98
71
65
73
75
91
98
76
95
86
89
91
88
84
76
76
73
71
76
79
83
81
74
71
70
80
84
85
82
78
69
92
102
89
85
81
68
87
101
71
72
84
78
72
83
91
61
81
75
78
94
75
91
92
89
70
79
71
84
81
75
81
78
75
86
96
76
81
88
71
75
74
69
77
88
88
75
80
92
86
87
79
74
112
74
93
78
72
72
67
70
81
88
77
85
107
73
77
77
75
82
69
90
93
88
77
82
77
84
93
81
78
83
82
90
80
76
86
91
69
92
91
74
80
105
83
76
89
77
75
71
88
89
81
93
90
84
93
91
67
75
74
81
79
89
79
79
82
101
83
98
76
76
91
70
85
74
79
89
80
69
91
73
108
85
85
76
82
85
81
76
95
87
85
76
81
88
64
84
70
80
78
79
81
77
79
71
78
86
92
92
58
86
80
98
81
71
87
84
87
93
75
77
96
86
88
70
76
81
74
81
98
83
88
97
85
81
64
69
91
65
85
102
96
77
80
89
79
65
83
90
89
108
80
71
74
87
91
90
91
86
65
90
87
73
74
86
77
87
82
90
89
82
87
94
85
95
92
96
86
91
71
72
74
75
88
85
80
65
71
64
68
87
72
90
71
76
85
76
65
68
83
97
84
62
84
76
97
84
80
106
87
92
85
91
81
73
72
81
76
81
77
74
83
77
80
89
74
86
72
78
100
71
93
58
70
83
71
85
71
80
76
90
85
78
81
90
83
77
80
74
92
75
82
84
83
85
81
83
82
81
104
80
89
93
101
85
81
85
72
84
94
80
107
72
80
92
87
76
87
77
91
75
89
85
91
94
73
100
88
80
75
75
67
81
76
93
79
72
74
82
85
78
69
69
83
74
83
82
71
79
85
75
88
62
81
74
72
77
70
82
89
74
83
86
84
91
78
75
75
84
70
76
78
78
90
83
80
86
87
106
83
86
95
87
87
85
81
93
70
85
83
97
75
72
91
74
95
94
84
67
103
97
84
96
86
67
73
94
59
77
88
92
87
67
77
76
70
87
67
79
98
99
90
72
82
101
79
70
89
75
85
86
101
77
72
83
92
72
83
73
89
66
66
82
98
74
73
95
95
83
86
68
74
82
91
93
78
107
82
91
79
81
87
74
81
88
82
83
75
76
81
79
93
84
90
90
80
83
95
80
112
68
77
91
87
79
88
67
87
90
69
89
83
88
75
82
82
78
71
93
67
90
97
87
92
84
82
94
94
77
73
83
87
64
69
86
88
94
79
89
79
80
73
79
86
74
80
79
78
90
98
79
96
103
84
82
71
70
88
91
88
78
75
80
74
83
77
91
71
83
68
87
84
77
90
85
83
84
84
101
88
92
93
98
69
76
84
88
66
73
86
82
91
102
89
88
69
82
90
82
86
85
78
70
83
82
84
79
92
73
79
89
79
77
92
79
89
83
88
67
80
90
85
96
101
73
79
85
101
93
100
91
87
92
99
85
84
102
84
96
80
70
84
90
72
72
91
73
83
68
82
83
85
98
71
89
81
82
78
82
81
98
71
87
78
84
81
76
83
83
80
78
94
76
92
79
96
71
95
69
74
76
86
85
76
70
86
81
77
76
81
78
83
87
96
81
62
95
95
80
76
67
72
73
88
78
73
72
74
71
81
76
76
68
70
86
77
74
72
80
84
48
59
62
75
86
66
78
73
75
72
56
57
98
73
70
64
73
70
67
67
73
75
82
76
89
58
73
88
70
84
79
96
77
73
66
81
82
73
76
67
65
65
71
71
73
83
75
67
76
73
77
62
77
65
68
82
75
79
72
71
65
77
80
87
71
87
56
73
84
86
72
88
67
57
73
70
78
60
68
72
74
90
81
61
77
53
83
76
60
79
82
90
67
77
84
79
83
81
77
65
85
70
81
63
82
73
69
73
61
58
75
88
71
79
77
71
71
65
83
64
75
58
64
79
74
74
75
55
74
69
73
63
82
68
73
67
65
73
69
72
66
85
61
60
73
58
83
65
64
66
64
59
67
77
67
70
78
75
72
80
70
69
59
72
78
69
69
71
77
70
85
86
73
76
77
71
75
69
86
52
77
59
72
82
77
75
80
69
63
73
57
54
66
72
69
76
72
79
69
52
75
71
73
67
97
78
62
72
60
67
80
78
60
66
68
60
66
74
71
62
69
81
72
73
60
59
80
79
69
63
61
61
71
76
82
87
77
75
59
63
69
62
46
55
68
60
53
76
72
67
68
71
74
50
68
61
65
65
61
76
73
69
57
66
70
88
59
64
77
62
75
70
65
65
77
56
69
62
74
62
74
75
71
69
56
78
61
75
59
59
66
74
61
67
45
69
68
62
76
58
70
62
77
86
60
62
74
71
68
62
55
66
68
65
69
70
54
66
63
82
73
64
68
64
67
58
63
73
54
71
58
64
77
41
58
57
66
54
56
56
76
73
67
59
64
68
72
63
70
55
69
67
62
54
66
76
64
59
75
59
75
79
64
67
75
71
63
72
67
55
63
65
73
78
58
53
67
54
67
68
62
60
71
70
75
64
65
74
52
70
71
48
68
57
64
73
70
75
62
58
54
64
55
67
60
80
57
60
54
78
65
70
56
53
80
63
63
67
61
62
74
65
59
78
74
57
61
37
75
63
78
66
64
60
50
66
63
58
76
81
63
70
59
80
78
67
69
66
70
47
63
75
82
61
60
63
72
59
70
69
81
68
52
69
70
68
70
68
65
70
55
72
43
75
66
58
68
84
39
58
57
57
59
63
62
66
49
64
73
69
47
65
61
69
71
50
63
78
58
66
63
57
75
63
61
52
57
72
59
55
63
71
64
52
63
73
74
61
69
67
60
74
63
65
72
72
73
65
72
60
53
64
52
72
59
55
60
60
59
63
43
72
69
70
61
60
66
64
56
64
72
70
55
53
60
78
65
64
60
54
64
70
74
68
72
58
70
55
65
63
63
58
63
52
72
65
53
56
69
67
62
69
65
78
55
61
78
63
79
72
59
75
45
57
65
60
63
64
66
65
64
65
65
45
67
54
61
48
71
62
64
61
60
69
82
58
49
61
69
59
55
50
59
80
65
67
73
71
61
67
70
68
61
65
68
72
52
62
61
59
74
65
66
56
59
74
72
69
70
49
59
58
60
62
74
63
63
44
71
68
70
66
58
70
67
68
63
71
57
71
69
58
76
58
73
62
63
63
72
72
44
78
60
74
61
67
62
60
65
57
61
59
74
76
53
64
61
64
66
49
63
65
70
63
58
67
56
54
65
59
63
67
63
64
75
70
63
51
55
63
58
57
63
56
69
78
49
58
66
63
65
65
75
77
70
73
64
68
75
75
61
61
72
57
62
67
62
63
63
61
70
56
47
60
53
66
68
63
60
57
54
69
65
64
56
65
57
44
50
38
64
65
59
63
69
53
67
70
50
47
67
58
59
56
56
49
64
53
60
58
44
43
47
57
71
58
55
45
52
62
65
61
51
47
50
47
68
58
45
64
65
54
55
56
55
53
55
54
49
46
43
53
49
55
61
51
51
57
56
69
54
45
59
46
49
54
57
48
62
53
57
56
64
71
64
52
50
49
54
67
55
48
61
58
49
41
53
57
44
52
55
47
65
45
65
60
40
45
46
47
52
46
44
50
46
59
60
49
54
64
40
56
59
49
38
51
53
48
48
33
57
42
51
60
58
44
67
58
50
64
56
40
54
57
55
51
48
57
70
43
65
55
58
57
53
53
52
63
51
48
59
40
56
69
51
40
46
62
45
49
52
44
57
54
59
56
48
70
47
41
46
47
46
52
45
53
53
58
53
55
58
49
42
67
43
50
62
69
43
44
52
67
72
62
65
54
55
57
51
52
51
62
45
48
58
69
55
61
60
60
64
55
64
66
58
55
64
55
63
45
45
63
57
60
57
66
65
72
59
58
69
64
66
55
66
63
70
62
67
62
70
69
69
58
80
74
72
61
64
64
74
61
98
61
74
85
93
82
89
98
100
120
127
140
170
187
228
242
299
324
398
430
433
444
446
430
404
355
264
291
227
191
171
139
142
120
112
102
92
105
65
67
58
62
61
54
49
49
54
45
62
42
44
50
36
48
32
57
55
49
45
31
52
46
37
46
59
49
40
47
37
49
44
55
54
36
48
53
46
44
44
44
35
50
42
43
48
48
43
33
49
39
47
46
48
48
44
41
48
42
37
35
37
40
56
35
36
25
52
45
41
37
38
32
46
46
42
41
45
40
49
42
45
56
48
37
41
45
46
52
42
41
50
48
50
46
36
45
49
42
48
46
47
42
39
49
40
51
52
58
52
37
51
56
43
38
37
47
44
34
42
47
57
36
46
51
57
41
35
42
34
36
43
45
56
29
64
47
48
48
51
41
51
34
48
44
46
47
63
50
55
36
56
42
63
45
41
54
36
50
54
44
55
38
61
47
65
63
44
54
42
54
38
59
51
66
52
52
64
46
43
65
59
67
72
60
62
64
60
61
58
71
50
76
65
80
66
72
77
84
87
85
85
93
101
93
97
108
97
112
86
69
70
64
41
38
40
45
37
46
26
24
44
21
35
26
27
23
27
32
18
21
32
15
20
26
22
23
24
16
20
25
23
21
21
30
19
20
24
22
26
25
17
23
20
20
21
20
21
23
24
28
23
23
14
14
23
21
20
20
14
16
14
30
28
15
16
22
26
21
26
19
12
12
19
20
23
27
21
18
28
23
29
16
28
23
12
17
20
21
16
18
20
22
20
16
21
18
27
18
24
22
19
17
20
24
17
16
25
18
26
13
17
17
19
22
19
19
16
17
22
18
15
19
8
26
22
24
19
23
16
18
18
16
19
23
13
16
23
17
19
18
17
26
19
17
17
28
18
28
22
12
15
25
15
18
18
15
16
16
19
17
19
22
16
12
21
17
19
26
16
14
20
9
13
28
17
19
13
12
20
12
18
20
18
29
14
11
18
14
16
15
17
12
18
13
18
14
21
24
17
15
22
22
20
10
26
16
12
21
18
15
13
18
22
20
13
14
9
17
11
13
20
15
17
14
18
22
14
13
25
21
19
20
22
16
20
15
17
19
25
12
14
16
17
21
4
15
16
19
20
22
21
18
15
17
12
11
19
11
22
25
19
13
11
16
24
20
13
18
20
17
20
17
14
11
20
21
22
21
17
18
19
18
15
22
22
23
16
14
14
17
23
14
16
21
19
24
17
14
24
17
17
17
13
14
15
18
18
14
11
17
13
23
11
19
20
25
18
18
14
20
20
16
20
16
17
13
21
21
25
21
17
14
15
23
24
16
19
15
14
19
16
25
13
24
21
19
13
18
19
15
12
20
15
17
16
17
23
18
17
15
11
13
17
10
31
16
22
11
17
22
18
20
19
22
21
8
18
29
20
19
13
15
17
17
21
20
21
26
16
20
22
18
19
11
27
19
18
16
13
16
16
16
19
23
22
27
14
19
13
20
14
15
16
13
20
14
19
11
13
23
14
19
23
19
18
25
13
17
21
13
14
20
13
20
18
19
22
20
15
17
24
15
8
16
27
22
22
15
25
19
27
25
24
20
21
19
21
24
17
22
24
24
30
21
21
24
12
27
30
19
17
17
16
22
21
20
20
24
24
24
25
21
27
23
20
26
23
23
17
35
21
26
28
23
25
31
24
15
31
34
20
29
28
32
25
36
31
29
29
38
34
32
31
28
42
35
33
30
41
29
40
39
54
35
47
50
27
37
34
32
32
38
41
44
40
23
45
49
38
39
44
45
34
41
62
47
45
45
51
45
47
61
48
58
53
51
58
58
60
60
59
68
66
58
67
66
77
78
83
81
106
125
140
161
201
278
312
422
549
634
785
815
840
873
813
775
682
636
540
482
384
309
302
247
190
158
134
111
103
75
58
59
57
49
37
33
37
34
27
28
26
27
26
32
19
20
17
24
24
25
18
18
26
24
13
20
26
14
17
21
20
18
14
21
22
30
29
23
18
24
21
21
14
21
18
26
15
17
22
21
20
18
32
19
18
27
20
28
13
17
18
16
22
18
25
21
22
22
26
24
19
26
15
21
20
22
28
16
23
22
20
24
20
26
16
16
23
23
18
26
26
24
27
16
23
12
12
24
19
22
19
28
21
19
31
19
24
14
27
21
22
24
20
29
40
27
20
23
22
20
22
27
25
27
21
25
31
35
24
25
25
24
24
30
24
28
15
25
29
27
38
26
36
26
31
29
20
27
25
23
27
27
25
23
23
28
22
31
40
27
28
33
22
28
31
26
24
28
27
27
28
35
35
29
26
28
31
34
35
36
34
37
28
19
27
35
39
31
34
38
42
39
38
50
32
49
41
58
61
49
54
59
55
62
56
67
71
66
57
49
38
42
37
23
33
36
23
17
18
21
17
6
12
7
7
11
12
4
8
6
9
6
6
4
3
8
2
8
8
3
5
3
3
4
5
5
4
4
5
7
5
1
5
6
8
4
2
7
5
7
6
6
11
1
7
5
2
10
10
6
2
3
3
7
3
5
1
4
10
2
3
3
6
7
9
6
2
8
4
4
7
5
4
8
3
8
4
6
7
3
3
6
3
4
4
6
4
4
11
7
7
6
5
6
7
5
3
6
4
8
5
4
3
5
3
4
3
4
2
5
3
4
7
5
6
4
2
4
4
5
7
1
3
4
4
3
3
1
1
1
4
7
4
7
4
7
4
8
4
7
6
5
1
3
3
7
4
3
5
4
3
5
4
3
4
2
4
7
2
7
4
4
7
4
5
4
3
4
5
7
6
4
3
4
5
4
3
1
2
6
5
3
5
1
5
3
4
7
6
5
3
6
2
2
4
5
4
4
1
2
5
3
2
8
4
5
4
3
5
1
5
2
4
2
6
0
1
4
2
2
6
3
7
0
2
9
2
3
5
5
5
4
6
4
0
4
3
3
4
4
3
6
8
2
6
5
2
3
5
6
4
4
5
4
3
2
5
4
4
6
5
3
4
3
5
0
6
4
1
3
4
7
1
3
5
8
1
8
6
2
5
6
2
3
3
4
3
2
3
5
6
1
4
2
3
2
7
4
4
3
4
5
2
2
1
4
3
1
6
7
6
7
4
4
1
4
4
5
7
1
1
3
4
5
4
6
8
4
4
0
5
4
3
6
5
3
7
4
3
2
4
4
6
4
1
0
2
6
5
4
4
2
7
5
1
2
2
4
1
0
2
2
8
1
5
5
1
4
7
1
2
1
1
2
5
6
2
2
8
2
4
3
4
2
6
2
4
2
6
3
2
0
6
5
5
6
2
0
1
2
5
2
2
8
2
2
3
7
2
4
3
5
4
4
5
7
3
2
0
4
6
4
7
1
2
3
4
1
3
3
3
5
6
6
7
3
4
2
2
4
6
4
3
3
2
3
2
2
7
4
4
2
7
3
3
9
6
0
3
2
2
2
2
3
0
6
0
4
2
2
2
3
4
3
2
1
1
2
7
1
3
0
4
2
3
6
0
5
1
2
1
5
5
2
4
4
4
1
3
5
4
5
4
3
3
3
4
2
3
2
8
3
6
1
2
7
4
2
1
6
2
6
5
7
3
1
3
3
3
1
2
6
2
3
6
2
2
3
5
1
5
2
2
4
1
1
2
3
2
3
3
4
3
5
4
3
2
1
1
3
2
1
4
2
2
1
4
0
1
0
2
4
2
6
4
0
1
1
2
3
1
4
2
2
5
5
3
2
4
7
3
1
4
4
2
2
4
0
3
1
4
3
4
1
2
1
3
5
3
3
3
0
3
1
2
2
1
6
4
0
5
4
3
2
5
2
4
3
2
4
6
5
3
1
2
6
3
4
3
6
7
3
1
2
1
1
7
3
1
5
1
1
2
4
2
1
3
2
1
0
3
3
3
1
3
2
4
4
2
1
0
1
1
2
5
2
4
3
4
2
3
2
3
0
10
2
1
3
2
3
4
3
4
0
3
2
3
5
4
1
1
1
3
5
0
0
2
0
5
1
5
1
2
3
4
6
3
2
3
3
4
5
3
2
1
2
2
0
4
1
5
2
2
3
4
1
1
2
2
5
2
2
2
4
5
2
2
2
4
1
4
3
4
1
4
2
1
4
4
2
1
2
3
0
3
3
5
5
2
6
2
1
0
2
3
2
4
1
3
4
2
4
3
3
4
4
4
1
3
5
1
2
0
2
3
3
2
3
0
0
1
3
4
4
1
4
3
1
2
3
4
3
4
4
7
4
2
4
4
3
1
1
2
3
2
0
5
2
3
5
5
1
3
2
2
5
4
1
1
4
0
2
4
3
3
4
3
1
1
3
1
3
3
3
5
2
0
3
1
3
4
1
6
4
0
5
2
5
2
1
2
4
0
4
1
4
7
5
5
1
5
3
2
4
4
3
4
4
2
3
1
0
0
1
5
2
2
2
2
3
3
3
1
1
8
3
2
2
1
6
4
4
1
4
2
0
2
2
3
2
0
2
1
7
2
3
1
3
2
3
1
5
0
2
4
2
1
7
0
0
1
2
2
2
2
3
3
4
3
4
4
3
3
4
3
1
2
2
2
6
6
5
2
1
1
1
2
2
1
2
0
2
2
1
4
3
1
2
3
2
1
3
2
1
3
3
2
4
2
4
4
1
2
2
3
3
4
1
3
3
1
1
0
3
1
3
3
1
2
2
0
4
3
1
0
5
2
1
1
2
1
0
2
2
5
3
0
2
3
1
3
3
3
5
3
5
1
1
3
1
1
1
2
0
3
2
5
3
5
6
3
3
2
0
2
3
3
3
4
3
2
5
0
1
5
5
2
1
1
2
3
4
1
1
1
0
1
5
2
4
2
2
1
4
2
2
3
1
4
2
1
2
3
1
4
6
2
5
4
3
2
86
188
166
195
205
237
208
240
253
260
291
293
335
356
378
440
513
502
534
602
604
720
726
792
799
878
955
1020
1212
1333
1338
1471
1558
1710
1808
1886
2086
2185
2286
2300
2486
2531
2792
2936
3045
3342
3426
3631
3801
3981
4111
4425
4644
4698
4963
5182
5363
5399
5734
5787
6095
6316
6591
6880
6931
7199
7404
7839
7788
8152
8368
8824
8997
9363
9469
9681
10199
10523
10832
11297
11679
11991
12510
12933
12838
13456
14002
14388
14955
15795
16219
16844
17485
18176
18953
20184
21058
21905
23366
24428
25723
26936
29515
34542
44512
69152
125444
233556
398305
585667
736529
788368
733681
613150
481919
378289
306151
257318
222158
191938
166963
145883
127824
113965
103173
95156
89713
84478
