1273
1098
969
795
685
624
559
460
376
307
305
270
253
225
209
191
174
140
152
138
138
140
121
128
123
119
114
101
103
97
102
104
106
92
106
92
102
98
104
102
90
83
90
94
88
98
102
92
83
91
87
99
92
84
72
84
96
88
84
71
77
78
90
85
79
70
81
67
86
72
73
60
70
84
59
78
69
69
76
76
65
65
79
69
65
75
62
62
60
73
65
57
63
72
77
60
62
58
67
51
66
73
53
56
69
58
56
57
71
67
57
61
68
56
74
67
68
72
65
60
56
63
55
56
56
60
64
63
56
40
61
66
49
76
56
64
54
43
37
54
45
48
65
44
60
71
55
41
61
50
55
51
61
57
56
42
58
52
54
59
41
49
44
42
62
54
54
34
47
41
39
55
60
44
50
50
49
44
51
36
48
39
51
53
48
44
36
44
42
50
49
46
36
43
53
40
38
40
38
48
42
37
41
44
39
47
35
42
41
37
46
35
50
37
39
41
39
39
46
31
35
46
35
44
44
33
33
44
40
34
40
38
33
33
46
42
41
41
42
37
47
32
41
26
37
29
34
35
44
39
35
42
36
37
37
34
29
45
45
33
36
39
33
41
40
28
33
36
35
39
32
36
50
39
47
31
38
36
44
35
40
35
30
38
43
39
37
40
27
32
30
44
36
43
41
33
32
51
38
39
42
32
31
56
32
49
37
27
39
45
32
38
34
31
33
24
40
30
32
38
35
31
32
40
33
36
34
34
35
27
36
27
20
30
26
39
42
39
40
32
37
27
44
34
24
24
34
27
32
32
35
36
40
37
39
24
34
27
34
27
35
35
17
29
35
35
25
31
36
24
26
27
41
34
22
42
33
33
27
38
40
34
29
25
26
21
30
33
25
27
38
37
35
25
36
29
25
32
37
35
32
30
29
36
30
20
26
30
28
27
25
32
35
28
30
29
26
40
24
24
33
31
35
22
28
19
31
24
29
19
27
35
24
26
20
21
20
23
27
26
20
26
22
22
32
29
34
26
19
23
30
20
33
29
28
23
19
26
29
36
20
29
32
33
15
32
27
22
22
21
31
25
19
28
22
27
29
23
27
24
25
22
30
26
28
32
31
20
34
22
34
32
21
21
34
15
22
27
34
32
29
21
32
13
26
20
17
17
16
26
31
25
21
22
24
28
28
26
23
31
37
22
36
19
26
28
17
38
14
26
27
19
24
31
26
25
27
19
26
31
24
24
27
30
24
19
34
26
22
25
23
23
22
25
20
21
19
30
28
31
15
25
28
26
24
17
29
16
27
23
20
25
19
21
25
24
26
23
22
26
19
24
22
27
23
23
25
22
23
22
26
18
18
23
27
26
22
19
34
21
29
21
20
24
26
29
25
26
16
25
27
23
24
18
23
23
26
22
30
19
16
20
16
23
25
22
26
30
28
20
21
23
33
20
10
10
23
16
16
15
21
20
22
10
21
28
23
16
25
29
29
19
22
24
23
29
21
27
19
23
28
10
22
19
18
21
28
20
36
24
22
30
20
14
21
24
22
20
24
29
13
25
18
23
22
27
19
20
19
25
11
18
22
16
25
19
16
27
20
27
30
19
17
27
29
23
19
15
23
17
21
16
10
17
23
23
15
17
16
26
22
18
19
19
27
19
19
19
19
20
16
16
22
9
18
23
32
16
25
19
16
27
18
24
23
19
19
25
12
23
16
17
15
19
25
19
18
22
21
29
15
23
28
19
19
23
26
24
24
18
12
14
14
24
18
18
23
9
14
22
17
26
21
21
19
19
20
16
16
18
27
17
13
23
16
22
20
14
21
13
19
15
23
23
24
22
19
11
20
16
23
23
23
20
17
13
21
17
26
13
23
17
17
19
20
21
16
15
20
17
16
22
20
24
24
19
20
22
18
23
21
19
23
29
24
17
14
13
15
23
14
18
22
17
12
14
19
26
19
28
23
23
14
20
19
17
21
20
11
16
16
25
12
27
20
21
22
19
23
12
19
21
15
18
16
15
20
16
22
17
18
23
21
28
14
19
20
21
14
17
17
15
25
17
19
21
25
19
26
12
15
22
18
13
21
18
24
16
17
9
11
17
10
21
21
10
16
19
17
16
14
23
15
15
15
29
15
15
19
13
21
20
14
17
17
17
16
19
14
18
18
19
19
11
20
15
21
28
12
20
12
13
18
17
23
26
13
14
14
17
24
22
17
12
22
21
12
19
16
19
18
15
23
23
14
19
22
16
19
14
12
27
16
13
23
21
12
13
18
9
13
21
12
15
23
16
18
15
17
14
16
19
12
20
16
19
19
19
15
16
15
13
24
15
17
20
14
16
18
21
17
21
18
18
16
15
10
16
19
18
12
20
19
18
16
19
12
17
14
25
15
19
12
19
22
20
14
16
18
16
15
18
17
15
19
17
17
19
21
15
14
23
15
15
12
13
21
13
13
14
17
13
31
12
16
16
16
16
21
17
9
20
13
13
17
26
16
24
13
22
14
23
19
22
15
12
21
17
17
20
15
13
22
22
17
14
13
15
16
23
22
16
22
13
18
12
16
16
14
7
21
17
14
12
17
14
12
13
16
16
13
13
17
13
10
19
11
19
24
15
14
9
20
20
13
16
16
12
18
19
17
16
15
15
16
11
21
22
15
14
20
25
15
18
19
12
11
17
17
15
21
11
19
19
12
13
21
10
11
17
9
14
13
12
19
17
15
18
20
20
13
10
10
15
20
21
10
17
12
22
16
15
12
16
8
8
12
15
17
8
12
11
18
9
17
14
12
10
18
10
17
16
15
24
15
15
14
12
16
13
11
13
17
19
16
16
15
12
15
26
13
16
13
15
12
17
9
15
22
12
15
19
13
17
12
16
18
14
21
14
13
16
13
20
13
15
17
12
11
16
13
15
14
10
14
19
18
10
8
9
17
16
18
15
14
10
10
12
18
14
8
17
13
11
10
8
19
6
18
11
14
13
15
16
15
13
9
15
13
12
12
10
6
15
16
15
16
19
13
10
12
14
15
14
15
10
26
10
19
14
18
14
16
17
16
13
11
12
12
18
17
20
15
14
16
12
8
17
13
14
17
14
15
18
12
9
12
13
12
19
10
17
16
9
9
13
9
14
9
17
9
11
13
18
10
12
9
12
13
19
13
15
18
21
6
15
15
9
15
8
15
10
13
13
13
12
13
11
8
10
12
10
12
6
9
8
11
14
15
16
16
11
11
9
9
12
12
12
15
13
13
14
11
19
13
10
14
16
13
8
14
10
18
20
14
7
10
15
11
13
14
14
13
13
13
15
13
14
15
17
15
11
12
13
19
14
12
15
9
14
10
9
10
11
7
12
9
12
16
9
13
10
15
5
7
13
10
11
17
13
17
9
9
14
27
15
17
10
15
4
11
10
18
13
13
5
12
8
12
17
12
13
12
10
10
11
10
13
11
19
11
11
17
11
12
14
9
12
16
11
15
14
11
3
7
9
10
13
12
12
16
15
12
6
12
13
17
11
15
6
16
9
11
11
13
14
9
14
13
16
12
12
14
10
13
16
16
11
7
20
14
12
12
11
11
12
12
13
10
12
11
12
14
12
10
10
13
14
12
15
8
5
10
11
10
10
13
6
11
12
15
11
9
16
13
17
12
12
12
12
16
14
8
10
12
15
12
13
8
14
8
10
12
15
9
13
10
9
14
10
9
18
13
9
13
11
13
9
15
10
9
10
15
9
11
11
16
13
16
16
11
22
12
18
12
3
12
11
11
12
15
16
10
12
8
10
13
16
10
7
12
5
12
15
12
10
10
5
10
12
11
11
11
15
10
14
13
15
8
19
11
10
13
16
14
11
11
9
13
8
10
14
6
15
7
12
11
10
7
14
12
7
13
10
6
8
9
10
12
10
9
9
9
14
13
12
12
9
9
6
11
8
8
12
12
17
5
10
8
10
9
16
12
14
7
11
12
13
8
6
9
8
12
13
14
9
12
16
7
14
6
14
7
6
5
12
13
12
9
15
11
12
5
11
11
8
8
9
10
12
13
11
18
8
14
15
15
9
7
6
6
14
15
7
9
13
12
11
9
9
11
8
5
11
8
4
10
7
10
22
7
11
11
18
15
9
7
6
3
14
7
7
10
6
11
12
7
8
10
12
10
8
10
9
6
11
10
5
8
16
5
13
5
13
11
9
11
8
16
10
7
10
16
13
10
11
14
11
8
10
8
13
5
15
13
7
5
12
10
9
10
13
6
9
10
8
7
8
6
8
10
12
8
6
11
5
11
2
9
4
11
13
10
9
9
6
4
9
12
10
5
8
19
11
14
4
8
13
9
9
9
5
12
11
11
9
8
13
9
5
8
12
7
11
9
4
9
12
7
10
7
8
9
10
11
7
17
6
10
13
6
15
12
8
9
13
6
11
4
6
12
8
6
9
6
6
11
13
10
11
11
4
10
10
7
5
9
8
7
10
8
6
14
14
9
7
11
8
10
9
7
12
10
10
4
9
8
11
6
12
11
10
10
8
12
10
7
9
6
10
6
18
12
6
7
12
14
3
8
5
8
15
8
11
11
11
6
3
12
14
11
10
10
11
11
3
5
14
15
8
6
11
11
10
9
10
6
3
14
10
6
5
12
8
5
6
12
10
6
14
9
7
7
10
9
9
8
9
13
11
9
12
15
7
9
8
8
8
8
9
8
9
15
7
7
7
14
12
9
6
9
13
4
4
8
9
4
13
8
17
13
6
16
17
10
13
13
8
12
13
9
10
8
6
5
10
11
6
8
7
4
9
15
5
11
8
3
8
6
8
10
6
11
14
3
10
3
6
13
9
7
4
7
9
9
12
7
9
14
8
8
11
10
9
13
7
12
12
7
8
7
7
10
8
8
6
7
9
11
2
12
9
8
11
9
6
9
6
12
9
9
4
10
10
14
6
19
4
9
10
8
5
11
14
8
12
8
10
5
13
4
4
6
12
8
9
5
6
12
11
7
11
13
2
12
5
12
8
7
9
12
5
8
12
9
8
10
8
8
9
5
9
4
10
7
6
4
10
13
5
12
13
11
13
10
6
8
10
7
8
11
13
3
6
8
12
8
6
6
12
10
18
7
9
7
8
5
10
8
13
15
8
11
9
7
7
9
10
5
6
10
11
7
17
9
12
6
9
9
7
13
8
11
6
7
8
6
6
9
5
7
9
3
11
8
11
17
3
10
6
11
13
6
8
9
9
8
10
4
11
8
5
7
11
7
6
8
9
5
7
6
7
10
6
10
11
3
4
5
3
6
7
6
10
7
8
7
14
11
9
6
8
9
9
6
9
2
10
10
9
7
9
8
10
11
7
6
8
12
10
6
8
6
7
15
8
11
15
7
10
5
11
9
10
9
9
9
4
4
12
7
8
9
6
10
9
8
6
11
9
17
8
14
6
8
5
11
4
9
9
3
13
10
5
12
9
9
9
14
5
8
6
13
5
4
13
9
11
10
13
6
6
10
3
9
14
7
8
10
9
6
10
9
9
9
14
7
9
12
9
11
9
11
12
7
12
6
16
9
10
11
13
7
7
9
5
10
11
8
9
10
5
6
13
6
8
9
9
9
4
12
10
7
6
9
4
5
6
13
7
7
10
13
8
13
11
11
8
10
7
11
7
7
6
4
9
9
10
5
10
11
8
14
13
2
8
9
8
6
5
10
5
9
7
9
10
9
6
5
5
3
6
4
9
10
10
14
4
10
12
7
8
9
7
7
11
7
4
7
8
4
9
7
7
5
7
7
14
5
9
11
10
12
9
5
4
10
4
6
6
4
3
5
7
7
10
7
13
10
9
9
2
12
7
9
11
11
15
10
6
5
8
6
7
5
9
7
9
9
8
8
12
6
9
8
11
9
9
5
6
5
8
5
10
8
12
8
8
10
12
5
8
9
3
8
6
7
9
8
14
6
11
3
10
5
11
7
7
9
6
11
12
8
8
5
11
6
5
10
9
10
5
7
3
8
7
4
5
4
10
8
7
7
6
8
8
1
6
8
9
3
11
7
4
13
12
9
6
11
8
10
12
10
8
6
8
12
8
7
11
6
7
10
8
7
4
6
14
7
13
16
13
10
7
8
9
3
5
11
8
4
7
7
13
4
16
3
5
10
13
10
4
7
9
6
4
7
10
10
10
3
9
8
9
7
8
4
8
7
5
11
14
17
6
7
10
7
8
6
11
13
9
16
6
5
9
14
11
3
7
4
7
8
6
8
7
7
8
6
4
8
7
7
8
6
9
5
10
7
4
3
8
15
8
9
9
9
4
6
6
11
6
2
8
10
8
8
6
7
9
9
8
9
7
7
9
8
11
4
4
13
11
6
5
7
11
7
7
12
9
7
8
6
7
3
7
6
4
5
13
2
8
10
4
8
6
2
7
9
8
7
11
6
14
2
8
11
6
8
11
7
3
3
6
8
6
3
16
12
4
8
4
10
8
8
2
11
8
5
5
11
9
6
7
6
7
6
8
8
11
8
6
9
5
4
11
5
3
8
11
11
16
12
5
8
3
5
8
3
12
4
8
6
6
9
11
4
15
8
11
5
6
6
8
7
5
7
6
7
12
8
6
9
8
6
7
9
7
8
4
9
9
3
7
7
9
7
2
1
10
7
8
6
9
9
9
7
3
10
4
10
5
9
5
10
7
11
8
4
7
10
2
9
6
6
7
12
5
10
11
5
7
11
5
6
8
8
9
9
5
7
8
5
4
9
3
7
4
9
5
5
11
6
5
10
7
10
3
2
10
8
6
6
9
7
14
6
5
5
2
9
10
10
16
6
12
9
5
5
7
3
6
7
9
7
3
6
6
8
6
8
6
6
6
8
8
6
8
8
6
8
7
4
6
5
8
7
6
6
2
7
5
8
9
5
5
11
8
7
9
11
5
2
4
7
3
12
7
5
5
6
1
7
6
6
12
9
5
4
2
6
7
9
7
7
5
5
6
6
7
2
6
4
4
10
9
3
4
6
7
9
4
15
7
7
9
4
4
5
5
9
3
10
11
3
15
13
8
6
7
7
7
1
11
3
3
9
6
5
5
7
11
6
7
8
8
12
8
12
4
9
0
12
7
7
7
7
6
9
6
4
7
8
6
7
2
3
10
7
6
5
12
8
8
9
9
6
8
8
14
11
9
10
7
6
5
6
4
5
5
10
5
10
9
9
6
4
4
7
7
3
5
8
7
13
7
8
5
11
5
12
7
8
8
6
8
5
9
9
3
8
9
3
8
10
9
7
2
10
5
11
4
4
5
5
13
4
9
8
9
6
7
6
10
9
8
5
8
10
7
3
8
10
13
6
4
3
6
8
7
2
7
8
3
7
10
7
10
9
5
10
7
5
5
5
5
7
12
8
11
5
5
8
4
4
11
6
16
7
4
7
8
5
8
4
5
2
5
3
5
15
8
9
8
7
8
3
6
10
8
6
7
8
9
14
11
5
9
7
8
6
10
9
9
8
4
10
8
9
6
3
5
8
9
6
10
9
11
6
5
3
2
9
7
2
6
6
10
5
6
9
7
4
3
10
15
11
12
7
6
5
9
7
9
7
5
7
3
8
9
5
7
7
7
5
8
7
2
6
9
6
9
6
7
8
6
3
3
7
8
8
7
3
4
9
8
6
4
8
6
5
4
8
7
9
6
7
6
9
10
6
9
6
5
8
7
6
8
5
8
6
6
7
7
9
8
8
9
8
6
9
8
7
4
4
12
9
9
6
10
5
5
8
10
7
6
6
4
8
13
8
6
7
6
6
6
5
9
6
11
4
7
4
7
8
6
4
3
5
4
3
2
9
4
5
7
7
6
7
7
7
6
3
6
9
4
9
5
5
8
10
7
8
6
6
7
8
11
8
5
9
5
6
9
7
4
8
11
2
8
6
8
8
5
7
5
8
6
8
8
9
10
4
9
8
7
6
8
6
8
3
7
6
5
10
8
3
10
10
7
7
7
4
8
7
5
7
9
2
5
4
9
8
11
8
6
12
6
11
7
4
9
9
10
7
7
4
6
9
8
5
9
6
8
10
6
3
11
6
7
3
9
6
1
7
10
3
7
4
8
8
5
3
5
9
4
6
6
8
7
5
7
7
8
11
8
4
7
7
7
11
9
5
3
7
6
7
6
7
14
9
14
4
8
7
5
7
1
5
6
8
6
7
4
9
7
3
8
6
8
2
10
8
5
4
6
6
7
5
7
12
6
7
8
2
5
7
6
5
6
6
2
7
6
10
3
5
7
10
6
7
2
6
5
5
3
9
8
6
7
5
2
8
7
6
6
7
4
7
7
7
11
11
8
8
9
6
5
5
7
4
5
5
6
9
5
5
10
8
4
5
10
5
9
6
8
8
11
10
3
7
6
8
7
5
4
8
7
6
9
8
9
4
4
8
3
5
11
5
7
5
7
6
3
7
8
5
2
11
8
8
9
6
8
4
6
8
6
9
7
10
8
4
5
5
6
7
5
9
4
5
1
2
7
5
7
6
8
12
3
8
10
5
3
6
10
5
6
10
10
2
8
9
5
8
2
8
7
5
5
7
4
6
1
9
9
4
7
6
4
10
10
5
11
11
4
3
8
6
8
5
7
6
5
8
4
8
5
7
4
9
4
9
5
8
2
8
9
5
5
2
5
6
5
5
8
7
10
9
4
5
8
9
8
3
9
8
4
5
5
11
3
8
6
6
7
8
7
5
2
2
5
8
6
6
11
7
7
6
9
10
9
6
6
6
8
6
9
9
5
7
5
8
7
6
10
7
7
6
4
6
7
4
3
7
6
6
9
7
6
10
2
6
4
7
7
7
6
7
7
5
4
5
5
5
7
4
2
6
5
7
7
4
8
5
8
1
5
6
2
1
7
5
8
8
6
7
5
7
9
3
1
3
9
7
4
5
6
9
3
7
4
6
3
6
7
3
7
5
3
6
6
8
10
15
9
4
12
5
6
5
4
11
10
6
5
6
8
6
3
7
6
4
1
9
8
8
7
7
6
10
4
6
3
4
2
6
8
6
5
3
10
7
7
5
4
5
4
9
6
4
8
7
9
5
4
5
6
12
1
11
3
4
10
4
9
6
3
8
5
8
3
5
4
3
8
3
5
7
6
2
6
11
8
9
4
4
9
4
5
11
8
5
6
8
7
11
9
3
7
5
6
6
14
4
9
8
8
7
5
3
8
7
7
8
5
7
1
5
6
11
8
7
6
9
5
7
4
4
10
7
6
5
11
5
6
2
4
5
7
5
6
4
6
6
7
6
5
9
6
5
6
7
9
7
11
9
6
6
7
4
6
8
4
4
2
7
9
1
12
4
4
7
8
6
5
7
9
3
8
2
3
4
5
7
5
5
8
5
9
1
8
9
7
5
8
3
4
7
8
6
7
6
7
7
7
7
9
7
6
8
11
6
1
3
5
9
7
8
10
8
9
4
8
8
5
10
9
9
6
7
4
7
12
6
4
6
5
3
4
5
8
5
9
11
4
1
2
3
8
6
4
6
4
6
8
8
5
4
4
6
4
5
5
4
10
9
6
11
5
3
12
6
3
5
8
10
7
1
3
4
7
6
2
5
8
8
4
7
8
6
8
7
4
8
5
8
6
6
6
4
6
3
6
5
6
6
7
6
8
3
7
8
4
4
9
7
5
6
4
3
4
5
5
5
8
4
2
7
8
5
8
8
6
8
4
8
7
7
3
5
8
10
5
6
7
2
4
6
4
2
5
6
11
4
5
9
6
5
6
6
8
4
10
7
5
8
6
8
3
6
5
8
7
7
7
5
4
8
9
5
2
7
11
5
3
8
4
7
7
5
6
6
7
7
10
5
7
6
5
2
5
9
7
5
8
4
7
4
6
4
2
9
6
11
7
6
10
6
9
2
9
4
4
4
10
5
7
7
8
7
4
6
6
10
3
3
7
4
7
8
6
10
5
9
5
3
7
8
10
7
8
8
6
8
4
4
5
6
7
8
6
5
5
4
7
5
3
4
7
5
2
8
4
4
6
4
6
5
4
6
4
5
7
3
10
6
7
9
4
6
5
6
6
5
3
7
1
6
6
6
8
5
9
6
5
8
3
9
8
4
8
2
8
9
11
5
6
5
3
10
8
6
7
1
6
7
6
6
4
6
4
7
4
8
3
6
6
6
9
1
12
6
10
6
10
10
11
8
8
9
6
6
14
3
8
11
8
5
2
3
5
6
6
4
5
8
10
6
8
5
5
11
5
4
4
7
9
2
7
7
6
8
2
8
3
7
4
4
4
8
7
3
8
8
7
5
5
5
5
8
8
3
8
8
5
2
6
3
3
9
7
9
6
4
6
8
6
4
9
9
5
5
5
6
8
8
7
6
5
5
4
5
6
6
11
2
2
11
8
6
6
14
9
7
6
7
4
8
4
8
4
5
5
10
5
4
5
6
7
5
6
5
6
6
3
9
4
4
4
8
3
7
3
6
8
5
6
6
7
10
7
9
11
5
8
5
5
8
7
4
7
9
5
12
4
7
6
5
5
6
6
5
8
3
10
5
6
9
6
6
6
5
7
6
7
7
2
7
8
7
10
5
6
5
11
5
5
6
5
8
10
6
6
10
6
5
2
9
11
3
6
3
8
5
3
4
6
6
3
7
7
8
8
6
4
9
10
10
5
6
3
7
8
5
9
7
9
12
7
3
9
5
8
4
5
12
8
8
10
4
3
4
7
11
4
5
7
5
4
10
2
4
8
3
5
4
7
5
8
7
5
6
5
7
9
3
9
10
5
9
8
10
12
2
9
4
10
7
5
11
9
6
4
6
9
6
5
7
2
1
8
2
7
7
4
8
7
6
7
4
6
6
5
9
5
5
11
3
8
2
7
7
11
5
8
6
9
6
4
8
4
3
5
7
5
6
10
3
1
6
3
4
5
3
7
6
7
5
3
6
7
5
7
3
8
6
9
6
10
7
4
7
7
5
4
5
7
6
5
10
5
6
7
5
6
5
6
6
6
7
4
4
10
5
8
4
1
6
5
4
10
7
7
10
5
2
8
5
6
6
2
6
4
9
5
9
5
4
2
3
3
3
8
3
2
10
4
2
3
6
11
0
6
5
5
3
4
6
5
5
3
10
6
6
7
6
4
7
4
11
6
6
6
1
5
2
5
8
7
6
1
8
4
4
4
4
4
2
3
6
4
3
8
6
12
4
8
7
4
4
8
7
0
4
8
11
5
8
7
4
6
9
8
4
1
2
7
1
7
5
2
5
6
4
4
11
11
2
4
2
4
7
4
9
4
6
3
8
11
4
7
7
6
7
9
1
5
5
6
4
3
5
3
6
9
4
4
8
5
6
11
5
5
3
4
4
4
8
4
7
3
6
10
6
8
0
3
3
2
8
2
5
4
10
5
9
3
2
6
5
6
7
6
4
2
10
3
3
2
7
4
2
5
5
6
7
6
4
6
6
5
3
6
4
7
5
6
5
2
9
3
6
8
2
8
5
10
6
5
5
4
6
3
7
2
5
6
9
4
5
3
3
2
3
3
8
5
6
5
7
9
4
5
7
3
7
4
5
3
6
3
6
6
4
4
2
3
10
5
4
8
3
2
5
4
7
5
8
4
4
4
7
8
3
3
4
6
3
4
5
6
6
4
8
4
4
7
4
6
3
4
7
3
8
8
6
3
7
16
3
6
3
4
6
8
3
2
5
5
5
4
4
9
5
8
1
2
3
4
3
3
2
5
6
6
8
8
3
7
2
4
1
4
0
4
4
6
11
4
7
6
9
10
6
0
9
6
3
4
9
5
5
5
8
7
5
6
5
6
4
4
6
3
3
10
3
8
5
6
5
4
7
7
6
8
10
9
6
7
8
8
9
2
6
5
3
0
5
6
3
8
8
7
5
10
7
5
3
7
8
6
3
3
2
6
4
3
5
4
5
6
6
5
3
4
5
4
4
4
8
6
5
2
9
8
6
8
6
4
5
3
5
4
5
3
3
4
6
7
2
6
5
3
7
8
8
5
4
2
7
6
6
2
5
5
4
5
3
7
8
9
5
3
8
8
4
0
3
10
3
4
6
5
4
8
6
6
4
5
3
3
7
3
6
4
6
5
7
5
8
1
6
3
3
8
6
3
8
0
5
4
4
3
6
9
3
3
4
7
3
0
4
4
4
6
4
5
5
4
5
6
4
3
6
8
7
6
7
8
6
7
5
6
7
4
3
6
3
6
9
2
10
7
3
2
4
7
8
4
8
5
1
2
9
8
8
4
6
4
1
3
12
5
6
5
6
11
4
3
4
4
3
7
5
4
2
2
6
6
5
2
4
5
2
12
6
7
5
7
4
4
7
9
4
5
5
5
7
4
6
7
2
5
2
7
5
1
4
3
4
7
5
3
5
10
5
9
4
4
4
7
4
5
2
4
6
7
4
7
5
4
6
2
5
10
3
7
7
4
5
5
7
5
8
7
6
3
5
4
6
2
3
6
3
6
5
3
7
3
4
2
4
9
6
3
2
2
7
7
2
4
7
3
6
3
4
5
6
6
4
3
7
4
3
7
7
5
10
5
6
4
3
12
4
3
2
5
2
4
6
0
5
4
5
7
2
9
4
3
2
4
5
4
4
5
4
5
6
3
7
3
5
6
1
5
1
3
4
8
5
4
2
5
11
5
3
3
5
8
5
6
5
3
7
6
3
1
5
5
4
9
5
4
4
7
7
6
7
6
5
6
6
3
6
1
6
7
5
6
4
6
2
7
3
6
11
4
6
1
6
3
6
3
4
3
10
4
5
11
6
9
7
4
6
4
3
5
5
3
1
3
3
1
10
4
3
5
7
6
8
6
1
3
1
3
5
6
4
5
2
5
9
3
12
3
7
8
3
3
4
7
7
5
4
5
3
3
4
6
2
6
8
5
2
6
1
3
7
5
9
0
6
4
5
1
1
5
10
7
5
6
6
3
3
2
4
4
2
5
2
8
3
3
2
4
5
5
3
0
3
5
3
4
7
2
5
3
7
3
4
9
5
4
5
3
6
6
6
2
5
5
5
9
6
4
3
6
7
1
4
3
5
5
7
4
3
6
4
3
2
4
4
0
5
2
2
5
4
5
1
2
4
9
10
3
1
5
4
2
6
3
3
4
3
2
5
3
2
3
4
2
6
6
4
2
4
5
4
7
1
6
3
2
1
4
3
8
3
2
5
6
4
2
3
2
4
5
7
3
7
3
8
5
4
3
3
6
3
9
6
6
3
4
3
5
9
6
3
4
4
4
5
4
5
6
5
4
4
3
5
7
4
1
5
2
5
5
3
7
0
7
2
8
5
5
5
6
8
9
7
5
2
9
4
6
5
7
10
6
7
13
5
9
10
10
15
22
17
21
28
27
39
27
35
36
29
46
29
28
18
15
17
16
10
17
12
6
3
5
5
5
2
6
6
2
6
2
5
5
4
3
2
3
5
7
2
3
2
7
5
2
4
5
4
3
2
3
1
4
7
3
7
4
2
2
4
2
4
4
3
3
2
3
1
3
4
3
9
4
2
1
4
7
4
1
2
1
4
3
4
4
2
1
7
4
3
3
3
7
5
2
8
3
3
4
1
3
2
4
3
4
3
6
2
1
7
2
2
6
3
4
3
4
2
2
5
3
2
0
5
2
0
5
1
4
4
2
2
3
4
1
4
3
3
3
5
5
3
2
2
6
3
2
5
2
3
2
2
2
5
4
10
1
6
1
2
4
3
1
2
5
5
4
5
5
1
4
6
4
3
2
4
3
2
3
4
7
0
4
5
3
0
3
6
1
7
3
4
3
6
3
3
3
2
3
4
2
2
3
5
5
5
6
7
6
3
3
3
7
6
4
4
4
6
7
3
5
6
6
3
10
4
6
8
2
8
6
12
6
8
4
4
4
3
6
3
4
3
3
2
2
7
0
1
1
0
3
0
1
2
3
4
0
4
1
4
1
1
3
3
3
0
3
1
1
0
0
0
1
3
1
1
0
0
1
2
1
3
1
1
0
2
1
1
0
3
2
0
4
1
2
1
5
1
2
1
0
1
1
0
1
4
0
0
0
2
1
1
0
3
1
0
2
4
3
1
4
1
0
0
1
3
1
3
1
1
1
0
2
2
2
1
1
2
0
1
3
4
0
1
0
4
4
3
2
2
0
1
2
1
2
2
0
1
1
2
2
2
2
1
0
2
4
2
2
1
1
0
2
0
1
3
1
2
2
1
1
2
3
0
0
2
1
1
4
1
3
2
1
0
1
1
1
2
3
3
0
0
0
1
1
1
3
3
0
1
2
0
0
0
0
1
1
1
3
1
5
1
1
3
2
2
0
1
1
0
2
3
1
1
3
1
0
1
1
0
2
1
1
2
1
0
0
0
3
2
1
2
3
1
1
1
2
0
3
2
1
0
0
2
2
2
1
1
1
1
0
1
1
1
0
3
0
0
4
2
2
1
2
1
4
0
3
2
2
1
0
1
2
2
1
1
0
2
0
0
1
2
1
1
0
0
2
2
2
0
0
1
0
0
2
1
0
0
2
0
2
1
2
2
1
1
1
1
2
0
1
0
2
0
1
2
2
1
1
0
1
7
5
0
2
1
2
0
0
0
3
2
1
0
1
2
4
2
0
1
2
2
1
1
1
0
2
1
0
0
1
1
0
0
2
1
1
2
1
1
2
3
0
0
1
0
0
3
1
3
0
2
1
2
3
1
2
1
1
1
1
1
1
1
1
1
0
0
0
2
0
1
0
2
1
0
0
3
1
1
4
2
0
0
3
1
1
0
1
1
2
0
1
1
6
1
0
2
1
4
0
1
2
4
3
4
1
1
0
1
4
1
0
3
2
1
1
1
2
0
0
3
2
1
2
2
2
2
2
5
3
3
1
1
0
0
2
2
0
0
1
1
1
3
0
2
0
3
2
0
0
2
2
0
0
2
1
3
1
1
3
1
3
1
1
3
3
1
2
3
1
1
3
3
5
3
2
0
2
0
0
1
0
1
1
5
1
3
3
1
2
0
2
1
4
3
4
2
2
4
1
6
4
1
2
2
2
6
0
1
2
3
1
3
2
3
4
4
5
5
1
3
1
4
1
6
3
1
2
1
1
5
5
5
2
8
3
4
5
4
3
0
1
9
4
7
8
5
4
6
7
5
6
5
4
4
9
9
6
5
11
5
7
5
5
10
10
12
11
12
19
27
35
22
28
65
57
67
64
68
60
63
60
62
45
41
32
24
33
19
20
14
8
10
6
5
8
4
5
5
6
7
1
3
2
3
0
1
1
1
0
2
1
1
2
0
3
0
5
1
1
1
2
1
2
1
2
3
1
3
0
2
1
1
1
1
1
0
1
0
0
3
1
4
0
1
2
1
2
1
1
1
1
2
0
1
3
3
2
2
2
6
1
0
3
1
3
2
1
0
2
2
0
0
0
1
0
1
1
2
1
2
3
0
2
3
2
1
1
2
2
1
0
0
2
0
2
2
3
2
2
3
1
2
1
4
2
1
1
1
2
2
0
1
1
3
3
0
1
1
1
0
0
3
0
0
3
2
3
4
2
2
3
1
1
0
2
1
2
4
1
2
1
0
1
0
2
0
1
3
0
0
0
4
2
5
1
3
3
2
2
4
2
3
1
2
2
1
1
1
1
1
3
0
4
3
1
2
8
3
2
7
3
2
4
0
3
5
3
2
2
5
1
5
1
3
6
4
5
6
4
4
8
4
4
4
1
5
4
1
6
1
0
3
0
2
3
1
0
2
0
1
1
1
0
1
2
1
0
1
0
0
0
0
0
1
1
0
0
1
1
2
0
0
0
1
0
0
1
0
0
0
0
0
0
1
1
0
1
0
0
0
0
0
0
1
0
0
4
0
0
0
1
0
0
0
1
2
0
0
0
1
0
1
1
0
0
0
0
1
0
0
1
1
0
0
0
0
0
0
0
0
0
0
0
0
0
0
1
0
2
0
1
0
1
2
0
1
1
1
0
0
0
0
0
0
0
0
0
1
0
0
0
0
0
0
0
0
0
0
1
0
0
0
0
0
0
0
1
0
1
1
1
1
0
1
0
0
0
0
1
0
0
2
0
0
2
1
0
1
0
0
0
1
1
1
0
0
0
0
0
1
1
0
1
1
0
0
0
0
0
0
0
0
0
0
1
1
1
2
0
0
0
1
1
0
0
0
0
0
0
0
0
1
0
0
0
0
0
0
1
0
0
0
0
0
1
1
0
0
0
0
0
0
0
0
1
1
0
0
1
0
1
0
1
0
0
2
0
0
1
0
0
0
0
0
0
0
0
0
0
1
0
0
1
0
2
0
0
1
0
1
0
0
0
1
0
1
0
0
0
0
0
0
0
1
0
0
0
0
0
0
2
0
0
0
0
0
0
0
1
0
1
0
0
0
0
1
2
0
0
0
0
0
0
0
0
0
0
1
1
0
0
0
2
0
0
0
0
0
0
1
0
0
0
0
0
0
0
0
1
0
0
0
0
0
0
0
0
0
0
0
1
3
0
0
0
0
0
0
0
0
0
0
0
0
0
0
1
2
0
0
1
0
0
0
0
1
0
0
0
0
0
0
0
0
0
0
0
1
0
0
2
0
0
0
0
0
1
0
1
0
0
0
0
0
1
1
0
1
0
0
0
0
0
0
0
0
1
1
0
0
1
0
0
0
1
2
0
1
0
0
1
0
0
0
1
0
0
0
0
0
0
0
0
0
1
0
2
0
1
0
2
1
0
0
0
1
0
1
0
0
1
0
0
0
0
0
0
0
0
0
0
0
0
2
0
0
1
0
0
0
1
0
0
0
0
1
1
0
0
0
1
0
1
0
1
0
0
0
0
0
0
2
0
0
0
0
0
0
0
0
1
0
0
0
0
0
0
1
0
0
1
0
0
0
1
0
0
0
0
0
1
0
0
1
0
0
0
0
0
2
0
1
1
0
1
0
0
0
0
1
0
0
0
0
0
0
0
0
0
0
0
0
1
1
1
0
0
0
0
0
0
0
2
0
0
1
0
0
0
0
0
0
0
0
0
0
1
0
0
1
0
1
1
0
0
0
1
0
0
0
1
0
0
0
0
0
0
0
0
0
0
1
2
0
0
0
0
0
0
0
0
0
0
0
0
0
0
0
1
0
0
0
1
0
0
0
0
1
0
0
1
1
0
0
0
0
0
0
0
0
1
0
0
0
0
0
0
0
0
0
0
0
0
0
1
0
0
0
0
1
0
0
0
0
0
1
0
0
0
0
0
0
0
0
0
0
0
0
0
0
0
0
0
1
0
0
0
0
0
1
0
0
0
0
1
2
1
0
0
0
0
0
0
0
0
0
0
1
0
0
1
0
0
0
1
0
0
2
0
1
0
1
0
0
0
0
0
0
0
0
0
1
0
1
0
0
0
0
0
0
0
0
0
0
0
1
0
0
0
0
0
0
0
0
0
0
0
0
0
0
0
0
1
0
0
0
0
0
0
0
0
0
1
0
0
0
0
0
0
0
1
0
0
0
0
1
0
0
1
0
0
0
0
0
0
1
0
1
0
0
0
0
0
0
0
0
2
1
0
1
0
0
1
1
0
0
1
0
0
0
0
0
1
0
0
0
0
0
0
2
0
0
0
0
0
0
0
0
2
0
0
0
1
0
0
0
0
1
0
0
0
1
0
0
0
0
0
1
0
1
0
0
0
0
0
0
0
0
0
0
0
0
0
0
0
0
0
0
0
0
0
0
0
0
0
0
1
0
0
0
0
0
0
0
1
0
0
1
0
0
1
0
0
0
0
0
1
0
0
1
0
0
0
0
0
0
0
0
0
0
0
0
0
2
0
0
0
0
0
0
0
1
0
1
1
1
1
0
0
0
1
0
0
0
0
0
0
0
0
0
0
0
0
0
0
0
0
0
0
0
0
0
2
1
0
0
0
0
0
1
0
1
0
0
1
0
0
0
0
0
0
0
0
0
1
0
0
0
0
0
0
0
0
0
0
0
0
0
0
0
1
0
0
0
0
0
0
0
0
0
1
0
0
0
1
0
0
0
0
0
0
0
0
0
1
0
0
0
0
2
0
0
0
0
0
0
0
0
0
0
0
0
0
0
0
0
0
1
0
0
0
0
0
1
0
2
0
0
0
0
1
0
0
0
0
2
0
0
0
1
0
1
0
0
0
0
0
0
0
0
0
0
0
0
0
0
0
0
0
0
0
0
1
0
0
0
1
0
0
1
0
0
2
0
1
5
9
17
13
12
15
17
22
18
17
14
22
19
20
22
36
24
41
47
50
52
44
56
62
47
75
74
76
102
101
118
116
149
129
144
142
127
184
154
225
170
196
200
196
240
249
263
254
267
282
309
321
346
356
359
317
417
425
426
477
418
456
492
472
518
568
605
546
627
625
586
642
662
656
672
726
784
801
793
816
890
900
926
950
966
977
1015
1114
1092
1146
1221
1278
1283
1392
1387
1410
1616
1590
1702
1737
1925
2026
2229
2575
3421
5712
10508
19250
31461
46015
55323
57619
51643
42368
32772
25867
21184
17861
15533
13751
11973
10145
9015
8078
7487
6849
6501
6120
