0
0
0
0
0
0
0
0
0
0
0
0
0
0
0
0
0
0
0
0
0
0
0
0
0
0
0
0
0
0
0
0
0
0
0
0
0
0
0
0
0
0
0
1
3
0
1
2
0
3
2
3
2
0
6
4
1
5
11
6
5
6
5
4
5
6
2
6
6
3
5
5
11
4
9
12
6
8
4
11
11
13
16
16
18
17
29
33
44
52
55
68
93
121
128
147
205
277
345
393
496
661
756
996
1328
1550
2006
2363
2183
1849
1735
1456
1041
441
149
87
90
110
143
126
160
213
231
256
316
328
375
404
456
526
586
584
640
661
684
729
664
683
664
549
454
386
323
240
206
193
176
210
251
359
320
383
421
521
516
590
611
562
560
532
520
410
374
332
264
254
279
264
370
350
427
477
517
485
572
485
478
476
407
386
378
334
327
312
322
377
399
443
472
497
525
460
459
443
420
350
334
320
330
348
390
399
437
454
469
475
469
430
402
417
340
357
361
327
391
403
392
443
434
457
437
454
418
391
404
374
359
433
343
356
389
406
420
381
428
420
412
429
402
384
391
403
384
363
354
376
382
424
399
443
414
436
436
396
415
449
429
410
416
377
383
387
369
391
389
418
388
396
411
410
377
443
427
435
406
403
427
393
406
423
400
406
452
424
448
408
406
439
461
427
401
458
467
478
503
489
521
448
474
428
418
453
443
399
415
425
436
408
415
379
445
401
404
410
420
415
415
422
429
383
400
412
430
401
397
415
432
417
407
397
457
416
411
394
417
412
431
425
423
403
421
436
416
446
452
453
441
467
438
430
417
422
404
420
454
430
459
426
473
457
452
420
434
423
435
421
413
431
424
441
431
414
449
450
376
457
383
405
450
426
429
454
447
429
455
427
476
408
431
429
471
444
423
452
434
432
411
508
405
463
429
449
412
429
390
453
481
467
429
423
462
438
442
405
443
427
412
435
426
441
446
453
405
444
397
469
427
431
463
456
435
450
388
404
467
456
430
475
441
426
448
448
480
431
485
476
429
414
423
428
420
422
433
465
436
451
459
447
446
435
462
456
444
458
430
444
412
447
467
417
462
479
466
413
438
422
469
437
460
426
424
473
463
460
451
467
427
440
392
485
434
464
443
472
436
454
434
473
467
416
509
453
443
469
438
447
491
441
431
454
412
436
468
451
460
468
415
464
444
474
440
466
454
410
447
458
455
451
489
445
474
430
472
457
439
459
433
445
460
466
446
510
477
457
496
480
482
461
473
439
464
474
426
443
428
469
463
450
485
434
459
475
466
472
451
483
446
477
460
445
475
437
473
469
460
457
482
447
479
471
441
523
474
485
454
471
455
475
489
472
481
454
421
477
483
466
519
496
452
432
473
459
493
477
505
451
507
448
458
468
480
473
436
439
456
456
435
456
457
459
473
482
486
478
492
478
478
470
441
467
465
486
448
476
457
457
414
472
449
475
477
476
473
460
480
516
488
507
472
436
481
453
455
449
475
472
451
464
439
433
494
461
443
440
474
440
464
472
461
416
449
473
453
410
476
479
441
442
473
442
505
437
481
442
460
489
450
450
455
433
471
432
445
463
485
439
441
463
483
465
452
442
413
434
461
446
464
424
455
409
418
430
473
437
437
443
439
430
412
474
408
445
460
432
449
431
458
447
431
448
461
440
414
495
442
441
459
464
434
413
437
447
430
453
428
449
466
415
444
445
434
446
424
453
409
433
436
451
456
426
424
415
421
451
462
432
400
405
459
449
408
412
426
423
433
410
451
408
432
404
439
441
434
404
447
435
441
443
428
429
440
437
381
447
427
450
490
426
458
409
485
396
437
453
423
403
463
430
440
427
424
417
404
383
417
444
427
417
429
389
391
385
426
432
441
419
415
394
408
418
476
393
395
390
441
464
389
409
377
400
435
422
393
438
420
434
408
431
397
372
414
436
439
432
369
449
445
470
425
409
435
433
417
400
401
398
395
460
414
408
411
425
433
410
442
393
405
400
436
388
409
386
427
437
412
414
401
379
383
455
384
393
421
410
371
414
409
415
424
383
413
381
413
431
395
359
374
402
371
402
396
412
415
420
421
404
397
390
420
391
397
389
388
414
409
382
440
399
397
422
433
419
351
425
394
382
410
411
394
395
397
452
372
416
389
357
427
366
370
411
379
393
355
452
361
386
402
407
367
384
425
385
380
422
449
373
403
391
417
399
410
424
444
391
411
422
444
425
406
430
389
408
372
420
424
427
398
422
396
429
414
442
431
419
411
413
421
409
406
419
430
417
429
436
415
387
433
407
459
401
459
408
415
425
445
450
446
437
458
421
436
404
466
398
421
439
435
416
419
416
427
445
459
404
405
437
441
411
420
397
362
404
402
399
385
388
404
399
406
401
399
418
426
408
413
405
399
376
415
394
389
372
389
392
366
377
388
380
344
405
402
395
373
416
399
415
407
418
360
375
401
424
404
384
404
396
385
391
392
383
365
355
358
398
425
388
381
413
383
380
396
399
369
412
355
363
388
395
378
386
396
398
394
337
351
341
377
404
372
379
367
364
371
383
391
360
385
412
380
389
369
390
443
438
385
400
419
374
373
408
363
403
419
382
393
386
383
358
411
363
372
392
364
359
390
387
377
353
375
391
379
373
381
363
364
332
395
348
386
393
348
388
354
376
388
356
384
379
394
375
351
388
374
358
362
396
346
359
344
385
357
367
350
367
357
327
346
356
378
363
363
354
333
393
378
367
361
379
361
358
330
387
362
343
387
381
375
348
375
376
404
338
342
383
372
360
327
365
366
367
357
387
357
371
427
354
360
365
372
350
353
371
328
356
333
376
363
343
320
342
388
350
307
310
340
340
347
347
349
339
396
324
338
347
353
365
336
363
350
361
334
353
337
347
345
355
366
367
351
340
337
369
312
358
367
355
349
335
343
334
346
369
364
327
361
367
329
347
368
350
367
349
356
331
355
368
374
369
362
341
366
338
349
349
320
352
359
359
368
349
349
313
364
336
369
348
328
349
335
372
364
330
301
358
348
339
360
329
315
293
361
336
338
340
337
322
300
355
347
344
351
322
332
325
326
358
337
332
341
353
326
291
333
327
317
307
326
313
305
353
329
332
328
324
325
331
346
339
337
350
305
359
305
348
361
332
333
332
324
300
334
344
328
326
312
332
335
303
319
290
330
315
348
331
338
316
331
308
347
296
325
331
338
310
318
342
324
321
307
357
337
318
325
345
323
309
333
310
330
340
309
313
287
324
297
358
333
299
307
307
282
316
298
344
317
322
314
289
328
335
319
317
351
316
308
322
303
306
306
318
312
296
326
306
347
322
320
318
309
309
322
315
314
314
302
290
329
326
315
319
336
351
322
303
317
277
319
305
307
288
325
332
343
273
307
323
336
354
325
385
357
315
386
355
360
311
328
327
304
291
315
308
308
297
296
328
301
287
318
273
303
280
298
288
314
292
291
303
318
284
292
278
293
300
308
290
313
292
301
279
320
283
279
296
331
300
324
291
288
315
348
306
330
337
276
316
297
288
280
294
299
299
318
292
297
307
291
294
273
270
329
303
295
327
282
297
309
295
292
280
293
307
267
301
290
311
310
310
302
283
282
278
301
288
297
312
305
289
288
288
272
286
308
305
274
304
291
303
295
299
305
310
293
286
294
291
309
302
305
291
271
267
297
308
292
279
307
294
294
257
299
294
320
302
299
305
276
272
279
279
301
291
304
288
320
288
283
281
297
268
321
303
312
308
253
291
313
254
293
305
267
307
278
278
296
289
273
312
264
266
316
265
284
268
309
254
278
268
304
267
284
290
281
276
317
288
241
298
275
285
282
293
291
281
304
289
272
264
302
266
298
312
269
300
284
283
322
280
308
300
299
269
303
305
252
277
265
270
268
288
335
281
278
282
276
266
278
292
286
249
241
271
292
273
288
260
275
286
267
244
270
290
261
272
265
297
275
276
265
259
273
291
275
262
287
286
243
264
259
221
282
292
277
273
283
254
303
284
312
271
302
287
267
262
262
241
270
297
255
255
243
250
284
285
257
252
253
280
280
285
248
263
275
276
293
268
265
270
237
261
276
259
269
291
275
240
300
268
261
254
275
270
264
247
278
254
270
287
264
270
280
301
231
296
294
260
242
283
270
248
275
266
257
255
229
270
248
248
281
239
280
277
247
234
280
306
250
230
287
262
275
238
254
267
253
249
262
258
287
277
266
250
244
239
284
264
266
286
263
262
275
290
269
272
239
249
250
267
249
251
256
249
260
313
264
280
250
304
246
260
237
239
283
241
266
261
254
273
281
232
234
262
241
252
260
267
279
266
249
241
258
238
258
277
245
258
242
247
222
262
258
236
251
269
261
245
241
250
264
269
235
273
250
277
269
224
267
258
258
213
279
265
267
212
265
253
246
264
222
246
248
258
242
244
245
274
243
248
257
283
221
245
228
243
270
244
255
241
264
253
273
282
257
235
223
272
234
257
248
272
234
237
248
264
254
230
224
232
243
253
255
215
252
221
246
225
240
264
225
270
255
252
262
235
263
239
250
254
255
246
238
257
258
216
259
240
241
250
262
249
252
237
259
230
245
229
218
261
222
244
245
267
226
236
258
240
279
265
225
254
252
267
244
243
222
233
207
247
248
255
239
274
236
241
246
251
266
246
267
266
216
249
247
246
238
276
214
226
237
231
230
238
230
267
246
243
247
263
223
217
264
234
256
249
218
265
241
213
211
227
249
218
230
231
230
218
249
228
259
245
235
226
220
218
213
248
254
243
249
223
228
252
242
245
231
224
229
229
245
253
238
232
253
239
224
241
265
254
244
245
230
235
265
224
251
210
252
216
242
257
251
234
259
238
204
243
225
258
227
240
204
263
208
248
231
230
248
247
243
243
228
206
222
239
232
241
216
209
248
220
255
218
214
225
240
240
240
227
210
250
219
230
222
245
234
219
228
248
253
255
234
238
206
228
232
196
227
218
227
267
250
235
253
247
227
235
229
236
237
269
198
232
248
235
254
236
232
242
250
237
233
228
244
242
244
244
244
225
234
252
220
241
241
240
217
246
251
215
228
242
238
220
252
264
222
214
232
210
222
244
208
250
226
232
209
225
218
260
235
232
216
205
225
230
216
219
226
235
225
232
242
234
236
241
232
247
226
224
213
253
195
212
217
239
232
223
226
234
262
221
228
227
231
229
192
230
210
212
229
207
232
228
231
211
230
242
245
207
214
254
226
235
211
189
225
266
217
211
224
238
196
207
238
234
230
219
202
234
223
229
230
205
239
230
197
227
245
244
247
196
228
209
243
216
218
217
204
210
229
230
249
249
223
210
217
204
233
209
211
232
256
220
216
207
198
224
228
228
212
221
220
213
237
215
208
239
206
221
200
200
208
242
217
226
195
210
217
226
239
211
218
235
201
235
222
225
211
211
210
214
230
201
220
217
246
200
196
225
231
225
189
213
226
219
224
233
199
214
203
209
213
210
199
219
213
207
204
208
219
228
220
215
235
217
228
231
229
218
207
238
235
213
221
233
233
220
230
220
231
224
234
229
203
265
197
223
220
203
215
234
203
217
244
218
210
222
240
219
205
225
256
212
233
220
213
225
213
199
221
202
211
225
217
230
223
230
225
208
203
185
236
217
228
231
215
227
198
223
242
207
218
215
201
249
198
219
223
231
196
201
218
219
206
215
225
232
253
247
254
260
229
267
251
260
252
260
249
221
219
235
224
239
240
224
219
216
195
200
228
228
195
220
228
197
214
217
220
198
226
224
225
212
185
226
222
205
218
211
218
210
207
215
191
226
207
210
220
209
211
214
213
190
214
215
184
209
260
193
197
221
209
227
197
221
208
220
229
207
184
210
176
229
204
208
226
225
210
189
191
215
174
228
211
196
201
196
216
199
216
222
251
222
214
209
193
204
199
174
219
183
245
217
189
202
209
209
196
203
211
196
236
196
229
210
196
174
218
206
224
220
194
185
208
227
211
216
202
231
219
214
207
213
208
219
212
215
212
216
196
203
205
209
197
216
188
225
202
196
204
216
196
237
204
201
214
218
247
200
207
225
207
195
189
202
216
201
175
221
199
196
216
223
221
191
220
188
222
217
228
186
212
190
226
200
181
190
220
202
209
208
229
208
226
185
223
214
222
209
208
197
200
209
190
211
237
215
208
210
207
209
208
227
215
230
215
224
193
243
223
183
192
208
186
224
217
196
218
198
200
199
202
226
224
213
233
213
213
179
189
205
214
193
218
206
206
180
193
211
187
182
190
199
195
205
189
181
180
203
192
204
202
207
190
209
196
189
205
216
219
212
205
233
228
226
207
203
196
181
205
190
197
188
211
212
196
217
206
207
197
203
214
214
217
207
212
234
204
204
210
192
198
212
188
197
189
203
212
190
208
204
213
208
218
183
221
233
163
204
193
188
191
213
224
212
212
220
192
211
187
176
233
184
216
205
201
182
215
199
209
198
217
198
189
215
207
198
206
227
196
204
211
208
180
189
206
219
195
177
198
190
191
188
191
185
186
198
191
232
237
213
213
221
232
250
201
224
193
191
202
198
195
224
193
205
199
223
182
194
198
181
212
205
194
201
206
186
194
219
205
191
187
209
193
183
199
173
199
202
199
197
206
219
187
196
196
192
193
206
210
208
209
207
230
194
200
181
237
207
203
172
208
187
198
183
219
207
230
208
185
203
182
217
169
194
180
186
221
203
196
192
214
188
216
210
195
187
193
213
183
179
216
186
205
212
208
184
187
197
231
232
225
211
213
211
206
207
180
223
182
203
192
182
209
196
195
189
201
183
224
209
189
204
210
171
190
198
233
206
210
225
194
205
248
241
209
236
236
196
210
222
171
226
208
202
203
194
224
196
202
218
227
226
190
220
197
195
200
188
182
207
186
187
192
219
207
201
209
193
224
181
205
182
193
188
182
219
205
196
199
217
192
190
199
190
184
169
205
202
207
212
220
183
220
232
200
207
172
205
187
183
194
202
204
243
199
224
189
195
196
228
197
195
198
197
190
206
203
201
211
217
211
191
208
183
206
211
206
207
198
203
198
187
207
190
204
206
184
199
237
199
210
196
201
173
197
189
191
185
224
204
187
199
215
167
179
198
184
215
214
200
187
208
197
193
198
194
198
205
191
212
177
181
234
189
214
209
198
198
212
195
208
196
197
190
206
212
187
211
205
228
205
184
195
193
186
186
207
182
190
202
200
166
207
179
198
195
205
194
182
202
192
204
176
178
200
196
193
205
209
201
186
187
198
167
174
207
223
176
185
206
208
196
188
201
206
209
184
223
202
200
205
186
210
220
205
204
184
200
215
192
208
191
180
181
167
234
191
206
212
218
186
193
184
210
195
220
189
183
215
201
200
192
204
205
198
202
189
225
216
201
211
174
184
171
212
187
221
181
189
190
198
226
207
214
210
193
198
206
214
174
199
212
207
219
193
185
198
222
206
178
205
208
181
165
186
190
192
184
225
175
206
212
196
184
214
209
211
188
166
202
182
197
196
212
207
225
170
183
178
203
202
203
194
211
206
184
191
182
200
193
195
201
195
185
195
211
198
169
184
212
203
175
199
161
190
214
187
194
211
196
208
210
195
219
195
220
195
211
210
206
192
199
206
215
198
196
242
226
215
192
234
202
200
198
202
187
190
192
173
216
199
194
183
193
195
196
204
203
186
173
192
226
191
199
221
197
181
205
194
181
207
183
193
208
195
179
198
214
207
202
193
186
200
198
190
222
206
207
191
195
177
201
204
190
199
201
187
193
206
193
197
199
205
185
188
225
192
172
209
197
203
186
208
195
184
191
177
198
210
194
188
205
166
213
181
223
194
213
179
211
202
206
205
210
212
187
205
213
183
195
190
199
210
175
202
212
208
186
192
216
184
208
190
214
192
198
187
203
194
196
211
202
215
173
220
205
199
199
195
192
208
185
192
186
185
190
195
191
186
171
186
170
183
192
183
214
185
206
162
182
194
196
199
209
181
213
191
192
210
200
214
214
189
188
188
197
201
194
194
219
191
195
190
200
211
203
179
198
196
180
188
194
208
189
178
175
220
201
223
200
199
183
193
180
214
207
193
193
182
204
179
189
188
207
205
178
187
180
206
190
224
192
216
185
211
218
210
195
214
197
182
179
200
202
205
189
200
202
214
211
207
202
188
203
188
205
207
228
216
171
192
194
202
209
213
216
214
195
179
174
219
225
210
200
186
201
215
196
208
198
220
184
188
179
216
215
205
212
179
195
197
220
202
202
183
188
185
219
201
216
186
182
188
211
192
196
199
195
198
200
194
197
209
194
193
195
211
207
216
210
191
204
199
215
181
215
191
207
183
205
238
201
200
188
227
206
196
206
201
197
219
210
213
176
242
192
200
176
201
221
220
216
216
212
208
210
185
216
200
227
204
194
220
226
207
219
206
191
182
220
211
200
223
198
191
206
195
220
228
196
179
184
204
177
191
202
204
185
198
228
219
207
194
210
228
215
206
204
200
204
187
188
204
210
201
176
194
227
221
233
233
188
216
207
209
215
201
222
198
202
213
208
200
205
202
188
202
204
187
197
210
212
212
185
220
196
173
224
204
231
205
178
204
212
219
173
202
204
199
228
217
180
188
201
204
208
223
230
194
222
217
186
210
192
208
200
189
236
218
206
196
219
203
217
206
206
218
204
198
194
210
189
183
192
210
221
217
230
226
215
208
228
191
209
219
239
203
215
185
200
188
212
208
210
211
219
189
198
222
209
202
204
211
195
196
234
197
209
226
202
227
198
210
203
191
228
210
227
205
199
182
220
205
202
221
224
223
225
214
218
176
231
198
226
221
194
212
210
206
216
211
231
248
229
225
216
195
242
216
200
221
228
217
215
225
197
224
205
201
194
213
188
222
201
172
216
195
228
211
215
224
205
199
211
195
231
225
201
236
200
221
217
212
230
201
194
182
206
206
207
211
212
209
212
222
214
229
194
231
207
210
226
203
207
232
205
215
220
198
213
212
246
204
238
209
200
204
207
172
223
200
196
221
199
232
201
223
221
221
217
182
207
229
229
223
204
223
232
200
221
199
219
211
211
200
206
204
236
206
222
249
240
225
211
208
222
209
192
236
223
244
233
211
184
198
218
219
203
217
202
203
210
204
196
233
211
207
213
244
234
204
222
232
182
212
230
225
236
201
205
207
212
204
199
208
223
192
233
183
233
215
223
227
219
210
213
220
194
207
225
224
219
235
217
220
216
222
227
223
230
213
222
216
232
217
205
242
233
248
199
237
224
235
234
241
240
244
239
281
261
225
240
226
241
237
233
217
245
236
239
231
234
233
225
202
215
250
204
232
242
243
245
230
215
209
227
229
214
240
209
210
242
220
187
223
230
213
216
243
233
220
234
230
218
238
223
225
195
216
214
214
243
212
215
249
234
239
215
232
229
221
205
238
221
193
252
236
227
246
230
218
231
252
215
227
222
226
206
228
255
219
225
220
246
201
225
239
224
206
237
267
242
211
247
237
224
204
243
220
229
218
216
246
230
235
230
236
255
243
227
205
233
236
220
227
242
225
241
215
220
224
231
248
229
262
251
230
255
235
220
273
233
221
220
238
258
226
217
235
247
222
210
209
247
242
252
238
236
226
235
219
234
215
215
221
225
241
228
224
236
244
203
207
220
265
215
224
248
240
247
238
243
232
236
222
250
255
224
238
232
242
245
235
230
231
233
237
256
243
238
240
259
252
250
230
227
242
230
211
235
255
241
215
229
227
235
238
231
243
238
253
229
222
251
242
261
230
226
248
216
231
255
219
235
250
237
254
213
241
243
244
261
235
250
240
228
223
256
255
228
220
229
252
255
250
254
200
237
207
237
220
240
258
237
227
244
239
252
248
280
271
241
256
208
257
205
245
239
221
244
229
238
240
241
253
254
250
241
231
257
236
253
241
239
241
249
228
275
259
260
210
284
247
260
248
265
231
240
242
244
226
263
253
243
270
254
261
247
240
233
282
274
263
271
233
239
259
257
269
262
249
246
262
265
255
254
257
233
255
285
245
249
233
277
238
284
265
252
259
264
279
273
260
251
250
272
253
247
297
279
281
256
261
261
258
242
243
249
236
260
247
262
252
264
278
246
277
271
248
223
238
229
251
287
266
237
271
253
263
279
239
240
262
292
256
239
306
286
280
248
282
248
269
275
260
281
261
245
247
277
245
270
267
252
245
285
261
264
288
254
268
262
278
260
250
268
250
270
282
296
259
264
295
269
251
267
262
275
283
271
260
249
269
253
278
281
286
254
294
277
243
278
255
267
285
268
297
273
255
261
279
280
297
298
292
270
298
270
304
283
295
260
293
274
274
288
280
274
272
282
278
255
282
276
279
281
280
284
281
254
283
251
253
289
271
257
276
293
294
322
265
293
270
288
273
278
295
277
289
298
308
300
299
269
294
283
303
285
253
252
260
283
304
269
295
318
279
276
268
288
238
299
276
285
299
290
295
255
282
275
292
291
296
290
319
298
279
286
292
267
297
310
283
303
285
279
264
297
304
292
261
295
280
291
270
305
302
291
283
285
291
290
300
312
311
281
283
282
345
297
283
282
274
293
298
318
259
307
266
275
296
302
264
285
284
282
271
263
303
281
298
318
305
265
328
275
298
252
314
330
348
318
318
303
280
338
321
311
301
304
308
314
329
296
274
259
322
283
281
297
271
285
323
288
305
278
305
320
307
284
327
265
306
344
297
305
290
304
295
303
296
267
299
288
292
303
285
315
305
312
324
302
291
279
308
282
286
312
296
296
307
303
299
310
307
288
285
275
331
304
314
311
327
292
304
292
294
288
300
307
291
262
293
288
296
324
289
288
283
319
319
297
285
294
290
273
274
264
282
260
281
311
276
302
298
303
289
316
288
261
263
296
273
301
272
264
271
300
271
267
277
281
251
274
276
237
277
268
232
211
256
252
256
251
250
270
246
261
257
234
245
236
236
245
273
244
249
248
260
245
255
239
243
239
226
223
234
238
241
242
262
240
225
249
207
222
243
256
228
247
225
224
225
240
250
258
238
237
213
219
224
248
207
216
229
231
255
198
232
209
209
220
228
233
219
245
228
260
225
214
232
244
216
220
215
223
216
244
217
247
211
229
241
223
230
216
248
232
215
224
215
216
221
197
179
233
234
226
229
248
203
222
235
235
209
195
225
213
208
235
212
227
221
233
238
240
211
224
194
235
252
211
226
210
224
229
203
221
231
232
198
242
200
213
226
234
230
205
213
227
234
221
222
214
217
208
217
198
209
206
211
200
212
232
195
246
209
225
197
247
231
205
254
199
200
206
220
208
173
233
205
240
217
192
213
223
209
222
224
198
219
198
193
205
216
223
209
224
214
249
214
246
210
213
232
208
222
219
204
188
197
233
222
205
196
210
213
209
242
221
205
211
190
194
215
229
208
219
213
201
225
224
208
200
196
210
243
204
205
216
201
204
227
238
215
237
219
189
207
179
221
216
202
201
207
229
221
218
206
227
213
206
188
202
199
188
209
192
228
190
197
239
210
207
209
218
243
216
213
198
217
217
199
190
207
215
207
219
230
202
194
211
201
212
212
198
210
226
213
209
209
220
199
204
201
230
208
225
200
223
197
189
212
230
194
191
199
189
209
210
199
175
220
197
193
204
197
215
194
213
221
192
207
224
205
185
213
194
211
196
191
215
185
230
202
193
183
188
194
191
220
205
230
219
200
192
205
212
234
209
168
238
204
195
208
197
217
183
194
222
186
204
213
227
202
205
189
233
218
190
198
175
217
198
210
199
229
213
207
203
186
198
185
214
194
207
174
213
209
225
228
203
194
218
199
208
174
177
199
198
196
186
191
195
200
198
198
189
191
187
193
189
178
195
206
222
214
202
205
191
186
203
189
224
212
191
187
225
205
196
207
215
188
195
207
221
206
193
198
187
189
216
196
203
184
212
202
205
193
199
196
204
217
178
200
195
222
215
174
185
209
209
191
205
210
184
187
194
195
181
208
202
207
178
192
206
204
212
189
194
206
167
237
197
167
210
188
208
195
215
192
207
200
174
213
180
212
188
194
197
192
206
196
188
191
175
208
193
187
191
207
197
173
200
185
182
213
182
198
166
179
216
203
201
199
223
180
212
160
173
209
212
203
192
194
186
207
181
187
175
184
204
199
168
194
178
207
187
188
201
173
195
203
190
204
196
221
224
202
205
173
186
168
172
180
181
178
187
175
168
172
188
198
184
210
188
186
183
190
199
204
198
222
188
238
191
179
210
194
191
183
213
191
195
197
191
205
207
190
200
196
181
187
186
198
216
204
202
186
185
206
186
196
193
188
199
156
188
181
187
193
218
190
188
197
194
187
194
182
176
184
186
205
215
200
200
209
197
197
213
189
191
207
221
198
187
190
208
202
197
191
211
195
188
190
189
188
218
213
205
203
218
185
188
183
197
180
199
179
197
183
188
189
200
198
213
203
208
205
191
195
196
213
212
203
162
200
211
194
183
203
184
195
204
186
203
193
195
186
199
219
188
206
204
203
235
210
182
203
195
212
195
210
183
196
182
229
184
191
208
208
190
185
199
205
177
182
176
204
204
211
183
183
213
189
201
165
198
177
181
184
189
180
182
189
182
200
195
210
184
194
164
191
170
163
192
209
181
179
180
172
173
157
195
198
155
195
178
170
193
183
179
200
187
187
178
157
142
179
156
168
141
143
149
140
175
141
162
183
163
133
151
154
165
166
158
127
157
138
150
142
147
123
151
151
141
130
144
120
128
146
131
138
130
146
129
150
123
162
140
139
131
143
132
140
110
117
128
124
127
132
137
137
139
137
116
131
126
138
137
122
121
145
138
125
126
111
107
150
132
136
140
136
133
130
109
123
110
111
141
130
125
124
114
116
126
123
129
118
126
121
108
104
113
111
127
120
134
133
110
118
102
112
112
108
121
136
121
119
121
121
106
118
128
118
108
105
110
108
116
115
125
88
131
121
113
117
122
108
109
110
110
100
109
94
119
131
99
116
115
102
130
112
114
112
125
111
112
122
107
98
126
123
109
114
110
105
121
113
112
99
131
95
111
116
131
123
120
101
113
101
105
105
129
123
119
116
100
119
120
119
114
116
127
119
145
116
127
116
121
118
120
134
125
139
129
151
123
140
168
141
148
122
137
123
153
137
146
141
165
143
142
150
137
161
169
136
152
172
167
166
170
171
163
164
168
174
166
170
165
172
197
162
177
162
161
176
187
178
187
195
195
196
217
188
215
222
190
234
225
220
234
210
225
276
253
275
247
274
278
273
272
300
275
318
363
467
580
836
1252
1806
2589
3719
4906
6255
7388
8271
8596
8432
7864
6839
5808
4761
3793
2856
2216
1759
1383
1102
908
744
629
449
378
303
246
195
197
151
134
130
139
133
101
118
106
84
78
90
86
79
77
100
81
85
78
70
85
71
71
76
87
81
81
88
79
80
77
67
67
58
76
60
81
69
73
73
70
70
79
74
82
67
68
70
65
63
74
54
69
73
75
63
61
76
61
71
70
64
75
60
63
54
71
80
63
61
84
74
84
64
79
70
68
69
70
65
57
68
79
67
65
64
66
67
75
65
68
57
55
66
55
46
51
56
54
48
56
54
71
50
61
54
57
43
70
69
72
73
46
59
52
48
53
60
54
70
46
68
66
48
56
48
50
56
74
51
46
59
57
66
60
49
65
52
64
60
49
56
47
63
55
56
41
52
55
66
45
60
55
66
53
54
51
59
50
62
60
69
47
47
52
61
54
68
66
53
49
54
45
48
37
52
43
52
55
54
48
65
50
48
55
43
49
50
61
46
57
47
39
48
36
52
48
41
30
49
42
53
49
39
48
43
51
38
43
41
45
44
47
48
45
44
40
48
44
55
43
40
45
36
47
42
35
37
36
43
45
43
50
38
42
38
35
40
39
46
34
36
47
48
39
45
42
43
33
30
31
47
40
39
38
42
42
35
35
43
35
50
38
40
40
43
45
32
37
30
31
41
36
44
34
43
38
37
42
37
45
37
36
39
30
35
38
47
49
37
46
38
39
28
46
39
31
33
34
38
29
48
32
27
41
33
35
39
43
36
40
51
30
19
38
35
40
28
38
24
24
32
38
30
30
41
33
29
35
30
27
36
36
30
22
37
34
31
29
35
43
29
27
28
27
21
20
29
28
40
31
29
25
28
27
30
21
36
35
26
32
31
27
22
31
16
29
25
21
34
25
34
27
30
29
36
30
39
36
30
33
25
31
29
35
28
24
24
35
26
26
26
21
26
36
27
34
25
24
22
27
28
17
35
33
28
22
26
26
26
27
24
22
29
29
29
27
20
26
21
32
19
23
27
28
23
37
30
27
23
24
23
27
25
21
24
34
23
30
24
23
24
26
31
32
24
21
24
30
22
26
24
29
34
32
26
32
25
10
17
23
21
21
28
22
22
28
26
28
19
36
35
21
25
28
34
24
37
23
18
23
25
29
24
30
27
30
27
23
26
22
27
44
31
27
37
38
35
32
22
26
27
26
20
23
24
24
27
35
28
17
19
27
24
26
11
24
28
23
28
20
33
26
32
18
26
18
23
22
18
26
21
26
26
21
27
12
19
27
28
29
26
33
21
28
17
26
23
24
28
26
28
25
24
32
22
18
28
30
25
29
21
26
17
34
30
17
21
27
20
27
25
22
10
26
20
30
16
20
22
23
27
22
27
27
18
21
27
25
23
21
30
22
20
28
26
25
19
15
21
25
19
16
25
18
26
21
17
15
30
18
15
17
15
15
25
20
20
28
28
30
19
19
21
25
23
23
13
17
22
20
21
25
29
22
22
21
18
29
18
20
19
21
23
20
25
33
28
26
16
27
17
19
30
24
29
23
18
17
21
25
36
18
20
24
27
31
27
15
24
30
21
21
40
16
32
22
30
25
29
22
35
15
27
24
25
24
34
26
26
28
37
32
25
33
33
34
38
44
28
39
36
46
39
46
41
45
44
44
51
45
50
55
40
48
52
44
48
57
72
69
64
61
74
64
63
56
73
67
68
81
70
71
71
83
87
85
70
63
77
79
81
82
84
83
82
84
91
100
110
95
82
91
102
88
98
114
125
126
112
115
120
137
155
154
124
166
140
176
164
160
187
179
193
209
217
226
244
278
380
551
831
1200
1828
2663
3537
4590
5555
6582
7060
7547
7219
6811
5979
5049
4088
3355
2624
2019
1602
1201
920
714
628
465
338
310
219
182
123
93
81
65
62
42
45
35
33
31
29
17
11
13
21
15
7
10
7
11
9
15
11
11
13
7
8
9
9
3
13
16
8
10
14
8
14
7
6
4
7
5
4
5
5
4
11
7
8
11
8
3
7
7
7
6
4
5
4
8
7
13
6
5
13
4
7
5
2
6
11
5
8
6
5
8
7
6
10
8
5
6
10
4
10
9
15
5
7
4
4
7
2
12
9
3
10
6
7
7
7
7
8
4
7
7
5
7
7
6
6
8
9
9
8
8
5
13
5
7
6
5
8
9
8
7
5
9
12
8
7
7
8
7
8
10
4
8
10
9
6
10
10
11
5
6
10
6
6
1
10
14
7
5
10
15
6
4
8
7
6
8
5
0
8
5
2
5
6
9
10
9
3
7
6
1
4
11
4
7
6
5
5
14
2
7
8
5
12
12
11
6
5
7
11
4
4
6
5
5
6
6
10
7
3
8
9
6
9
6
5
5
11
5
9
7
9
6
9
10
6
7
5
13
9
5
7
8
9
4
4
4
7
2
7
2
8
8
4
5
6
8
10
9
8
9
5
2
4
6
4
4
2
5
6
6
5
10
2
9
7
4
7
11
7
9
9
8
10
6
12
7
6
7
8
6
10
7
5
12
8
2
8
9
6
9
10
5
5
2
9
4
8
7
8
8
7
5
5
9
13
5
10
5
8
6
4
3
6
2
11
5
4
3
7
2
9
4
6
3
2
6
4
7
11
3
10
6
6
4
2
5
4
6
7
8
6
6
7
5
5
6
4
2
6
6
8
12
13
6
10
6
14
11
6
9
5
9
6
4
6
9
6
2
13
3
7
13
7
7
4
8
6
11
5
10
6
4
5
5
4
3
4
8
6
9
9
4
4
7
3
4
10
7
3
6
8
7
2
5
7
10
6
6
7
7
5
9
6
2
8
6
6
7
7
2
8
5
10
7
7
9
6
3
10
2
1
1
2
6
9
2
5
4
8
4
9
3
9
4
9
8
10
4
9
6
4
8
6
7
4
7
3
7
4
3
7
6
6
2
5
1
2
7
7
3
4
4
10
8
4
7
7
4
6
8
8
5
11
5
5
7
5
8
2
5
4
2
7
6
3
5
3
2
4
5
1
7
5
11
7
4
6
4
4
8
5
6
3
8
8
3
3
3
4
4
9
2
5
5
4
6
7
9
7
5
5
6
4
5
6
5
3
9
5
1
6
8
4
8
8
7
3
3
5
6
7
5
4
9
7
5
5
8
0
7
9
1
10
7
7
5
6
6
7
9
1
7
7
6
11
8
6
5
6
6
5
4
12
8
3
4
6
3
7
3
6
10
5
4
7
4
7
6
3
5
7
5
8
7
4
7
9
2
7
4
10
5
5
7
5
5
14
3
4
2
5
10
5
9
9
11
10
13
14
21
21
16
39
51
49
44
50
56
35
41
46
31
17
22
13
19
14
12
11
6
6
8
5
4
5
4
5
5
1
8
5
6
5
1
6
1
2
6
4
2
5
4
12
5
6
4
5
3
1
5
2
5
8
6
9
5
8
8
3
3
2
4
5
7
1
5
2
7
5
3
4
7
11
4
6
7
4
3
7
3
3
5
4
5
3
4
4
5
7
6
4
4
5
8
7
4
8
7
5
5
7
7
6
6
10
8
5
3
8
9
3
8
7
8
4
3
5
3
7
4
5
3
8
4
6
8
4
5
4
8
1
9
7
2
5
3
7
5
3
6
8
5
7
8
9
2
6
6
4
5
5
7
7
4
4
9
8
5
4
5
3
3
5
4
6
7
4
5
4
6
5
6
4
4
5
1
3
3
5
4
4
3
6
6
8
1
3
4
6
9
4
6
7
1
6
0
4
4
3
4
4
6
6
4
4
2
3
8
3
5
6
5
4
6
3
7
6
6
5
5
2
2
1
5
1
2
2
3
4
4
2
3
5
8
4
4
5
6
7
3
4
4
1
7
4
5
4
5
5
8
9
6
6
7
6
5
3
2
8
6
2
3
4
8
6
7
11
3
6
6
7
5
9
6
2
5
5
6
6
2
5
2
3
8
4
7
3
2
8
4
4
6
8
3
5
4
5
8
5
4
3
4
2
3
2
1
3
6
3
7
5
4
5
4
3
6
1
1
5
3
4
11
5
4
6
1
4
4
4
8
4
3
4
3
5
7
6
4
7
8
4
6
3
4
3
4
8
6
2
7
5
3
4
5
3
7
4
7
5
8
4
7
5
4
5
3
3
2
3
5
6
2
2
5
7
8
3
6
4
4
4
4
5
3
3
6
2
3
4
5
1
3
3
6
4
5
3
7
8
6
8
6
5
4
5
6
3
5
5
4
4
2
9
3
7
2
3
2
7
1
1
5
3
1
8
2
3
2
4
2
2
8
2
4
7
3
5
2
2
3
9
3
5
7
2
3
6
8
3
6
1
2
0
6
7
1
1
5
5
2
6
3
2
4
3
3
6
2
4
11
10
7
1
7
2
4
3
2
2
5
6
2
1
5
6
5
3
5
7
1
5
2
2
2
8
3
5
5
5
7
3
5
7
6
6
4
4
4
1
6
1
6
3
5
1
7
3
3
3
3
3
3
7
2
5
8
3
3
3
3
4
2
1
7
2
4
4
4
2
4
5
2
7
4
4
3
4
3
3
1
4
3
6
3
4
3
5
4
6
3
1
5
3
6
5
3
5
7
6
3
7
1
3
4
4
4
3
3
4
6
8
3
3
1
3
3
2
2
1
3
7
1
4
2
6
6
5
3
5
3
5
4
2
5
5
5
0
2
6
6
5
3
8
2
4
2
2
3
2
4
3
7
1
0
2
6
4
2
3
2
4
6
2
2
5
6
5
5
3
3
2
8
4
4
3
7
3
4
6
4
5
4
5
3
2
4
4
6
5
3
3
10
3
3
6
3
2
8
6
4
4
6
9
2
6
6
2
6
5
5
2
0
2
0
3
2
2
6
2
3
4
3
5
7
4
4
3
6
3
4
2
6
5
3
4
4
4
2
3
5
4
3
79
73
75
76
66
80
80
88
66
84
65
76
73
59
61
71
72
63
65
68
75
59
68
83
77
72
69
70
83
88
58
65
84
65
69
65
68
76
80
75
83
50
72
77
87
72
82
50
70
51
79
66
73
70
70
55
74
67
64
68
71
67
67
63
77
62
59
68
71
73
67
62
82
54
78
81
72
58
61
81
52
62
64
68
74
53
69
54
66
88
81
72
66
79
62
76
64
66
78
77
93
61
65
49
65
62
71
73
59
78
59
72
67
63
65
69
72
69
68
55
72
83
74
64
63
61
81
30
