4936
4003
3388
2854
2438
2022
1770
1499
1316
1072
1008
883
786
767
695
622
563
549
503
450
510
420
416
436
445
389
339
364
377
363
344
349
322
347
325
314
342
333
341
315
302
297
336
288
310
286
306
301
316
293
272
280
284
287
266
315
266
301
266
284
274
245
275
248
244
272
264
253
247
234
235
247
220
224
243
262
216
239
259
215
228
264
254
258
229
237
244
227
262
233
220
201
206
273
233
228
216
197
225
241
194
210
205
213
225
214
215
202
192
226
215
207
207
217
235
188
214
193
192
182
176
191
209
170
190
170
205
180
186
197
197
204
198
213
195
190
198
197
192
180
191
173
185
175
187
198
173
186
160
202
158
162
182
171
183
167
181
155
193
168
159
177
181
177
165
175
173
145
145
167
147
157
149
166
148
161
150
168
148
155
163
156
173
168
163
134
156
159
148
148
139
151
171
142
163
139
164
172
140
153
143
175
161
162
166
147
137
161
145
159
135
166
137
133
141
138
127
160
143
173
129
130
138
132
138
130
142
145
138
122
144
126
117
137
121
124
130
121
118
127
113
118
121
144
133
115
111
129
111
110
115
119
127
130
113
119
114
117
117
133
127
144
150
132
122
108
121
105
109
119
130
115
119
137
116
147
119
130
107
130
123
121
124
119
123
138
117
129
138
140
139
105
111
113
126
116
111
147
123
110
127
108
106
110
107
131
113
103
120
102
112
113
125
124
130
119
96
111
118
132
116
132
91
100
113
116
91
117
111
99
113
104
110
127
127
90
111
108
114
126
99
92
107
114
96
109
97
95
106
122
107
98
120
100
109
114
98
96
106
104
97
105
126
103
102
126
124
137
105
103
88
94
124
109
100
99
110
116
90
116
82
93
109
100
109
88
103
102
97
102
112
116
95
108
100
125
96
82
83
90
106
101
111
95
117
107
97
101
83
104
93
87
86
110
96
112
101
100
112
104
87
94
103
88
87
93
101
103
88
107
99
84
86
95
97
93
98
80
92
114
98
95
87
98
98
97
99
97
100
97
82
101
76
78
81
100
83
91
95
90
95
87
86
79
84
85
83
82
81
93
103
87
111
90
78
90
80
97
86
76
82
95
85
88
91
105
90
86
93
102
76
87
96
92
96
87
84
84
73
90
77
95
87
77
89
91
93
90
81
81
72
75
93
67
94
97
83
93
92
67
85
86
83
70
93
94
71
91
86
93
63
83
86
75
85
90
81
99
86
83
74
89
74
86
85
80
71
97
84
75
77
79
75
94
76
83
105
83
78
81
99
92
70
88
93
90
82
84
65
70
81
75
80
73
69
83
82
85
84
80
82
58
76
83
90
70
73
88
81
85
79
89
70
71
81
75
89
73
73
63
82
98
80
72
64
67
68
61
76
66
74
78
85
82
75
71
66
85
70
73
76
85
71
87
65
63
70
82
77
75
73
75
73
75
75
81
69
76
72
71
54
74
83
75
91
68
70
86
72
72
66
64
79
70
85
82
60
71
85
79
65
63
79
68
78
78
80
66
59
95
75
68
62
70
77
65
63
70
77
74
80
69
71
80
74
59
72
81
79
61
84
73
70
68
66
79
85
83
80
83
64
75
78
72
69
60
68
80
61
66
70
67
78
75
73
78
70
58
72
66
46
57
83
79
69
65
63
78
64
80
73
69
69
74
59
65
57
59
59
78
63
69
59
59
69
66
61
75
62
68
72
74
76
65
58
76
72
57
63
59
74
73
84
63
84
74
54
84
59
86
55
55
58
63
74
62
71
68
78
76
67
69
59
61
72
60
60
61
58
61
60
55
73
64
58
71
52
55
79
75
64
68
68
75
65
60
62
57
68
80
70
68
49
61
61
73
66
62
71
60
58
66
61
54
63
71
83
67
57
46
69
67
58
62
48
64
82
64
71
69
65
61
77
54
54
64
59
74
66
55
47
75
72
60
65
60
72
67
62
65
83
67
70
51
51
60
57
70
62
45
72
62
62
54
65
47
62
67
62
59
65
55
72
71
60
47
65
63
62
61
70
62
68
59
58
66
45
58
63
56
67
61
62
56
56
48
57
64
73
51
61
44
80
57
71
57
61
60
52
61
67
69
62
60
64
49
46
72
59
60
59
56
82
58
56
64
59
59
64
53
60
58
64
50
62
60
56
63
52
63
69
49
57
55
55
68
66
43
63
58
51
58
79
55
65
54
61
65
59
60
64
73
52
63
50
72
51
60
64
61
49
72
64
56
44
85
66
51
42
72
58
75
67
42
74
67
70
56
54
64
52
68
61
57
54
59
57
62
53
59
71
58
60
41
58
60
49
57
54
65
51
62
60
50
53
65
47
58
57
59
54
63
67
51
50
60
65
46
53
54
57
61
47
58
47
56
48
61
60
59
66
47
52
55
64
66
47
78
56
56
67
62
54
59
57
59
61
53
66
45
48
51
61
33
59
61
63
54
57
54
61
46
64
58
68
63
55
51
60
50
56
50
56
57
53
60
51
58
51
57
49
49
56
49
65
62
62
64
51
56
45
66
63
54
51
54
45
50
81
59
44
47
58
65
55
59
52
60
58
47
55
54
44
65
45
62
53
61
56
47
48
59
50
67
59
53
41
62
43
60
51
51
46
53
51
52
56
46
59
61
59
65
62
69
51
45
45
59
52
52
49
48
48
45
59
54
47
44
54
48
57
63
48
55
48
53
55
51
59
44
47
47
51
47
55
61
58
63
53
58
52
68
50
53
44
33
47
43
50
61
72
42
53
48
39
52
54
52
52
53
55
59
43
57
47
42
52
52
45
56
50
53
46
48
35
53
63
49
49
39
39
46
50
47
59
43
37
48
46
61
51
47
49
54
47
49
40
52
45
59
44
51
47
43
57
51
49
48
32
53
43
44
50
62
51
58
54
44
46
47
51
51
42
46
50
48
44
46
46
53
56
45
47
49
43
45
51
50
52
58
50
46
47
44
47
49
55
40
45
47
46
40
53
53
53
53
58
53
37
43
51
48
43
57
42
54
48
50
43
40
51
56
56
54
43
49
51
48
49
39
45
49
56
46
46
57
49
38
52
57
33
43
46
48
47
56
43
50
38
59
45
57
56
53
42
37
50
34
53
40
45
48
37
39
53
39
51
50
56
41
40
41
47
43
47
47
46
56
46
31
40
40
39
57
45
36
47
42
43
40
47
51
41
53
54
49
43
35
49
40
39
44
46
41
38
46
31
46
35
54
44
35
41
49
45
45
44
34
47
33
34
40
45
51
41
40
42
45
56
31
43
43
38
40
40
50
55
46
46
36
49
38
27
43
46
43
38
48
46
31
45
54
42
41
49
38
51
35
35
40
36
41
49
45
30
36
47
38
41
36
42
40
38
47
35
33
45
30
41
50
28
50
40
42
26
40
41
39
40
49
31
36
35
45
55
32
35
38
34
49
56
53
44
38
50
47
40
39
47
35
46
46
45
49
39
35
42
34
28
39
37
48
35
40
47
38
45
42
29
37
32
34
39
51
42
51
44
37
42
38
51
38
49
41
38
46
50
40
41
42
49
34
37
40
43
32
53
30
31
36
42
48
44
45
41
47
41
41
44
42
37
36
32
34
37
46
48
32
43
32
43
34
45
33
47
34
39
39
40
34
50
40
41
39
50
34
40
51
39
35
27
43
37
41
48
35
35
44
35
45
39
43
41
45
42
26
49
32
39
45
42
30
39
30
39
33
40
29
38
35
34
31
39
38
45
41
39
39
31
37
25
42
29
40
40
39
35
50
32
43
43
36
32
45
42
34
34
47
35
42
29
36
42
31
39
29
42
32
49
34
35
32
40
34
41
48
33
30
35
43
40
51
39
32
30
42
40
36
39
41
36
35
34
41
39
34
31
41
41
43
39
26
34
46
36
33
29
30
32
35
28
37
48
44
24
29
33
44
39
35
32
43
32
35
33
32
38
45
52
38
42
39
39
34
37
44
32
38
37
29
27
27
28
42
41
31
38
27
29
40
44
26
30
29
46
41
35
33
43
27
46
39
30
37
39
40
36
29
28
27
39
42
40
38
32
41
37
31
40
40
32
35
38
36
43
33
38
38
34
32
43
37
52
25
25
31
33
38
39
31
30
40
50
34
30
32
41
29
35
31
41
42
30
33
36
33
31
33
39
23
31
33
37
25
37
38
36
31
39
35
47
29
33
37
39
40
36
35
19
34
46
39
46
40
32
28
40
36
38
38
20
40
37
42
34
35
36
39
32
28
31
30
25
34
17
38
36
23
45
36
41
34
46
39
37
40
34
43
36
37
30
24
39
28
39
31
26
26
29
40
35
32
34
37
39
32
26
34
44
30
30
41
31
30
28
27
33
30
35
45
31
30
35
33
22
24
29
25
43
34
25
40
35
33
25
25
33
27
48
23
28
34
33
26
35
23
32
33
30
48
35
35
30
40
27
23
24
31
28
28
42
36
36
43
32
29
40
29
34
32
42
22
34
38
42
33
33
44
37
30
31
36
30
34
37
45
46
35
30
38
26
27
40
28
25
30
24
33
33
42
30
29
42
30
30
27
34
37
36
43
39
29
34
42
23
38
29
34
21
22
36
29
32
26
28
26
32
32
32
37
30
38
34
26
30
40
34
33
34
34
22
25
35
32
29
35
31
37
40
26
33
34
23
34
28
40
34
29
35
43
42
27
32
32
34
26
38
22
47
36
38
36
34
32
42
28
32
39
28
35
41
26
31
30
24
45
37
30
34
45
31
33
36
45
39
35
29
29
30
31
34
37
26
25
17
25
28
25
28
37
31
30
25
26
29
33
39
25
29
40
32
32
25
33
26
24
27
28
31
24
22
38
29
36
34
29
39
24
33
32
32
30
26
25
22
35
27
50
27
27
32
43
38
25
35
28
41
33
40
41
27
32
29
25
36
26
33
45
37
33
25
28
32
36
34
24
32
26
35
27
29
28
31
28
37
32
35
37
33
32
42
34
27
22
30
30
33
35
24
30
30
29
34
27
34
29
36
37
36
37
32
28
37
26
36
31
34
34
25
35
30
35
44
20
31
25
26
29
22
34
33
32
25
38
26
34
42
30
16
30
35
39
36
23
26
31
26
29
42
26
35
27
29
28
32
26
31
25
31
24
23
34
23
39
20
24
20
33
24
27
36
29
27
26
26
20
37
31
33
28
27
36
30
17
25
27
34
36
30
22
26
37
34
26
22
33
37
24
33
32
32
27
26
28
31
36
27
27
22
35
33
36
32
33
31
28
29
19
31
31
34
30
27
22
34
26
25
15
30
30
31
15
22
34
30
32
15
36
34
23
36
26
35
30
25
25
31
29
32
20
29
30
35
30
19
32
26
30
29
28
37
26
33
36
25
21
28
31
28
29
30
30
22
29
34
25
21
35
30
30
25
29
30
26
31
32
27
25
27
27
33
21
26
30
19
20
28
30
31
21
28
27
23
16
26
24
26
35
27
23
25
28
38
24
21
24
21
23
30
33
30
29
31
33
30
27
21
29
40
33
32
30
18
24
33
27
24
26
27
29
28
26
25
32
22
30
27
33
34
28
27
29
23
37
29
31
33
25
31
29
34
41
39
28
24
28
31
23
27
34
27
27
26
24
17
27
24
37
19
24
28
30
39
26
27
32
25
26
36
22
22
28
31
21
32
28
27
29
19
29
22
29
34
31
33
30
25
29
24
34
25
20
19
27
29
25
30
24
27
24
38
18
19
20
34
26
27
31
22
27
25
26
28
30
26
30
24
31
32
38
25
23
23
24
31
33
32
26
32
33
24
27
27
22
31
38
24
39
29
26
22
36
13
20
19
26
29
20
22
16
38
28
25
25
29
27
31
22
20
21
25
23
32
30
29
28
33
22
25
36
30
26
22
33
23
14
28
27
29
27
14
31
29
26
31
26
20
32
32
20
30
25
25
29
22
32
21
32
24
20
24
31
30
25
34
22
19
21
25
34
32
23
21
31
20
35
27
23
13
16
24
28
24
35
22
29
29
24
13
27
23
19
27
28
27
27
27
27
23
19
34
29
23
20
32
26
22
30
25
28
27
21
22
26
32
19
27
36
21
21
32
24
30
26
22
25
31
25
22
27
22
36
26
26
29
30
21
21
33
25
29
34
22
33
24
26
28
19
32
28
32
25
26
28
23
28
20
27
25
20
25
35
26
23
24
17
24
21
20
27
28
28
26
23
29
20
27
32
24
29
25
23
30
25
20
16
33
22
28
20
19
24
19
24
28
24
24
25
24
32
24
23
33
20
21
20
29
29
27
20
28
21
29
20
30
18
27
28
22
27
25
21
26
25
24
25
21
21
36
27
26
22
22
26
23
24
24
17
22
19
26
34
24
21
22
30
31
20
24
26
24
24
22
30
32
22
30
23
21
22
22
33
20
32
20
22
27
21
23
19
25
29
18
15
30
26
14
29
29
41
32
18
22
18
23
28
30
21
24
23
16
23
20
20
19
26
28
23
25
19
20
29
24
24
27
24
23
30
25
24
19
30
19
20
23
28
18
19
30
26
24
24
23
27
34
26
32
16
16
34
21
18
29
26
26
30
29
20
26
25
25
26
15
28
24
20
24
22
30
26
18
21
25
33
22
21
26
26
17
27
24
17
27
20
16
29
29
33
25
30
24
23
18
32
16
21
33
32
28
27
30
33
32
24
25
35
22
34
16
22
24
25
20
24
23
20
16
20
26
29
21
17
22
32
26
18
21
26
25
20
21
38
26
22
28
31
19
16
30
24
22
13
25
18
17
24
27
28
22
26
21
20
26
20
15
24
35
22
21
28
24
24
31
25
24
21
23
24
27
25
27
29
17
19
28
23
27
28
30
26
22
27
31
22
23
17
16
32
33
21
22
19
21
17
25
27
25
20
29
19
21
26
25
19
19
14
15
31
25
21
25
24
20
27
26
26
17
23
21
25
22
21
25
18
25
29
17
19
16
25
23
18
29
23
19
33
26
19
18
28
33
23
21
24
20
20
26
29
16
25
19
28
25
20
18
28
16
22
18
24
27
19
23
36
25
29
24
24
23
18
20
30
23
24
28
32
21
15
24
33
15
26
28
24
27
27
22
29
19
20
15
25
28
31
27
25
20
28
28
23
25
20
17
24
22
32
26
27
24
30
26
25
12
20
19
29
21
23
28
18
26
21
27
21
20
27
27
16
28
18
25
17
25
17
19
25
15
26
19
20
23
20
25
26
28
24
18
27
29
29
20
17
24
31
28
27
18
26
22
24
24
31
26
33
20
30
36
28
32
27
22
19
26
17
24
20
20
15
25
25
25
22
24
18
23
30
23
22
26
27
21
15
22
19
24
17
28
24
29
26
19
21
25
23
24
21
28
16
15
31
22
25
28
17
22
19
37
19
25
24
21
23
33
25
22
26
19
23
22
27
24
18
30
23
16
27
18
19
19
11
31
22
13
15
24
24
22
18
21
23
23
14
27
31
27
21
19
23
23
22
22
24
25
22
17
27
20
19
24
17
24
28
26
24
26
21
20
15
24
20
29
24
32
23
20
28
25
18
25
20
28
29
21
18
18
34
26
22
28
22
33
24
18
28
14
17
14
31
26
22
27
28
27
30
33
20
24
25
17
12
24
24
27
21
19
20
17
17
21
17
19
21
20
16
26
26
28
27
19
16
22
25
21
23
25
19
24
30
20
15
20
28
22
24
16
18
16
18
25
27
16
27
25
23
24
19
21
30
25
26
24
28
19
19
23
23
24
11
26
26
19
16
14
22
17
21
34
23
26
16
19
28
21
20
28
8
28
18
28
18
32
18
24
23
22
21
27
22
27
28
15
20
20
23
20
19
22
24
19
26
25
22
20
15
25
25
17
17
15
35
21
24
21
22
22
16
27
30
19
17
29
20
25
19
28
27
20
19
26
15
21
22
24
25
17
24
22
25
24
20
18
20
18
21
27
13
23
19
23
30
25
19
26
36
19
25
19
25
11
19
26
18
31
24
22
20
17
20
18
17
23
27
29
21
16
20
21
23
33
25
25
16
22
23
20
19
26
19
21
20
21
22
13
27
30
23
19
17
32
29
27
14
26
29
22
21
27
18
25
19
26
22
25
38
23
22
25
26
30
32
33
30
17
22
23
16
18
30
16
17
24
24
24
22
22
25
22
19
24
22
28
28
30
20
13
12
22
22
23
20
24
18
35
21
18
20
19
13
16
20
19
20
13
19
17
19
23
27
21
29
16
29
28
16
17
19
24
22
24
16
22
24
19
14
21
19
23
22
28
18
21
26
25
21
14
20
17
20
22
13
17
20
14
17
18
29
19
18
18
12
22
26
20
24
21
29
17
20
20
22
19
31
21
20
29
30
21
27
31
25
18
21
24
26
17
21
21
21
21
24
27
17
22
14
22
23
9
26
20
21
22
23
23
24
17
14
21
20
18
33
20
18
28
23
20
19
33
19
20
15
25
15
21
18
10
17
22
14
23
25
22
24
17
31
25
15
12
22
17
33
20
24
19
17
12
20
12
17
26
22
17
25
18
16
19
30
22
19
28
16
12
24
21
20
25
14
20
18
20
25
20
26
21
19
21
17
15
28
19
25
16
20
17
15
20
21
17
15
24
33
12
26
20
15
22
23
17
18
23
14
18
31
23
19
15
25
13
20
21
21
12
17
18
18
17
18
18
21
15
21
20
17
21
24
22
17
21
22
19
21
19
19
29
26
20
17
16
22
17
21
25
24
18
16
18
27
20
16
26
16
32
21
18
16
27
25
9
25
26
17
21
23
18
25
26
22
24
16
21
24
25
18
27
31
31
18
22
22
20
31
29
18
26
15
14
20
25
21
21
20
19
27
18
15
18
19
18
24
18
23
17
16
30
24
20
14
16
20
23
22
18
24
26
20
22
15
23
23
14
20
21
19
18
22
20
22
26
16
19
12
16
15
22
20
23
17
22
27
17
24
19
27
22
16
25
16
22
16
21
23
21
14
17
15
18
18
23
17
23
24
22
11
21
25
22
25
23
19
19
12
17
16
21
20
18
19
22
17
24
14
18
23
24
15
24
23
23
21
16
25
21
15
18
19
23
23
27
27
16
19
16
21
20
26
18
27
23
18
23
16
25
21
19
31
25
24
20
20
26
24
15
18
15
23
19
21
18
18
28
26
26
23
26
26
14
19
15
25
33
26
21
21
22
23
24
25
35
14
22
20
20
21
17
23
27
19
27
16
23
28
14
23
19
28
15
19
22
12
30
17
19
19
22
22
31
19
13
13
16
17
19
26
24
26
21
18
19
22
22
20
18
27
15
26
17
29
21
26
21
16
16
19
22
19
21
24
19
22
31
20
21
16
20
24
16
14
26
24
26
21
17
22
15
32
20
27
16
22
22
20
19
22
21
22
25
27
19
17
21
17
13
10
18
24
16
31
21
23
20
18
19
20
17
21
17
20
20
17
25
23
23
19
27
29
23
18
25
26
24
19
21
21
23
17
32
21
18
27
23
26
18
25
22
18
14
19
20
13
15
19
16
19
18
25
18
17
17
22
23
19
19
17
20
27
26
24
19
15
17
29
17
14
16
16
14
20
21
22
21
22
18
18
19
17
7
21
20
21
19
27
25
22
16
20
29
25
29
23
21
15
24
21
19
22
20
22
20
23
17
22
29
20
30
20
16
22
15
21
23
18
21
29
25
17
16
19
22
20
23
22
15
16
29
17
22
18
17
22
20
24
23
23
18
22
15
20
15
22
18
17
26
26
23
18
27
25
22
27
21
14
14
28
19
24
19
13
23
17
22
28
19
15
21
22
20
18
21
16
29
25
19
21
18
26
17
15
17
22
21
17
20
20
29
22
21
26
21
17
21
17
15
20
28
17
22
13
21
25
26
13
13
23
18
20
17
27
19
20
17
19
25
26
17
14
16
14
23
19
21
18
21
19
20
18
17
27
23
21
24
22
19
21
24
19
26
16
23
22
11
17
14
29
24
14
22
27
14
27
22
24
20
29
24
22
28
20
20
18
20
21
11
18
21
27
16
16
17
20
15
22
26
28
17
22
18
22
13
26
18
22
19
19
26
24
36
28
38
24
13
17
18
17
13
19
13
22
23
15
12
19
27
25
26
23
18
21
18
19
29
18
14
18
14
17
8
18
26
23
23
19
22
15
21
18
27
22
21
19
12
31
21
17
27
12
20
23
10
10
28
21
15
33
27
32
12
16
20
18
24
18
15
15
23
19
13
11
23
26
9
21
29
18
21
21
26
19
16
31
17
17
18
21
18
18
25
18
16
19
19
20
20
18
17
26
24
14
18
17
21
24
20
24
28
20
17
19
18
15
17
22
21
27
20
25
12
21
30
20
22
12
25
22
15
20
20
31
17
17
22
20
19
18
21
25
22
15
24
28
27
29
24
21
18
18
15
19
19
19
21
20
24
21
21
22
22
24
21
21
21
22
22
27
23
25
22
24
28
17
22
27
19
27
13
18
23
19
20
16
14
20
14
23
25
29
24
15
22
20
16
21
22
22
22
26
29
20
24
26
20
25
18
20
19
20
12
17
16
20
25
19
16
14
23
23
21
13
24
11
20
23
18
26
18
26
20
22
22
26
16
18
22
23
24
14
13
20
17
18
22
22
23
20
20
17
20
18
26
24
27
30
27
26
19
23
28
21
23
22
20
20
19
24
17
17
19
20
23
23
25
20
26
24
14
21
16
21
17
23
18
23
29
20
18
26
22
16
25
26
23
17
22
18
19
18
37
13
26
20
22
21
23
25
19
14
26
27
17
27
25
21
23
28
14
18
25
23
23
24
32
25
22
16
15
21
29
20
28
23
19
21
18
17
22
19
30
27
23
23
24
17
27
25
15
18
18
24
25
22
18
28
13
17
19
14
23
21
23
15
28
17
21
18
16
22
20
14
12
23
14
27
21
21
22
34
21
11
17
21
13
17
19
19
16
12
16
25
24
19
18
16
12
18
25
15
23
15
21
26
15
19
18
18
13
28
27
15
22
23
28
24
16
23
20
18
23
20
20
18
19
24
29
16
19
20
18
16
16
23
15
22
14
18
13
21
17
18
23
20
17
18
15
27
29
21
22
22
15
23
25
25
17
15
22
27
14
21
24
24
17
16
11
22
23
19
18
30
17
17
12
25
19
24
23
16
15
15
19
15
26
16
19
14
24
16
21
15
14
14
25
11
22
28
14
14
21
23
25
28
13
12
14
22
19
17
12
15
15
16
22
20
22
28
18
16
24
16
21
20
20
21
21
20
23
16
22
14
26
12
14
19
18
15
22
17
23
27
12
13
23
24
18
22
15
30
14
17
13
15
18
25
19
15
22
24
25
13
15
25
13
16
13
14
11
13
21
15
11
16
19
19
14
25
14
15
14
6
8
12
17
18
20
16
18
21
18
12
31
23
15
15
17
17
23
20
18
21
20
18
26
26
16
15
22
11
16
14
19
18
21
17
18
16
14
25
19
22
21
11
12
18
16
20
22
21
16
14
15
13
21
20
22
12
19
16
23
17
18
17
22
25
23
21
23
25
16
29
16
10
19
21
12
13
19
20
17
19
10
15
18
15
20
19
23
14
19
11
19
18
24
16
26
18
20
13
21
15
14
13
19
10
26
17
14
11
12
14
19
17
11
18
21
24
25
16
12
13
17
13
19
17
15
15
11
18
19
13
17
23
19
11
10
15
12
18
21
26
17
14
14
17
13
13
22
25
16
16
19
19
18
20
21
14
24
24
18
19
19
21
13
17
16
10
12
21
21
18
15
11
23
7
15
21
14
15
17
17
18
16
25
18
28
21
18
23
16
17
18
15
15
20
18
17
18
16
11
24
16
22
15
19
10
23
14
16
18
16
24
14
15
12
20
17
20
10
13
21
24
18
16
27
21
16
15
15
20
20
19
15
14
14
16
18
14
20
18
18
16
15
19
27
17
14
12
15
14
20
15
17
22
22
17
14
15
16
21
14
8
9
12
15
20
19
14
16
8
26
15
21
16
21
17
16
18
10
20
15
12
19
15
12
18
22
17
19
17
16
22
15
19
24
18
18
28
13
19
13
13
16
24
19
13
17
13
22
15
22
18
14
13
16
20
16
17
26
16
19
18
17
13
15
17
14
14
17
19
7
17
15
19
13
19
7
22
17
13
13
14
20
13
21
12
8
21
22
20
17
17
16
18
21
7
17
17
17
14
21
12
11
16
18
12
17
14
8
13
13
13
21
16
12
18
16
20
10
20
19
13
17
14
16
21
19
14
23
18
18
15
15
17
22
15
14
16
15
25
15
11
16
10
22
25
16
22
14
19
18
22
16
19
18
17
9
12
19
16
19
26
15
23
16
20
15
19
18
14
17
21
14
15
12
20
20
17
22
11
15
12
17
23
22
21
19
18
22
21
15
19
21
22
21
17
13
16
19
18
16
18
24
18
11
21
19
20
18
15
18
14
13
11
22
19
25
30
24
16
13
20
20
20
21
7
16
13
19
14
15
15
25
22
17
23
19
14
18
16
22
13
20
16
22
18
17
17
19
12
19
12
13
10
17
19
12
17
20
17
17
21
16
13
23
20
17
17
21
18
15
22
21
13
21
15
11
13
19
8
17
14
14
11
16
15
14
15
22
14
23
15
15
10
18
15
11
16
19
22
18
19
17
20
16
11
16
17
12
13
14
21
24
22
17
20
10
14
13
22
19
12
17
16
14
9
13
22
16
13
18
20
17
15
13
14
21
19
12
19
15
15
11
9
16
18
13
15
19
15
14
15
10
9
14
15
13
15
7
20
18
21
15
11
13
13
19
14
13
16
17
22
11
11
17
16
10
6
13
13
9
16
11
22
19
18
16
13
17
13
13
16
11
15
15
18
13
24
9
16
13
15
16
13
11
9
15
18
15
12
13
19
15
17
15
11
12
12
10
13
19
7
12
12
13
8
11
12
16
19
11
17
15
9
10
14
14
15
21
16
15
9
13
13
15
14
10
15
9
20
15
10
12
17
14
17
19
11
14
14
13
11
16
12
14
10
8
11
11
15
12
13
13
11
18
16
14
17
17
15
13
8
11
13
13
9
19
16
19
9
12
9
13
9
13
11
12
17
10
13
18
10
10
17
8
11
16
11
6
20
11
15
13
13
6
15
12
17
13
11
13
9
19
9
5
14
12
17
12
11
13
11
9
23
11
8
10
15
9
16
8
8
11
15
20
13
19
16
17
9
24
17
18
18
13
20
19
13
9
12
16
6
9
20
18
19
18
15
17
10
14
16
17
11
11
20
13
15
14
15
18
20
22
13
22
15
14
25
19
17
11
15
17
20
19
12
14
16
13
9
26
13
14
24
23
21
21
16
22
25
30
28
22
24
22
20
27
30
26
36
38
41
48
61
58
65
92
102
100
109
111
89
91
102
91
65
86
55
41
42
38
34
28
29
25
18
26
21
16
13
21
10
19
12
13
20
16
15
12
5
10
12
18
15
15
10
12
11
16
14
10
12
12
11
16
6
5
9
10
12
10
14
10
9
11
14
15
8
7
8
13
6
11
11
16
14
11
15
6
13
16
9
8
8
11
10
7
6
9
10
7
8
11
20
10
9
9
14
10
20
8
17
10
12
13
8
8
10
8
8
17
9
15
11
10
6
14
8
13
10
9
11
11
9
9
11
8
23
10
15
12
20
12
10
9
11
13
12
9
15
13
3
17
12
10
13
17
14
9
13
12
14
16
9
13
11
13
5
12
8
8
17
19
8
15
22
8
13
12
7
9
17
13
9
17
16
11
11
11
14
18
9
13
25
14
13
12
17
10
14
9
13
17
20
15
13
13
18
14
21
11
10
8
14
13
13
18
12
12
22
12
13
19
17
10
18
22
14
13
20
21
15
20
14
15
19
26
14
21
12
18
30
28
32
22
29
23
18
14
23
11
15
15
14
8
9
9
9
9
9
6
9
11
10
1
2
4
4
7
6
7
2
6
5
9
4
7
7
6
3
7
2
5
4
7
6
6
3
3
2
6
2
5
4
7
6
8
4
8
7
9
5
4
8
6
6
2
8
4
2
7
6
9
1
6
4
4
5
5
3
6
4
5
7
5
5
7
5
6
4
9
5
2
4
2
4
5
6
4
10
8
4
5
5
3
1
6
9
6
8
5
7
4
6
5
5
14
5
5
2
10
2
6
0
4
3
3
5
2
3
4
5
5
3
4
9
3
7
3
4
6
3
4
5
0
6
4
7
6
3
3
5
5
6
1
5
2
4
5
7
5
3
6
3
6
3
5
1
1
5
8
9
5
4
1
3
2
3
7
4
6
5
2
0
7
11
4
4
2
3
8
7
8
5
5
1
5
8
4
6
6
4
5
7
4
4
4
6
4
4
5
4
2
5
5
3
2
5
2
2
5
6
1
6
5
4
2
3
3
10
3
6
5
3
5
2
3
9
7
4
1
3
6
7
3
4
8
4
5
3
2
5
1
7
4
5
4
3
5
3
5
7
4
5
4
4
5
6
6
4
3
7
6
7
1
5
1
5
5
7
5
2
3
4
2
10
2
4
9
4
6
4
2
4
4
4
4
6
2
6
4
2
5
9
4
4
2
2
5
4
4
5
2
6
7
1
3
6
7
2
6
7
6
2
2
3
2
5
3
4
6
2
4
6
1
3
4
3
9
2
5
4
5
7
4
5
2
5
4
9
11
1
2
1
9
1
2
10
6
3
6
5
5
4
2
9
1
3
5
6
2
4
3
3
5
3
6
4
4
5
3
3
8
2
3
5
3
4
4
5
3
7
3
7
15
3
4
7
4
6
3
3
3
5
3
5
5
3
3
4
8
6
6
5
8
3
4
3
7
3
6
6
4
6
5
6
4
11
5
4
9
9
4
6
5
3
3
5
7
3
3
6
6
0
5
5
2
5
7
2
4
7
4
5
5
5
6
12
9
7
5
8
5
2
6
4
3
5
4
4
6
8
6
0
2
3
7
6
5
5
4
5
9
5
6
9
8
4
1
4
4
6
7
4
8
3
8
5
8
8
7
6
8
5
3
12
8
7
13
6
5
7
7
8
7
5
15
9
8
8
4
4
6
9
12
10
13
7
11
13
11
5
5
9
10
9
9
13
15
12
11
12
8
10
14
10
12
10
12
10
10
9
17
17
13
14
14
13
20
13
13
15
17
13
16
20
13
16
20
15
13
14
12
24
18
15
24
30
27
34
31
39
49
78
92
110
134
141
181
199
233
241
232
254
231
201
185
161
132
120
100
89
66
67
57
33
36
26
33
26
19
11
13
14
6
16
13
6
4
12
10
1
4
5
2
6
2
5
4
1
2
7
4
2
2
4
3
0
7
5
7
5
7
3
1
9
5
4
2
5
4
11
10
6
4
6
1
1
5
3
5
7
2
5
5
3
2
4
2
8
7
3
8
6
4
5
9
2
6
3
10
6
3
1
3
3
6
6
3
2
4
6
6
7
8
5
8
6
3
5
8
2
8
6
6
9
5
8
7
2
6
10
4
3
5
4
4
6
12
2
4
6
4
8
8
3
3
3
10
7
8
3
6
4
3
7
10
1
6
6
14
3
6
9
8
9
6
4
4
5
4
10
5
5
7
7
8
9
7
4
5
7
1
6
5
9
3
4
8
3
7
8
10
8
10
8
6
3
10
6
8
10
8
6
8
13
13
5
8
14
8
8
8
9
14
17
8
9
14
13
10
14
11
12
9
14
8
12
12
13
20
17
22
9
14
23
13
14
21
7
11
9
12
7
6
1
3
6
3
3
2
6
2
1
4
3
1
5
2
1
2
6
1
4
4
0
0
2
0
3
3
0
1
1
4
0
2
1
1
1
0
2
0
0
2
2
4
1
0
3
0
4
0
1
2
0
0
3
2
3
0
0
1
1
1
0
1
1
1
0
2
1
0
1
2
2
1
2
2
0
2
1
2
1
1
0
1
1
0
1
3
0
3
4
2
1
2
2
1
3
1
3
0
1
1
1
0
2
1
2
4
2
1
2
1
3
0
1
1
1
3
1
3
0
0
1
1
1
1
3
1
0
0
3
1
0
2
0
3
4
0
2
0
0
3
0
1
1
3
1
1
1
2
2
1
1
1
0
0
0
0
1
0
1
1
0
1
2
2
0
0
2
1
1
2
3
2
3
1
2
0
4
2
3
0
0
1
0
1
3
1
0
1
1
0
1
1
1
1
1
2
4
3
1
1
3
0
2
0
2
2
1
1
3
0
0
1
0
1
1
2
1
0
0
1
1
1
5
0
2
1
1
1
2
4
1
1
2
1
3
2
2
1
1
0
0
1
0
0
2
1
0
3
2
1
2
1
1
2
2
0
2
1
2
0
0
3
3
0
2
1
1
2
2
3
0
0
0
0
1
2
1
1
4
1
2
1
0
1
0
3
0
1
1
0
1
2
0
0
0
1
1
0
3
0
1
0
0
2
0
0
0
0
0
1
0
1
1
0
2
2
3
1
0
1
2
0
0
2
0
2
1
1
0
0
1
2
2
1
0
2
1
0
0
0
1
0
1
0
2
0
1
0
2
2
0
2
0
0
1
1
1
1
1
1
0
1
0
0
1
2
1
2
0
1
1
1
2
0
0
1
2
0
0
0
1
0
1
0
1
0
0
1
0
1
2
1
2
1
1
0
0
1
2
1
2
2
1
2
0
3
1
1
3
0
1
2
1
2
2
2
2
0
2
1
2
2
1
1
3
0
0
2
1
1
1
1
1
0
2
2
0
1
2
2
0
2
1
1
2
0
1
1
2
0
2
1
0
1
2
0
1
1
0
0
0
0
0
0
1
0
1
0
0
1
1
1
0
0
1
1
2
2
0
1
1
1
1
1
0
1
1
1
1
1
1
1
0
1
2
2
0
2
2
0
1
2
0
0
2
0
0
1
0
0
2
1
0
0
1
0
0
1
1
1
1
3
0
0
1
0
0
1
0
0
0
0
0
1
1
0
0
0
1
0
2
1
2
2
0
1
1
0
0
0
1
1
1
0
1
0
0
1
0
0
1
1
0
1
1
0
2
0
0
0
0
2
0
0
2
1
0
2
2
1
2
0
0
0
1
1
1
0
0
2
1
1
2
1
1
0
2
2
1
1
0
0
0
1
0
0
0
1
0
2
0
0
2
0
0
1
0
0
1
1
0
0
0
0
1
0
1
0
1
0
1
0
1
0
0
0
0
1
0
1
1
1
1
0
2
1
3
2
0
0
0
0
1
0
1
0
2
1
0
1
0
1
2
0
0
0
0
0
2
3
0
3
2
0
0
1
3
1
0
0
0
2
0
1
2
0
0
2
0
0
0
1
0
0
0
1
0
2
0
0
1
0
0
0
1
1
2
0
1
1
1
1
0
0
1
2
0
0
1
0
1
1
0
0
1
1
1
1
0
0
1
0
1
0
1
0
1
1
0
0
0
1
2
2
2
0
2
1
0
0
1
1
1
0
1
0
0
0
0
0
2
2
1
1
0
1
0
0
0
2
0
0
0
1
1
0
0
0
1
0
0
1
1
2
1
1
0
0
1
2
0
1
0
1
1
2
0
1
2
0
0
0
0
0
0
1
1
1
3
0
0
0
1
0
0
0
0
0
1
0
0
0
1
0
1
2
0
0
0
0
0
1
0
0
2
1
2
0
0
2
0
1
0
2
0
0
0
0
1
1
0
0
0
0
0
1
2
0
0
1
1
0
1
0
2
2
0
1
2
2
0
1
0
0
2
1
0
0
1
0
0
0
1
1
0
0
0
0
1
0
0
0
1
0
0
1
0
1
2
1
0
2
0
0
0
0
1
0
0
0
1
0
0
0
0
0
0
1
1
1
1
1
2
0
0
0
0
2
2
0
3
1
0
1
1
0
0
0
1
1
0
1
1
2
0
3
2
1
0
0
1
0
0
1
2
1
0
0
2
0
1
0
1
0
0
1
2
1
1
0
1
1
1
0
0
2
0
2
0
3
2
0
0
1
0
0
1
0
2
2
0
1
0
0
0
1
1
0
3
0
0
1
0
0
0
0
2
1
0
1
1
1
0
0
2
0
1
2
0
2
0
3
1
0
0
0
2
0
0
0
0
3
1
1
0
0
1
0
1
0
0
0
1
0
2
0
1
1
0
0
1
0
1
0
1
2
2
0
0
0
1
1
0
0
0
0
0
0
0
0
1
0
1
1
1
0
2
0
1
0
0
1
0
0
0
0
0
0
0
0
0
2
0
0
1
1
1
1
0
1
0
0
2
0
24
51
37
52
45
58
49
49
69
59
64
73
74
89
91
73
105
116
113
134
148
145
183
166
219
218
266
245
297
285
262
360
361
370
476
469
448
532
553
588
615
630
662
739
759
790
835
902
904
995
975
1124
1116
1082
1189
1312
1289
1318
1460
1459
1567
1539
1595
1663
1722
1731
1879
1888
1942
2056
2130
2223
2260
2382
2423
2484
2527
2569
2704
2783
2775
2895
3061
3119
3183
3322
3414
3697
3707
3778
3921
4248
4323
4403
4787
5059
5172
5413
5808
6069
6297
6789
7504
8648
11333
17381
30330
55259
93799
139374
178355
194888
184909
158611
125794
99765
80284
67111
56999
49754
42736
37035
32334
28841
26096
24028
22443
21207
