2
8
8
9
10
14
15
11
14
7
10
13
14
11
17
21
16
13
18
10
23
13
15
10
17
14
17
17
18
14
15
15
20
13
16
4
20
22
13
9
12
15
21
22
13
16
16
7
7
15
19
12
11
10
21
14
27
73
78
143
200
241
261
260
280
274
345
305
362
364
549
646
782
872
949
939
872
789
737
641
591
514
488
485
478
441
407
425
382
354
355
342
356
353
358
364
361
347
375
373
345
331
356
345
341
347
362
375
334
323
337
349
348
366
352
339
375
344
324
361
332
372
333
364
349
366
326
373
364
375
378
361
341
340
365
367
357
368
344
350
317
318
343
375
354
401
338
344
353
356
365
321
356
366
340
331
374
366
337
340
318
294
369
359
325
329
367
373
361
348
345
364
312
352
376
383
348
348
366
325
366
339
356
324
334
326
357
349
380
332
332
383
357
322
364
357
349
351
382
355
334
354
349
327
330
374
366
303
352
328
349
333
333
307
350
358
342
341
314
368
305
348
385
358
343
347
376
353
343
346
350
353
345
362
347
346
358
355
367
348
367
354
327
380
334
339
381
378
324
364
339
389
376
375
336
382
356
360
357
423
389
363
344
355
353
339
359
367
363
355
370
395
356
363
384
377
363
369
353
353
355
370
376
348
410
409
377
386
364
347
348
337
379
347
354
367
364
370
373
386
370
388
400
378
409
385
395
365
339
373
422
388
384
390
366
389
395
415
388
401
400
390
395
394
444
392
413
397
397
394
378
429
399
382
393
419
361
407
422
386
379
404
434
418
407
389
408
388
407
412
400
394
417
414
376
437
407
393
402
406
425
398
421
419
431
401
454
414
453
448
416
444
454
424
465
414
408
414
446
446
389
425
429
416
489
458
419
443
435
450
468
442
437
453
465
473
437
447
416
465
475
440
465
446
449
477
470
387
461
403
482
437
466
505
491
459
456
461
491
489
459
441
417
453
451
469
443
432
480
501
514
442
513
453
455
439
483
504
482
510
463
452
493
496
492
513
494
493
469
524
476
512
453
504
476
465
514
508
480
518
472
477
509
519
516
511
491
479
486
492
469
459
474
448
459
515
479
506
493
532
460
510
479
462
486
483
512
473
468
470
515
502
494
492
506
489
499
461
514
480
505
465
520
505
511
484
491
500
511
499
513
477
439
545
551
517
496
482
498
512
493
441
540
490
541
502
506
486
510
501
543
515
527
531
506
514
534
500
536
488
514
531
492
503
535
540
504
517
528
541
532
497
516
551
491
500
504
509
559
530
594
510
511
529
548
461
522
482
514
511
547
508
494
493
540
531
523
548
513
535
527
510
548
555
536
493
538
556
508
531
504
517
522
516
533
542
480
495
549
530
494
521
557
498
505
497
507
534
490
542
520
539
515
559
529
525
546
520
550
524
525
513
544
462
525
532
519
516
560
545
530
556
498
544
562
518
561
527
514
512
555
517
525
543
527
538
563
562
516
530
531
560
536
516
508
555
511
541
537
523
515
547
472
526
535
512
541
524
527
551
495
530
542
553
541
556
562
519
566
498
509
513
504
499
567
514
547
558
557
570
555
571
518
539
578
543
530
544
578
534
557
565
578
562
566
515
547
552
538
552
566
550
554
545
536
527
554
591
527
552
578
534
552
550
580
507
604
556
570
560
529
553
544
567
520
592
555
555
529
582
528
555
503
533
551
577
589
553
514
552
582
574
556
567
516
525
601
532
563
593
578
541
570
547
554
554
565
547
496
556
542
556
528
543
558
566
545
519
521
553
573
518
555
578
550
555
588
526
552
505
549
572
529
513
543
565
527
542
545
568
502
551
578
568
539
579
516
581
565
537
555
570
526
576
571
557
542
521
536
560
579
525
548
538
532
553
544
563
535
569
538
568
538
531
492
549
519
589
540
536
562
556
517
535
552
508
564
569
585
536
570
540
557
563
555
550
550
514
542
571
558
579
543
522
540
600
541
530
570
527
572
537
561
548
573
557
555
535
513
503
544
594
547
551
567
519
560
518
562
519
532
555
520
528
565
549
576
567
546
537
560
558
518
533
579
543
539
531
531
537
554
539
569
561
510
581
582
544
571
574
565
561
539
562
545
560
537
542
523
571
599
543
558
542
571
563
528
586
571
573
521
550
580
550
542
537
550
539
567
549
510
590
532
530
564
510
609
532
582
567
564
538
574
572
561
555
580
598
587
628
597
539
565
580
538
564
541
566
533
563
610
603
622
552
577
576
607
593
589
556
581
618
554
570
626
584
603
571
603
594
552
606
604
584
621
575
599
577
571
586
664
579
621
588
567
646
593
616
546
610
601
563
598
599
640
584
599
589
612
583
609
648
621
592
583
611
641
565
634
599
648
601
628
613
662
630
657
637
613
610
613
640
610
623
649
632
659
643
617
639
591
677
667
668
637
730
635
630
648
677
638
691
648
633
686
642
682
639
659
644
623
654
658
662
629
644
680
605
634
663
687
675
632
669
670
671
657
692
635
675
643
666
672
662
648
647
690
640
673
694
636
683
674
687
658
706
620
705
594
667
671
658
754
717
697
674
644
673
664
645
654
712
679
653
671
707
609
656
664
707
670
678
664
656
696
710
632
666
661
618
728
624
638
648
639
673
686
674
639
642
727
655
667
625
632
665
681
681
666
674
685
648
691
711
704
615
685
621
636
681
706
636
684
667
633
626
614
684
656
647
648
628
619
685
687
649
578
660
657
606
657
640
610
654
614
664
648
598
610
672
622
616
614
635
655
662
621
633
688
646
656
632
607
634
632
639
666
605
644
585
634
657
592
628
634
661
607
644
609
666
629
601
618
592
639
632
580
624
611
601
617
615
602
632
641
612
660
630
642
608
593
590
614
615
653
590
608
613
577
648
609
574
576
638
616
597
634
604
640
597
584
632
584
590
610
648
610
636
621
619
614
619
559
627
639
575
602
576
621
599
622
608
575
612
591
632
619
651
616
633
606
590
603
608
607
651
573
568
645
636
621
577
590
604
629
591
600
594
552
571
608
622
607
593
591
583
562
592
557
645
544
577
612
610
583
626
591
551
565
567
593
635
591
593
595
577
574
547
586
598
598
648
622
585
558
558
547
578
571
584
578
521
585
563
566
579
537
580
600
583
566
582
576
571
573
520
596
582
589
584
560
535
560
543
548
553
589
572
584
570
554
592
630
563
564
576
553
533
567
563
558
585
567
566
546
604
505
595
568
545
592
569
542
558
562
594
544
531
539
520
531
517
586
547
525
552
536
507
519
555
547
537
545
594
530
539
558
523
515
553
563
555
563
577
539
531
529
558
540
544
532
540
522
510
530
580
530
580
518
542
518
499
540
572
513
529
539
515
526
530
522
520
548
544
520
544
505
569
535
534
542
524
526
506
511
532
488
502
529
564
525
545
508
556
516
523
550
516
552
569
528
528
506
525
544
487
461
556
540
511
505
545
493
502
490
500
501
516
524
510
555
502
548
548
500
529
507
547
516
531
499
515
512
535
567
465
458
511
539
520
503
512
500
513
516
498
488
540
499
513
455
487
477
489
531
520
492
483
478
532
478
498
491
499
490
494
461
482
458
490
529
475
491
494
457
491
481
505
525
504
506
488
491
510
441
496
467
486
479
482
503
475
496
500
486
456
490
472
477
461
488
497
494
512
467
470
471
479
490
454
512
454
470
487
484
464
437
474
468
473
475
519
527
482
481
492
497
456
438
505
466
440
455
470
464
463
473
480
481
484
451
470
495
481
490
480
465
469
465
479
464
474
486
425
452
474
446
467
515
487
444
477
458
491
469
470
462
456
495
444
449
428
462
480
445
468
457
460
465
474
476
456
470
476
472
481
440
508
452
476
488
496
468
478
473
457
441
441
467
450
456
430
508
443
460
494
448
416
419
491
449
504
448
457
426
454
414
506
492
457
456
481
497
462
477
464
462
468
442
461
502
458
418
463
471
467
432
476
446
469
452
457
445
466
490
475
466
468
473
451
460
442
471
464
471
460
448
462
494
476
466
464
447
515
480
457
474
412
472
432
466
459
477
449
476
460
474
440
445
431
424
441
425
482
434
447
496
450
447
472
453
447
460
489
458
479
473
442
455
459
439
477
487
423
427
471
471
462
455
469
442
443
454
464
472
465
450
469
442
469
463
475
434
470
451
510
482
420
488
477
471
442
450
478
448
455
476
456
484
459
475
445
432
432
450
463
462
502
462
446
445
414
455
467
442
426
435
431
424
467
468
431
438
398
458
479
459
459
438
456
488
440
409
445
473
457
456
462
434
482
467
433
460
457
433
430
424
495
469
433
424
455
478
520
412
411
446
451
429
444
426
468
438
389
440
445
431
497
409
466
417
413
411
463
422
435
445
443
461
443
446
440
446
454
433
463
421
464
435
368
431
413
425
439
457
410
457
441
436
437
419
468
429
426
429
455
416
459
432
415
433
435
431
424
437
426
470
447
429
426
456
386
462
405
391
404
434
402
399
419
394
388
432
396
398
428
391
419
437
413
387
389
416
418
370
389
375
356
389
395
434
391
409
387
401
381
359
425
393
388
403
352
402
369
385
384
402
383
360
379
332
357
372
376
378
382
356
381
384
375
357
406
371
353
371
343
362
356
425
359
359
351
371
359
356
324
365
325
339
368
374
350
322
336
370
366
333
338
305
385
361
336
369
333
336
386
328
344
353
348
311
332
345
324
343
362
337
376
323
349
293
344
369
321
328
329
329
308
339
331
313
296
293
316
314
333
320
350
322
285
336
295
318
317
312
330
314
326
316
304
296
285
304
302
327
301
302
318
339
306
303
295
284
270
323
291
315
314
306
265
314
295
292
305
307
292
244
288
292
291
289
290
267
290
294
260
281
289
274
279
272
253
313
272
280
274
326
256
255
295
279
279
269
295
287
263
266
287
268
237
264
263
248
270
273
264
277
290
256
266
260
267
272
277
242
278
245
251
277
259
235
265
260
232
257
274
242
244
281
267
250
251
270
250
265
260
263
225
258
253
253
256
266
273
254
241
252
226
257
251
255
254
233
234
244
251
226
206
270
231
245
219
250
237
250
250
233
239
225
256
218
240
235
250
263
256
210
196
233
253
253
230
249
231
229
225
240
256
227
202
249
240
263
222
240
216
228
233
257
227
225
237
231
254
226
246
207
224
235
255
228
226
220
209
224
235
208
223
212
213
220
219
240
225
218
224
206
233
215
198
244
218
241
212
223
215
221
211
232
219
215
221
211
216
232
229
231
201
214
210
218
219
221
213
218
226
221
202
199
227
217
204
206
236
203
207
192
208
214
229
226
223
219
195
238
219
226
197
211
216
201
238
190
209
195
219
198
213
181
211
204
232
185
230
180
197
211
202
235
195
217
211
196
216
211
207
205
194
212
185
189
195
211
209
203
183
214
223
222
202
203
195
200
193
206
153
198
196
226
211
202
184
212
198
204
203
205
208
193
200
196
188
188
190
205
197
208
207
177
206
189
194
221
188
207
206
198
185
200
208
188
179
187
187
211
204
205
216
200
176
207
183
178
201
203
177
220
204
179
188
201
203
215
179
196
183
219
186
197
204
199
195
184
177
197
213
192
201
187
191
195
200
182
189
196
177
169
157
190
172
206
198
159
186
179
181
192
169
198
179
168
192
209
179
183
185
199
174
205
172
189
194
175
196
197
191
190
191
204
162
172
186
164
194
173
221
197
187
186
188
177
185
172
177
184
190
165
157
181
186
160
169
190
200
175
218
203
176
157
176
182
177
167
194
176
193
185
187
194
192
175
174
173
167
186
177
188
203
172
175
172
170
202
172
168
184
205
169
171
171
212
173
171
184
168
186
198
155
161
169
190
193
162
187
198
183
189
167
180
187
190
164
194
169
166
191
182
197
161
178
171
193
175
166
167
191
186
152
186
189
176
175
177
172
169
179
165
179
170
154
160
180
188
180
190
186
204
179
181
198
193
157
157
188
158
191
172
193
167
169
160
185
174
175
205
181
207
157
170
187
179
177
163
191
187
185
199
175
185
170
164
188
174
180
170
174
182
188
189
148
183
186
169
165
200
211
171
183
187
208
175
187
183
198
180
167
172
165
182
177
163
167
152
218
171
171
155
208
193
163
195
185
158
189
170
175
146
190
183
181
168
174
221
168
195
181
203
186
160
166
188
189
173
191
194
181
190
191
187
180
187
193
197
215
199
197
184
168
175
206
190
207
188
223
203
202
225
193
164
189
209
194
182
212
187
190
203
183
185
194
229
211
197
216
208
201
214
219
203
206
219
204
201
183
199
198
232
206
211
204
234
208
206
214
220
223
224
219
215
231
234
236
216
231
239
241
261
236
236
248
267
238
252
226
233
240
245
281
260
302
280
281
285
263
239
240
254
285
300
270
265
293
303
302
318
276
314
314
299
304
283
305
308
336
294
308
301
325
316
335
354
333
325
378
354
355
368
369
349
337
328
378
383
404
375
387
376
410
434
357
423
434
409
419
452
433
425
454
422
452
444
447
469
461
452
460
505
465
496
510
512
472
536
518
537
533
559
502
540
550
523
571
515
573
598
578
619
567
631
604
566
594
660
646
609
657
607
673
684
695
689
672
693
679
697
690
718
698
737
700
751
769
757
779
766
833
785
790
796
843
791
854
876
820
875
806
902
877
927
861
922
889
903
974
951
897
967
1011
1000
1003
979
947
1024
978
958
1059
1064
1004
994
1087
1048
1042
1155
1031
1123
1120
1196
1155
1139
1192
1215
1160
1163
1168
1192
1175
1253
1274
1209
1316
1283
1248
1286
1283
1324
1277
1443
1319
1292
1339
1425
1397
1357
1405
1431
1483
1368
1440
1464
1465
1457
1472
1438
1451
1517
1513
1411
1530
1595
1547
1539
1620
1541
1465
1595
1640
1540
1619
1651
1583
1638
1602
1642
1708
1617
1711
1675
1679
1668
1714
1676
1755
1740
1747
1814
1745
1781
1786
1776
1833
1787
1843
1888
1805
1798
1847
1851
1786
1870
1917
1910
1914
1902
1939
1897
1929
1888
1937
1928
1910
1948
1895
1902
1989
1977
1940
1996
1998
1980
1981
1932
2001
2040
2059
2044
2116
2037
2098
2069
2074
2144
2048
2097
2035
2114
2077
2133
2100
2052
2139
2110
2177
2141
2137
2137
2169
2159
2121
2191
2157
2135
2135
2149
2141
2231
2222
2241
2152
2184
2206
2260
2188
2173
2153
2302
2125
2166
2199
2171
2203
2370
2217
2125
2246
2171
2277
2175
2237
2328
2284
2256
2256
2233
2257
2251
2248
2135
2230
2262
2263
2332
2222
2333
2250
2273
2311
2252
2270
2157
2351
2306
2228
2276
2307
2202
2302
2270
2203
2138
2236
2206
2286
2192
2249
2198
2302
2233
2097
2215
2159
2205
2186
2188
2273
2258
2323
2174
2170
2149
2175
2202
2116
2216
2156
2195
2182
2189
2222
2165
2108
2180
2083
2173
2162
2098
2178
2172
2200
2221
2150
2123
2095
2074
2080
2033
2015
2191
2004
2015
2085
2088
2088
2015
1985
2072
2017
1989
1979
2050
2001
2106
2043
2067
1913
1920
1952
2027
2050
1966
1916
1953
2001
1841
1951
2043
1915
1874
1871
1890
1900
1905
1880
1893
1889
1923
1898
1838
1787
1816
1834
1832
1761
1807
1850
1753
1754
1774
1791
1730
1685
1757
1671
1683
1764
1708
1740
1678
1628
1668
1699
1649
1667
1661
1601
1574
1571
1597
1579
1622
1566
1641
1536
1565
1630
1526
1532
1547
1547
1557
1546
1548
1444
1444
1489
1459
1424
1398
1476
1423
1418
1389
1472
1383
1393
1389
1367
1347
1350
1277
1417
1304
1263
1295
1318
1232
1250
1220
1312
1298
1267
1283
1164
1196
1218
1241
1200
1127
1184
1188
1140
1165
1152
1161
1064
1122
1063
1158
1062
1008
1063
1058
1051
1050
1028
1009
1009
993
955
989
974
974
924
903
1004
891
946
890
918
876
944
911
887
855
866
861
910
870
807
880
825
789
806
789
785
751
827
770
776
713
765
752
703
739
753
682
730
716
685
718
680
674
653
644
617
647
642
622
621
617
619
593
569
603
596
612
608
564
593
529
566
532
525
559
565
529
526
546
510
529
505
520
541
480
450
492
480
436
470
442
408
433
438
396
406
415
399
383
426
379
388
377
427
388
386
375
366
402
392
349
339
348
341
345
331
347
338
323
304
328
316
335
307
329
305
329
302
299
303
301
300
291
273
292
303
263
287
261
240
293
279
282
293
267
271
243
244
236
254
253
241
255
252
214
209
213
221
224
230
233
244
211
229
209
186
224
216
194
214
178
206
205
183
223
200
186
186
179
206
195
203
157
170
151
191
182
166
196
158
170
159
169
176
149
182
159
173
182
152
161
166
160
162
132
161
172
162
161
159
118
153
179
163
164
160
132
143
117
147
137
143
140
128
130
109
123
130
137
129
149
130
128
130
152
112
116
133
135
130
108
116
111
136
136
140
136
123
134
122
113
111
114
128
98
117
123
96
123
108
125
120
118
108
113
102
108
111
99
110
112
115
93
110
131
119
111
107
112
102
92
113
95
113
100
121
103
119
103
98
117
86
85
118
110
104
117
118
96
99
80
86
94
115
94
110
114
99
103
98
99
95
96
100
101
106
105
101
92
98
94
92
91
95
102
104
81
90
92
79
112
99
109
84
98
92
104
92
103
92
96
89
108
104
99
79
93
93
97
101
82
98
86
98
99
78
83
101
98
84
96
86
92
109
89
103
77
98
96
89
81
93
87
77
82
88
92
83
98
80
94
101
94
83
77
93
102
86
84
89
90
100
83
89
77
72
84
84
68
87
79
73
75
91
80
85
82
88
93
85
73
99
81
87
88
87
101
73
93
83
82
86
88
86
72
82
91
85
80
80
88
89
77
94
84
74
76
90
72
89
91
74
99
98
74
94
64
80
112
85
97
88
87
81
86
86
85
90
76
93
74
84
80
82
68
62
73
84
89
100
108
83
79
91
74
80
90
74
77
94
76
76
93
83
71
89
85
61
89
86
81
72
79
84
68
70
81
80
82
87
86
83
86
86
99
74
80
61
77
75
95
78
68
78
79
79
92
93
89
65
83
69
76
86
77
80
81
79
71
98
83
73
77
65
89
85
79
81
87
78
69
75
76
89
71
75
87
92
83
81
70
77
77
89
83
70
89
75
90
87
74
72
77
88
93
91
81
108
84
73
81
91
87
67
87
76
74
104
89
79
81
53
68
74
69
85
79
80
74
70
70
80
77
81
87
72
71
83
58
66
92
91
74
66
87
76
62
84
79
71
84
91
78
87
97
71
83
75
77
70
81
77
83
75
87
86
86
82
76
82
62
78
82
81
63
89
81
95
99
66
67
92
77
89
92
79
72
80
64
88
72
80
81
74
83
66
70
68
87
85
86
70
76
80
83
97
91
73
75
83
69
72
77
75
71
87
68
70
81
79
99
73
74
76
75
90
69
82
68
75
79
97
68
80
77
82
91
83
82
78
63
73
97
79
70
76
73
94
72
58
64
78
95
75
88
97
79
79
80
80
84
83
77
71
101
80
75
89
83
67
92
85
81
70
76
86
82
83
97
83
70
95
77
78
81
90
85
74
87
72
96
90
90
86
77
70
78
82
74
70
92
89
71
85
94
75
73
87
70
90
104
74
76
83
85
87
86
96
79
78
70
70
83
98
89
88
85
78
85
69
82
73
82
73
81
100
78
79
82
87
88
93
74
84
72
98
71
87
81
101
75
94
91
74
85
87
83
86
80
81
74
78
94
71
82
75
72
79
75
72
70
83
67
86
83
73
73
100
86
76
81
86
94
85
85
71
75
76
89
87
84
89
79
96
68
75
90
81
91
88
81
75
93
84
82
69
83
76
85
71
79
83
83
76
93
84
76
72
89
85
84
77
88
86
60
82
88
82
76
83
73
86
81
97
85
83
76
84
79
79
77
82
91
94
86
82
81
89
98
54
86
69
79
98
64
86
93
74
77
86
73
84
81
89
82
68
80
66
78
81
89
77
85
88
90
70
94
75
66
91
83
84
84
86
72
72
102
78
83
90
96
85
90
73
103
91
86
93
83
89
75
85
86
77
78
84
87
96
80
89
77
79
83
99
72
70
78
67
73
81
84
74
71
67
84
64
77
73
83
94
74
84
97
86
73
86
73
92
84
78
77
81
68
73
76
82
90
82
78
92
78
79
81
83
78
73
94
89
68
77
92
79
91
81
86
81
75
80
84
81
77
98
67
87
88
69
77
94
75
97
83
91
99
63
90
87
76
83
93
86
80
79
83
76
74
70
96
80
83
74
76
87
86
96
96
77
98
89
76
83
71
82
91
78
80
70
86
86
87
86
86
80
71
82
76
75
77
76
63
84
73
70
81
89
58
100
78
82
80
90
97
78
75
68
95
88
81
76
88
68
77
70
83
65
97
80
87
92
74
80
80
78
71
76
92
105
73
65
93
82
99
81
88
76
92
92
79
81
99
80
88
81
79
87
80
83
70
85
79
63
81
93
86
96
90
77
86
77
76
74
66
76
67
81
86
89
79
74
64
73
72
77
76
84
79
79
76
84
84
90
78
71
78
83
79
79
77
84
80
90
79
83
82
73
83
89
75
91
88
75
77
65
74
73
85
89
69
88
78
78
76
76
71
87
89
79
76
87
77
79
81
81
93
65
92
83
80
96
71
86
83
64
88
79
64
82
101
72
77
93
72
85
84
74
85
91
84
87
96
79
79
92
87
95
101
79
98
61
82
75
84
83
88
80
85
81
86
75
82
66
67
75
79
74
68
81
78
74
76
89
82
76
89
89
87
72
79
91
84
89
68
84
92
62
79
87
77
90
91
87
83
80
79
92
76
76
69
77
87
81
79
66
80
107
78
89
82
89
80
88
91
91
92
72
75
74
73
86
87
74
82
92
81
83
64
80
72
79
77
71
76
70
76
70
82
86
82
77
80
66
73
89
78
83
88
89
82
84
66
69
90
74
98
84
80
76
77
66
68
61
70
96
82
84
82
83
74
78
92
75
86
92
69
73
81
71
83
84
67
76
82
80
85
83
84
91
79
70
68
86
90
77
69
82
72
83
79
75
90
66
74
90
68
89
73
64
88
83
76
72
85
89
84
78
84
58
70
63
79
81
72
81
67
67
72
85
90
68
68
85
75
72
62
83
77
64
78
76
92
84
96
79
87
76
74
77
87
79
65
79
78
85
88
81
69
62
86
71
81
59
87
89
85
71
85
82
79
69
80
102
84
90
73
74
82
76
76
76
103
76
75
77
90
66
79
93
89
69
90
92
87
87
80
81
57
70
95
84
90
78
75
77
87
85
71
62
83
79
98
74
76
91
103
95
85
81
75
64
78
86
85
92
73
83
82
87
95
93
59
85
83
80
96
77
72
72
81
78
86
88
94
80
79
74
74
95
75
87
109
82
81
78
83
88
72
83
87
88
89
80
82
93
65
84
96
68
68
99
77
88
95
85
86
93
57
84
69
80
74
74
81
77
88
83
93
70
95
77
81
82
77
90
84
74
88
104
79
68
79
77
80
85
70
67
75
77
62
84
87
76
82
93
77
61
85
66
83
99
75
84
80
59
104
70
77
98
110
87
89
87
97
78
83
74
79
86
74
94
91
87
78
82
69
65
83
72
81
76
84
74
89
76
87
79
69
61
66
83
94
80
73
84
86
82
68
83
69
93
77
88
90
89
76
90
82
86
93
75
89
85
54
83
88
82
72
61
90
79
108
81
78
78
80
88
69
74
76
87
84
75
81
95
56
80
72
75
73
64
80
94
80
86
81
86
80
76
74
77
82
80
81
67
77
88
77
70
80
65
72
90
81
98
91
78
66
78
88
83
76
84
61
94
82
70
87
82
82
83
78
69
73
80
87
66
71
88
95
76
94
85
80
86
63
76
77
85
92
90
89
76
77
90
72
83
74
100
79
83
69
87
75
69
74
83
96
83
90
84
75
85
82
79
91
63
73
62
71
79
102
78
76
84
76
76
78
78
78
86
81
95
87
80
84
83
88
79
75
68
86
96
83
94
96
63
63
104
86
74
97
75
95
77
79
65
69
79
108
84
84
87
85
75
83
66
76
83
84
81
87
86
99
79
90
82
87
76
76
93
94
76
89
70
72
88
79
77
78
82
78
81
80
67
98
74
87
81
77
85
103
89
79
67
81
86
84
74
99
72
93
90
75
85
75
88
83
91
88
96
81
95
71
98
100
85
93
103
85
86
78
84
79
109
75
94
87
71
85
93
90
88
82
83
82
80
87
72
81
67
85
82
81
59
85
83
75
89
76
84
68
82
78
78
83
72
76
71
75
99
63
70
77
78
82
94
85
79
75
82
87
78
77
87
84
72
88
71
90
99
95
82
82
78
73
82
71
91
79
112
95
84
87
94
70
87
82
75
74
77
88
85
104
96
97
89
93
95
74
86
85
81
96
76
89
78
89
98
80
83
91
70
79
86
78
75
91
86
78
79
89
87
104
96
91
94
93
74
79
70
86
68
92
74
74
86
90
93
74
71
89
102
76
98
86
76
77
83
83
91
63
83
75
69
78
77
87
90
81
91
83
76
93
84
94
94
90
73
86
82
92
90
97
84
68
87
99
95
83
85
84
90
88
70
86
83
87
89
73
91
96
85
71
72
96
77
89
70
83
76
86
90
103
83
89
86
89
83
100
97
83
67
95
89
78
75
89
88
87
64
83
89
83
90
85
89
74
78
75
85
95
89
81
89
95
84
84
79
88
91
94
81
86
94
81
87
77
96
82
80
99
78
106
95
82
97
82
79
85
88
90
80
74
99
74
81
96
98
96
81
74
90
64
76
110
91
89
99
90
83
79
85
87
93
98
79
92
94
93
93
90
74
72
81
78
73
83
87
98
98
90
81
85
105
84
79
84
84
94
96
85
94
79
79
104
82
93
99
78
93
68
75
89
78
95
79
73
80
86
76
90
102
104
82
85
85
74
82
79
86
90
95
81
95
91
94
93
79
94
97
88
91
90
80
90
97
112
93
84
81
87
87
98
102
79
100
96
79
106
95
98
100
93
83
86
89
91
105
84
113
100
97
103
81
74
88
94
93
90
89
98
82
77
92
113
80
102
98
103
87
90
92
78
83
95
92
92
99
81
76
84
100
108
88
102
82
100
85
85
79
81
85
88
89
98
98
93
81
88
64
97
87
88
96
95
89
93
92
80
89
89
99
86
92
99
95
111
70
83
80
73
100
99
92
95
81
76
84
96
98
99
97
82
74
90
92
95
89
92
82
79
82
84
88
84
90
82
89
100
76
97
84
88
83
77
86
99
81
102
96
105
95
88
99
104
84
90
104
97
86
94
96
81
101
83
75
108
104
101
84
104
96
92
81
78
98
92
74
82
98
85
95
108
98
87
98
83
87
94
103
109
78
116
78
97
107
102
85
89
87
91
88
105
103
102
96
87
97
85
94
99
92
88
91
101
91
98
74
72
94
111
109
91
92
100
91
111
92
101
98
86
98
83
80
98
96
104
102
103
90
87
91
82
99
91
76
94
83
92
91
87
95
93
90
86
85
94
91
78
79
103
83
80
104
81
90
85
92
103
101
98
91
103
83
87
75
86
80
115
81
63
82
75
76
100
85
97
90
83
106
85
86
87
96
93
80
81
84
100
102
98
89
93
85
95
90
77
86
87
80
89
82
104
114
114
98
95
86
82
81
90
93
101
97
83
103
92
98
81
100
76
99
101
95
100
105
94
88
92
89
72
93
113
79
100
86
101
84
113
101
92
96
100
75
95
82
90
89
99
101
93
107
81
87
81
89
91
86
76
85
91
81
102
87
84
91
90
103
86
83
89
98
103
75
79
101
76
101
94
97
106
86
100
110
90
81
97
89
83
89
87
90
84
80
87
101
85
90
94
65
97
79
98
98
81
97
91
77
100
77
75
89
83
98
109
105
108
71
89
87
87
103
92
96
85
97
82
93
83
99
87
81
86
87
74
93
95
88
82
76
84
82
79
93
94
91
77
92
92
78
83
81
91
84
95
76
71
101
77
87
93
88
86
85
79
82
74
87
77
76
78
74
72
94
71
78
91
101
90
83
68
91
77
69
81
83
72
90
68
81
71
73
88
80
89
70
93
76
79
74
84
79
72
88
74
99
80
77
79
76
86
80
79
94
67
91
96
74
84
85
91
87
91
84
88
94
75
79
80
82
74
82
89
68
84
87
86
79
87
60
88
84
76
82
70
77
78
93
86
92
77
69
86
86
75
68
77
92
84
85
67
67
72
72
63
93
71
70
68
69
78
73
67
76
76
69
70
75
72
77
81
65
80
63
76
62
69
74
73
85
73
54
66
75
88
74
66
65
74
76
62
76
61
74
78
70
76
83
69
72
81
72
62
78
67
71
73
72
58
65
60
76
69
75
89
72
84
64
81
76
66
71
77
85
84
72
69
75
75
49
60
56
91
68
63
69
58
67
62
84
67
71
70
69
80
63
60
71
71
71
74
67
58
65
64
61
79
76
76
72
78
66
68
57
50
75
49
58
58
69
69
62
69
63
48
65
62
63
53
59
58
65
55
63
61
48
65
76
55
60
64
58
70
67
59
58
69
55
62
60
61
60
69
60
58
57
54
78
71
73
65
72
63
58
60
70
75
67
70
59
79
49
58
64
61
56
69
65
56
51
59
42
44
70
50
51
52
45
73
51
55
58
50
65
61
53
53
69
68
57
57
63
65
53
53
56
47
62
50
65
43
65
70
53
59
56
57
51
58
52
53
65
63
47
59
51
57
52
63
62
58
70
57
42
42
47
57
58
48
65
50
46
54
47
52
58
47
54
50
38
63
53
66
54
52
50
57
47
42
60
45
66
40
45
45
48
45
58
45
46
51
51
49
55
48
47
65
53
53
54
46
58
56
51
43
37
46
51
38
58
42
56
46
52
49
57
49
48
50
48
41
49
50
53
41
33
38
42
53
47
55
43
61
51
45
50
51
39
58
41
48
41
40
44
53
44
50
45
38
51
49
45
49
67
35
39
39
44
47
41
40
33
49
39
35
48
43
42
47
49
31
47
43
48
39
49
38
51
37
49
29
40
47
43
33
44
45
38
46
44
43
52
31
40
30
43
32
43
55
40
48
44
35
50
37
43
41
35
36
52
43
37
40
39
41
35
41
40
46
48
36
28
40
36
44
35
44
34
30
33
31
38
42
38
41
35
33
44
26
40
38
48
36
33
41
41
48
42
46
45
47
36
34
33
48
33
41
35
48
32
41
42
29
43
38
27
47
45
31
27
37
48
30
31
28
29
40
37
38
46
31
32
35
31
46
29
46
24
36
35
32
50
25
27
41
31
25
39
49
22
28
36
28
29
45
45
35
29
36
24
26
29
36
25
50
28
36
31
38
27
36
31
33
28
40
26
28
30
28
40
24
27
34
29
27
45
34
33
42
36
23
20
32
29
29
24
34
29
31
31
33
21
32
35
38
38
28
32
35
32
29
38
39
38
28
31
34
41
30
24
28
29
30
30
33
31
34
21
35
35
34
27
26
31
35
32
25
34
26
26
35
26
28
41
36
32
29
27
34
31
25
26
23
30
33
29
29
29
31
27
30
21
22
25
27
34
32
26
18
31
39
21
23
32
24
26
31
31
32
19
28
29
28
22
27
29
22
22
32
18
31
34
28
25
31
20
39
31
21
21
22
33
40
30
25
28
28
38
23
34
35
27
29
32
29
24
24
25
37
21
21
35
32
41
25
30
31
21
24
23
28
27
32
31
20
29
25
19
22
23
30
36
36
31
19
27
24
25
21
27
34
29
26
27
30
26
28
34
22
26
30
19
26
28
29
22
26
19
25
29
23
34
29
20
26
23
28
29
24
22
28
26
30
27
23
27
25
18
30
38
26
28
25
20
28
36
34
27
20
29
31
28
26
25
27
36
31
25
27
21
30
19
23
35
30
27
33
28
30
37
21
30
29
28
23
35
28
27
37
22
31
32
41
23
33
35
29
30
26
23
36
29
38
39
33
39
29
35
23
32
25
38
30
35
35
35
37
35
32
30
38
51
26
44
23
29
38
29
39
40
25
39
35
35
31
34
43
34
34
33
44
30
21
43
33
38
27
37
40
24
30
42
49
34
30
31
41
57
29
27
35
32
31
40
30
50
36
41
52
42
41
47
45
35
40
43
44
34
39
40
38
44
38
49
45
50
54
39
42
39
47
47
56
46
50
47
54
42
47
50
52
62
45
55
47
40
62
48
52
53
59
58
50
35
61
55
55
59
44
49
61
54
54
57
40
57
59
52
59
63
56
46
66
47
49
56
60
58
65
69
61
68
72
74
55
73
54
60
65
55
60
57
67
65
82
78
76
64
69
83
75
69
58
62
74
65
70
54
72
72
67
68
62
83
89
82
85
71
70
64
84
74
81
94
80
67
82
91
88
82
78
77
91
99
76
86
87
77
82
85
80
101
90
96
83
74
105
104
102
92
102
99
92
104
90
111
108
96
108
94
95
111
108
98
107
109
100
103
111
96
124
115
124
104
95
85
110
100
114
109
103
122
105
118
132
118
97
113
117
150
116
111
121
119
126
110
108
95
120
130
139
115
128
132
143
119
132
121
143
143
133
139
128
149
141
139
145
144
140
123
129
142
146
138
149
137
159
141
143
167
137
147
117
150
151
165
155
144
166
153
162
161
163
145
156
155
144
172
159
155
167
171
192
154
174
155
172
155
139
152
154
161
174
163
163
156
180
161
181
150
161
173
175
157
192
171
174
174
185
176
168
173
190
192
169
178
164
172
179
184
166
190
188
178
185
205
199
200
174
166
188
213
199
207
176
174
181
168
218
198
191
179
220
179
198
183
208
199
210
182
209
222
223
180
199
222
190
176
170
199
224
183
190
191
202
197
220
204
219
221
213
213
217
190
226
216
197
195
237
218
238
203
194
218
211
218
209
210
245
240
199
243
237
238
212
232
240
224
234
199
241
218
183
197
212
218
232
261
229
240
233
239
234
245
212
227
217
231
258
233
243
232
223
238
212
255
218
245
261
217
238
237
229
278
218
258
206
241
243
236
224
216
271
242
255
227
213
255
251
232
252
229
233
243
217
241
252
243
251
257
228
240
221
259
247
262
250
243
224
225
221
261
283
214
252
232
225
276
218
254
220
266
241
262
241
229
245
242
225
245
271
219
249
261
231
230
268
240
240
260
260
253
277
272
254
263
247
248
270
245
261
269
266
247
247
246
251
261
233
250
250
271
248
278
250
265
249
221
270
226
275
252
254
256
239
258
248
264
296
282
224
273
267
236
269
272
281
271
240
240
248
251
252
268
250
255
260
263
234
249
258
289
276
281
271
242
250
294
254
241
214
277
268
258
272
254
251
272
245
257
295
253
245
233
268
261
256
274
252
264
255
243
278
218
256
273
227
268
242
263
257
254
237
265
263
252
213
251
265
268
275
252
232
240
266
261
272
279
273
255
258
277
246
262
272
296
236
279
242
287
288
249
238
269
237
237
254
259
241
275
269
275
256
269
263
234
239
267
244
231
258
253
263
256
289
257
257
265
263
243
250
249
234
235
246
248
281
248
285
267
251
215
270
267
270
277
267
267
245
263
283
249
262
247
267
244
263
266
245
280
245
282
273
265
285
264
257
244
255
252
259
242
234
263
279
283
261
259
309
260
286
274
262
264
259
274
241
280
258
284
233
237
249
262
269
284
242
251
243
254
268
276
257
258
247
262
272
267
262
248
264
291
246
246
237
268
250
251
247
246
255
229
266
245
254
262
233
257
265
248
249
208
248
263
241
240
248
246
267
241
256
249
267
247
242
236
270
256
266
234
246
234
242
237
232
239
259
228
246
237
243
255
232
241
235
235
246
237
241
218
228
259
214
248
254
254
232
264
273
243
258
238
218
276
272
248
225
243
280
246
231
259
239
221
216
223
228
224
225
275
224
239
241
217
229
245
231
216
242
233
218
229
248
264
233
258
243
217
217
223
213
238
271
217
222
217
217
187
221
212
207
247
217
238
210
205
263
240
194
194
242
211
209
211
224
236
211
227
207
221
216
193
218
209
200
196
215
197
226
210
189
192
211
182
207
190
187
200
218
183
193
196
224
190
207
195
207
205
196
184
173
188
185
193
207
185
177
191
177
185
179
214
187
194
213
204
201
181
190
187
160
193
178
203
202
165
190
160
171
187
155
152
159
187
172
178
171
151
168
185
162
194
167
148
159
173
180
173
165
169
168
158
173
162
169
144
147
152
149
153
155
178
153
142
157
168
158
161
154
166
156
158
137
177
150
137
159
152
136
124
152
145
162
138
159
143
145
132
133
143
132
136
154
153
165
128
131
146
155
123
121
114
150
121
128
137
128
126
131
119
135
119
122
115
111
142
129
135
124
126
136
121
116
138
113
120
148
124
117
103
121
112
135
104
131
98
112
100
111
108
109
127
105
110
110
103
96
116
110
116
114
106
99
112
118
112
93
102
95
89
93
80
93
92
98
84
112
108
79
94
94
120
103
80
89
88
86
74
99
113
94
90
102
90
82
76
80
90
87
80
76
90
70
76
77
89
93
82
484
449
402
454
470
452
440
440
430
462
440
463
446
434
442
436
428
443
436
427
410
437
388
428
408
377
415
449
433
408
406
411
438
386
412
424
389
403
403
366
397
357
414
358
383
383
404
410
402
380
372
396
422
387
366
383
407
370
372
392
382
347
391
352
368
368
365
323
381
349
344
335
369
356
325
338
347
329
343
339
336
365
346
362
335
328
337
341
372
352
321
352
336
310
327
332
334
337
340
333
349
341
327
294
309
312
317
304
307
314
337
333
336
326
320
347
341
334
336
349
330
288
318
318
296
325
308
139
