23
21
28
23
26
22
27
28
21
24
23
20
28
17
22
21
28
18
22
18
22
14
24
20
14
18
15
26
9
14
18
16
16
15
20
14
17
22
19
14
12
19
7
13
12
12
16
14
12
9
12
14
10
11
21
18
21
20
39
141
283
463
571
629
642
758
763
816
1022
1180
1328
1366
1329
1217
1041
816
672
600
540
520
531
508
480
469
424
509
476
455
485
417
454
472
459
480
481
467
498
496
524
494
481
533
498
488
479
476
474
464
472
469
470
490
450
464
454
473
448
497
477
453
452
506
496
443
479
504
450
462
448
450
460
471
435
478
423
449
431
421
419
468
452
504
444
447
441
443
442
442
431
471
475
485
482
465
457
453
481
458
506
481
466
470
433
454
453
457
438
464
487
478
486
515
472
486
465
475
455
467
492
471
475
454
505
501
505
516
454
491
500
476
491
499
497
540
465
473
461
497
487
480
488
477
504
549
486
499
502
540
503
458
526
513
479
483
540
556
503
488
537
515
517
505
539
516
521
541
510
513
552
527
532
487
501
507
534
518
513
554
484
510
508
532
525
520
526
551
580
568
554
545
545
526
513
498
580
540
517
522
575
578
485
569
557
543
565
590
567
526
582
575
554
596
586
564
595
611
578
561
562
550
545
566
624
534
552
632
596
551
593
617
619
610
599
605
596
599
565
642
600
604
626
577
628
629
558
591
632
583
608
614
591
574
645
624
608
636
614
623
628
612
608
595
657
625
615
666
635
599
597
631
627
628
612
655
640
613
613
648
650
654
650
642
630
666
632
608
626
666
644
638
649
651
633
682
599
645
628
684
662
696
657
685
669
671
690
652
712
689
644
665
668
663
689
620
656
685
670
660
654
623
700
657
673
646
666
704
711
680
641
705
686
630
633
697
646
665
644
667
639
710
702
735
643
687
645
676
709
719
670
729
680
674
666
698
684
689
674
667
657
673
668
698
701
698
661
714
696
680
706
611
694
643
681
670
644
699
681
696
669
696
707
656
607
668
684
636
666
691
756
678
705
715
669
633
718
684
630
659
701
720
703
713
696
694
643
663
669
739
697
675
752
697
673
676
643
678
706
682
690
729
722
652
729
689
678
679
687
672
680
677
679
656
709
658
732
697
712
709
688
669
703
736
710
720
658
695
681
697
679
686
692
680
717
685
725
677
689
717
733
682
685
670
682
649
705
749
731
723
722
715
712
773
668
734
650
713
680
681
726
696
709
672
725
721
672
739
759
685
659
695
711
703
721
692
732
705
734
737
688
691
676
694
730
766
743
703
722
697
746
680
702
725
717
711
709
713
700
731
647
705
760
697
735
732
694
676
726
763
748
694
694
692
719
716
727
708
708
706
707
710
728
744
682
709
720
740
712
708
685
738
735
687
727
729
749
720
739
705
743
690
727
703
730
679
675
703
713
726
721
732
725
725
719
702
669
649
726
657
733
724
716
701
715
685
698
712
694
763
693
740
710
695
746
722
735
695
745
703
734
697
742
697
727
670
714
700
734
721
659
742
727
723
739
674
713
701
781
704
694
774
701
733
731
704
704
690
690
699
728
683
708
714
730
715
748
688
738
709
744
698
781
734
686
695
692
717
762
653
687
690
693
703
731
717
763
763
735
748
673
708
743
710
700
723
666
742
690
747
719
712
720
667
727
717
746
744
680
718
698
749
713
700
694
713
810
736
708
784
716
714
716
715
720
742
752
744
718
757
745
699
735
725
750
766
758
795
764
754
702
777
782
758
743
728
768
776
783
769
760
760
768
789
732
770
761
757
797
750
805
811
779
823
775
810
820
799
791
801
878
813
811
811
839
809
825
868
810
851
827
796
817
809
783
867
803
865
848
831
891
825
787
846
878
781
859
915
852
878
841
872
831
907
853
887
854
889
892
880
906
879
823
818
878
839
867
876
870
853
917
874
861
896
860
857
855
912
894
892
884
933
904
871
838
920
869
857
868
828
869
869
879
831
867
887
936
845
885
888
911
922
900
864
860
913
915
862
805
875
824
856
888
894
893
898
866
857
865
873
810
929
907
864
827
859
866
890
869
836
843
855
886
864
889
834
860
827
850
845
815
875
889
850
813
856
890
884
819
869
869
782
841
785
840
856
806
829
857
856
834
825
863
855
833
884
851
799
798
806
821
828
828
829
807
820
849
855
839
808
838
782
800
799
816
818
786
836
816
791
824
754
886
798
846
782
806
794
801
853
833
825
821
853
801
782
798
840
790
798
804
802
816
790
827
806
776
812
834
762
803
777
775
746
756
809
797
776
816
748
796
803
752
773
809
791
744
795
765
733
764
788
786
755
840
732
843
754
787
723
774
847
776
837
776
783
794
771
727
759
729
807
776
797
742
767
791
769
776
753
804
772
775
792
708
741
773
739
749
781
766
772
726
742
781
778
752
705
732
720
768
722
763
764
751
742
760
724
703
764
751
729
752
763
748
709
764
695
745
753
705
714
723
728
746
761
696
714
727
724
724
702
715
728
738
738
728
705
724
766
729
717
740
715
753
729
734
718
739
747
689
726
739
690
709
718
698
704
704
714
710
682
699
735
718
665
756
691
734
659
716
702
700
728
692
726
743
681
681
715
659
701
684
696
664
681
685
733
726
695
700
678
675
701
689
667
696
714
673
634
674
724
646
697
679
728
685
685
706
701
645
658
695
651
664
661
668
713
684
625
699
669
629
604
646
635
670
635
667
663
632
668
668
638
730
690
625
698
609
648
667
679
679
668
571
674
639
641
607
619
631
704
675
674
653
670
598
587
591
609
660
660
606
650
670
669
608
640
640
652
689
632
572
651
612
666
603
656
622
660
651
655
629
645
637
614
645
567
600
662
597
615
663
649
593
609
646
583
614
656
610
638
603
599
608
675
593
659
610
638
625
593
628
644
575
629
624
627
592
646
627
597
669
590
644
594
646
605
589
629
602
628
623
657
617
632
604
606
618
635
586
572
615
613
591
569
605
610
570
559
617
598
600
592
617
566
573
598
600
600
611
623
637
588
594
609
555
609
584
638
641
600
611
598
645
569
638
593
610
560
655
571
587
601
663
618
593
610
593
625
592
616
616
624
638
604
586
568
557
618
612
641
594
573
593
579
593
594
584
590
590
588
627
615
571
588
604
581
640
573
549
620
612
608
594
613
612
624
605
627
581
614
585
617
600
575
642
626
609
594
603
643
609
600
637
626
593
618
615
648
598
608
602
600
593
588
590
569
576
567
571
621
667
560
589
600
607
581
642
626
625
600
625
567
593
572
579
594
610
581
632
603
637
594
599
618
626
552
612
594
593
565
642
592
589
582
633
556
602
602
642
590
549
616
579
570
593
623
580
544
623
582
585
549
582
602
570
583
572
615
603
567
572
647
583
590
555
558
570
546
552
576
565
570
594
603
581
554
568
603
600
578
609
586
582
586
593
587
547
598
607
605
595
586
564
622
568
556
548
563
584
585
529
586
570
526
574
558
561
535
577
551
532
603
554
538
537
522
585
510
548
562
559
580
548
536
536
548
529
561
535
548
531
548
541
523
505
521
500
496
514
524
455
543
514
525
514
488
511
503
534
504
501
456
528
504
485
517
476
475
477
497
488
474
513
504
477
481
506
451
483
433
460
472
454
434
475
480
455
458
442
437
510
435
431
451
445
422
467
422
456
450
449
422
485
405
432
421
432
421
492
421
427
421
423
407
440
399
402
404
406
437
410
402
429
423
382
393
390
432
444
388
391
432
377
392
391
390
367
413
361
390
412
416
383
393
388
360
363
379
347
356
388
383
378
354
366
369
317
378
338
393
345
362
368
374
373
388
377
367
361
386
344
320
360
307
335
340
362
336
364
388
344
336
352
370
334
353
297
342
352
314
363
319
329
328
297
333
338
322
307
319
331
328
305
321
327
301
321
306
276
309
307
317
331
324
343
316
298
295
307
305
311
333
313
285
311
293
298
285
308
310
298
283
303
324
318
303
330
322
315
298
335
296
313
306
326
297
281
296
288
311
293
281
269
294
298
278
307
266
311
283
263
297
301
278
275
303
296
302
310
307
255
294
309
272
273
297
270
268
291
282
274
283
283
257
289
279
259
316
296
243
279
272
263
289
307
282
293
248
269
253
273
298
257
259
242
264
253
282
291
277
290
267
253
268
259
273
263
260
258
273
260
268
260
258
246
247
281
303
244
277
244
250
304
234
274
274
262
266
287
261
270
253
240
267
265
274
269
263
291
284
241
239
287
268
261
236
275
265
266
275
256
270
261
286
242
242
257
254
241
220
234
242
239
227
265
274
232
249
242
244
227
260
224
262
253
244
253
267
268
233
250
240
288
251
236
262
255
227
293
239
264
254
226
245
235
244
259
248
254
243
219
202
244
248
218
243
233
244
252
251
238
264
244
215
227
263
250
201
258
218
234
263
220
269
223
250
253
252
248
233
236
230
225
257
244
244
248
255
240
230
248
253
241
236
255
210
239
232
249
252
227
210
253
249
226
243
238
220
223
248
236
195
221
193
254
230
212
243
214
216
207
236
222
248
241
201
225
222
231
226
235
220
238
225
234
238
241
248
232
210
217
208
233
237
215
213
214
223
227
227
222
240
229
217
223
237
251
207
210
216
247
256
198
235
220
211
200
227
219
224
208
191
240
228
223
208
207
239
250
204
248
213
217
238
217
230
246
228
219
229
227
222
210
197
213
219
204
202
234
207
218
220
209
243
221
189
225
234
223
232
221
196
219
233
191
221
199
212
215
229
229
219
211
220
219
225
245
224
207
195
251
207
229
228
244
214
208
195
215
218
230
226
237
227
214
229
194
213
205
222
233
228
222
217
238
230
205
233
222
225
234
225
202
225
230
244
222
222
221
247
242
228
218
223
226
245
228
229
244
230
215
223
222
224
244
243
232
230
211
254
247
238
235
235
244
220
235
217
227
217
208
239
270
243
245
226
245
242
233
218
253
230
247
240
266
254
263
219
226
225
207
235
249
245
220
263
239
241
236
239
265
255
279
251
283
272
293
261
255
266
268
273
274
261
265
280
298
273
303
302
291
322
330
300
287
277
330
326
318
296
332
366
329
315
326
321
324
321
332
357
334
374
378
362
378
382
380
379
410
403
384
405
392
406
451
368
405
456
415
433
446
462
453
503
460
502
566
471
489
497
539
541
542
550
547
559
594
576
629
506
626
596
604
667
618
674
626
627
692
642
664
699
735
691
758
738
774
784
771
820
824
851
768
854
824
810
887
880
875
891
892
1007
929
988
985
1013
1025
1086
1107
1052
1082
1092
1119
1112
1160
1173
1156
1118
1206
1198
1241
1270
1228
1307
1269
1269
1301
1360
1366
1373
1381
1437
1460
1413
1467
1552
1508
1495
1578
1613
1597
1577
1659
1722
1604
1716
1734
1809
1752
1779
1905
1835
1820
1844
1840
1885
1909
1906
1890
2060
2009
2045
2035
2125
2092
2055
2132
2100
2208
2250
2176
2252
2270
2243
2255
2349
2355
2437
2392
2452
2516
2522
2564
2437
2528
2566
2585
2680
2525
2609
2663
2599
2633
2670
2631
2749
2779
2747
2923
2844
2887
2868
2837
2849
2780
2888
2980
2919
3061
3010
2920
2988
3016
3061
3028
2979
3141
3130
3025
3166
3221
3135
3094
3232
3283
3223
3272
3273
3346
3326
3308
3413
3336
3357
3351
3517
3384
3326
3495
3514
3399
3467
3389
3419
3503
3466
3501
3574
3557
3554
3529
3633
3574
3585
3414
3672
3492
3648
3629
3614
3556
3613
3610
3586
3599
3557
3592
3616
3527
3620
3506
3523
3472
3583
3637
3453
3502
3618
3581
3605
3593
3486
3598
3634
3628
3398
3579
3611
3526
3516
3507
3626
3331
3463
3383
3419
3463
3309
3261
3482
3324
3320
3367
3348
3307
3292
3278
3335
3321
3102
3282
3371
3190
3173
3125
3214
3107
3253
3186
3064
3054
3039
3012
2957
2963
3044
2990
2946
2963
3023
2928
2971
2846
2935
2857
2814
2816
2758
2724
2687
2757
2718
2724
2713
2696
2691
2553
2550
2519
2546
2569
2576
2407
2479
2411
2456
2428
2370
2348
2371
2364
2228
2245
2265
2194
2227
2149
2125
2038
2094
2073
2008
2038
2116
1951
2008
1969
1859
1975
1859
1920
1857
1894
1805
1666
1801
1836
1706
1791
1673
1682
1584
1568
1527
1563
1610
1521
1437
1591
1408
1470
1461
1459
1412
1364
1353
1358
1298
1291
1311
1325
1319
1217
1215
1242
1226
1155
1220
1117
1114
1146
1094
1142
1025
1066
991
1030
980
1094
990
985
946
948
955
907
879
873
889
804
892
836
804
854
798
779
798
779
730
778
712
719
675
649
638
670
654
707
668
676
643
599
612
565
607
623
560
560
551
566
565
568
527
531
495
544
534
470
524
466
482
440
470
470
438
401
475
431
434
385
390
411
372
403
385
387
371
399
366
334
346
375
356
322
354
361
324
325
319
311
335
303
296
267
310
279
292
291
258
286
292
302
275
279
263
261
248
260
245
270
260
275
259
244
232
235
238
223
215
222
223
207
235
192
220
242
216
205
210
211
196
203
215
208
211
233
204
208
203
204
216
212
198
168
174
172
175
166
196
199
179
180
179
155
165
185
189
161
166
167
148
157
165
153
158
165
159
168
155
167
146
161
168
150
137
138
154
154
165
165
138
145
135
156
157
129
150
147
158
158
143
150
153
130
138
120
151
137
138
125
140
136
131
137
115
150
119
120
138
144
141
123
132
131
123
126
117
128
128
116
139
120
98
123
124
102
125
138
133
123
128
130
124
125
137
158
131
98
104
123
108
130
118
99
121
111
122
117
128
118
113
122
117
128
116
111
107
129
118
101
112
99
102
120
119
130
100
101
99
103
118
116
111
119
121
119
125
125
119
119
105
122
99
124
114
118
112
105
104
115
109
115
110
116
100
87
109
107
115
127
105
94
100
118
112
103
112
105
108
112
110
100
116
114
109
126
115
98
112
111
110
113
92
99
118
117
112
102
101
118
121
106
105
116
105
94
112
97
100
96
107
98
89
122
125
100
97
119
113
133
106
110
85
112
109
111
119
103
111
118
108
124
110
97
86
110
99
90
87
111
92
133
124
105
110
115
93
110
110
120
113
104
140
114
94
112
106
89
88
118
92
110
110
103
122
87
110
105
93
118
95
115
96
97
106
108
105
103
106
107
85
98
101
122
111
112
113
106
110
105
100
91
107
101
102
115
107
98
103
112
83
105
95
119
101
110
98
108
113
106
114
106
100
113
120
108
109
103
113
99
106
117
111
96
88
131
90
97
118
108
101
105
98
88
119
97
105
100
95
98
116
98
96
118
106
99
105
88
108
100
110
95
99
108
92
79
119
93
116
103
106
103
105
115
90
97
107
107
106
99
106
98
89
101
114
102
89
115
111
107
104
106
93
83
113
135
115
110
106
103
103
116
102
93
82
87
98
112
113
113
115
109
113
88
116
98
110
97
124
114
115
98
103
99
99
115
118
121
108
91
114
92
96
86
122
111
102
108
90
101
93
100
104
113
98
105
102
106
88
102
96
108
116
114
105
99
101
94
110
92
90
94
110
105
94
99
105
115
113
83
98
95
100
99
101
100
99
109
112
92
109
106
98
116
90
99
110
93
87
105
115
115
102
94
111
91
87
89
92
105
101
111
105
130
114
108
83
114
103
118
105
107
122
107
114
99
124
105
115
105
96
89
106
102
110
112
111
112
108
111
101
85
101
86
99
111
100
110
100
120
107
95
91
89
110
111
105
115
99
109
112
99
97
109
97
96
105
89
103
104
95
116
95
107
108
97
94
106
104
111
73
87
81
98
94
114
126
112
110
108
96
103
90
101
128
108
84
98
106
105
105
109
107
93
121
124
126
93
115
88
102
109
99
117
115
124
115
97
113
115
111
119
108
82
108
95
139
103
107
112
111
108
96
99
93
113
106
106
115
99
110
111
101
119
113
102
106
100
110
100
107
106
107
104
99
113
112
105
97
118
118
100
88
100
111
111
108
115
118
120
114
112
87
99
116
88
97
111
103
96
101
121
100
123
97
107
115
98
93
107
112
109
110
101
109
90
129
111
126
104
100
98
108
117
102
121
100
93
133
102
91
106
117
119
95
94
93
105
108
105
81
96
96
93
107
104
96
112
107
111
105
104
102
113
116
102
109
99
110
97
85
104
116
124
123
121
104
91
104
85
116
88
109
92
111
87
105
116
122
96
100
100
107
91
97
100
110
104
110
102
106
117
106
117
111
111
105
119
92
95
95
102
117
92
106
102
91
83
111
101
98
93
103
105
104
106
87
105
102
100
109
114
104
95
101
93
94
108
102
103
102
96
98
106
104
97
118
97
102
114
103
112
109
133
109
106
81
106
98
87
113
94
99
124
116
83
97
104
100
104
88
107
108
109
104
95
92
103
102
118
95
101
111
106
97
116
110
122
94
100
103
91
123
115
103
120
100
90
90
120
88
79
100
111
104
102
102
98
115
85
104
103
109
79
89
100
95
100
112
98
99
104
100
109
112
98
98
97
110
98
95
110
123
98
116
91
106
107
98
94
114
89
119
92
108
102
114
102
107
86
101
99
101
98
100
98
113
93
113
102
113
98
107
104
109
102
99
99
99
92
107
99
115
105
94
97
97
103
105
91
105
111
106
109
100
105
106
87
116
93
96
109
112
92
91
102
95
98
86
101
109
94
78
103
115
123
109
94
115
110
114
108
105
115
101
105
109
90
91
83
105
94
98
103
103
87
92
104
117
104
103
102
102
105
121
114
124
91
88
125
102
97
104
99
101
96
97
98
102
103
94
85
113
100
92
104
90
111
94
94
92
112
100
76
110
100
85
92
100
107
89
99
103
114
90
99
113
81
114
105
94
93
109
107
103
90
104
115
112
112
114
100
109
113
97
106
113
90
106
109
108
100
99
101
90
105
115
107
117
112
98
112
101
96
99
105
98
106
103
111
103
92
104
90
112
90
105
98
90
106
110
105
105
109
98
102
91
98
101
103
106
106
98
114
98
100
107
104
109
102
107
101
88
102
111
111
106
94
84
90
115
100
99
111
111
101
103
107
107
112
95
101
104
105
92
108
97
96
96
99
113
108
91
98
98
105
88
101
103
100
104
113
90
134
90
107
104
112
107
86
106
106
108
102
99
86
108
89
118
100
107
102
107
107
104
116
95
105
95
87
92
103
94
102
98
92
99
119
95
97
112
98
93
104
98
111
95
91
103
110
94
90
107
105
106
112
101
104
104
98
101
87
95
113
91
110
107
110
93
90
95
103
93
112
118
109
105
118
102
89
95
97
115
92
111
98
105
105
110
109
108
98
90
109
96
101
93
108
103
102
113
94
105
106
100
100
84
114
117
92
94
89
93
98
105
119
120
104
121
103
109
105
95
100
104
104
95
101
113
134
90
102
105
106
116
106
102
99
101
96
87
108
112
105
99
85
101
98
97
110
94
118
104
91
93
101
111
93
95
111
97
98
111
90
95
103
95
113
102
118
104
105
102
95
88
89
108
107
118
110
99
107
114
102
112
91
102
102
88
123
114
103
97
93
90
87
86
111
102
113
86
100
105
107
102
109
103
116
125
118
104
105
111
91
106
90
109
109
104
104
107
98
83
96
118
103
93
103
99
123
127
95
103
109
116
103
77
113
102
89
113
92
102
113
103
114
105
92
97
109
89
98
114
115
119
116
101
100
108
90
107
110
109
99
107
105
108
99
107
97
117
93
111
93
104
105
110
111
107
114
115
108
102
107
108
96
89
101
98
89
98
116
104
119
99
101
97
95
117
95
106
95
91
102
102
111
104
99
103
106
100
101
106
99
115
99
112
108
86
106
108
101
96
100
88
98
99
102
95
131
92
113
91
100
104
96
107
92
123
104
116
95
109
104
102
109
95
101
121
118
109
118
110
96
94
112
100
89
106
102
108
130
105
90
109
120
138
105
137
103
102
101
117
90
118
104
107
110
100
126
92
114
131
98
105
92
96
116
104
119
89
97
98
120
107
113
111
97
97
139
116
114
108
105
96
133
126
130
114
105
108
108
123
121
113
113
121
109
104
110
118
105
118
107
107
99
87
100
116
120
116
96
111
117
103
124
96
98
113
106
103
97
91
98
98
116
92
96
105
99
97
117
113
93
122
108
96
101
110
103
105
81
100
119
106
110
106
107
102
105
100
116
102
114
105
98
109
100
111
127
112
114
132
115
109
105
109
110
117
117
119
98
122
95
114
110
126
121
113
105
94
127
89
98
116
114
125
122
106
101
119
103
99
127
111
126
108
112
117
112
111
106
109
103
116
131
126
94
106
108
94
93
124
118
94
103
104
109
117
105
132
109
118
106
112
109
125
127
122
108
114
109
112
114
115
111
116
111
124
111
119
96
104
117
105
111
112
114
97
117
112
110
115
116
109
124
119
107
102
110
113
98
113
110
98
121
107
109
115
97
110
121
114
107
126
111
116
124
128
121
118
117
91
112
118
117
118
117
125
106
110
123
105
109
124
123
111
128
138
119
125
109
103
110
117
101
122
107
109
119
92
123
127
93
117
95
133
115
108
131
104
111
100
122
102
120
101
116
122
136
135
118
98
146
130
96
129
105
117
108
107
90
109
97
120
114
116
106
105
131
113
116
110
110
126
118
123
108
124
122
107
109
125
131
138
122
109
143
115
115
141
125
124
109
127
113
117
112
119
110
113
111
112
122
127
116
128
134
134
121
98
123
119
126
116
132
117
136
135
98
102
132
113
144
114
140
127
143
112
117
107
122
118
116
124
109
114
131
133
124
108
136
115
121
116
121
131
125
104
117
105
127
93
139
119
116
115
97
109
144
128
122
124
115
125
126
118
117
129
128
107
121
135
109
118
138
106
109
102
115
114
120
108
132
95
128
122
115
141
107
132
107
128
115
119
119
116
124
107
109
111
118
123
118
109
125
132
104
117
115
119
106
116
134
108
123
110
119
114
129
116
104
112
113
129
134
102
111
116
121
108
123
117
129
139
123
112
101
113
115
105
136
126
123
128
109
115
119
133
120
111
120
109
119
128
112
118
127
124
132
105
111
113
131
105
142
123
115
107
129
127
139
129
122
135
123
129
114
108
112
113
113
110
134
109
113
108
133
126
115
113
125
118
112
122
107
108
134
114
130
115
129
119
119
133
121
112
126
132
107
113
113
115
123
114
125
107
121
125
109
124
123
132
120
114
95
119
128
118
118
113
108
124
113
142
107
122
131
124
116
93
102
101
115
120
114
109
127
114
115
120
124
129
97
118
97
107
112
110
121
112
110
110
105
111
103
116
138
104
101
98
99
81
109
127
122
112
116
102
101
110
108
102
117
136
114
118
110
105
108
103
114
113
104
111
100
107
103
120
109
97
120
102
87
98
102
107
123
104
109
94
122
108
102
107
80
112
111
94
115
117
121
107
111
95
109
94
107
97
91
111
112
115
91
91
95
92
80
112
80
94
95
107
108
83
102
95
91
95
89
98
112
110
104
74
88
91
93
89
91
79
86
103
89
95
100
97
105
85
89
98
86
80
84
93
82
93
100
83
106
93
102
82
80
98
89
96
90
88
87
95
83
93
86
94
88
79
83
91
88
97
87
72
95
75
81
90
77
86
84
88
79
107
77
96
94
77
70
81
67
90
82
98
93
86
89
64
77
79
74
98
81
87
92
75
91
70
67
90
88
71
68
76
81
66
83
70
64
66
84
72
79
97
77
101
72
82
88
76
74
67
86
70
73
70
60
65
83
72
80
73
84
68
64
67
70
81
63
56
75
63
60
70
77
68
64
70
60
71
76
73
54
72
76
69
66
64
74
62
65
68
70
63
72
64
48
58
56
70
57
61
67
56
68
77
46
59
68
70
76
54
62
58
59
60
53
68
49
51
50
62
61
71
69
68
55
57
61
56
47
61
60
57
70
67
51
48
62
77
52
61
58
52
54
65
53
61
71
51
56
66
64
50
46
63
63
66
55
62
64
41
55
54
59
59
62
49
60
59
58
58
56
57
55
49
48
57
53
57
53
55
46
52
44
55
48
44
45
48
65
48
58
56
45
48
44
46
48
59
52
57
52
44
55
49
47
59
44
59
63
63
46
38
57
43
49
44
50
50
49
58
54
44
51
45
50
53
37
57
45
54
47
33
43
44
52
58
41
52
40
47
43
51
49
39
40
43
43
53
50
54
46
54
50
35
50
38
51
50
41
48
38
51
48
39
38
47
53
39
32
38
45
39
49
43
33
41
48
38
37
42
40
32
40
43
38
35
42
40
51
36
37
39
41
46
34
50
50
38
41
40
47
34
45
34
27
48
40
34
48
36
41
38
41
31
42
38
41
43
35
37
37
38
39
29
34
39
29
39
36
40
32
44
45
29
37
37
49
38
38
29
50
36
34
31
33
45
26
44
32
27
38
34
37
40
36
44
32
30
36
41
26
54
38
32
30
27
39
26
41
31
33
34
29
34
38
31
34
27
36
31
22
36
38
40
39
38
42
27
25
38
37
46
29
32
32
37
33
43
31
38
30
38
40
24
33
37
36
30
25
34
20
41
23
26
39
24
36
30
30
46
34
26
33
30
29
33
36
38
32
28
29
42
28
36
40
30
26
35
33
27
28
23
30
25
35
39
32
36
33
38
40
46
45
39
36
30
30
27
42
33
30
36
41
36
27
30
25
30
33
30
43
33
34
33
32
30
27
13
31
38
25
29
34
24
21
31
34
22
27
31
28
26
44
40
34
28
27
32
20
31
35
30
29
41
40
24
30
41
37
30
29
28
39
25
25
29
33
32
28
33
29
29
37
28
27
37
27
21
32
26
35
23
33
24
33
29
30
31
33
31
30
37
30
26
32
34
32
34
34
29
27
37
25
39
23
30
31
36
39
28
37
30
33
42
36
34
31
33
27
35
32
37
30
34
28
42
43
47
29
39
37
25
37
27
30
37
26
23
42
34
38
31
28
36
27
31
38
35
47
39
38
45
27
34
35
32
30
37
37
44
38
36
33
34
41
30
35
33
30
42
33
54
50
46
34
31
37
36
45
47
41
40
24
42
32
48
41
32
43
42
48
41
44
37
45
48
34
42
50
43
38
41
55
51
42
50
58
53
49
57
59
59
40
56
40
49
45
45
52
35
36
46
54
51
49
43
59
58
55
53
70
52
51
51
51
43
61
50
55
55
51
54
74
74
56
58
67
45
66
60
60
64
67
71
78
67
67
71
72
83
61
77
68
80
79
80
87
93
64
90
76
99
67
86
77
73
101
77
96
74
75
86
86
95
82
89
97
93
107
92
84
94
104
111
108
90
115
114
93
111
94
106
89
118
96
92
118
131
97
130
112
102
120
123
108
127
115
110
120
125
102
119
121
115
99
119
117
129
112
124
146
132
137
144
110
139
118
154
144
125
158
139
145
152
132
127
155
167
145
147
155
169
153
163
159
157
151
158
153
176
166
163
156
187
172
177
173
153
178
192
196
203
171
193
171
165
203
169
179
197
222
197
212
181
179
185
207
207
206
219
199
223
203
222
172
185
215
209
202
217
201
244
237
222
244
222
221
228
231
238
230
240
246
216
253
251
236
230
223
242
224
255
271
257
260
278
239
226
288
247
271
247
264
300
278
293
292
252
266
288
280
273
291
287
284
293
306
317
262
309
314
308
303
327
325
313
299
286
287
331
306
322
326
300
329
332
320
343
329
327
355
346
363
321
387
331
345
348
303
359
354
334
385
371
312
372
343
388
397
334
379
377
408
391
363
397
366
364
382
379
389
352
356
424
370
393
413
353
384
357
377
412
408
383
426
431
399
415
399
397
385
436
420
406
413
403
401
452
409
441
415
419
390
453
405
438
432
416
417
448
419
456
444
393
405
400
423
417
441
445
429
426
435
441
405
488
423
450
424
436
462
469
443
467
408
442
446
447
436
432
419
430
476
459
488
439
465
476
467
449
475
456
466
457
503
429
477
449
408
464
454
460
460
459
453
498
466
437
470
496
453
451
482
480
490
487
438
487
458
447
432
425
495
456
465
454
524
447
492
468
446
485
474
453
454
462
506
483
485
470
440
466
490
483
438
476
434
453
420
435
415
451
485
478
474
489
458
426
409
467
477
454
484
466
458
467
471
440
463
444
463
437
439
448
462
450
429
447
450
470
463
456
441
512
459
447
465
454
455
449
448
433
431
418
443
434
464
478
428
500
409
408
424
423
395
414
419
436
420
478
440
401
390
421
450
424
437
443
408
442
411
422
401
409
394
416
413
408
405
399
376
403
394
417
414
387
392
407
383
351
399
370
402
403
421
398
406
367
398
415
360
377
378
388
383
364
348
338
366
331
378
356
364
364
366
330
351
327
338
352
324
320
323
333
333
325
342
357
382
345
312
330
315
356
317
318
320
319
318
339
330
311
322
300
288
295
295
296
282
281
285
284
280
298
304
281
276
247
277
260
261
318
254
288
302
275
265
290
256
321
253
265
286
261
263
259
279
235
263
259
252
254
240
238
227
228
225
253
248
251
228
213
252
242
244
241
229
220
212
217
221
193
215
216
206
199
194
233
200
208
214
207
202
206
205
179
222
205
182
207
206
209
203
189
196
184
182
193
178
169
182
154
196
192
167
206
199
138
168
174
159
158
167
149
183
149
162
147
162
152
159
146
167
168
153
169
139
156
162
142
134
130
142
164
135
115
119
153
146
133
131
129
148
136
122
110
126
113
131
131
125
113
105
108
113
100
111
120
126
122
114
101
112
125
102
130
120
109
117
136
125
102
106
106
99
90
104
101
116
99
106
103
96
81
95
100
100
100
110
89
95
89
94
96
102
82
100
80
79
97
79
76
85
87
78
94
83
87
75
90
68
66
92
89
91
68
77
66
69
78
74
75
77
61
83
68
73
69
79
69
83
86
69
61
58
88
61
55
67
68
67
56
64
61
68
51
72
51
80
66
48
52
48
65
58
62
57
56
59
61
73
48
64
50
60
55
72
44
47
55
54
52
59
56
60
59
56
55
44
43
64
44
45
53
43
55
53
48
51
56
46
52
39
39
42
50
50
61
39
51
51
52
41
47
46
42
47
51
56
51
43
49
32
38
45
41
39
52
32
44
31
47
50
35
52
41
48
41
43
34
38
47
39
39
44
39
44
39
37
41
42
38
48
41
42
40
34
43
40
42
50
42
42
39
50
39
41
36
33
37
41
48
36
40
32
36
37
39
34
34
30
33
35
46
30
36
31
38
32
32
29
29
39
31
38
25
41
29
34
30
28
35
20
36
26
32
43
35
29
31
43
38
21
25
38
24
32
27
36
37
39
34
42
28
33
36
29
34
29
28
32
35
23
37
30
35
34
26
35
26
30
27
30
45
28
33
34
28
28
30
34
34
29
29
19
30
36
30
28
32
30
39
32
34
31
26
29
35
28
27
30
36
36
21
32
32
15
32
24
38
28
31
31
29
29
24
18
29
26
25
33
28
26
25
22
27
17
37
22
33
25
26
25
25
21
21
29
34
24
38
26
34
27
34
24
21
14
22
28
30
30
24
27
30
31
31
30
20
23
26
22
23
30
16
27
21
17
25
23
28
29
24
21
27
24
21
23
28
24
26
24
29
33
20
31
24
21
23
26
23
31
16
25
18
25
24
24
30
27
19
33
25
28
26
30
21
25
17
26
23
22
26
29
24
19
29
21
27
23
21
23
21
25
15
29
28
29
31
17
19
22
21
17
27
21
23
21
27
14
18
18
25
28
20
19
30
29
28
20
26
14
17
21
28
19
23
24
23
18
19
26
27
23
30
24
20
19
20
29
24
33
23
18
26
21
26
27
24
30
16
26
21
26
15
24
31
32
25
25
19
14
25
29
17
16
21
22
20
26
27
25
24
28
26
17
18
21
27
21
22
24
21
21
26
18
25
28
24
23
25
28
23
26
20
32
22
18
27
34
16
19
17
27
17
29
18
20
25
17
18
24
17
21
20
20
17
28
20
17
24
23
25
17
23
25
38
21
27
16
19
21
15
17
25
20
15
20
31
23
20
21
30
28
27
26
30
15
25
22
26
20
18
26
17
23
22
26
18
18
22
23
14
23
19
25
19
20
30
25
25
24
19
16
22
19
19
28
24
27
23
21
21
11
13
20
16
21
21
22
21
24
25
24
22
18
19
19
25
28
22
20
23
20
26
20
20
29
29
23
14
26
18
29
22
22
13
23
27
27
19
20
24
16
25
22
17
24
22
22
18
30
12
13
20
27
13
20
28
23
21
20
28
19
21
18
22
18
24
27
24
17
18
23
19
17
17
24
16
24
22
24
14
16
18
27
12
18
19
23
26
18
21
12
14
10
14
25
20
13
27
12
19
20
20
21
22
19
15
22
24
19
20
22
27
16
15
18
22
25
28
14
32
21
17
18
16
12
22
16
12
12
23
22
20
19
15
23
16
25
21
16
20
24
15
17
18
16
18
23
11
18
15
19
25
19
18
22
20
23
24
17
35
21
20
19
25
19
19
16
18
22
25
15
14
21
19
13
21
22
24
20
22
24
18
10
15
22
14
22
28
13
21
16
11
21
20
11
11
19
20
13
12
19
18
19
25
22
18
15
21
16
19
18
16
17
17
14
18
12
20
22
17
24
27
12
17
16
21
15
24
12
18
21
20
25
18
15
12
11
21
21
10
16
19
29
19
17
12
18
18
26
18
20
23
17
19
15
25
14
13
17
22
10
13
10
21
12
16
22
27
16
19
16
19
20
18
14
12
21
19
13
20
13
18
19
17
18
13
18
18
15
22
17
18
18
12
25
23
15
19
16
16
16
18
18
12
12
18
17
12
17
11
13
17
19
19
13
19
18
17
14
12
14
10
15
22
9
14
11
17
15
13
18
18
9
17
20
13
21
17
13
10
15
18
9
17
11
17
15
20
11
14
19
10
15
13
18
17
14
11
16
13
12
12
11
17
13
14
18
14
10
15
14
19
18
16
17
25
14
15
18
12
14
14
16
9
19
14
12
15
22
17
15
8
11
17
12
13
8
8
17
19
24
11
15
13
8
20
17
10
10
12
18
14
20
13
14
17
16
15
16
11
11
4
12
15
20
21
18
10
17
17
17
20
14
14
13
24
20
13
17
18
13
16
15
11
18
15
7
15
13
14
17
14
10
21
9
11
12
17
18
9
20
12
16
16
11
11
12
13
19
9
11
12
14
9
13
16
11
10
11
11
7
15
15
12
14
16
9
16
17
10
13
13
14
15
13
12
13
16
8
16
11
6
13
18
15
15
13
9
16
9
17
8
8
8
8
14
9
12
14
12
7
12
11
13
10
10
12
12
17
12
14
11
16
16
12
14
9
14
11
19
13
10
8
8
19
11
12
11
11
10
4
4
7
14
3
5
12
17
5
8
16
8
8
18
13
13
16
12
8
15
7
7
16
11
14
15
10
10
9
16
9
13
13
9
16
13
8
14
11
11
17
6
12
5
5
11
11
12
6
15
11
11
8
13
7
11
12
14
6
11
10
6
7
10
11
12
10
7
8
10
12
10
6
7
18
11
11
12
7
7
7
9
14
5
15
8
8
14
14
13
8
13
11
16
6
14
4
18
10
8
10
12
9
12
9
15
9
19
9
8
11
5
19
9
9
12
13
7
9
6
13
8
10
10
11
7
6
3
6
7
7
13
11
7
7
7
11
9
7
3
12
5
8
8
14
11
5
7
8
10
9
7
8
19
10
8
11
5
7
6
7
11
6
10
5
14
9
8
7
6
6
6
8
5
10
12
7
7
7
11
8
5
8
3
8
12
12
4
7
11
10
9
5
3
7
4
6
9
14
3
7
7
8
7
6
6
9
17
14
7
7
5
2
6
5
8
7
3
7
11
5
7
9
3
5
10
7
8
5
8
4
6
9
8
5
9
5
15
6
9
9
6
13
8
6
8
5
6
7
3
8
15
7
8
11
5
12
9
7
6
5
8
8
8
9
3
7
3
9
10
5
8
6
5
6
8
6
8
7
6
4
5
11
4
9
4
5
5
7
8
5
7
3
10
5
8
7
10
3
10
2
6
9
6
4
8
7
4
5
7
5
6
4
6
7
4
9
8
3
7
12
8
6
3
5
9
10
3
6
10
3
1
4
4
3
7
6
7
10
6
5
6
8
5
5
9
7
1
5
5
4
7
4
2
3
6
7
6
5
4
0
8
4
6
8
5
3
6
9
4
2
7
6
3
4
6
9
4
1
5
8
6
8
5
6
5
3
3
5
6
3
4
4
8
9
8
4
6
9
7
4
3
8
6
2
4
3
4
6
3
4
7
6
7
4
4
3
6
5
6
9
6
0
4
2
4
8
8
5
6
2
6
8
5
7
4
4
5
9
4
7
6
7
5
4
3
4
6
6
7
5
5
5
8
3
4
8
9
6
2
5
2
6
7
4
4
2
4
1
6
7
3
7
3
5
8
10
7
4
4
9
4
5
8
6
4
2
6
3
9
4
2
5
4
8
8
3
5
7
2
6
8
129
143
143
141
143
141
127
138
121
127
137
128
129
118
132
159
118
146
131
145
126
114
130
133
135
139
154
137
137
129
122
138
127
138
147
107
140
129
147
123
121
155
152
154
134
126
115
128
127
137
138
134
123
131
136
147
114
120
145
128
118
110
127
171
134
137
124
133
119
123
125
132
132
117
127
126
146
113
127
146
122
146
134
137
118
131
125
151
136
116
122
130
117
151
130
127
120
111
117
126
104
147
137
125
124
138
140
119
136
130
138
142
115
117
129
133
124
145
116
138
124
159
139
113
144
131
150
81
