11
6
10
9
17
15
13
12
15
11
11
8
15
19
10
6
14
10
12
15
13
16
7
16
18
20
17
17
17
14
18
22
11
16
13
8
11
9
9
12
17
11
7
8
7
8
8
9
15
10
16
18
16
8
16
13
20
35
96
257
493
664
775
822
856
948
925
1019
1105
1134
1208
1273
1313
1276
1314
1139
1019
857
812
659
563
571
475
508
478
444
500
448
458
451
470
475
454
451
481
453
469
500
460
451
472
484
478
475
477
514
463
447
458
466
448
484
470
470
461
483
478
472
444
488
448
414
423
498
465
461
446
437
432
472
422
479
442
448
448
414
460
375
449
460
449
425
451
428
430
492
410
447
439
474
429
440
432
450
432
429
403
451
466
456
448
473
475
441
434
450
464
453
469
463
438
482
468
442
463
436
466
453
471
448
445
430
424
488
482
509
426
432
427
453
492
463
483
456
460
442
473
473
465
498
450
467
490
491
447
457
455
451
482
466
472
499
508
464
500
459
521
501
501
507
481
483
452
535
481
484
512
512
497
514
533
463
478
492
483
485
452
530
492
508
498
481
479
491
499
507
547
469
464
520
561
518
550
492
522
512
488
492
482
509
535
560
490
523
592
516
560
490
536
509
524
569
525
546
519
545
582
511
545
544
541
558
521
530
576
551
522
563
596
564
546
527
572
539
590
567
552
549
550
513
576
585
575
508
513
574
551
578
544
573
558
576
604
559
611
566
604
566
593
608
529
599
631
597
590
582
599
599
555
540
563
625
536
583
577
582
602
592
616
644
566
618
617
625
614
609
646
601
618
592
649
597
579
641
653
661
623
643
624
556
612
634
577
577
668
659
627
560
574
608
617
674
611
642
630
606
608
605
629
647
613
643
610
645
622
611
613
665
659
640
670
584
561
610
669
664
655
625
598
655
660
645
646
605
598
636
625
571
609
672
651
619
649
657
635
672
629
633
627
650
659
647
636
650
646
637
620
636
646
611
641
669
632
626
624
642
630
658
674
659
656
658
624
642
654
645
630
631
632
646
590
649
590
623
620
603
635
659
670
655
648
661
643
650
674
603
667
652
618
657
667
641
660
618
638
631
664
696
621
610
587
670
694
665
612
688
633
660
648
635
637
631
677
668
677
644
628
694
651
648
638
648
636
644
671
697
630
598
625
729
626
668
685
720
651
655
674
699
692
649
637
704
648
709
701
704
632
682
662
661
668
665
696
687
639
661
598
655
644
658
711
695
661
707
668
659
638
695
618
698
650
707
661
636
654
638
649
657
645
704
654
682
695
648
649
624
695
646
685
739
695
682
667
679
652
657
665
679
649
645
690
624
666
620
686
691
649
684
660
660
684
660
720
700
654
716
706
637
636
635
657
716
670
697
670
654
716
654
661
684
677
669
690
669
635
665
665
653
629
655
673
660
659
708
648
697
635
666
663
668
693
703
688
644
656
700
661
710
677
660
670
640
650
666
670
654
664
694
668
709
660
635
620
642
664
689
680
700
622
615
643
648
638
680
657
664
681
672
668
658
631
619
668
662
685
618
692
653
696
680
642
681
620
695
657
706
676
668
629
660
663
705
653
684
627
663
659
674
665
681
663
691
689
640
739
686
652
601
658
681
640
711
677
658
652
690
651
665
657
695
611
685
658
679
625
669
652
673
653
675
692
672
657
676
647
651
651
647
690
682
650
684
701
601
667
693
646
675
678
663
660
661
662
654
675
690
672
679
676
654
697
710
705
704
635
729
681
713
731
675
661
715
723
622
649
689
672
689
712
718
691
671
670
706
707
645
653
691
683
662
738
709
687
711
708
730
676
671
697
693
702
765
715
690
744
719
696
698
690
680
705
711
701
747
733
759
756
746
778
718
767
754
732
795
760
712
758
756
724
770
741
741
791
746
738
759
783
747
770
780
777
756
813
774
773
747
772
753
766
792
797
780
757
791
799
769
791
827
802
814
811
752
777
841
812
833
757
810
845
789
825
798
820
842
818
839
842
809
823
788
787
811
812
804
819
852
818
822
859
831
788
811
859
841
803
839
821
796
836
786
774
856
881
840
818
853
848
838
841
807
847
804
818
857
870
805
835
819
806
840
764
833
807
924
810
825
788
811
805
845
817
818
842
869
814
840
808
806
783
818
799
779
810
876
817
813
817
811
797
745
768
786
718
860
773
801
844
850
828
800
829
825
800
798
777
805
806
795
722
806
764
809
752
752
836
814
802
827
797
756
823
792
785
730
760
783
709
811
746
780
762
793
778
778
791
802
797
771
728
762
770
839
797
820
776
772
759
768
788
749
763
759
780
734
774
764
746
763
825
750
782
738
772
766
734
757
811
783
779
753
785
789
727
741
776
753
793
733
763
735
769
790
761
723
729
711
757
743
772
711
717
711
751
760
760
722
744
716
741
711
690
727
777
769
726
722
782
715
783
773
734
755
758
746
725
689
740
712
743
735
791
734
700
782
758
759
725
741
723
685
739
745
693
709
709
665
730
718
712
675
748
717
729
745
730
701
691
713
683
718
753
716
678
719
736
691
729
688
662
722
719
676
715
705
710
723
703
699
720
713
648
651
684
711
712
723
708
702
683
655
690
683
638
658
697
706
680
686
727
695
737
687
716
666
746
629
658
666
683
672
671
679
673
668
676
646
636
686
675
656
689
683
634
647
659
674
685
685
677
639
643
633
694
698
668
703
676
656
639
615
675
627
673
647
641
673
610
658
687
640
652
684
695
644
649
652
668
646
625
688
692
654
628
655
609
659
651
604
674
702
639
675
621
661
624
632
629
608
631
647
628
623
664
631
613
625
649
589
625
588
664
608
609
594
655
620
640
643
596
623
626
579
666
623
627
632
628
616
673
623
602
614
582
598
662
599
605
590
602
640
624
569
611
619
621
658
632
659
623
592
609
598
629
595
572
579
606
572
579
594
620
599
614
627
631
567
557
602
576
614
633
606
594
548
620
626
605
573
596
599
578
551
621
574
620
614
556
581
619
628
560
561
603
584
599
588
620
555
591
597
580
578
558
542
625
573
566
583
590
592
605
567
602
568
589
531
552
582
584
620
579
554
566
591
571
585
585
525
610
572
630
588
542
617
559
514
598
616
568
596
565
550
586
573
558
543
584
575
613
605
603
547
536
573
557
569
580
589
591
572
571
540
586
588
566
556
616
576
559
602
554
542
569
574
555
566
553
549
569
605
575
587
553
546
565
569
583
569
603
546
545
628
583
582
541
546
552
552
539
602
544
534
578
558
542
528
607
586
538
563
547
575
602
549
575
539
557
561
565
546
572
593
544
582
552
585
558
611
568
575
569
597
579
614
595
529
615
550
606
571
561
583
574
566
556
533
588
574
580
568
599
534
584
593
563
588
532
611
589
532
556
554
548
590
518
547
542
572
568
562
540
553
540
566
576
574
568
549
584
586
506
566
548
538
573
542
589
508
614
566
526
581
556
568
575
601
561
608
549
528
581
529
563
589
575
540
583
556
581
560
541
559
576
572
553
544
581
534
549
571
529
581
587
586
563
558
563
559
565
526
573
570
547
508
566
551
526
535
545
556
532
560
528
567
537
580
562
563
559
511
544
540
550
532
539
516
505
540
503
534
545
504
534
558
542
537
506
569
534
561
527
479
553
526
553
534
530
574
556
539
533
527
514
522
525
531
520
510
547
520
505
547
549
538
497
520
541
536
482
484
526
558
553
525
500
506
509
482
506
529
487
478
514
511
493
493
492
460
514
503
471
533
488
524
489
463
469
486
471
487
475
455
456
456
457
470
436
483
475
481
473
469
442
517
443
446
437
478
479
475
429
446
458
470
427
459
434
417
460
476
493
436
399
440
459
445
429
465
430
420
429
414
415
441
449
409
420
421
448
405
401
412
393
421
402
385
446
416
425
405
404
421
406
397
428
377
382
421
369
389
374
384
389
397
380
373
392
407
363
378
372
395
390
368
393
385
396
369
340
368
336
384
333
357
347
394
353
403
372
362
365
360
387
341
364
344
301
341
352
335
357
350
305
319
340
315
334
330
367
346
337
311
308
351
302
352
330
323
342
325
320
350
344
297
331
339
304
314
313
326
293
324
325
295
313
300
280
322
303
315
317
306
323
317
305
300
298
290
317
325
315
335
294
296
298
314
319
323
263
307
316
286
272
285
315
315
296
306
320
270
286
281
307
317
314
278
291
301
289
273
296
294
245
304
288
278
288
278
309
309
276
300
298
271
289
327
312
279
304
260
275
269
261
297
271
250
277
301
279
281
288
266
305
277
271
281
248
275
305
277
270
271
270
264
282
238
266
296
244
276
285
281
265
282
269
253
248
272
273
280
269
249
259
261
265
262
255
265
248
265
254
260
247
225
263
271
254
232
254
264
221
272
251
253
257
252
254
245
260
270
260
250
261
241
255
235
257
246
265
249
237
257
239
253
255
249
233
230
241
237
252
262
241
236
239
236
250
235
262
247
268
214
240
253
243
230
203
254
245
219
261
215
233
237
249
229
230
230
234
236
250
245
256
251
249
234
250
264
227
230
238
238
240
260
270
256
236
214
238
244
224
206
225
236
217
214
240
229
232
228
235
230
222
252
267
224
211
250
208
220
230
230
230
239
253
228
203
208
232
236
224
227
241
224
224
235
233
235
249
238
246
192
219
247
227
214
202
226
225
234
236
223
253
229
233
203
235
212
228
227
237
187
210
254
218
205
213
207
197
230
231
207
234
219
230
200
227
206
191
231
216
224
228
223
228
218
226
211
238
229
230
206
232
238
212
212
242
214
216
249
213
232
206
218
218
224
222
225
204
209
246
215
207
214
235
237
231
207
219
227
229
192
212
201
202
217
229
234
197
187
228
226
216
219
192
204
197
198
192
207
230
213
228
224
196
221
223
192
201
215
206
223
243
216
215
211
235
206
230
207
217
219
208
235
212
190
204
226
217
241
210
195
188
215
240
217
193
193
195
213
206
190
187
211
209
217
223
196
206
194
221
202
212
207
221
183
213
234
199
228
239
207
223
177
193
202
217
212
207
198
230
222
204
201
235
202
217
202
202
207
201
202
221
220
203
203
190
206
211
204
198
204
191
220
219
195
203
204
190
193
236
208
194
203
213
209
232
212
214
203
208
201
223
207
204
203
218
211
206
191
230
221
183
234
232
231
189
224
210
234
219
225
206
206
210
229
218
224
205
204
238
227
213
223
203
221
247
217
226
214
188
255
214
228
228
215
223
234
187
240
218
226
239
235
237
225
233
248
242
218
238
206
214
268
251
246
256
223
255
244
247
242
265
267
250
258
242
251
260
261
257
223
261
260
260
248
268
289
267
270
262
253
232
271
284
310
269
275
261
302
290
259
299
312
317
295
319
320
332
283
307
313
336
319
339
321
336
318
353
375
338
370
352
366
356
395
349
361
377
379
378
382
392
396
357
415
420
442
452
384
452
436
435
444
439
467
494
446
451
452
456
486
483
517
524
530
558
557
494
534
619
587
547
579
557
560
569
605
601
601
621
625
590
621
682
701
644
683
698
730
778
700
741
725
789
723
736
782
756
745
857
823
845
815
917
802
876
921
925
857
902
976
995
948
1015
999
925
1030
1059
1024
951
1085
1115
1112
1037
1145
1126
1114
1119
1117
1147
1209
1183
1265
1229
1257
1270
1326
1320
1325
1311
1435
1379
1425
1373
1377
1418
1509
1422
1443
1470
1500
1497
1569
1456
1534
1521
1634
1584
1637
1710
1638
1659
1667
1580
1693
1793
1788
1754
1772
1832
1794
1820
1885
1834
1766
1923
2028
1869
1866
2039
1993
2009
1998
2028
2072
1994
2055
2030
2151
2158
2193
2100
2142
2181
2207
2212
2324
2292
2354
2346
2259
2319
2416
2383
2294
2439
2444
2452
2408
2478
2645
2476
2504
2614
2558
2538
2576
2585
2557
2663
2683
2677
2680
2564
2779
2734
2709
2756
2695
2751
2836
2867
2748
2857
2800
2795
2918
2807
2901
2776
2909
2810
2898
2918
2939
2848
2879
2899
2963
2931
2985
3067
2987
2993
3104
3120
3026
3138
3027
3021
3018
3066
3042
3148
3137
3142
3148
3192
3137
3085
3246
3175
3129
3191
3078
3201
3170
3125
3184
3161
3139
3187
3169
3112
3169
3191
3320
3113
3305
3161
3245
3178
3258
3225
3256
3139
3224
3208
3230
3311
3216
3258
3179
3243
3132
3165
3161
3160
3088
3228
3104
3204
3231
3170
3159
3159
3133
3002
3088
3169
3151
2999
2983
3030
3162
3076
2994
3184
3036
3079
3018
2979
3037
3010
3004
2942
2957
2948
2952
2853
2827
2872
2914
2938
2884
2881
2855
2759
2804
2776
2807
2686
2710
2682
2732
2774
2674
2672
2610
2719
2621
2581
2636
2656
2511
2587
2621
2527
2556
2457
2525
2415
2464
2473
2290
2276
2340
2437
2318
2290
2339
2295
2286
2240
2239
2200
2037
2196
2171
2130
2062
2132
2101
2046
2091
2024
1953
1987
1946
1971
1927
2011
1954
1918
1854
1805
1823
1757
1841
1813
1793
1804
1681
1736
1733
1667
1718
1604
1624
1562
1576
1632
1528
1583
1507
1524
1537
1501
1436
1444
1386
1381
1391
1399
1328
1338
1373
1299
1351
1286
1264
1236
1259
1216
1190
1160
1142
1171
1085
1157
1183
1147
1118
977
1052
1062
994
1071
1004
1015
986
959
957
957
953
983
914
931
894
895
909
875
833
848
759
767
763
787
754
748
741
758
724
729
696
716
687
682
638
585
687
607
633
581
645
634
629
607
605
587
568
569
580
544
519
567
499
512
548
507
538
508
508
479
513
455
438
397
463
474
446
402
436
413
399
434
420
366
386
393
380
380
361
375
369
350
350
372
391
316
336
303
334
324
336
324
343
324
282
314
289
282
301
314
278
278
286
290
281
284
269
275
279
272
225
250
259
267
227
248
270
242
228
240
220
239
223
215
215
220
235
217
190
219
223
214
198
204
188
188
183
174
187
187
181
201
213
200
215
180
195
187
198
188
182
179
187
146
188
200
170
189
156
138
178
169
157
172
152
154
164
142
178
139
131
176
163
155
156
146
158
126
132
131
144
173
122
123
133
139
144
132
148
131
127
160
129
139
149
123
136
136
133
157
139
127
145
118
134
151
129
127
128
135
143
127
129
113
149
108
110
128
122
126
111
128
129
110
132
146
139
125
129
126
120
128
105
110
123
114
128
94
109
128
124
121
126
138
110
124
99
110
115
125
128
95
124
117
112
124
121
119
125
124
120
113
108
127
102
104
107
109
114
115
123
121
109
103
126
113
86
108
94
103
104
105
101
103
128
126
101
128
116
102
114
106
101
111
112
119
106
113
97
105
113
101
102
104
117
115
120
112
104
115
117
101
114
109
90
96
98
113
91
88
103
108
113
106
93
109
117
111
87
99
98
113
90
94
102
106
95
109
112
103
120
95
124
103
93
96
99
94
104
119
112
102
120
108
113
104
99
92
105
98
116
88
117
104
92
90
103
110
83
120
116
89
92
93
84
92
108
97
100
100
91
101
115
114
103
119
102
105
100
104
112
96
103
106
106
104
103
95
105
87
89
96
106
108
123
103
79
109
95
104
91
103
95
106
81
102
97
89
96
85
93
112
92
107
102
104
105
109
99
97
92
92
107
87
109
108
93
103
91
90
89
67
101
100
81
97
98
99
88
99
76
93
92
90
93
113
92
89
113
103
102
99
94
90
101
85
106
102
113
95
99
89
105
91
102
77
95
93
112
97
88
91
108
88
99
119
95
79
89
88
91
97
118
90
98
84
113
109
121
98
105
96
93
100
105
91
85
90
116
86
94
94
95
88
117
102
105
111
82
93
94
87
98
100
108
109
88
95
111
97
97
81
105
109
83
102
98
86
99
96
80
101
100
103
103
96
86
118
100
99
104
90
94
100
71
97
88
110
96
91
99
93
108
99
112
98
122
93
101
89
104
87
111
91
98
79
112
91
89
96
102
95
83
91
103
106
121
101
95
111
90
116
111
97
112
94
109
96
106
93
88
84
97
97
97
106
85
96
98
99
114
98
97
89
101
92
84
91
88
80
98
94
94
106
103
112
104
113
116
94
77
88
105
107
90
85
91
81
101
95
91
97
97
117
109
84
89
80
97
98
120
97
100
94
107
77
95
105
95
94
102
95
96
94
85
99
83
72
94
104
116
87
111
111
96
137
118
84
106
91
96
90
109
100
85
91
119
96
96
109
89
100
125
91
102
95
100
105
94
87
116
87
104
105
115
101
108
89
102
114
93
106
98
96
113
81
88
105
106
108
82
123
97
109
102
93
99
104
84
85
96
120
96
92
115
91
109
110
110
100
88
104
81
99
86
123
87
86
101
97
85
100
92
88
106
116
99
103
83
87
94
104
100
93
95
94
99
88
97
101
94
104
85
118
121
114
91
112
123
84
96
87
95
95
98
104
121
102
106
94
83
113
102
96
102
109
103
89
109
95
104
98
94
100
113
108
93
104
91
90
102
84
104
112
91
107
112
116
102
111
98
103
101
96
110
117
87
102
104
94
94
104
96
99
93
88
117
102
94
107
105
116
107
111
101
89
106
119
87
105
97
102
107
105
120
107
94
91
116
98
95
107
83
104
116
94
111
92
103
109
116
115
88
82
103
91
101
96
88
93
106
90
88
105
106
77
109
102
92
99
85
113
93
108
106
92
104
86
97
114
92
116
94
95
97
100
127
87
105
89
99
94
108
124
102
103
97
115
108
98
96
113
116
108
102
101
106
101
86
95
93
91
98
87
89
100
99
93
95
102
92
86
100
100
99
94
102
101
101
93
96
93
96
99
103
95
90
96
103
93
93
92
83
97
113
81
76
109
77
111
99
108
111
102
100
100
93
116
96
96
120
88
122
90
90
96
94
90
104
88
89
97
98
112
105
108
111
98
86
94
99
108
109
109
108
88
100
84
88
91
114
103
85
93
89
103
89
91
90
114
102
90
93
99
120
98
90
88
100
101
98
94
97
87
96
112
106
112
93
92
89
99
104
105
88
88
94
78
102
115
105
93
81
93
113
118
102
100
92
83
99
92
85
120
86
106
95
110
88
98
102
88
105
93
81
100
83
104
100
106
103
98
90
88
117
104
86
83
109
94
88
108
98
104
82
82
91
95
108
81
103
111
94
115
96
95
104
85
105
118
96
115
102
104
92
103
90
83
97
96
111
89
95
92
106
98
97
100
90
78
101
103
95
121
100
107
107
85
80
103
103
93
99
101
121
87
96
89
92
83
103
96
110
105
103
105
101
96
95
95
96
101
97
86
80
95
103
100
102
96
97
116
107
111
81
105
93
97
90
110
108
110
97
89
113
98
97
109
93
96
106
88
94
100
98
98
108
97
113
98
87
110
96
87
105
112
100
96
87
113
99
87
86
100
107
99
81
91
84
79
80
94
96
93
108
81
106
106
103
108
105
103
110
111
99
99
91
83
98
104
74
100
103
117
90
81
82
98
102
100
111
123
95
102
98
95
98
95
98
105
93
96
93
121
108
92
85
87
84
100
89
102
87
108
98
102
107
121
89
103
101
89
106
102
96
100
83
107
105
98
100
81
95
105
83
85
91
100
93
91
96
114
87
97
110
110
84
93
99
110
94
123
107
121
103
105
74
114
94
100
105
99
109
100
100
104
97
84
93
95
86
106
105
89
106
78
83
85
83
80
108
83
95
117
95
108
87
83
108
106
100
109
98
88
92
80
96
97
96
106
102
118
81
104
110
99
101
110
92
90
97
97
107
110
94
99
119
75
83
97
108
100
115
99
106
106
85
86
87
100
100
100
86
100
94
112
103
89
88
111
97
102
84
78
104
107
99
88
91
111
86
110
92
102
109
102
91
98
94
83
107
82
94
95
104
106
95
69
100
99
85
102
103
96
95
92
78
92
84
100
101
84
92
111
104
100
92
79
100
99
97
98
99
92
76
71
108
89
101
105
103
92
87
110
96
96
112
90
86
102
91
90
112
94
92
97
101
95
110
96
104
95
99
92
93
113
70
115
105
87
85
97
99
87
102
90
90
86
95
94
90
96
90
95
110
101
102
91
100
122
98
125
101
83
96
99
88
97
96
99
107
99
97
84
98
87
91
96
93
103
95
89
97
93
98
89
102
93
104
99
104
80
92
100
125
96
97
104
95
91
103
88
123
99
86
115
99
112
96
111
84
95
90
92
93
118
95
95
127
89
98
87
98
115
105
100
139
112
98
96
108
111
102
92
92
97
100
107
95
97
107
100
99
124
102
88
93
100
97
101
113
104
105
88
115
90
114
97
88
117
111
80
115
90
92
98
107
104
93
99
78
94
80
97
87
106
117
102
106
93
91
110
113
105
95
76
90
84
108
117
103
105
96
104
91
96
110
98
90
107
91
105
94
101
95
110
107
96
99
79
99
107
106
95
105
101
94
100
116
101
104
100
91
104
107
115
92
109
87
100
104
110
73
112
108
101
104
95
95
106
90
102
84
99
104
94
95
105
93
91
94
115
96
95
89
87
76
95
93
93
107
107
84
114
103
99
98
91
100
114
100
100
77
103
90
94
103
89
104
98
111
92
110
97
85
88
114
107
104
126
81
104
97
107
109
103
111
119
117
94
106
113
98
95
98
99
97
98
96
97
106
95
109
83
98
98
84
95
87
85
98
74
114
87
84
88
94
93
104
98
102
111
113
90
102
106
113
117
101
99
105
106
107
106
100
109
104
113
112
106
105
106
97
97
105
96
107
136
101
119
108
114
89
96
97
90
104
97
95
113
95
102
114
121
85
99
98
101
92
87
101
84
122
90
85
104
106
128
91
103
114
106
113
100
102
87
127
101
89
107
114
97
102
102
100
99
96
107
116
108
95
93
110
107
119
121
111
109
100
98
100
108
107
110
107
108
106
96
98
98
88
110
110
108
100
101
106
89
91
102
115
102
118
101
95
95
107
122
116
112
99
125
98
122
109
105
103
116
101
97
113
114
105
93
99
93
102
115
106
99
98
102
102
104
100
97
112
106
83
110
111
106
115
109
99
87
100
93
102
102
98
121
112
111
123
104
121
95
122
106
93
107
119
121
113
108
115
94
99
107
100
100
116
113
107
120
92
110
119
119
134
112
117
97
124
122
114
104
91
97
105
114
120
107
102
107
96
122
89
108
100
117
86
98
115
120
101
117
125
108
109
109
104
102
110
92
116
111
98
127
113
107
101
100
108
109
118
109
110
109
101
104
121
114
113
126
101
94
109
107
101
107
120
99
117
112
103
122
105
113
112
119
104
96
131
107
115
104
101
120
107
103
99
107
110
117
109
102
111
110
101
104
91
105
123
115
120
89
110
101
110
125
105
125
91
102
113
129
96
101
97
106
100
97
116
113
112
113
119
109
110
119
109
128
126
111
107
106
109
116
93
122
103
122
107
114
128
109
97
110
113
133
122
101
119
96
114
98
103
126
98
119
114
108
109
120
127
125
95
122
124
113
125
100
103
115
114
100
94
119
115
92
125
117
111
104
97
110
126
123
101
111
97
116
120
114
104
111
97
111
110
136
99
100
115
120
95
128
121
120
142
94
109
112
135
102
111
84
113
121
104
113
103
115
123
115
98
118
132
111
123
124
116
111
108
120
106
112
102
115
112
125
125
132
109
136
98
103
110
115
106
118
113
115
109
96
118
117
136
117
107
120
134
106
106
102
118
126
109
104
129
127
102
117
116
116
117
100
106
112
110
116
129
101
112
105
107
111
110
104
126
111
120
138
113
124
145
90
105
105
104
128
121
121
103
106
122
111
114
119
119
112
116
107
110
114
133
111
107
99
120
130
108
120
109
104
123
114
105
99
114
92
113
121
113
95
131
121
102
110
134
100
106
109
98
95
123
109
114
113
107
116
115
103
108
106
99
99
93
116
113
103
116
107
101
124
118
101
114
120
110
100
108
104
122
92
92
125
97
113
110
99
113
114
111
109
120
126
97
109
109
113
96
98
108
92
101
103
113
114
91
99
102
101
91
105
115
102
112
130
87
106
102
109
97
111
92
119
94
110
89
109
106
103
113
99
115
95
97
105
106
99
105
110
106
91
102
130
96
87
106
95
108
92
104
90
106
112
99
118
104
111
89
101
83
102
96
97
87
103
102
118
99
93
96
97
95
87
102
87
91
109
90
99
87
79
96
114
86
99
95
103
82
90
92
86
105
87
92
95
94
108
101
92
89
88
86
90
106
78
94
97
82
94
99
90
102
90
102
103
99
111
77
111
75
105
91
105
101
74
95
76
95
93
100
87
90
72
75
98
97
124
92
90
98
89
87
77
93
83
88
100
81
84
78
93
58
99
78
72
94
107
78
78
84
80
77
84
90
80
90
78
109
75
108
93
82
94
75
84
76
69
88
93
90
69
74
66
85
85
78
68
81
65
73
84
83
83
89
89
79
83
81
94
85
69
88
91
93
78
79
65
76
61
87
73
70
85
69
70
72
67
87
85
83
78
72
73
96
61
80
63
71
76
82
71
85
67
83
59
71
50
83
64
61
57
88
73
81
65
64
64
78
63
60
60
78
83
56
74
78
61
82
72
74
58
68
75
68
69
67
71
72
54
67
72
73
50
64
73
76
50
67
69
56
70
55
69
59
81
69
67
69
61
60
60
60
68
54
56
65
61
61
66
50
56
87
73
59
51
59
56
56
55
52
58
62
73
60
73
73
62
72
64
61
64
46
53
59
66
73
64
57
60
47
51
62
54
55
60
67
53
71
54
51
50
50
66
54
55
52
42
54
53
52
61
51
65
66
48
55
55
55
56
57
54
46
51
55
49
62
46
68
54
52
53
42
55
54
55
39
61
56
47
53
46
50
54
57
47
43
46
45
51
44
46
53
39
48
55
56
45
48
63
39
62
54
54
49
53
53
44
52
45
49
47
48
61
43
49
47
47
51
35
56
47
40
50
34
56
36
37
52
63
50
33
57
46
42
52
50
40
47
34
44
36
45
47
50
34
42
54
31
48
46
41
46
47
43
51
34
39
53
36
40
54
37
42
50
40
42
35
40
44
43
38
48
34
42
45
52
33
40
34
42
42
37
48
31
52
42
36
47
27
34
33
38
49
36
43
43
43
41
53
40
46
39
31
43
31
40
43
35
52
38
40
47
39
30
31
36
32
44
24
32
40
35
33
34
35
30
51
39
31
36
32
46
37
37
41
38
34
48
37
36
38
36
34
59
35
47
28
38
43
38
31
31
33
35
32
38
43
38
36
29
35
38
29
33
46
38
31
40
31
36
37
38
28
38
35
33
28
32
38
37
38
33
28
36
33
40
29
36
32
39
31
41
33
32
44
36
40
38
34
31
45
31
38
46
24
38
32
35
27
34
22
40
43
33
27
31
34
31
34
29
39
40
27
29
41
30
36
25
26
33
31
48
35
27
35
37
30
35
32
31
23
26
31
35
27
37
26
27
26
32
31
31
24
40
23
35
19
30
34
29
28
36
26
32
35
23
39
44
33
23
23
43
30
33
25
36
33
22
16
31
34
33
22
29
28
35
25
31
31
33
27
34
31
30
30
28
26
31
25
35
35
29
27
27
18
22
30
33
36
25
21
33
34
20
31
22
37
38
34
35
26
26
16
33
31
39
37
23
34
26
31
29
29
39
37
32
24
31
22
25
24
31
41
29
31
25
47
29
29
19
32
24
25
18
31
22
37
30
28
29
32
35
37
30
23
27
31
40
32
22
27
28
41
39
32
28
41
33
34
31
29
34
38
28
37
24
34
32
38
36
35
40
28
24
22
28
35
38
28
33
32
28
26
26
31
30
36
32
32
27
36
29
33
42
36
41
33
30
34
34
38
42
34
38
29
39
43
22
43
27
25
35
56
41
41
45
44
38
41
34
35
38
31
39
43
52
50
39
40
38
49
42
38
44
34
41
39
28
51
47
37
41
40
39
45
43
47
50
41
43
47
50
48
60
40
49
47
44
39
57
39
46
49
48
51
36
41
47
47
41
44
49
66
68
41
46
55
53
51
45
58
66
54
52
65
58
58
54
59
60
58
47
57
60
71
64
66
54
62
51
72
45
72
71
68
77
68
62
65
59
77
68
73
60
70
65
63
69
65
65
69
75
73
60
72
77
64
85
85
83
76
89
85
78
72
84
105
76
84
63
91
83
78
86
97
81
78
75
76
92
85
73
92
103
81
110
84
94
106
99
103
80
115
103
97
99
122
97
95
86
103
99
110
108
99
105
102
111
97
112
100
111
107
98
104
99
124
123
116
129
129
134
109
116
121
141
104
128
128
114
134
132
123
130
121
151
129
106
136
142
122
131
135
149
136
143
144
154
127
139
154
136
139
170
140
160
154
157
145
138
148
176
150
172
162
157
161
164
182
174
174
182
176
177
148
169
169
174
172
154
150
169
184
146
162
179
168
172
206
188
192
181
185
212
183
178
208
185
193
189
196
188
192
196
207
210
194
212
211
184
187
220
211
198
205
215
205
210
201
197
223
195
207
240
210
230
217
246
213
234
221
246
235
223
238
205
223
220
229
223
230
223
254
246
248
260
267
237
246
277
245
222
273
259
259
282
252
248
258
265
233
242
261
267
280
278
270
251
240
255
263
274
263
265
285
256
271
272
266
294
301
282
282
274
288
304
310
306
309
284
289
300
292
294
308
288
332
307
295
276
297
292
301
305
301
303
293
292
317
290
283
318
330
310
275
311
310
335
299
353
328
310
326
329
320
316
342
336
347
316
322
357
341
330
359
352
342
364
357
349
343
359
332
345
331
341
349
384
360
357
308
357
373
338
335
399
366
333
365
388
384
356
365
327
345
371
379
364
368
383
348
393
355
370
382
382
350
379
347
378
365
365
384
375
384
349
359
397
368
378
371
367
404
391
401
336
390
374
360
418
386
389
383
415
394
365
426
382
382
416
383
386
397
404
399
379
381
437
372
370
397
388
419
385
395
399
400
411
379
394
378
455
436
388
419
407
405
381
381
451
390
375
400
411
411
418
428
442
401
394
367
402
424
419
375
396
396
427
390
404
398
401
384
406
435
384
427
445
396
390
392
425
403
423
426
443
392
405
418
415
409
417
427
420
431
388
387
396
411
412
412
391
410
415
435
403
424
406
374
378
365
424
438
416
399
420
413
412
406
401
393
416
385
362
437
386
395
410
411
419
390
440
396
411
370
359
418
383
410
378
388
376
368
415
391
357
417
383
353
395
369
393
375
385
362
360
361
406
362
369
383
373
355
380
377
393
391
371
367
377
365
378
341
349
375
322
366
345
367
354
389
352
377
386
378
335
354
340
348
339
369
357
358
327
323
336
346
360
345
316
369
326
333
298
307
327
319
347
358
290
332
322
348
313
312
310
328
312
293
309
387
293
307
305
306
288
293
290
304
287
275
301
300
316
294
296
308
300
301
263
285
289
271
291
290
278
287
272
304
290
255
232
272
250
271
253
264
255
267
269
271
280
293
272
264
264
259
247
259
255
266
266
210
244
256
230
234
262
229
260
251
259
242
230
230
217
215
221
209
234
232
223
226
231
231
238
225
258
225
217
237
230
218
213
186
199
186
215
238
225
210
197
231
196
193
197
204
207
193
216
202
189
183
187
173
210
168
185
178
190
193
184
199
162
169
175
181
179
172
160
172
191
152
164
170
155
160
158
133
179
157
147
157
138
163
140
153
151
148
162
159
156
146
147
152
144
149
134
151
133
135
135
165
132
144
122
126
142
117
130
125
129
131
130
129
119
138
124
117
131
120
108
138
121
111
130
122
106
109
119
95
113
112
106
114
115
119
112
105
108
88
119
87
108
118
110
89
90
102
100
92
119
98
90
107
103
109
97
103
99
88
96
93
99
82
71
89
91
96
79
88
64
104
81
101
94
98
89
81
95
93
91
67
68
76
84
71
62
72
65
75
83
74
70
74
79
65
79
54
74
68
68
57
83
79
80
61
58
66
72
70
57
75
75
81
69
69
59
76
59
62
71
50
60
64
68
64
59
66
51
67
58
54
60
63
51
66
58
47
57
51
58
41
39
57
61
54
65
59
77
52
46
56
59
52
69
50
54
53
59
60
52
45
44
47
54
51
40
47
40
62
45
61
50
51
57
52
54
39
43
46
48
53
44
54
49
41
42
49
49
47
57
36
53
40
51
39
32
51
33
44
43
44
35
42
34
33
41
46
49
41
38
43
43
28
40
47
42
50
38
42
34
44
42
37
37
36
37
41
43
34
32
26
42
30
27
40
39
35
42
34
23
41
42
36
25
38
30
36
35
32
33
37
32
34
35
36
32
35
39
33
46
36
28
36
27
32
31
40
38
39
34
28
41
34
36
35
35
36
30
34
29
36
32
33
29
19
34
28
36
38
25
37
33
38
25
31
30
36
24
24
37
23
29
31
24
30
28
27
27
21
23
28
43
26
28
32
37
33
28
35
32
33
31
28
26
35
31
30
30
27
30
31
42
24
31
22
20
29
35
51
33
23
29
21
26
26
22
29
25
36
20
23
13
27
26
27
25
21
28
34
29
25
37
34
28
26
24
19
27
30
34
19
29
21
28
27
35
28
19
22
27
18
28
27
20
28
26
21
19
28
29
19
21
21
19
23
25
15
22
29
22
29
24
23
20
19
28
29
29
24
31
28
30
25
33
26
25
24
17
26
23
24
25
28
22
29
28
25
23
22
24
31
18
19
22
24
25
24
23
26
18
24
27
29
25
24
26
21
19
20
28
30
21
26
23
24
19
27
23
22
17
31
19
21
19
31
24
22
14
23
24
29
25
23
17
23
24
24
14
27
22
33
19
21
29
30
21
21
17
15
14
20
27
17
21
27
25
23
15
18
25
26
24
19
25
21
17
20
25
23
22
15
18
23
23
23
24
24
15
26
22
20
19
20
23
16
15
27
22
12
28
26
25
20
26
20
20
22
21
18
26
22
23
21
19
17
18
22
33
17
18
28
16
19
19
22
23
14
17
28
17
23
18
20
20
19
23
24
21
20
20
23
27
30
28
24
23
26
17
24
16
12
22
21
18
16
18
12
21
22
19
25
18
25
16
21
16
21
16
15
19
16
22
17
14
17
26
20
19
17
25
22
22
23
23
26
20
13
28
14
19
16
27
22
16
18
20
21
26
23
19
23
26
18
16
19
15
25
18
18
16
25
33
21
21
21
23
17
19
19
9
18
20
21
22
15
22
27
20
14
23
23
16
15
18
19
26
28
16
19
22
20
21
24
20
21
18
17
25
26
22
23
21
25
19
18
13
20
23
11
19
16
20
16
25
25
23
25
22
14
17
28
16
15
26
16
18
16
17
24
15
16
14
21
17
23
26
23
26
23
18
26
14
21
14
20
20
27
23
15
18
24
22
20
21
24
16
14
29
23
13
26
20
16
14
18
16
28
17
23
12
22
16
23
19
26
25
17
15
19
21
20
17
21
20
21
26
18
14
25
12
23
18
16
25
18
16
15
18
17
17
20
17
18
19
17
15
16
13
15
19
19
22
17
18
18
26
25
22
23
22
16
15
19
25
12
19
15
20
18
25
13
15
19
14
19
17
18
20
17
17
18
17
14
17
11
16
14
18
17
28
27
15
24
18
15
19
25
21
11
20
21
22
20
17
15
20
10
25
19
21
17
23
15
21
22
16
19
12
23
24
16
15
26
12
13
14
17
21
11
10
17
9
14
23
15
17
12
21
22
12
16
21
24
18
16
25
17
21
14
12
14
16
15
19
10
18
15
28
19
21
13
12
12
24
11
14
15
18
13
20
15
21
21
18
13
20
12
18
9
11
20
15
13
17
18
13
10
20
12
17
11
19
18
8
23
14
21
11
15
7
20
11
21
13
16
18
12
16
13
7
12
14
18
22
13
19
22
12
14
25
15
11
16
21
20
16
15
16
12
11
15
22
18
13
16
22
14
15
12
20
17
19
18
9
17
13
6
13
8
21
12
16
8
6
14
17
14
12
9
23
15
20
17
17
15
13
14
19
8
17
17
20
13
15
15
10
17
10
19
13
15
18
18
21
9
16
17
10
16
16
13
16
15
17
15
14
20
19
10
13
16
16
18
15
13
9
15
15
10
20
13
17
10
17
22
19
16
16
14
21
18
16
15
12
11
8
12
19
12
11
12
20
18
15
11
21
14
11
10
16
21
16
14
8
17
16
19
20
18
10
18
14
12
19
4
17
18
18
13
11
18
8
16
10
15
10
10
14
14
9
12
21
9
8
14
15
16
10
9
13
12
19
13
7
10
17
11
16
12
6
11
12
12
17
10
13
13
10
13
14
9
15
14
14
11
8
12
13
18
13
13
8
13
9
18
7
10
13
11
10
11
7
14
11
8
9
13
14
6
17
9
14
10
12
15
12
16
12
10
10
9
12
12
15
10
20
13
9
18
18
14
12
13
19
14
7
17
12
6
16
21
11
9
11
11
15
7
15
10
8
12
12
16
11
9
10
15
10
8
12
20
11
13
13
10
18
12
16
9
13
8
6
22
14
14
9
8
10
11
16
12
11
6
11
7
9
8
13
8
5
10
11
172
173
179
187
176
153
189
171
184
165
179
160
170
187
179
156
157
160
172
175
185
154
168
167
164
189
144
148
164
167
176
171
167
181
165
147
149
159
161
192
196
150
151
166
154
172
162
164
161
162
161
164
182
162
152
148
142
173
183
139
147
186
144
164
158
173
155
157
178
140
147
180
150
166
157
157
164
171
167
176
163
177
161
172
159
174
165
154
158
165
166
159
156
165
172
135
164
166
161
140
146
168
161
164
140
151
143
159
151
130
159
184
174
158
160
154
146
149
159
144
177
131
180
145
179
155
170
101
