19777
16553
13729
11251
9671
8302
6991
5914
5117
4531
4128
3613
3267
2862
2700
2378
2330
2119
1969
1916
1799
1688
1710
1601
1514
1419
1465
1365
1380
1395
1403
1261
1292
1329
1238
1162
1249
1151
1224
1234
1228
1258
1140
1194
1188
1153
1126
1162
1129
1140
1119
1098
1020
1144
1085
1017
1059
1036
1060
1028
1030
1020
1036
1014
992
1002
1037
925
922
945
910
959
950
907
892
928
918
927
896
896
912
883
887
897
844
863
894
872
910
870
907
846
825
841
845
832
818
777
778
821
821
836
818
882
804
775
794
787
795
754
798
831
785
845
819
812
827
804
849
820
809
738
766
732
699
771
745
728
703
725
745
696
698
698
715
729
673
704
713
761
685
709
740
708
724
718
731
682
646
700
629
624
652
681
660
650
654
642
639
675
647
639
657
654
615
614
633
641
629
636
614
609
640
623
596
619
586
634
584
608
630
599
648
600
619
622
600
588
541
605
555
586
566
585
584
571
577
552
593
585
562
541
544
564
550
545
594
481
512
544
535
550
539
558
521
533
539
502
492
528
492
486
512
520
475
483
482
489
437
480
479
502
504
487
504
526
458
442
507
457
455
469
427
493
472
440
465
450
462
468
447
466
464
438
470
477
475
484
489
497
479
422
464
498
483
457
474
494
483
502
477
460
457
488
440
451
464
478
473
472
415
470
479
484
441
454
444
440
459
454
417
460
467
524
446
467
479
452
459
431
469
417
449
476
414
413
458
476
426
451
457
483
440
460
426
419
409
432
415
399
419
432
448
427
422
387
424
458
387
421
451
456
415
450
421
420
395
408
396
437
394
439
427
390
409
406
444
411
416
390
418
419
413
429
421
429
382
401
401
430
388
397
396
398
401
398
397
417
383
376
407
393
392
420
375
405
430
383
417
362
399
394
389
397
436
387
352
375
371
392
355
345
423
369
377
397
386
379
360
400
379
377
367
387
416
383
385
351
399
387
364
366
364
360
359
358
358
336
357
396
349
338
407
371
383
369
395
361
360
356
357
406
307
358
331
347
365
318
400
373
347
400
365
331
341
346
318
334
345
347
385
353
383
377
369
344
352
364
347
327
343
319
311
357
350
345
341
328
310
313
332
311
306
350
323
344
312
343
314
350
330
304
356
329
343
328
309
327
306
336
337
313
334
341
324
364
326
347
325
310
319
340
335
348
320
306
325
337
323
312
349
325
331
317
330
336
312
318
321
326
319
321
309
288
327
300
350
335
318
333
317
329
342
336
324
319
311
335
321
335
313
330
317
322
299
350
351
313
344
319
293
292
325
327
304
325
337
316
338
313
310
319
297
298
301
304
280
327
291
298
316
298
302
276
326
285
290
319
290
328
299
255
307
315
305
307
310
294
306
296
273
286
295
316
313
319
288
307
295
293
307
302
281
318
248
303
291
274
313
291
307
278
311
264
250
296
284
261
298
283
276
323
274
283
286
290
292
308
255
283
306
265
304
259
311
274
276
301
275
297
309
281
262
293
298
270
255
311
271
309
292
288
293
267
294
283
292
276
274
254
321
292
287
255
295
265
293
268
251
268
290
286
240
285
272
253
267
294
261
249
293
267
245
253
259
261
282
284
249
295
274
267
292
287
269
288
281
272
283
241
256
250
291
255
286
260
253
264
237
270
266
291
274
264
307
263
285
264
249
272
235
270
230
251
260
264
239
268
229
272
272
248
303
246
260
255
262
245
264
257
278
260
258
264
267
271
267
229
223
240
250
274
279
252
274
266
278
243
247
272
267
285
223
261
259
276
273
260
253
254
259
273
258
241
251
284
265
280
255
242
272
271
238
264
265
261
284
255
277
268
239
270
251
228
250
259
238
240
245
289
278
260
229
259
242
285
261
253
259
243
266
243
250
249
222
290
261
258
269
240
240
259
236
244
268
249
225
250
248
243
276
251
259
261
250
243
224
243
231
256
214
239
214
242
242
233
239
239
233
235
253
210
235
230
265
234
245
245
241
233
238
216
229
232
237
259
214
245
212
231
206
268
206
249
248
233
259
230
234
242
252
215
223
247
242
249
234
258
223
243
228
246
232
207
215
242
238
251
239
245
241
240
246
226
210
255
246
214
252
227
234
246
223
227
234
272
205
235
257
232
219
250
245
238
235
243
241
229
206
243
237
240
247
237
224
217
239
255
233
223
224
248
229
215
232
237
224
220
231
244
228
223
210
208
208
219
247
232
206
238
210
217
215
218
220
234
237
234
220
222
240
220
205
200
235
237
199
219
226
214
244
220
224
231
215
201
244
203
237
245
225
235
225
208
243
229
243
207
225
226
219
251
233
244
201
227
224
233
220
219
225
239
232
234
236
235
244
219
215
215
255
210
220
225
213
214
237
227
213
235
221
217
236
235
259
223
219
214
226
217
223
208
223
211
231
215
189
216
215
218
222
239
217
228
212
228
243
232
233
187
220
226
214
240
236
227
216
235
213
233
220
210
227
189
225
241
225
202
226
217
183
234
225
191
222
199
201
242
228
212
221
236
258
219
229
208
231
225
218
217
237
233
226
217
218
221
216
226
202
234
209
212
231
192
211
213
235
222
222
236
227
237
230
212
254
229
246
244
243
239
224
228
229
233
226
252
253
249
258
235
214
213
241
240
212
254
241
236
250
255
260
222
222
246
227
225
243
236
218
239
196
223
234
219
221
224
226
230
223
221
203
216
218
227
208
222
224
192
226
232
212
204
215
201
206
216
206
192
221
171
180
212
211
183
222
208
202
217
218
186
197
187
207
193
186
222
212
190
206
200
211
219
184
204
206
175
208
201
193
206
203
210
201
195
212
198
191
183
181
196
198
173
203
201
199
195
196
202
193
164
207
203
192
176
209
157
228
194
192
201
212
179
192
181
209
185
183
189
187
186
196
192
211
203
187
181
172
181
199
176
180
202
189
183
193
196
166
198
168
194
170
198
200
186
186
184
189
196
177
176
175
188
192
189
172
187
180
178
160
181
201
182
170
175
172
187
171
195
184
185
191
178
188
201
151
184
179
171
182
178
166
187
190
193
188
179
178
175
177
189
159
174
192
176
165
191
168
176
184
182
177
171
175
180
167
209
175
191
185
177
183
170
192
204
181
168
165
173
180
174
169
176
164
158
168
170
159
176
168
176
164
173
164
162
150
164
162
208
183
158
157
176
169
166
173
166
164
167
161
164
177
197
157
157
176
157
178
158
165
166
155
162
156
176
155
153
179
172
148
159
179
154
150
148
158
189
166
173
175
176
165
152
182
148
143
155
161
169
154
168
171
160
148
144
155
181
164
160
185
154
165
159
175
172
182
165
162
152
167
150
159
179
168
138
170
151
172
165
158
162
150
165
175
139
166
162
150
158
141
159
158
157
142
168
152
135
173
168
156
172
170
173
154
151
132
163
173
181
131
174
143
152
137
162
157
151
162
156
176
129
157
181
156
129
147
164
170
178
128
151
142
157
170
147
151
143
159
140
146
139
159
172
145
142
172
160
151
188
137
167
158
144
137
144
174
160
140
161
179
169
167
161
162
159
141
157
147
151
136
172
142
162
158
138
136
180
160
145
134
178
142
165
155
140
152
128
168
152
154
151
145
136
142
168
130
152
151
149
146
135
187
125
154
136
149
135
152
153
168
132
159
144
145
152
127
158
164
140
147
154
119
125
142
149
171
148
152
122
135
151
174
153
156
144
155
136
158
128
148
144
153
153
143
146
148
154
157
138
141
124
150
162
124
142
143
126
155
146
142
157
149
112
135
156
149
161
135
123
117
157
133
138
109
140
132
142
159
156
137
157
119
166
126
159
167
149
134
152
147
166
142
148
135
137
151
133
142
130
145
136
154
140
146
148
129
132
141
142
148
137
138
145
143
144
166
140
137
151
149
131
160
138
126
133
136
140
158
142
145
142
152
133
133
150
135
150
142
120
139
131
129
157
130
127
132
143
158
135
121
107
147
134
157
152
144
128
165
142
119
132
125
142
126
139
118
137
144
149
122
164
129
148
133
130
137
109
141
141
144
151
137
138
163
127
121
146
127
125
136
130
133
125
149
118
133
125
136
166
136
148
131
152
135
136
132
140
130
122
141
146
150
141
143
140
125
133
134
116
123
145
117
135
141
145
132
125
122
121
137
150
131
143
137
114
147
133
114
122
142
157
138
129
137
137
134
133
129
117
146
140
143
120
130
115
122
141
140
116
120
118
120
127
140
138
131
122
130
156
126
116
121
136
149
144
160
143
132
116
131
121
116
138
115
120
126
131
86
108
138
144
144
144
142
117
129
130
115
116
124
158
144
139
137
123
140
131
110
115
114
126
130
99
121
127
127
130
113
108
150
108
122
147
123
140
124
111
107
133
131
129
131
122
128
119
120
133
143
119
125
129
126
133
125
138
120
116
151
139
129
134
127
116
140
130
109
126
122
128
115
124
123
142
106
116
106
115
135
103
139
129
123
120
135
137
134
135
140
117
116
116
123
128
125
117
123
140
128
128
121
117
127
135
114
128
128
126
107
104
114
135
129
127
131
111
112
100
110
129
121
129
123
140
136
121
102
144
121
113
114
123
117
119
124
96
125
104
128
122
111
125
119
148
134
129
116
114
120
139
144
114
121
122
112
121
133
119
132
127
119
103
121
106
150
113
120
126
138
132
134
106
147
112
119
117
134
109
106
141
116
105
114
124
117
108
124
108
141
109
132
125
131
141
131
99
115
127
112
127
118
130
112
116
117
129
113
126
105
127
111
129
121
107
127
125
117
139
114
123
114
118
112
119
113
142
112
125
134
123
112
124
122
113
112
123
130
110
106
140
103
118
114
125
124
107
116
106
112
130
110
125
138
119
111
104
107
103
121
110
123
113
114
110
112
121
107
107
101
111
114
108
106
99
118
129
103
106
130
124
116
126
108
106
106
136
117
112
120
118
112
105
120
98
122
105
108
132
112
135
119
128
112
121
131
123
105
118
116
126
124
121
130
113
125
109
108
125
119
119
97
118
109
124
127
108
107
103
142
142
121
102
128
98
108
118
129
126
114
128
119
108
104
124
129
90
111
114
125
107
103
127
96
118
120
113
122
110
106
128
117
113
117
120
125
113
112
134
121
105
142
117
114
119
100
124
111
104
99
120
119
115
106
130
112
93
107
130
125
107
111
98
99
118
95
108
99
120
116
108
122
118
103
133
97
110
112
110
150
102
122
115
114
125
107
125
109
94
120
120
97
124
114
122
100
102
126
94
119
105
116
123
123
101
106
130
121
114
106
119
107
122
112
118
112
121
125
114
104
119
114
109
126
124
123
101
105
87
106
82
119
98
114
115
111
106
117
90
119
92
122
98
124
110
109
126
112
102
116
125
110
110
92
121
124
106
106
124
110
132
101
128
109
108
107
103
107
102
113
96
111
113
102
123
132
103
95
117
133
100
96
103
105
108
105
105
89
96
108
105
107
96
114
107
113
113
111
103
115
118
114
131
105
112
107
121
104
100
105
124
121
105
124
96
122
103
118
115
117
115
99
105
84
92
103
104
106
102
125
107
98
92
112
121
98
105
98
105
103
99
105
114
86
107
118
99
93
106
87
102
116
90
111
112
92
112
105
101
103
121
95
110
111
112
105
118
96
116
117
113
116
84
98
122
130
97
112
110
91
110
99
115
108
97
114
105
117
108
97
114
77
106
111
130
118
123
106
111
102
101
97
109
97
88
91
104
92
90
103
104
84
107
105
91
118
121
105
105
119
121
100
98
106
117
87
105
88
108
101
85
105
102
110
107
100
94
124
94
105
106
96
115
106
114
101
121
95
105
93
91
103
101
112
88
98
103
90
98
104
90
107
121
95
105
105
103
116
86
93
115
96
107
102
106
106
101
100
121
90
112
108
94
111
92
86
89
102
120
106
101
105
87
93
79
100
97
86
95
99
113
103
104
99
114
97
87
111
101
102
97
109
116
103
94
100
100
113
106
114
97
106
100
88
93
85
108
99
102
91
97
101
77
108
90
87
94
108
118
105
120
92
110
106
92
91
109
102
101
121
101
98
89
109
94
75
106
102
110
92
107
108
109
86
109
108
105
89
96
96
84
93
101
107
82
102
90
108
82
109
121
111
102
102
93
94
105
104
107
89
103
122
117
110
111
100
102
102
99
106
111
111
108
90
92
100
104
112
92
109
98
103
93
100
83
75
101
106
108
90
111
97
106
112
84
77
87
100
99
112
112
99
102
87
108
105
113
96
95
99
97
78
95
99
105
100
108
106
95
91
89
108
93
79
106
94
111
90
91
104
92
88
96
92
90
109
87
113
90
78
95
88
101
107
107
92
106
76
116
96
94
88
86
112
103
82
105
102
95
89
90
108
106
89
108
94
91
108
97
100
87
99
106
112
98
74
90
93
113
99
87
106
92
99
97
107
82
100
94
84
104
101
87
97
106
84
89
111
107
97
98
101
101
107
106
89
84
99
99
110
82
99
85
105
103
108
97
106
82
92
101
107
110
100
89
104
96
96
116
83
104
101
96
103
91
101
85
94
100
98
83
96
107
88
97
109
96
111
83
113
83
85
119
101
99
110
104
79
88
94
98
79
105
106
93
102
86
96
76
98
100
99
93
97
90
92
94
94
93
73
109
95
93
104
91
80
111
92
88
90
81
93
98
102
93
83
88
95
93
82
92
87
88
105
102
86
97
84
87
79
98
91
92
102
88
98
94
92
87
94
78
98
83
91
80
91
97
88
105
86
93
87
93
94
99
80
105
73
81
70
109
94
93
98
111
89
81
92
86
89
98
93
109
81
90
89
97
106
75
92
93
95
93
94
101
79
75
95
88
103
83
90
86
98
101
98
107
107
94
74
99
87
87
99
82
89
73
87
96
104
86
86
81
100
104
91
105
89
77
88
86
82
77
90
89
85
88
82
84
90
99
64
76
84
82
93
105
78
81
99
97
97
88
96
105
125
81
74
113
87
94
91
82
90
88
96
85
87
77
79
96
104
85
71
108
97
83
91
89
96
88
95
87
79
92
106
82
97
94
82
94
86
94
94
93
91
88
86
98
100
83
96
96
82
87
76
82
103
90
83
92
78
85
110
81
98
96
90
78
82
81
100
77
101
95
98
79
94
82
82
98
94
96
73
99
95
96
98
90
91
91
91
93
79
84
72
80
84
97
96
104
96
82
89
100
65
64
95
84
83
81
73
66
90
85
97
95
79
111
91
83
92
85
99
112
89
84
79
92
93
79
81
87
99
81
94
91
70
83
94
90
112
100
95
94
81
100
85
87
102
89
86
75
75
95
89
98
88
78
88
104
85
93
84
96
84
92
83
76
87
84
79
65
99
91
107
86
101
100
98
69
95
93
79
91
72
98
67
93
109
99
88
92
97
78
80
85
86
81
91
94
84
93
99
83
85
89
79
80
80
85
82
69
88
72
85
94
89
89
85
89
78
91
83
93
92
76
78
96
94
79
107
85
92
94
86
88
74
75
73
103
86
87
82
86
79
98
95
88
96
93
103
83
90
72
96
82
88
90
89
92
108
90
74
79
88
72
90
93
98
81
97
72
98
80
111
94
107
87
83
84
80
82
91
66
79
89
79
78
77
98
89
81
97
94
88
81
68
103
82
87
67
101
78
92
75
87
73
94
99
88
87
74
89
96
80
82
83
94
94
73
82
86
92
77
80
79
88
88
84
79
87
97
82
90
74
83
76
91
95
84
117
86
86
83
87
94
89
80
72
82
71
83
80
81
94
81
74
75
87
80
83
75
94
86
81
76
87
76
86
99
95
97
86
94
79
91
81
100
84
81
91
89
83
90
74
81
78
78
66
107
98
78
91
66
97
86
82
84
78
75
74
93
92
81
74
83
90
73
78
81
91
86
93
98
80
100
76
93
84
81
80
73
74
100
78
86
82
86
90
78
84
93
85
87
87
71
93
100
90
96
79
76
70
94
85
66
72
88
88
88
83
86
100
87
91
89
73
75
83
92
85
71
104
86
79
112
81
94
83
83
78
88
95
95
75
69
73
89
78
102
77
72
83
85
95
101
89
75
78
81
73
78
73
92
76
93
89
79
88
92
83
100
90
86
81
101
100
100
74
91
90
72
84
71
93
82
77
75
61
104
84
86
90
87
62
70
82
75
66
68
90
75
75
71
106
76
85
81
70
77
77
87
85
71
90
82
83
92
65
85
77
80
95
71
78
104
82
85
80
74
68
73
76
73
79
73
79
81
80
78
92
85
79
86
100
87
79
78
98
84
89
69
76
77
81
86
87
93
73
91
76
89
78
83
97
86
75
74
92
78
82
85
76
89
84
70
74
89
84
87
75
84
90
84
75
87
77
90
76
84
83
79
82
69
88
92
80
73
69
85
84
84
87
80
80
85
78
72
85
79
78
75
73
86
79
80
73
96
93
85
82
97
79
76
73
88
83
74
91
94
82
88
84
85
82
88
73
84
82
81
85
64
83
87
74
74
81
89
86
68
86
55
92
74
69
64
86
72
80
79
73
65
90
101
78
73
78
94
81
77
72
86
86
76
86
81
77
102
91
73
92
83
79
91
67
81
93
73
67
87
81
92
84
102
70
76
69
82
77
74
82
72
66
74
69
70
96
84
87
65
85
92
82
82
82
67
72
80
68
77
72
88
90
74
94
79
77
75
77
80
92
72
75
91
68
88
69
75
70
72
79
68
73
69
90
64
77
73
89
81
83
90
69
67
84
82
74
73
65
71
80
72
73
72
74
75
78
77
79
74
91
84
77
72
91
84
83
83
85
85
87
71
83
71
67
78
64
104
62
83
84
74
68
77
58
83
79
74
74
59
79
79
81
82
83
58
77
104
79
72
92
90
66
76
83
83
80
82
83
75
82
68
67
67
64
77
78
86
70
67
72
82
81
87
84
83
91
81
85
79
83
80
96
77
102
81
65
70
91
82
80
81
83
75
90
89
95
75
82
80
91
86
95
70
91
93
77
96
63
69
66
73
85
77
63
84
69
94
99
85
79
84
70
78
70
64
81
85
67
76
92
68
77
88
91
85
95
70
89
94
73
61
81
72
85
92
65
75
65
59
81
77
92
93
80
88
87
72
80
81
88
87
84
71
98
69
65
85
65
84
75
77
82
67
79
91
82
87
67
74
82
82
91
70
80
71
91
73
65
88
82
78
83
80
73
87
59
94
73
87
67
84
77
68
74
73
74
83
84
67
80
67
74
71
80
74
74
77
71
72
78
79
72
75
68
81
62
69
81
78
75
81
76
74
82
76
75
70
75
78
75
62
70
80
72
69
65
74
81
85
79
80
77
70
76
80
88
76
76
75
70
80
78
78
76
85
79
74
78
67
83
57
79
76
92
84
73
86
86
83
70
71
86
80
70
73
65
87
72
83
76
71
67
82
62
83
79
82
86
86
75
70
66
82
79
87
92
78
75
53
72
77
87
86
79
65
83
88
74
71
76
88
76
80
82
69
81
89
74
65
73
87
71
86
96
90
79
84
70
77
89
71
85
93
74
77
76
75
78
86
84
93
80
79
70
87
84
79
63
83
81
70
79
74
87
82
80
81
78
99
72
61
79
94
63
79
85
70
77
69
90
90
80
79
59
73
78
70
75
100
86
66
82
85
92
82
81
76
69
91
65
70
76
77
75
82
89
94
82
78
72
69
94
81
77
71
80
81
90
84
77
68
79
75
78
74
75
78
77
72
76
79
76
67
86
79
81
78
91
79
98
84
80
79
78
94
67
70
84
72
70
80
83
75
80
83
86
80
77
84
80
81
70
81
87
86
83
70
75
89
78
83
85
90
76
75
68
84
74
71
84
80
77
84
92
79
68
94
63
80
77
82
67
78
94
79
74
73
70
73
94
73
80
80
84
85
72
82
99
90
72
80
76
75
77
71
80
78
78
70
54
75
74
71
81
90
74
76
80
90
91
90
65
81
70
85
72
69
73
79
86
76
67
71
79
76
87
74
89
83
71
61
74
73
78
70
85
89
81
81
73
79
70
75
71
80
82
88
74
79
73
75
55
78
79
73
82
75
74
82
89
62
66
65
77
82
67
86
60
84
74
71
83
68
75
82
72
91
71
72
81
76
93
83
72
79
73
77
90
75
82
81
90
81
87
89
92
74
71
73
72
72
70
78
71
76
77
89
74
84
96
83
66
79
75
69
78
89
88
85
79
69
82
84
65
82
70
75
73
74
73
60
75
98
79
87
78
80
81
71
78
73
79
80
82
82
80
84
71
80
81
81
69
73
70
96
66
78
78
70
79
68
77
90
80
75
77
95
89
67
82
90
85
82
80
73
93
76
63
98
68
77
67
77
73
73
81
91
76
79
85
86
71
80
85
84
85
85
81
66
92
70
78
82
76
80
80
90
61
81
89
106
89
86
59
61
93
88
76
79
76
86
79
85
69
72
68
79
77
75
74
69
72
80
71
98
83
80
83
72
87
77
78
85
77
79
71
75
63
68
66
75
103
89
79
71
76
73
84
75
67
77
81
69
80
74
85
76
67
69
92
85
88
70
73
83
82
77
74
87
75
78
64
64
84
86
74
78
62
80
79
77
79
74
77
79
73
89
83
69
81
78
68
71
86
74
66
67
77
86
86
84
78
86
79
80
83
83
64
74
67
95
99
80
85
84
66
79
70
93
79
77
87
83
80
77
86
77
81
77
79
94
93
65
78
76
87
79
65
71
87
75
76
68
101
88
72
98
86
74
80
71
64
76
75
77
82
91
84
70
74
91
66
84
81
83
74
89
83
72
76
74
66
85
97
81
75
68
66
72
74
87
81
76
70
88
65
78
73
72
68
81
69
85
72
75
74
86
82
70
82
72
86
87
78
70
86
104
89
79
90
72
79
69
80
95
78
78
95
72
88
74
88
76
91
63
80
91
92
95
80
100
84
73
74
85
71
79
58
79
80
61
82
68
88
87
83
63
85
66
61
80
62
85
82
83
89
81
82
79
75
91
68
72
83
78
80
68
73
79
75
78
63
85
72
87
77
92
72
80
72
72
69
68
72
78
81
80
81
68
76
72
82
59
71
66
72
69
74
80
71
60
73
83
73
85
82
67
69
57
64
91
78
80
63
78
64
77
76
77
79
67
68
80
64
76
66
68
72
58
78
66
69
92
72
53
77
71
70
60
77
65
77
64
84
85
73
79
62
77
57
70
69
73
82
79
62
60
68
60
61
80
67
70
67
66
60
88
67
70
59
83
52
72
57
70
81
84
61
75
72
66
80
69
74
73
73
63
81
84
64
71
81
62
57
80
74
63
69
58
75
59
75
72
69
71
82
73
69
73
57
69
76
64
80
63
76
70
67
54
63
74
81
46
70
69
52
63
64
74
70
61
78
68
56
79
76
69
69
67
74
62
80
78
75
64
63
65
67
58
73
64
72
62
72
84
57
68
61
74
77
68
83
52
49
68
60
62
64
65
59
64
71
66
75
66
55
73
84
80
65
65
62
75
76
70
72
72
63
70
69
78
57
63
62
62
83
83
66
70
59
73
72
78
67
77
61
55
73
58
81
54
73
71
67
57
80
68
60
63
83
69
47
54
74
64
60
68
65
58
64
62
53
54
54
73
69
65
73
53
61
60
57
80
56
70
69
64
72
56
61
75
66
70
57
53
73
62
78
64
51
62
77
71
70
67
58
61
75
63
55
75
68
60
56
48
74
63
66
72
41
67
60
64
57
62
67
62
65
70
58
59
68
61
70
47
66
65
72
58
59
50
53
66
56
65
54
70
63
63
63
64
54
69
61
66
51
58
51
62
60
55
52
57
57
55
61
56
58
67
58
62
67
71
61
67
62
58
55
72
65
64
59
59
62
56
67
67
68
64
57
68
63
66
54
58
60
73
54
52
71
60
63
83
68
67
51
47
58
63
70
61
58
58
60
61
77
70
71
59
62
79
69
66
60
76
58
51
64
65
48
55
62
47
67
71
88
58
81
61
54
73
66
70
51
62
72
63
66
66
68
56
88
66
74
56
62
60
63
65
68
60
69
55
62
60
60
56
67
60
81
57
61
69
65
53
82
67
50
69
58
59
53
51
64
66
56
83
67
65
50
64
59
73
67
58
77
63
72
64
64
49
58
57
59
64
69
53
63
48
50
57
76
58
55
60
60
63
59
66
59
53
62
65
51
63
61
55
61
68
69
51
47
70
57
55
69
50
63
58
69
69
57
45
52
64
53
54
62
66
71
66
60
61
60
51
63
54
60
68
62
73
74
85
59
72
46
63
73
70
54
76
64
61
54
57
61
72
54
62
54
55
58
60
68
63
77
63
65
75
56
67
59
66
54
66
58
47
61
58
62
57
60
51
52
63
57
62
67
75
60
55
55
56
59
66
59
63
46
63
61
68
61
78
72
52
66
49
55
63
52
49
62
60
63
74
63
68
67
57
61
54
56
61
71
58
75
66
50
49
65
57
61
63
53
57
45
58
64
81
58
60
53
66
63
66
56
58
66
57
65
53
64
53
70
58
69
62
47
62
58
56
58
76
70
61
49
45
55
60
80
58
52
61
54
67
49
72
54
53
62
81
62
71
72
66
58
65
74
54
60
59
57
68
75
57
72
75
50
45
63
61
56
60
73
56
66
65
66
68
64
78
68
65
74
51
53
43
52
54
64
69
55
65
60
61
56
63
65
72
56
68
77
56
64
66
53
55
59
51
46
59
56
49
75
52
64
60
50
60
62
56
55
56
63
66
71
51
64
61
51
63
59
59
68
55
53
68
59
55
60
54
61
58
60
61
44
59
49
52
64
52
50
49
52
69
49
51
52
57
61
63
57
57
54
62
67
46
65
61
51
40
57
54
62
58
45
51
50
52
47
57
59
61
53
48
47
38
66
49
49
39
57
54
61
55
46
49
55
50
45
45
58
48
45
40
52
62
65
48
46
51
52
41
45
52
43
58
50
43
55
44
52
49
53
47
48
53
55
46
50
45
41
53
48
32
60
34
45
58
49
55
54
53
49
43
44
53
52
43
49
59
42
56
49
51
59
51
47
53
41
53
57
41
46
49
37
56
56
54
48
43
48
53
52
56
46
58
48
63
44
42
65
49
52
52
48
55
49
48
49
41
51
48
55
58
47
57
52
51
35
51
44
44
59
43
58
52
50
55
53
53
40
49
48
64
64
54
55
50
44
48
44
49
56
49
35
48
54
47
45
57
41
41
46
54
62
54
42
49
43
46
52
42
45
46
60
43
53
46
56
56
58
48
52
56
49
48
49
49
49
46
65
66
68
38
60
56
48
57
58
45
50
46
60
50
58
53
55
55
58
60
49
53
59
52
58
57
64
47
72
56
56
57
57
59
69
51
48
50
58
69
67
68
61
72
71
58
53
59
54
71
62
67
83
76
80
75
61
74
75
84
84
99
100
105
113
141
144
171
196
224
262
345
353
378
423
399
451
393
399
382
320
314
250
225
209
187
183
133
128
97
78
63
79
67
68
47
49
53
47
54
49
41
42
45
47
47
52
35
45
39
44
41
46
35
40
36
57
47
41
45
33
33
44
54
31
35
51
53
33
37
45
51
38
49
45
40
48
48
34
39
34
46
35
39
29
39
25
39
61
44
47
34
35
37
36
56
40
42
42
40
43
32
44
40
49
52
39
49
41
39
35
39
40
39
46
48
46
39
47
39
34
38
28
53
42
32
37
42
33
32
43
43
40
38
57
36
42
29
44
34
40
41
41
32
31
53
47
35
46
47
37
44
42
46
45
40
37
39
39
33
45
46
41
37
48
39
57
52
46
52
47
57
50
35
47
50
49
56
33
53
42
54
44
42
47
34
54
48
60
50
36
52
53
62
48
61
50
50
56
60
48
49
57
41
55
53
58
60
51
66
43
52
47
49
55
43
67
58
52
59
62
56
60
66
52
64
76
79
67
65
82
75
88
80
77
101
84
77
91
91
83
80
76
71
58
66
55
36
43
42
27
47
28
30
17
33
26
26
32
21
25
23
20
23
16
22
27
20
19
14
17
17
10
20
15
10
32
24
26
16
17
19
20
15
25
22
23
24
29
21
19
23
14
19
20
13
22
29
21
33
18
20
22
14
22
20
18
15
19
16
12
23
11
19
17
16
31
29
16
21
25
14
19
29
20
17
24
17
28
17
17
19
22
17
20
19
18
19
13
24
11
19
23
10
14
18
22
23
25
22
23
12
22
23
24
23
15
17
24
8
11
14
22
20
10
23
18
20
21
12
22
23
12
19
20
16
19
18
19
17
14
19
17
20
10
18
16
17
23
20
17
24
29
12
21
18
16
22
15
18
19
16
16
15
18
9
17
16
10
25
24
14
15
21
19
10
15
24
17
25
22
16
14
17
18
19
18
12
18
15
22
16
13
24
19
19
21
23
14
11
23
15
15
16
19
14
18
15
15
10
19
11
15
18
20
16
16
15
12
18
9
19
15
11
21
18
11
15
16
12
13
21
14
17
21
13
14
14
16
20
14
14
17
18
22
20
20
16
11
10
24
14
17
14
14
25
23
19
14
19
10
21
16
16
22
19
7
16
22
12
12
16
17
15
14
16
17
19
19
10
13
14
10
16
17
19
17
15
13
21
14
20
13
18
15
16
19
9
19
24
15
14
23
13
16
14
13
19
16
13
15
14
14
12
16
21
13
18
11
15
16
17
15
15
23
13
12
15
18
16
17
18
12
18
16
13
13
22
15
19
16
25
17
18
13
15
13
22
19
9
11
20
15
15
16
25
16
17
18
16
21
11
17
19
18
18
16
18
16
12
17
17
13
22
15
17
13
12
17
18
22
25
15
25
12
14
15
16
17
14
15
19
16
16
18
14
18
19
17
17
12
10
20
14
9
18
21
17
17
20
12
12
15
13
16
18
15
25
25
24
21
19
17
24
19
15
24
20
24
15
18
23
10
16
10
26
19
11
19
16
21
25
10
23
19
22
15
25
13
18
24
23
26
19
17
21
23
20
14
23
15
25
21
20
17
16
14
14
14
24
20
14
12
19
19
20
23
23
16
20
17
34
16
27
23
23
23
19
24
19
15
18
28
18
20
14
28
24
20
18
35
21
24
20
30
31
28
27
28
30
32
23
27
32
21
24
25
31
34
33
30
31
34
30
30
29
30
40
38
37
35
44
36
39
37
36
46
39
53
34
41
35
33
46
32
47
44
45
35
53
48
41
51
53
40
45
48
52
39
47
69
48
46
52
54
52
67
70
63
66
60
75
63
76
85
92
112
150
170
213
265
339
428
519
612
746
768
736
769
700
691
656
572
508
426
395
333
256
192
179
166
129
109
117
99
51
80
41
47
41
33
27
25
27
35
21
24
19
19
34
21
16
25
25
24
27
21
17
20
12
21
17
24
25
19
26
19
22
10
21
16
22
13
18
21
27
23
25
17
12
20
20
20
21
23
15
24
19
22
14
23
16
22
19
23
19
19
17
17
14
19
18
24
19
22
18
20
16
23
23
16
25
20
15
26
19
15
18
14
16
25
14
23
17
20
18
18
14
14
26
20
23
23
14
24
20
27
32
19
18
8
20
25
15
22
24
17
22
18
17
13
25
25
20
26
21
15
20
22
26
21
23
18
21
22
16
21
15
28
21
20
25
21
11
13
20
28
20
28
26
20
18
30
21
20
25
16
23
26
37
28
42
28
26
30
25
25
22
30
24
28
30
35
32
20
29
26
30
29
31
41
28
42
29
27
26
41
26
35
41
31
29
36
32
39
36
43
37
42
42
45
43
46
56
59
61
56
58
54
65
52
66
45
55
48
38
41
33
18
18
29
13
16
13
8
11
5
6
8
6
10
6
11
5
7
12
7
4
6
7
6
5
4
11
2
3
4
6
7
3
4
3
2
8
4
3
1
5
3
2
7
4
3
7
6
5
8
3
4
5
6
4
10
8
4
4
6
6
5
4
5
4
5
5
8
4
5
3
5
6
3
2
5
6
5
5
7
6
4
2
2
2
3
4
1
6
4
10
3
4
5
4
4
5
4
5
2
3
2
3
7
4
3
9
5
3
8
2
3
4
5
5
3
3
3
5
9
3
6
8
4
3
5
3
4
5
2
3
2
4
2
3
4
1
3
4
4
3
3
1
5
3
3
4
5
6
4
4
4
2
7
6
2
0
3
4
2
6
3
4
5
4
5
3
0
5
2
4
4
6
5
3
5
2
5
4
4
9
9
4
3
4
1
5
2
3
4
2
2
6
4
0
3
4
2
2
10
3
4
3
7
1
3
5
3
4
4
1
3
1
6
2
3
0
4
4
4
3
6
5
5
3
6
3
3
6
2
3
2
4
3
1
3
9
5
4
4
4
4
1
1
7
7
4
2
4
1
7
2
5
2
2
9
3
0
1
1
6
4
2
3
2
3
2
2
4
6
4
5
3
3
3
1
1
3
2
2
3
0
3
6
2
5
5
4
6
0
3
3
5
4
4
2
2
3
4
7
8
2
4
6
4
4
0
2
2
2
6
6
3
3
3
6
5
1
2
4
2
3
3
4
3
0
2
3
1
5
5
5
2
0
2
5
4
7
4
7
3
3
2
5
2
3
1
3
1
4
5
3
6
3
5
4
5
5
4
3
2
2
3
10
3
3
0
5
4
1
1
2
4
1
2
2
2
2
2
0
9
2
4
6
1
9
6
4
5
3
2
3
1
8
5
1
8
7
0
7
4
5
3
3
2
1
2
2
5
2
2
5
3
3
5
3
3
7
3
3
4
6
4
3
11
5
5
3
2
5
4
3
1
4
1
2
6
2
1
2
4
2
4
6
3
3
6
0
3
3
5
2
5
4
0
3
4
1
3
3
2
2
0
1
3
9
1
2
3
2
2
4
0
3
3
3
1
1
2
2
2
0
4
4
6
5
1
2
1
2
3
5
6
4
2
7
2
3
1
1
4
4
2
4
2
2
2
5
3
3
0
0
3
2
5
1
2
4
2
0
4
4
3
4
5
4
3
6
4
6
4
1
2
2
4
1
3
4
1
3
2
2
2
0
3
3
4
1
3
8
1
3
1
6
4
8
2
1
4
1
7
0
1
1
3
5
5
1
4
4
8
1
3
4
4
4
3
6
2
6
1
5
4
1
7
3
6
3
1
1
3
7
3
6
6
2
5
1
3
3
2
4
4
2
1
1
4
3
1
1
5
0
3
1
5
3
3
2
3
3
1
1
5
1
4
4
1
4
2
5
4
1
6
0
5
1
2
2
3
3
5
3
4
2
2
3
4
0
1
4
4
2
4
5
2
3
4
5
2
3
6
6
2
2
2
1
0
2
1
5
6
4
3
5
2
1
3
4
0
4
1
1
2
4
1
3
3
2
3
4
6
4
0
0
1
4
3
1
4
1
4
2
4
4
2
4
6
2
5
6
2
4
1
1
1
3
5
0
4
3
1
2
1
0
2
3
2
2
5
3
3
7
4
2
3
0
1
1
4
0
3
4
1
2
3
0
3
4
0
2
4
2
1
5
8
3
3
4
2
3
2
2
1
1
3
3
2
1
7
3
4
3
2
6
2
4
4
3
2
3
4
5
0
2
3
2
5
3
6
7
2
3
3
4
4
3
3
3
3
4
2
3
5
3
2
0
2
1
1
1
5
1
4
3
2
4
2
3
2
5
3
2
3
6
2
1
3
1
2
2
2
4
2
0
0
3
1
1
2
3
4
3
2
3
5
4
3
2
2
4
6
3
1
4
1
6
7
2
2
5
3
4
2
2
0
3
4
1
2
1
2
2
1
4
3
3
1
1
2
3
2
2
3
1
4
1
3
1
0
2
2
1
3
1
1
4
5
1
1
1
1
3
6
1
6
1
2
4
2
3
3
1
2
2
2
2
5
4
1
2
1
1
3
0
2
4
4
3
3
3
1
3
5
1
3
3
5
1
2
4
4
0
1
0
1
3
0
1
2
5
1
3
3
4
3
1
2
1
3
3
2
0
2
4
3
3
2
3
2
1
3
3
4
2
3
1
4
2
3
2
1
2
3
1
1
1
3
3
1
1
1
3
2
5
1
3
3
2
3
2
1
1
3
1
2
3
3
4
2
0
3
0
2
0
2
2
4
4
2
3
0
3
5
0
3
1
4
5
3
1
4
8
1
2
2
6
2
0
1
3
4
3
2
2
3
2
1
4
4
2
1
0
3
2
1
4
1
5
2
7
2
1
0
0
4
2
4
2
6
2
1
5
4
1
0
4
1
3
4
1
4
2
1
2
6
3
2
5
1
2
2
0
3
2
5
3
3
2
2
3
2
1
3
3
3
3
1
95
157
178
194
202
195
243
223
240
272
271
295
307
327
326
332
381
454
436
521
579
642
653
730
784
845
859
937
1033
1164
1243
1274
1488
1506
1628
1769
1847
1971
2102
2266
2362
2576
2570
2722
2925
2979
3282
3399
3556
3676
3887
4010
4296
4321
4527
4660
4934
5081
5287
5654
5798
5903
6057
6402
6695
6676
7082
7344
7322
7751
7953
8108
8567
8611
9075
9128
9635
9975
10301
10391
10838
11137
11674
11904
12321
12712
13307
13620
14150
14713
15190
15770
16300
17150
17726
18491
19470
20654
21919
23035
24877
26958
30375
36904
48827
74738
126287
216725
349356
501361
628984
693547
673169
593771
488880
392826
319506
264905
224771
193418
166903
145787
127683
113008
102094
93685
86931
81966
