3
7
3
5
9
7
8
5
5
6
4
6
5
6
10
4
9
4
4
3
10
3
5
6
4
6
5
10
3
7
5
2
10
7
6
8
5
6
11
3
7
7
7
5
3
8
3
7
7
11
6
2
7
4
12
8
7
9
5
12
43
64
108
117
163
166
209
257
319
379
382
443
361
423
372
305
251
243
205
177
148
144
136
114
107
131
111
103
121
107
117
117
117
116
123
110
109
114
123
116
121
121
108
106
107
116
98
118
113
103
103
114
121
123
102
125
129
120
123
112
115
125
123
119
117
130
106
128
95
110
112
118
142
112
112
130
132
124
118
121
148
120
123
131
100
113
147
128
134
124
120
114
114
127
123
124
129
131
119
111
128
122
125
127
136
126
123
137
135
149
134
119
127
127
130
160
132
109
141
138
160
141
119
135
141
149
127
117
125
127
119
128
124
120
140
138
151
147
125
130
122
134
128
125
149
140
130
131
131
125
116
123
123
117
130
94
140
123
146
122
123
123
104
122
143
122
135
123
130
124
113
128
112
119
145
135
130
150
119
130
131
111
121
125
134
125
134
115
120
138
123
117
137
145
129
135
119
124
120
134
146
121
143
132
125
126
145
104
118
123
137
151
135
115
124
124
126
131
127
108
115
123
130
132
124
143
129
153
115
134
135
127
117
117
143
131
134
138
99
117
126
126
145
120
142
141
121
147
136
125
163
130
127
143
146
150
107
122
137
141
131
132
120
126
113
129
146
133
122
130
132
129
151
158
130
141
139
139
136
122
136
141
131
133
137
113
143
120
145
127
164
138
147
132
157
147
130
142
130
137
163
118
141
143
149
139
140
141
126
161
132
123
139
172
144
151
133
126
135
123
154
149
153
146
144
149
143
129
143
135
168
137
146
138
136
140
127
153
126
118
146
141
138
153
144
144
116
133
158
144
147
137
139
144
152
149
161
134
160
151
146
161
148
153
138
150
156
150
138
168
158
157
149
168
149
167
144
140
148
144
136
162
151
150
180
153
171
133
138
154
147
165
163
180
188
150
147
154
159
157
183
142
172
168
130
163
171
161
159
153
145
168
155
162
152
153
151
160
143
165
151
180
145
157
159
157
181
169
152
159
183
155
173
188
173
145
185
188
167
170
164
147
148
167
161
164
202
177
154
172
194
157
164
171
191
161
131
171
195
160
174
176
161
194
159
185
162
166
153
157
198
192
168
180
172
171
169
168
175
176
189
189
191
166
184
169
196
182
168
183
173
173
186
181
175
207
200
171
190
157
164
174
165
180
154
192
192
178
188
177
193
175
172
196
193
181
197
186
179
173
155
188
175
196
176
162
189
192
186
199
168
186
167
201
201
194
209
218
171
185
187
186
177
192
213
179
190
180
183
162
180
176
195
185
166
173
177
159
199
193
185
183
175
177
199
189
200
198
193
198
180
175
195
177
191
211
203
214
203
216
189
203
187
202
186
180
229
190
191
192
197
185
217
194
181
193
199
177
188
182
179
168
166
189
177
192
201
198
199
172
199
195
197
192
167
172
174
194
191
181
179
177
210
200
189
177
186
215
202
173
193
171
194
220
196
188
185
178
171
201
204
175
192
216
200
182
226
203
206
202
179
169
216
201
199
189
205
195
178
170
197
188
187
189
176
190
201
224
195
233
191
176
198
167
167
183
215
198
216
205
192
197
183
196
200
195
194
188
224
200
167
199
200
209
189
177
213
194
202
211
219
198
198
196
219
198
194
178
189
181
210
206
189
203
193
209
205
198
185
183
185
194
192
181
227
195
222
181
186
196
199
184
201
202
173
186
179
162
184
180
231
208
217
188
207
194
175
204
221
221
201
197
199
217
211
191
178
199
196
187
189
184
223
218
218
192
215
174
219
204
198
206
227
174
205
206
181
192
196
205
222
213
199
187
230
201
196
219
198
223
172
215
205
202
204
174
189
207
188
203
211
181
195
183
213
208
210
181
200
206
185
210
227
219
160
205
197
203
194
199
191
206
185
220
228
212
180
199
183
213
196
209
214
193
184
198
181
209
219
201
171
204
200
199
221
232
212
184
209
205
205
227
210
183
198
213
199
200
187
190
189
188
193
217
215
184
197
207
200
199
165
216
207
203
210
189
200
205
174
210
203
212
195
183
200
205
202
183
196
209
220
201
227
202
215
225
227
195
233
176
217
220
214
187
176
202
225
200
204
211
191
181
221
187
199
214
208
190
203
213
199
199
196
171
207
204
200
187
204
199
195
195
208
230
196
213
239
217
194
225
185
198
204
183
201
208
191
219
192
169
205
184
201
199
188
199
201
224
207
199
205
201
211
201
196
196
201
203
213
209
183
194
201
187
181
215
225
195
206
192
207
201
205
208
199
202
215
201
206
197
168
201
189
208
204
214
234
216
232
193
212
194
193
186
202
191
193
207
201
217
228
205
185
205
184
205
221
191
174
202
223
220
191
227
212
220
206
204
214
222
212
191
227
173
192
203
202
200
211
230
235
213
172
194
220
192
204
207
194
211
180
206
186
205
204
190
202
227
197
224
202
209
224
200
196
201
222
196
207
216
197
219
189
206
212
195
202
204
212
195
183
184
209
210
215
221
194
227
204
196
225
230
193
204
201
182
216
241
228
204
220
196
197
202
209
193
202
200
204
209
197
182
214
214
194
186
213
188
215
195
214
222
196
224
194
192
196
218
208
206
199
195
211
226
216
204
240
206
220
202
209
190
195
220
225
193
212
206
227
206
219
234
186
200
212
223
232
230
217
202
187
227
222
189
223
244
209
213
234
204
205
219
217
208
211
232
193
230
209
215
214
232
250
228
217
235
228
220
226
206
206
215
191
207
213
223
218
220
222
213
225
213
206
205
233
235
235
238
205
237
235
232
211
236
228
211
240
234
223
214
240
216
216
221
256
245
236
253
232
261
242
255
240
255
227
241
208
210
217
217
214
253
237
271
236
248
253
256
242
226
240
241
277
269
279
230
228
255
262
263
263
231
216
233
232
288
263
246
275
260
253
255
262
234
228
258
268
224
281
209
232
246
250
256
238
271
251
262
242
231
247
229
244
257
236
250
262
237
235
235
265
243
250
233
247
221
276
253
258
254
246
262
242
232
240
230
267
263
239
266
240
249
245
251
256
230
241
266
228
270
250
267
251
239
235
221
267
255
256
235
261
236
249
245
261
237
271
261
247
263
255
245
224
237
262
255
242
272
223
256
234
253
259
243
221
259
246
239
242
253
238
255
242
217
248
249
243
258
271
250
265
237
252
228
238
261
272
215
256
266
256
223
251
239
248
235
252
227
231
245
214
250
256
252
261
251
257
228
278
258
234
238
226
250
226
237
242
263
236
249
241
231
242
229
237
218
227
221
210
248
213
223
200
231
250
247
227
223
242
218
280
214
257
260
225
211
219
235
240
209
232
231
235
238
232
241
259
244
216
231
206
228
217
234
223
241
261
222
245
225
242
222
233
252
233
224
243
217
190
226
254
216
248
248
260
202
229
241
253
233
223
217
233
242
228
214
228
212
246
230
222
256
221
209
222
211
229
213
244
254
232
222
272
237
205
228
226
190
205
249
266
209
227
231
210
195
204
236
213
232
226
228
227
215
188
220
229
222
209
248
219
220
207
223
223
208
238
228
232
222
230
214
223
205
229
188
234
243
213
225
208
226
251
192
219
212
235
199
205
212
225
241
213
225
241
209
204
214
218
213
206
216
210
233
228
230
216
193
217
205
210
225
196
229
240
218
219
196
203
210
201
226
215
207
199
222
217
191
198
211
222
248
195
206
178
211
222
225
225
211
215
213
202
183
213
213
221
198
210
197
214
195
207
228
224
220
218
203
216
212
215
200
216
205
210
198
204
209
193
217
190
217
217
225
239
212
222
224
211
179
221
211
200
231
207
198
218
215
189
212
207
218
215
210
201
202
186
230
207
226
213
202
212
197
224
208
195
200
217
213
224
181
217
181
202
208
199
194
200
191
208
181
208
215
201
218
208
197
189
215
206
219
198
196
192
224
203
193
225
188
200
201
179
176
205
193
217
207
205
244
204
195
179
215
194
192
202
208
198
206
198
204
198
207
191
188
192
215
216
204
190
193
204
198
170
220
180
191
215
192
207
188
175
178
205
188
184
190
190
192
185
179
209
197
209
191
182
207
203
206
183
210
179
205
201
205
178
203
204
171
185
200
168
177
188
194
162
171
210
179
198
190
189
180
164
192
195
166
195
170
176
181
196
167
190
162
189
198
170
199
170
206
192
192
200
172
185
184
178
184
181
201
195
196
174
197
203
187
166
185
202
183
186
185
183
178
193
190
197
192
185
231
178
172
194
170
185
206
167
172
175
190
182
174
186
167
198
199
176
160
194
168
191
184
194
190
181
176
189
179
202
151
165
201
176
175
194
182
185
175
169
178
155
159
208
181
184
169
172
192
161
172
174
172
189
194
192
180
190
160
174
156
196
181
175
167
181
182
159
153
192
190
192
192
165
191
165
188
176
169
193
193
184
163
188
188
201
166
162
178
149
156
160
188
171
172
186
208
180
193
169
157
182
182
179
152
176
180
157
152
189
175
190
167
169
173
162
157
175
186
182
137
185
160
155
176
175
171
169
181
178
178
163
173
180
155
173
181
172
161
161
171
174
174
165
186
178
168
197
176
180
167
156
195
170
162
152
160
175
179
178
180
168
193
173
170
174
179
173
164
172
173
176
160
167
167
187
159
190
147
151
178
168
170
169
158
182
169
183
157
159
173
166
175
168
189
156
185
193
172
153
152
165
175
179
174
160
187
168
152
175
157
168
196
178
183
186
171
161
176
168
171
173
162
157
149
150
185
174
172
163
176
165
161
157
183
172
181
188
177
181
188
169
193
166
175
171
185
177
157
178
175
161
171
182
185
151
183
182
144
182
186
158
155
188
159
179
155
170
181
161
159
184
192
193
171
187
156
174
173
159
158
167
170
171
173
156
143
168
176
149
169
173
156
164
187
187
171
185
143
152
183
166
174
178
149
174
165
179
160
168
179
166
176
161
162
173
183
174
188
187
149
190
180
179
178
180
158
170
172
189
150
185
160
169
171
190
186
172
169
154
158
175
181
172
170
179
159
160
177
145
166
152
203
150
169
165
189
193
183
156
149
163
191
195
152
160
170
170
170
157
188
180
165
160
194
176
148
176
175
148
157
168
184
158
172
177
186
164
153
165
142
184
175
181
182
173
168
156
148
169
159
168
157
189
159
159
154
173
144
176
165
146
180
145
179
187
173
155
154
169
166
182
129
150
164
154
170
165
168
171
150
168
162
169
158
193
183
167
164
183
170
140
170
181
162
164
145
185
168
161
151
156
169
153
162
177
165
147
177
186
166
167
168
174
157
178
174
146
160
173
158
164
165
161
161
169
162
151
181
146
173
145
167
138
165
166
154
164
151
142
164
147
144
134
130
136
144
144
151
151
159
151
157
161
140
149
150
127
146
151
146
174
163
147
155
145
133
136
142
163
153
152
140
151
135
154
134
152
144
135
139
154
125
125
148
141
141
152
169
141
133
137
125
142
115
133
146
135
131
137
130
126
137
132
155
148
150
139
150
134
140
124
144
118
124
124
145
142
129
136
133
128
136
120
126
112
136
142
125
134
119
124
132
127
113
123
116
128
121
139
142
125
116
146
130
120
148
131
141
119
125
133
122
111
130
114
122
103
135
118
120
123
126
104
123
130
104
133
123
108
141
124
115
149
126
127
128
128
102
124
106
138
114
126
118
116
116
137
115
103
105
117
108
123
103
123
122
107
112
116
111
104
103
121
106
92
111
124
106
110
113
108
114
112
106
136
115
127
97
108
110
102
123
95
90
109
96
105
119
101
114
109
118
104
115
111
108
119
115
96
120
94
96
96
102
122
107
111
101
88
109
90
95
94
110
95
101
109
96
102
88
98
97
101
81
100
86
87
99
115
98
76
103
108
95
88
95
87
100
105
115
86
97
85
88
104
112
101
88
92
86
95
72
94
105
73
98
90
106
95
109
100
98
83
92
94
73
96
95
102
76
91
77
101
100
101
86
86
102
106
100
94
99
91
100
92
94
90
89
93
87
111
98
78
76
93
78
90
106
80
74
81
92
84
77
93
86
77
103
83
96
92
85
94
79
89
67
101
86
70
84
79
104
86
104
92
85
93
73
91
83
86
92
82
75
99
84
82
86
78
76
82
81
104
83
80
75
57
85
79
78
102
96
90
97
70
88
78
90
77
76
85
85
91
69
67
78
61
100
83
86
69
77
67
65
78
75
65
81
79
103
82
69
82
80
73
86
64
77
75
81
69
73
80
75
70
92
93
61
84
74
81
96
93
78
75
80
78
62
79
70
96
70
80
70
83
70
83
69
80
75
74
81
60
67
82
63
70
73
81
59
74
77
86
81
85
87
89
63
83
52
73
86
77
67
75
77
75
79
94
70
72
84
85
69
72
69
76
81
80
69
83
81
68
81
76
68
84
79
74
81
69
83
85
80
66
77
79
79
71
74
67
55
77
68
69
76
71
69
68
69
80
65
66
63
62
59
54
72
79
78
75
82
65
79
95
71
79
64
69
81
63
81
81
75
74
76
62
62
54
82
68
70
60
74
76
81
69
81
78
65
64
72
75
59
73
77
69
66
64
55
68
74
92
69
70
63
84
89
77
67
73
63
72
87
73
65
65
75
77
86
63
85
69
64
55
73
74
72
78
60
70
64
59
70
78
76
62
61
74
76
83
58
74
69
73
67
83
70
80
59
72
66
63
70
57
75
65
56
69
82
62
60
79
75
68
60
65
63
77
60
69
84
56
80
73
63
49
68
67
83
72
63
68
83
53
58
63
77
63
76
57
80
70
66
71
87
60
57
66
65
55
51
61
67
85
73
66
68
58
82
57
61
75
67
57
62
61
77
53
70
48
67
69
77
55
66
63
70
69
65
77
76
58
67
70
65
77
57
52
62
75
61
68
54
59
59
68
68
61
64
74
62
56
56
72
65
61
73
59
55
76
60
79
69
67
57
63
70
74
70
76
59
74
61
69
51
71
59
62
56
63
70
71
59
57
81
63
56
63
78
67
66
67
50
52
61
67
52
65
62
57
62
74
58
68
65
78
62
70
66
85
57
66
70
69
73
57
61
56
75
67
62
68
75
70
67
82
78
77
57
81
59
67
51
72
63
53
72
67
82
69
54
52
56
67
59
72
57
71
59
57
73
66
65
79
55
61
60
90
53
61
70
54
76
64
66
66
74
68
63
67
69
59
59
62
55
70
67
63
67
67
69
71
71
66
61
61
72
65
52
66
54
58
69
81
60
60
69
83
61
62
58
65
52
57
72
60
84
57
58
54
69
54
49
82
66
71
71
50
64
53
63
52
68
63
70
54
72
62
68
76
57
65
71
53
53
61
69
66
81
65
57
55
54
60
70
62
67
69
71
57
59
68
77
51
55
73
62
77
59
62
57
71
54
61
64
78
69
79
83
71
53
75
78
75
53
67
69
74
66
56
71
62
67
69
70
55
68
67
66
69
59
68
56
52
54
60
77
66
63
63
71
64
86
56
69
57
70
69
62
46
78
83
73
84
74
69
55
62
68
72
69
57
66
65
56
64
63
68
63
65
58
70
69
68
68
71
73
65
80
60
65
73
72
71
78
67
67
77
66
72
70
68
91
72
75
87
77
70
88
72
62
85
67
78
72
65
67
77
83
53
83
74
85
95
79
83
69
95
84
83
76
78
78
86
58
67
90
85
77
72
98
83
81
72
77
88
76
96
85
101
68
100
95
104
96
93
93
82
93
91
97
88
94
97
109
83
95
101
102
105
108
109
109
106
106
109
100
89
123
106
108
126
121
114
99
93
109
133
117
116
99
125
121
121
120
119
133
111
97
120
144
118
137
120
117
122
167
138
158
133
161
140
145
133
153
155
142
162
155
147
158
153
137
172
152
161
158
152
176
147
205
188
174
181
183
179
205
178
172
172
193
172
218
184
206
185
169
197
201
216
223
223
211
206
245
234
229
214
220
229
199
214
223
228
255
237
238
271
251
237
248
230
261
266
262
231
277
266
239
243
294
255
292
278
292
332
275
301
316
284
293
316
320
329
321
319
330
296
332
349
321
333
327
324
318
378
352
393
322
345
331
363
325
369
348
356
385
400
388
394
370
341
425
392
380
376
422
407
414
418
370
435
490
426
418
408
468
441
491
438
423
490
456
479
492
490
480
479
495
485
488
468
535
509
509
483
535
532
509
536
508
542
532
539
551
546
558
585
589
553
605
577
592
624
577
616
599
585
587
588
633
587
630
615
598
618
583
619
653
628
661
690
688
652
689
675
661
678
679
677
679
720
705
674
696
708
743
708
749
769
792
702
785
714
700
803
783
746
777
752
737
795
786
737
808
772
737
789
785
830
749
832
805
867
854
813
795
832
851
835
860
811
878
761
813
868
843
854
769
892
843
868
857
806
877
862
827
938
878
875
867
861
922
889
880
884
877
879
915
887
918
900
890
915
931
944
922
858
928
945
923
911
920
943
922
901
955
975
951
949
963
907
943
944
991
972
986
1009
1015
884
947
982
938
972
921
980
989
969
943
933
987
985
987
912
968
935
967
994
1003
991
1024
988
1026
936
974
979
965
998
1024
981
1005
1037
995
1001
1014
1000
975
989
945
955
951
974
1008
944
991
943
995
972
977
933
952
1021
935
937
978
1019
951
911
955
960
1027
923
962
996
1023
960
948
980
971
914
924
926
950
991
878
895
915
925
888
939
878
918
909
927
893
966
921
903
857
952
911
892
892
935
887
893
845
876
861
954
904
843
844
837
888
865
837
814
796
874
856
858
794
847
824
821
812
819
851
766
815
865
820
763
796
759
743
756
779
835
793
742
805
828
759
798
732
774
761
782
749
751
805
735
718
727
711
720
736
719
744
684
663
690
695
690
673
669
679
700
630
670
635
650
698
690
633
654
643
631
626
633
595
653
563
601
618
599
578
552
625
608
564
535
603
564
569
605
515
543
566
577
567
547
505
501
531
544
520
529
542
507
522
511
511
505
468
501
468
497
461
461
499
447
480
400
446
451
428
426
435
455
448
393
430
419
404
410
393
424
433
441
386
425
339
377
384
374
357
365
391
372
378
341
370
382
347
370
309
333
351
330
314
329
348
321
320
321
302
339
337
308
342
301
283
301
296
280
285
303
301
292
282
265
288
276
260
264
287
271
256
265
249
222
254
252
236
256
236
248
229
220
238
217
238
218
219
199
219
198
217
192
209
199
219
237
203
203
209
182
200
194
191
184
162
197
171
193
164
187
174
192
157
167
181
172
145
167
153
156
142
167
152
156
130
163
149
156
145
129
168
158
132
168
148
146
148
135
126
128
132
135
138
112
135
131
140
134
137
116
116
116
135
98
101
111
109
121
119
113
107
113
143
108
96
86
113
99
92
116
105
116
106
92
92
98
82
106
90
97
92
84
86
68
89
93
86
96
94
89
93
83
77
69
78
71
87
79
72
89
66
68
94
84
72
78
79
81
65
58
80
59
69
71
70
81
70
70
62
61
69
61
81
60
60
81
70
63
56
56
74
68
57
71
60
59
63
52
51
64
73
62
63
60
60
43
58
64
58
70
62
48
54
57
53
63
52
53
65
44
41
65
48
48
38
53
52
64
42
52
70
54
50
39
50
54
42
52
56
51
54
47
58
50
47
50
38
46
44
48
44
39
43
59
54
53
37
40
45
44
36
38
41
34
32
36
47
34
52
47
52
54
41
38
52
50
38
48
43
37
41
38
28
44
33
46
43
40
33
37
40
46
27
42
35
45
26
45
47
33
33
33
50
48
36
26
35
47
33
40
30
40
40
43
35
42
38
40
44
48
32
46
45
45
49
31
45
32
42
36
31
38
38
44
27
38
42
34
48
33
38
35
32
35
39
33
38
37
26
27
39
29
46
37
42
35
44
43
31
37
32
41
35
36
38
32
39
44
32
39
36
35
35
32
28
40
28
31
35
32
31
29
32
28
35
35
31
30
33
30
34
30
40
33
41
32
32
41
27
38
40
26
26
29
34
30
39
29
32
32
37
30
28
37
29
32
24
29
37
31
42
28
24
26
33
36
33
31
39
34
32
37
25
26
29
31
24
44
26
22
30
32
37
31
29
38
28
34
21
25
38
26
36
27
40
22
26
37
45
45
32
32
31
27
30
21
37
35
21
28
27
33
41
34
41
27
30
29
26
27
33
28
44
29
35
45
27
26
25
27
25
25
37
39
31
31
39
27
23
34
29
28
34
33
28
34
25
22
39
37
35
22
33
31
30
33
29
34
36
32
41
35
27
27
31
25
42
28
25
31
28
25
30
27
25
33
24
25
37
25
25
38
25
24
34
42
26
36
31
33
31
25
28
26
28
27
29
31
45
24
38
28
40
33
34
29
21
24
31
35
30
32
32
31
25
26
33
28
32
27
32
26
28
40
26
36
33
36
20
28
37
26
33
39
31
21
35
27
28
34
38
32
23
24
38
33
31
30
17
30
39
34
30
21
19
32
22
30
27
25
28
39
35
32
30
35
25
31
42
30
27
27
32
33
31
22
27
24
30
30
30
28
34
34
41
26
33
35
28
31
26
26
24
39
30
30
29
26
31
31
28
31
26
22
23
32
35
31
36
26
29
21
26
25
25
31
29
29
31
26
26
31
28
26
31
28
36
21
35
27
34
37
32
30
26
25
26
24
25
32
24
32
23
32
22
28
19
23
20
42
35
39
33
30
20
24
38
33
25
25
33
28
35
36
24
38
33
22
35
34
32
27
26
32
27
31
26
29
26
39
30
29
30
34
40
22
31
23
33
23
32
29
24
35
28
25
31
33
29
29
30
29
27
25
34
24
29
34
34
27
27
36
24
30
23
27
29
29
30
32
29
25
25
21
28
40
31
17
24
28
36
37
26
26
33
30
25
28
34
28
25
27
37
26
32
35
28
28
30
36
33
18
35
18
29
37
27
27
29
24
31
33
30
35
30
22
30
31
27
21
30
29
36
29
25
32
30
24
23
28
25
17
30
22
33
29
33
26
35
29
24
23
28
21
35
26
28
25
22
25
23
25
25
23
33
28
29
34
26
21
31
31
38
32
40
28
28
42
19
27
21
36
24
34
31
26
25
24
24
33
28
24
29
24
25
28
31
31
30
30
27
26
22
35
23
25
21
29
31
27
36
29
29
31
37
38
24
26
26
35
28
30
36
23
26
34
23
23
23
24
25
28
27
27
39
31
30
22
30
36
33
22
28
34
35
32
31
34
26
35
24
29
28
38
31
37
27
35
31
26
29
27
31
26
28
33
27
23
37
24
44
35
35
32
32
26
36
26
32
33
28
33
32
20
39
31
31
31
29
25
20
26
30
26
34
23
32
30
24
25
32
25
26
31
30
24
43
24
30
41
32
37
31
29
22
33
35
30
30
33
32
29
24
29
29
21
37
29
35
20
35
33
36
24
23
32
42
36
24
40
30
31
29
22
27
31
21
33
33
41
39
20
36
31
20
33
42
30
34
29
34
38
27
21
25
37
27
32
31
27
33
35
32
24
31
25
26
28
37
25
32
20
35
44
29
34
26
28
36
25
34
27
28
27
35
23
28
27
31
18
30
28
24
25
30
28
32
33
30
29
23
34
27
35
27
34
30
35
32
30
25
29
37
28
24
25
22
34
35
32
31
19
26
28
35
35
26
24
30
26
40
23
34
38
16
26
26
27
29
37
36
30
39
33
34
28
31
28
26
36
36
32
38
35
29
26
37
38
35
32
23
26
34
24
25
30
37
28
32
31
34
30
31
26
27
31
30
30
35
22
35
33
27
31
36
30
26
31
39
26
26
44
28
32
38
24
38
24
24
34
41
26
41
33
36
22
28
21
23
30
26
40
24
34
30
35
24
42
24
29
30
33
36
31
26
43
26
35
15
17
28
31
39
21
40
37
29
25
26
29
28
35
41
31
31
31
38
27
11
31
25
28
32
29
26
29
37
28
30
25
20
20
33
31
33
26
26
22
31
36
29
33
31
23
32
24
24
21
37
32
38
39
35
30
29
36
26
47
32
32
32
25
33
31
34
24
39
25
28
39
26
32
35
38
30
25
31
25
38
22
34
29
31
37
24
34
38
33
33
26
27
24
31
30
23
29
30
29
29
33
22
23
25
38
19
32
27
24
21
24
31
25
38
34
33
35
28
35
31
31
29
22
37
26
32
34
23
32
31
21
35
28
26
21
38
24
25
25
36
38
34
32
27
26
29
28
32
32
34
23
36
28
31
19
34
35
28
17
19
24
34
28
38
31
35
32
29
20
32
30
28
20
36
42
29
29
35
27
25
31
27
32
23
31
30
24
35
30
32
29
27
33
32
26
41
34
24
22
21
38
29
24
23
29
33
26
32
28
33
33
15
30
25
25
20
32
27
26
31
28
36
32
25
38
34
26
34
27
21
28
31
21
27
28
26
21
29
37
32
29
24
27
39
32
27
30
33
31
29
23
25
30
33
26
30
32
34
34
33
35
22
32
26
28
26
35
21
39
31
35
28
27
30
32
33
27
25
35
35
38
29
20
28
27
34
24
30
17
28
27
27
30
25
27
31
38
37
35
31
26
30
29
26
27
32
28
33
24
25
36
36
28
29
20
28
33
35
30
29
31
30
28
26
30
26
26
37
28
29
33
30
31
26
27
21
24
22
35
35
26
30
24
30
25
34
21
30
32
29
31
34
30
38
28
27
39
43
31
29
36
31
22
26
29
24
25
22
34
31
33
26
25
33
29
40
36
29
27
35
43
34
29
29
30
28
39
25
23
22
39
26
19
35
30
35
29
28
29
32
43
25
35
40
25
34
28
29
38
23
24
29
33
32
29
28
29
39
31
33
27
25
34
27
32
31
20
28
29
28
29
40
29
21
31
28
31
34
36
29
30
32
33
28
29
37
36
25
27
30
24
32
29
40
31
30
25
31
33
31
36
43
31
31
22
28
29
41
28
26
30
23
22
29
25
44
29
30
29
27
22
43
40
30
24
32
31
30
32
24
27
31
27
30
33
31
31
28
25
35
26
24
25
31
35
26
29
29
29
24
32
27
22
28
29
38
30
31
32
33
31
30
27
38
30
35
43
24
28
36
30
28
24
24
29
41
25
22
34
33
30
27
30
24
37
33
36
23
33
33
31
34
30
31
22
26
25
35
36
32
27
29
33
26
33
23
34
26
33
30
34
32
25
31
29
32
26
41
30
22
37
22
26
28
18
31
32
28
25
22
33
31
24
36
29
18
29
34
27
30
43
25
35
31
32
32
16
25
17
26
29
20
27
27
35
28
30
33
27
29
40
31
26
32
34
29
27
27
35
36
24
28
35
25
29
26
25
25
25
26
24
33
29
31
21
28
39
29
29
34
29
25
31
28
32
38
31
29
30
34
27
38
28
30
34
27
28
35
29
32
17
30
26
36
34
38
20
28
35
16
28
33
21
38
29
27
35
36
34
26
37
32
25
37
34
36
34
28
36
19
24
26
27
27
26
40
32
21
30
30
21
32
31
34
24
28
29
30
30
24
29
23
13
40
19
26
28
26
31
29
26
32
24
26
35
26
26
27
26
33
23
41
31
29
35
36
28
31
29
33
23
27
21
33
32
27
29
38
27
30
31
24
26
26
28
39
19
20
30
35
36
36
32
29
24
32
25
25
34
28
35
31
26
28
22
36
46
27
24
27
28
30
26
32
26
30
28
16
28
24
34
34
36
40
28
39
30
39
26
29
28
33
31
28
38
20
26
35
22
31
31
35
33
33
20
33
27
32
23
39
27
23
26
24
34
32
30
27
27
29
35
30
29
29
33
27
28
33
29
27
31
20
32
28
35
38
31
30
26
34
32
33
33
30
30
22
32
37
39
22
29
29
19
26
36
32
38
36
38
22
32
24
22
32
37
39
28
28
34
37
24
27
37
20
28
28
30
33
30
29
24
32
24
27
28
18
44
27
36
26
34
36
39
26
21
29
24
22
35
34
26
34
22
34
24
40
18
27
31
25
35
26
31
32
29
23
27
26
27
32
23
24
37
34
22
18
28
31
30
31
31
27
26
34
25
16
26
19
25
32
26
23
30
23
17
23
30
19
15
22
33
30
24
36
24
35
27
24
31
31
19
25
27
26
35
35
30
29
41
25
34
24
34
27
47
41
26
21
33
29
34
33
26
30
27
30
27
34
29
36
27
41
25
30
24
28
25
31
29
36
30
20
41
28
32
19
33
24
23
22
30
25
28
27
30
31
27
28
25
26
27
35
33
36
43
33
27
31
29
22
35
28
38
30
25
25
25
31
33
21
29
18
34
25
39
28
22
26
36
30
26
27
36
33
28
28
24
31
38
38
27
25
34
31
27
29
31
26
32
28
28
31
30
38
40
25
28
26
23
32
28
29
20
30
25
26
18
25
33
27
32
22
24
42
25
26
36
29
29
27
31
32
28
34
27
28
32
28
36
29
29
30
23
30
27
25
34
32
27
26
26
26
32
28
28
30
27
24
33
39
36
30
28
24
31
37
28
29
31
27
31
34
29
27
29
31
28
34
26
32
34
25
28
29
32
19
32
37
19
31
19
27
30
25
25
31
26
40
27
28
26
24
31
31
33
23
36
37
33
25
38
33
29
31
35
34
32
24
32
39
32
25
27
34
34
30
38
30
36
30
29
23
24
26
31
20
38
34
38
28
30
28
33
28
32
39
18
37
30
29
25
28
32
27
36
34
26
24
27
31
22
26
30
33
24
26
34
23
31
32
32
40
40
20
39
24
31
25
40
30
24
23
34
31
30
25
31
38
26
25
35
37
33
27
34
32
34
33
35
31
20
30
34
32
37
30
29
29
18
31
35
27
35
37
22
39
31
28
30
24
27
30
37
35
24
45
29
45
17
30
19
38
33
38
35
23
29
34
35
27
35
31
26
33
24
26
30
29
31
21
34
33
38
45
31
21
33
28
24
30
30
38
32
30
27
37
38
26
34
46
25
28
31
39
40
29
27
31
33
36
20
33
28
41
25
26
36
28
39
46
40
31
34
40
33
29
36
34
34
27
35
25
33
40
34
34
27
22
35
25
29
31
35
25
32
37
34
31
28
25
27
30
37
38
24
26
39
33
33
27
23
36
31
32
35
39
23
40
27
35
19
26
30
32
46
36
34
26
29
30
34
33
27
30
37
25
33
32
25
28
34
36
34
34
28
33
32
39
22
25
19
42
33
35
32
32
21
37
36
33
37
33
42
38
28
30
28
39
29
34
30
35
35
33
34
30
31
30
33
31
30
37
28
33
45
33
36
33
31
30
33
39
35
32
34
33
28
37
46
26
35
40
25
44
35
33
29
33
43
37
26
38
35
40
33
41
25
23
36
32
28
29
41
39
40
36
23
27
35
35
32
25
33
27
21
34
36
27
24
33
36
31
43
39
26
37
43
33
36
30
28
36
38
36
35
33
40
41
33
27
26
37
36
35
32
34
38
28
37
31
35
36
31
28
38
32
31
50
36
33
29
42
29
30
31
37
30
36
29
29
34
39
21
35
40
38
36
35
42
34
30
36
35
38
33
35
24
28
34
42
38
29
45
41
37
35
27
33
37
36
41
41
40
39
31
30
41
33
37
33
32
36
40
21
33
38
33
38
31
34
26
23
35
30
34
33
26
29
36
33
40
34
35
34
37
24
39
35
35
32
32
27
30
38
28
33
33
34
42
29
32
38
38
36
36
34
38
23
41
33
37
36
40
27
32
39
27
30
27
38
37
31
36
30
39
31
40
44
33
21
33
28
28
33
43
31
38
49
38
32
31
31
38
34
39
43
28
35
31
38
33
29
35
29
38
53
36
28
32
33
41
36
23
45
24
35
34
36
40
34
27
37
42
39
36
26
29
38
34
50
29
31
36
37
20
26
27
40
32
36
34
35
31
28
23
31
33
25
23
36
33
29
36
39
35
32
40
34
34
21
26
37
23
32
36
30
36
36
38
33
44
36
29
32
40
39
31
28
30
30
37
32
23
37
36
31
31
42
28
37
24
31
46
40
34
53
33
42
35
38
36
31
38
28
29
37
33
37
42
27
40
27
34
37
28
31
32
35
26
30
35
35
34
33
37
32
36
36
32
35
43
35
40
41
35
40
45
30
38
32
33
30
37
33
43
25
33
32
39
37
36
34
34
26
41
40
39
31
28
31
37
31
36
30
35
41
32
29
30
31
31
47
36
37
39
41
33
46
30
30
36
35
41
32
29
41
31
39
44
48
28
42
39
30
43
33
37
31
37
39
39
35
38
39
43
29
39
36
37
35
21
30
38
27
43
34
50
29
37
41
27
36
33
32
33
27
31
40
37
38
23
35
29
39
38
40
27
34
37
46
32
44
36
34
39
32
40
34
29
44
36
38
32
32
38
35
21
26
28
33
27
26
40
31
31
35
33
27
38
42
27
37
22
45
40
39
30
31
28
33
25
35
40
32
30
26
34
33
22
34
37
33
35
44
22
25
36
39
36
44
38
39
28
36
38
25
35
36
29
31
26
38
43
32
38
32
32
41
27
33
36
25
34
28
31
24
34
21
31
43
39
25
27
28
22
26
38
32
41
39
44
31
38
31
30
35
48
41
32
35
26
26
36
34
35
22
39
36
31
28
49
38
30
30
31
34
37
32
28
33
41
23
33
27
43
23
31
29
36
25
42
34
30
40
24
30
21
30
23
34
34
26
30
32
26
32
24
31
37
29
32
36
38
32
25
34
31
27
32
35
37
26
38
26
29
40
33
24
30
28
32
46
33
33
38
24
31
30
37
24
30
20
28
28
29
42
31
31
31
29
23
31
18
29
25
28
30
33
34
28
35
25
23
28
30
38
32
39
29
32
23
23
25
37
33
33
29
29
28
35
24
31
22
26
24
27
23
23
35
34
29
28
23
27
28
29
26
40
28
29
20
30
30
19
23
23
32
31
18
19
32
32
21
26
29
28
34
25
31
37
20
31
31
28
24
35
23
24
34
35
25
25
24
27
24
27
25
28
29
25
31
21
18
19
28
25
34
27
18
34
28
32
26
34
21
24
20
20
31
19
24
33
25
25
20
33
29
30
29
35
28
19
32
36
16
21
24
26
29
29
28
29
21
28
28
25
25
24
19
34
21
21
24
33
39
29
17
23
32
22
27
29
22
28
31
20
24
22
14
33
17
23
26
28
23
19
37
19
17
28
27
27
22
27
22
20
21
17
26
21
23
26
26
22
18
31
15
18
30
18
33
29
14
22
25
23
25
26
18
24
18
15
27
30
33
15
31
31
17
31
18
18
25
23
19
19
23
22
25
17
21
20
22
21
17
15
20
20
18
23
27
25
21
23
29
21
14
22
14
23
14
30
26
20
17
20
20
20
32
21
23
16
18
27
16
19
22
27
25
12
17
22
27
21
15
14
13
21
16
13
18
30
23
19
19
21
26
31
19
20
35
14
20
23
20
18
22
19
12
14
23
15
16
26
15
17
23
10
18
18
19
18
13
26
20
13
20
14
13
15
23
21
20
18
11
12
13
19
17
23
18
9
15
17
14
15
20
27
17
23
21
21
19
12
14
12
19
21
15
15
19
15
13
19
17
15
15
21
21
15
27
15
13
22
5
10
9
12
21
15
22
14
13
7
14
14
14
11
19
13
10
17
16
20
18
16
9
16
9
27
18
22
15
21
17
10
12
15
17
14
16
11
17
18
17
24
13
15
21
14
22
18
19
13
16
16
15
13
14
24
9
15
13
14
18
12
20
22
20
20
14
12
13
16
13
9
9
12
14
19
21
10
14
18
15
15
9
17
4
12
10
14
16
19
15
11
16
16
21
18
14
18
18
10
9
13
13
11
11
9
17
13
13
11
15
19
8
16
18
18
17
18
11
22
15
7
9
22
16
14
15
12
13
16
14
10
7
4
15
13
18
23
11
7
9
12
9
17
15
10
9
15
9
14
12
11
12
7
11
16
14
19
8
12
14
14
17
15
8
17
11
8
11
18
13
9
18
15
18
8
10
12
14
9
4
12
14
9
13
17
13
11
7
16
12
15
13
10
11
11
9
10
11
10
11
14
17
8
14
18
10
10
8
10
10
14
18
6
18
11
13
19
12
10
8
20
10
19
14
15
20
10
13
9
11
13
11
9
15
12
16
7
9
11
15
8
13
11
15
12
10
14
11
12
14
13
11
18
15
20
8
15
889
875
864
885
909
872
889
851
883
886
896
896
871
910
869
887
842
917
880
884
896
926
825
924
920
869
927
873
911
908
890
892
889
901
905
881
885
900
841
862
881
917
864
894
808
940
951
885
907
898
897
876
954
871
905
833
863
896
863
959
879
894
864
880
873
917
927
916
915
887
863
899
916
823
901
856
855
877
855
839
878
883
905
884
928
899
854
874
892
840
899
878
846
861
875
909
837
846
910
877
850
855
890
913
873
903
893
843
884
873
881
864
871
902
856
823
832
834
862
808
837
862
888
880
874
919
857
438
