0
1
3
1
0
1
0
1
3
2
1
3
1
1
3
1
0
0
2
2
1
2
1
4
1
3
1
0
0
3
1
1
1
1
1
0
2
1
1
3
0
1
3
2
1
2
1
1
2
7
20
27
38
39
46
153
332
528
783
1366
2299
2684
2792
2995
2811
2875
2823
2945
2965
2945
3138
3090
3364
3279
3337
3459
3329
3301
3378
3302
3440
3356
3203
3302
3228
3179
3076
3120
3015
3180
3096
3136
3118
3134
3133
3095
3054
3193
3032
3107
3101
3044
3031
3127
3073
3105
3233
3076
3214
3242
3308
3400
3500
3481
3557
3549
3611
3611
3704
3685
3744
3814
3711
3847
3734
3685
3750
3665
3655
3766
3753
3646
3551
3761
3622
3611
3579
3542
3597
3480
3653
3468
3540
3485
3421
3417
3478
3372
3394
3311
3407
3440
3405
3361
3254
3268
3271
3164
3284
3186
3326
3175
3219
3205
3228
3171
3219
3186
3197
3132
3106
3199
3146
3103
3097
3012
3124
3003
3057
3036
3022
3009
3001
2958
2938
2861
2939
2985
2924
2918
2923
2795
2864
2870
2846
2855
2888
2795
2809
2818
2725
2815
2759
2696
2662
2725
2636
2735
2691
2642
2667
2722
2558
2596
2630
2578
2626
2594
2657
2573
2513
2468
2520
2568
2593
2501
2583
2593
2522
2530
2561
2481
2454
2505
2539
2478
2546
2477
2521
2451
2495
2437
2533
2455
2446
2441
2458
2503
2530
2567
2502
2519
2464
2485
2459
2375
2415
2497
2463
2465
2473
2411
2454
2447
2457
2464
2408
2377
2292
2442
2336
2399
2381
2328
2326
2324
2350
2337
2268
2324
2256
2237
2132
2082
2283
2183
2072
2059
2153
2008
2041
2072
1964
1980
1921
1815
1849
1823
1840
1760
1764
1750
1709
1662
1626
1671
1547
1547
1560
1557
1540
1581
1515
1501
1521
1398
1485
1393
1423
1383
1357
1341
1332
1339
1320
1324
1294
1281
1313
1275
1226
1241
1180
1181
1199
1198
1187
1179
1109
1147
1190
1164
1160
1115
1139
1082
1116
1070
1183
1071
1094
1076
1117
1116
1139
1013
1130
1033
1043
1087
986
977
1066
986
1032
959
1074
1002
1020
970
1010
953
967
976
954
946
960
1027
988
944
1012
937
955
1003
1013
933
945
990
955
947
948
940
1000
967
910
910
915
953
950
907
940
940
958
933
929
928
912
941
953
880
932
886
920
941
893
971
970
955
857
971
979
918
989
967
949
995
1063
1042
1039
1002
1053
1044
1179
1150
1259
1310
1274
1354
1418
1502
1575
1599
1716
1772
1977
1981
2197
2318
2341
2462
2525
2779
2959
3046
3333
3409
3683
3831
4122
4454
4563
4955
5095
5275
5558
5858
6124
6647
6775
6916
7413
7519
7873
8185
8500
8705
9025
9205
9609
9972
10052
10177
10527
10669
10975
11103
11422
11590
11682
11597
11967
12071
12093
12360
12405
12314
12371
12301
12311
12180
12216
11987
12279
12368
12163
12010
11700
11883
11605
11385
11050
10763
10807
10605
10214
10092
9734
9890
9177
9166
8820
8553
8505
8027
7918
7408
7191
6984
6564
6338
6183
6015
5568
5378
5005
4911
4726
4404
4173
3921
3719
3465
3323
3187
3078
2863
2632
2459
2497
2202
2024
2015
1909
1766
1658
1589
1460
1354
1372
1257
1215
1127
1068
1030
1013
944
919
863
824
799
781
770
747
707
734
669
665
612
661
590
607
581
581
577
606
541
502
548
544
531
575
513
505
510
523
485
497
490
483
486
464
513
501
484
477
448
491
501
450
422
440
449
442
442
429
433
462
490
459
507
490
433
423
423
426
430
448
411
414
450
452
406
421
464
452
426
429
445
442
420
425
468
407
429
434
422
411
467
430
435
438
434
403
403
423
428
393
424
418
439
423
419
388
415
443
368
434
392
426
396
417
424
410
430
413
386
414
429
409
426
428
406
465
458
457
410
423
424
423
443
394
435
419
425
408
433
395
420
399
460
442
409
402
434
442
435
408
415
387
425
431
393
498
407
430
437
410
400
396
413
436
392
425
419
419
424
443
422
451
425
405
429
446
393
414
441
424
430
415
406
474
415
398
404
407
406
417
423
427
395
380
400
446
380
422
434
433
433
357
446
438
441
397
425
410
401
410
400
423
401
403
399
429
428
388
446
410
396
400
469
397
405
405
397
438
410
361
430
424
440
402
411
442
420
394
434
417
379
426
414
424
438
401
370
416
426
437
428
394
388
386
468
410
441
398
406
417
417
415
417
394
416
427
387
442
408
376
374
388
398
399
406
389
390
415
448
422
455
393
372
396
415
412
428
419
409
378
383
399
398
412
428
418
379
424
359
387
378
390
382
391
467
389
399
426
388
415
443
409
397
419
435
412
405
372
424
426
404
424
375
401
382
423
460
413
436
409
398
411
391
452
447
401
472
423
406
409
441
421
399
427
444
430
414
439
433
457
416
394
434
420
429
404
398
418
419
400
417
417
475
410
427
429
435
436
402
426
428
467
456
425
407
441
428
444
445
446
415
431
431
473
419
491
456
461
459
466
473
448
484
435
436
454
423
470
420
462
441
425
474
450
457
453
450
474
465
448
422
472
456
459
444
434
497
481
452
449
459
464
461
447
480
466
442
472
488
458
466
457
444
468
529
463
466
468
475
505
453
473
473
504
475
499
454
463
487
468
472
466
483
434
482
463
500
467
428
487
485
458
443
467
473
491
467
467
466
422
412
471
465
475
432
498
424
469
490
436
441
455
461
429
433
453
453
427
444
444
433
414
467
433
406
441
394
454
437
435
412
441
414
379
424
399
419
393
414
396
388
371
435
372
384
381
393
408
410
348
364
363
384
372
361
331
349
298
330
356
355
327
372
335
336
338
308
340
328
357
318
285
309
265
291
299
291
287
286
259
304
266
278
296
280
287
245
244
262
268
245
251
253
225
252
245
226
244
240
211
224
214
245
210
235
256
182
231
191
194
214
216
221
212
181
201
166
199
180
187
195
182
181
184
185
151
190
188
190
152
155
171
159
152
181
164
157
173
163
173
138
142
152
143
153
164
143
140
140
144
128
143
132
149
149
140
153
125
124
138
120
139
139
152
130
134
122
128
137
137
134
117
138
145
114
138
136
130
121
143
134
120
125
136
133
145
142
121
147
180
163
169
132
158
151
178
168
172
166
173
176
182
186
176
197
175
206
223
227
223
265
245
251
249
272
255
332
310
292
337
341
346
356
375
330
374
392
410
457
484
462
488
472
508
529
571
576
586
611
597
591
693
721
697
696
706
824
768
776
801
848
835
845
836
892
922
995
947
988
978
996
1041
1031
1030
1106
1137
1137
1083
1109
1121
1210
1242
1207
1261
1255
1262
1270
1291
1252
1225
1345
1308
1313
1317
1361
1378
1375
1349
1371
1345
1407
1413
1438
1429
1413
1395
1405
1408
1339
1385
1364
1431
1418
1442
1418
1484
1461
1448
1413
1399
1371
1368
1414
1403
1404
1364
1467
1487
1459
1426
1401
1410
1414
1432
1412
1380
1347
1326
1375
1397
1399
1355
1386
1389
1408
1290
1288
1242
1233
1370
1313
1269
1247
1255
1270
1257
1301
1226
1220
1187
1236
1221
1157
1077
1146
1156
1077
1050
1113
1040
1084
1017
982
1034
955
945
964
975
956
894
878
834
835
778
855
790
755
750
771
753
735
695
681
670
624
637
645
650
647
560
569
504
514
516
497
498
438
475
456
422
459
398
406
375
328
356
334
343
372
320
299
288
310
288
298
266
255
252
265
258
263
224
236
206
222
214
235
215
209
197
188
210
191
182
163
180
198
180
172
163
180
171
149
145
164
128
150
133
142
143
151
136
157
121
128
147
122
132
121
113
134
113
136
123
106
128
116
93
119
124
107
118
125
102
105
102
110
114
82
101
117
119
101
85
103
95
111
109
92
86
99
100
97
106
94
90
109
101
80
85
85
74
95
94
73
103
85
95
109
96
88
94
88
83
85
76
81
85
114
81
68
87
63
84
83
78
107
92
79
93
86
79
93
68
88
64
87
71
90
69
65
72
78
89
85
77
65
95
71
86
79
77
77
82
86
67
82
78
61
69
72
73
84
66
67
76
75
75
77
95
67
83
81
65
60
83
74
73
65
62
79
66
75
71
65
68
65
49
58
66
75
58
69
59
63
66
63
61
57
76
59
66
74
76
56
54
59
62
61
55
59
62
61
49
70
63
68
58
59
48
52
65
55
54
62
69
58
73
44
47
60
47
41
66
50
54
56
50
37
51
53
38
42
59
38
42
53
32
46
55
44
50
28
41
45
37
51
42
41
43
44
42
56
38
36
49
34
42
35
47
36
51
37
35
43
46
32
35
43
28
41
38
35
46
31
44
42
33
34
34
30
34
28
31
30
29
44
36
31
35
38
25
40
33
27
33
39
20
25
31
22
33
24
20
27
29
28
32
35
38
16
34
26
41
29
28
33
28
25
25
26
27
27
27
27
23
38
26
22
18
24
27
31
16
25
31
22
17
25
23
18
14
21
19
20
21
25
27
14
29
24
26
25
27
22
19
22
25
17
15
20
18
28
37
24
28
18
25
16
22
23
27
20
29
28
25
33
31
28
26
36
30
38
30
29
30
35
39
28
30
30
51
29
38
48
36
34
33
39
38
42
46
36
35
34
44
54
34
51
54
47
58
38
48
49
48
48
46
51
51
45
60
61
61
57
48
57
45
59
47
49
55
50
50
63
51
67
60
74
59
52
46
70
66
49
56
57
64
61
54
58
53
63
48
60
65
52
59
72
52
40
64
59
54
66
69
53
57
58
72
60
67
58
55
51
55
60
65
73
63
59
75
62
64
67
60
45
50
74
59
47
62
59
53
75
61
70
63
67
51
63
52
55
63
53
61
65
62
60
56
65
65
60
55
50
54
34
66
70
60
50
69
64
58
58
59
52
61
50
56
54
57
57
59
55
58
63
45
50
49
57
53
55
51
53
50
48
52
44
38
61
44
52
31
48
38
52
34
39
45
41
31
22
47
49
42
41
40
43
39
33
35
34
37
37
42
40
33
30
28
30
32
36
23
27
22
26
25
16
31
27
27
27
30
23
23
12
26
20
30
19
20
22
23
10
17
17
12
18
14
18
12
20
15
19
17
11
12
9
17
14
18
8
12
11
11
8
11
11
7
14
8
13
11
6
4
8
5
13
3
10
4
11
5
9
4
10
7
11
4
6
12
7
9
9
9
11
5
9
3
6
6
4
8
7
6
8
4
5
5
6
6
4
4
5
4
5
5
4
6
8
5
7
2
3
3
8
3
3
4
4
7
4
2
6
5
2
2
5
1
1
3
5
6
6
3
2
3
3
4
1
2
6
3
6
7
4
2
1
2
4
2
5
3
0
5
4
3
2
4
3
6
2
6
7
3
2
4
3
2
7
5
4
5
2
5
2
2
6
6
1
2
0
3
6
4
3
4
3
4
5
4
3
5
5
4
7
2
5
5
2
1
2
2
2
4
3
8
2
3
4
4
4
2
4
7
7
3
2
3
6
2
5
3
4
0
5
1
8
3
3
2
3
4
4
2
5
5
2
2
4
3
6
1
4
3
3
4
4
2
6
2
4
2
6
3
6
0
2
7
2
5
0
7
3
2
3
2
1
2
1
5
3
2
5
4
3
6
4
1
2
5
4
2
1
4
4
2
4
2
3
9
3
3
2
3
1
0
5
6
6
5
1
4
1
4
3
2
0
3
2
3
2
4
5
4
2
3
4
2
0
5
1
3
2
3
2
1
4
4
1
4
6
2
3
2
2
3
3
5
2
4
2
4
4
4
4
3
3
1
7
3
3
7
0
0
6
2
4
4
1
1
8
3
2
2
0
2
3
4
1
3
2
2
2
3
2
2
1
3
7
3
2
3
3
3
8
5
4
1
7
3
0
4
1
5
2
3
1
0
4
0
2
4
1
2
2
2
3
2
6
3
2
0
3
2
5
8
2
4
2
3
7
1
6
0
3
1
1
1
1
3
2
2
2
4
7
1
5
2
1
9
2
3
2
3
4
3
1
4
3
1
2
3
0
1
1
3
1
3
0
6
4
1
4
3
1
3
1
2
2
0
1
3
2
0
1
1
1
6
0
5
1
0
2
2
1
2
6
1
2
3
1
4
0
3
6
2
3
1
6
1
5
2
0
3
1
2
1
2
2
0
0
1
2
2
2
0
3
1
2
4
3
3
2
1
1
2
2
1
2
0
4
2
0
4
1
0
1
6
1
1
2
1
2
0
0
1
1
1
2
2
2
2
0
0
0
2
0
3
3
0
3
1
1
1
1
0
1
2
3
1
0
0
1
3
0
2
2
1
1
3
4
1
0
2
0
2
1
0
2
2
2
1
1
4
2
1
0
3
2
0
1
1
2
1
0
1
1
1
2
1
1
1
0
1
2
0
3
0
3
3
3
1
2
2
1
2
3
2
1
0
4
3
2
0
2
1
2
1
1
0
2
4
0
1
1
2
1
5
3
6
4
4
1
4
5
3
2
5
0
3
4
2
0
1
2
2
2
0
1
5
1
1
0
3
1
1
3
2
3
1
2
7
2
3
2
1
5
2
2
2
2
3
4
2
4
5
0
5
5
1
2
2
2
1
1
2
1
6
4
8
6
2
5
2
1
3
2
5
0
3
1
3
5
2
1
1
2
1
1
4
4
4
6
0
2
4
4
2
3
6
4
3
2
4
4
3
6
0
5
2
4
0
2
2
4
7
3
4
2
1
4
2
2
4
6
2
1
2
5
5
3
2
4
1
6
2
4
3
1
8
4
3
7
4
1
1
3
4
4
2
2
0
4
0
2
2
3
2
5
1
4
4
2
3
2
3
2
3
6
1
4
2
2
1
2
3
4
2
1
3
1
3
2
2
4
2
3
3
4
2
2
1
6
1
2
3
3
3
3
5
2
4
4
6
6
1
2
2
3
3
0
2
1
3
3
3
1
2
3
2
4
6
2
0
3
0
2
4
7
1
2
4
2
0
1
3
1
1
2
2
2
1
2
2
1
0
2
2
3
0
6
2
1
1
5
2
2
1
1
2
1
1
1
4
1
1
1
2
1
0
1
0
1
2
3
3
3
1
1
1
0
2
2
0
1
0
0
0
2
1
3
1
0
2
1
0
1
1
0
0
0
1
2
0
0
1
0
0
0
1
0
0
1
1
0
2
0
0
0
0
0
0
1
2
0
1
2
1
1
0
0
2
1
1
0
0
0
2
0
1
0
1
0
0
1
2
0
0
1
0
0
1
0
0
1
0
1
1
0
0
0
1
0
0
0
0
0
0
1
0
0
0
0
0
0
2
0
0
0
0
1
1
1
1
0
2
0
1
0
2
1
0
1
0
0
0
1
1
0
0
1
0
0
0
1
0
1
0
0
0
1
0
0
0
0
0
0
1
1
2
0
0
2
0
1
0
0
1
0
0
1
0
0
1
0
0
0
0
0
0
2
0
0
0
0
0
1
0
0
0
0
0
0
0
0
2
0
0
0
0
0
0
0
0
0
0
0
1
1
0
0
0
1
0
1
0
1
0
0
0
0
0
2
0
0
0
0
1
0
0
0
0
0
0
0
0
0
0
1
0
0
0
0
0
0
0
0
0
0
0
0
0
0
0
0
0
0
0
0
0
0
0
0
0
0
0
0
1
0
0
0
0
0
0
0
0
0
0
0
0
0
0
0
0
0
0
0
0
0
0
0
0
1
0
0
0
0
1
0
0
0
0
0
0
0
0
0
0
0
2
0
0
0
0
0
0
0
0
0
0
0
0
0
1
0
0
0
1
0
0
0
0
0
0
0
0
0
0
0
0
0
0
0
0
1
0
0
0
0
0
0
1
0
0
0
0
1
0
0
0
0
0
0
0
0
0
0
0
0
0
0
0
0
0
0
1
1
0
1
0
0
0
0
0
1
0
0
0
1
0
0
0
0
0
0
1
0
0
0
0
0
0
0
0
1
0
0
0
0
0
0
0
0
0
0
0
0
0
0
0
0
0
0
0
0
0
0
1
0
1
0
0
0
0
0
0
0
0
0
0
0
0
0
0
0
0
0
0
0
0
0
0
0
0
0
0
0
0
0
0
0
0
0
0
0
0
0
0
1
1
0
0
0
0
0
0
1
0
0
0
0
0
1
0
0
0
0
0
0
0
0
0
0
0
0
0
0
0
0
0
0
0
0
0
0
0
0
0
1
0
0
0
0
0
0
0
0
0
0
0
0
0
0
1
0
0
0
0
0
0
0
0
0
0
0
0
0
0
0
0
0
0
0
0
0
0
0
0
0
0
0
0
0
0
0
0
0
0
0
0
1
0
0
0
0
0
0
0
0
0
0
0
0
0
0
0
0
0
0
0
0
0
0
0
0
0
0
0
0
0
0
0
0
0
0
0
0
0
0
0
0
0
0
0
0
0
0
0
0
0
0
0
0
0
0
0
0
0
0
0
0
0
0
0
0
0
0
1
0
0
0
1
0
0
0
0
1
0
0
0
0
0
0
0
0
0
0
0
0
0
0
0
0
0
0
0
0
0
0
0
0
0
0
0
0
0
0
0
0
0
0
0
0
0
0
0
0
0
0
0
0
0
0
0
0
0
0
0
0
0
0
0
0
0
0
0
0
0
0
0
1
0
0
0
0
0
2
0
0
1
0
0
0
0
0
0
0
0
0
0
0
0
1
0
0
0
0
0
0
0
0
0
0
0
0
0
0
0
0
0
0
0
0
0
0
0
0
0
0
0
0
0
0
0
0
0
0
0
0
0
0
1
0
0
0
0
0
0
0
0
0
0
0
0
0
0
0
0
0
0
0
0
0
0
0
0
0
0
0
0
0
0
0
0
0
0
0
0
0
0
0
0
0
0
0
1
0
0
1
0
0
0
0
0
0
0
0
0
0
0
0
0
0
0
0
0
0
0
0
1
0
0
0
0
0
0
0
0
1
0
0
0
0
0
0
0
0
0
0
0
0
0
0
0
0
0
0
0
0
0
0
0
0
0
0
0
0
0
0
0
0
0
0
0
0
0
0
0
0
0
0
0
0
0
0
0
0
0
0
0
0
0
0
0
0
0
0
1
0
0
0
0
0
0
0
0
0
0
0
0
0
0
0
0
0
0
0
0
0
0
0
0
0
0
0
0
0
0
0
0
0
0
0
0
0
0
0
0
0
0
1
0
0
0
0
1
0
0
0
0
0
0
0
0
0
0
0
0
0
0
0
0
0
0
0
0
0
0
0
0
0
0
0
1
0
0
0
1
0
0
0
0
0
0
0
0
0
0
0
0
0
0
0
0
0
0
0
0
0
0
0
0
0
0
0
0
0
0
0
0
0
0
0
0
0
0
0
0
2
0
0
0
0
0
0
0
0
0
0
0
0
0
0
0
0
0
0
0
0
0
0
0
0
0
0
0
0
0
1
0
0
0
0
0
0
0
0
0
0
0
0
0
0
0
0
0
0
0
0
0
0
0
0
0
0
0
0
0
0
0
0
0
0
0
0
0
0
0
0
0
0
0
0
0
0
0
0
0
0
0
0
0
0
0
0
0
0
0
1
0
0
0
0
0
1
0
0
0
0
0
0
1
0
0
0
0
0
0
0
0
0
0
0
0
0
0
1
0
0
0
0
0
1
1
0
0
0
0
0
0
0
0
0
0
0
0
0
0
0
0
0
0
0
0
0
0
1
0
0
0
0
0
0
0
0
0
0
0
0
0
0
0
0
0
0
0
0
0
0
0
0
0
0
0
0
0
0
0
0
0
0
0
0
0
0
0
0
0
0
0
0
0
0
0
0
0
0
0
0
0
0
0
0
0
0
0
0
0
0
0
0
0
0
0
0
0
0
0
0
0
0
0
0
0
0
0
0
0
0
0
0
0
0
0
0
0
0
1
0
0
0
0
0
0
0
0
0
0
0
0
0
0
0
0
0
0
0
0
0
0
0
0
0
0
0
1
0
0
0
0
0
0
0
0
0
0
0
0
0
0
0
0
0
0
0
0
0
0
0
0
0
0
0
0
0
0
0
0
0
0
0
0
0
0
0
0
0
0
0
0
0
0
0
0
0
0
0
0
0
0
0
0
0
0
0
0
0
0
0
0
0
0
0
0
0
0
0
0
0
0
0
0
0
0
0
0
0
1
0
0
0
0
0
0
0
0
0
0
0
0
1
0
0
0
0
0
0
0
0
0
0
1
0
0
0
0
0
0
0
0
0
0
0
0
0
0
0
0
1
0
0
0
0
0
0
0
0
0
0
0
0
0
0
0
0
0
0
0
0
0
0
0
0
0
0
0
0
0
0
0
0
0
0
0
0
0
0
0
0
0
0
0
0
0
0
0
0
0
0
0
0
0
1
0
0
0
0
0
0
0
0
0
0
0
0
0
0
0
0
0
0
0
0
0
0
0
0
0
0
0
0
0
0
0
0
0
0
0
0
0
0
0
0
0
0
0
0
0
0
0
0
0
0
0
0
0
0
0
0
0
0
0
0
0
0
0
0
0
0
0
0
0
0
0
0
0
0
0
0
0
0
0
0
0
0
0
0
1
0
0
0
1
0
0
0
0
0
0
0
0
0
0
0
0
0
0
0
1
0
0
0
0
0
0
0
0
0
0
0
0
0
0
0
0
0
0
0
0
0
0
0
0
0
0
0
0
0
0
0
0
0
0
1
0
0
0
0
0
0
0
0
1
0
0
0
0
0
0
0
0
0
0
0
0
0
0
0
0
0
0
0
0
0
0
0
0
0
0
0
0
0
0
0
0
0
0
0
0
0
0
0
0
0
1
0
0
0
0
0
0
0
0
0
0
0
0
0
0
0
0
0
0
0
0
0
0
0
0
0
0
0
0
0
0
0
0
0
1
0
0
0
0
0
0
0
0
0
0
0
0
0
0
0
0
0
0
0
0
0
0
0
0
0
0
0
0
0
0
0
0
0
0
0
0
0
0
0
0
0
0
0
0
0
0
0
0
0
0
0
0
0
0
0
0
0
0
0
0
0
0
0
0
0
0
0
0
0
0
0
0
0
0
0
0
0
0
0
0
0
0
0
0
0
0
0
0
0
0
0
0
0
0
0
0
0
0
0
0
0
0
0
0
1
0
0
1
0
0
0
0
0
0
0
0
0
0
0
0
0
0
0
0
0
0
0
1
0
0
0
1
0
1
0
0
0
0
0
0
0
0
0
0
1
0
0
1
0
0
0
0
0
0
0
0
0
0
0
0
0
0
0
0
0
0
0
0
0
0
0
0
0
0
0
0
0
1
0
1
1
0
0
0
0
0
0
0
0
0
0
0
0
0
0
0
0
0
0
0
0
0
0
0
0
0
0
0
0
0
0
0
0
0
0
0
0
0
0
0
0
0
0
0
0
0
0
0
0
0
0
0
0
0
0
0
0
0
0
0
0
0
1
0
0
0
0
0
0
0
0
0
0
0
0
0
0
0
0
0
0
0
0
0
0
0
0
0
0
0
0
0
0
0
0
0
0
0
0
0
0
0
0
0
0
0
0
0
1
0
0
0
0
0
0
0
0
0
1
0
0
0
0
0
0
0
0
0
0
0
0
0
0
0
0
0
0
0
0
0
0
0
0
0
0
0
0
0
0
0
0
0
0
0
0
0
0
0
0
0
0
0
0
0
0
0
0
0
0
0
0
0
0
0
0
0
0
0
0
0
0
0
0
0
0
0
0
0
0
0
0
0
0
0
0
0
0
0
0
0
0
0
0
0
0
0
1
0
0
1
0
0
1
0
0
0
0
0
0
0
0
0
0
0
0
0
0
0
0
0
0
0
0
0
0
0
0
0
0
0
0
0
0
0
0
0
0
0
0
0
0
0
0
0
0
0
0
0
0
0
0
0
0
0
0
0
0
0
0
0
0
0
0
0
0
1
0
0
0
0
0
0
0
0
0
0
0
0
0
0
0
0
0
0
0
1
0
0
0
0
1
0
0
0
0
0
0
0
0
0
0
0
0
0
0
0
0
0
0
0
0
0
0
0
0
0
0
0
0
0
0
1
0
0
0
0
0
0
0
0
0
0
0
0
0
0
0
0
1
0
0
0
0
0
0
0
0
0
0
0
0
0
0
0
0
0
0
0
0
0
0
0
0
0
0
0
0
0
0
0
0
0
0
0
0
0
0
0
0
0
0
0
0
0
0
0
0
0
0
0
0
0
1
0
0
0
0
0
0
0
0
0
0
0
0
0
0
0
0
0
0
0
0
0
0
0
0
0
0
0
0
0
0
0
0
0
0
0
0
0
0
0
0
0
0
0
0
0
0
0
0
0
0
0
0
0
0
0
0
0
0
0
0
0
0
0
0
0
0
0
0
0
0
1
0
0
0
0
0
0
0
0
0
0
0
0
0
0
0
0
0
0
0
0
0
0
0
0
0
0
0
0
0
0
0
0
1
1
0
0
0
0
0
0
0
0
0
0
0
0
0
0
0
0
0
0
0
0
1
0
0
0
0
0
0
0
0
0
0
0
1
0
0
0
0
0
0
0
0
0
0
0
0
0
0
0
0
0
0
0
0
0
0
0
0
0
0
0
0
0
0
0
0
0
1
0
0
0
0
0
0
0
0
0
0
0
0
0
0
0
0
0
0
0
0
0
0
1
0
0
0
0
0
0
0
0
0
0
0
0
0
0
0
0
0
0
0
0
0
0
0
0
0
0
0
0
0
0
0
0
0
0
0
0
0
1
0
0
0
1
0
0
0
0
0
0
0
0
0
0
0
0
0
0
0
0
1
0
0
0
0
0
0
0
0
0
0
0
0
0
0
0
0
0
0
0
0
0
0
0
0
0
0
0
0
0
0
0
0
0
0
1
0
1
0
0
0
0
0
0
0
0
0
0
0
0
0
0
0
0
0
0
0
0
0
0
0
0
0
0
0
0
0
0
0
0
0
0
0
0
0
0
0
0
0
0
1
0
0
0
0
0
0
0
0
0
0
0
0
0
0
0
0
0
0
0
0
0
0
0
0
0
0
0
0
0
0
0
0
0
0
0
0
0
0
0
0
0
0
0
0
0
0
0
0
0
0
0
0
0
0
0
0
0
0
0
0
0
0
0
0
0
0
0
0
0
0
0
0
0
0
0
0
0
0
0
0
0
0
0
0
0
0
0
0
0
0
0
0
0
0
0
0
0
0
0
0
0
0
0
0
0
0
0
0
0
0
0
0
0
0
0
0
0
0
0
0
0
0
0
0
0
0
0
0
1
0
0
0
0
0
0
0
0
0
0
0
0
0
0
0
0
0
0
0
0
0
0
0
0
0
0
0
0
0
0
0
0
0
0
0
0
0
0
0
0
0
0
0
0
0
0
0
0
0
0
0
0
0
0
0
0
0
0
0
0
0
0
0
0
0
0
0
0
0
0
0
0
0
0
0
0
0
0
0
0
0
0
0
0
0
0
0
0
0
0
0
0
0
0
0
0
0
0
0
0
0
0
0
0
0
0
0
0
0
1
0
0
0
0
0
0
0
0
0
0
0
0
0
0
0
0
0
0
0
0
0
0
0
0
1
0
0
0
0
0
0
0
0
0
0
0
0
0
0
0
0
0
0
0
0
0
0
0
0
0
0
0
0
0
0
0
0
0
0
0
1
0
0
0
1
0
0
0
0
0
0
0
0
0
0
1
0
0
0
0
0
0
0
0
0
0
0
0
0
0
0
0
0
0
0
0
0
0
0
0
0
0
0
0
0
0
0
0
0
0
0
0
0
0
0
0
0
0
0
0
0
0
0
0
0
0
0
0
0
0
0
0
0
0
0
0
0
0
0
1
0
0
0
0
0
0
0
0
0
0
0
1
0
0
0
0
0
0
0
0
0
0
0
0
0
0
0
0
0
0
0
0
0
0
0
0
0
0
1
0
0
0
0
0
0
0
0
0
1
0
0
0
0
0
0
0
0
0
0
0
0
0
0
0
0
0
0
0
0
0
0
0
0
0
0
0
0
0
0
0
0
0
0
0
0
0
0
0
0
0
0
0
0
0
0
0
0
0
0
0
1
0
0
0
0
0
0
0
0
0
0
0
0
0
0
0
0
0
0
0
0
0
0
0
0
0
0
0
0
0
0
0
0
1
0
0
0
0
0
0
0
0
0
0
0
0
0
0
0
0
0
0
0
0
0
0
0
0
0
0
0
0
0
0
1
0
0
0
0
0
1
0
0
0
0
0
0
0
0
0
1
0
0
0
0
0
0
0
0
0
0
1
0
0
0
0
0
0
0
0
0
0
0
0
0
0
0
0
0
0
0
0
0
1
0
0
0
0
0
0
0
0
0
0
0
0
1
0
0
0
0
0
0
0
0
0
0
0
0
0
0
0
0
0
0
0
0
0
0
0
0
0
0
0
0
0
0
0
0
0
0
0
0
0
0
0
0
0
0
0
0
0
0
0
0
0
0
0
0
0
0
0
0
0
0
0
0
0
0
0
0
0
0
0
0
0
0
0
0
0
0
0
0
0
0
0
0
0
0
0
0
0
0
0
0
0
0
0
0
1
0
0
0
0
0
0
0
0
0
0
0
0
0
0
0
0
0
0
0
0
0
0
0
0
1
0
0
0
0
0
0
0
0
0
0
0
0
0
0
0
0
0
0
0
0
0
0
1
0
0
0
0
0
0
0
0
0
0
0
0
0
0
0
0
0
0
0
0
0
0
0
0
0
0
0
0
0
0
0
0
0
0
0
0
0
0
1
0
0
0
0
0
0
0
0
0
0
0
0
0
0
0
0
0
0
0
0
0
0
0
0
1
0
0
0
0
0
0
0
0
0
0
0
0
0
0
0
0
0
0
0
0
0
0
0
0
0
0
0
0
0
0
0
0
0
0
0
0
0
0
0
0
0
0
0
0
0
0
0
0
0
0
0
0
0
0
0
0
0
0
1
0
0
0
0
1
0
0
0
0
0
0
0
0
0
0
0
0
0
0
0
0
0
0
0
0
0
0
0
0
1
0
0
0
0
0
0
0
0
0
0
0
0
1
0
0
0
0
0
0
0
0
0
0
1
0
0
0
0
0
0
0
0
0
0
0
0
0
0
0
0
0
0
0
0
0
0
0
0
0
0
0
0
0
0
0
1
0
0
0
0
0
0
0
0
0
0
0
0
0
0
0
0
1
0
1
0
0
0
0
0
0
0
0
0
0
0
0
0
0
1
0
0
0
0
0
0
0
0
0
0
0
0
0
0
0
0
0
0
0
0
0
0
0
0
0
0
0
0
0
0
0
0
0
0
0
0
0
0
0
0
0
0
0
0
0
0
0
0
0
0
0
0
0
0
0
0
0
0
0
0
0
0
0
0
0
0
0
0
0
0
0
0
0
0
0
0
0
0
0
0
0
0
0
0
0
0
0
0
0
0
0
0
0
0
0
0
0
0
0
0
0
0
0
0
0
0
0
0
0
0
0
0
0
0
0
0
0
0
0
0
0
0
0
0
0
0
0
0
0
0
0
0
0
0
0
0
0
0
0
0
0
0
0
0
0
0
0
0
0
0
0
0
0
0
0
0
0
0
0
0
0
0
0
0
0
0
0
1
0
0
0
0
1
0
0
0
0
0
0
0
0
0
0
0
0
0
0
0
0
0
0
0
0
0
0
0
0
0
0
1
0
0
0
0
0
0
0
0
0
0
0
0
0
0
0
0
0
0
0
0
0
0
0
0
0
0
0
0
0
0
0
0
0
0
0
0
0
0
0
0
0
0
0
0
0
0
1
0
0
0
0
0
0
0
0
0
0
0
0
0
0
0
0
0
0
0
0
0
0
0
0
0
0
0
0
0
0
0
0
0
0
0
0
0
0
0
0
0
0
0
0
0
0
0
0
0
0
0
0
0
0
0
0
0
0
0
0
0
0
0
0
0
0
0
0
0
0
0
0
0
0
0
0
0
0
0
0
0
0
0
0
0
0
0
0
0
0
0
0
0
0
0
0
0
0
0
0
0
0
0
0
0
0
0
0
0
0
0
0
0
0
0
0
0
0
0
0
0
0
0
0
0
0
0
0
0
0
1
0
0
0
0
0
0
0
0
0
0
0
0
0
0
0
0
0
0
0
0
0
0
0
0
0
0
1
0
0
0
0
0
0
0
0
0
0
0
0
0
0
0
0
0
0
0
0
0
0
1
0
0
0
0
0
0
0
0
0
0
0
0
1
0
0
0
0
0
0
1
0
0
0
0
0
0
0
0
0
0
0
0
0
0
0
0
0
0
0
1
0
0
0
0
0
0
0
0
0
0
0
0
0
0
0
1
0
0
0
0
0
0
0
0
0
0
0
0
0
0
0
0
0
0
0
0
0
0
0
0
0
0
0
0
0
0
0
0
0
0
0
1
0
0
0
0
0
0
0
0
0
0
0
0
0
0
0
0
0
0
0
0
0
0
0
0
0
0
0
0
0
0
0
0
0
0
0
0
0
1
0
0
0
0
0
0
0
0
0
0
0
0
0
0
0
0
0
0
0
0
0
0
0
0
0
0
0
0
0
0
0
0
0
0
0
0
0
0
0
0
0
0
0
0
0
0
0
0
0
0
0
0
0
0
0
0
0
0
0
0
0
0
0
0
0
0
0
0
0
0
0
0
0
0
0
0
0
0
0
0
0
0
0
0
0
0
0
0
0
0
0
0
0
0
0
0
0
0
0
0
0
0
0
0
0
0
0
0
0
0
0
0
0
0
0
0
0
0
0
0
0
0
0
0
0
0
0
0
0
0
0
0
0
0
0
0
0
0
0
0
0
0
0
0
0
0
0
0
0
0
0
0
0
0
0
0
0
0
0
0
0
0
0
0
0
0
0
0
0
0
0
0
0
0
0
0
0
0
0
0
0
0
0
0
0
0
0
0
0
0
0
0
0
0
0
0
0
0
0
0
0
0
0
0
0
0
0
0
0
0
0
0
0
0
1
1
0
0
0
0
0
0
0
0
0
0
0
0
0
0
0
0
0
0
0
0
0
0
0
1
0
0
0
0
0
0
0
0
0
0
0
0
0
0
0
0
0
0
0
0
0
0
0
0
0
0
0
0
0
0
0
0
0
1
0
0
0
0
0
0
0
0
0
0
0
0
0
0
0
0
0
0
0
0
1
0
0
0
0
0
0
0
0
0
0
0
0
0
0
0
0
0
0
0
0
0
0
0
0
0
0
0
0
0
0
0
0
0
0
0
0
0
0
0
0
0
0
0
0
0
0
0
0
0
0
0
0
0
0
0
0
0
0
0
0
0
0
0
0
0
0
0
0
0
0
0
0
0
0
0
0
0
0
0
0
0
0
0
0
0
0
0
0
0
0
0
0
0
0
0
0
0
0
0
0
0
0
0
0
0
0
0
0
0
0
0
0
0
0
0
0
0
0
0
0
0
0
0
0
0
1
0
0
0
0
0
0
0
0
0
0
0
0
0
0
0
0
0
0
0
0
0
0
0
0
0
0
0
0
0
0
0
0
0
0
0
0
0
0
0
0
0
0
0
0
0
0
0
0
0
0
0
0
0
0
0
0
0
0
0
0
0
0
0
0
0
0
0
0
0
0
0
0
0
0
0
0
0
0
0
0
0
0
0
0
0
0
0
0
0
0
0
0
0
0
0
0
0
0
0
0
0
0
0
0
0
0
0
0
0
0
0
0
0
0
0
0
0
0
0
0
1
0
0
0
0
0
0
0
0
0
0
0
0
0
0
0
0
0
0
0
0
0
0
0
0
0
0
0
0
0
0
0
0
0
0
0
0
0
0
0
0
0
0
0
0
0
0
0
0
0
0
0
0
0
0
0
0
0
0
0
0
0
0
0
0
0
0
0
0
0
0
0
0
0
0
0
0
0
0
0
0
0
0
0
0
0
1
0
0
0
0
0
0
1
0
0
0
0
0
0
0
0
0
0
0
0
0
0
0
1
0
0
0
0
0
0
0
0
0
0
0
0
0
1
0
0
0
0
0
0
0
0
0
0
0
0
0
0
0
0
0
0
0
0
0
0
0
0
0
0
0
0
0
0
0
0
0
0
0
0
0
0
0
0
0
0
0
0
0
0
0
0
0
0
0
0
0
1
0
0
0
0
0
0
0
0
0
0
0
0
0
0
0
0
0
0
0
0
0
0
0
0
0
0
0
0
0
0
0
0
0
0
0
0
0
0
0
0
0
0
0
0
0
0
0
0
0
0
0
0
0
0
0
0
0
0
0
0
0
0
0
0
0
0
0
0
0
0
0
0
0
0
0
0
0
0
0
0
0
0
0
0
0
0
0
0
0
0
0
0
0
0
0
0
0
0
0
0
0
0
0
0
0
0
0
0
0
0
0
0
0
0
0
0
0
0
0
0
0
0
0
0
0
0
0
0
0
0
0
0
0
0
0
0
0
0
0
0
0
1
0
0
0
0
0
0
0
0
0
0
0
0
0
0
0
0
0
0
0
0
0
0
0
0
0
0
0
0
0
0
0
0
0
0
0
0
0
0
0
0
0
0
0
0
0
0
0
0
0
0
0
1
0
0
0
0
0
0
1
0
0
0
0
0
0
0
0
0
0
0
0
0
0
0
0
0
0
0
0
0
0
0
0
0
0
0
0
0
0
0
0
0
0
0
0
0
0
0
0
0
0
0
0
0
0
0
0
0
0
0
0
0
0
0
0
0
0
0
0
0
0
0
0
0
0
0
0
0
0
0
0
0
0
0
0
0
0
0
0
0
0
5
4
6
4
5
2
2
3
4
8
6
3
5
0
11
7
2
3
4
10
7
4
5
3
7
4
7
0
3
5
3
8
6
8
10
4
7
7
7
8
8
1
4
5
9
7
7
5
5
7
3
4
8
4
8
6
6
6
6
8
6
3
3
2
6
6
7
2
5
3
4
7
6
6
3
3
9
4
8
5
6
6
5
9
6
7
3
5
3
8
6
8
7
4
5
9
5
3
8
6
5
4
3
5
8
7
4
5
3
3
5
1
3
3
4
5
7
7
5
3
5
3
6
2
5
1
3
1
