0
0
0
0
0
0
0
0
0
0
0
0
0
0
0
0
0
0
0
0
0
0
0
0
0
0
0
0
0
0
0
0
0
0
0
0
0
0
0
0
0
0
0
0
1
0
0
5
1
1
2
3
1
4
4
5
3
6
3
1
9
5
5
3
6
6
5
5
6
8
8
8
8
8
10
12
11
14
19
20
15
23
28
32
29
34
40
59
51
55
60
93
126
107
133
129
194
199
224
258
340
353
411
488
534
693
830
944
1142
1396
1040
735
533
248
77
76
72
71
104
98
122
147
149
157
188
180
232
259
264
295
346
360
385
405
405
403
422
437
380
373
364
263
221
190
180
136
134
152
172
209
211
207
259
275
335
310
346
367
323
363
344
385
285
237
225
218
176
196
232
239
273
290
274
300
314
353
336
355
315
298
257
235
206
211
202
219
264
240
333
322
336
316
318
332
282
276
272
231
202
198
222
257
271
302
334
302
311
313
288
275
258
287
252
237
216
224
262
264
264
277
303
327
301
302
274
281
236
223
246
245
249
251
288
303
276
293
303
325
289
282
293
281
273
232
268
236
258
279
269
302
298
277
331
306
274
247
281
270
270
251
243
249
248
263
252
256
231
280
268
275
273
290
295
276
276
300
282
255
253
270
245
258
288
258
255
287
254
250
273
264
281
292
245
263
305
279
233
252
241
287
292
253
266
289
270
254
254
251
254
245
276
265
276
285
266
291
246
231
245
281
242
250
282
224
251
286
254
262
249
274
254
266
251
247
271
242
242
254
238
232
251
285
250
260
266
265
255
237
255
248
242
268
244
258
272
227
229
241
226
228
236
226
245
237
234
257
239
247
244
250
238
229
240
243
253
221
249
233
231
226
237
251
233
263
235
208
224
225
226
250
227
246
237
266
249
218
255
240
239
222
243
230
248
241
235
248
232
250
260
269
242
270
272
224
224
249
235
242
239
232
228
222
229
218
254
244
233
226
226
210
242
234
237
247
258
244
229
242
237
198
248
217
230
269
230
210
201
236
233
247
203
235
218
231
217
232
202
256
224
267
256
255
237
234
246
226
237
234
215
258
226
208
211
226
223
216
229
230
238
243
230
234
236
241
227
233
228
252
232
230
234
226
235
260
226
220
234
237
253
267
268
232
236
268
237
248
271
265
257
276
298
289
251
274
304
269
274
302
310
319
301
323
327
306
302
312
327
307
331
318
302
302
326
332
291
296
277
286
283
242
303
313
286
291
276
278
261
274
278
263
240
256
248
263
239
252
237
252
238
230
230
257
219
244
271
235
236
230
226
202
208
233
216
193
198
195
235
238
219
204
216
189
191
216
253
206
198
238
209
197
213
217
229
271
257
272
220
237
210
212
235
212
192
230
232
197
197
187
216
208
196
201
228
231
212
219
172
191
186
199
174
216
198
194
204
185
216
218
199
185
170
195
196
170
188
185
206
211
206
199
184
210
173
188
190
195
179
187
159
202
195
217
201
203
192
220
188
185
193
190
210
208
207
194
203
169
186
200
213
200
177
220
190
197
193
202
172
195
206
183
208
171
217
184
185
182
198
196
177
178
175
210
169
205
199
185
179
184
182
206
180
189
197
201
179
201
192
209
175
165
181
192
187
172
204
203
180
173
172
177
196
187
195
210
166
202
206
183
199
162
166
171
170
171
200
171
187
185
192
181
173
182
186
190
175
183
199
198
196
193
178
198
177
191
186
190
204
209
191
207
183
186
179
174
179
185
186
187
196
194
187
183
179
187
176
177
173
181
173
161
201
157
178
194
184
175
165
148
181
193
170
179
182
173
170
173
175
161
193
177
220
226
215
200
186
158
197
175
169
162
194
182
149
187
166
182
154
189
168
162
201
178
165
168
187
183
158
170
175
185
196
186
166
165
199
177
178
169
178
179
183
177
180
173
200
172
173
180
196
177
196
197
170
196
153
183
174
180
190
173
166
184
158
160
178
169
178
190
181
178
169
157
167
171
192
180
155
168
176
189
187
184
189
176
182
172
180
175
183
149
166
172
187
160
155
180
163
193
181
173
155
153
168
186
166
159
178
165
175
155
167
151
175
184
188
189
178
192
197
194
177
190
179
164
160
179
193
145
166
144
158
180
176
164
171
190
176
160
163
153
183
146
181
159
150
170
189
165
162
152
183
176
161
154
161
187
165
175
147
159
166
190
174
170
167
159
161
175
155
169
157
164
162
194
158
158
144
146
181
152
137
162
156
153
166
157
153
169
144
172
134
157
179
165
153
158
159
177
156
178
179
145
153
154
162
158
163
164
160
147
146
171
148
148
162
165
174
167
174
170
160
139
170
153
167
160
170
143
179
172
163
174
139
164
141
174
160
180
144
158
138
139
170
145
162
157
174
147
142
161
167
149
162
171
148
142
156
148
145
165
179
163
180
151
167
162
166
169
146
149
146
156
159
143
167
187
153
174
160
166
153
147
157
147
162
139
168
161
143
144
150
143
125
146
122
150
140
152
150
155
152
144
163
141
159
152
142
149
141
175
150
136
158
132
148
153
146
162
144
154
152
138
169
161
156
146
164
168
147
162
165
152
144
164
161
167
155
151
142
131
143
143
151
154
152
143
159
130
144
148
169
142
143
169
154
159
134
171
138
141
149
140
174
161
152
154
169
164
151
146
149
137
153
152
143
171
152
150
122
126
132
161
148
137
150
144
173
151
145
180
139
152
160
145
165
146
153
159
148
138
138
134
145
133
152
158
146
144
155
142
129
161
137
146
148
127
127
146
166
130
155
138
136
166
158
169
164
149
141
158
161
133
169
154
160
173
162
146
150
174
141
139
164
151
158
139
157
150
155
138
140
154
121
118
135
166
155
133
148
160
148
147
141
144
133
145
141
143
133
148
152
130
146
158
188
125
150
152
165
118
169
146
144
164
153
143
149
168
171
130
162
140
139
137
139
135
170
130
154
158
141
151
144
114
141
165
161
127
153
137
187
146
160
152
140
127
157
147
172
148
159
140
146
132
161
134
163
138
156
136
154
136
134
137
148
150
139
146
144
118
138
130
148
142
123
149
150
148
118
157
128
166
155
129
142
151
151
170
157
151
129
154
152
150
142
150
167
146
146
137
151
155
152
176
166
190
173
153
146
154
134
132
161
148
148
127
172
134
138
150
149
126
136
144
129
126
148
150
137
148
137
148
142
140
140
140
141
129
154
158
131
140
133
145
148
133
153
166
150
125
140
149
151
133
158
130
146
141
137
142
147
151
149
142
139
159
149
159
133
139
130
137
134
165
133
152
138
143
127
142
156
135
142
104
134
150
157
151
127
149
145
143
133
143
158
162
148
137
121
163
151
149
175
157
158
150
138
128
152
146
131
148
136
174
150
143
151
153
157
147
147
148
133
129
125
153
131
154
134
121
161
127
138
166
157
154
149
123
148
135
149
142
139
141
143
122
155
131
135
160
144
147
134
144
131
141
157
126
147
158
139
150
158
137
126
139
142
143
124
153
161
137
165
144
166
152
160
143
123
150
133
165
131
140
152
147
148
138
131
148
153
141
142
148
152
148
140
146
135
142
157
165
153
148
132
147
150
142
138
135
186
149
160
167
169
117
150
152
147
157
133
146
152
146
156
138
155
146
147
147
169
148
137
162
155
131
144
158
152
149
141
150
156
136
134
164
150
167
162
146
149
128
122
142
139
143
146
155
127
162
185
143
142
148
146
141
155
136
166
144
135
132
143
153
140
141
144
145
139
144
154
158
164
175
159
179
170
170
164
145
120
145
143
152
137
155
138
137
128
149
157
144
140
135
167
139
137
154
148
155
154
144
144
128
152
140
136
122
139
138
170
136
142
154
170
125
138
159
141
128
154
126
142
144
136
137
156
135
137
141
150
137
152
146
167
136
151
149
133
158
145
123
145
141
134
155
167
162
115
131
140
160
137
147
143
146
172
150
126
165
173
155
156
136
129
145
159
155
144
137
122
151
135
131
166
148
154
164
129
160
129
139
167
143
139
140
140
138
133
141
167
146
164
133
142
167
148
160
176
166
146
139
127
137
139
156
151
152
160
132
134
134
157
154
147
159
149
152
138
162
131
140
151
148
143
144
155
161
152
171
154
152
147
160
139
144
151
154
134
147
151
154
147
149
148
162
158
157
154
148
159
129
132
151
130
173
132
141
152
161
145
167
158
159
146
152
166
146
155
131
164
154
148
167
160
131
140
132
147
159
157
163
140
166
158
158
159
141
166
145
137
148
171
168
158
156
159
146
150
147
170
153
138
144
155
165
172
146
167
154
158
169
175
123
137
133
130
162
180
155
154
137
137
152
148
133
148
160
163
151
144
167
153
157
151
176
161
155
135
144
152
161
159
151
145
161
133
147
169
151
147
151
124
161
136
176
154
144
166
179
153
159
167
151
161
168
163
142
177
187
162
153
144
156
175
152
154
163
185
148
161
166
144
166
157
148
155
154
163
171
154
164
165
169
151
145
140
161
168
150
168
171
166
174
160
149
187
150
183
155
171
167
166
160
165
173
147
159
148
151
169
145
170
146
159
170
155
136
176
127
142
163
169
146
151
156
166
146
166
164
176
163
174
167
170
155
166
153
155
173
164
146
173
160
130
184
156
144
156
159
180
163
152
161
160
164
159
147
161
173
172
161
173
144
158
177
169
190
171
165
158
159
148
158
176
157
153
166
158
164
170
185
152
155
168
148
171
135
157
182
153
169
186
167
159
164
153
140
137
147
149
160
173
173
163
178
158
152
155
173
169
162
194
160
153
143
160
167
187
159
154
165
179
175
163
160
163
187
193
184
163
163
174
182
156
170
166
176
159
152
164
154
152
172
164
160
157
171
170
152
182
154
178
165
156
185
180
149
169
152
175
128
173
181
150
186
188
167
159
191
179
179
149
176
177
185
177
171
161
174
169
184
192
160
190
180
172
167
191
172
164
163
189
201
159
177
176
156
158
189
180
158
177
153
163
171
167
174
189
171
170
171
179
189
183
182
167
171
174
167
176
164
178
149
151
153
192
186
179
177
169
205
187
160
193
163
156
202
160
184
157
188
200
194
169
167
194
175
159
175
166
184
188
185
168
198
174
183
165
173
169
158
197
187
190
188
206
193
189
193
199
189
197
214
181
202
196
199
182
188
169
182
197
159
193
209
164
192
173
174
189
178
200
179
185
181
183
199
210
146
173
191
177
215
184
167
192
169
165
180
185
155
179
199
191
183
175
165
209
180
180
184
182
171
195
211
193
162
201
207
214
173
191
167
186
184
214
186
190
203
193
182
197
197
183
199
186
185
190
192
195
188
179
178
185
170
197
188
196
189
183
209
178
180
205
196
192
201
206
201
194
185
200
223
185
197
205
191
198
198
175
157
177
210
210
198
176
206
192
185
191
200
193
181
183
196
198
187
205
193
193
209
200
211
195
211
189
164
221
224
215
211
180
203
190
176
223
206
192
179
222
199
197
187
203
222
184
198
220
183
191
176
209
206
208
169
223
205
215
199
211
206
164
191
204
194
222
222
180
203
231
203
223
203
222
213
224
220
194
203
209
223
214
198
218
213
226
209
201
189
222
219
215
239
214
215
195
223
215
210
221
201
200
215
196
216
202
236
207
195
202
231
225
219
211
227
202
225
221
219
243
215
239
250
214
243
215
203
223
215
230
239
214
223
241
230
238
235
202
257
223
206
223
222
230
236
229
230
215
239
253
232
214
257
227
249
230
239
275
251
215
241
217
213
226
219
239
226
231
219
222
223
244
249
211
252
238
233
223
228
219
231
250
238
235
223
269
229
227
260
219
256
226
245
238
249
247
218
236
273
258
275
258
210
232
266
217
248
249
256
229
268
287
225
258
250
245
257
259
219
278
239
260
247
242
245
252
273
271
282
269
276
240
252
260
255
231
249
255
268
253
252
256
247
238
239
237
275
235
236
269
255
258
261
267
225
265
234
263
248
249
240
263
275
265
250
274
215
227
278
260
248
257
268
277
259
286
246
251
261
269
237
233
255
267
255
247
265
274
239
220
237
261
242
258
233
209
222
229
223
226
243
224
224
208
205
186
206
224
223
224
198
222
227
227
222
190
196
189
220
205
201
186
204
186
169
188
198
187
173
191
207
191
194
206
181
177
207
205
200
194
177
201
205
176
172
168
194
181
197
165
168
173
180
201
204
190
200
187
199
193
195
199
187
195
211
183
177
188
185
191
172
213
189
184
207
179
219
201
210
171
176
180
167
167
177
198
178
192
175
201
167
187
171
184
184
171
195
209
195
168
207
178
186
183
181
160
166
184
147
160
192
201
173
161
198
181
174
177
144
176
169
177
170
178
183
185
169
180
176
149
187
165
186
188
162
172
192
164
182
189
151
167
168
163
169
162
187
195
168
197
165
189
180
178
178
173
182
177
176
180
175
181
162
183
155
183
184
159
158
164
174
168
154
182
173
177
184
172
144
163
153
160
176
197
169
180
165
183
158
191
185
176
179
164
142
163
162
150
161
174
159
171
162
169
163
170
168
163
173
161
197
156
150
193
178
156
168
160
178
184
156
168
154
152
173
168
160
165
160
171
176
162
149
172
172
174
160
175
157
166
177
168
185
155
180
157
168
154
152
155
163
179
183
155
164
160
146
145
176
158
183
168
179
161
180
158
174
153
154
167
148
179
153
157
171
146
168
161
157
168
156
188
156
154
169
168
157
192
162
163
176
171
163
155
155
154
163
192
150
144
154
165
165
150
148
175
159
153
192
145
167
175
179
150
165
131
172
150
151
188
157
147
177
179
169
169
161
164
188
151
155
151
183
165
181
175
158
162
160
157
146
165
164
172
150
150
176
180
158
153
167
167
146
180
161
165
162
179
150
172
161
180
176
175
151
171
180
154
185
178
146
178
156
177
172
164
179
153
165
164
148
170
162
178
162
171
157
165
146
199
170
155
152
170
169
182
157
153
164
160
166
182
164
168
147
163
155
163
170
162
147
186
178
160
173
160
168
166
157
142
166
161
165
154
166
177
171
185
143
158
153
144
171
147
137
147
132
145
158
131
148
138
143
136
118
131
155
130
119
111
123
116
117
103
112
106
102
122
128
109
111
112
121
104
93
112
95
114
105
108
108
122
92
99
82
111
134
94
96
110
82
96
113
115
94
88
94
104
106
96
98
120
96
104
85
123
95
92
95
109
92
97
93
91
91
102
96
86
93
88
106
82
106
91
97
97
111
115
80
79
105
81
92
109
93
105
81
81
87
90
95
97
101
92
103
88
89
84
97
95
82
86
90
91
112
84
92
121
104
110
102
95
109
99
119
117
104
99
110
104
102
129
109
109
94
124
120
115
115
110
115
142
137
118
142
113
126
122
140
137
130
148
151
175
161
164
173
166
145
203
255
403
912
1928
3451
5454
7199
7680
7037
5327
3513
2139
1431
926
668
465
333
231
183
118
115
85
89
82
59
65
68
64
62
74
53
76
58
62
50
50
68
61
80
57
63
70
64
61
49
66
78
57
63
57
62
65
49
70
58
45
61
61
58
52
68
49
55
69
52
36
40
49
50
42
50
46
54
42
40
62
53
50
46
50
42
55
41
59
48
43
47
47
41
36
51
47
36
42
55
52
53
54
51
41
41
44
46
45
40
44
40
34
43
47
52
48
55
37
45
34
36
39
51
33
34
39
38
28
32
32
39
41
38
35
44
37
47
39
41
41
42
42
33
32
27
22
30
32
31
38
38
32
37
25
31
39
33
35
28
30
25
29
33
28
26
19
29
21
30
23
24
34
22
34
26
26
28
28
22
26
27
20
25
26
32
21
32
29
32
20
32
23
19
28
22
25
37
32
25
23
28
28
28
21
20
22
23
19
15
15
19
25
27
28
23
22
33
21
21
21
16
19
24
28
24
23
15
17
26
20
21
22
13
13
21
24
16
24
15
19
18
15
15
22
12
21
20
24
14
15
23
21
21
22
22
18
12
19
27
17
18
21
12
20
14
20
26
21
18
11
17
23
15
17
19
23
17
17
20
15
15
20
20
22
18
14
26
21
19
19
15
18
24
25
22
19
14
22
15
25
19
25
18
15
22
26
24
12
18
17
17
16
23
27
18
18
17
19
20
19
19
14
16
20
17
11
17
23
19
12
18
13
15
16
21
14
17
23
28
6
21
18
19
12
18
11
13
17
18
13
15
27
18
16
19
17
17
25
12
23
31
22
16
15
28
17
9
20
23
8
21
13
12
14
15
15
22
17
18
19
16
19
19
12
14
14
18
17
20
20
17
17
21
22
18
13
23
22
21
20
22
18
13
15
29
13
15
30
17
19
29
18
15
26
35
22
33
31
35
30
29
29
33
29
35
31
36
36
38
55
40
38
57
45
38
38
38
46
52
61
54
49
49
53
51
54
53
69
56
66
56
78
91
80
82
81
85
95
111
171
346
699
1516
2742
4491
5855
6595
6301
5106
3683
2186
1383
909
609
448
299
193
116
65
44
23
19
20
9
7
9
6
8
5
5
8
4
8
6
7
1
4
10
10
8
2
4
4
5
3
3
4
6
3
1
7
3
4
4
2
8
6
8
2
9
6
5
4
5
4
5
4
7
2
3
6
5
2
7
1
1
2
5
8
3
4
1
4
4
4
3
4
5
2
5
5
5
7
5
3
4
4
0
4
3
2
6
4
8
4
3
2
5
2
3
3
4
4
6
6
5
3
7
2
3
3
1
7
7
3
2
5
4
6
1
4
5
2
7
7
8
5
7
5
3
3
1
2
8
5
4
3
3
3
2
5
2
3
2
3
7
2
5
3
4
6
3
4
7
2
4
3
6
0
4
3
2
6
4
4
4
7
4
4
3
3
6
3
3
0
6
6
3
3
7
3
6
4
0
5
8
1
4
4
4
3
3
4
9
5
5
6
7
1
4
1
3
3
7
2
5
5
4
0
3
5
7
5
4
4
3
3
4
2
4
5
5
5
3
7
3
9
3
3
3
6
7
3
4
4
5
4
1
4
2
3
3
5
7
1
7
7
1
3
7
4
3
2
2
2
3
6
1
5
5
2
4
5
1
3
5
2
4
3
2
3
6
2
3
1
4
2
1
6
7
5
3
3
3
3
2
4
4
5
3
4
2
4
1
1
6
5
4
3
3
4
5
3
3
2
4
4
2
1
3
3
6
1
4
4
3
1
2
4
5
5
3
5
5
5
5
4
2
2
4
2
2
4
5
9
4
5
6
2
3
6
3
7
0
2
1
5
4
0
3
2
1
4
6
5
3
4
7
9
20
39
47
57
70
60
44
46
23
13
10
3
9
8
6
4
6
3
3
1
6
4
5
5
4
2
3
2
2
0
1
1
2
1
7
3
2
2
4
2
6
5
8
5
3
0
4
3
1
1
2
1
4
4
3
2
6
2
2
0
1
1
0
3
3
0
2
2
0
1
2
3
7
5
3
4
4
1
1
4
5
4
2
4
2
2
3
2
1
2
1
2
1
2
4
1
1
0
5
3
3
3
1
8
8
4
3
2
3
1
1
0
2
2
1
6
5
5
4
0
5
7
3
2
0
2
3
2
3
4
2
1
3
1
4
3
3
3
1
3
4
7
4
0
3
7
3
2
3
0
6
3
5
1
4
5
7
0
3
5
6
3
6
3
4
1
4
3
3
2
1
4
2
4
4
2
0
4
4
1
3
4
2
0
3
4
0
0
2
3
3
5
2
2
2
0
1
1
3
6
3
3
3
2
4
3
1
2
2
5
0
1
2
4
4
3
3
5
4
1
0
1
0
0
3
3
3
2
1
2
4
4
6
6
2
3
3
0
1
2
6
2
6
3
1
1
0
2
0
5
3
1
5
3
2
1
3
0
1
2
5
2
3
8
1
3
3
4
2
1
2
1
3
3
0
0
2
1
2
2
4
1
2
3
3
1
2
3
2
3
3
7
0
0
6
2
2
5
2
1
1
3
2
3
6
5
3
0
3
3
2
5
2
3
4
1
3
2
3
1
4
2
6
1
2
2
3
6
2
6
0
4
1
2
5
2
2
3
1
2
5
0
5
3
1
0
4
2
1
1
4
3
4
0
2
5
0
2
6
1
3
1
0
1
4
5
4
2
5
2
3
1
3
3
2
1
4
2
0
3
4
2
2
2
5
0
3
5
2
2
5
2
2
1
2
3
4
1
2
1
1
1
4
4
0
2
2
3
2
3
1
4
1
2
2
5
3
4
2
3
1
0
1
3
1
2
6
3
0
1
3
2
4
1
1
4
2
3
1
0
1
2
3
3
5
2
1
1
1
3
1
0
2
3
1
2
1
3
0
1
3
4
2
4
1
2
3
3
1
3
5
4
4
3
3
1
1
0
1
2
1
2
0
4
6
5
2
2
5
4
2
0
3
1
1
3
1
1
0
0
0
4
2
4
3
6
4
1
1
3
1
2
3
0
1
2
2
3
1
1
0
1
3
3
3
3
1
2
3
3
2
2
3
3
1
3
4
1
3
2
3
1
2
5
4
2
4
0
0
1
1
1
4
2
1
3
0
3
1
3
1
2
1
0
3
4
5
1
2
3
2
2
5
4
5
3
1
3
1
2
2
4
5
0
2
0
3
3
2
1
1
4
2
1
1
1
1
0
3
2
0
3
2
1
1
0
4
4
3
1
1
0
2
5
5
0
3
2
2
4
1
2
4
2
1
3
2
1
3
2
1
4
5
2
4
2
2
1
2
1
2
1
3
0
0
1
2
3
0
1
4
5
0
0
0
2
3
3
5
2
1
1
3
1
3
1
2
5
2
3
2
2
2
3
3
3
2
3
2
4
3
2
4
4
3
1
2
1
2
3
6
0
0
0
3
0
3
1
5
1
2
3
2
4
0
2
2
1
2
1
3
0
2
3
0
1
2
0
0
1
3
1
1
1
1
1
3
3
3
1
2
1
1
2
2
5
0
2
1
2
0
0
2
0
3
4
4
3
3
1
0
3
3
1
0
1
4
0
1
0
2
0
4
2
4
6
0
5
3
0
5
5
2
3
3
2
4
2
1
2
1
3
1
3
1
2
3
2
2
3
4
3
0
0
0
3
1
2
3
2
1
0
0
1
1
1
2
1
4
3
2
3
3
5
0
1
1
1
1
2
2
3
2
2
3
2
1
3
1
1
1
0
0
0
1
2
0
2
2
0
2
3
3
2
4
6
1
3
1
0
1
4
2
0
0
2
0
2
3
1
2
2
1
0
1
3
3
6
2
4
6
5
3
9
7
3
1
2
2
2
3
0
3
4
0
3
1
1
3
1
2
1
1
1
0
2
2
5
1
1
2
4
4
0
1
0
0
4
1
2
0
2
2
1
1
3
3
1
1
1
0
0
2
1
2
1
1
3
0
1
3
0
2
2
1
4
2
1
2
2
3
2
3
2
0
4
2
2
3
5
2
0
2
3
0
0
3
0
0
3
0
0
2
2
4
1
5
1
0
1
0
1
3
1
3
0
0
2
3
1
1
5
1
3
0
2
3
4
1
2
1
4
0
3
1
2
1
0
2
0
0
1
4
1
1
1
4
2
3
1
2
2
0
2
5
0
1
1
1
2
3
0
1
3
0
3
2
0
4
1
1
0
2
2
1
1
3
0
0
3
1
0
0
0
3
0
0
2
2
2
1
0
0
0
4
3
2
2
0
1
4
2
1
1
3
2
1
0
2
3
2
1
1
0
2
1
1
2
0
1
1
4
0
0
1
2
0
0
3
1
3
1
1
2
1
0
1
1
0
0
4
0
0
1
1
5
4
2
0
1
2
4
0
0
0
2
1
1
1
6
0
2
0
1
4
3
3
0
1
2
1
4
3
2
2
3
1
3
1
1
3
3
2
2
4
4
1
2
3
1
2
0
3
1
0
0
5
2
2
2
2
3
2
1
1
4
3
1
0
3
0
1
0
1
1
2
3
3
2
2
1
1
0
2
2
3
3
2
1
1
4
0
0
1
4
3
0
1
3
1
1
1
3
0
0
0
3
1
1
1
4
1
2
1
0
2
2
1
1
0
2
0
1
1
3
0
1
1
2
4
4
0
3
0
0
3
2
2
1
1
1
0
1
5
1
2
0
0
1
3
1
3
3
2
1
4
2
2
2
1
2
0
0
4
0
1
1
2
2
0
2
4
1
1
3
2
0
0
0
3
2
2
3
1
1
1
1
1
1
0
4
2
3
0
1
0
2
3
1
0
1
0
2
1
4
1
0
3
1
1
0
0
3
1
1
1
3
3
2
0
0
1
2
3
1
1
1
1
2
4
3
1
2
3
1
1
2
1
2
2
1
1
1
1
0
4
3
1
5
1
3
0
1
1
3
1
1
3
3
1
1
1
1
1
0
2
4
4
4
2
0
1
5
0
1
1
0
0
2
0
0
3
1
1
1
1
3
1
3
0
0
0
3
1
1
1
4
2
1
1
1
1
1
2
1
3
1
3
0
1
1
2
0
1
3
0
2
2
2
0
1
2
4
1
0
2
3
1
2
2
2
1
0
3
1
2
0
1
1
1
3
0
1
2
1
3
2
2
4
2
0
0
1
0
1
2
2
2
3
2
2
1
1
2
1
1
2
2
2
1
3
3
1
2
3
0
1
0
2
3
2
2
1
3
1
0
1
2
0
0
0
1
3
2
2
0
0
2
0
2
1
1
0
2
1
1
2
1
2
0
1
2
2
1
3
1
4
5
0
0
0
0
0
1
2
3
0
3
2
1
1
1
2
3
1
1
2
3
1
3
1
2
2
1
0
1
3
0
1
1
2
3
1
1
0
2
1
0
1
0
5
2
3
2
3
3
2
5
0
0
1
0
2
2
0
1
1
1
1
2
1
1
1
1
1
0
1
1
0
2
0
1
1
1
1
0
1
1
1
2
1
3
1
3
0
0
1
1
0
1
1
1
2
1
0
1
2
3
2
0
0
1
0
1
2
4
1
0
1
1
1
1
0
0
3
0
0
1
2
1
0
0
0
1
0
2
1
2
3
1
1
2
0
2
0
0
1
1
0
1
1
0
0
1
3
1
0
3
1
4
3
1
1
2
2
2
0
1
3
1
1
1
1
1
1
1
0
2
1
0
0
0
1
0
1
2
3
2
2
2
1
0
1
1
0
1
1
1
0
3
1
0
4
1
1
0
2
1
0
3
1
2
0
2
3
3
3
0
0
1
0
2
1
2
0
1
3
1
2
1
2
1
3
0
1
1
2
0
1
0
2
2
2
1
1
2
1
1
1
1
1
0
0
1
1
3
1
1
0
3
1
1
0
1
1
0
1
3
1
2
0
0
0
0
0
1
1
2
1
1
2
0
1
1
0
1
1
1
0
0
1
1
0
2
0
2
2
4
1
0
3
1
2
1
1
1
0
0
0
3
0
1
2
2
3
1
1
2
0
1
1
0
0
1
1
1
0
0
1
2
3
1
6
0
1
0
2
2
1
1
1
1
2
4
1
2
0
1
1
1
1
1
0
2
0
2
0
0
1
1
1
1
0
5
1
2
1
1
0
2
1
1
1
1
2
1
1
0
1
1
2
1
3
0
1
1
2
1
2
3
1
0
0
0
0
2
2
1
2
2
0
0
0
1
1
1
1
0
0
0
1
0
1
3
1
1
0
1
2
2
2
1
2
1
2
1
1
0
3
1
1
0
2
3
1
0
1
1
0
0
2
0
0
1
0
2
0
0
0
0
1
1
1
0
1
0
2
1
2
2
0
4
2
0
1
1
3
0
2
2
1
0
1
0
1
1
1
1
1
4
0
0
0
1
0
0
2
1
1
0
2
0
1
0
0
3
0
3
0
2
0
1
1
2
1
1
0
0
1
0
0
0
0
0
0
0
0
2
3
2
0
1
2
0
2
1
1
0
0
1
0
0
1
1
4
0
1
1
0
2
1
1
0
1
0
1
0
0
3
0
0
0
0
1
0
0
1
1
1
0
0
3
0
3
1
1
3
1
1
2
1
2
1
0
2
1
5
0
1
0
0
2
0
2
0
3
1
0
1
0
1
1
0
0
1
1
1
2
0
1
0
2
0
0
1
1
1
3
2
1
0
0
3
3
0
1
1
2
3
2
1
2
0
4
1
0
0
3
2
2
1
2
0
1
0
2
1
0
0
1
0
0
1
1
0
1
0
2
1
0
1
0
0
1
0
2
0
0
2
1
2
0
0
0
2
1
1
0
0
0
0
0
2
0
1
0
0
0
0
1
1
1
0
1
1
0
0
0
2
1
0
0
0
0
0
0
2
1
0
0
1
0
0
0
2
2
0
2
1
1
0
1
1
1
2
1
0
1
2
1
0
0
0
1
0
1
3
1
2
1
0
0
2
0
1
0
0
2
1
0
1
0
1
0
0
0
0
0
0
3
0
0
2
1
0
3
2
1
0
0
1
1
1
1
1
0
0
0
1
1
2
1
0
2
1
1
3
0
0
0
2
3
1
1
0
1
0
1
1
0
2
2
0
0
1
0
2
0
0
2
0
0
2
3
1
0
2
0
1
1
0
2
1
0
1
0
1
1
2
0
0
1
1
2
1
0
0
0
0
1
1
0
0
1
1
1
4
2
1
1
0
1
0
0
0
0
1
3
1
1
1
1
0
2
0
0
0
1
2
1
2
0
1
1
1
1
0
0
0
1
0
0
0
1
3
1
2
1
0
1
1
0
0
0
0
0
0
1
0
0
1
1
1
0
2
0
0
1
0
1
1
0
1
0
1
0
0
0
1
0
1
1
1
0
2
1
1
0
0
1
0
0
1
0
0
0
1
1
3
2
1
1
0
1
1
2
0
0
1
1
3
1
0
1
2
3
1
1
0
0
0
1
2
0
0
0
1
0
0
1
2
1
1
2
2
1
0
0
1
1
2
0
0
0
0
1
1
0
0
1
1
2
1
1
1
2
1
1
1
0
1
1
3
0
0
1
0
1
0
2
1
0
1
0
2
0
2
3
1
1
0
1
3
1
0
1
0
3
1
3
1
1
1
0
1
1
1
0
0
0
1
1
1
2
2
0
1
0
0
0
0
1
1
1
1
1
0
0
1
0
0
1
0
1
2
0
0
1
0
0
0
0
0
0
0
1
0
1
0
0
1
0
1
1
0
0
0
1
1
0
0
1
0
0
0
0
1
0
0
0
0
1
1
1
0
1
1
1
1
0
1
0
0
1
0
0
0
0
0
0
1
2
2
0
0
2
0
1
1
0
0
2
0
0
0
1
1
0
0
0
0
1
1
1
1
0
2
2
1
0
0
0
0
0
1
0
0
0
1
0
3
3
0
0
1
1
0
0
0
0
0
0
0
0
0
0
1
0
1
0
0
0
0
0
1
0
0
0
1
2
1
1
1
0
0
0
0
0
0
1
1
0
1
0
0
0
0
0
0
0
0
0
0
0
0
1
0
1
0
0
0
0
2
0
0
0
0
0
0
0
0
0
0
1
0
0
0
1
0
0
0
0
0
0
0
0
0
1
0
0
0
0
0
1
0
1
3
1
0
0
0
2
1
0
0
1
0
0
1
0
0
0
0
1
0
1
1
2
0
0
0
1
0
1
0
0
0
0
1
0
0
0
1
0
0
0
0
0
0
0
0
0
0
0
0
1
0
0
0
0
2
1
0
0
1
0
0
0
1
0
1
0
0
0
0
0
0
0
0
0
0
0
0
0
1
1
1
0
0
0
0
0
0
0
2
0
1
0
0
1
0
0
1
0
0
1
0
0
1
0
0
0
0
0
0
0
1
1
0
0
0
1
0
0
0
1
0
0
0
0
0
0
1
0
0
1
0
0
0
0
0
1
0
1
0
1
0
0
0
0
0
0
0
0
1
0
0
0
0
0
0
0
0
0
0
1
1
0
0
0
0
1
1
1
0
0
0
0
0
0
0
0
0
0
0
0
1
0
1
1
0
0
0
0
0
0
0
1
0
0
0
0
0
0
0
0
0
0
1
1
0
0
2
0
1
0
1
1
1
0
1
1
1
1
1
0
0
1
1
2
1
2
3
2
1
6
2
0
3
1
1
1
1
0
0
0
0
2
0
0
0
0
0
0
0
0
0
0
0
0
0
0
0
0
0
0
0
0
0
0
0
0
0
0
0
0
0
0
0
0
0
0
0
0
0
0
0
0
0
1
1
0
0
0
0
0
0
0
0
0
0
0
0
0
0
0
0
0
0
0
0
0
0
1
0
0
0
0
0
1
0
0
1
0
0
0
0
0
0
0
0
0
0
0
0
2
0
0
0
0
0
0
0
0
1
0
0
1
0
0
0
0
0
0
1
0
0
1
0
1
0
0
0
0
0
0
1
0
0
0
1
0
0
0
0
1
0
0
0
0
0
0
0
0
0
0
0
0
0
0
0
0
0
0
0
0
0
0
1
0
0
0
0
1
0
0
1
0
0
0
0
0
0
0
0
0
0
0
0
0
0
0
1
0
0
0
0
0
0
0
0
0
0
0
0
0
0
0
0
0
0
0
0
0
0
0
0
0
0
1
0
0
0
1
0
1
0
0
0
0
0
0
0
0
0
0
0
0
0
0
0
0
0
0
0
0
0
0
0
0
0
0
0
0
0
0
0
0
0
1
0
0
0
0
1
0
0
0
0
0
0
0
0
0
0
0
0
0
0
0
0
0
0
0
0
0
0
0
0
0
0
0
0
0
0
0
0
0
0
0
0
0
0
0
1
0
3
1
2
4
3
10
6
13
10
5
4
10
6
3
1
1
0
0
0
1
1
0
0
0
0
0
0
0
0
0
0
0
0
0
0
0
0
0
0
0
1
1
0
0
0
0
0
0
0
0
0
0
0
0
0
0
1
1
0
0
0
0
0
0
0
0
0
0
0
0
0
0
0
0
0
0
0
0
0
0
0
0
0
0
0
0
0
0
0
0
0
0
0
0
0
0
0
0
0
0
0
0
1
0
0
0
0
1
0
0
0
0
0
0
0
0
0
0
0
0
0
0
0
0
0
0
0
0
0
0
0
0
0
0
0
0
0
1
0
0
0
0
0
0
0
0
0
0
1
0
0
0
0
0
0
0
0
0
0
0
0
0
0
0
0
0
0
0
0
0
0
0
0
0
0
0
0
0
0
0
0
0
0
0
0
0
0
0
0
0
0
0
0
0
0
0
0
0
0
0
0
0
0
0
0
0
0
0
0
0
0
0
0
0
0
0
0
0
0
0
0
0
0
0
0
0
0
1
0
0
0
0
0
0
0
0
0
0
0
0
0
0
0
0
0
0
0
0
0
0
0
0
0
0
0
0
0
0
0
0
0
0
0
0
0
0
0
0
0
0
0
0
0
0
0
1
0
0
0
0
0
0
0
0
0
0
0
0
0
0
0
0
0
0
0
0
0
0
0
0
0
0
0
0
0
0
0
0
0
0
0
0
0
0
0
0
0
0
0
0
0
0
0
0
0
0
0
0
0
0
0
0
0
0
0
0
1
0
0
0
0
0
0
0
0
0
0
0
0
0
0
0
0
0
0
0
0
0
0
0
0
0
0
0
0
0
0
1
0
0
0
0
0
0
0
0
0
0
0
0
0
0
0
0
0
0
0
0
0
0
0
0
0
0
0
0
0
0
0
0
0
0
0
0
0
0
0
0
0
0
0
0
0
0
0
0
0
0
0
0
0
0
0
0
0
0
0
0
0
0
0
0
0
0
0
0
0
0
0
0
0
0
0
0
0
0
0
0
0
0
0
0
0
0
0
0
0
0
0
0
0
0
0
0
0
0
0
0
0
0
0
0
0
0
1
0
0
0
0
0
0
0
0
0
0
0
0
0
0
0
0
0
1
0
0
0
0
0
0
0
0
0
0
0
0
0
0
0
0
0
0
0
0
0
0
0
0
0
0
0
0
0
0
0
0
0
0
0
0
0
0
0
0
0
0
0
0
0
0
0
0
0
0
0
0
0
0
0
0
0
0
1
0
0
0
0
0
0
0
0
0
0
0
0
0
0
0
0
0
0
0
0
1
0
0
0
0
0
0
0
0
0
0
0
0
0
0
0
0
0
0
0
0
0
0
0
0
0
0
0
0
0
0
0
0
0
0
0
0
0
0
0
0
0
0
0
0
0
0
0
0
0
0
0
0
0
0
0
0
0
0
0
0
0
0
0
0
0
0
0
0
0
0
0
0
1
0
0
0
0
0
0
0
0
0
0
0
0
0
0
0
0
1
0
0
0
0
0
0
0
0
0
0
1
0
0
0
0
0
0
0
0
0
0
0
0
0
0
0
0
0
0
0
3
3
1
2
2
2
3
2
1
1
5
3
3
1
2
1
0
1
0
1
3
2
2
2
5
1
1
2
1
0
2
0
1
1
0
3
1
2
5
2
2
2
2
1
1
2
0
2
2
4
0
1
1
1
0
0
1
0
1
1
1
3
0
2
0
5
0
5
3
3
3
3
2
1
0
1
1
2
1
1
3
1
2
3
1
1
3
2
2
1
0
1
1
2
2
0
1
2
4
1
1
2
2
1
2
1
2
0
1
2
2
5
2
4
1
2
2
0
2
1
3
5
2
1
0
1
2
