17
14
20
21
15
17
29
25
20
18
27
22
21
24
20
21
18
22
15
20
20
13
12
20
14
16
16
15
15
15
13
10
21
10
13
10
18
14
12
14
15
14
9
10
17
13
18
11
8
5
11
16
15
14
11
18
15
19
42
91
212
301
406
499
502
571
637
748
985
1035
1120
1046
1004
868
675
584
481
434
443
442
413
417
418
413
406
401
429
361
431
395
429
443
374
398
428
385
454
414
433
417
433
422
430
424
426
415
404
445
441
433
443
444
389
392
430
415
385
403
411
389
427
398
457
421
412
405
423
419
376
429
424
401
421
399
402
400
401
385
383
402
395
398
428
417
396
389
364
391
421
442
410
384
398
369
426
389
408
439
404
391
433
409
413
385
394
401
410
413
404
428
409
389
425
419
420
458
453
425
369
386
373
406
415
422
381
364
420
429
400
477
409
414
421
419
407
380
377
410
417
403
387
445
425
425
408
437
445
456
416
449
456
386
418
454
405
430
473
413
402
440
422
404
458
425
470
453
430
438
423
466
452
468
419
437
458
458
467
453
441
503
431
487
454
457
459
454
488
500
474
449
467
474
479
468
490
486
469
474
485
474
444
466
462
449
456
501
444
511
486
478
519
497
490
492
469
474
482
485
461
480
481
511
491
474
513
490
552
503
517
558
563
482
521
496
533
524
505
494
478
552
550
496
524
538
536
507
519
536
525
535
521
523
503
519
532
514
540
506
533
512
534
513
564
515
524
549
541
533
537
555
547
555
540
546
555
536
542
556
561
543
603
620
561
586
570
548
529
565
552
613
534
561
571
589
570
587
551
563
529
609
653
582
578
562
590
555
623
594
557
575
547
519
613
545
554
595
585
618
616
649
561
585
573
596
614
593
577
586
634
618
565
597
586
604
631
588
578
568
599
622
611
588
611
568
602
614
614
542
594
598
600
597
614
569
555
565
560
642
624
601
627
618
585
641
580
573
578
621
575
596
632
556
572
548
693
621
603
601
614
635
581
606
605
611
621
644
634
603
617
608
625
602
588
609
645
585
604
618
576
625
592
594
642
622
632
626
591
609
640
591
608
603
597
632
614
635
605
571
599
624
594
606
565
597
595
637
629
639
672
606
622
594
645
617
621
627
571
641
637
591
646
615
647
608
640
628
625
591
609
613
594
638
601
638
605
639
621
619
618
646
653
644
614
661
612
611
610
641
636
622
658
647
656
613
620
622
652
591
646
619
602
610
641
631
629
618
573
606
638
615
623
563
646
585
647
663
638
665
619
593
627
613
653
680
632
635
612
592
641
660
641
650
607
691
637
631
618
648
608
669
638
648
654
647
626
588
681
626
617
670
640
611
636
614
672
623
615
658
663
642
631
622
680
638
627
650
646
625
625
655
634
617
634
623
656
632
654
606
634
655
691
629
668
624
653
709
608
640
633
631
637
622
635
639
656
650
670
684
614
686
657
654
614
676
656
639
661
592
619
621
573
629
618
608
660
680
714
639
641
672
609
653
643
602
698
644
650
650
659
672
673
689
680
651
634
609
616
644
642
615
673
608
649
641
639
651
634
624
631
606
687
619
621
666
655
604
583
641
685
652
640
668
595
641
635
659
640
646
650
627
642
676
626
615
649
633
608
649
609
595
625
588
639
629
621
651
677
622
606
637
667
581
624
579
643
650
675
637
630
661
586
613
665
658
664
638
595
669
615
666
669
600
624
738
699
615
614
645
686
645
581
646
627
650
615
694
650
681
659
619
586
640
621
640
666
627
629
621
682
635
662
633
669
692
651
645
664
658
640
619
679
693
640
661
656
638
611
683
676
642
652
650
681
650
685
671
694
689
669
707
663
703
717
740
671
694
668
688
670
700
672
729
723
652
699
700
718
676
721
699
711
733
664
722
762
678
721
719
714
709
703
688
662
759
706
725
710
730
700
743
667
720
722
758
780
756
774
749
697
756
780
788
835
724
758
764
751
775
721
784
751
733
771
724
810
794
760
767
775
783
768
767
778
755
768
803
785
776
776
785
805
827
841
796
787
769
798
878
789
798
834
810
804
716
787
797
799
763
801
762
807
801
798
780
758
769
818
770
782
801
781
783
790
829
789
815
769
793
770
831
835
770
774
794
779
797
729
825
798
786
781
802
783
718
765
757
791
759
747
780
799
792
788
756
743
795
773
760
784
769
743
792
749
752
758
801
784
782
775
749
760
722
725
730
779
725
791
799
761
724
721
751
728
767
718
726
706
776
729
778
769
729
715
725
717
738
744
707
684
787
688
752
694
690
772
770
746
757
746
708
745
734
728
703
736
730
762
689
682
714
748
759
728
754
745
696
711
732
728
737
738
762
774
740
700
745
658
726
695
688
689
684
744
670
700
682
678
753
666
684
686
713
655
688
656
681
654
720
672
715
679
651
692
687
705
702
709
693
721
716
679
705
648
724
678
690
705
744
690
692
662
667
661
680
722
674
692
669
715
658
679
668
682
651
703
687
669
672
676
666
644
633
639
623
668
663
681
647
714
696
695
651
680
655
620
684
669
599
642
673
719
645
660
640
660
659
684
625
675
643
649
675
631
673
674
651
690
645
665
655
623
653
653
661
686
660
615
627
645
585
650
652
631
638
675
649
605
637
649
648
640
641
630
657
622
624
693
664
653
681
602
606
579
598
656
630
652
681
659
664
610
640
639
649
625
640
663
636
665
615
598
577
629
633
624
621
649
625
603
613
620
601
630
620
594
576
651
614
622
610
617
670
619
599
592
590
654
611
624
604
599
596
614
592
616
604
607
568
600
605
620
643
593
584
586
602
637
588
583
600
629
610
583
596
610
622
593
621
597
597
529
564
629
578
585
579
576
598
559
542
595
619
627
592
563
584
546
608
589
545
576
576
548
563
571
570
591
526
595
576
587
545
615
570
555
616
565
560
572
547
580
522
574
546
532
559
589
539
539
574
550
561
565
566
545
550
586
567
552
516
560
543
548
570
522
550
575
510
535
565
584
533
577
557
534
547
505
533
539
527
570
573
593
580
569
549
518
540
586
565
495
566
546
556
527
514
565
561
499
558
566
546
537
573
512
511
512
587
580
517
532
557
527
526
522
546
511
558
531
549
512
519
553
534
508
564
551
507
556
541
519
538
544
551
499
507
500
583
500
523
554
536
568
517
567
559
577
548
540
521
494
545
527
532
519
512
521
529
550
549
554
535
507
547
541
524
556
528
539
536
556
576
524
536
503
532
573
523
496
551
522
527
530
529
494
544
524
514
545
488
499
525
537
538
525
574
511
532
560
572
501
517
551
545
555
543
501
578
540
536
557
522
510
513
510
515
512
509
526
542
539
534
547
583
482
592
512
538
509
500
571
507
532
491
565
550
495
587
512
544
558
552
526
551
537
510
568
536
500
487
560
552
534
514
518
503
529
518
523
532
539
516
513
503
502
528
511
539
531
511
525
545
483
560
483
506
510
523
548
507
541
515
520
543
526
530
490
535
471
501
520
572
513
524
531
500
505
517
527
552
518
526
531
508
485
514
537
502
520
535
540
520
526
505
503
513
512
530
459
518
497
519
501
517
451
485
554
491
501
536
492
523
447
530
520
487
475
520
485
492
451
496
496
472
485
499
509
468
488
469
481
518
475
449
525
482
476
541
480
497
543
512
448
476
518
424
452
492
484
464
480
459
476
481
457
472
464
484
439
445
485
440
470
451
430
452
489
456
488
444
488
464
504
425
440
466
412
421
441
437
451
497
478
446
449
455
425
445
468
468
449
417
442
418
445
424
411
418
427
414
409
419
415
421
387
382
433
423
405
391
427
414
404
377
430
418
391
387
432
392
376
374
442
408
372
411
396
356
361
376
401
367
389
360
361
360
408
332
371
356
357
354
374
373
365
358
367
364
359
368
356
378
351
320
337
408
385
373
369
356
317
301
351
326
337
371
371
370
328
294
311
363
341
321
341
302
324
304
348
341
323
343
338
303
316
331
349
324
320
292
311
347
303
348
320
303
299
310
321
303
330
331
303
312
329
280
288
343
296
293
303
302
331
285
319
323
270
307
321
277
301
283
278
296
284
285
292
298
303
304
279
284
271
270
303
283
300
297
281
322
250
292
266
300
283
241
271
280
303
265
270
275
311
266
286
268
270
262
275
276
296
303
270
292
268
268
270
270
277
241
275
272
278
243
253
271
282
289
271
231
275
252
256
259
285
301
222
269
265
234
231
254
241
254
268
263
240
218
233
243
284
240
242
246
273
253
245
258
254
284
259
280
256
225
234
285
258
275
248
276
259
243
265
242
266
247
233
253
258
233
247
258
264
219
251
213
230
243
240
219
232
267
269
246
239
253
226
223
257
233
205
232
234
231
245
215
219
252
264
237
202
234
229
233
209
230
232
214
226
252
224
235
269
212
248
233
223
213
208
223
219
216
243
207
227
227
214
236
240
216
206
238
233
238
209
255
242
222
233
236
232
208
222
197
195
232
223
209
246
228
268
220
221
240
222
224
238
223
226
216
206
224
214
206
206
213
218
229
238
208
237
197
211
232
209
198
209
234
207
203
229
213
243
231
225
217
236
225
220
208
199
209
212
195
218
213
225
217
219
222
202
239
229
233
195
230
219
217
224
213
228
198
205
175
206
205
221
190
207
201
214
223
190
197
214
213
222
179
208
194
203
209
212
243
211
205
209
189
222
209
193
203
206
205
194
201
221
202
214
215
234
186
207
211
207
186
199
212
229
205
194
220
183
224
184
202
232
189
202
221
219
226
208
207
210
203
210
200
202
209
209
196
171
186
209
194
229
207
208
210
189
222
204
195
222
203
187
211
188
172
204
197
222
167
195
188
217
180
194
211
210
228
194
200
206
199
186
229
212
166
192
216
212
195
191
215
183
207
185
209
208
199
200
209
180
162
190
172
192
209
190
170
187
184
198
205
182
215
211
179
195
184
217
214
199
186
207
215
214
202
197
215
184
204
226
216
209
206
222
166
186
215
174
181
166
206
181
195
198
209
201
195
199
190
194
208
212
187
214
204
219
201
221
191
242
182
186
231
217
199
203
204
197
195
184
174
163
205
220
187
225
207
177
210
203
212
197
221
204
222
219
193
197
191
195
210
181
214
202
228
221
226
211
186
222
240
193
205
208
213
211
204
236
194
210
220
229
206
227
222
217
207
212
232
211
209
208
216
232
210
219
238
256
222
206
200
221
230
235
252
212
242
224
233
227
251
249
256
242
241
237
259
224
266
255
267
242
264
252
257
232
253
252
247
258
265
272
256
290
276
251
271
268
261
286
299
284
250
292
281
309
293
311
337
309
342
334
323
319
332
318
313
333
347
317
347
369
326
346
362
393
376
368
371
388
390
396
394
386
390
406
448
452
429
446
410
452
450
510
493
462
464
495
468
501
519
521
521
519
561
541
613
568
545
572
584
576
575
613
667
631
675
625
687
591
656
659
713
699
737
779
740
744
702
721
772
810
722
736
818
798
810
834
858
884
867
851
891
876
951
940
971
1004
982
1005
1015
1035
1005
1010
1059
1084
1074
1101
1115
1131
1137
1160
1174
1162
1218
1222
1215
1211
1337
1234
1230
1312
1269
1350
1314
1391
1334
1333
1363
1481
1475
1488
1469
1419
1456
1481
1522
1603
1493
1584
1607
1667
1633
1679
1675
1732
1708
1705
1733
1770
1734
1834
1784
1756
1849
1839
1825
1912
1935
1902
1907
1936
1949
2025
2021
1968
2015
2100
2070
2153
2124
2167
2210
2087
2131
2228
2160
2206
2250
2221
2216
2286
2226
2285
2388
2319
2367
2405
2377
2416
2388
2406
2400
2420
2495
2407
2652
2585
2501
2517
2535
2639
2592
2664
2631
2600
2650
2684
2702
2635
2667
2720
2721
2737
2731
2778
2745
2736
2770
2851
2810
2850
2811
2825
2732
2865
2834
2814
2903
2818
2906
2795
2929
2961
2968
2958
2922
2959
3013
3030
2975
3053
3021
3024
2903
2884
3027
3017
3037
2899
2933
3082
3024
3070
2995
3030
3064
2938
2954
3014
3042
3068
3015
2978
3013
2883
2994
3097
3041
3037
2995
3012
2975
2924
2897
2929
2955
3014
2936
2946
2948
2950
2905
2946
2993
2939
2880
2863
2833
3009
2941
2979
2863
2806
2824
2787
2733
2685
2775
2820
2817
2870
2802
2754
2741
2782
2736
2813
2687
2646
2645
2585
2537
2605
2633
2667
2603
2542
2631
2583
2504
2421
2443
2485
2496
2409
2546
2438
2387
2438
2343
2398
2379
2349
2349
2333
2324
2203
2301
2224
2291
2252
2264
2230
2173
2142
2158
2131
2182
2083
2008
2043
2137
2038
1998
1973
2011
1964
1926
1918
1970
1915
1878
1992
1833
1828
1749
1700
1782
1798
1789
1654
1725
1714
1641
1751
1660
1617
1640
1578
1633
1521
1565
1604
1532
1530
1459
1451
1376
1432
1418
1471
1523
1395
1430
1374
1329
1328
1317
1272
1259
1245
1239
1252
1158
1172
1193
1179
1141
1158
1117
1121
1089
1021
1086
1015
1034
1079
1032
968
1024
984
1022
997
976
979
922
887
945
896
875
877
859
777
853
769
837
796
776
714
757
760
702
748
652
711
669
647
682
700
661
671
591
693
601
579
580
591
564
590
582
594
534
546
567
503
543
509
502
496
494
487
457
467
482
452
473
445
472
449
468
405
432
408
427
406
404
411
355
386
369
393
379
357
375
361
382
320
336
331
336
324
339
335
346
327
323
301
301
313
270
278
314
286
273
264
292
276
269
274
282
271
237
288
253
244
225
248
221
276
241
246
261
212
207
181
191
210
201
214
205
199
195
211
174
201
181
174
206
187
244
190
193
188
175
193
182
219
202
167
193
170
192
164
175
182
172
183
189
155
162
157
169
160
192
154
185
139
141
152
147
159
155
145
150
144
145
138
166
153
129
138
142
140
145
129
156
145
134
141
128
135
133
136
126
117
131
143
128
125
137
128
138
112
136
144
92
106
124
116
122
111
121
132
121
130
121
119
124
129
122
101
107
105
123
126
128
121
116
120
107
106
91
118
122
114
102
106
120
116
103
116
121
82
103
129
108
99
114
109
116
119
111
99
118
112
93
101
104
100
107
89
87
93
105
100
103
100
104
113
107
96
106
109
115
111
100
108
112
101
105
115
107
117
107
95
117
110
85
107
119
114
103
98
87
113
93
96
90
93
97
92
75
101
87
95
96
108
100
91
108
103
99
99
98
102
96
101
96
91
83
87
97
103
90
108
93
87
107
89
94
79
88
101
98
75
108
109
92
88
101
99
111
105
93
98
103
103
82
75
99
91
85
103
95
87
102
95
91
103
94
91
84
93
101
100
110
105
92
96
94
85
99
105
97
88
94
89
93
97
101
88
96
82
97
81
105
98
85
93
92
95
97
74
91
99
73
85
101
87
87
87
92
89
93
93
82
101
94
91
104
71
90
67
87
100
72
88
90
87
84
82
98
82
105
89
97
85
93
79
81
103
92
74
94
103
83
94
107
105
93
86
86
91
91
95
95
80
84
79
99
92
88
89
85
87
94
94
85
89
81
94
85
95
77
90
80
92
87
86
96
100
89
79
85
77
102
87
89
94
83
95
91
106
96
78
79
86
92
84
72
83
107
98
103
92
93
96
97
96
90
89
88
97
103
93
87
91
100
88
97
86
80
99
93
82
93
76
84
88
78
86
91
90
75
79
82
79
93
94
99
97
87
95
83
103
77
78
98
82
86
80
98
90
104
83
109
86
102
67
83
84
87
85
79
78
101
79
81
101
98
97
100
103
88
80
83
86
105
84
84
119
81
82
105
64
102
105
76
72
90
98
96
111
88
85
87
84
94
90
93
103
93
97
92
71
90
89
88
85
91
92
75
71
83
93
70
94
85
85
111
90
94
97
112
90
86
90
95
77
97
85
94
84
105
90
89
99
80
80
99
67
96
68
77
73
91
97
73
86
88
92
112
94
93
70
76
83
74
100
107
73
87
109
88
97
92
88
82
90
81
98
100
107
91
94
94
94
89
114
78
88
84
82
87
110
91
97
99
82
87
105
83
98
83
75
79
87
78
91
94
103
104
92
99
90
106
88
91
91
99
82
96
92
90
92
86
92
96
94
112
79
82
102
86
91
87
83
96
95
93
89
90
96
90
93
102
101
86
107
98
103
98
83
79
87
79
89
89
116
90
89
83
83
95
95
80
67
88
92
95
86
96
95
120
99
90
74
95
80
90
88
90
117
89
90
88
83
97
89
93
86
88
77
87
89
99
100
92
104
94
97
105
90
108
86
91
109
97
80
99
96
88
96
95
82
103
98
83
101
91
92
98
98
94
97
109
93
96
101
98
106
98
94
99
83
101
92
95
92
102
101
95
99
88
95
96
96
94
79
97
90
91
116
92
113
113
94
92
97
101
94
97
90
98
100
107
116
107
90
102
111
88
107
78
93
86
87
88
87
91
91
83
95
99
84
86
89
104
96
82
85
102
85
93
90
102
103
78
87
88
90
101
81
89
83
85
97
109
107
87
91
95
90
103
90
90
90
95
75
97
77
111
89
88
107
96
99
91
74
102
75
85
95
93
103
94
95
88
77
97
75
110
106
95
101
93
84
81
83
80
94
92
105
95
65
98
88
87
94
92
82
96
85
82
93
100
106
78
85
87
95
100
93
103
73
75
102
98
84
86
93
97
82
88
88
83
96
86
87
100
78
81
90
92
94
89
93
93
90
70
94
82
89
87
77
113
96
86
92
92
96
93
98
98
106
87
79
86
90
102
92
81
88
91
91
88
92
94
85
91
75
98
95
95
98
111
99
77
76
86
101
96
79
103
78
98
75
90
70
95
103
89
93
88
93
96
95
70
99
88
78
76
82
100
81
93
93
86
105
88
74
95
79
87
72
94
84
73
98
79
99
91
99
91
85
77
71
93
95
85
91
90
90
81
101
92
84
105
82
90
108
79
75
73
76
97
87
93
95
103
94
97
98
102
104
99
96
107
87
90
89
101
73
81
72
106
89
88
95
78
84
86
87
101
102
112
91
92
82
70
82
94
88
86
85
91
88
95
101
97
96
74
104
83
75
85
105
88
84
104
89
84
95
111
89
86
86
82
79
89
87
89
92
79
90
89
97
87
97
88
87
101
102
96
97
92
92
92
89
105
96
106
108
96
87
89
92
91
103
90
72
88
91
89
85
89
75
74
97
99
99
82
86
94
100
101
93
98
86
81
115
92
79
81
92
88
104
111
95
83
94
88
103
97
83
81
89
90
85
87
98
103
88
113
110
98
97
100
91
74
103
84
76
108
85
94
99
91
97
87
90
104
89
88
93
94
79
86
79
93
87
89
82
84
73
94
89
91
100
84
99
98
79
89
93
67
102
110
81
89
78
97
97
90
71
95
81
94
92
101
72
86
100
81
80
93
94
83
94
87
93
96
102
95
93
95
84
90
105
103
106
96
83
91
105
91
87
95
76
71
93
93
101
94
96
69
93
92
99
108
95
89
83
89
87
91
106
90
90
95
72
96
95
88
86
89
88
99
63
89
77
97
91
92
82
83
84
87
97
111
92
103
83
95
86
96
73
87
113
79
92
79
86
90
110
87
83
84
101
97
92
91
87
94
83
90
89
93
109
86
96
76
97
93
70
92
95
90
92
79
98
100
96
92
83
94
96
85
104
79
80
86
85
94
92
76
100
103
87
75
92
92
77
90
87
105
103
97
96
117
89
96
84
92
87
93
91
85
101
89
87
73
90
96
89
84
103
102
98
104
94
91
96
82
83
86
87
87
109
99
102
94
83
91
89
88
93
88
96
100
96
110
86
86
105
103
78
68
91
98
101
105
87
94
89
100
87
95
89
87
80
98
101
90
76
80
86
84
90
90
82
99
82
78
95
101
99
91
85
72
89
89
96
93
104
87
81
86
95
82
82
93
96
76
102
95
81
84
86
91
82
91
100
94
84
106
67
104
82
93
99
97
115
81
82
95
89
79
81
93
81
82
84
108
101
88
100
81
97
89
99
91
113
101
96
85
87
94
90
78
97
93
84
78
93
98
110
83
85
95
82
98
100
90
91
86
85
91
85
97
99
111
97
77
81
102
102
93
87
95
97
107
86
109
90
115
100
80
78
109
102
76
87
81
71
84
82
107
95
101
87
91
102
103
90
82
87
83
100
82
90
104
100
77
98
82
92
105
93
93
79
93
104
93
111
84
82
105
100
100
99
83
90
86
100
100
102
80
106
90
82
90
84
103
85
78
101
97
101
86
87
98
88
103
96
79
89
92
84
80
107
93
100
78
85
90
105
118
91
86
91
100
94
97
92
84
85
99
96
111
91
82
104
106
99
104
83
99
86
106
83
96
99
89
93
95
84
112
87
101
102
101
100
93
96
103
114
82
111
93
87
84
91
84
110
96
92
94
106
94
86
90
84
88
98
100
80
102
86
100
72
88
105
108
95
82
101
86
79
106
93
100
98
82
87
85
116
92
107
97
108
80
99
90
97
99
94
109
109
110
90
101
95
116
84
81
94
96
86
107
92
86
99
99
94
96
96
93
107
100
93
89
98
102
80
100
89
101
99
106
101
98
100
76
98
105
91
101
92
106
95
85
94
92
100
95
103
88
123
101
108
96
122
103
99
87
104
96
100
84
91
97
95
98
111
96
104
91
121
89
90
98
92
96
81
101
91
107
105
96
101
101
106
105
106
97
94
102
66
95
112
110
99
113
80
97
108
104
105
85
100
92
80
98
103
88
116
117
97
110
98
97
92
87
104
104
83
96
101
99
97
105
107
111
91
103
91
83
103
97
92
107
100
83
111
97
93
123
108
97
99
113
98
105
76
121
105
88
102
104
115
108
105
84
104
98
106
99
90
103
93
106
105
109
99
100
75
107
103
96
75
106
100
92
97
88
103
101
104
112
103
85
103
118
118
122
117
90
111
105
116
110
103
127
97
94
88
108
107
103
103
95
97
94
100
114
113
95
108
109
87
96
106
93
96
110
109
97
88
125
85
93
108
98
88
103
99
113
92
92
100
97
112
91
87
113
109
112
97
101
97
106
99
102
89
97
116
103
115
113
96
99
119
110
106
103
98
105
89
108
107
114
75
113
108
98
102
100
92
96
106
88
88
97
92
100
115
102
105
98
108
101
107
110
112
125
120
94
105
83
117
106
105
92
104
109
125
111
108
98
109
124
105
108
96
111
103
108
105
103
120
95
100
103
113
108
91
119
93
119
102
111
83
80
119
116
94
117
113
107
101
99
105
93
112
122
94
78
101
109
112
95
105
109
101
114
104
111
97
110
103
107
122
94
95
130
105
107
100
107
86
104
99
109
86
107
90
110
116
115
99
98
108
97
111
87
109
112
107
99
117
107
103
109
88
118
114
106
110
124
102
98
106
106
85
98
92
112
110
113
110
106
112
99
94
102
100
111
120
98
121
114
113
99
123
99
111
108
101
131
115
116
109
103
105
100
93
123
110
121
121
117
114
113
99
82
89
102
102
107
111
98
83
97
94
90
107
124
107
95
104
99
97
109
90
101
99
109
110
96
86
109
120
106
114
101
90
90
89
100
100
111
102
98
115
116
113
115
119
105
103
117
116
102
106
96
98
128
102
86
93
122
98
106
90
114
98
83
98
96
136
102
94
107
109
116
105
112
97
91
107
106
107
114
96
105
105
97
94
95
85
91
118
96
109
109
114
112
109
99
84
84
82
91
108
108
99
83
106
95
102
102
84
92
99
94
92
89
113
95
112
100
85
91
103
102
99
85
97
103
103
107
107
103
97
99
94
104
99
99
107
109
93
88
104
103
87
87
108
92
81
91
94
101
82
85
83
105
87
82
97
101
95
101
94
108
84
99
72
88
102
81
87
88
90
95
99
98
103
79
104
91
83
72
79
91
86
78
80
76
89
74
84
70
76
73
90
92
77
104
99
93
85
72
85
95
72
92
89
96
89
103
85
73
89
81
78
94
82
83
88
90
92
75
69
82
83
87
72
75
78
83
101
76
88
81
81
82
92
80
92
87
79
71
90
84
89
85
83
83
93
73
60
88
84
83
74
86
74
69
90
64
69
81
78
77
69
79
92
92
86
75
84
74
75
72
81
63
71
90
73
79
75
81
84
83
73
74
82
50
67
70
68
70
66
62
53
63
78
65
60
81
68
46
80
68
56
74
64
57
71
64
69
68
69
67
69
63
68
62
68
78
50
63
69
66
69
74
77
54
69
72
62
65
61
60
55
64
79
62
58
54
51
57
80
67
57
68
49
51
57
55
60
53
46
72
71
60
50
57
49
59
56
41
60
62
61
61
47
58
46
70
61
46
52
81
56
62
58
55
57
52
45
66
55
59
52
52
50
48
61
61
56
61
58
68
58
52
55
40
55
45
58
62
58
57
54
55
54
55
48
64
50
56
48
64
69
74
50
57
48
59
48
60
35
55
52
54
53
57
52
52
36
47
39
48
48
53
49
57
47
38
63
50
45
46
56
51
44
45
41
46
51
47
40
52
41
45
50
47
49
42
39
47
39
47
28
41
43
40
39
45
46
49
56
36
53
44
33
46
52
45
37
52
54
48
46
34
43
42
55
41
44
50
39
44
41
40
44
36
41
38
34
44
37
51
47
37
42
33
41
47
42
47
42
38
40
42
34
41
40
39
34
37
39
40
36
44
33
41
41
49
32
40
38
34
38
56
35
55
28
29
38
27
34
44
46
47
43
45
34
39
39
38
45
36
41
36
40
31
36
41
36
39
33
31
39
33
34
38
32
31
44
48
36
38
39
39
27
43
47
31
28
33
42
32
28
34
33
34
39
26
35
38
41
38
37
45
45
34
34
25
26
37
36
28
43
38
38
30
27
35
44
39
36
32
25
33
30
34
45
43
37
26
27
36
28
33
32
37
32
28
31
34
30
43
25
39
32
22
28
43
27
32
31
33
36
35
37
33
37
25
33
39
30
30
32
25
42
19
24
24
38
40
26
33
36
36
30
32
33
29
36
31
28
32
24
22
27
29
30
28
23
31
30
39
33
28
36
28
22
28
36
20
30
23
24
43
32
32
27
28
24
27
32
30
27
23
35
39
32
36
24
37
32
26
24
37
24
26
16
26
24
32
32
24
28
28
30
23
22
35
24
33
29
28
29
44
20
31
32
21
22
20
25
20
22
33
30
23
30
31
30
33
26
23
24
31
33
30
18
26
23
26
30
27
29
26
20
20
17
31
32
36
30
29
29
24
29
23
30
24
32
26
22
29
27
26
35
25
26
23
23
29
31
20
23
19
24
21
30
22
29
25
22
21
26
29
16
28
28
22
22
31
24
31
24
30
13
25
18
29
33
23
35
21
19
24
26
37
24
33
29
28
19
35
27
32
29
35
22
34
23
21
23
31
25
31
32
37
34
33
33
35
28
26
29
33
20
25
26
48
21
30
42
29
24
23
32
32
25
26
36
29
24
23
43
37
31
26
27
37
22
28
38
37
25
36
30
36
30
27
33
27
27
25
30
37
34
37
35
42
29
32
40
30
19
35
37
34
38
43
36
39
42
29
33
36
24
29
30
25
35
39
40
32
22
34
28
39
34
37
38
52
31
42
50
39
39
41
48
39
38
43
43
33
41
41
47
46
48
41
56
51
44
55
37
38
46
51
41
34
42
47
56
69
43
49
50
47
49
62
65
47
53
45
54
47
55
62
48
51
48
73
49
53
55
50
57
61
58
66
63
46
65
64
65
68
64
66
62
57
73
59
71
56
78
64
81
79
77
83
92
57
71
96
79
64
85
80
89
69
83
76
82
87
86
86
58
85
92
90
74
97
97
64
90
91
96
70
90
89
107
110
98
96
114
96
99
111
90
108
102
98
107
110
134
115
113
105
94
115
99
114
117
108
122
110
104
106
156
118
125
116
138
117
118
129
125
138
125
134
130
128
134
123
142
134
129
122
145
157
146
148
138
157
134
165
147
129
149
148
149
165
140
142
169
152
149
159
152
152
166
162
162
138
131
159
171
166
145
167
184
192
172
172
152
195
206
173
178
189
170
177
200
177
189
185
195
216
186
205
209
205
185
208
199
214
215
189
217
203
207
218
175
199
237
201
223
201
242
226
205
244
230
224
218
242
230
243
222
218
215
246
250
227
249
245
232
247
237
257
260
258
267
254
237
239
231
278
235
253
280
257
278
250
257
270
278
271
262
272
263
281
284
273
271
279
262
260
254
271
277
264
277
299
256
281
285
282
318
284
289
292
304
302
315
309
304
343
314
312
304
307
345
314
316
325
287
302
318
345
336
319
322
289
301
324
325
325
324
338
333
337
352
340
299
315
339
310
324
334
318
362
318
347
341
340
374
334
350
341
362
348
369
340
325
311
351
363
366
384
363
354
413
367
374
376
393
385
360
380
398
372
375
369
329
360
362
375
342
335
391
396
396
348
411
364
325
374
378
375
376
376
381
344
381
379
407
374
386
384
370
384
382
359
415
386
392
371
366
402
402
381
387
361
393
366
416
401
391
421
415
394
382
389
364
390
361
389
393
375
339
370
352
368
379
366
407
429
391
397
383
389
417
373
406
376
392
390
395
398
386
416
400
416
383
357
388
393
382
401
397
353
412
406
369
380
371
412
390
367
413
372
408
397
390
401
377
370
349
362
372
395
383
373
423
403
397
396
383
379
407
383
373
359
395
401
397
399
340
356
363
376
411
403
362
378
373
369
401
353
351
370
369
390
339
400
359
390
347
359
367
365
364
386
347
378
358
386
340
346
367
361
339
333
323
346
348
340
363
346
377
349
338
353
345
323
357
367
366
350
338
343
330
356
374
348
359
380
322
348
352
310
357
331
322
362
321
307
293
330
349
334
329
307
307
309
300
326
325
310
329
325
281
294
296
303
306
306
309
311
303
310
322
321
291
279
319
292
284
287
303
281
267
274
286
279
293
304
295
299
304
280
266
279
291
237
297
290
255
280
273
260
264
271
269
276
246
272
249
262
255
251
246
263
231
250
228
271
235
234
258
221
233
245
230
249
213
248
226
232
215
217
227
229
219
211
230
225
247
218
269
211
252
233
218
214
235
220
215
207
222
222
188
206
221
209
186
191
198
226
209
204
203
166
180
195
202
155
170
169
198
174
197
189
177
163
167
195
188
189
164
190
188
171
183
202
152
174
175
167
141
168
153
175
166
183
171
152
157
154
166
164
154
160
161
139
149
162
152
143
171
141
157
140
146
134
154
143
150
138
128
124
147
126
142
152
135
149
130
109
127
137
108
123
120
136
145
150
129
109
122
118
102
130
114
101
130
114
126
125
123
131
112
115
110
104
106
134
96
83
86
96
117
103
105
106
89
111
101
95
91
81
94
107
97
99
101
73
95
89
93
103
81
101
108
94
94
92
71
111
100
88
80
100
91
96
87
82
87
80
83
83
86
88
93
69
67
70
79
78
78
85
86
60
75
73
65
77
75
65
61
74
77
82
70
67
73
67
76
59
69
52
65
72
73
54
55
70
65
79
71
52
68
64
64
42
50
78
68
62
61
65
46
67
40
54
51
50
58
55
47
60
64
49
41
60
66
46
62
53
54
50
51
48
51
68
57
37
55
48
64
50
60
44
43
42
48
45
52
37
44
54
51
40
42
44
46
35
47
39
43
50
31
55
39
37
60
48
46
42
48
46
41
42
43
51
35
33
42
29
37
33
35
44
31
36
41
42
46
27
43
37
37
45
38
34
37
28
41
48
36
40
44
33
42
47
41
35
39
33
28
30
42
19
45
35
29
36
38
31
46
36
28
32
44
26
45
27
30
33
42
39
34
28
37
38
32
29
34
37
34
31
32
33
23
29
31
42
29
32
18
28
31
34
28
41
29
28
32
37
32
37
36
24
31
35
28
26
28
29
28
32
18
41
26
26
29
33
28
32
27
35
30
31
30
29
24
31
33
28
35
31
26
26
30
37
23
24
24
23
21
26
24
40
28
20
30
22
26
28
37
16
29
24
31
18
39
23
32
33
22
27
28
13
20
34
30
30
20
26
17
40
17
37
18
28
20
27
22
24
27
25
28
17
22
28
23
22
22
31
20
36
28
18
31
22
29
27
23
9
20
25
25
25
19
21
21
24
23
31
22
24
23
26
16
26
14
14
25
27
19
21
30
19
20
26
21
23
21
20
23
30
30
22
19
29
21
25
22
25
19
17
25
25
22
29
15
15
22
19
28
23
25
23
21
15
28
22
17
23
20
26
21
19
16
18
18
31
16
21
18
28
26
25
13
23
20
22
18
21
18
26
16
24
13
19
19
22
20
19
22
24
18
32
19
21
20
26
15
29
21
17
17
22
27
25
16
28
25
21
14
16
21
24
16
15
27
22
25
25
19
16
18
22
17
10
20
18
13
25
21
28
21
18
22
19
20
25
16
23
15
24
19
22
19
17
21
18
15
23
19
24
14
18
16
19
18
9
22
21
27
18
21
29
21
17
21
19
22
21
19
17
20
21
17
19
12
20
27
22
25
25
22
22
15
16
21
16
19
17
12
19
18
28
22
26
16
22
17
21
16
27
16
20
19
17
23
24
24
16
20
14
14
17
23
18
13
29
23
11
18
23
20
24
23
22
18
21
13
23
20
21
30
20
24
25
20
15
15
18
27
13
19
19
29
18
17
26
16
20
17
17
17
16
17
14
12
18
15
24
19
20
15
19
21
22
23
25
21
17
23
15
16
19
16
22
14
20
16
17
20
21
22
19
14
21
23
17
21
20
23
13
17
20
18
15
25
12
16
22
20
12
11
13
18
16
18
18
21
24
22
16
16
14
18
19
15
12
15
23
15
19
22
25
18
13
29
17
22
19
9
18
16
16
23
21
25
19
19
27
17
18
23
17
18
17
23
21
17
19
21
16
14
15
24
19
19
26
15
17
22
24
19
25
23
19
17
21
17
11
27
15
15
14
17
11
17
24
12
18
13
16
23
13
14
12
19
14
18
16
18
18
25
23
22
11
16
15
17
15
11
17
12
17
21
15
12
14
16
13
13
16
20
14
17
25
14
19
17
15
21
26
19
17
13
20
19
19
13
21
13
9
14
19
14
19
12
21
13
18
11
15
16
13
10
25
27
12
21
21
13
19
19
11
12
13
13
15
19
10
23
19
13
23
13
10
14
14
19
14
20
20
19
17
12
17
11
19
16
12
11
20
19
12
15
15
16
15
20
18
15
15
23
18
16
15
17
22
15
15
11
16
12
11
22
17
16
26
17
12
17
14
20
17
18
21
22
30
14
18
21
14
17
13
10
16
11
20
19
16
12
16
14
17
14
15
19
16
12
13
13
9
9
15
20
12
14
10
14
13
13
16
17
12
9
15
14
10
16
18
12
13
12
19
13
17
18
12
14
13
23
12
12
11
13
15
15
12
11
17
20
14
18
6
14
9
18
11
14
15
16
10
11
20
9
16
16
14
9
13
14
11
19
10
17
12
11
16
21
11
10
13
13
11
9
9
11
14
12
10
11
12
11
20
12
14
15
15
11
5
17
13
14
10
14
12
12
15
9
19
11
14
11
11
10
10
12
15
14
10
13
9
15
19
12
15
12
5
11
10
17
14
10
14
12
9
11
9
12
12
14
15
20
10
14
13
15
14
13
8
13
6
23
18
16
13
16
13
3
16
12
13
14
12
17
9
15
16
23
10
14
16
10
11
19
6
12
10
11
9
11
12
10
10
10
10
16
10
19
15
9
15
13
10
8
15
9
10
12
15
8
13
6
6
10
16
8
10
12
9
12
9
10
11
16
15
8
15
9
14
7
10
9
13
6
10
7
11
14
6
15
16
7
10
10
14
14
7
12
6
17
8
19
10
8
9
9
13
10
14
11
13
13
11
8
13
12
10
11
16
10
12
14
7
7
7
13
12
8
13
9
15
15
9
14
8
9
13
11
19
5
7
8
15
10
14
16
8
5
15
13
10
7
7
11
7
14
6
7
14
6
12
9
6
7
4
9
15
14
15
11
11
15
7
6
12
4
11
15
10
12
5
13
7
9
10
9
3
8
7
10
12
11
4
13
13
12
5
8
6
9
9
7
10
14
8
11
11
9
8
13
12
8
5
4
12
7
8
5
7
8
11
11
11
7
9
15
4
9
11
13
4
7
7
6
5
5
4
4
5
11
7
12
9
4
9
7
9
3
8
4
7
8
6
4
2
10
7
5
10
12
8
7
12
8
6
10
6
7
15
10
8
9
11
9
6
4
2
10
6
4
8
10
3
11
6
7
5
7
8
7
6
4
8
3
12
6
6
6
7
14
4
4
5
7
9
14
8
11
6
12
9
8
4
5
9
10
6
12
8
8
10
4
9
12
7
8
6
10
4
9
5
8
5
2
5
6
14
6
7
9
7
6
6
4
8
13
8
9
8
6
4
5
8
8
8
6
15
4
4
6
10
3
3
4
2
5
6
9
8
8
11
5
8
5
4
7
9
4
10
7
7
9
6
13
3
5
9
3
6
4
9
4
9
3
6
5
7
3
6
3
9
5
3
11
1
136
125
140
140
135
122
127
114
132
112
134
120
133
123
129
119
108
108
119
115
121
128
117
128
136
128
137
103
137
127
141
133
138
147
123
116
129
143
128
117
116
130
109
121
138
104
114
125
120
124
132
133
118
116
109
112
120
126
107
128
121
125
138
133
119
112
116
143
122
129
107
116
125
110
137
116
125
132
123
122
132
116
119
111
127
123
126
93
133
132
114
114
145
131
135
117
127
114
102
127
126
146
129
139
120
113
135
125
115
141
126
108
108
101
119
114
132
105
130
116
134
134
113
113
129
150
131
72
