9
11
13
9
12
13
16
11
7
13
9
15
11
10
14
10
12
11
9
12
12
13
10
11
6
13
7
6
7
7
6
11
10
7
4
6
5
6
8
9
10
6
6
5
6
12
7
6
6
6
6
11
5
10
16
16
63
95
154
220
393
521
617
570
559
632
655
672
739
827
919
989
1074
1024
958
904
787
800
827
838
784
801
799
756
776
782
827
769
804
801
765
778
778
789
843
773
828
842
817
810
778
754
785
759
794
809
759
775
831
826
865
824
782
818
819
863
857
857
904
857
918
937
911
940
855
885
903
907
890
905
960
956
885
872
929
907
915
951
915
943
978
948
1010
946
982
907
940
934
977
1011
962
946
913
985
985
968
963
989
960
933
1003
955
1035
1007
1023
978
987
1021
1052
981
1082
1021
1000
1059
1020
1070
1050
995
1002
1047
992
1001
1012
989
1102
1039
1040
1052
1056
1042
1071
1047
1135
1071
1095
1006
1070
1066
1057
1057
1044
1110
1050
1048
1095
1044
1100
1062
1066
1065
1072
1106
1084
1083
1097
1115
1081
1074
1059
1164
1077
1138
1091
1084
1085
1036
1080
1056
1102
1082
1075
1084
1156
1124
1064
1132
1122
1098
1084
1144
1095
1066
1094
1114
1106
1069
1109
1081
1161
1111
1145
1136
1141
1136
1139
1043
1172
1106
1134
1048
1086
1112
1128
1105
1114
1131
1089
1070
1168
1092
1179
1162
1149
1160
1134
1087
1149
1118
1150
1169
1116
1094
1167
1171
1113
1102
1125
1180
1163
1140
1130
1110
1103
1169
1129
1133
1109
1147
1173
1058
1062
1149
1087
1151
1182
1156
1167
1170
1123
1143
1116
1131
1137
1108
1173
1183
1128
1106
1137
1212
1189
1118
1053
1113
1120
1126
1098
1184
1071
1130
1190
1068
1098
1177
1133
1068
1093
1190
1145
1139
1107
1065
1165
1097
1085
1124
1134
1072
1163
1072
1127
1124
1050
1128
1146
1108
1144
1078
1112
1038
1162
1115
1087
1124
1170
1145
1099
1085
1168
1048
1179
1188
1161
1140
1151
1163
1153
1168
1155
1153
1133
1149
1140
1124
1184
1140
1172
1183
1173
1137
1090
1165
1175
1162
1152
1176
1210
1152
1189
1180
1217
1249
1175
1222
1201
1258
1287
1268
1236
1281
1288
1285
1221
1291
1281
1251
1211
1258
1294
1301
1273
1279
1322
1400
1361
1347
1330
1277
1319
1323
1299
1342
1318
1367
1402
1392
1380
1356
1327
1371
1378
1367
1323
1377
1322
1437
1390
1345
1386
1352
1381
1318
1392
1342
1348
1358
1323
1405
1359
1305
1363
1361
1366
1327
1388
1366
1417
1374
1362
1260
1345
1353
1389
1329
1310
1328
1270
1243
1278
1329
1254
1282
1336
1309
1299
1285
1258
1303
1298
1251
1280
1311
1257
1231
1272
1232
1239
1226
1264
1213
1269
1231
1272
1212
1322
1242
1204
1211
1227
1247
1201
1226
1315
1226
1199
1263
1277
1265
1203
1205
1206
1232
1256
1194
1238
1259
1218
1231
1245
1153
1107
1171
1239
1215
1186
1276
1206
1216
1109
1143
1188
1186
1151
1182
1152
1146
1133
1174
1157
1162
1162
1202
1207
1151
1162
1115
1158
1139
1082
1165
1161
1137
1081
1150
1158
1119
1152
1191
1140
1118
1119
1182
1159
1100
1136
1103
1129
1057
1123
1122
1115
1119
1122
1053
1111
1115
1128
1140
1089
1086
1129
1119
1038
1106
1071
1096
1045
1136
1163
1054
1078
1087
1078
1093
1016
1112
1067
1107
1101
1074
1061
1018
1041
1037
1020
1031
1032
1044
986
1014
1020
1088
1036
1039
1017
1024
1030
1034
1063
1044
1006
974
1000
1001
1017
987
1052
937
1010
1012
1022
1018
978
984
1003
958
1026
990
958
942
981
941
951
959
968
943
979
964
967
997
967
934
956
931
975
971
923
970
987
1016
972
929
934
942
888
962
907
960
953
930
901
977
924
942
929
955
862
929
949
874
935
916
882
961
871
912
884
924
971
931
888
890
894
906
954
858
894
923
887
905
887
879
867
889
834
848
933
930
932
922
879
908
961
909
861
933
889
926
886
857
891
830
879
875
944
874
937
913
940
881
867
908
855
877
900
932
908
901
911
861
934
827
925
894
862
969
909
963
904
894
855
827
840
896
889
861
823
907
892
893
886
889
933
918
974
903
906
923
873
870
887
873
874
875
848
868
905
896
877
848
851
832
911
915
901
852
857
848
874
870
897
823
929
872
836
900
861
862
853
812
884
877
876
837
894
813
885
892
811
789
837
798
886
833
827
862
801
803
871
825
768
824
822
789
808
785
800
823
728
837
799
774
870
807
735
738
811
771
777
761
782
771
745
724
716
722
711
678
734
707
678
714
725
710
737
656
729
644
622
644
686
651
671
691
666
651
589
654
630
643
650
619
655
638
639
593
550
615
589
595
604
616
590
581
570
562
586
580
566
570
538
543
526
573
553
550
547
577
548
510
506
514
502
510
533
553
566
557
471
542
556
517
526
526
467
506
475
477
546
462
481
476
528
442
460
498
498
478
491
492
455
475
481
486
467
468
464
457
494
436
466
499
454
464
450
446
447
460
429
459
432
444
435
479
415
447
449
436
419
399
415
418
450
420
421
413
414
414
428
412
465
407
419
385
395
399
452
429
386
425
422
399
372
384
389
399
379
403
385
403
409
414
419
378
391
409
377
399
391
388
390
398
366
432
367
396
366
376
378
416
376
345
414
372
394
369
385
403
378
365
375
381
360
361
374
370
361
375
370
363
381
395
372
340
371
364
352
370
369
367
343
354
362
342
353
381
385
338
363
381
327
342
363
328
325
334
372
368
351
336
391
351
358
357
374
373
329
371
320
359
378
350
330
381
319
346
344
374
339
348
347
350
365
355
325
328
320
348
316
338
383
362
325
333
341
323
352
347
352
316
318
303
357
328
381
325
311
343
322
344
319
376
359
328
316
340
326
364
359
346
353
316
346
355
293
337
307
324
301
335
336
316
329
318
314
333
329
314
299
321
313
338
306
324
323
344
325
307
346
345
323
324
323
345
331
365
326
354
355
336
324
305
315
335
335
359
328
335
335
307
362
337
291
343
312
346
348
299
336
333
344
341
355
383
334
347
308
344
346
362
344
404
301
358
337
358
373
353
359
407
364
377
354
373
405
376
416
397
391
400
366
440
412
421
422
423
440
470
431
466
441
504
476
479
496
498
515
529
508
561
555
545
645
605
590
640
708
643
683
705
764
731
792
766
810
801
822
864
924
924
942
952
1000
970
1036
1027
1062
1135
1140
1124
1183
1267
1296
1304
1373
1440
1436
1492
1432
1549
1578
1579
1595
1653
1715
1793
1795
1792
1938
2006
2069
2132
2206
2177
2184
2219
2253
2440
2452
2462
2554
2566
2637
2714
2797
2743
3024
2951
2976
3061
3163
3093
3117
3184
3340
3346
3451
3559
3523
3658
3763
3675
3875
3876
3893
4000
3998
4147
4190
4201
4119
4338
4306
4176
4486
4489
4534
4487
4593
4705
4701
4663
4733
4771
4748
4755
4971
4965
4936
5012
5079
5008
5093
5055
5079
5023
5090
5121
5206
5110
5157
5139
5284
5184
5160
5296
5343
5266
5278
5188
5227
5123
5216
5216
5129
5247
5050
5096
5060
5128
5086
5015
5149
5017
4741
4979
4896
4894
4875
4764
4670
4677
4624
4510
4660
4407
4510
4314
4293
4210
4306
4074
4223
4094
3934
3912
3860
3823
3766
3649
3535
3608
3619
3452
3560
3354
3394
3202
3196
3128
3016
3050
3001
2888
2844
2869
2706
2650
2625
2576
2493
2359
2456
2416
2255
2246
2150
2117
2085
2043
1922
1897
1890
1847
1706
1740
1674
1737
1632
1604
1549
1524
1432
1363
1461
1373
1275
1285
1210
1235
1186
1140
1150
1107
1030
1026
956
964
918
948
893
819
862
847
809
750
790
725
710
708
681
640
672
630
616
584
559
571
570
562
494
534
479
526
527
487
473
447
437
438
432
441
435
409
355
395
417
396
373
329
377
333
355
360
356
326
337
299
315
277
303
306
288
287
279
293
294
292
283
261
275
235
275
287
268
246
248
236
228
238
258
216
236
238
211
227
216
202
233
223
215
220
220
212
197
221
199
205
241
205
212
207
212
185
208
205
209
199
202
176
209
191
188
210
184
159
175
190
189
192
168
199
165
196
177
143
161
199
186
191
149
181
169
178
174
162
192
167
167
160
176
173
147
165
168
156
141
159
170
183
140
155
164
168
157
149
182
150
167
180
161
143
173
156
174
163
181
138
151
161
160
152
159
180
146
169
163
178
161
149
144
156
157
155
174
154
153
165
140
175
165
158
153
177
187
147
150
187
147
142
159
141
133
177
166
177
154
158
143
143
117
145
147
137
151
159
146
165
170
153
149
141
141
173
145
149
145
163
168
156
148
153
149
190
162
149
163
156
152
183
150
169
160
122
150
166
135
150
166
159
134
137
135
171
147
150
155
177
135
136
138
161
134
127
149
171
135
144
137
157
134
146
140
139
156
148
133
144
158
144
152
142
150
127
145
152
132
152
168
145
122
158
119
135
143
162
146
148
143
158
137
144
168
148
146
159
156
150
162
152
155
155
141
139
133
157
159
151
141
158
156
147
139
148
149
144
160
158
161
150
123
144
160
128
146
130
136
143
145
152
134
132
157
163
142
141
164
154
144
165
150
130
129
163
154
164
161
121
142
132
162
152
159
159
152
131
151
130
149
144
139
173
156
162
168
163
162
179
150
160
165
141
138
146
141
164
152
172
138
147
179
152
157
135
136
152
163
149
156
157
159
165
157
127
150
151
140
156
166
158
174
140
163
171
157
138
147
144
137
167
156
162
166
145
161
172
154
141
165
159
175
164
139
148
132
142
171
144
143
127
194
147
156
157
162
154
181
160
161
141
149
183
165
158
150
184
155
135
155
151
163
168
141
173
152
167
151
143
149
169
139
158
146
140
137
147
153
144
151
162
148
149
153
152
141
144
150
160
139
166
145
128
161
169
141
153
163
132
152
115
165
166
126
148
153
162
147
149
144
157
124
147
176
172
156
164
158
152
156
158
175
146
129
143
143
170
149
147
164
139
160
153
176
159
143
141
143
131
147
151
139
127
132
137
142
160
149
158
134
155
152
157
154
157
136
158
155
140
155
117
138
153
155
155
142
135
156
148
139
171
155
155
150
153
147
159
149
127
131
150
177
150
171
163
146
134
166
146
158
157
141
143
164
135
154
161
151
134
157
134
143
122
142
158
170
145
157
176
161
162
163
141
164
135
135
127
163
173
147
125
138
149
155
154
131
167
145
136
153
151
158
166
162
147
162
159
147
150
162
153
144
133
131
158
169
153
141
151
142
166
136
146
160
172
160
163
159
144
155
144
173
166
137
142
146
157
177
128
155
171
148
169
168
159
152
141
150
138
148
148
145
138
151
153
141
155
164
137
150
158
129
156
131
146
167
144
120
151
157
129
162
154
159
144
155
146
123
149
141
136
137
144
152
149
145
134
131
138
163
136
149
134
139
145
131
151
140
147
122
141
133
150
161
170
149
141
155
149
137
146
147
166
135
144
156
139
139
164
144
167
131
154
129
145
137
127
161
155
131
167
161
167
139
147
138
162
162
143
146
140
130
153
160
149
147
138
160
163
127
165
143
138
160
185
167
140
175
158
147
126
146
154
159
167
150
153
127
152
139
153
145
150
135
140
118
159
149
148
151
155
154
148
138
165
163
148
158
142
152
146
161
147
147
163
142
149
136
159
157
144
172
145
167
172
152
167
150
138
149
142
147
155
132
146
148
144
144
149
141
131
151
154
142
164
132
158
148
140
148
134
148
156
135
139
150
152
147
153
176
152
143
178
155
148
149
134
135
147
131
150
144
159
150
168
164
160
127
146
138
174
140
139
135
142
158
158
165
167
149
165
152
144
160
150
150
161
174
142
154
175
146
149
145
134
185
154
152
154
151
171
166
159
151
156
153
145
146
154
156
163
174
154
159
160
172
163
161
162
169
165
171
156
154
180
148
161
151
145
140
174
155
173
175
154
137
164
147
147
158
168
158
165
149
146
191
140
186
152
158
170
185
150
172
178
155
176
155
180
176
166
162
132
146
150
171
158
146
150
142
147
177
152
140
149
151
176
144
172
161
154
163
176
143
183
174
165
170
182
157
151
162
159
166
158
138
153
148
178
163
176
184
176
164
168
157
181
148
180
172
147
160
176
166
170
168
167
199
178
161
158
177
163
168
158
144
188
147
158
166
153
161
167
165
162
184
175
151
145
162
163
171
182
162
155
159
165
162
188
161
161
187
145
170
166
176
146
184
135
173
173
194
148
177
181
177
150
173
176
175
172
172
186
181
156
177
173
174
177
184
177
169
165
188
185
178
160
173
176
177
169
176
180
160
168
175
170
169
185
153
149
184
141
192
157
175
179
162
169
160
178
192
160
192
164
188
180
188
177
163
180
169
184
175
171
168
185
173
180
143
176
184
172
160
193
169
168
172
173
190
203
182
174
151
159
164
192
159
152
170
153
186
184
169
163
185
191
172
207
140
199
178
166
185
169
173
167
178
153
194
171
168
178
164
167
164
192
157
151
169
193
194
179
189
195
194
161
185
161
164
196
197
176
167
202
153
172
167
179
165
169
169
172
165
167
172
195
159
190
187
169
155
187
157
166
165
153
167
189
168
163
159
168
158
159
172
153
166
174
187
170
155
142
178
171
166
155
175
170
175
170
158
141
171
175
164
173
168
161
144
140
164
156
148
155
156
141
157
181
161
137
138
142
151
112
137
152
138
160
134
144
171
132
143
148
154
129
140
144
138
136
153
144
148
125
122
143
126
114
127
144
119
132
118
145
136
142
140
140
122
144
127
117
133
140
125
116
120
116
129
128
121
134
126
119
111
136
107
115
119
118
117
135
97
109
119
120
115
118
117
118
121
116
114
104
101
111
120
101
113
105
103
115
93
98
108
91
101
117
97
110
90
106
98
109
97
93
103
86
86
93
82
90
114
90
87
81
78
90
86
76
104
104
76
74
93
84
107
119
87
64
97
74
81
93
88
88
66
77
92
83
77
85
66
71
73
81
85
76
93
61
77
80
93
73
86
84
65
82
86
62
64
61
73
68
67
67
74
76
78
74
72
72
62
72
65
68
86
67
66
78
68
56
53
70
49
65
62
61
64
68
64
56
63
68
57
70
63
56
61
60
62
62
67
62
57
51
62
72
64
48
61
59
56
59
59
67
66
59
72
71
52
54
64
53
55
71
62
50
36
52
56
47
58
47
58
59
62
53
53
49
62
67
66
50
46
47
48
61
45
66
55
50
55
54
47
54
39
52
54
44
41
49
61
51
41
53
52
46
52
56
51
37
56
45
42
48
48
51
43
34
45
45
49
47
36
51
52
51
47
49
46
46
50
54
50
47
44
41
43
54
42
33
36
49
37
41
36
57
50
53
35
36
46
45
63
33
47
58
50
49
63
39
48
47
44
40
40
45
38
36
29
47
49
44
42
51
28
53
51
51
51
35
45
44
53
41
39
55
41
36
46
38
47
27
51
37
39
38
41
33
41
42
33
35
41
25
44
41
28
41
35
50
45
37
40
43
34
38
41
28
29
31
29
43
47
45
41
42
46
46
40
41
43
46
47
38
37
50
37
50
33
40
44
35
49
42
34
39
58
46
43
49
42
49
45
42
58
44
45
40
44
57
56
56
53
51
67
54
58
51
54
49
63
62
51
56
60
61
67
57
85
60
59
68
69
61
59
81
66
78
83
76
74
92
80
75
95
69
87
78
101
78
101
97
77
87
78
99
81
86
80
89
107
108
119
97
93
118
97
106
126
114
123
131
133
106
122
123
131
130
127
145
150
139
128
144
151
159
168
146
169
158
145
170
178
176
185
173
190
207
210
197
217
185
187
217
213
199
218
224
204
221
240
248
234
231
238
247
257
267
272
287
240
304
309
273
322
303
279
266
315
297
303
329
359
318
350
340
316
357
348
356
338
349
362
367
404
373
430
360
452
381
420
425
440
429
432
448
423
461
448
445
479
460
483
509
508
505
479
520
520
518
537
503
508
506
561
547
530
507
549
552
586
594
603
575
547
586
589
614
590
600
566
602
627
591
586
623
611
608
663
602
633
638
661
658
648
674
652
661
714
626
651
659
716
713
678
685
703
691
689
694
687
683
714
798
703
710
711
693
751
699
688
695
736
698
708
724
711
717
726
759
737
688
765
701
761
721
702
688
740
760
683
702
704
748
697
752
732
739
701
751
710
738
703
723
697
725
755
712
668
748
697
737
696
718
668
739
638
712
690
689
700
662
717
696
669
637
672
681
687
660
657
648
684
642
657
645
635
590
601
579
589
632
622
618
641
591
575
593
572
567
577
598
616
535
577
558
560
565
508
469
535
511
505
514
498
513
487
504
536
480
476
472
469
432
485
460
442
446
456
436
433
423
390
443
390
439
390
420
426
399
408
378
408
389
361
351
352
338
369
371
358
324
362
341
350
323
328
342
337
332
311
322
327
288
309
275
302
253
298
284
276
267
278
279
257
237
232
266
247
230
240
264
228
229
197
236
215
200
225
191
210
201
197
187
184
210
186
193
185
168
193
166
184
187
170
161
199
148
166
169
151
152
158
143
161
130
149
145
141
147
126
142
128
136
122
121
128
121
95
130
107
121
111
120
99
132
121
100
87
116
102
93
133
99
113
96
95
95
86
104
95
86
77
103
87
82
78
102
80
85
81
86
92
70
74
85
75
82
90
77
82
70
71
83
79
76
60
78
72
65
79
72
62
74
58
66
61
67
63
59
63
79
78
69
64
71
68
66
54
59
65
55
56
59
59
64
54
53
54
52
66
53
46
50
33
66
58
37
50
60
58
54
57
68
41
56
58
45
52
58
43
64
49
65
51
52
41
51
49
53
55
43
42
36
53
67
39
55
41
39
43
56
40
57
39
47
40
43
49
43
59
36
34
36
37
33
45
70
39
36
40
46
40
37
42
38
41
38
48
37
49
32
28
47
49
31
39
29
41
46
33
38
40
44
42
41
31
33
38
34
38
25
33
26
30
33
30
36
36
45
46
44
39
28
52
37
32
28
29
29
41
30
39
34
36
38
35
39
34
30
26
31
32
31
37
48
30
42
38
27
41
36
43
25
34
49
29
34
31
28
40
32
23
40
35
34
33
40
31
32
35
42
35
27
33
41
29
23
43
33
48
24
35
36
29
38
34
33
28
29
29
29
26
41
30
33
28
35
34
32
20
36
29
28
30
35
34
24
34
35
33
39
47
29
24
26
34
33
37
32
34
22
37
36
42
29
30
32
28
33
30
22
33
26
38
36
25
38
29
32
38
30
29
25
30
41
26
30
45
25
27
27
28
30
34
27
36
36
22
29
23
35
26
35
31
37
34
31
27
30
34
36
36
29
39
27
34
29
34
29
25
24
42
32
31
30
40
28
27
29
34
31
27
27
31
27
33
25
29
29
37
29
15
29
30
36
25
27
33
25
23
37
42
32
39
26
30
31
24
17
25
33
27
33
23
24
28
34
26
20
24
30
28
26
21
27
32
29
32
22
21
26
18
28
23
29
21
27
24
21
25
25
29
25
24
21
22
29
19
19
31
21
20
26
30
29
24
26
26
26
20
30
12
28
22
22
24
15
27
21
27
20
17
21
28
19
26
27
19
18
27
22
33
24
25
27
20
19
34
18
26
17
17
14
28
17
14
21
18
25
19
21
18
27
30
25
27
21
25
15
25
20
22
27
21
22
25
20
25
17
24
20
19
22
19
28
22
20
28
21
18
28
20
23
15
18
17
13
12
20
21
14
21
25
16
25
20
20
17
14
18
16
16
15
9
21
16
14
18
25
17
18
25
11
13
24
15
16
12
24
17
17
26
17
15
21
23
14
24
22
19
21
21
17
13
20
12
19
13
19
23
19
22
13
27
23
19
18
16
11
10
18
15
23
18
18
17
18
17
18
17
25
25
12
21
16
19
25
20
20
15
17
12
19
15
18
9
20
12
9
26
21
17
14
12
18
9
23
24
17
17
23
15
11
10
19
11
15
19
13
15
15
12
12
12
12
25
11
14
14
11
18
13
12
12
22
14
15
14
15
17
17
3
13
11
11
17
13
20
18
14
17
14
12
8
13
10
16
13
13
7
12
11
17
13
20
4
16
11
9
16
15
13
17
13
15
12
14
12
14
7
10
20
15
12
13
11
11
21
13
15
6
14
15
14
11
9
12
10
17
13
10
7
5
13
15
14
8
13
6
18
8
6
10
7
9
11
13
11
6
6
14
12
12
12
9
15
11
17
11
12
4
8
11
7
8
16
12
16
4
15
13
9
9
16
12
9
13
11
11
15
10
5
12
9
9
11
15
5
6
9
6
7
12
11
11
11
8
6
6
10
10
11
9
7
9
9
12
11
7
13
7
7
10
8
6
5
5
16
12
5
12
8
11
11
6
8
13
7
8
5
11
13
13
9
6
11
8
4
4
9
12
5
4
6
11
5
8
13
1
9
5
7
4
7
10
8
7
6
6
9
8
3
14
11
5
3
10
6
8
6
8
9
4
5
6
10
10
8
8
4
8
5
6
5
6
6
3
7
4
5
3
10
8
5
9
4
6
3
6
9
10
8
5
4
10
5
5
7
9
7
3
5
6
9
6
7
10
6
10
5
5
3
5
7
6
1
5
7
7
8
8
13
3
9
2
7
3
8
9
4
9
6
6
5
8
3
7
7
6
7
6
6
3
7
8
5
7
4
3
2
11
7
10
11
11
10
5
3
8
4
9
10
3
8
6
6
5
5
8
7
8
10
8
8
5
9
10
12
5
3
10
6
10
9
11
9
9
8
5
8
7
9
7
7
3
7
7
6
10
8
5
3
9
7
8
12
14
10
10
6
9
9
9
10
10
9
12
9
9
16
9
12
7
17
8
13
10
9
6
7
8
7
8
8
11
16
9
6
4
10
8
12
6
10
8
8
10
11
12
9
9
12
9
15
15
6
10
11
15
10
12
14
10
8
20
19
10
12
11
12
11
13
15
13
14
17
18
17
14
15
14
8
13
13
14
12
17
20
19
19
15
14
17
14
14
9
17
14
13
12
23
18
12
14
14
15
14
18
19
18
15
17
20
15
21
12
15
24
19
14
22
20
18
21
18
13
16
18
27
25
21
22
20
16
18
24
27
18
17
22
19
25
20
18
25
25
36
30
18
32
24
24
21
18
26
38
28
22
26
25
24
23
27
19
29
21
37
22
21
26
29
28
27
23
23
33
19
29
27
17
22
23
21
29
28
24
30
18
26
37
34
31
29
34
33
27
24
30
28
31
17
22
19
31
26
31
14
23
22
30
23
46
32
33
26
35
25
22
17
21
29
29
28
31
32
24
31
22
38
30
28
19
37
18
31
29
32
29
26
29
36
23
27
24
41
31
22
18
30
30
28
31
24
21
22
29
19
28
20
27
25
30
35
19
28
36
21
29
22
32
22
25
22
29
24
30
23
20
24
20
32
33
25
26
29
29
23
19
21
29
21
22
26
30
21
23
20
24
24
24
19
21
23
23
22
21
20
21
22
20
23
18
24
23
20
22
19
17
18
21
17
16
27
16
20
19
15
7
25
16
16
20
13
14
13
19
26
22
17
21
15
18
12
12
17
20
17
16
17
14
15
10
11
20
13
17
19
16
16
12
16
24
16
11
20
15
8
15
14
12
11
14
13
10
13
12
17
9
10
15
5
14
8
11
15
9
11
13
14
14
18
13
12
14
8
8
15
13
10
10
8
9
3
13
9
13
10
10
8
13
10
7
6
6
7
9
6
8
9
7
9
8
10
7
5
4
10
5
5
5
5
8
9
4
13
5
5
9
10
2
2
17
9
3
9
8
2
7
5
5
6
7
10
3
5
5
3
6
7
2
1
5
9
4
5
5
3
4
5
4
7
5
4
4
7
7
3
1
3
2
3
4
2
4
2
5
4
3
3
6
1
7
5
6
2
3
1
5
4
0
5
7
1
3
3
2
4
3
0
3
3
0
2
0
3
5
0
5
7
3
3
1
4
5
0
2
3
5
4
1
3
3
4
3
2
0
1
3
3
0
4
4
2
3
3
5
8
4
1
5
4
2
2
1
2
2
2
3
1
2
2
4
0
2
1
0
3
4
1
2
2
4
2
2
5
1
5
2
2
2
2
1
2
1
0
1
2
3
1
1
2
4
2
3
1
2
3
2
3
2
1
4
3
2
3
0
0
1
1
3
2
2
1
4
4
1
0
0
0
1
1
2
1
6
0
1
1
4
2
0
1
2
1
2
4
3
2
4
1
1
1
1
0
2
1
0
1
4
1
2
0
2
1
2
1
1
1
3
3
2
0
1
1
3
1
1
0
1
1
1
2
2
1
1
0
0
1
0
2
1
0
1
1
2
1
1
1
2
3
0
0
1
1
0
0
3
2
1
4
1
1
1
0
5
0
1
1
1
2
2
1
0
1
2
1
1
0
2
1
2
2
1
5
1
2
0
0
3
3
2
1
2
2
0
2
0
2
1
0
0
1
2
1
2
2
0
0
0
2
2
3
2
1
0
1
0
2
2
0
0
1
4
0
1
1
1
2
1
0
1
2
1
4
3
3
0
0
0
0
3
1
4
0
1
0
1
0
3
0
0
0
0
4
2
4
2
1
0
1
0
0
1
0
1
1
1
1
1
3
1
3
0
1
1
0
0
1
0
1
2
0
2
0
4
2
2
0
1
3
0
2
0
0
3
2
1
0
1
0
2
2
2
3
1
1
3
3
0
0
3
1
3
4
1
1
2
0
4
1
3
4
1
1
0
2
2
2
1
2
0
0
4
3
2
0
1
1
0
1
1
0
1
0
0
2
2
1
2
1
1
1
3
0
1
1
1
0
3
1
4
0
1
1
1
1
1
0
2
2
1
1
1
0
0
2
3
2
1
0
0
2
0
1
3
0
1
1
0
2
3
1
0
1
2
0
5
0
2
0
3
0
3
1
2
4
1
0
2
4
0
3
0
2
2
3
4
2
2
2
1
0
1
1
1
3
2
2
1
0
0
2
2
1
1
0
2
2
1
2
1
5
1
1
2
1
0
4
3
0
3
3
2
2
1
1
3
2
3
3
1
0
0
3
1
2
1
1
1
0
2
4
1
2
3
0
0
0
1
3
2
2
0
0
3
1
0
2
0
0
0
2
1
2
1
1
0
0
1
1
3
1
2
1
1
3
2
2
3
1
0
4
1
4
1
2
1
2
3
2
1
0
1
2
4
2
0
0
1
1
2
1
3
0
2
0
2
0
0
2
3
0
0
0
0
2
0
0
1
0
1
2
1
3
1
6
0
1
0
0
2
1
0
2
1
1
2
3
0
2
0
2
0
3
2
2
1
2
0
1
4
2
0
0
0
2
1
0
1
4
0
0
1
0
2
3
1
1
2
3
1
1
1
3
3
0
1
1
0
1
1
1
0
4
1
1
1
0
0
0
2
3
3
3
1
0
0
0
1
2
0
2
1
0
2
2
1
0
1
2
2
3
1
3
1
2
1
1
2
1
6
3
1
2
2
2
1
3
2
1
1
0
2
1
0
1
2
2
1
2
1
3
3
1
1
1
4
3
1
3
1
0
2
1
0
1
1
3
0
5
1
4
3
1
1
0
3
1
0
1
0
0
0
1
3
5
2
3
1
0
0
1
0
1
4
2
3
1
0
2
3
4
0
1
2
2
1
3
1
1
0
2
0
2
4
4
2
1
1
0
1
0
1
3
2
2
1
1
0
0
0
1
2
2
1
2
1
0
1
2
0
3
0
2
0
3
4
2
2
2
0
0
3
1
2
2
1
0
2
3
2
0
3
3
1
2
2
1
1
0
0
0
0
4
1
3
2
2
3
0
1
0
0
2
3
0
1
3
1
1
1
0
0
0
0
0
0
3
0
1
2
0
3
2
0
2
4
0
0
1
2
0
1
2
3
1
0
1
1
0
0
2
1
1
2
2
0
0
1
0
1
1
0
1
0
0
0
1
1
1
1
0
1
2
2
2
4
2
0
0
2
3
0
4
3
3
0
1
2
0
1
1
2
0
0
0
1
0
1
1
1
1
3
1
3
0
4
2
0
0
0
0
1
0
1
1
0
0
0
2
0
0
1
1
1
1
2
1
1
1
0
1
2
2
3
1
0
1
0
1
2
2
1
1
1
5
0
1
1
2
3
0
0
1
1
1
0
2
1
2
0
1
1
0
1
0
0
1
1
1
0
2
1
2
0
0
2
2
1
0
0
0
0
1
1
1
1
0
0
0
1
1
1
0
1
0
1
1
1
4
0
1
0
2
1
1
3
0
0
2
0
0
0
1
1
0
2
2
1
3
0
1
1
0
0
0
0
1
1
0
1
0
1
0
0
0
0
2
2
3
0
0
0
2
1
2
1
1
0
0
0
0
0
2
1
0
0
3
2
1
1
1
4
1
0
0
1
0
2
2
0
1
2
1
0
0
0
1
0
0
1
1
0
0
0
2
0
0
2
0
2
2
0
0
0
0
1
2
0
5
2
0
0
2
0
0
1
0
1
1
2
0
2
1
2
2
2
1
0
2
1
1
1
2
1
1
1
0
1
1
1
2
1
0
0
0
1
1
0
1
2
0
0
0
2
0
1
0
1
1
0
5
2
2
0
1
2
1
1
3
0
0
2
0
0
1
1
0
0
2
0
1
0
0
0
1
1
1
1
1
0
0
0
2
1
2
1
1
0
0
0
2
1
0
1
2
0
3
1
0
3
0
0
0
0
0
0
0
1
0
1
1
1
0
1
0
0
0
0
1
0
1
0
0
0
1
0
0
0
1
0
1
0
0
2
1
1
1
1
1
1
1
0
1
0
1
1
2
0
0
0
0
0
1
0
1
0
0
1
1
0
1
2
1
0
1
0
0
0
0
0
1
1
1
0
1
2
0
0
0
2
0
0
1
1
1
0
0
0
1
0
0
0
2
0
0
0
0
0
0
1
2
0
0
0
0
0
2
0
1
1
1
0
0
0
0
0
1
2
1
0
0
2
0
0
0
1
0
1
0
0
0
0
0
0
0
0
0
1
2
0
0
0
0
1
0
0
1
0
0
0
1
0
1
0
0
0
1
1
1
0
1
0
0
1
1
0
1
0
2
0
1
0
0
0
3
0
1
2
0
0
0
0
2
1
0
1
0
0
0
0
0
1
0
0
1
1
0
0
0
0
0
0
0
0
1
0
0
0
0
2
0
1
2
2
1
1
0
0
1
1
0
0
0
2
0
0
0
0
0
2
0
0
0
0
2
2
0
0
1
4
1
1
0
0
0
1
1
0
0
1
0
1
0
2
0
0
0
2
0
0
0
0
1
1
0
0
0
0
2
0
1
0
0
0
1
0
0
0
0
0
2
1
0
0
0
0
1
0
0
1
3
0
0
1
4
0
0
1
0
1
1
0
3
1
3
0
0
0
1
0
1
2
1
1
3
1
0
0
1
0
0
1
0
0
0
3
3
0
1
1
2
1
2
1
0
1
1
0
2
1
0
1
1
0
1
0
0
1
1
2
0
2
1
1
3
0
0
0
1
1
1
0
1
3
1
1
1
1
2
0
0
3
0
0
1
0
1
0
0
0
4
2
2
1
2
0
1
2
1
1
0
0
0
1
1
1
0
3
1
3
0
2
1
3
1
2
2
3
2
5
0
3
2
1
1
3
2
1
0
0
2
1
5
2
2
0
3
1
1
0
3
2
0
5
3
3
2
3
2
2
0
1
2
3
1
2
3
1
3
3
0
1
0
5
0
1
1
1
1
1
2
0
2
2
0
1
2
5
3
2
1
1
2
2
0
0
0
1
2
0
1
6
3
0
4
1
0
1
2
3
0
2
1
1
0
2
1
0
1
0
2
1
3
1
1
0
2
5
0
3
0
3
1
1
0
3
0
0
3
2
1
0
2
1
1
1
1
0
1
2
3
2
1
3
4
1
1
1
2
3
1
4
1
1
1
1
2
0
1
1
1
2
1
3
2
1
1
6
1
2
4
1
4
0
1
1
2
1
2
1
0
1
0
1
1
1
2
1
1
2
2
4
2
1
1
1
2
1
1
2
1
2
2
5
2
1
1
0
0
1
0
2
3
1
1
0
6
0
3
1
0
2
2
3
3
1
2
0
0
0
1
3
3
2
1
0
1
3
0
1
1
0
1
0
0
0
1
2
1
2
1
2
1
0
3
0
2
2
1
1
0
0
1
2
0
3
1
2
0
1
0
2
1
1
1
1
0
2
4
0
0
1
1
1
2
1
2
1
3
2
0
0
1
1
1
2
2
1
1
0
0
2
1
1
2
1
0
2
1
1
0
0
0
1
0
1
2
1
1
1
3
1
0
0
4
1
1
1
1
0
1
0
1
0
0
0
1
0
0
1
1
1
1
0
0
1
1
0
0
4
0
0
1
0
1
1
0
3
0
2
1
0
0
1
0
1
2
2
1
1
0
0
0
1
0
0
0
0
0
1
0
1
0
0
0
0
2
0
1
0
2
1
0
0
1
0
1
0
0
0
2
0
1
0
1
1
0
1
0
0
0
0
0
1
0
0
1
0
2
0
0
1
0
0
0
1
1
0
0
0
0
0
0
1
1
1
0
0
0
0
0
1
0
0
1
0
1
0
2
1
0
0
1
1
0
0
0
0
1
0
1
0
0
0
0
0
0
0
0
0
0
0
2
0
0
0
0
0
0
0
0
1
1
1
0
1
0
0
0
1
0
1
0
0
0
0
1
0
0
0
1
0
1
0
0
0
1
1
0
0
0
1
1
0
1
1
0
0
0
1
1
1
0
0
0
0
0
0
0
0
0
0
2
0
1
1
0
0
0
0
0
1
0
1
1
0
0
0
0
0
0
0
0
0
0
0
0
0
0
0
0
1
1
0
0
0
0
1
0
0
0
0
0
0
0
0
0
0
0
0
0
0
1
0
0
1
0
0
0
0
0
0
1
1
1
0
0
0
0
0
0
1
0
1
0
0
0
1
0
0
0
0
0
0
0
0
1
0
1
0
0
0
0
0
0
0
0
1
0
0
0
0
0
0
0
1
0
1
0
0
1
1
0
0
0
0
0
2
0
0
0
0
1
0
0
0
0
0
1
0
1
0
0
0
0
0
1
0
0
0
0
0
0
2
0
0
0
2
0
0
0
0
0
2
0
0
0
0
1
1
0
0
0
0
1
0
0
0
0
0
0
0
0
0
0
0
0
0
0
0
0
0
0
0
0
0
0
0
0
0
0
0
1
1
1
1
0
0
0
1
0
0
0
0
1
0
1
1
0
0
0
0
0
0
0
0
0
0
0
0
0
0
0
0
0
0
0
0
1
0
0
0
1
0
0
0
0
1
0
0
0
0
0
0
0
0
0
0
0
0
0
0
0
0
0
0
0
0
0
0
0
0
0
0
0
0
0
0
0
0
1
0
0
0
0
0
0
0
1
0
0
0
0
0
0
0
0
0
0
0
0
0
0
0
0
0
0
0
0
0
0
0
0
0
1
0
0
0
0
2
1
0
1
0
0
0
0
0
0
0
0
0
0
0
0
0
1
0
0
0
0
0
0
0
0
0
0
0
0
0
0
0
0
0
0
0
0
0
0
0
0
0
0
0
0
0
0
0
0
0
0
0
0
0
0
0
0
0
0
0
0
0
0
0
0
0
0
0
0
0
0
0
0
0
0
0
0
0
0
0
0
0
0
0
0
0
0
0
0
0
0
0
0
0
1
0
0
0
0
0
0
0
0
0
0
0
0
0
0
0
0
1
0
0
0
0
0
0
0
0
0
0
0
0
0
0
0
0
0
0
0
0
1
0
0
0
0
0
0
0
0
0
0
0
0
0
0
1
0
0
0
0
0
0
0
0
0
0
0
1
0
0
0
0
0
0
0
0
0
0
0
0
0
0
0
0
0
0
0
0
0
0
0
0
0
0
0
0
0
0
0
0
0
0
0
0
0
0
0
0
0
0
0
0
0
0
0
0
0
0
0
0
1
0
0
0
0
0
0
0
1
0
0
0
0
0
0
0
0
0
0
0
0
0
0
0
0
0
0
0
0
0
0
0
0
0
1
0
0
0
0
0
0
0
0
0
0
0
0
0
0
0
0
0
0
0
0
0
0
0
0
0
0
0
0
0
0
0
0
0
0
0
0
0
0
0
0
0
0
0
0
0
0
0
0
0
0
0
0
0
0
0
0
0
0
0
0
0
0
0
0
0
0
0
0
0
0
0
0
0
0
0
0
0
0
0
0
0
0
0
0
0
0
0
0
0
1
0
0
0
0
0
0
0
0
0
0
0
0
1
0
0
0
0
0
0
0
0
0
0
0
0
1
0
0
0
0
0
0
0
0
0
0
0
0
0
0
0
0
0
0
0
0
0
0
0
0
0
0
0
0
0
0
0
0
0
0
0
0
0
0
0
0
0
0
0
0
0
0
0
0
0
0
0
0
0
0
0
0
0
0
0
0
0
0
0
0
0
1
0
0
0
0
0
0
0
0
0
0
0
0
0
0
0
0
0
0
0
0
0
0
0
0
0
1
0
0
0
0
0
0
0
0
0
0
0
0
0
0
0
0
0
0
0
0
0
0
0
0
0
0
0
0
0
0
0
0
0
0
0
0
0
0
0
0
0
0
0
0
0
0
0
0
0
0
0
0
0
0
0
0
0
0
0
0
0
0
0
0
0
0
0
0
0
0
0
0
0
0
0
0
0
0
0
0
0
0
0
0
0
0
5
6
5
5
8
4
4
4
4
4
5
6
2
6
4
4
3
7
5
5
7
5
3
8
9
5
6
10
4
2
6
4
4
12
10
8
7
2
6
10
6
6
8
2
2
4
4
3
6
5
6
6
6
8
9
6
4
4
6
6
7
5
7
4
8
9
5
6
5
10
11
4
9
5
4
3
5
5
6
7
6
5
10
6
4
6
4
6
3
6
7
10
7
4
6
5
4
6
7
9
0
6
8
5
3
3
10
5
11
6
5
9
4
9
6
6
5
10
8
10
7
9
9
8
11
16
12
15
