2071
1648
1382
1132
928
824
604
557
519
412
375
304
264
218
191
196
181
137
145
136
133
127
121
112
100
110
135
98
74
91
93
86
85
93
72
85
74
78
78
84
68
81
70
77
77
71
78
70
59
77
85
86
67
79
72
81
74
71
75
73
74
68
80
57
65
75
67
72
71
60
67
58
58
50
71
58
49
61
68
68
65
65
57
54
55
61
48
52
62
46
59
48
63
50
59
57
43
51
51
59
79
46
63
50
60
40
59
49
62
54
48
54
52
61
49
42
70
55
54
45
57
51
47
65
48
53
50
56
54
42
51
59
50
43
47
58
52
41
48
34
41
54
50
51
45
48
48
40
52
37
41
44
39
55
52
34
46
45
32
46
45
43
60
39
56
35
34
48
50
47
37
33
40
45
49
33
42
45
36
39
38
43
44
49
31
38
35
37
32
46
34
45
48
41
49
43
27
44
43
27
41
46
43
50
38
32
45
36
37
30
35
34
38
39
44
22
33
32
34
36
33
25
37
44
34
43
33
30
42
26
35
39
28
27
37
36
35
32
43
31
28
25
26
24
22
39
29
27
30
24
27
32
25
34
33
32
26
37
35
20
35
33
27
24
30
32
30
29
32
37
28
22
36
38
40
35
35
38
24
43
25
33
32
27
21
29
24
25
26
33
34
37
27
33
40
28
24
29
24
27
22
24
36
31
33
36
26
35
32
25
34
35
31
22
31
33
22
38
32
23
24
24
35
37
35
26
30
31
33
35
27
29
30
19
21
28
24
29
31
28
25
29
21
26
32
29
27
23
28
28
35
23
26
23
31
22
23
26
26
35
31
26
28
22
41
26
35
22
25
40
23
28
29
26
26
21
32
26
31
25
22
27
23
30
25
24
26
30
21
25
29
28
28
21
30
23
26
26
22
28
23
27
30
19
24
29
39
17
36
34
24
25
30
22
22
19
28
21
36
20
27
23
18
31
25
19
24
27
28
28
39
24
19
22
23
25
24
22
23
33
29
24
25
25
29
24
18
24
19
20
25
21
22
26
23
28
18
21
27
23
23
15
19
15
20
25
25
32
18
31
28
27
20
15
23
15
27
22
28
27
22
19
19
15
22
25
21
19
30
22
23
27
20
19
16
27
15
16
13
25
23
18
26
22
19
26
21
28
24
17
17
13
29
17
18
18
20
9
14
25
26
21
20
26
22
30
26
24
23
24
20
31
33
17
22
24
25
24
22
28
29
18
18
14
20
26
24
17
18
20
21
21
18
17
21
18
12
18
29
14
18
16
26
20
16
24
24
22
19
23
22
15
21
26
19
21
31
27
23
21
20
17
17
28
31
19
14
15
28
23
17
18
27
14
26
20
16
21
23
26
13
21
16
15
13
15
21
19
18
26
21
13
17
17
22
14
18
22
14
26
19
17
26
17
16
26
21
12
16
14
13
25
26
23
18
25
24
24
26
24
22
24
25
21
19
17
20
14
23
25
21
27
24
30
19
13
20
20
17
14
25
17
24
20
20
16
25
17
31
19
14
13
19
17
17
20
15
18
26
18
10
17
25
16
22
17
17
27
19
27
24
21
16
16
25
23
14
17
18
17
17
23
16
19
21
20
26
15
17
26
16
22
20
26
18
16
22
20
31
22
20
18
12
24
15
21
17
11
19
22
22
16
18
19
20
23
10
23
27
13
12
19
18
30
22
28
25
25
14
24
21
21
18
17
14
35
24
18
26
21
17
26
17
18
17
24
14
11
10
18
19
18
21
14
20
20
16
13
19
17
28
17
19
27
21
22
18
22
14
18
18
18
20
21
26
26
22
18
11
17
11
21
14
17
13
22
20
15
19
9
15
14
14
17
18
22
17
20
14
22
15
19
25
19
16
18
17
22
17
19
8
14
24
19
20
16
24
20
15
18
16
19
15
18
24
9
20
17
22
16
14
27
21
17
18
26
17
15
15
20
15
14
22
27
20
27
12
14
20
20
23
9
17
18
19
27
13
16
16
17
17
19
21
14
24
22
14
18
13
13
22
16
15
23
19
23
7
17
24
19
16
19
11
11
12
17
17
15
10
24
12
14
17
18
13
16
16
12
15
20
16
14
11
17
14
20
20
12
17
17
12
14
15
17
26
10
18
17
17
17
18
19
15
14
12
11
16
25
20
11
17
18
16
11
12
10
16
12
18
16
20
9
12
22
12
20
18
20
13
26
13
9
22
19
14
13
18
21
13
8
15
16
11
17
9
17
19
10
19
14
12
14
9
20
16
15
14
15
12
14
13
17
20
13
10
11
15
16
9
16
19
24
19
15
18
12
17
15
14
12
17
14
20
17
11
10
19
11
14
13
18
21
12
10
18
21
18
19
15
13
18
13
20
16
9
21
14
14
10
14
22
20
18
14
20
16
11
19
17
15
12
17
16
10
18
12
21
11
12
22
19
15
14
15
14
16
18
11
13
17
11
16
10
18
17
24
12
9
12
15
19
18
16
11
13
11
10
12
12
20
14
11
12
14
9
15
16
18
17
10
19
21
18
17
15
14
13
18
20
22
18
16
10
8
16
20
11
16
18
17
10
8
14
10
20
16
7
18
21
14
19
10
8
17
21
12
13
18
10
17
14
16
16
15
11
10
13
9
15
14
10
13
14
18
14
17
13
15
7
13
13
14
18
13
18
13
14
20
13
12
20
15
16
13
10
15
10
19
15
8
12
17
11
14
15
7
11
10
22
13
18
21
16
13
13
10
16
11
9
12
10
15
12
14
12
15
11
12
12
10
13
7
18
10
21
15
16
17
15
11
18
14
15
15
14
11
8
16
21
18
15
15
20
21
14
12
11
19
8
13
10
14
14
19
11
13
10
15
13
13
16
9
13
19
10
11
20
15
14
18
9
17
12
12
10
14
19
19
17
14
16
9
11
9
11
16
16
15
15
15
12
15
11
24
14
11
17
11
13
19
9
11
23
6
16
12
11
11
10
19
14
16
16
15
15
15
11
11
10
13
14
14
18
6
10
13
20
16
18
13
15
8
14
16
13
11
12
9
10
13
19
19
14
22
14
16
10
18
11
8
13
19
16
16
18
12
10
9
19
14
19
15
9
8
13
13
8
12
14
16
9
19
19
12
10
12
15
17
15
19
11
16
13
7
6
8
12
14
13
12
16
12
12
7
13
9
14
8
8
13
10
17
15
11
14
19
17
11
10
12
23
7
11
10
6
15
19
17
11
21
10
18
11
16
14
13
14
7
16
18
14
15
12
12
18
10
14
12
10
15
19
8
9
16
16
10
13
19
23
11
17
11
15
9
11
17
7
15
8
14
14
11
13
18
10
16
15
10
13
7
9
14
8
13
11
13
11
9
14
13
7
10
14
14
11
16
7
13
16
13
19
17
7
19
14
19
8
14
11
19
15
18
8
20
16
11
14
6
12
12
12
8
11
10
14
11
11
9
15
11
11
23
8
12
13
9
9
16
11
21
18
16
8
16
18
14
13
9
13
12
13
12
16
13
13
10
15
11
15
16
11
13
14
15
13
14
10
14
16
14
16
9
12
11
10
14
12
12
11
13
10
14
15
15
13
8
13
13
11
13
12
12
17
11
14
9
7
14
10
13
12
16
8
18
11
16
9
8
9
20
7
6
6
14
15
14
8
6
18
12
5
10
21
17
12
17
7
19
6
13
19
9
9
14
18
13
17
14
9
13
11
14
12
18
16
16
9
14
9
17
10
12
9
8
22
23
9
15
15
22
5
22
10
14
13
13
22
20
9
11
10
12
8
20
22
18
10
7
14
17
22
11
13
15
8
10
21
15
6
15
9
10
13
12
16
9
11
8
16
19
12
9
13
8
11
8
11
6
16
11
13
9
6
12
11
9
16
9
9
9
10
6
15
19
6
3
12
16
17
7
14
12
13
21
17
14
13
8
10
9
10
7
11
18
13
7
13
14
8
14
14
9
11
15
18
10
10
6
9
8
11
18
12
7
10
11
20
14
7
15
11
11
10
13
9
13
13
11
8
10
9
15
15
6
12
7
10
9
21
8
10
7
10
9
15
15
11
7
10
10
13
14
14
6
12
11
11
17
10
11
7
16
10
12
14
18
21
5
8
12
8
10
12
15
10
14
11
14
11
14
13
17
12
13
9
13
8
13
10
10
22
10
8
5
15
12
12
11
9
11
10
6
11
10
12
12
10
11
14
13
14
6
9
9
10
10
14
3
12
14
13
10
11
12
12
11
13
9
11
8
11
9
14
16
12
13
14
8
11
14
8
15
15
11
12
8
8
18
10
15
7
13
9
14
15
8
10
13
10
10
15
11
14
8
10
11
15
18
6
9
17
15
11
9
14
14
13
9
10
8
7
13
8
16
9
10
14
15
13
11
14
11
9
10
12
9
13
15
8
16
12
10
9
13
12
9
10
8
11
4
15
13
10
7
9
8
10
13
16
15
9
8
12
17
6
6
11
11
9
10
11
14
13
18
4
14
16
19
7
17
10
10
14
10
14
16
12
6
12
7
16
9
13
9
7
9
8
11
12
15
10
17
7
10
14
11
13
12
10
14
11
12
9
8
5
13
11
8
8
11
12
9
9
11
15
15
17
8
11
10
11
15
16
8
12
14
16
10
13
11
9
7
6
11
10
12
10
17
8
11
9
11
6
15
4
11
13
8
10
9
8
6
11
9
9
10
14
13
10
12
9
14
8
15
10
6
9
9
11
6
9
13
11
16
10
12
7
9
10
6
8
8
11
9
8
14
13
11
10
9
9
12
8
11
7
11
8
12
9
14
9
14
16
14
13
10
14
12
15
10
14
11
15
17
12
11
12
21
13
9
14
13
14
11
14
14
17
10
15
14
10
10
16
13
15
14
11
19
9
8
11
8
7
8
6
7
11
15
10
8
6
10
12
14
8
8
18
12
9
16
5
11
6
8
17
10
11
11
11
12
12
12
9
6
10
13
9
16
6
8
10
10
7
9
11
8
11
11
18
12
13
4
10
6
13
12
9
11
6
10
10
9
12
15
12
11
14
13
21
13
5
14
19
18
9
11
13
18
6
11
12
7
9
11
2
5
9
13
10
9
9
14
5
11
10
12
6
5
10
11
17
9
9
13
11
11
15
13
9
16
17
9
9
14
17
14
13
12
11
5
19
9
13
5
11
17
13
5
11
11
11
12
9
8
11
14
17
4
12
9
9
16
14
17
13
15
7
12
18
10
10
11
12
17
9
11
9
13
16
18
17
10
6
7
14
14
12
17
12
15
19
15
9
10
6
18
9
9
10
7
9
12
10
12
5
17
10
7
12
12
12
6
13
11
6
12
8
6
13
12
11
13
21
17
10
13
16
11
15
12
7
9
13
9
12
9
9
12
19
10
13
11
12
12
16
14
13
12
10
13
10
10
8
8
13
15
10
11
7
12
12
13
13
16
16
14
12
7
14
17
12
12
10
11
12
8
5
8
12
8
6
9
6
8
16
13
11
7
16
7
6
4
15
9
15
7
11
13
9
8
9
17
6
5
12
11
13
8
6
10
15
14
13
7
10
12
9
10
10
10
7
12
13
12
5
2
16
11
9
15
11
5
13
8
3
6
7
7
12
9
14
10
12
7
11
9
5
12
8
7
10
6
15
8
11
11
12
2
12
7
8
13
12
7
12
4
7
5
13
6
9
15
6
6
4
12
9
6
10
17
7
10
14
11
12
8
14
17
14
10
12
9
10
9
10
6
14
11
7
14
9
8
9
10
5
12
9
11
10
11
11
9
7
8
6
10
10
11
13
11
14
8
11
9
8
13
7
15
11
8
9
6
8
10
8
9
10
11
11
12
9
7
6
10
12
12
7
7
8
9
12
17
9
8
6
9
10
13
15
11
11
9
8
12
8
13
8
9
7
6
6
11
14
9
10
7
9
7
6
8
6
9
12
4
10
9
6
15
10
7
13
10
9
11
8
6
9
9
12
11
7
16
14
7
12
8
10
13
10
11
10
15
11
10
10
8
9
8
10
10
7
13
15
12
11
14
8
6
7
6
10
13
6
6
13
11
15
7
9
8
11
14
7
12
9
7
13
9
4
10
4
6
7
14
13
12
16
5
6
10
10
8
7
8
6
11
9
7
11
12
9
9
8
6
9
8
9
12
7
11
5
12
11
11
5
13
13
5
15
9
6
12
10
19
12
9
10
6
7
8
10
15
9
5
7
12
8
12
9
11
10
15
6
12
13
7
13
5
5
7
8
8
6
12
6
8
9
11
5
9
12
5
8
7
13
13
15
8
14
11
8
10
13
16
10
14
14
5
2
6
9
12
3
11
4
6
8
10
10
11
8
8
8
10
5
14
9
9
8
9
10
12
8
7
14
10
5
6
13
9
5
11
12
9
7
7
10
6
13
6
10
5
5
7
10
5
13
5
9
7
8
8
9
5
14
7
11
6
12
6
8
14
9
7
9
12
11
12
10
7
11
4
6
9
15
8
10
8
12
6
12
9
12
9
7
8
9
6
9
6
8
10
5
13
9
8
9
6
15
7
12
6
10
9
15
8
6
6
9
6
6
12
10
7
5
11
10
7
10
8
10
11
9
6
7
11
10
12
7
11
8
6
4
10
4
9
11
7
10
7
8
11
5
12
5
11
11
10
11
5
11
9
6
7
11
6
6
8
9
4
14
10
6
14
10
7
9
7
10
3
11
7
3
5
9
15
9
9
8
10
7
9
7
9
7
11
12
11
9
7
11
8
10
6
4
9
8
7
7
14
9
8
8
4
13
11
11
2
7
7
6
6
6
11
6
5
8
10
8
11
15
6
8
3
9
8
8
7
7
13
11
4
10
10
11
10
5
8
13
10
11
8
7
11
8
10
5
8
5
9
13
8
13
6
6
7
3
14
19
13
8
9
5
11
6
8
9
9
6
9
5
7
5
10
6
9
11
13
5
12
12
8
9
5
4
9
8
5
4
11
6
9
11
12
8
8
13
4
12
7
8
10
11
12
4
8
8
5
6
8
6
16
3
7
10
12
8
8
9
8
6
6
12
6
7
7
11
2
7
9
11
5
8
12
10
13
14
9
13
5
10
4
10
9
13
8
4
5
7
12
5
5
11
13
10
8
10
10
7
5
4
11
15
8
11
9
14
7
8
17
10
8
6
9
8
7
9
10
12
8
10
12
9
9
10
8
13
11
8
11
9
9
9
12
15
8
4
9
10
3
7
7
4
9
8
5
7
8
5
5
7
9
12
4
7
9
5
5
15
3
10
6
7
8
5
8
7
7
9
7
4
6
10
9
10
9
9
5
3
5
9
12
7
12
9
7
5
10
3
13
9
12
7
7
8
10
5
11
7
10
12
13
5
12
7
11
9
9
9
7
4
7
8
7
6
11
4
7
9
8
5
5
5
5
6
10
11
7
10
11
5
8
10
4
10
6
5
4
10
13
8
12
9
9
5
4
10
7
5
7
9
6
11
6
5
10
6
12
12
6
13
10
4
5
11
9
7
3
5
3
11
9
11
8
9
8
9
4
8
6
7
4
6
10
6
8
7
13
4
10
3
9
10
4
8
2
10
6
10
9
7
10
12
7
4
3
6
10
8
8
8
8
7
6
11
12
6
7
4
7
0
5
9
10
3
10
5
2
11
5
3
6
6
6
10
7
5
7
7
8
11
6
5
8
6
12
3
5
11
10
10
6
4
6
10
3
5
11
6
3
11
10
5
10
4
7
5
11
6
7
4
11
4
11
4
13
9
9
7
12
6
6
6
11
6
6
9
2
5
3
7
9
4
3
9
6
3
9
11
7
4
7
11
3
3
8
3
8
6
10
8
6
4
10
7
4
7
6
4
7
4
7
8
7
5
7
7
10
2
3
4
5
1
8
4
2
3
7
11
6
3
1
4
9
8
4
7
9
2
5
4
3
5
11
5
4
7
4
7
6
10
6
3
9
8
6
7
12
6
8
5
6
4
9
4
6
6
6
11
5
5
4
6
6
8
9
8
7
3
6
7
2
7
2
5
6
6
3
7
7
10
5
3
3
4
7
5
4
2
3
15
3
9
4
2
4
6
7
2
2
9
5
6
3
5
3
11
4
4
4
8
7
5
9
5
4
9
2
8
5
7
7
4
3
4
5
5
6
7
4
9
8
12
4
2
6
3
7
4
1
6
7
6
2
7
8
3
5
7
4
4
6
3
5
8
5
7
8
6
5
6
4
7
5
5
9
3
3
5
9
8
6
4
4
6
6
5
6
4
5
6
6
4
6
7
8
7
3
1
7
7
4
4
3
5
5
7
5
7
6
4
2
5
6
3
2
6
5
4
6
6
2
3
3
3
2
2
5
11
5
8
4
4
4
8
5
6
4
4
4
7
4
4
5
6
2
4
6
5
8
5
4
4
8
6
10
5
4
3
3
6
2
7
10
3
4
5
3
3
7
5
4
3
7
9
4
3
7
5
7
3
4
5
2
7
11
7
9
4
6
5
6
5
4
3
4
4
6
2
5
5
4
6
1
9
4
11
4
6
7
4
7
5
3
6
3
7
4
4
2
9
5
4
7
5
4
4
5
6
2
8
3
3
2
2
4
7
3
4
7
6
5
6
5
4
1
5
4
3
6
5
10
7
4
3
7
5
8
3
7
6
1
4
4
8
2
2
5
3
8
2
10
7
5
5
10
8
7
3
4
8
6
4
6
5
5
5
7
5
4
5
3
6
5
7
6
7
5
4
3
3
2
5
3
8
5
1
4
6
5
3
4
7
5
4
2
1
2
5
5
4
4
9
9
2
3
5
5
1
4
4
7
7
5
8
7
6
6
4
2
3
6
4
3
5
4
7
2
5
1
1
8
5
3
6
7
5
8
3
5
7
0
7
5
1
6
5
2
5
3
6
3
4
4
5
5
2
4
3
8
4
5
6
5
6
3
2
5
5
4
9
3
6
6
5
6
2
4
4
4
4
6
4
3
4
5
3
5
5
8
4
3
1
4
6
5
3
4
2
7
1
3
4
3
4
2
1
7
4
3
6
3
4
6
5
7
6
3
6
5
7
5
3
4
5
3
3
5
4
3
6
9
4
1
3
6
3
2
3
4
6
5
3
6
3
4
3
7
5
3
6
3
5
6
3
7
7
7
3
5
6
3
1
7
4
1
1
4
8
3
3
4
3
3
6
1
3
5
0
4
6
5
2
3
3
1
5
8
4
2
8
4
2
2
7
4
2
5
4
6
4
7
5
3
0
3
5
6
5
4
4
4
4
6
8
2
3
1
5
9
3
4
3
4
5
3
4
6
7
4
4
2
4
5
4
3
0
5
2
3
4
4
4
6
4
2
6
5
3
2
2
3
8
2
3
5
5
5
1
14
1
2
5
3
4
0
3
3
7
6
4
5
3
5
4
3
4
4
8
0
2
2
6
2
4
1
6
3
8
1
4
3
8
3
4
8
2
1
8
5
3
3
6
3
4
1
1
4
4
9
4
0
1
6
2
6
6
3
2
2
4
2
2
5
2
6
4
2
7
1
2
2
7
5
4
4
4
2
2
4
1
4
5
3
7
2
5
3
5
3
7
1
3
5
5
4
4
5
5
2
1
5
2
4
4
2
3
4
6
1
6
6
1
4
8
5
4
2
6
5
4
4
2
4
3
5
2
4
7
7
3
3
2
3
4
3
1
4
3
6
1
6
1
6
4
1
4
3
9
5
4
4
4
4
3
6
4
2
4
4
2
5
6
4
3
4
3
8
1
3
3
6
1
4
6
2
4
8
3
4
5
4
3
7
4
3
5
6
2
4
4
5
6
3
5
4
4
4
4
1
11
4
4
8
5
1
5
5
1
4
4
5
3
3
2
5
2
6
3
7
8
3
6
5
3
4
6
5
2
5
3
1
2
5
5
4
0
4
4
2
1
3
1
6
3
3
5
5
5
11
5
5
8
6
4
4
5
3
4
2
5
7
6
5
7
3
3
5
2
5
2
2
5
3
4
5
5
3
3
2
5
7
7
2
2
5
3
4
3
2
7
2
4
2
8
2
4
3
6
3
4
3
4
3
1
4
5
4
3
0
5
4
2
2
3
2
4
6
4
4
5
2
2
4
3
8
3
6
6
2
4
4
5
3
5
2
4
3
2
0
1
1
2
6
4
5
4
2
2
6
0
6
5
4
6
2
2
3
5
5
3
4
2
1
2
7
4
6
5
4
8
4
9
4
2
6
3
7
2
3
4
3
5
2
2
1
4
5
2
4
7
5
7
5
0
4
5
5
0
1
3
4
3
2
5
5
8
4
5
1
4
1
2
5
1
6
3
5
5
6
3
2
6
2
8
2
2
2
6
2
4
1
2
4
5
8
2
2
3
3
0
3
6
5
3
4
2
4
7
1
5
5
2
7
1
5
5
3
4
4
3
2
6
3
4
4
3
8
3
5
2
2
2
6
5
3
1
3
3
2
6
2
5
2
2
3
3
4
7
4
4
8
0
2
4
6
4
4
2
4
6
3
2
5
4
9
5
4
1
3
3
6
5
5
3
8
5
2
4
2
3
6
5
2
2
3
4
2
1
6
5
6
5
3
7
6
1
3
2
4
1
6
10
4
5
2
3
2
2
3
2
2
7
4
7
5
4
1
4
4
3
1
1
2
3
4
2
4
4
1
3
5
0
3
4
4
4
4
6
7
3
2
9
2
2
5
4
2
4
4
3
5
5
2
4
4
6
2
7
7
1
2
3
2
1
3
1
3
3
1
6
4
4
5
0
1
0
4
2
1
6
4
4
4
4
2
1
4
3
2
4
7
4
7
4
1
2
5
6
3
6
3
3
8
3
2
6
5
5
4
4
5
2
7
6
5
2
4
1
6
2
3
3
6
5
2
3
5
11
10
2
3
4
4
4
2
4
3
1
2
5
4
6
5
4
3
3
7
2
5
5
1
8
4
3
1
5
2
3
6
2
3
2
2
5
5
4
5
1
4
3
5
3
4
7
5
2
4
6
3
6
5
3
1
4
1
3
4
3
2
4
3
4
1
5
5
5
4
3
2
2
2
4
7
4
3
4
5
7
2
4
4
3
1
7
4
7
7
3
4
3
5
1
5
1
1
2
2
5
4
4
5
3
4
4
8
7
6
1
7
2
4
3
4
6
3
5
5
4
2
5
4
4
5
1
13
4
8
4
8
3
6
2
2
3
4
2
6
9
3
5
4
1
4
8
4
2
3
6
2
2
5
2
4
5
1
5
3
0
6
2
4
4
3
6
5
7
6
4
3
3
3
5
2
2
5
6
5
5
7
2
2
3
1
3
5
4
11
3
5
7
5
5
6
1
7
5
7
4
3
6
6
3
4
5
0
4
5
7
9
6
3
6
4
5
7
2
7
5
2
4
4
1
8
5
6
8
5
4
6
3
8
7
3
8
3
8
1
6
3
6
5
7
3
1
1
5
8
4
4
8
7
5
5
7
4
2
2
7
8
4
8
3
8
4
8
4
8
3
4
8
4
5
6
8
2
3
6
5
4
4
6
6
7
2
8
6
3
2
5
2
6
5
4
6
10
3
4
2
4
5
5
2
11
6
7
8
10
7
9
4
4
7
2
9
9
5
6
10
6
13
10
9
19
8
20
19
18
15
19
25
19
24
31
35
33
35
28
44
33
47
38
34
46
40
50
52
39
59
48
42
42
46
43
52
39
41
42
43
44
29
26
23
20
23
13
18
15
20
11
18
12
13
12
6
11
9
11
5
5
8
9
10
6
5
5
3
3
9
2
6
5
7
5
4
2
2
5
3
2
7
1
3
1
6
6
2
3
4
4
0
5
5
3
3
8
8
8
6
6
3
4
6
2
6
4
7
2
2
7
3
2
1
8
8
4
0
1
8
4
3
9
4
8
1
7
8
4
5
3
5
12
6
4
0
5
7
4
6
4
6
4
8
4
5
0
4
4
1
5
3
4
2
1
6
3
9
5
6
9
2
9
4
10
3
4
4
6
2
2
4
4
3
4
8
4
6
4
1
3
1
3
8
4
8
1
6
4
8
5
8
9
4
9
2
10
6
5
6
10
10
7
2
11
4
3
5
5
10
8
5
6
5
5
4
8
4
6
8
1
7
10
7
8
9
11
7
10
5
5
6
5
7
3
12
6
8
9
12
12
16
10
9
14
7
7
12
5
9
16
13
8
8
9
8
10
5
9
7
6
8
6
4
6
4
2
3
5
7
2
2
4
3
5
2
2
1
5
0
1
0
3
2
2
1
1
3
1
4
4
1
1
2
2
1
4
1
5
4
3
1
1
1
2
3
2
1
4
0
1
2
2
5
2
2
2
2
1
1
3
2
3
0
4
1
1
4
1
3
1
1
0
0
3
2
0
2
0
2
2
1
4
2
0
1
8
2
2
3
3
0
2
2
3
2
3
3
0
3
1
1
4
1
1
4
4
2
2
0
5
4
2
2
0
4
1
0
2
3
1
0
1
4
3
1
2
1
5
2
0
2
2
4
2
3
2
2
0
3
5
1
1
2
1
3
4
2
0
3
3
3
1
2
2
1
3
3
1
2
3
2
0
2
3
2
1
3
3
3
3
5
0
2
0
1
1
1
0
2
5
1
2
2
3
1
2
1
4
1
0
1
3
5
2
1
0
0
1
2
4
3
2
3
4
3
4
1
1
2
3
1
1
0
1
2
2
1
3
2
1
0
3
2
1
4
2
2
3
4
2
4
0
2
0
2
1
4
4
1
3
4
3
3
2
4
2
3
2
2
3
1
1
3
5
3
3
2
0
4
4
6
2
2
1
3
3
3
1
3
2
1
5
8
3
1
1
1
0
2
0
0
1
2
2
2
3
1
3
3
2
1
2
2
6
3
2
4
2
1
2
0
2
0
2
0
3
2
1
1
1
3
1
6
0
0
1
0
4
3
0
2
3
4
3
3
3
2
2
1
4
3
5
4
1
1
0
0
1
1
6
1
2
2
4
3
1
4
2
3
2
2
1
5
6
2
5
1
0
3
2
0
1
6
1
2
2
1
3
4
3
0
4
1
3
0
0
4
2
1
3
3
2
4
1
1
1
1
3
1
0
3
2
1
3
2
0
4
3
2
4
2
4
1
0
3
1
4
2
4
3
0
2
1
2
1
3
3
1
3
1
2
3
1
1
4
3
2
3
2
2
1
2
6
0
1
1
3
3
3
1
0
3
2
5
2
1
2
3
0
3
1
0
1
3
0
1
3
4
2
2
2
4
2
2
1
2
0
4
1
0
2
1
2
5
1
3
4
3
1
2
3
1
3
2
1
2
4
1
1
0
2
2
2
2
2
1
1
3
3
3
4
0
3
3
0
2
1
2
2
1
2
0
1
4
3
1
3
1
3
1
3
0
1
1
4
3
0
0
3
2
1
0
1
2
1
0
3
2
2
2
6
1
0
3
0
2
2
2
4
3
1
1
0
1
2
2
2
0
1
3
1
1
1
2
1
4
2
1
0
3
4
1
0
1
2
4
0
1
1
2
0
1
3
4
4
1
1
4
1
1
1
2
1
1
0
0
1
2
2
2
2
3
4
3
2
1
1
1
0
5
2
4
1
4
1
2
1
1
2
2
2
2
3
0
4
2
2
2
1
1
1
3
3
3
3
2
2
3
3
2
3
4
1
1
2
1
1
2
3
3
0
3
2
2
1
1
0
4
2
5
0
1
6
3
2
2
1
2
2
4
1
3
1
0
4
2
4
1
4
2
2
3
1
1
0
1
1
3
4
0
2
0
1
3
1
1
2
1
2
2
1
0
2
2
2
2
1
0
1
3
1
1
2
3
3
1
3
1
1
0
4
4
2
2
1
1
6
4
3
2
1
3
5
2
1
3
6
0
4
3
0
3
1
4
0
0
2
0
2
0
1
2
3
2
5
2
3
4
1
2
1
0
2
3
1
0
2
0
3
2
3
3
1
2
5
3
2
3
2
4
3
0
3
3
0
4
2
2
4
2
2
2
2
0
3
1
3
1
1
1
1
1
2
1
3
5
4
0
2
1
3
2
3
3
4
2
1
1
5
0
4
5
5
3
1
1
2
0
1
1
3
6
4
1
4
5
0
3
1
1
1
0
3
1
4
3
4
2
4
3
2
4
0
3
2
2
3
0
1
3
3
1
2
2
2
2
4
2
3
3
1
1
1
6
2
1
0
0
2
0
2
2
3
1
5
2
2
1
5
1
1
2
1
1
1
1
2
4
3
4
2
2
0
1
2
3
1
2
4
2
4
4
3
2
6
2
1
2
3
3
0
2
2
0
0
4
2
2
6
2
4
1
2
4
2
3
3
0
3
0
1
4
1
2
2
1
3
1
3
5
7
1
2
1
2
1
3
1
2
2
1
1
2
4
2
2
2
1
3
3
3
5
2
3
2
1
2
1
0
0
3
6
1
2
2
6
0
6
1
3
0
4
0
3
4
2
2
0
3
0
2
4
2
1
0
3
1
3
2
3
3
3
3
3
2
1
2
1
3
2
2
1
2
1
2
2
0
3
0
1
2
2
3
1
3
1
2
1
2
2
0
3
3
0
4
3
3
2
4
1
5
4
5
0
2
3
0
2
1
1
2
0
2
5
1
3
3
3
2
4
1
3
0
0
2
1
2
3
2
0
2
1
1
1
4
1
4
3
3
0
1
1
1
3
1
2
3
0
1
0
2
1
2
2
1
1
1
2
0
3
1
2
1
1
0
1
1
1
1
2
0
1
4
2
1
1
3
2
1
2
4
2
3
1
1
0
2
3
1
1
1
0
2
3
0
1
4
3
3
0
3
1
3
3
3
4
0
4
3
2
3
0
1
2
1
1
1
3
1
3
1
2
2
2
2
2
2
2
0
1
0
3
1
3
0
0
0
2
1
3
2
0
1
5
2
2
3
2
3
0
2
3
2
1
3
6
1
1
2
3
3
1
1
5
3
1
1
2
1
4
3
2
0
1
3
3
2
3
0
1
3
4
0
6
0
1
2
1
2
1
2
0
1
0
1
3
1
2
0
5
2
1
1
5
1
2
2
0
3
2
5
2
6
1
1
1
4
1
1
0
2
0
4
6
0
1
2
2
1
1
3
4
6
2
2
0
3
3
3
3
3
1
1
4
0
0
7
3
4
1
3
0
2
6
1
2
0
5
2
3
0
2
2
2
1
0
1
0
1
2
1
2
4
2
1
1
2
2
1
0
3
0
3
0
0
3
1
1
0
3
1
1
3
0
2
0
2
1
1
1
2
3
3
2
3
1
1
3
0
0
2
2
0
4
0
4
0
4
4
2
0
2
2
2
2
1
1
3
3
3
2
0
2
1
1
2
2
4
2
2
4
2
2
3
4
1
4
2
0
0
1
2
1
5
1
1
3
3
3
2
2
1
0
3
3
2
0
4
0
6
3
2
1
0
3
0
3
0
0
4
1
1
2
2
0
1
3
3
2
1
4
2
1
1
1
3
1
0
1
3
1
2
6
1
2
2
1
1
3
4
1
2
1
1
2
1
1
3
2
1
0
1
0
1
1
2
2
3
2
2
2
1
2
1
2
2
1
1
2
2
1
2
5
3
1
4
3
3
1
3
3
3
1
6
5
2
6
4
3
1
3
0
1
0
0
0
2
2
2
4
1
1
2
2
1
2
4
1
3
2
1
1
0
0
3
2
1
2
3
0
1
5
1
3
2
1
1
1
0
4
2
2
5
0
0
3
3
3
1
4
3
1
0
4
4
2
2
2
0
2
3
1
2
2
3
2
7
1
3
1
1
1
1
0
0
1
0
0
1
1
3
2
2
2
0
4
1
1
0
1
4
3
1
3
1
0
3
4
1
3
1
2
3
2
2
1
1
1
1
0
0
1
1
3
5
1
0
1
1
1
1
1
4
3
0
2
0
4
1
1
0
2
3
1
0
0
1
2
2
0
1
2
1
3
0
1
0
2
2
0
2
1
0
3
3
2
1
0
2
1
1
1
1
1
3
0
0
3
1
3
5
1
1
0
3
2
1
3
1
1
3
2
3
3
1
0
1
2
3
3
2
3
3
1
1
4
3
1
3
2
1
0
4
3
1
1
0
1
2
4
2
2
2
0
1
2
2
2
1
4
3
3
2
1
0
1
0
0
0
3
4
2
1
5
1
1
2
1
2
2
1
2
1
0
3
2
1
3
3
2
0
0
5
3
1
1
0
3
3
3
1
4
2
1
0
2
3
3
1
2
1
1
0
3
3
3
3
2
1
3
0
2
3
5
1
1
1
2
1
1
1
2
2
2
1
0
1
1
2
1
3
5
1
1
1
0
3
1
1
1
1
3
4
1
1
3
2
1
3
1
1
2
0
0
3
3
1
2
1
3
2
1
2
0
2
1
4
4
2
2
2
1
1
2
1
3
0
2
1
1
1
3
1
2
0
3
3
3
1
1
3
1
1
2
1
4
3
3
1
2
3
2
0
1
1
4
0
3
2
4
4
2
1
6
2
3
3
2
1
2
1
2
1
2
4
2
1
1
7
0
3
3
2
3
0
2
2
2
1
1
2
2
5
1
0
2
3
0
2
2
5
1
3
2
1
2
4
3
3
2
0
1
1
0
4
4
1
0
3
3
2
2
4
2
3
1
3
2
3
2
1
2
2
1
4
0
2
1
2
1
2
2
2
1
1
2
3
1
1
1
2
0
2
2
5
2
5
1
0
0
0
1
5
1
2
2
1
2
1
2
0
2
2
3
4
0
1
2
2
3
2
0
3
0
2
2
3
3
3
2
1
2
0
0
2
3
1
2
2
4
0
3
0
2
1
2
4
0
1
2
1
1
2
1
2
4
2
4
0
2
2
2
2
2
1
3
3
1
2
1
2
6
7
2
0
3
0
4
2
3
2
2
0
1
2
4
1
1
3
0
2
5
3
1
1
1
2
0
2
2
3
2
1
5
1
4
2
1
2
2
3
4
3
4
4
0
8
3
1
1
1
4
0
1
2
2
1
2
1
3
3
1
2
1
2
1
4
2
2
2
2
1
2
2
1
3
1
2
0
0
1
3
0
3
2
1
4
2
0
1
2
2
2
3
0
2
1
2
1
2
0
0
4
0
2
1
1
2
1
3
0
2
3
3
2
3
4
0
3
2
3
2
1
1
2
3
2
4
1
1
1
1
2
0
2
0
3
3
2
1
4
2
2
0
1
2
2
3
5
1
0
0
0
0
3
3
0
2
2
1
1
3
1
3
2
2
1
1
0
0
3
0
1
0
1
2
2
0
0
1
1
0
1
1
0
0
3
1
1
3
3
2
0
3
1
2
1
5
1
3
5
6
3
0
2
0
4
2
0
3
2
6
0
3
3
0
3
0
1
0
2
2
0
0
1
4
3
1
3
1
2
1
4
3
2
1
0
3
4
1
2
3
1
4
0
3
0
2
3
2
3
1
1
2
1
2
1
3
2
0
1
1
3
1
2
1
4
0
1
2
3
4
3
1
2
5
3
4
5
2
1
2
1
0
6
4
4
5
1
4
2
1
1
3
2
1
2
1
5
3
2
0
3
1
1
0
1
3
4
1
1
2
1
5
5
1
1
3
1
4
1
0
1
1
2
2
2
2
2
1
1
0
1
0
0
3
1
5
0
2
1
2
1
2
0
2
3
1
1
1
3
0
4
1
1
2
1
1
4
0
1
3
1
1
2
2
2
2
3
3
2
3
4
1
0
1
3
2
4
1
2
3
3
2
2
2
1
2
1
3
3
0
2
2
3
2
3
1
0
2
3
4
2
2
4
3
2
4
1
3
1
3
0
0
6
5
4
1
0
2
6
4
1
2
2
0
1
4
3
4
3
3
2
2
1
5
1
2
0
3
3
2
2
2
1
1
1
3
0
1
2
2
0
0
1
3
3
1
2
3
2
3
4
2
1
2
4
1
1
3
5
2
1
2
2
0
3
1
5
1
2
2
1
4
3
1
1
5
2
1
2
3
2
3
0
4
1
3
3
1
1
1
3
0
1
0
5
1
0
1
2
1
3
0
4
2
0
0
3
2
1
3
4
0
4
1
1
3
5
7
1
0
0
2
0
1
4
3
5
3
2
4
1
4
0
2
1
4
0
1
1
2
1
0
2
2
2
0
1
1
1
1
2
2
0
4
5
4
0
4
3
1
4
1
1
3
1
0
1
2
0
2
3
2
3
0
1
1
1
1
2
0
3
0
1
2
2
2
2
4
1
2
3
1
3
3
3
0
2
2
2
0
5
2
2
2
3
3
2
2
1
0
1
2
133
145
158
141
179
163
148
131
140
182
150
170
155
180
173
171
190
171
175
165
190
188
197
173
180
195
202
202
222
222
250
240
230
252
246
270
294
308
304
314
283
329
344
314
365
355
360
337
389
371
397
397
441
403
439
448
448
453
512
510
497
548
525
569
603
586
616
634
672
658
698
743
766
755
814
780
832
859
854
922
945
978
1024
1061
1090
1161
1189
1206
1292
1333
1372
1556
1654
1784
2133
2572
3324
4461
6313
9433
14263
21507
31431
45973
63300
84665
107049
128639
146710
159063
163752
159998
148173
132508
113223
94164
76300
61474
49156
40173
33909
28851
25537
23448
21662
20515
19574
18959
