11
11
12
23
13
25
19
20
20
19
21
13
24
26
24
25
28
23
20
26
25
21
17
22
15
22
20
21
18
15
20
18
11
14
22
22
12
16
14
15
10
19
23
17
17
22
15
17
14
15
21
21
22
17
15
23
16
39
69
107
143
276
373
415
411
444
463
481
522
616
794
987
1152
1276
1262
1192
1008
825
804
688
657
572
574
565
550
526
526
563
506
548
508
513
484
494
490
525
521
554
563
518
504
499
515
511
531
465
468
467
486
490
465
468
508
518
484
549
545
525
544
512
462
472
525
520
500
540
490
519
469
495
521
517
529
520
507
480
498
471
478
483
544
469
524
487
492
481
524
449
523
484
499
556
487
504
450
447
494
492
518
488
512
472
512
496
489
488
508
491
538
524
501
536
500
541
519
542
535
544
503
516
476
527
542
502
528
527
531
510
548
558
512
521
499
476
539
505
546
592
595
537
569
575
582
532
559
491
575
553
533
590
544
526
559
566
518
519
570
579
593
551
576
548
598
559
532
567
604
611
580
588
594
601
581
580
582
619
592
589
586
572
628
580
606
554
540
570
552
639
600
621
628
583
611
620
636
596
647
641
600
597
609
609
644
597
669
637
624
595
677
643
627
605
624
615
640
615
658
625
644
645
633
673
641
682
656
668
649
650
688
701
629
659
615
686
685
669
693
632
678
709
685
670
666
664
676
694
688
704
647
708
711
665
676
667
692
684
651
724
715
668
704
739
678
661
669
684
671
690
726
697
684
693
713
713
680
643
616
729
690
714
704
694
738
670
704
689
653
684
703
685
701
677
717
690
703
694
685
741
711
747
745
680
725
686
727
718
709
728
756
701
680
716
706
715
722
698
689
703
745
742
720
740
702
695
699
701
674
722
753
731
681
669
768
694
722
668
740
736
763
727
721
721
769
722
755
707
697
710
731
744
702
747
718
713
697
738
721
741
759
759
728
766
769
697
698
704
693
759
732
702
730
712
734
741
747
691
764
733
719
713
727
766
754
740
719
775
726
780
714
759
751
716
669
721
742
760
740
722
749
799
739
756
797
782
741
713
744
723
750
748
700
744
745
741
728
747
754
755
685
761
746
735
734
733
769
765
750
778
755
764
806
785
749
793
742
851
743
760
776
750
721
724
777
794
773
733
776
748
767
731
783
746
785
731
709
758
734
728
765
728
750
768
798
771
749
766
721
766
742
736
760
762
741
785
786
764
735
799
737
741
758
773
754
770
775
761
784
752
731
767
746
727
746
776
718
729
738
699
786
792
796
779
755
754
714
770
823
731
774
774
752
754
739
785
769
764
769
760
750
791
710
788
767
766
765
806
787
788
769
784
763
767
762
801
754
806
749
763
772
773
747
748
778
718
760
801
827
804
806
747
737
778
772
771
757
726
738
785
797
772
786
798
851
727
773
783
730
759
737
749
747
773
804
748
783
785
771
809
773
728
768
723
759
723
788
769
781
805
745
828
796
755
755
733
783
811
799
745
712
746
749
757
793
723
725
767
772
801
725
786
764
786
722
784
806
794
762
755
805
796
792
790
815
800
763
757
764
792
747
759
769
791
804
781
788
779
761
821
810
813
837
811
847
784
839
743
770
804
888
778
866
836
829
812
805
781
827
852
790
809
879
786
824
839
849
837
817
865
846
856
841
857
875
834
893
870
870
844
910
866
877
902
882
895
892
935
876
891
874
848
891
959
866
927
949
891
918
886
935
934
900
907
824
904
929
948
922
923
887
966
928
977
965
941
943
899
959
959
946
1019
996
922
967
983
966
980
951
937
893
987
922
933
931
961
971
965
959
909
902
890
987
958
950
999
924
973
945
939
921
928
956
925
905
972
1001
947
994
959
1028
920
967
947
925
945
939
922
929
946
903
904
882
933
926
931
934
919
927
880
905
929
983
896
904
944
937
895
922
940
904
899
927
913
952
959
929
864
901
897
865
887
865
914
920
883
878
892
925
949
893
884
895
903
915
843
861
872
887
872
875
936
905
819
892
869
841
906
853
906
883
931
877
868
864
907
870
877
895
825
902
809
870
879
914
818
876
866
851
911
808
864
839
852
882
860
843
773
803
863
854
806
851
867
843
842
841
797
877
805
880
823
836
855
842
845
842
807
833
878
877
863
771
878
873
831
804
826
857
812
829
880
875
818
823
849
760
838
856
818
803
825
817
774
835
865
799
832
848
869
813
810
840
795
824
771
839
833
807
832
784
866
798
801
839
821
814
814
793
785
837
782
805
802
777
825
783
777
831
808
816
767
824
765
839
826
783
865
797
805
716
787
756
778
799
812
786
801
787
738
771
736
821
783
778
727
748
751
787
774
759
775
786
782
763
785
772
760
745
791
753
745
760
771
729
770
764
737
702
815
732
777
775
753
723
777
707
790
779
696
731
744
775
800
715
762
738
752
753
727
775
721
744
667
742
726
715
732
743
759
759
713
709
728
805
742
740
763
755
711
732
699
673
705
752
734
712
699
699
657
745
702
695
688
711
692
711
707
644
686
684
684
701
690
681
687
750
669
727
760
710
650
708
689
702
684
642
651
714
675
710
723
645
743
691
702
739
701
718
678
686
687
661
729
700
657
725
672
636
691
736
714
676
710
695
634
692
726
686
712
738
647
672
667
683
703
648
697
673
646
725
630
682
692
693
685
669
686
636
677
648
684
632
626
633
690
631
625
624
654
676
622
654
583
698
671
712
674
667
696
656
702
662
644
649
653
638
647
661
675
659
679
612
621
659
649
649
666
601
651
671
680
659
652
683
674
664
688
669
645
641
678
644
677
653
639
716
637
657
627
664
658
618
687
675
651
641
654
637
647
628
630
642
623
675
662
636
635
618
645
628
642
644
745
633
634
679
618
645
671
630
663
677
676
636
665
656
613
697
678
641
646
680
656
649
646
642
647
628
617
652
614
652
622
619
656
673
683
655
672
654
663
657
642
706
624
659
668
691
662
641
684
614
638
682
613
603
632
649
621
631
663
625
665
677
666
688
634
621
616
691
621
664
653
641
654
618
605
633
610
686
605
666
657
659
643
650
623
647
595
656
628
672
666
623
648
672
667
630
631
652
653
660
644
669
672
625
619
666
664
589
646
660
667
620
641
630
633
657
643
625
573
602
658
641
619
620
685
617
669
624
616
637
597
586
648
618
648
629
668
617
663
597
589
580
618
598
613
604
610
612
587
594
606
632
590
596
588
609
567
592
608
537
597
610
597
585
583
585
614
583
606
609
559
578
555
584
597
596
562
535
547
579
548
544
590
560
586
564
546
566
569
567
568
540
516
568
565
577
571
563
551
482
541
529
505
524
520
532
538
546
537
501
530
536
543
523
519
459
485
498
475
516
520
492
509
484
456
511
463
502
493
491
459
469
505
473
466
458
485
428
458
475
468
465
429
456
467
454
452
438
479
430
415
476
436
420
393
431
438
411
434
420
426
440
417
423
413
385
395
394
399
388
444
433
416
410
394
398
412
389
385
362
396
361
389
363
379
406
414
409
376
394
368
400
377
377
364
370
371
396
354
410
357
374
377
389
387
356
379
362
338
372
364
345
345
399
345
373
334
358
363
353
330
361
311
354
337
325
358
340
319
365
372
322
330
360
327
330
348
310
330
314
324
374
356
330
348
331
326
296
324
323
347
316
306
352
349
334
342
307
309
354
338
330
333
305
326
327
358
312
312
320
317
328
310
322
308
347
291
327
319
304
281
301
294
308
318
324
283
271
285
301
308
322
299
321
316
321
295
289
301
295
314
307
332
286
312
272
269
318
302
283
308
299
300
279
267
267
248
295
317
293
298
261
299
272
301
294
305
325
281
272
295
289
265
305
285
299
266
290
274
296
253
272
301
295
301
276
285
278
284
262
282
314
257
279
283
298
252
309
273
281
293
281
275
319
266
292
277
292
266
290
270
279
266
277
256
322
287
252
293
262
290
270
274
239
294
240
252
256
250
273
247
246
271
271
261
259
302
266
246
297
259
285
281
277
265
303
247
257
237
245
257
258
263
252
268
245
266
298
236
260
240
250
256
241
250
224
295
264
250
238
253
254
284
277
275
262
240
235
257
233
223
280
295
265
247
284
253
274
239
250
231
264
257
273
245
250
256
236
255
262
251
241
248
228
258
248
256
265
260
254
249
231
234
232
268
238
249
259
256
255
261
248
246
260
248
238
251
277
234
222
227
268
262
218
245
257
221
244
228
254
266
230
235
239
253
231
249
214
243
239
258
254
249
278
249
255
191
237
250
260
266
251
240
237
232
245
248
261
230
261
260
263
214
248
243
249
257
223
235
244
248
248
223
230
233
246
222
266
243
221
233
237
259
254
214
225
223
252
221
238
258
255
246
257
262
254
249
226
245
209
223
233
234
236
228
239
248
241
230
214
231
252
255
221
253
253
231
229
243
234
240
235
255
250
260
235
220
235
238
193
272
211
223
260
238
214
229
224
238
210
231
243
252
239
235
257
222
218
246
253
233
219
227
246
217
262
258
258
246
233
229
232
211
257
253
250
238
252
255
235
215
225
259
256
243
269
235
226
239
233
260
235
240
258
249
228
241
284
233
230
234
267
248
266
255
237
256
253
292
243
264
247
266
242
276
220
265
241
243
242
268
266
280
311
259
258
258
288
294
273
294
282
277
292
281
299
320
275
291
298
304
302
308
280
302
325
325
341
322
333
363
349
328
333
357
334
300
369
321
407
373
338
398
391
385
401
411
434
420
413
405
413
441
450
444
422
456
476
471
490
494
458
537
510
497
527
538
545
542
544
565
610
606
617
626
638
659
624
651
676
696
718
686
723
731
722
706
795
747
775
850
804
830
844
871
865
884
864
971
993
963
975
1005
1005
994
1070
1017
1055
1134
1098
1109
1170
1169
1227
1222
1204
1208
1203
1342
1331
1334
1390
1392
1462
1501
1473
1478
1505
1529
1521
1548
1623
1642
1669
1651
1660
1704
1689
1761
1742
1839
1844
1947
1931
2000
2023
1943
1956
2010
2129
2100
2017
2106
2116
2242
2157
2352
2279
2338
2268
2375
2412
2443
2446
2596
2562
2512
2484
2601
2679
2720
2747
2739
2652
2793
2750
2754
2810
2954
2946
3046
2951
3051
3050
3217
3120
3143
3171
3202
3156
3189
3269
3276
3440
3320
3320
3355
3414
3365
3434
3513
3577
3549
3549
3516
3708
3625
3543
3726
3645
3555
3708
3757
3746
3941
3768
3786
3872
3813
3858
3924
4009
3924
4025
3942
3910
3900
3997
3964
4018
4187
4069
4028
4048
3997
4182
4031
4075
4117
4053
4177
4133
4042
4166
4082
4000
4242
4126
4112
4203
4019
4096
4094
4092
4167
4280
4233
4053
4189
4187
4169
4084
4094
4071
3958
3963
4032
4044
3988
4068
3907
4049
4023
4015
3987
3968
4022
3876
3865
3857
3980
3807
3838
3767
3756
3907
3729
3672
3693
3721
3650
3754
3681
3607
3520
3643
3520
3527
3538
3464
3559
3479
3427
3391
3452
3304
3332
3373
3240
3227
3195
3185
3147
3205
3121
3136
3077
3073
2993
2940
2864
2836
2778
2749
2807
2809
2705
2634
2721
2685
2629
2590
2565
2541
2546
2525
2421
2423
2382
2329
2359
2317
2306
2279
2186
2146
2160
2134
2144
2074
2030
1981
1922
1936
1938
1818
1857
1814
1790
1842
1721
1767
1686
1731
1657
1643
1610
1521
1481
1503
1530
1469
1469
1428
1388
1401
1330
1385
1264
1314
1268
1243
1255
1181
1165
1200
1167
1142
1110
1024
1082
1106
1003
1026
1035
1034
931
961
938
968
948
871
889
835
934
875
839
804
840
775
767
769
774
734
739
707
730
647
669
644
633
674
666
591
548
579
597
631
538
567
557
532
496
512
509
522
527
471
506
496
481
500
450
445
455
440
395
416
400
376
401
414
413
414
365
424
359
370
379
376
337
365
343
341
319
319
314
296
306
306
296
322
315
326
282
321
303
272
273
288
289
258
277
257
254
244
260
252
271
241
260
231
238
222
221
254
234
235
228
232
225
221
254
217
222
199
204
206
191
216
222
230
208
204
174
203
182
211
198
219
181
199
195
199
183
167
194
198
170
178
182
172
190
184
149
188
185
166
172
158
162
147
161
150
162
181
163
173
160
147
146
160
159
169
152
153
170
146
154
141
162
149
169
156
154
145
154
108
138
146
153
162
146
149
129
134
144
136
153
149
130
121
120
123
139
123
136
138
135
171
129
131
132
127
127
127
132
144
124
124
112
128
144
136
108
111
128
127
137
121
130
134
131
149
141
136
136
138
127
140
124
143
120
135
124
114
108
126
121
106
128
112
110
111
132
107
127
132
140
115
123
110
94
122
126
102
132
114
119
122
102
130
108
128
101
118
122
100
122
119
104
113
110
139
110
143
116
105
128
124
120
110
122
108
121
112
106
151
125
111
107
103
135
113
124
100
125
113
128
111
118
115
126
118
114
135
103
111
115
115
121
113
100
111
125
148
105
113
125
99
117
114
108
115
116
90
126
113
109
111
105
106
114
106
106
115
122
95
110
117
99
122
120
115
142
110
111
110
124
124
113
98
109
123
89
113
91
112
123
132
104
110
123
100
109
115
111
109
108
107
114
117
110
104
128
109
93
94
105
115
116
100
117
117
110
116
117
109
149
109
108
116
126
127
133
130
110
105
119
134
110
121
97
119
137
126
101
106
101
122
121
133
103
120
105
102
100
94
90
108
88
107
97
81
111
118
97
105
87
97
105
124
110
126
105
110
110
95
113
112
124
104
119
107
106
100
94
114
86
96
112
97
92
108
122
120
99
104
103
125
112
120
113
111
111
123
101
114
109
113
118
96
112
129
91
121
104
110
81
103
105
89
99
101
110
121
107
111
110
120
128
119
111
96
112
128
118
114
104
131
120
133
115
95
115
111
105
116
109
125
115
103
108
113
111
91
108
131
108
108
99
104
115
125
112
125
121
126
118
107
108
94
116
110
125
117
111
85
122
115
103
134
105
122
120
125
105
129
116
107
96
122
122
120
118
100
103
110
116
113
125
123
110
97
107
106
112
129
121
126
100
102
102
104
121
123
126
112
124
106
116
98
111
112
116
104
114
111
121
124
108
123
113
114
113
112
125
96
118
115
114
112
110
113
105
132
109
129
99
121
139
97
118
92
120
141
103
141
112
113
102
108
123
107
92
118
113
102
108
113
100
123
117
104
104
100
109
113
120
141
143
125
95
139
110
129
104
134
118
118
101
134
114
126
136
96
113
139
110
132
112
102
102
109
95
114
128
119
115
139
99
111
117
114
108
111
120
137
127
117
125
103
104
116
114
126
111
117
113
109
111
114
126
139
135
100
98
92
116
110
128
114
125
125
108
108
111
111
120
114
119
124
138
124
115
119
121
122
129
104
104
115
122
101
114
95
110
108
105
123
120
120
105
121
119
127
133
99
118
133
113
109
118
109
120
111
97
107
108
102
108
111
108
111
107
122
103
112
112
129
114
105
115
96
103
110
111
118
117
106
100
99
108
107
120
99
107
106
119
100
112
103
107
109
103
125
85
118
98
115
123
116
108
103
116
101
104
115
106
117
105
121
119
95
116
112
120
113
123
108
110
118
111
119
120
111
108
107
97
94
108
110
100
120
112
122
126
99
112
98
107
109
139
122
99
112
125
103
105
122
107
116
106
117
104
123
110
120
113
111
95
107
111
105
122
119
101
118
112
112
108
105
91
114
96
116
105
101
116
127
123
120
100
107
108
115
100
102
124
106
111
103
115
118
102
110
112
99
113
105
91
117
116
123
134
108
94
122
112
111
116
92
111
95
100
131
108
113
110
102
103
111
122
109
104
99
97
125
103
107
132
113
118
110
121
114
118
122
104
115
108
116
96
111
99
101
98
136
106
121
94
108
102
119
117
114
111
125
104
111
118
83
113
107
119
104
128
115
99
126
91
108
108
120
122
107
103
104
113
116
100
96
99
117
141
114
115
116
118
129
126
134
120
134
114
93
114
125
105
136
116
102
121
112
104
108
103
99
120
119
111
117
98
106
108
122
105
124
114
112
114
120
115
117
118
114
101
122
117
107
121
109
105
124
104
115
103
132
121
132
120
112
115
135
136
108
120
103
110
119
122
109
104
109
121
121
96
115
100
119
124
118
98
124
114
123
111
96
111
122
101
117
108
101
101
103
108
113
117
124
125
107
122
132
97
118
113
113
110
113
128
128
126
127
120
109
112
108
122
114
106
107
121
106
115
108
114
107
99
114
118
112
112
112
113
105
130
116
104
125
112
87
144
110
114
120
115
103
116
104
122
101
129
95
129
95
114
92
111
100
112
107
135
103
104
130
132
116
107
111
113
115
116
98
118
112
114
112
95
106
99
109
108
125
113
118
111
116
106
103
121
91
121
114
107
106
127
116
117
91
124
115
122
115
102
103
105
116
103
116
117
119
109
107
127
111
103
112
122
106
115
122
108
108
103
99
112
110
119
112
110
110
108
112
99
107
98
104
113
123
123
121
105
105
93
114
104
97
103
113
112
92
104
112
134
110
112
99
105
105
112
96
105
122
90
127
120
121
130
107
112
122
128
110
114
96
103
102
105
116
124
105
101
110
109
117
114
105
120
112
101
115
115
105
108
122
109
106
105
94
114
107
96
115
117
93
97
117
116
123
113
134
102
117
117
119
118
105
122
97
120
119
96
95
107
118
109
119
112
123
117
115
112
107
106
112
89
120
116
116
118
118
116
100
115
103
100
123
112
114
111
83
113
116
105
109
119
110
97
112
124
111
125
104
120
122
107
120
107
104
113
115
115
121
98
106
98
121
124
116
112
114
97
114
122
132
118
123
117
101
115
115
113
91
107
127
114
103
121
108
126
101
110
112
110
104
116
94
130
115
116
116
111
114
119
113
113
105
90
120
110
127
98
104
96
124
105
105
114
96
113
105
140
129
124
125
125
117
110
118
98
115
124
130
112
107
109
113
120
122
130
108
131
108
108
92
92
117
119
119
112
122
119
108
122
118
118
120
126
137
111
121
97
109
106
107
106
121
110
116
131
105
122
92
105
101
129
112
116
101
121
97
125
124
123
101
115
125
108
140
106
124
103
101
121
116
103
108
105
118
125
120
106
130
110
132
109
102
103
111
118
125
132
130
120
146
123
107
105
115
116
119
118
126
112
114
104
111
130
104
114
110
137
137
139
107
121
103
129
124
120
112
125
120
116
124
115
141
108
111
126
119
132
132
116
113
112
110
113
149
109
127
115
130
112
120
117
130
124
101
127
112
120
130
110
111
99
124
136
130
144
124
149
134
124
127
103
121
115
127
113
118
121
130
134
129
121
122
108
114
129
127
108
109
127
104
137
115
111
125
105
121
122
112
118
116
127
128
102
129
126
119
140
118
133
130
126
118
117
126
124
126
121
106
109
117
116
113
112
99
124
137
131
111
111
133
118
125
126
120
143
115
123
124
128
115
126
111
102
130
130
128
127
122
132
122
122
125
119
139
120
120
101
114
139
106
96
135
143
119
121
117
123
112
129
110
130
109
139
122
142
105
136
119
114
134
98
116
120
128
125
116
117
131
125
123
113
105
117
135
144
121
117
135
124
122
122
118
139
129
126
133
109
122
118
114
137
111
126
104
119
150
111
106
119
121
123
105
127
140
145
108
110
122
104
133
119
136
121
114
132
114
133
111
136
124
121
141
121
117
134
115
115
135
137
119
137
133
112
119
142
122
116
139
109
139
119
123
132
113
124
136
128
135
129
134
127
144
119
144
112
138
137
161
130
135
169
125
138
125
129
121
138
120
118
125
128
122
111
112
126
120
99
147
116
139
127
130
118
132
135
119
120
134
109
98
114
159
149
123
127
117
104
127
152
120
132
112
114
128
126
128
120
148
141
114
135
130
122
107
126
118
133
123
140
126
130
123
115
150
108
114
127
133
129
122
144
147
130
127
135
144
128
123
147
129
131
128
141
135
117
145
117
129
130
132
135
138
132
119
144
149
123
144
132
146
127
120
137
128
140
145
136
122
139
120
135
129
136
140
140
142
125
132
135
136
139
130
146
137
130
125
136
168
148
125
103
133
129
132
132
164
150
148
119
135
133
132
131
145
137
125
143
128
127
158
139
132
156
139
134
139
120
115
137
126
127
136
143
131
158
161
127
131
126
149
132
151
142
134
152
145
151
128
129
122
126
124
114
135
142
114
121
123
108
113
136
135
109
166
148
116
121
142
119
127
133
114
135
110
131
113
149
113
135
139
123
131
153
121
125
124
128
119
142
131
141
129
116
144
127
123
144
121
114
117
106
134
152
128
120
145
115
116
132
118
135
144
120
135
106
114
130
136
140
148
129
120
129
139
139
133
139
130
134
141
127
147
115
129
113
117
129
106
125
122
124
116
129
119
105
131
133
108
124
121
127
140
107
118
125
114
129
116
135
113
111
101
119
120
115
123
130
109
131
115
129
114
122
135
121
120
107
116
96
121
98
117
111
114
111
113
104
117
86
107
99
132
114
111
135
108
116
94
102
96
104
98
117
123
116
129
97
121
110
103
103
122
96
129
110
101
87
112
92
113
118
95
103
94
94
112
89
102
103
96
111
114
110
106
104
105
85
98
104
95
95
97
94
103
84
93
99
110
101
106
96
97
95
81
114
89
93
109
107
93
97
95
87
97
97
88
82
96
89
98
102
93
104
71
98
92
97
92
86
88
89
85
74
93
72
82
87
77
88
87
71
81
80
86
86
85
87
73
87
95
77
86
74
85
88
90
86
76
99
84
78
68
92
80
69
86
79
95
91
92
68
74
78
74
88
89
67
78
74
91
83
101
70
75
64
77
66
75
60
81
70
70
64
70
72
62
69
89
67
93
58
69
62
74
84
71
78
60
74
63
59
65
63
74
68
73
59
67
72
63
52
73
66
79
60
74
79
70
71
67
72
58
66
64
65
66
59
68
73
78
56
65
68
55
69
56
61
63
60
74
58
52
62
62
62
65
72
63
50
56
48
60
54
63
60
53
81
51
59
77
73
53
58
57
65
60
54
66
64
59
60
66
53
54
60
55
49
52
64
51
43
55
56
54
50
68
52
55
55
52
43
52
52
48
62
50
49
58
68
47
41
59
52
43
51
45
60
41
48
46
54
46
52
48
34
52
51
51
46
52
44
57
40
36
58
37
49
57
46
48
36
53
51
48
37
58
41
42
48
52
38
61
54
47
50
38
31
50
50
50
38
43
47
38
43
50
47
48
53
34
50
46
51
48
45
37
49
43
48
48
44
49
37
37
49
44
47
34
38
45
46
39
27
45
48
41
36
35
41
34
38
45
42
36
36
32
48
44
38
41
46
37
38
53
40
41
48
41
36
32
42
31
45
48
34
38
27
37
35
38
46
39
47
46
42
46
43
43
50
35
35
28
40
34
39
38
40
44
44
47
36
47
49
40
28
40
30
33
49
36
43
42
31
31
43
42
39
26
38
39
38
27
32
34
28
32
30
43
33
35
30
36
31
43
33
33
32
41
38
28
28
25
36
30
35
41
31
36
29
25
42
39
32
25
27
25
29
33
39
30
35
35
35
33
32
24
34
30
25
28
40
36
18
29
27
34
42
31
27
24
34
25
30
28
31
24
27
33
36
26
26
31
31
37
28
30
28
32
30
50
24
31
30
27
36
35
27
35
33
40
26
31
30
41
35
36
30
33
36
41
36
28
25
28
29
37
33
22
27
31
25
30
31
38
35
34
31
31
26
27
29
25
32
33
26
25
20
28
30
26
32
42
30
33
33
23
33
26
32
40
23
38
33
27
23
36
24
29
36
28
29
46
31
32
43
24
31
28
30
27
25
36
27
31
26
22
25
31
34
26
25
31
21
34
35
35
25
52
37
36
29
34
22
25
30
36
32
42
27
30
28
37
34
30
39
30
34
32
34
38
31
32
39
35
31
35
30
30
31
31
25
40
28
42
29
36
44
37
38
30
43
30
38
35
27
27
38
29
35
34
38
43
45
42
27
24
36
39
42
49
31
34
38
34
37
44
36
46
37
45
46
43
42
38
39
49
45
52
36
35
49
40
43
46
31
31
45
46
56
56
37
54
36
43
47
49
55
50
58
42
49
60
53
52
45
56
51
56
65
58
71
64
56
58
58
60
65
55
66
42
49
58
65
56
63
64
47
57
54
81
60
71
70
75
71
66
68
68
65
73
68
76
62
75
84
89
91
99
82
77
82
98
89
76
89
91
81
80
88
78
78
88
118
79
106
95
90
107
119
95
104
81
86
101
120
132
123
109
125
123
114
103
118
110
105
123
131
127
135
124
121
136
120
128
150
112
126
144
136
124
125
147
150
154
143
147
127
147
152
122
174
156
164
169
172
157
188
145
191
182
185
173
200
164
188
206
190
197
174
167
196
199
223
198
204
196
200
186
210
226
201
206
267
209
227
234
214
234
242
244
243
263
250
258
285
267
271
259
247
299
276
277
273
263
267
290
294
273
274
269
293
298
310
335
324
299
323
307
329
311
333
294
310
332
321
329
308
350
314
334
340
354
346
344
337
387
363
357
330
366
395
358
379
332
376
388
363
368
394
389
365
378
377
390
401
355
387
380
397
398
402
419
405
435
413
422
461
434
437
449
427
455
445
441
424
432
471
495
456
457
504
468
472
497
470
467
478
533
441
508
505
463
469
530
463
455
487
487
514
555
515
550
541
536
519
537
517
505
486
542
522
558
545
553
542
542
548
507
521
542
536
511
539
560
542
581
545
517
524
517
505
538
545
590
624
572
560
530
559
585
563
551
508
562
582
602
549
577
533
515
588
556
546
574
551
565
563
607
600
550
622
606
597
625
539
588
555
571
617
603
610
595
591
587
573
604
583
583
599
587
586
578
608
601
567
607
605
553
546
565
579
564
589
547
574
592
591
531
554
569
560
600
559
579
601
574
593
569
536
543
568
565
560
535
571
524
596
534
531
565
545
554
528
524
578
543
529
502
563
505
555
488
563
490
524
502
510
512
499
510
510
525
471
538
532
466
514
473
510
473
501
492
524
515
461
481
500
522
474
476
467
454
487
489
479
475
462
446
480
501
468
450
450
433
469
433
432
444
434
451
442
441
458
417
426
424
429
424
453
394
421
412
400
442
372
365
455
349
422
353
381
353
407
361
346
387
394
358
370
372
353
332
344
327
391
360
357
335
330
393
350
332
319
344
322
329
344
325
323
319
296
292
304
272
280
328
308
316
276
312
316
302
304
280
266
303
283
253
256
257
276
279
225
268
253
266
237
259
249
267
255
243
258
232
281
239
241
253
235
260
258
235
231
215
239
224
219
213
230
241
208
218
204
223
207
209
204
195
208
215
180
232
214
183
184
206
224
175
164
155
200
166
200
176
178
173
173
153
154
140
162
175
188
175
162
168
138
138
145
147
167
159
156
143
155
138
155
130
144
167
146
155
147
136
171
147
128
141
128
123
123
123
142
122
120
126
123
104
138
122
113
111
111
122
91
91
106
109
114
112
109
94
123
79
95
97
109
117
102
105
113
89
94
105
102
96
90
96
104
92
93
88
90
77
87
89
74
99
98
83
74
85
92
74
102
76
92
77
82
88
95
65
67
89
107
84
75
74
53
89
64
71
61
80
73
76
74
64
84
77
66
70
71
78
66
67
77
67
67
64
83
58
74
71
54
59
70
74
61
70
68
72
61
51
50
66
58
63
55
67
55
48
60
59
66
61
63
63
59
42
56
54
69
59
43
53
64
51
56
52
50
52
52
47
68
51
49
55
53
57
60
51
36
47
52
39
42
61
56
61
52
48
40
46
49
47
40
41
38
36
55
49
40
49
41
43
52
47
39
47
48
52
41
46
38
45
43
41
46
57
35
43
32
37
40
55
58
42
33
38
44
40
34
36
41
45
36
39
29
46
52
31
42
45
34
41
37
49
36
26
37
29
44
41
39
47
37
27
36
45
40
34
41
30
38
38
45
40
46
28
31
35
37
38
25
26
35
38
41
32
30
30
31
32
38
32
37
36
42
44
26
31
34
27
34
36
39
34
34
26
30
35
32
35
22
38
30
34
29
33
27
34
33
32
35
31
24
25
34
28
31
33
23
26
24
28
28
27
27
35
22
32
25
32
37
22
30
29
31
27
29
30
23
25
30
30
16
28
25
24
24
17
24
30
26
34
24
33
26
36
29
20
21
31
33
24
32
26
27
43
22
21
42
28
26
20
29
28
32
16
25
26
28
22
24
28
29
29
19
26
31
23
26
34
36
15
28
18
29
38
27
24
33
24
24
25
25
27
31
30
28
22
24
19
21
29
27
24
23
22
29
31
27
19
23
33
33
26
23
19
20
28
28
32
26
27
29
28
30
29
36
23
26
17
28
23
31
19
29
38
28
27
24
20
34
23
21
30
19
23
25
23
36
35
25
32
26
39
28
34
24
31
25
21
31
17
16
23
29
26
26
19
29
27
27
27
24
20
20
40
29
22
29
22
23
30
31
30
22
31
28
35
36
30
21
34
22
26
29
20
25
24
23
21
21
30
29
32
21
33
26
25
29
23
33
20
26
27
31
28
38
28
27
22
30
28
25
27
24
34
26
29
29
32
32
21
17
28
23
21
29
26
30
26
27
23
27
30
32
36
27
30
26
21
23
29
26
19
21
35
33
29
18
21
26
28
19
18
25
34
27
30
14
30
24
26
33
24
31
26
37
31
27
25
35
28
25
21
24
24
26
22
24
25
22
17
23
39
25
32
28
23
19
31
24
22
25
26
23
26
18
25
30
25
22
29
29
23
36
25
27
30
14
29
24
31
21
22
24
36
20
21
23
26
26
24
20
17
21
16
22
21
26
26
15
21
19
33
30
21
18
26
23
24
26
17
19
21
18
22
17
27
24
16
25
34
22
27
25
22
33
21
26
24
25
20
29
29
17
22
19
30
25
21
18
33
27
21
23
20
19
33
21
28
24
16
26
27
22
22
29
31
26
20
31
24
26
22
24
26
15
21
19
20
20
34
23
19
27
24
35
23
24
29
35
12
17
18
18
16
21
16
17
13
18
19
21
30
16
15
25
23
22
22
25
23
18
21
23
15
14
22
19
19
23
16
20
21
31
13
24
12
25
22
14
23
21
21
24
17
23
19
15
18
13
29
24
19
19
19
11
26
25
29
19
25
17
24
18
22
16
16
25
23
13
24
15
17
17
22
27
24
24
31
16
15
20
14
16
17
15
15
21
20
17
18
21
20
17
16
18
16
13
18
16
15
20
19
20
15
25
20
23
23
10
18
23
24
12
20
21
21
16
19
17
12
17
17
11
16
27
15
13
27
20
21
20
25
18
13
12
17
21
17
17
14
13
16
24
17
18
20
14
16
20
22
18
24
15
11
19
18
18
11
16
27
14
20
18
10
12
19
20
29
15
19
11
23
22
18
21
13
13
13
18
22
11
14
12
16
20
17
24
18
14
15
17
15
14
17
11
21
24
14
23
17
17
14
16
24
10
20
8
14
22
20
13
15
23
18
18
19
13
21
9
21
15
15
21
25
19
16
12
15
26
24
16
15
17
14
17
22
19
16
15
15
18
14
21
23
18
13
12
18
12
10
20
17
6
17
21
26
10
23
14
12
18
22
11
9
18
18
12
15
16
21
8
21
16
16
9
15
18
21
9
17
6
21
17
13
12
16
17
11
14
12
16
14
18
10
20
14
17
16
23
10
17
12
12
18
10
12
16
18
13
13
14
14
14
11
14
7
13
20
14
16
8
17
12
16
17
10
17
23
13
18
15
13
16
14
16
5
11
17
10
13
14
7
9
16
17
11
14
17
7
18
16
17
18
13
11
12
13
16
17
16
17
16
11
13
13
16
12
11
14
10
9
15
8
14
12
14
15
18
14
14
11
5
10
7
13
15
12
10
13
11
20
12
18
18
8
15
12
17
6
13
17
12
10
7
8
11
11
14
14
14
12
10
6
12
8
10
11
12
13
17
10
14
11
16
16
13
12
6
10
10
13
10
12
17
9
10
14
16
20
10
9
7
15
12
7
14
13
10
10
9
16
13
15
15
9
18
13
10
7
9
16
5
12
5
10
14
8
9
15
5
9
9
10
10
7
16
9
11
13
13
14
9
8
6
10
8
11
11
15
12
12
8
9
8
6
12
8
16
8
7
15
13
12
8
12
6
11
15
7
11
15
15
10
11
8
16
8
9
7
6
9
11
16
12
7
6
12
13
9
9
5
11
9
7
12
10
10
18
8
7
9
7
8
6
7
9
9
7
10
6
13
11
7
9
11
6
17
11
11
9
4
8
9
9
8
9
5
9
8
4
9
7
5
10
4
1
4
4
12
6
12
6
5
12
11
7
7
4
4
11
13
6
12
12
8
3
7
11
12
10
12
6
1
7
7
11
5
8
9
11
5
8
6
6
8
7
7
5
10
12
12
9
5
4
4
5
6
5
2
4
8
5
4
7
5
6
5
3
3
6
6
4
9
5
4
7
3
9
11
12
4
6
11
4
4
9
3
4
6
2
5
3
6
3
2
7
5
7
4
6
9
6
5
3
7
3
2
6
4
6
9
5
3
6
5
6
4
7
4
5
1
5
11
4
4
5
9
5
3
10
2
6
3
8
5
6
7
5
4
10
6
7
9
1
3
5
5
3
6
5
5
2
4
5
11
6
6
4
10
5
6
4
8
7
3
7
5
4
4
4
5
7
6
11
8
4
7
6
5
4
3
8
7
9
3
5
7
5
5
7
5
5
5
9
12
5
4
5
8
3
4
8
10
8
7
7
6
8
9
6
5
4
10
6
2
6
7
3
3
2
4
6
5
4
5
7
2
3
4
3
5
4
2
3
10
10
2
2
8
1
3
5
9
4
4
3
9
6
7
11
5
3
4
6
4
6
4
4
3
3
8
4
4
5
3
6
2
3
2
8
3
5
7
7
6
1
2
3
5
9
7
4
3
5
9
5
7
4
5
6
6
5
6
7
7
5
6
5
2
4
7
5
4
6
5
6
8
8
1
6
1
5
7
5
5
3
3
8
6
8
5
9
1
6
4
4
4
2
7
4
6
6
4
3
10
8
6
6
13
5
8
5
8
6
4
3
7
12
3
6
8
8
2
11
3
5
8
6
15
5
6
9
4
10
4
11
7
5
10
8
3
4
3
8
6
4
8
6
3
4
4
9
7
9
8
5
5
7
9
5
6
10
4
4
8
11
9
9
5
7
8
6
6
8
3
9
8
9
7
14
7
8
14
5
12
9
10
5
8
5
11
12
9
9
5
7
13
18
4
15
15
10
9
9
13
6
7
7
12
14
10
8
16
13
12
7
9
4
13
10
12
4
8
9
10
8
15
9
13
14
14
10
10
16
12
6
14
11
14
17
8
14
13
9
9
19
12
16
13
18
8
10
8
9
12
12
13
14
13
16
20
12
12
17
13
14
9
13
13
12
13
16
13
18
7
15
15
12
15
11
11
12
20
22
15
18
21
18
21
10
9
13
18
12
17
14
23
15
16
18
25
25
14
23
14
20
19
10
24
18
21
22
16
22
15
18
13
20
14
23
15
16
22
15
13
25
15
15
19
23
15
11
14
18
13
21
23
22
13
21
24
21
22
19
20
20
20
19
22
19
15
23
23
21
21
30
19
19
21
25
20
8
25
24
23
26
26
16
23
28
26
23
29
23
19
23
20
14
19
24
37
28
18
18
33
28
23
21
24
19
25
19
24
24
23
20
23
19
23
34
23
36
31
12
16
25
29
34
24
32
25
28
20
34
31
33
29
26
25
20
31
27
24
33
25
24
36
23
23
31
27
22
31
38
27
24
32
22
26
20
27
23
29
29
24
32
36
31
23
42
38
25
26
26
30
21
36
24
35
28
31
27
36
22
31
31
25
26
29
29
28
22
33
26
27
23
30
36
29
29
22
33
30
28
33
21
32
25
31
12
22
21
30
32
32
38
26
30
29
28
27
29
28
34
31
28
36
30
32
29
35
27
25
20
20
27
41
29
24
35
26
17
34
23
24
33
36
29
36
28
34
22
25
31
15
24
35
33
30
28
26
36
33
25
29
37
19
28
19
28
24
31
32
27
25
26
22
18
14
24
25
23
22
34
33
20
23
29
28
23
21
23
25
27
21
35
20
31
30
20
25
27
28
23
22
26
20
20
30
29
22
24
26
16
31
24
21
18
30
29
22
36
24
20
34
19
27
23
16
23
12
14
24
15
25
27
20
18
23
15
19
19
26
17
12
18
18
12
21
23
16
22
19
17
23
20
18
20
21
16
26
25
22
14
19
24
16
20
15
17
26
27
16
22
7
16
17
11
12
23
12
23
14
13
15
13
19
18
16
18
16
23
19
9
15
12
11
11
16
14
11
12
17
13
18
21
17
18
12
16
9
10
18
9
16
24
15
11
9
15
16
13
11
15
7
15
18
10
5
6
14
15
14
11
17
9
15
10
12
14
8
8
12
11
9
10
13
11
14
10
8
51
52
51
41
44
43
39
53
50
62
46
42
43
44
34
40
38
35
44
50
36
36
43
49
39
47
43
44
39
43
41
36
32
34
36
35
38
41
31
34
41
31
32
38
37
35
34
44
35
34
37
39
44
40
40
34
37
31
25
26
37
36
34
26
26
30
42
37
26
33
29
43
36
42
39
34
30
33
29
22
38
37
35
37
39
32
30
31
32
37
33
28
24
26
25
37
27
30
27
28
33
27
32
35
27
24
32
24
32
35
27
31
28
22
33
38
39
29
29
32
42
34
32
30
30
37
37
25
