7
12
11
12
9
19
13
14
10
11
9
8
11
9
14
11
7
15
8
13
13
6
8
10
17
12
7
4
12
7
7
9
11
4
8
13
9
7
9
9
8
7
6
9
10
10
7
10
3
12
5
13
9
12
8
39
72
96
132
230
357
436
493
557
556
607
626
672
673
755
938
950
1046
1031
938
805
754
731
734
752
710
712
697
636
699
694
644
696
676
685
675
696
686
697
716
709
695
681
660
719
675
654
703
705
638
667
690
693
686
718
714
690
706
758
770
723
749
745
790
765
766
750
761
825
803
833
769
751
758
760
760
802
712
764
810
788
789
781
774
797
782
770
808
800
829
869
855
856
767
839
885
787
834
840
823
833
827
913
864
901
904
884
903
899
878
917
871
878
883
915
903
915
902
977
876
945
971
915
930
907
969
907
918
903
892
900
939
883
908
936
961
953
936
929
901
964
958
962
959
967
966
920
949
944
978
941
962
884
1029
952
1033
976
1001
965
970
1015
935
943
986
945
957
983
1025
1005
973
958
958
977
977
961
984
960
997
965
987
988
1026
992
898
956
1011
1017
976
1029
957
987
1041
955
989
1002
1017
995
927
1071
958
962
976
967
1043
994
983
1007
997
1023
991
1001
975
1046
982
1042
1059
1000
1039
1072
1032
1024
977
1019
985
1010
1044
1019
1025
1046
1057
1022
995
996
1006
1008
988
1053
1044
964
1041
1028
1036
1018
1019
1038
1057
1028
1025
1045
1066
1089
1064
1024
1102
1057
993
1060
1026
1081
1022
1074
1084
1109
1031
1058
973
1004
1055
1021
992
1070
1088
1035
999
967
1090
1067
1051
1053
1047
1086
1050
1091
1036
1069
1036
996
1021
1031
1026
1077
1025
1094
1068
1000
1041
1086
1068
1047
1068
993
1043
1021
1006
977
1009
1071
964
1107
1073
1008
1024
1030
1034
1075
1021
1009
1014
1036
1017
1024
1016
1022
1035
1007
975
1082
1019
986
973
1051
981
1024
997
1084
1017
1058
1052
1001
1028
1021
1034
1029
1029
1032
1009
1031
977
1026
1069
1060
1026
1039
1036
1003
1057
1073
1064
1066
1012
1070
1025
1057
1037
1085
1068
1043
1050
1037
1082
1024
1075
1049
1077
1084
1035
1079
1084
1103
1115
1033
1032
1110
1043
1071
1059
1175
1103
1114
1137
1121
1182
1131
1214
1112
1125
1119
1130
1113
1145
1183
1152
1184
1177
1150
1164
1128
1216
1208
1266
1259
1210
1243
1257
1200
1238
1211
1272
1202
1327
1290
1223
1206
1229
1207
1268
1282
1274
1226
1243
1291
1243
1273
1173
1266
1284
1326
1297
1275
1253
1251
1327
1261
1270
1211
1284
1238
1212
1212
1211
1166
1178
1175
1253
1228
1248
1280
1178
1280
1172
1192
1182
1179
1195
1191
1245
1213
1181
1150
1189
1218
1242
1123
1172
1183
1214
1218
1189
1155
1240
1176
1199
1163
1221
1156
1194
1208
1140
1163
1161
1182
1231
1241
1224
1134
1087
1142
1197
1170
1234
1175
1128
1161
1107
1144
1103
1123
1087
1132
1120
1170
1121
1160
1180
1117
1132
1154
1153
1089
1082
1159
1149
1047
1098
1137
1083
1111
1117
1048
1071
1037
1130
1045
1103
1125
1057
1138
1056
1068
1060
1087
1076
1100
1058
1109
1117
1150
1046
1079
1059
1081
1100
1095
1117
1017
1016
1031
1047
1071
1052
1058
1063
1027
1062
1044
1127
1063
1031
1043
1114
1126
1024
991
1033
1020
996
1077
1043
1077
998
1043
1030
1026
1067
983
1016
1020
957
991
1031
1009
995
999
991
995
999
1002
1021
991
937
959
1003
1016
951
1006
980
1003
991
965
984
1004
982
976
984
938
908
940
968
936
978
931
964
948
916
908
925
962
910
959
922
911
875
922
958
926
930
900
883
996
998
860
920
876
930
925
967
882
926
917
875
871
945
917
889
889
897
922
873
905
884
872
895
916
892
851
912
889
884
893
897
856
880
911
900
856
935
835
891
898
881
922
878
835
909
852
800
866
892
863
908
892
853
853
866
838
840
872
816
882
838
812
844
837
879
842
856
837
834
800
869
865
829
814
802
876
826
840
789
853
890
794
810
870
849
829
767
843
876
807
815
804
817
833
828
772
844
821
806
818
792
804
865
827
863
790
810
816
790
842
800
819
838
868
729
832
819
845
791
828
798
814
838
849
841
831
798
862
821
866
767
822
848
812
790
785
751
815
828
811
862
832
789
845
810
814
763
813
764
864
844
828
849
886
809
790
834
769
808
832
795
816
782
794
869
833
823
803
847
797
785
783
825
848
777
808
828
832
811
854
795
743
789
790
792
805
802
775
833
797
743
797
779
768
775
767
774
758
774
755
783
799
803
769
752
789
763
734
744
764
744
734
732
776
827
743
746
785
735
745
709
721
691
694
745
719
675
748
757
673
688
699
724
729
696
683
666
698
716
674
699
672
664
663
654
625
634
655
607
632
626
652
609
607
637
630
630
580
581
634
577
627
613
629
607
612
599
564
536
586
555
573
532
550
586
521
589
603
525
536
569
523
551
529
551
519
506
535
479
492
508
510
518
496
490
490
518
535
521
501
503
508
459
508
475
479
505
528
528
464
457
484
459
448
424
466
430
462
447
440
440
452
466
468
446
434
482
437
445
416
422
432
449
451
423
437
454
401
428
435
417
426
426
404
410
398
423
448
413
380
409
436
426
435
399
423
403
435
395
377
385
432
420
442
382
417
369
385
377
401
367
408
353
368
359
362
353
385
391
370
361
362
389
358
390
414
402
377
367
369
369
345
386
378
373
368
360
394
342
378
363
388
357
388
337
356
385
360
346
379
363
353
350
338
359
393
365
321
361
360
328
375
374
375
349
346
327
306
324
296
336
346
369
349
333
352
310
331
334
342
316
345
324
347
330
349
336
289
336
335
323
342
327
361
321
314
341
329
364
333
345
299
330
339
362
313
395
321
305
329
338
311
340
310
358
310
313
317
322
300
341
312
337
298
318
346
345
325
311
315
286
313
333
319
315
330
332
353
322
322
296
293
300
280
337
315
324
312
284
319
340
309
325
349
315
275
282
324
300
312
322
288
354
328
339
339
312
308
285
342
318
272
302
282
283
339
311
316
318
291
310
335
254
298
321
306
295
283
335
291
309
276
305
315
306
311
349
295
311
276
320
326
320
319
288
307
325
305
335
290
312
291
306
329
301
345
307
332
316
319
287
285
298
318
288
309
307
317
302
327
303
331
310
287
280
284
319
309
306
323
302
333
316
300
318
303
310
317
343
321
316
338
327
307
330
305
332
335
317
322
297
334
333
323
365
337
332
332
367
353
379
344
366
371
379
360
374
356
374
386
398
387
396
394
437
429
449
452
456
458
420
470
416
442
486
543
519
531
525
542
536
500
534
592
604
618
611
630
638
668
667
645
678
754
735
804
766
824
830
797
861
903
903
935
1013
1003
985
1031
1063
1041
1077
1124
1175
1167
1234
1316
1299
1297
1430
1409
1419
1404
1501
1524
1574
1659
1678
1647
1762
1786
1841
1842
1914
1864
2028
1864
2047
2047
2122
2171
2279
2259
2272
2323
2461
2399
2541
2515
2596
2718
2730
2699
2750
2857
2827
2941
2925
3056
3016
3162
3250
3076
3343
3344
3384
3442
3565
3614
3591
3549
3555
3714
3730
3760
3830
3886
3855
4054
3977
3996
4080
4173
4136
4100
4125
4381
4260
4410
4361
4440
4520
4506
4536
4547
4630
4502
4623
4582
4756
4712
4701
4720
4958
4947
4879
4758
4827
4751
4773
4809
4904
4905
4906
4822
4770
4907
4668
4899
4875
4811
4782
4771
4769
4790
4811
4743
4892
4649
4599
4552
4659
4660
4553
4540
4576
4393
4366
4455
4422
4517
4356
4292
4179
4215
4200
4252
4193
3911
4109
4065
3848
3884
3891
3828
3666
3686
3745
3591
3569
3551
3491
3463
3232
3325
3259
3256
3145
3129
3002
2986
2892
2957
2802
2808
2768
2737
2727
2703
2564
2534
2463
2446
2397
2336
2213
2297
2229
2109
2117
2165
1938
1946
1873
1893
1860
1852
1834
1705
1687
1627
1608
1572
1602
1453
1425
1403
1430
1297
1345
1333
1339
1149
1197
1148
1116
1111
1108
1022
1057
966
973
906
960
892
873
909
812
866
793
747
715
739
717
706
715
712
635
661
634
640
587
615
546
563
575
538
541
525
454
466
479
489
463
443
438
428
382
431
412
441
392
372
411
378
376
333
335
364
329
336
335
325
317
320
357
296
282
301
290
271
287
287
301
296
280
256
284
296
286
297
244
263
249
222
260
243
234
256
227
203
237
259
221
203
239
215
224
245
246
192
240
186
191
208
175
192
167
208
182
163
158
190
211
170
199
188
189
183
189
183
191
194
145
175
177
161
165
177
152
175
166
182
162
167
168
170
158
145
152
151
177
166
161
152
160
182
164
150
161
146
131
149
149
179
144
169
167
163
163
170
164
149
141
136
164
151
162
174
146
133
153
151
148
146
157
137
150
149
143
166
150
145
167
132
128
146
153
153
163
136
135
149
152
151
130
156
117
163
138
149
147
130
184
136
146
135
149
154
151
160
138
157
138
135
140
130
153
141
140
145
133
141
140
145
142
140
143
134
136
135
128
116
141
128
153
118
129
147
138
141
151
158
129
129
138
133
126
145
144
141
153
139
164
126
142
135
133
128
131
118
144
113
150
143
128
130
123
135
141
146
149
134
136
134
143
153
146
135
157
164
119
124
130
142
150
130
134
148
146
134
128
138
133
129
117
135
128
143
107
149
147
129
152
139
133
148
142
117
136
139
146
156
135
155
141
126
147
139
130
136
139
116
137
128
154
133
144
142
124
155
146
132
142
119
161
130
115
147
151
123
144
120
133
148
125
134
141
133
129
146
128
121
148
129
129
141
135
126
133
148
151
150
143
130
149
137
138
142
127
140
138
163
151
146
163
115
133
128
137
130
146
136
139
128
134
137
150
142
121
141
156
132
154
128
121
149
144
148
149
127
126
156
154
114
160
132
133
131
152
164
137
122
144
130
124
132
141
147
146
144
133
144
132
118
142
122
142
131
127
136
138
144
139
151
124
173
144
150
155
149
143
158
153
144
132
140
136
121
136
149
144
151
143
150
149
121
131
128
136
155
135
155
137
134
129
142
159
128
144
123
150
142
148
155
130
138
159
154
136
123
151
140
125
168
148
143
132
138
138
140
150
148
151
135
140
160
149
152
145
146
145
138
141
141
150
123
136
146
138
138
147
136
138
167
156
158
150
133
131
131
139
134
147
155
139
120
130
123
161
149
142
159
132
156
126
143
118
156
138
138
124
125
146
130
139
148
124
165
139
159
131
124
123
126
143
140
151
123
140
145
150
116
120
139
128
129
130
138
143
123
147
130
126
138
129
140
129
144
141
150
156
130
145
140
139
135
133
134
141
142
128
160
140
143
154
151
144
127
136
123
127
137
147
139
133
132
132
131
156
139
138
134
137
148
131
142
140
136
148
115
136
118
137
154
131
141
134
137
158
131
138
140
142
139
126
145
148
130
127
127
132
142
127
141
165
155
153
135
133
141
129
146
127
136
142
157
140
118
142
133
147
131
137
142
142
143
134
122
149
130
140
131
142
141
135
150
145
156
134
127
143
151
138
135
139
165
124
142
133
165
139
147
138
146
131
151
138
151
113
129
133
129
148
134
144
135
136
156
111
150
141
162
139
129
141
127
130
123
140
147
133
142
138
150
146
148
123
131
141
140
135
144
127
153
140
138
148
147
136
140
145
134
146
130
140
137
153
134
118
125
150
115
149
129
131
128
147
153
146
136
140
144
134
135
123
159
122
123
142
126
144
125
148
136
128
136
142
136
124
144
129
142
131
143
130
131
134
143
127
140
129
148
117
130
139
145
121
128
145
142
149
150
141
123
138
120
117
139
150
146
116
130
144
149
144
121
130
129
122
142
141
138
147
160
138
137
159
143
133
142
137
153
122
143
134
132
139
125
142
137
116
121
144
155
130
146
150
136
131
129
128
134
129
134
134
138
132
114
134
144
139
149
135
140
141
152
144
130
128
136
117
119
100
152
142
133
103
135
137
124
143
134
132
144
129
123
146
131
140
145
119
149
133
146
164
145
129
140
136
121
142
146
144
141
119
115
162
132
138
154
143
134
116
130
144
150
140
131
132
134
136
144
162
147
139
147
143
137
141
143
157
140
150
130
119
113
140
132
152
136
154
140
155
129
145
138
127
141
149
145
158
135
149
127
165
151
136
134
132
119
120
147
144
137
145
137
127
155
151
153
149
146
141
138
161
158
114
147
151
143
125
142
136
151
119
137
147
146
147
117
166
124
144
157
153
151
131
117
146
129
133
148
122
131
139
134
139
150
162
139
178
129
175
141
156
147
140
158
135
132
145
143
144
121
142
145
154
139
144
144
155
138
160
153
136
145
130
155
139
108
129
139
149
164
126
177
126
146
155
160
135
136
153
141
131
150
143
145
135
130
159
150
140
135
161
162
163
160
130
145
147
144
158
129
173
113
159
153
151
152
135
135
159
165
130
172
157
147
152
169
166
143
149
146
164
139
137
151
160
142
145
145
165
153
162
153
169
164
160
147
149
155
128
155
158
147
161
127
153
159
166
176
171
162
159
147
161
145
156
178
150
175
182
145
157
155
147
164
126
147
168
173
175
156
172
149
153
147
151
153
148
147
160
149
148
156
166
160
153
139
142
162
174
151
154
154
163
162
145
169
141
140
171
175
156
150
131
151
159
162
159
149
147
172
155
141
146
172
162
140
173
181
173
154
145
146
149
150
169
139
154
171
158
137
149
148
152
158
172
182
174
146
164
147
179
174
148
160
162
156
170
164
150
166
152
161
157
155
161
142
173
174
160
163
160
160
171
148
172
161
177
173
165
168
161
164
155
168
165
142
158
155
164
165
161
169
166
156
158
156
157
157
144
151
166
164
161
156
171
164
159
161
166
142
176
164
147
174
174
181
165
166
175
153
158
185
145
165
143
154
171
177
173
155
140
173
170
166
179
180
182
169
142
158
154
174
169
156
175
150
168
140
168
175
155
173
171
169
147
179
137
165
166
141
159
169
145
149
147
153
125
163
137
144
146
167
155
138
154
142
170
148
160
138
156
156
154
177
140
155
165
146
160
152
161
127
161
158
158
140
143
166
161
143
149
145
141
129
127
152
124
157
128
148
138
131
171
154
154
147
149
150
145
146
146
143
152
143
146
113
134
138
134
138
127
140
149
154
128
134
148
138
136
126
133
139
127
118
158
123
124
146
113
126
121
135
120
95
150
130
134
125
126
119
119
116
116
117
127
133
129
121
114
126
115
105
118
129
114
110
109
116
97
103
114
124
104
112
104
103
116
116
125
93
102
107
111
108
108
115
91
102
96
110
104
101
111
105
96
90
95
92
127
100
103
97
97
91
90
105
97
102
96
104
89
72
109
98
95
97
102
89
82
71
89
90
79
89
87
106
80
97
110
103
83
88
78
98
93
84
87
87
79
91
95
85
85
82
78
74
78
79
75
70
84
93
96
82
62
78
57
69
75
70
66
68
60
75
80
77
64
79
78
67
76
62
69
53
70
67
80
65
69
75
63
81
67
82
69
63
63
73
60
64
79
60
73
58
52
63
62
63
49
62
83
58
60
71
64
66
48
68
71
52
78
49
62
55
48
53
51
65
50
57
57
65
55
57
55
52
54
63
70
59
72
61
51
56
53
58
45
46
51
50
57
72
41
53
38
55
45
45
58
47
54
54
59
51
55
55
59
47
49
55
60
40
57
75
54
43
47
51
44
35
41
45
49
58
53
63
53
49
53
42
49
46
47
50
46
43
38
60
42
45
46
44
54
42
58
59
41
47
55
53
43
28
49
46
42
51
49
38
36
52
34
39
55
51
52
41
49
53
45
48
40
39
57
36
34
42
35
42
55
57
39
38
45
53
45
31
52
41
34
47
46
35
33
45
38
32
45
44
40
38
24
47
49
43
35
45
29
44
39
45
41
22
39
45
43
26
33
36
39
34
45
40
53
47
47
35
30
36
33
46
48
50
37
24
33
36
35
38
42
39
37
28
43
43
32
43
34
35
42
36
35
41
39
37
39
54
43
28
34
30
39
56
32
32
36
37
45
38
31
34
33
46
36
38
28
41
38
48
40
31
40
42
41
28
39
29
42
53
44
39
48
42
45
41
41
35
45
50
35
41
49
55
55
34
39
41
45
27
54
29
51
49
45
55
41
55
48
55
47
58
41
52
49
51
41
55
54
41
63
50
60
62
59
57
58
51
48
51
64
61
65
62
82
60
69
55
63
63
69
62
66
70
67
80
67
68
83
89
81
86
74
72
85
71
89
91
87
90
95
90
98
97
93
108
89
94
102
122
112
131
117
145
104
120
129
124
116
139
125
150
147
126
142
127
138
143
137
152
147
162
157
161
175
156
163
177
176
179
180
208
185
210
202
208
194
180
193
185
215
223
210
212
228
211
215
230
233
197
225
236
247
258
261
270
249
235
269
239
301
250
288
284
283
278
298
311
314
327
300
332
307
309
329
325
352
341
343
319
353
403
336
360
373
355
392
404
372
357
425
421
397
399
420
404
391
454
438
436
445
434
445
441
445
449
460
490
469
468
513
466
464
477
466
511
508
517
506
498
527
531
522
495
547
540
548
521
521
500
540
561
558
568
560
579
558
586
567
580
602
590
629
586
611
622
630
615
627
623
663
657
637
635
609
647
614
607
632
660
601
676
600
652
680
671
678
657
706
672
679
675
635
663
661
674
612
693
632
696
666
637
629
683
706
698
720
643
689
641
677
698
682
710
672
654
635
671
677
666
656
690
633
698
663
670
641
616
673
677
682
679
677
698
675
715
608
660
636
647
699
669
647
644
643
645
644
614
616
617
635
596
628
607
625
631
618
589
624
600
572
625
618
601
573
570
580
585
586
548
612
570
542
531
574
538
540
588
553
530
556
533
533
519
511
488
486
528
485
523
472
461
481
488
517
443
483
432
459
444
432
450
430
439
454
417
432
451
419
422
421
397
421
395
419
423
407
413
387
374
380
352
349
355
355
366
362
317
329
366
362
320
298
309
333
322
306
300
309
307
309
317
295
304
276
306
277
291
278
306
264
249
239
251
276
274
255
243
239
246
257
256
237
230
250
194
216
204
240
214
217
223
194
211
220
191
182
184
223
215
206
198
181
186
174
195
189
191
167
159
170
168
180
150
132
166
152
152
168
126
161
125
168
154
138
137
122
161
140
122
135
137
120
139
85
125
118
93
113
108
122
128
112
111
115
117
130
111
96
111
92
109
98
109
109
95
94
97
97
102
73
86
89
90
85
85
85
75
82
84
84
86
79
89
78
87
79
81
81
69
77
67
94
79
71
65
70
73
73
58
66
70
68
65
70
74
64
58
56
69
70
54
72
60
73
58
61
55
57
60
62
49
54
53
64
49
52
61
55
40
53
39
53
65
57
70
57
56
51
57
35
52
37
53
53
42
48
52
54
46
56
57
42
49
47
47
49
38
51
46
51
48
54
45
43
49
46
56
50
44
45
43
56
40
52
46
36
47
34
42
52
50
43
46
44
50
42
43
25
38
40
45
40
44
41
40
58
38
39
25
37
45
48
47
33
39
35
47
37
29
37
38
38
35
25
34
42
33
35
39
27
34
29
31
27
29
47
29
31
34
27
30
32
24
39
19
36
31
27
33
29
43
32
34
39
28
31
33
34
32
37
30
42
33
40
29
42
29
31
28
34
26
27
29
35
45
29
34
29
30
34
38
42
32
31
41
20
28
29
18
33
31
24
39
33
28
44
41
28
30
35
35
25
37
23
28
32
28
35
33
34
25
28
24
26
23
32
31
27
33
31
33
22
32
36
43
29
34
32
43
43
30
25
35
29
27
35
23
29
25
24
28
38
28
32
37
26
40
24
35
27
22
37
29
33
34
22
25
29
39
22
37
35
39
45
32
24
26
30
19
30
32
27
28
23
33
31
28
32
25
15
25
30
34
43
24
27
32
30
33
30
44
34
18
25
28
36
30
28
22
28
25
30
33
26
33
33
25
22
26
33
34
31
40
33
30
28
25
35
33
30
29
34
39
26
39
25
26
29
28
31
27
26
16
25
30
35
34
18
19
27
28
28
21
31
30
22
38
22
34
15
39
30
36
23
25
30
21
33
25
21
28
22
18
33
26
34
21
17
25
27
26
25
19
34
32
22
19
27
21
24
29
28
24
31
21
25
25
24
20
24
24
30
28
23
20
31
27
22
20
31
17
27
24
18
21
25
25
24
21
21
18
31
21
26
29
12
24
32
20
27
21
24
23
17
22
33
21
20
19
30
29
27
25
15
15
23
24
23
22
22
22
19
19
24
22
18
22
19
18
19
23
20
23
24
22
31
27
25
20
15
27
30
20
23
21
18
25
18
23
24
23
24
30
19
21
19
21
21
16
13
13
19
19
20
20
26
14
16
11
22
13
22
16
19
13
15
21
25
20
13
13
19
18
19
13
21
12
18
10
20
8
18
19
20
17
18
20
18
19
12
18
15
19
15
16
14
14
18
19
19
23
26
15
21
21
16
16
19
15
17
11
12
14
13
22
10
20
11
14
18
20
9
20
22
20
15
16
13
23
15
21
8
16
11
12
23
14
18
9
11
13
7
9
11
21
15
14
16
22
15
17
18
14
18
26
14
18
12
16
13
15
16
17
17
11
18
14
14
13
16
17
19
17
11
13
13
18
11
19
19
15
12
18
17
22
15
15
30
16
17
15
13
12
11
16
12
15
13
12
18
17
16
17
17
16
10
19
12
19
15
12
12
8
16
15
15
13
7
23
13
9
15
11
11
7
10
10
9
13
17
14
11
20
11
9
8
8
8
10
14
5
10
11
11
10
18
8
10
9
13
11
16
15
14
12
8
14
15
12
12
14
13
7
5
11
13
16
8
11
13
6
18
16
9
6
17
12
8
13
10
12
9
9
10
15
9
13
18
10
5
8
15
8
10
10
8
22
14
13
5
9
7
3
11
11
11
11
9
7
11
6
11
15
12
11
11
12
11
9
7
7
9
11
9
6
4
13
11
8
8
11
10
9
9
7
11
10
12
12
8
12
8
4
9
6
8
7
6
9
9
9
9
8
9
10
14
10
6
12
9
7
10
6
9
9
7
7
10
4
7
7
7
10
5
5
8
7
18
10
9
14
9
3
8
9
7
7
4
8
7
10
6
7
3
13
8
9
8
6
6
5
11
5
9
5
8
7
8
10
4
8
7
10
8
6
8
4
8
12
7
6
10
7
5
6
8
12
13
8
5
11
4
4
9
8
4
2
6
5
10
4
2
6
8
9
5
4
8
8
4
7
8
9
10
8
2
5
14
5
7
6
10
11
6
8
3
3
8
3
5
4
5
7
5
9
3
3
11
10
8
1
3
5
7
5
4
5
4
5
4
8
7
5
3
10
6
5
4
10
10
3
7
6
1
3
5
7
13
8
4
8
3
5
11
3
5
6
3
7
7
4
8
4
4
6
6
4
3
6
9
4
4
7
8
6
9
6
9
4
10
9
3
4
5
8
7
6
6
7
8
8
4
5
4
8
5
10
6
8
4
7
8
9
7
8
10
8
5
7
8
6
4
5
7
8
7
8
6
3
5
8
5
5
7
10
5
11
7
12
13
11
8
10
7
5
5
10
3
5
6
5
11
7
13
4
11
6
14
5
8
6
9
8
6
7
2
4
10
7
13
9
7
4
12
11
11
6
10
8
10
12
11
5
14
10
10
8
9
7
10
12
10
9
12
12
12
9
17
9
16
8
7
17
14
8
13
6
13
8
15
8
14
7
8
11
12
17
10
15
15
8
18
12
12
11
18
10
11
17
9
17
18
14
15
12
11
12
19
14
9
22
14
14
9
14
17
15
12
20
16
13
11
17
22
17
13
15
14
20
10
10
19
22
11
20
11
9
12
18
25
21
18
22
16
16
16
17
17
12
13
17
16
16
18
19
24
22
20
23
19
18
15
20
20
24
17
16
24
23
22
12
23
21
26
15
23
12
12
24
21
15
23
21
17
17
24
36
25
32
20
29
26
20
25
21
23
35
25
20
23
23
20
35
20
28
25
24
19
23
23
31
25
25
19
21
17
23
14
30
26
24
20
28
30
20
20
29
21
30
24
26
23
28
35
26
30
21
22
15
22
29
32
22
34
28
24
19
30
25
36
28
29
28
36
22
32
29
27
26
26
23
31
19
16
20
18
22
29
27
21
20
28
21
32
22
25
25
27
25
32
27
22
34
30
27
22
26
27
27
24
26
23
29
22
27
17
22
23
25
26
24
25
17
18
24
23
15
22
32
16
34
25
23
22
22
24
25
19
20
27
26
21
32
20
18
18
15
13
17
17
24
26
20
19
19
26
25
22
19
18
21
16
22
20
22
25
25
20
15
20
22
10
20
20
18
16
22
15
11
22
17
28
16
15
15
18
13
8
13
12
12
16
18
16
12
21
13
16
18
8
22
6
20
17
19
14
16
10
13
6
12
12
17
14
14
13
19
15
14
11
11
14
12
22
13
14
11
15
12
12
13
15
16
12
13
12
13
7
11
16
12
11
11
5
7
11
10
5
10
10
8
13
9
6
13
13
7
8
6
5
10
9
14
11
7
15
8
9
9
5
6
7
9
9
8
4
6
11
8
9
6
11
8
8
13
3
6
5
7
6
3
8
8
6
7
6
6
7
5
8
4
2
4
5
3
6
8
4
8
7
5
4
3
7
8
3
6
5
9
3
8
8
8
3
7
4
8
4
3
3
3
4
3
5
4
4
4
3
3
1
4
3
3
2
4
3
3
8
3
3
6
8
3
8
4
6
3
6
2
3
4
3
3
1
2
4
6
0
0
3
4
3
3
2
6
4
3
2
3
4
2
2
3
0
7
3
3
2
3
3
2
1
1
1
1
2
6
4
3
4
3
7
0
2
4
2
1
5
2
3
1
5
4
1
5
3
3
1
1
3
2
3
2
4
5
2
3
2
3
4
2
7
3
4
1
1
0
5
1
4
4
4
1
1
4
2
2
1
0
1
2
1
3
4
1
1
2
0
0
1
1
1
2
4
1
1
3
5
2
3
0
2
2
2
0
5
1
1
2
1
0
1
1
1
1
0
1
2
3
1
1
2
2
1
3
0
2
2
2
1
1
1
2
1
2
1
3
0
0
0
1
2
1
1
0
1
2
2
1
2
0
1
2
1
1
1
0
1
2
2
0
0
2
0
1
2
1
1
0
0
0
0
3
2
1
2
1
1
0
1
2
2
0
2
2
1
1
1
2
2
3
1
2
1
1
1
3
0
1
0
0
1
0
1
0
2
0
1
0
0
1
1
0
3
0
0
3
0
0
3
1
2
3
1
3
1
1
3
1
3
0
0
2
1
2
1
0
0
0
4
0
3
3
4
2
2
1
1
2
2
2
1
0
1
0
2
1
1
0
0
0
0
2
3
4
1
1
0
1
0
2
1
0
0
1
0
0
0
1
2
2
3
0
2
2
0
0
0
2
0
0
1
0
1
1
1
0
2
2
2
0
0
2
1
1
0
3
1
2
1
1
1
2
2
2
0
0
0
3
0
2
0
0
1
2
0
1
1
3
0
2
1
1
2
3
3
1
0
0
2
1
0
3
2
3
2
0
0
5
0
0
1
1
0
1
0
2
5
1
1
0
1
3
0
1
1
1
2
1
1
1
2
0
0
2
1
2
1
1
1
2
0
1
1
1
3
1
1
0
2
0
2
2
1
1
2
0
2
1
2
3
1
1
1
2
1
3
0
1
1
2
2
1
1
3
2
1
2
1
2
0
3
2
1
0
1
1
1
2
1
0
1
1
0
0
0
0
0
0
0
3
1
4
1
0
4
2
3
3
0
1
2
0
0
1
3
2
2
0
0
3
2
4
0
1
1
3
0
2
0
3
2
0
5
0
4
0
3
2
1
0
2
2
3
4
3
1
2
1
3
1
3
0
4
0
1
4
0
3
0
3
1
3
2
2
4
3
2
1
1
1
0
0
0
1
1
1
1
3
1
0
1
1
0
1
2
1
0
0
1
1
1
1
1
1
2
2
2
0
0
4
1
1
1
3
1
1
1
1
2
2
0
3
2
0
0
0
1
0
2
1
1
2
1
1
0
1
2
2
0
3
1
1
1
1
2
3
1
1
1
0
0
1
0
1
2
1
1
1
3
0
3
2
2
3
4
2
2
3
0
2
1
3
2
0
1
1
1
2
2
0
2
0
0
2
2
0
2
0
1
1
1
3
0
2
2
1
3
3
1
1
2
1
0
1
5
1
2
2
0
0
0
1
3
1
0
4
1
5
0
0
1
1
2
1
2
2
0
0
1
2
2
1
1
1
0
1
1
3
0
1
4
1
1
0
0
2
0
2
1
1
2
4
1
1
2
1
1
0
6
1
2
1
2
1
3
1
2
0
0
4
0
1
1
4
1
0
0
0
2
2
0
1
2
1
2
0
2
2
0
1
0
1
1
1
1
1
1
1
2
2
2
1
0
1
2
3
1
1
4
0
3
0
1
1
1
3
1
2
2
3
2
2
1
1
0
2
1
0
1
1
2
2
2
2
0
3
2
2
2
1
0
1
4
3
1
2
2
0
0
1
2
0
1
3
1
1
2
1
1
6
0
2
0
1
3
1
5
1
2
2
1
1
2
0
1
0
0
1
1
2
1
3
0
2
5
1
2
0
4
0
4
3
1
2
0
0
1
3
2
2
1
1
2
1
2
1
2
2
0
2
3
1
2
0
3
1
1
3
2
1
2
1
0
0
1
0
1
0
3
1
1
5
2
3
2
0
2
0
0
0
2
1
1
3
0
0
1
1
1
0
0
1
0
2
2
2
1
1
0
1
1
0
1
0
2
3
2
1
0
1
3
0
1
1
0
1
2
0
1
0
1
1
1
1
1
0
3
1
0
1
2
1
3
0
3
0
1
2
0
2
0
0
0
2
1
0
1
0
2
1
0
1
0
0
1
2
3
2
1
0
1
0
0
2
1
0
0
0
1
0
2
1
0
0
2
1
1
0
1
1
0
1
2
0
2
2
1
1
1
1
2
1
0
1
1
2
1
0
0
2
1
0
1
1
1
1
2
2
2
0
1
0
0
2
4
0
4
2
1
2
1
6
1
1
1
0
0
1
1
2
1
2
1
0
1
0
1
1
0
2
0
0
1
0
0
0
0
1
1
1
1
0
2
0
3
1
1
2
1
0
1
1
1
2
2
0
1
3
1
0
0
1
0
0
0
0
2
0
1
0
2
1
1
1
1
1
1
1
3
1
1
1
0
1
1
1
3
1
0
1
1
0
1
1
1
0
1
2
0
1
0
0
1
1
1
0
1
1
1
1
0
0
0
1
0
2
0
0
1
0
0
0
0
0
3
1
0
4
1
1
0
1
2
1
1
0
1
2
3
0
1
3
1
3
0
1
1
1
0
0
0
0
1
2
2
2
0
0
0
1
1
2
1
0
1
0
1
2
0
1
0
1
1
1
0
0
4
1
2
3
0
0
1
0
0
0
0
1
1
1
0
0
3
0
0
2
2
1
0
1
1
0
0
0
0
2
0
1
0
3
0
0
1
0
2
0
1
0
0
1
1
0
1
0
3
0
1
1
1
0
0
0
0
0
1
0
1
1
0
0
1
0
1
2
1
1
0
1
0
1
1
0
0
0
0
1
1
0
1
1
1
1
1
1
1
0
1
0
1
0
1
1
0
1
0
2
0
1
1
0
1
0
0
0
0
0
1
0
1
2
3
0
2
0
0
0
0
0
1
1
0
1
1
0
2
0
0
0
0
0
0
1
2
1
0
0
2
0
0
1
0
0
0
0
0
0
0
1
0
0
1
0
0
0
0
0
0
1
2
0
2
1
0
0
1
0
0
0
0
0
0
0
3
0
0
1
0
1
3
1
1
1
1
1
1
0
0
0
1
1
0
1
1
0
0
1
1
0
1
0
2
1
0
1
0
0
0
0
0
1
0
0
2
0
2
0
0
1
0
1
0
0
0
0
2
1
1
2
1
0
0
0
1
2
1
0
1
2
0
0
0
0
0
2
2
0
0
0
0
1
0
0
0
0
1
1
0
0
0
0
1
1
0
0
0
0
0
0
0
0
1
1
1
1
1
0
1
1
0
1
0
0
0
3
0
0
0
0
1
0
0
1
1
1
0
0
0
0
0
0
0
0
0
0
0
2
2
0
0
0
1
0
2
1
0
0
0
0
1
0
0
0
1
0
0
1
0
0
0
2
2
0
0
0
0
1
0
1
0
0
1
1
0
0
0
0
1
0
1
0
0
1
0
0
1
1
2
1
0
1
1
1
3
0
2
0
0
0
0
0
2
0
1
0
3
1
1
0
1
0
1
0
0
1
1
1
0
1
0
1
1
0
0
0
0
0
0
0
0
1
1
1
1
0
1
1
1
0
0
1
0
1
1
1
0
0
0
1
1
0
1
2
0
0
2
0
0
0
0
0
1
0
0
2
1
0
2
1
0
2
0
1
1
0
1
1
2
1
0
0
2
1
0
1
0
0
1
1
1
0
0
2
0
2
0
0
1
0
2
1
0
1
0
4
2
1
2
0
1
1
0
1
0
0
1
3
0
1
1
1
1
0
0
1
1
0
1
0
0
0
0
0
2
1
0
0
1
0
0
1
2
4
2
1
1
3
0
0
0
2
3
0
1
1
0
0
1
1
0
2
0
0
3
1
0
0
0
0
0
1
1
2
1
2
0
1
2
4
0
1
1
1
2
0
0
2
1
0
1
0
2
1
2
0
1
1
1
1
0
1
2
0
0
2
0
1
0
2
0
1
0
2
0
2
1
1
0
2
2
0
3
1
2
1
1
1
1
3
2
3
1
1
1
1
1
1
2
1
2
0
3
0
2
2
2
0
2
1
0
0
0
1
2
3
3
2
2
1
1
2
1
2
3
0
2
1
0
1
0
1
4
0
2
0
2
1
2
2
1
2
1
2
3
4
0
2
0
1
0
0
2
2
0
3
0
1
0
1
1
2
1
2
3
0
2
0
1
1
1
1
4
1
1
1
0
1
1
2
4
1
3
0
1
2
0
1
3
2
3
1
2
0
2
3
3
3
1
2
1
0
0
3
0
1
1
3
1
0
1
3
2
0
0
4
3
1
1
0
0
0
1
0
0
4
2
1
1
2
2
3
3
2
0
3
1
1
0
2
1
4
2
3
1
2
1
3
5
3
1
3
1
0
2
0
1
0
1
1
2
1
1
1
4
0
1
0
1
1
0
0
3
1
1
3
0
1
1
1
2
1
0
1
2
0
1
2
2
3
0
1
1
0
1
1
2
2
1
4
0
0
0
1
2
2
0
1
2
1
2
2
1
1
1
0
0
1
1
1
0
2
0
1
1
2
0
1
1
1
1
1
0
1
1
1
0
0
1
5
1
3
1
2
0
3
0
1
1
1
1
0
2
0
0
2
0
0
0
2
2
2
2
1
1
2
0
2
0
2
3
1
3
0
2
0
0
4
0
1
0
0
3
0
2
1
3
0
1
0
0
0
0
0
0
0
1
0
0
1
0
2
0
2
0
2
2
1
0
1
0
1
2
0
0
0
1
1
1
0
2
1
0
1
1
0
2
0
0
4
0
1
0
0
0
0
1
1
0
1
0
0
1
0
1
1
1
0
2
1
0
0
2
0
0
0
2
0
0
0
2
0
0
1
2
0
1
0
1
1
1
0
0
2
0
3
0
0
0
0
0
0
2
1
0
0
0
0
0
0
0
1
0
0
0
0
0
1
0
0
0
0
0
0
0
0
0
2
0
1
0
1
0
0
0
0
1
3
1
0
0
2
0
0
1
1
0
0
0
2
0
0
0
0
0
1
0
0
0
0
0
1
1
0
0
0
0
1
1
0
1
0
1
1
1
0
0
0
0
0
0
0
1
0
0
0
1
0
0
0
2
1
0
0
0
1
2
1
0
2
0
1
0
0
1
0
1
1
0
0
0
0
0
1
0
0
0
0
0
0
0
0
0
1
0
0
0
1
0
1
0
1
0
0
0
2
0
0
0
0
0
0
0
1
0
0
0
1
0
1
0
2
0
0
0
0
0
0
0
1
0
2
0
0
0
1
0
0
0
0
1
1
1
1
0
0
0
0
1
0
0
0
0
1
0
0
0
0
1
0
0
1
0
0
0
0
0
0
0
0
0
0
0
0
0
0
0
0
0
0
1
0
1
1
0
0
0
0
0
0
0
0
0
0
0
1
0
0
0
0
0
0
0
0
0
0
0
1
0
0
0
1
0
0
0
0
0
0
0
0
0
0
0
0
0
0
0
0
0
0
0
1
0
0
0
0
0
1
0
3
0
0
0
0
0
1
0
0
1
1
0
0
0
0
1
1
1
0
0
0
0
0
0
1
0
0
0
0
0
0
0
0
0
0
0
1
1
0
0
0
0
0
0
0
0
0
0
0
0
0
0
0
1
0
1
1
0
0
0
0
0
0
0
0
0
0
0
0
0
0
0
0
0
0
0
0
0
0
0
0
0
0
0
1
0
0
0
1
0
0
0
0
0
0
0
0
0
0
0
0
0
0
1
0
0
0
0
0
0
0
0
0
0
0
0
0
0
0
0
0
0
0
0
0
0
0
0
0
0
0
0
0
0
1
0
0
0
0
6
2
5
5
6
7
9
6
10
6
8
2
4
5
9
8
8
6
3
12
11
9
7
3
3
1
5
8
8
11
4
8
10
7
4
6
7
5
4
6
5
4
11
5
4
6
7
7
8
3
9
5
10
5
7
6
5
5
13
7
9
7
5
6
7
4
5
9
5
8
2
6
6
8
9
7
2
8
6
4
4
5
8
2
6
10
6
2
8
3
8
9
8
5
6
4
1
8
3
11
8
5
10
4
5
9
2
7
5
9
2
8
5
6
5
7
3
12
4
5
3
8
11
9
15
16
14
7
