0
0
0
0
3
1
0
0
1
1
1
1
2
0
1
0
1
3
1
1
0
4
5
2
6
3
0
2
6
5
5
2
1
1
6
4
2
3
2
3
3
2
6
5
4
3
3
6
1
5
5
3
7
14
31
59
127
220
414
659
819
977
1148
1268
1221
1297
1334
1356
1298
1379
1369
1357
1359
1360
1390
1411
1429
1401
1339
1465
1436
1497
1503
1526
1370
1235
1209
1145
1011
991
1011
902
887
849
884
841
843
792
772
848
838
778
822
830
813
815
839
764
783
698
774
795
736
785
774
779
806
743
747
811
732
834
766
708
746
750
716
740
726
789
765
741
747
757
755
739
824
785
809
723
731
730
739
771
758
775
793
774
849
758
732
752
798
817
763
777
790
760
788
753
832
781
767
772
784
774
773
787
810
801
807
774
839
785
803
827
836
825
843
874
880
824
847
879
849
839
823
827
830
834
813
826
775
806
845
838
803
830
833
857
837
834
804
839
807
839
857
839
851
839
933
868
893
858
833
838
844
899
836
860
809
853
812
785
883
884
858
886
855
823
895
912
881
850
814
871
795
882
843
843
855
886
813
871
909
847
817
867
859
859
884
892
921
837
888
864
871
931
923
829
869
868
820
834
891
876
865
832
885
845
822
820
823
912
826
853
837
859
850
837
879
855
911
867
824
905
872
837
845
898
868
859
814
821
871
834
893
810
903
867
854
831
892
801
822
897
843
875
872
862
890
909
908
911
872
855
889
919
907
866
903
842
884
885
844
922
942
904
840
876
902
894
903
854
904
878
822
879
887
900
914
845
870
934
893
916
859
849
923
877
849
859
960
898
918
897
850
892
930
952
871
913
872
864
925
843
902
911
912
860
930
881
913
871
873
916
893
907
846
880
898
905
917
903
968
859
891
852
909
930
864
903
923
875
918
956
920
924
903
926
865
860
912
867
853
872
900
865
885
974
867
902
906
901
909
873
904
919
919
875
878
908
899
929
918
893
884
916
915
885
867
906
916
889
887
876
897
895
908
902
841
874
884
930
906
934
902
869
908
894
866
893
903
892
838
904
863
876
885
865
877
879
902
922
879
912
875
853
842
878
930
915
906
871
877
903
903
874
886
824
849
916
905
886
889
839
884
890
836
899
894
860
935
907
904
904
906
930
872
910
926
869
836
905
897
870
890
940
905
897
879
884
929
916
948
875
916
867
946
932
917
941
928
960
853
878
944
929
915
907
960
966
908
895
974
981
962
968
941
1001
955
974
1027
979
1071
926
996
988
989
987
1036
977
979
1019
992
1014
967
968
975
1038
1017
1032
1041
1067
1065
1106
1027
1054
1064
1105
1046
1043
1060
1085
1030
1090
1063
974
1109
1082
1105
1025
1084
1115
1094
1079
1062
1128
1133
1047
1080
1129
1084
1123
1085
1088
1074
1135
1130
1077
1106
1120
1082
1102
1117
1071
1063
1063
1054
1093
1113
1018
1109
1108
1109
1083
1120
1045
1118
1095
1115
1081
1078
1128
1114
1093
1064
1057
1075
1062
1109
1130
1104
1058
1039
1067
1117
1128
1087
1114
1076
1095
1085
1119
1105
1026
1034
1062
1037
1097
1057
1006
1004
1145
1004
1056
1042
1050
1024
1065
1004
1051
1071
1069
1051
1009
1039
1023
1045
998
1037
1018
1004
1061
1044
981
1030
1056
1071
1023
1002
1021
1055
1043
1012
1004
1019
977
1077
963
1049
972
1029
1011
1020
1006
1033
966
1015
1059
1078
1066
1005
1002
943
962
1037
936
1044
988
1029
1000
1023
978
978
992
994
975
1030
958
977
925
958
930
896
1036
969
990
964
967
853
950
989
950
962
961
947
1005
983
951
909
981
974
915
941
966
986
966
925
920
975
922
927
942
951
961
938
893
953
1004
951
954
888
888
952
947
978
919
1007
896
939
948
964
981
944
940
920
946
990
938
950
930
927
916
964
876
953
936
932
951
910
934
891
886
936
968
885
869
921
897
890
903
901
889
908
872
851
893
845
859
867
936
896
873
877
895
897
872
884
865
836
839
866
862
892
867
841
838
870
860
872
890
893
857
831
856
884
849
914
820
843
834
848
863
896
825
873
883
804
859
888
836
814
893
829
792
841
846
880
856
842
790
827
829
853
834
819
828
845
857
826
859
853
846
827
841
845
761
863
811
821
800
883
814
809
819
785
822
825
797
818
776
824
811
834
823
780
772
789
840
777
783
816
788
852
765
743
796
786
795
769
832
778
767
779
806
828
758
763
819
774
769
722
759
765
751
789
773
764
758
780
719
766
730
771
787
749
760
805
754
757
818
762
786
754
728
764
732
801
780
745
772
765
732
743
764
764
781
749
799
766
813
768
798
726
730
741
724
729
709
786
753
786
767
718
716
801
819
762
764
739
726
766
757
717
773
711
718
738
792
769
762
710
740
711
753
782
683
717
797
794
755
709
742
723
732
722
696
757
724
713
729
790
813
738
783
770
723
779
784
752
745
770
727
769
701
764
746
737
739
765
774
702
782
727
787
741
788
738
748
728
722
703
722
741
734
745
700
717
797
769
742
765
750
743
693
764
723
757
770
725
730
743
743
702
714
714
786
742
729
744
756
733
721
722
730
723
762
740
735
766
776
753
730
748
783
742
698
704
767
676
768
712
734
711
733
713
739
722
751
715
695
728
744
763
725
756
749
744
750
765
717
745
721
729
728
714
764
749
765
769
751
746
719
701
684
738
714
699
760
715
739
749
781
773
683
737
745
753
697
690
746
706
699
720
728
714
673
741
693
718
742
670
703
719
666
736
688
692
678
663
643
655
665
693
684
608
624
663
676
682
632
668
666
656
640
598
635
658
653
619
651
619
647
656
610
614
618
616
627
601
614
591
606
644
675
601
584
581
617
643
528
596
602
592
574
559
546
575
600
560
529
565
570
530
529
555
555
536
552
548
534
529
521
537
550
539
502
515
530
552
489
531
526
553
534
517
503
520
515
512
495
501
538
497
494
502
517
475
468
506
506
497
462
482
455
505
460
473
505
474
460
454
498
444
462
457
403
442
446
450
478
427
454
407
443
423
433
413
444
416
429
423
424
408
430
417
424
423
408
421
403
389
414
424
415
399
428
415
375
426
392
428
389
392
388
420
378
417
372
411
423
397
389
427
431
360
403
367
387
371
412
377
429
365
358
363
422
378
366
358
353
418
434
352
415
396
431
394
381
392
355
384
366
374
379
366
332
358
351
380
354
310
334
377
345
353
349
369
341
385
351
327
318
338
357
342
338
361
320
380
349
346
337
317
376
316
361
364
336
331
321
339
322
305
353
325
340
352
351
339
347
324
335
343
363
367
308
352
325
331
342
334
327
322
334
367
321
349
337
318
342
325
368
332
337
316
331
331
306
309
287
327
339
315
320
343
296
342
317
281
327
342
321
308
308
327
344
289
340
311
314
299
347
311
303
315
295
300
315
307
305
283
322
300
314
311
314
333
323
330
304
318
280
299
317
312
291
293
310
309
321
316
275
273
323
310
276
269
292
303
298
320
300
288
345
295
280
286
293
336
301
308
280
304
314
280
281
325
292
284
286
312
346
320
331
278
326
293
320
306
293
262
277
278
252
296
277
303
280
282
261
276
282
286
264
272
315
322
290
260
314
304
267
297
284
264
288
282
294
250
315
277
285
273
283
299
296
301
287
243
285
302
262
296
289
255
258
270
293
285
271
292
268
280
261
270
268
289
263
288
266
272
276
284
278
265
286
311
298
262
240
267
275
307
281
258
286
278
270
282
301
269
281
264
256
297
256
258
286
284
260
244
283
286
286
268
263
254
278
248
288
283
272
301
276
259
269
296
231
269
273
260
265
292
279
266
281
241
285
280
293
298
249
294
254
282
262
261
262
238
301
267
261
281
257
277
255
267
289
273
283
310
283
268
290
243
304
262
290
271
247
285
266
249
275
263
280
294
290
239
261
278
272
269
248
301
280
258
284
260
265
289
276
263
289
305
250
252
284
289
289
288
262
262
305
259
283
300
319
263
278
291
278
281
288
305
312
310
308
276
312
276
304
290
305
340
308
291
299
306
299
333
340
323
348
319
344
358
380
339
343
327
329
369
375
354
365
342
345
378
387
385
372
381
432
390
384
442
479
444
473
455
453
430
472
476
513
543
485
540
502
530
551
496
579
608
580
569
605
536
617
637
670
632
677
692
698
708
714
716
761
758
768
781
807
795
831
841
835
921
860
946
950
924
969
954
1008
1051
1088
1095
1090
1097
1113
1133
1156
1223
1247
1256
1292
1311
1288
1366
1421
1466
1432
1472
1499
1435
1554
1627
1607
1588
1728
1752
1706
1727
1710
1825
1825
1875
1871
1869
1969
1992
2001
2015
2055
2158
2132
2244
2250
2268
2358
2280
2299
2375
2460
2490
2513
2619
2623
2637
2717
2652
2712
2801
2796
2852
2872
2969
3025
2935
3143
3110
3124
3100
3171
3186
3211
3364
3366
3288
3472
3364
3572
3468
3576
3609
3667
3724
3573
3731
3677
3876
3840
3871
3821
3999
3996
3949
4092
4035
4050
4163
4034
4116
4223
4087
4246
4315
4339
4331
4367
4374
4360
4318
4503
4404
4518
4553
4403
4600
4541
4455
4552
4581
4598
4673
4654
4660
4853
4607
4670
4750
4765
4741
4794
4709
4734
4606
4721
4687
4842
4588
4746
4824
4638
4665
4795
4715
4657
4657
4623
4658
4716
4646
4612
4634
4623
4653
4584
4492
4582
4456
4604
4551
4336
4455
4514
4400
4459
4435
4383
4229
4313
4256
4275
4220
4227
4160
4074
4228
4147
4049
3919
3943
3986
3937
3928
3935
3832
3808
3773
3804
3705
3558
3685
3597
3448
3532
3482
3430
3360
3245
3265
3269
3142
3233
3158
3028
3195
3078
3003
2959
2855
2945
2841
2891
2840
2825
2724
2561
2550
2599
2614
2593
2431
2445
2404
2383
2404
2330
2279
2266
2108
2132
2141
2106
2087
2031
2018
1868
1860
1901
1800
1813
1824
1760
1769
1643
1775
1590
1663
1692
1625
1593
1512
1433
1467
1424
1395
1380
1315
1281
1288
1283
1206
1182
1204
1178
1137
1134
1106
1112
1040
1056
1006
971
987
902
942
968
933
907
888
769
870
778
781
822
737
767
716
740
717
706
699
703
606
638
629
614
617
594
557
583
565
537
583
580
516
511
521
486
479
450
465
459
459
483
438
402
421
420
407
403
372
400
401
378
358
389
353
324
305
382
371
354
308
349
316
320
325
307
313
290
302
286
323
285
323
331
267
272
307
273
269
235
271
252
235
291
247
265
249
249
240
237
227
240
220
195
239
221
232
219
229
213
224
223
218
196
191
207
188
202
197
182
180
208
206
190
203
203
189
211
220
174
186
184
174
183
188
209
167
175
206
209
188
165
181
170
146
193
216
179
189
171
168
171
165
166
179
176
167
157
176
177
161
149
150
154
159
153
176
153
153
166
175
143
149
173
171
147
160
153
147
151
162
170
162
153
149
175
115
158
148
146
154
138
149
141
163
148
149
126
131
141
151
148
153
127
151
149
149
133
162
124
157
126
137
142
145
155
125
143
141
142
129
138
141
160
137
128
138
147
143
117
119
141
128
138
142
154
123
134
131
130
135
122
177
135
151
132
111
144
130
143
131
147
132
142
138
160
142
148
138
109
115
132
124
155
158
125
146
158
137
149
138
168
145
151
154
133
131
134
119
145
113
124
124
132
131
124
130
146
131
146
130
139
130
140
123
136
149
148
145
124
123
172
123
128
117
152
137
140
134
130
146
132
153
123
136
144
127
109
134
142
137
132
144
114
123
124
115
107
108
131
132
134
116
156
128
135
124
131
131
116
128
122
117
131
147
135
153
128
136
125
132
144
132
122
124
154
126
129
136
127
120
148
126
142
140
126
136
119
128
145
110
153
126
135
125
132
148
137
131
135
126
96
118
123
121
133
125
135
105
131
123
138
132
136
158
139
130
154
141
127
122
124
131
139
138
157
124
127
140
136
109
130
111
149
130
152
138
135
129
126
135
136
125
111
146
130
127
142
116
124
129
109
112
124
131
160
140
134
137
136
131
140
132
131
128
141
126
138
126
129
122
123
121
130
95
148
151
145
144
119
129
124
124
136
124
126
114
132
116
117
124
130
142
137
126
133
141
164
139
126
116
116
113
135
146
128
123
125
143
120
156
114
134
121
127
112
130
128
142
131
126
132
115
135
146
151
138
141
132
117
130
100
116
124
141
100
119
123
112
166
123
128
135
138
131
133
118
139
162
139
124
138
131
122
114
114
126
119
119
123
136
146
132
117
143
117
121
136
121
136
129
142
117
119
128
125
132
151
135
136
118
119
132
113
119
130
129
132
145
132
142
142
117
122
139
122
122
126
142
117
118
131
123
151
132
154
141
129
112
135
123
118
142
131
95
136
146
128
132
137
133
144
138
104
141
114
126
133
133
131
137
133
140
143
132
118
120
138
144
133
138
161
140
122
135
152
138
136
119
137
138
140
124
134
131
139
147
127
157
127
140
141
118
139
149
129
126
132
146
127
107
137
130
140
140
132
136
117
129
127
135
124
141
140
133
124
113
122
130
141
126
142
130
138
141
124
162
129
124
120
132
130
146
124
139
134
132
135
127
156
123
125
122
109
114
124
140
147
115
125
127
125
143
123
143
138
126
140
148
146
105
142
114
121
108
128
136
123
140
127
133
126
126
134
130
138
114
132
126
139
124
129
119
130
124
138
123
141
127
124
133
128
113
126
122
136
147
133
140
141
138
121
133
124
152
135
129
149
138
130
136
139
118
133
156
148
107
157
126
112
121
137
154
118
138
120
120
139
115
127
143
108
130
138
137
132
139
111
129
125
133
137
109
103
141
114
136
135
137
116
127
115
163
118
148
114
135
121
129
145
128
139
133
122
160
127
137
139
133
120
132
133
109
119
138
151
130
118
130
139
140
136
138
149
135
147
119
124
127
136
153
136
120
133
120
126
129
138
119
124
145
132
130
117
133
117
139
140
131
113
145
119
113
140
128
132
143
125
130
144
147
126
128
133
123
125
134
145
139
123
127
119
118
124
103
130
141
128
119
131
166
152
132
117
132
124
121
140
128
138
126
126
122
146
144
123
135
129
150
127
150
131
141
139
119
129
141
160
141
144
139
126
115
140
134
140
157
135
109
135
153
138
131
111
134
119
137
120
110
123
145
130
121
126
135
132
125
153
142
137
113
140
132
131
124
124
137
119
140
149
128
154
138
121
155
117
127
157
136
127
120
128
125
132
132
135
117
122
126
127
141
118
118
143
135
124
119
151
125
128
122
152
123
134
112
123
130
133
114
130
137
112
120
135
125
118
126
128
151
126
134
125
112
109
145
138
139
141
130
150
109
112
107
134
118
122
136
132
129
125
119
132
164
137
111
140
116
121
109
126
135
140
130
116
118
128
115
133
149
136
142
132
124
143
126
121
115
103
116
123
151
142
145
127
124
133
111
138
142
129
142
124
130
131
129
134
122
131
124
134
128
120
133
133
118
114
109
132
117
151
123
147
122
125
140
119
127
110
124
129
122
146
114
140
153
142
151
139
118
141
137
117
133
135
124
114
133
128
135
122
117
113
120
122
118
126
129
131
123
131
137
135
129
134
115
163
146
133
119
127
132
120
151
129
130
136
129
133
128
143
113
127
143
131
120
135
119
125
129
121
130
141
130
115
114
109
122
121
132
105
152
127
134
105
108
119
122
132
156
155
111
122
131
136
134
104
141
109
126
110
121
149
119
118
113
122
126
113
132
134
137
119
128
130
132
131
116
127
117
136
139
121
119
123
152
153
114
124
124
124
129
128
117
133
128
135
117
106
121
136
139
123
120
134
130
143
129
128
132
138
135
129
113
128
124
139
125
131
147
146
111
117
137
99
113
147
129
143
136
143
157
141
131
125
130
126
130
143
141
120
122
124
135
120
146
131
131
132
134
142
152
109
161
120
116
132
127
141
115
128
116
147
133
111
130
131
126
139
135
151
140
154
124
113
124
124
132
137
146
110
126
151
145
146
139
111
144
139
146
121
103
124
125
152
124
139
136
143
139
136
132
142
131
154
131
135
142
124
121
142
133
132
145
109
147
114
130
146
154
138
134
129
135
114
131
129
123
137
129
135
129
123
119
127
152
131
136
137
156
106
123
144
129
141
171
131
151
138
168
130
132
117
119
133
142
146
118
124
151
146
144
127
159
135
126
147
136
152
146
141
141
145
130
127
144
114
137
146
137
129
131
135
156
139
114
147
138
141
142
153
134
148
137
137
151
141
155
147
146
132
122
134
130
129
148
140
144
150
134
162
158
119
154
143
144
135
136
141
136
126
151
145
121
137
134
134
144
118
145
150
135
121
120
121
142
149
138
155
130
127
153
149
160
132
131
145
127
149
155
151
123
135
132
136
139
131
164
142
137
146
145
152
130
142
152
142
151
144
157
139
131
141
158
150
159
141
135
148
143
140
137
141
134
114
146
135
132
143
148
124
142
141
148
127
141
157
127
137
129
159
150
142
166
133
136
133
129
150
156
126
136
138
142
146
127
145
153
160
153
131
146
143
156
138
152
125
110
133
143
159
134
139
149
148
144
141
156
129
167
143
129
148
144
134
144
171
134
149
140
144
122
138
148
158
142
155
133
130
144
141
134
152
156
134
165
145
110
141
151
163
140
145
144
147
159
148
143
152
169
135
146
121
156
149
163
148
158
157
147
151
150
163
138
139
144
145
132
163
154
145
129
137
141
142
158
147
141
139
178
154
158
159
155
157
155
160
123
144
159
157
126
165
133
130
166
163
160
141
148
136
174
143
134
176
145
159
147
135
146
162
158
118
139
151
153
148
148
140
136
185
167
166
173
150
158
162
154
148
157
156
140
153
159
150
149
128
152
140
150
148
146
138
150
166
154
164
144
154
155
148
148
155
165
158
145
156
145
145
140
144
169
135
167
151
170
171
153
144
160
142
144
141
140
144
146
147
136
142
156
153
156
174
139
144
151
153
130
158
156
140
146
143
149
161
161
133
120
136
151
157
139
141
160
173
153
169
136
162
160
166
143
139
133
140
155
161
142
152
158
174
145
125
156
154
162
159
143
148
163
152
137
151
185
177
177
140
143
151
143
154
156
146
120
120
162
133
159
136
166
159
134
135
132
154
138
151
149
133
129
152
147
149
137
114
153
127
147
139
120
156
150
136
130
136
127
134
132
136
151
158
144
133
123
141
132
134
151
132
126
143
146
133
146
134
133
114
135
135
119
148
151
142
139
127
126
130
141
128
150
126
130
127
119
131
113
130
120
119
131
145
121
157
147
117
133
115
115
135
141
110
129
136
116
135
108
104
138
140
117
126
125
127
124
120
132
117
127
140
114
110
111
101
128
126
118
119
106
107
129
110
103
131
115
113
105
102
120
110
133
115
106
107
123
106
108
118
116
114
106
93
98
121
125
127
121
106
112
131
88
105
101
103
107
92
125
116
90
111
120
92
100
96
96
93
118
114
103
106
108
100
118
93
95
95
99
100
93
94
86
117
91
84
100
86
94
92
90
89
84
90
86
94
90
89
83
108
88
83
95
90
100
82
93
90
86
79
91
107
88
76
90
82
96
97
90
87
92
84
72
91
66
82
83
81
88
70
96
89
63
92
66
84
88
76
79
74
100
91
70
86
82
92
64
73
73
76
73
72
72
91
80
80
77
73
63
73
83
77
62
73
81
65
79
62
71
74
63
79
88
67
79
74
64
77
77
77
76
65
65
62
64
70
64
69
66
76
67
76
69
61
52
66
61
79
64
59
66
76
55
69
54
61
60
56
46
72
72
53
54
67
69
60
66
58
49
64
63
60
66
50
60
68
66
67
74
59
68
45
61
60
43
56
65
58
71
49
75
58
72
74
70
66
69
49
56
64
58
49
56
42
46
51
48
51
49
51
45
54
50
61
47
72
53
62
53
55
45
41
46
49
39
48
42
39
57
61
52
60
48
47
56
57
57
45
50
48
53
67
61
53
52
46
50
44
58
45
53
49
50
46
56
41
44
38
52
36
48
46
47
56
43
54
50
47
43
44
45
49
51
44
48
46
37
32
51
56
39
51
35
57
48
54
48
30
53
40
50
45
56
41
42
36
52
49
33
44
57
40
57
44
53
38
43
48
43
38
47
34
31
28
47
29
61
28
39
31
48
41
55
43
42
36
26
44
42
45
45
36
46
33
47
36
41
54
47
42
51
52
43
37
35
50
35
43
32
38
38
44
49
34
31
45
45
48
28
35
43
28
45
28
43
38
35
36
33
32
56
38
35
30
44
34
34
32
34
36
44
44
34
42
40
31
29
32
38
51
37
34
46
46
30
35
38
42
38
45
43
27
32
38
43
45
35
41
43
45
33
31
43
46
34
37
48
34
41
43
36
44
26
37
41
34
27
40
41
30
30
45
41
46
35
31
42
47
47
40
32
35
38
36
24
29
25
37
29
26
42
32
35
27
27
32
32
27
48
36
22
35
36
29
41
40
31
28
38
33
40
31
35
40
32
33
37
31
33
36
34
36
30
36
30
35
37
36
39
34
29
38
43
37
30
39
37
36
26
32
29
39
29
25
35
32
42
34
35
31
31
30
39
34
47
44
46
48
43
41
36
39
46
36
37
45
34
39
41
45
30
38
31
39
50
30
34
26
48
42
41
48
31
38
44
45
30
37
42
49
42
40
52
46
44
35
52
39
42
40
69
47
42
45
53
44
48
64
51
50
42
38
49
44
53
47
44
55
48
46
63
54
54
51
61
66
57
51
42
67
59
50
35
53
74
69
66
48
76
53
62
58
64
50
61
76
50
70
67
89
64
57
71
75
73
63
58
92
89
73
60
71
70
71
93
65
93
69
81
70
101
79
81
86
84
85
92
113
113
90
98
106
109
91
96
111
109
140
112
102
107
114
119
132
116
114
123
124
113
126
136
120
141
135
119
161
138
125
128
150
127
148
146
147
154
181
151
143
154
184
154
170
155
154
161
173
178
179
169
149
175
219
209
192
165
210
203
230
213
208
225
217
217
228
200
253
213
204
216
231
248
236
241
273
220
269
259
266
237
260
250
283
243
244
278
295
307
291
262
266
302
285
269
303
323
314
307
336
331
291
316
332
354
336
352
362
349
349
368
384
392
388
349
374
356
349
372
349
393
357
394
403
382
422
437
439
386
409
444
420
435
450
421
454
418
461
475
437
460
458
488
474
505
499
475
506
525
476
491
501
526
533
487
496
480
545
514
502
535
541
534
540
525
499
538
519
540
519
563
546
547
564
585
570
550
557
566
548
631
610
614
641
601
573
615
575
627
585
576
616
642
602
613
586
670
655
604
645
663
667
635
629
665
630
669
634
632
624
652
661
633
650
692
679
657
632
600
667
645
674
674
687
679
648
676
683
638
654
652
621
655
647
662
672
656
708
684
669
714
660
640
641
683
661
649
677
666
717
693
657
664
657
674
673
720
688
681
671
659
646
639
700
648
643
636
638
642
610
643
684
658
676
653
691
632
637
618
666
644
660
683
639
657
622
592
629
627
668
625
652
583
633
594
653
649
561
599
580
610
567
581
589
567
556
624
609
620
593
603
624
632
602
585
556
549
552
629
594
569
547
541
527
503
552
537
550
519
543
524
543
511
551
495
541
463
493
501
479
484
491
474
469
453
463
473
467
455
463
449
483
456
476
455
447
482
453
467
449
445
450
458
425
411
401
454
412
394
404
397
428
374
388
388
393
407
400
383
386
378
378
347
359
371
338
323
333
326
362
361
357
331
318
335
354
308
288
331
337
328
315
313
347
289
300
308
303
300
281
301
259
287
288
290
265
261
258
282
253
284
283
262
227
246
234
231
223
262
234
204
239
230
236
227
252
235
237
244
217
204
230
204
214
183
199
194
227
178
212
195
190
201
197
173
197
209
196
199
187
175
167
142
164
160
180
158
155
140
154
156
178
164
162
151
182
144
148
122
163
132
143
128
157
118
149
161
148
141
144
138
133
138
134
141
125
124
119
129
123
117
135
116
121
122
118
123
117
106
116
122
116
112
117
94
110
111
93
100
87
100
104
105
98
94
99
100
97
106
84
96
102
95
81
77
99
87
90
74
85
85
68
96
89
62
93
94
84
81
105
91
101
75
73
77
72
79
77
74
91
79
77
63
74
69
79
61
75
77
61
75
79
86
73
66
75
63
70
66
68
56
60
60
74
80
70
69
65
53
71
63
49
57
68
62
52
55
62
50
64
58
61
60
59
62
65
51
73
57
56
50
70
53
56
50
59
57
65
46
51
63
51
37
62
61
48
60
54
58
45
48
47
53
45
52
51
52
39
50
54
45
61
59
35
53
54
49
34
49
50
40
48
50
41
57
46
41
40
46
45
51
46
40
44
51
39
43
39
41
31
44
49
41
50
53
41
40
41
50
45
35
33
44
37
39
38
47
34
43
38
39
42
30
48
45
49
38
34
33
32
43
40
42
34
29
37
27
31
42
40
31
35
40
31
40
44
32
36
40
38
34
36
27
29
27
23
31
33
28
36
37
36
31
36
34
34
33
39
32
30
25
29
23
24
29
29
28
23
33
36
32
26
34
28
32
34
37
35
32
30
27
37
30
28
24
26
33
35
38
31
25
33
40
26
24
28
19
22
32
32
44
26
39
30
31
26
35
28
20
24
34
28
41
34
36
27
40
29
23
26
31
30
21
31
37
28
30
32
25
32
27
24
28
36
22
30
28
19
28
32
31
28
28
23
19
30
28
21
27
29
43
32
36
25
27
28
27
31
23
32
27
20
30
27
31
29
28
33
29
28
27
31
32
20
21
28
23
34
26
27
17
21
23
33
34
33
32
24
22
35
24
31
27
31
17
32
28
28
27
22
24
26
21
22
39
22
23
29
22
40
32
25
19
26
29
23
28
32
28
36
31
27
38
36
36
21
24
22
21
35
21
29
34
32
22
29
34
26
25
25
20
27
26
26
29
35
29
38
17
27
31
25
32
28
21
36
31
41
28
28
28
35
22
21
38
31
27
23
30
28
25
21
31
31
23
29
28
31
24
30
28
23
29
22
35
34
26
27
35
34
31
28
32
38
29
29
31
24
31
27
21
22
32
33
25
36
22
29
30
23
29
32
24
26
30
38
27
14
22
26
40
23
18
31
23
25
30
38
26
28
26
39
32
25
32
28
24
34
27
26
30
24
31
19
37
22
25
27
30
26
24
25
23
29
23
34
28
34
26
27
24
26
33
30
26
32
26
28
24
31
22
32
33
33
29
15
37
28
31
30
23
19
23
30
41
25
26
33
35
29
22
24
31
25
23
30
26
34
20
30
27
33
27
30
25
26
27
32
26
29
24
35
29
18
39
25
21
22
15
29
26
19
26
28
22
21
25
28
24
28
22
39
27
19
20
24
32
25
20
32
24
26
30
19
26
20
28
17
29
37
31
19
16
32
23
18
22
16
20
19
21
25
22
29
24
24
23
23
19
22
16
25
22
17
28
25
28
23
22
22
21
27
20
21
26
18
12
27
19
26
23
20
22
30
22
17
16
26
23
34
24
23
23
20
16
16
29
23
16
25
22
18
20
20
31
22
30
18
19
22
25
26
22
23
19
13
26
22
25
24
17
15
16
27
24
23
18
16
22
18
25
18
13
21
20
13
21
32
16
18
17
17
21
28
28
21
29
18
15
23
14
16
23
19
16
9
17
22
20
19
18
23
27
15
21
18
12
14
12
27
22
10
10
13
19
19
12
16
23
22
22
13
31
15
22
23
25
24
21
29
16
10
16
28
15
21
18
19
13
16
20
10
18
15
21
30
19
19
18
21
15
16
10
11
18
15
16
19
18
15
23
13
21
17
15
17
23
9
14
18
24
11
19
16
20
20
14
18
17
22
16
23
15
16
22
17
19
20
16
21
13
18
17
13
22
15
20
16
17
15
14
22
22
14
17
18
19
16
17
13
15
11
18
15
12
16
18
21
15
7
10
19
17
23
14
17
14
11
19
22
18
17
18
15
12
14
19
16
10
12
17
16
12
16
18
18
18
18
20
12
19
8
17
9
13
14
17
16
11
13
14
15
15
16
17
16
11
21
14
17
16
24
17
17
14
18
16
13
10
18
21
13
13
13
23
19
10
23
17
19
18
17
15
12
8
19
19
13
17
15
23
11
15
19
22
26
12
16
16
16
18
18
14
16
23
18
8
15
16
16
17
14
18
18
11
8
14
16
16
12
14
17
11
19
13
14
11
16
11
18
14
10
20
16
6
14
14
13
9
17
17
15
15
10
12
16
14
11
16
9
14
10
15
12
10
16
15
14
10
7
11
14
12
11
21
14
5
10
15
17
12
14
14
10
17
12
5
19
13
12
11
14
5
3
15
9
12
21
12
10
20
10
10
14
14
8
15
16
11
10
9
9
20
14
13
8
13
10
12
9
8
10
14
10
13
10
19
9
9
6
6
10
7
10
11
7
12
8
8
13
7
15
8
9
8
8
10
8
10
16
18
16
12
8
13
6
10
5
12
12
5
13
10
8
7
13
17
9
8
9
8
9
13
15
12
8
10
14
11
11
8
13
6
8
11
4
7
8
16
10
16
8
11
10
9
4
5
8
9
10
4
5
8
6
8
4
9
6
15
8
7
6
8
7
6
7
9
11
12
6
12
11
3
7
7
8
5
9
7
5
10
12
6
6
9
10
8
7
6
11
9
6
9
9
4
11
14
9
4
7
7
6
4
6
7
9
3
8
7
5
6
6
7
3
5
8
9
10
8
10
8
5
8
6
12
12
4
8
6
9
9
5
6
7
9
6
8
7
8
7
8
9
8
6
5
8
3
5
5
6
6
9
12
2
4
6
6
4
4
7
8
5
4
5
6
9
5
7
5
9
10
5
3
4
7
2
5
6
5
6
3
4
9
3
5
7
3
6
9
3
5
5
3
2
2
7
8
6
5
4
4
7
5
3
8
5
7
4
8
5
9
5
7
12
3
6
12
6
8
5
5
8
1
4
7
8
5
4
3
12
4
9
6
6
5
6
2
7
1
4
7
5
4
5
7
7
8
7
5
9
6
7
8
8
3
6
3
2
4
2
7
10
7
3
6
3
6
2
7
8
6
5
9
3
6
7
8
4
2
9
4
8
9
8
3
4
10
2
5
5
5
6
6
7
8
5
3
9
8
6
9
3
4
10
7
9
6
3
9
11
11
7
8
7
8
2
5
2
7
4
11
5
6
12
4
4
8
10
5
6
4
4
4
6
6
4
5
5
3
5
6
3
4
5
7
9
9
4
5
13
4
3
5
10
7
5
8
9
6
5
6
4
6
7
8
7
8
6
5
5
8
7
11
8
2
8
9
9
6
5
5
7
9
7
8
8
7
12
6
5
12
6
6
10
7
8
5
10
10
12
6
7
5
3
12
9
9
9
9
6
5
6
13
5
10
5
14
8
12
7
5
5
5
4
6
7
5
8
9
11
11
8
13
10
11
5
5
7
9
9
10
10
12
11
8
9
15
19
8
10
5
7
9
8
11
11
10
11
5
8
7
10
13
12
13
9
9
10
14
9
14
18
9
9
12
8
3
9
14
16
16
16
16
11
14
10
14
16
17
16
12
12
11
14
6
14
17
14
9
16
19
13
11
11
14
15
15
18
23
11
19
14
11
18
13
10
14
11
12
14
15
16
17
17
15
15
14
14
15
17
24
18
21
21
11
21
21
17
19
16
11
15
15
16
16
15
19
21
15
18
23
15
22
15
20
14
18
23
17
20
19
16
21
24
21
29
22
21
29
29
18
25
24
32
20
22
18
27
17
19
17
24
27
24
29
22
26
27
28
28
27
17
26
26
25
28
31
21
25
22
13
34
31
30
25
32
20
29
32
26
32
29
27
22
21
23
26
27
28
25
21
27
30
29
28
26
28
36
21
19
37
35
35
27
26
23
29
32
30
34
37
35
34
29
35
29
33
42
30
32
32
26
35
41
24
36
38
22
20
28
30
36
38
30
42
47
38
38
30
37
37
28
39
39
35
24
23
28
41
30
32
23
28
37
31
32
40
58
35
26
28
38
30
36
27
31
46
33
31
36
28
32
32
27
29
30
31
28
35
41
26
34
32
28
33
31
25
40
31
26
31
46
51
52
31
35
37
41
33
28
41
28
46
32
24
29
36
29
35
35
35
31
22
20
38
31
40
31
38
26
33
32
22
17
28
32
32
28
34
40
31
40
31
29
21
38
30
34
23
29
31
31
34
27
26
26
28
31
29
39
32
29
38
26
18
33
21
28
28
33
32
27
29
29
30
32
29
30
33
27
35
21
33
31
27
27
27
26
30
31
33
33
26
32
21
24
22
27
25
24
16
30
22
23
20
30
26
20
24
32
21
22
22
18
33
29
24
20
30
21
16
17
21
18
17
22
21
28
18
25
22
20
20
14
19
18
17
22
14
28
22
18
16
21
27
17
21
21
19
21
20
13
20
17
22
18
19
16
18
19
17
14
28
13
19
15
17
23
15
21
12
15
20
13
13
14
16
15
17
18
16
13
14
6
5
11
15
14
18
21
12
25
13
16
10
12
10
14
8
17
14
17
14
16
11
12
12
10
11
4
11
8
11
14
13
12
15
7
16
13
6
11
9
12
15
12
6
4
14
11
12
9
4
10
11
7
10
11
8
9
10
12
14
11
12
5
10
8
9
4
15
9
8
4
12
5
7
6
5
7
5
4
1
6
7
7
8
11
10
6
2
4
13
8
2
6
5
7
5
6
11
6
8
4
10
5
14
8
7
6
7
6
6
2
3
7
9
5
3
3
4
9
1
5
2
1
2
5
8
2
5
3
3
7
3
3
5
4
11
2
7
2
6
6
7
5
4
4
6
6
5
7
3
7
5
5
4
4
2
6
3
3
4
3
5
3
8
3
3
5
4
2
4
5
7
6
6
1
3
5
2
2
6
4
4
3
5
5
1
1
1
2
4
4
6
2
1
3
6
2
5
3
4
4
1
3
2
3
3
3
2
3
2
5
7
1
4
2
3
2
4
2
1
2
1
3
4
2
3
6
3
2
2
2
0
1
3
3
3
2
1
1
2
3
3
2
3
1
1
3
2
6
2
3
2
1
5
0
1
3
1
0
2
2
1
1
3
1
2
4
0
2
1
1
3
2
2
0
4
3
3
1
1
3
2
1
0
2
0
2
0
2
3
4
0
1
3
3
1
2
1
3
1
2
2
0
0
3
4
1
0
3
1
2
0
1
3
2
2
2
4
1
1
2
0
2
0
1
1
0
1
2
0
1
2
2
5
2
2
1
1
0
2
2
0
1
4
0
0
2
2
2
1
0
1
3
2
2
0
3
5
1
3
0
1
2
0
2
6
0
1
4
1
1
1
1
2
2
1
1
1
1
3
1
2
2
1
1
2
0
0
1
2
2
1
1
1
1
1
0
1
1
1
1
1
2
2
2
1
1
0
1
1
2
0
0
0
2
0
0
2
2
0
1
1
0
2
1
1
2
0
0
1
1
0
1
2
1
1
0
1
1
1
0
0
1
1
2
2
0
1
1
2
0
1
0
1
0
4
1
1
1
3
2
1
1
4
1
0
1
1
3
1
0
1
1
1
2
1
1
0
2
0
0
0
2
1
0
1
1
0
0
0
1
1
0
0
0
0
1
1
2
2
0
1
1
2
0
0
0
0
0
1
2
0
1
0
2
0
0
1
0
0
0
0
1
1
0
1
0
1
2
1
0
1
0
0
0
1
3
0
1
1
1
1
1
0
0
1
0
1
1
2
0
0
1
0
1
1
2
0
0
4
0
1
0
1
0
1
1
1
2
0
1
3
0
1
5
0
1
0
0
1
1
1
1
1
1
1
0
4
1
0
3
1
1
2
1
0
1
0
0
1
0
1
1
2
0
1
1
1
2
1
3
2
1
0
1
0
1
1
0
0
0
0
0
1
1
1
1
0
0
4
0
1
0
0
1
0
0
1
2
2
1
0
2
0
0
1
1
1
1
1
0
1
3
1
1
2
1
2
0
1
1
1
1
1
1
0
2
0
0
0
0
0
1
0
0
1
0
1
1
1
1
2
1
1
0
0
3
2
1
1
0
1
2
3
0
3
0
1
1
0
0
3
2
0
2
2
1
1
1
2
1
1
1
0
3
2
1
1
2
0
1
0
1
0
0
1
1
1
2
2
0
0
1
1
0
0
0
0
0
0
1
1
0
2
1
1
1
1
1
0
0
0
2
0
1
0
0
1
1
3
0
1
1
2
0
0
2
2
1
3
0
1
2
0
0
1
0
1
1
0
0
2
1
0
1
2
1
1
1
1
1
2
1
0
3
0
1
1
1
0
0
2
2
1
1
4
1
1
1
1
1
2
0
1
1
1
0
0
0
1
0
1
1
0
1
0
0
1
0
2
0
1
1
0
2
1
0
1
2
1
2
0
1
0
2
0
1
0
0
0
1
1
1
0
3
1
2
0
1
1
2
0
0
1
1
3
0
0
2
2
1
1
3
1
1
1
0
0
1
2
2
1
0
1
0
3
0
0
0
4
3
3
0
1
1
0
4
0
4
1
1
0
3
0
1
0
3
0
1
1
0
1
0
0
1
1
2
0
21
29
26
22
21
26
21
23
22
31
21
25
14
29
17
16
23
19
26
25
26
17
24
18
15
21
10
20
29
19
17
20
24
25
15
20
23
21
22
26
18
23
17
21
15
24
18
15
19
17
15
12
20
12
13
15
21
23
31
18
18
19
21
21
20
21
31
24
16
17
18
15
33
13
21
20
15
17
13
21
12
21
21
15
15
12
13
20
25
20
17
23
17
20
21
28
16
20
20
23
22
25
21
19
20
12
28
17
16
18
13
21
17
18
21
20
30
22
22
14
22
20
17
17
27
23
28
9
