9
11
13
12
20
17
20
11
17
23
19
17
11
18
17
14
15
19
19
10
10
25
12
9
14
15
12
11
11
18
8
12
9
10
10
11
11
13
17
16
13
16
12
10
14
14
6
9
6
15
10
10
11
10
13
3
14
20
43
60
93
195
278
351
377
366
391
398
454
581
751
875
945
930
821
676
627
571
575
515
411
424
418
436
421
403
430
413
412
395
393
411
415
435
402
395
378
433
377
395
394
403
386
384
385
367
439
404
365
403
377
342
407
413
360
376
345
399
363
404
413
385
377
426
386
388
386
403
384
360
363
385
401
387
365
379
391
361
422
361
340
378
357
368
411
375
404
417
362
389
391
338
401
411
430
420
390
419
403
390
402
354
359
383
384
400
379
373
382
434
391
389
418
397
382
440
367
396
382
394
458
384
399
365
445
442
382
439
445
414
390
442
408
402
416
425
436
460
407
450
446
410
421
423
398
382
406
451
420
389
429
385
413
430
444
423
482
430
473
438
431
462
401
445
408
423
454
475
437
466
424
435
427
441
469
482
446
429
462
465
504
465
459
450
414
443
453
477
483
484
456
484
496
452
478
482
485
463
474
467
484
458
486
502
462
511
507
485
469
445
510
477
447
487
467
481
532
507
494
502
500
512
480
505
473
529
530
539
535
475
491
507
565
492
526
523
537
501
514
501
529
495
491
596
491
491
524
532
574
517
593
506
568
554
573
532
548
523
535
518
562
545
563
583
573
548
555
542
554
558
545
529
606
574
579
562
559
618
579
616
580
524
554
578
605
567
561
577
542
546
604
589
574
584
566
615
606
570
588
581
611
587
577
594
627
599
597
561
622
556
620
621
605
605
553
543
619
560
542
623
533
583
618
622
608
591
618
573
597
579
580
583
661
621
635
564
553
596
578
611
590
634
615
579
654
539
617
625
624
607
614
578
638
606
611
579
644
602
636
576
606
595
606
622
602
628
632
593
607
589
662
595
607
634
631
607
663
584
605
649
627
573
593
580
633
582
663
624
618
611
622
618
609
633
627
612
645
614
619
591
646
594
642
617
633
628
611
624
589
607
612
631
621
607
615
627
641
593
627
621
578
591
640
674
638
650
620
611
648
653
633
665
625
630
652
655
678
647
670
646
596
617
652
618
646
617
670
620
654
651
618
654
653
620
680
620
601
665
675
620
604
646
621
616
660
638
622
635
644
586
630
655
676
632
633
679
657
661
631
566
650
632
668
641
628
660
624
619
659
660
638
675
683
670
620
648
658
635
623
646
635
629
641
638
640
654
686
669
622
657
662
640
685
621
634
628
630
609
662
662
644
617
678
641
622
628
629
666
639
658
613
664
655
605
640
668
629
630
673
661
653
622
610
637
639
695
660
623
657
666
662
646
628
633
654
648
665
667
662
639
609
641
627
625
663
641
614
664
655
639
628
648
662
649
700
659
647
685
640
657
611
662
659
657
656
659
649
632
649
657
644
642
604
665
613
637
648
615
591
688
624
609
617
655
619
635
631
617
664
652
666
638
633
606
663
659
687
624
687
674
652
620
681
660
646
651
642
639
682
683
656
643
630
662
666
650
634
652
691
628
649
642
671
635
674
618
645
607
652
661
682
597
590
627
692
649
619
674
668
690
644
680
686
657
689
640
664
666
637
691
693
643
655
717
673
635
685
672
644
626
648
715
684
695
717
657
707
686
680
721
662
686
678
683
688
647
681
687
674
673
729
661
698
667
684
716
702
705
738
713
721
725
708
701
707
670
699
744
754
723
720
779
759
717
706
706
739
704
710
727
743
726
719
735
694
751
732
711
727
731
789
753
700
766
789
791
747
769
715
757
780
735
737
724
739
700
747
738
795
786
774
749
745
736
718
753
756
722
726
748
768
795
797
792
731
790
765
773
801
807
810
794
795
746
736
813
796
756
796
787
809
800
771
783
807
830
762
803
757
755
827
794
810
730
763
756
784
760
759
735
775
782
757
792
762
792
755
793
750
746
760
766
829
733
751
728
809
775
800
738
761
764
728
759
782
731
726
729
715
755
692
774
741
738
760
766
759
756
714
749
742
709
742
753
742
740
730
747
748
731
731
745
744
727
722
736
763
752
787
756
712
729
689
729
753
734
711
690
720
740
731
735
721
716
718
687
699
712
678
678
664
715
740
719
709
739
713
687
760
706
703
711
729
684
664
734
687
714
712
694
697
683
733
703
721
692
706
747
698
685
666
674
747
680
650
681
716
679
671
707
696
688
711
687
688
679
667
651
678
677
733
696
681
681
678
627
629
709
626
682
691
713
642
658
720
637
709
691
665
642
686
674
676
691
632
660
661
634
680
646
664
667
696
660
661
650
713
648
651
672
693
627
668
645
631
700
676
655
678
636
645
653
624
654
651
660
694
661
644
671
664
641
637
653
683
649
667
683
624
630
599
677
666
603
621
678
651
674
610
633
595
659
670
644
663
574
639
611
639
627
685
620
665
662
661
667
659
656
619
621
678
615
668
651
625
663
604
627
628
617
681
621
650
651
629
593
645
629
612
640
643
570
599
629
609
622
593
587
571
582
610
542
609
619
630
611
549
593
620
594
620
623
628
627
563
590
578
628
562
607
588
572
582
575
626
615
577
604
597
596
593
529
622
578
594
611
594
585
590
607
612
648
579
557
576
590
601
563
586
588
592
537
525
607
579
600
569
556
619
573
525
572
573
577
548
579
567
576
563
536
534
534
581
585
587
580
536
575
535
533
578
576
568
524
549
528
594
575
528
559
575
567
533
594
578
606
549
590
543
579
556
566
570
563
552
538
521
574
512
547
567
557
529
509
543
523
603
567
556
516
547
593
563
532
566
520
582
518
533
519
584
486
499
482
544
535
535
513
531
543
593
535
465
523
522
559
569
542
546
521
541
488
505
559
566
528
512
509
490
558
526
505
530
562
514
529
501
526
524
553
529
562
500
570
550
531
562
557
505
504
482
531
501
536
557
505
529
512
509
510
540
533
510
559
528
545
536
531
542
507
506
517
548
588
592
537
484
553
492
517
492
481
496
525
531
529
526
533
508
509
575
538
471
516
491
529
533
557
510
508
497
538
547
535
558
508
497
495
471
509
474
528
543
522
498
538
485
566
545
532
538
532
505
529
499
488
495
494
502
510
538
540
509
501
513
546
518
514
506
538
566
531
517
525
546
518
452
563
495
477
503
483
519
499
535
476
521
511
471
456
534
514
524
503
492
521
507
538
524
558
485
461
487
493
462
520
448
507
518
496
460
491
483
510
506
455
516
518
498
471
503
454
486
504
486
527
534
515
465
443
525
530
480
486
468
507
498
542
488
477
500
459
488
503
495
478
509
477
490
472
509
480
468
506
477
477
512
462
443
474
423
457
494
458
477
462
478
482
430
478
484
462
464
454
467
458
482
479
432
481
469
473
420
460
448
483
456
480
455
447
424
454
454
440
441
454
447
431
469
442
402
449
426
476
452
430
432
378
452
429
417
444
416
431
458
408
425
457
416
434
429
473
402
407
479
426
396
412
430
422
407
430
375
393
354
409
391
364
431
414
407
435
351
384
416
372
397
370
393
394
391
387
383
427
421
381
366
408
389
369
413
377
368
388
381
394
352
396
389
387
395
369
398
359
379
357
348
363
360
352
418
356
349
372
359
364
360
358
343
340
337
321
341
337
373
375
339
351
315
349
350
333
337
328
330
352
296
357
366
310
311
310
345
344
347
337
331
319
343
329
343
306
327
272
299
344
291
311
306
306
331
276
325
314
282
334
323
300
298
314
284
291
304
307
275
304
291
312
325
307
319
271
299
334
306
275
281
297
329
261
256
307
260
282
299
302
268
272
284
284
293
297
277
277
276
260
281
270
289
284
274
242
267
282
265
296
266
249
298
281
263
270
267
283
264
280
275
263
255
265
244
264
305
246
253
238
267
248
265
269
256
282
275
278
276
237
274
281
281
230
248
257
272
262
249
269
268
228
280
265
229
262
235
246
244
234
232
259
224
272
258
225
251
256
270
263
250
261
250
262
237
281
225
239
234
233
210
282
202
206
239
263
212
222
251
226
225
219
228
233
244
220
223
245
232
242
247
219
236
254
220
197
232
241
225
237
242
213
239
222
232
216
233
215
252
227
230
235
214
220
229
228
235
203
228
250
229
234
236
224
219
221
227
232
227
235
219
234
228
220
214
180
223
227
244
204
211
229
217
205
217
243
203
227
236
227
243
196
205
223
229
203
224
233
212
245
208
196
202
223
238
223
225
193
213
208
224
244
214
235
229
209
238
194
210
211
202
222
213
232
231
203
216
226
202
208
174
206
228
207
236
189
205
202
222
207
226
193
250
224
185
205
236
219
205
240
217
201
217
203
204
206
177
245
191
203
235
196
202
216
208
191
226
221
190
201
189
197
194
211
206
214
217
187
194
183
213
192
205
209
191
193
202
204
226
199
199
226
198
212
202
204
207
227
218
209
226
194
210
209
205
219
184
186
196
195
191
206
214
212
197
183
196
212
184
194
187
198
214
191
211
179
170
193
190
188
219
190
196
199
193
198
205
203
220
219
192
187
191
210
195
191
207
202
179
190
200
168
204
192
195
189
185
216
208
204
196
191
207
204
203
189
189
202
176
197
191
229
216
220
213
231
221
204
195
181
222
194
225
218
203
213
214
205
197
214
194
210
184
208
206
219
203
213
234
209
207
237
233
245
215
225
230
219
236
248
222
200
240
220
227
239
235
203
225
209
252
265
210
250
253
288
266
261
229
267
288
265
263
257
247
242
260
276
286
267
251
269
263
262
287
300
264
287
311
290
315
304
296
294
300
321
329
303
342
308
300
294
304
335
343
322
352
357
361
340
357
344
364
374
392
352
380
376
405
379
388
382
376
403
384
432
422
423
419
425
431
390
421
438
461
439
427
434
403
477
521
482
464
511
496
525
534
518
529
539
513
495
587
516
587
590
556
581
624
537
577
608
591
613
597
603
616
654
674
699
595
647
619
625
650
715
682
687
710
692
686
716
703
739
769
708
721
752
778
739
771
765
738
814
835
807
839
814
837
866
862
853
810
872
848
828
881
923
887
908
907
933
912
905
941
920
974
945
945
1003
944
984
1039
1008
1048
1016
967
1052
1062
1101
1034
1099
1067
1036
1073
1118
1135
1137
1149
1193
1133
1104
1109
1140
1155
1093
1225
1179
1184
1148
1234
1225
1226
1219
1161
1241
1234
1249
1156
1212
1246
1286
1237
1292
1192
1265
1270
1353
1288
1326
1349
1332
1291
1370
1328
1345
1383
1372
1386
1307
1394
1394
1361
1454
1402
1388
1410
1470
1416
1459
1417
1458
1526
1442
1486
1531
1489
1558
1525
1546
1592
1468
1538
1529
1507
1580
1585
1543
1605
1526
1567
1593
1617
1586
1630
1564
1632
1675
1681
1701
1658
1585
1619
1616
1719
1651
1723
1713
1678
1716
1635
1704
1815
1728
1742
1737
1776
1689
1876
1716
1783
1788
1762
1758
1864
1841
1834
1808
1821
1905
1754
1810
1780
1819
1936
1834
1935
1933
1851
1903
1876
1884
1919
1970
1937
1909
1887
1913
1934
1898
1933
1939
2021
2009
2020
2036
1993
1961
2062
1915
2038
2116
1977
2091
2024
2019
2083
2103
2027
2083
1993
2126
2101
2182
2116
2106
2067
2121
2091
2054
2119
2110
2159
2115
2082
2168
2132
2088
2068
2165
2124
2109
2080
2196
2158
2133
2153
2137
2059
2197
2138
2204
2187
2140
2184
2113
2112
2170
2129
2177
2207
2128
2184
2163
2109
2129
2214
2191
2203
2151
2193
2062
2115
2125
2186
2154
2189
2147
2128
2096
2147
2186
2118
2157
2071
2127
2100
2194
2138
2031
2142
2068
2103
2109
2114
2183
2128
2072
2084
2089
2093
2102
2126
2070
2021
2046
2060
2028
1974
2000
1980
2065
1988
1935
1953
1946
1892
1912
1997
1930
1963
1946
1916
1888
1876
1852
1833
1861
1842
1969
1845
1877
1794
1790
1859
1789
1800
1793
1833
1690
1704
1718
1736
1762
1687
1739
1631
1659
1645
1605
1660
1636
1504
1589
1624
1588
1491
1613
1553
1538
1487
1500
1443
1447
1451
1503
1443
1407
1466
1384
1443
1401
1394
1337
1375
1342
1279
1260
1305
1288
1305
1304
1230
1296
1164
1215
1188
1179
1194
1144
1221
1199
1118
1111
1070
1103
1093
1137
1093
1015
1045
1058
1029
1009
960
994
1032
990
887
922
937
915
938
882
885
859
850
824
860
814
834
766
792
771
816
774
729
729
698
725
680
696
695
665
698
675
658
610
602
650
621
586
655
645
544
576
559
580
583
548
546
507
512
501
552
532
464
519
510
484
472
476
469
511
443
429
428
402
426
403
440
407
412
379
384
376
373
374
371
372
361
370
301
356
304
352
321
339
300
303
347
323
309
257
332
304
274
298
296
269
285
266
245
260
231
268
259
274
239
255
266
220
247
191
246
227
235
218
235
219
228
224
206
224
216
216
189
180
210
187
198
171
195
188
178
191
175
159
194
173
186
153
172
207
164
170
161
171
170
147
142
164
142
148
162
158
161
155
178
156
149
151
164
157
157
111
139
133
132
150
150
135
127
118
149
134
131
138
154
131
130
134
137
150
123
132
126
124
138
134
137
117
141
132
150
133
152
114
116
141
101
141
132
112
140
124
126
122
127
98
118
104
107
113
129
91
118
122
104
107
100
116
105
112
114
112
119
116
107
118
122
109
108
97
111
114
115
114
116
113
111
113
104
117
105
93
112
107
94
123
110
100
104
102
102
113
88
91
97
90
97
95
113
99
92
99
107
94
101
92
99
80
90
107
102
98
102
99
106
76
93
103
82
93
95
101
94
87
102
102
83
97
98
93
104
91
92
82
84
84
101
101
106
74
101
99
88
82
111
97
86
102
95
86
98
84
94
113
107
93
91
97
89
101
105
85
108
104
96
94
87
79
77
82
96
70
87
81
101
99
92
93
92
95
84
86
94
107
99
88
90
92
87
83
93
76
88
79
99
92
86
70
96
87
83
90
96
102
79
82
90
96
83
88
92
92
86
97
111
84
81
91
91
102
67
84
85
96
85
90
76
94
94
82
84
111
88
87
85
82
100
107
97
82
70
69
105
99
77
96
86
100
98
98
92
77
107
84
76
103
94
78
88
91
89
74
80
86
85
92
103
93
95
75
77
91
72
93
108
89
93
80
89
95
84
91
95
97
85
79
89
87
91
82
98
85
105
96
106
94
81
89
79
92
81
84
92
88
102
87
93
77
82
87
87
83
88
82
78
103
80
84
91
81
82
106
80
90
84
89
82
84
76
94
91
84
78
84
101
87
98
80
81
80
88
83
79
80
82
79
88
99
83
83
88
83
86
89
84
98
76
82
98
75
77
75
81
96
73
84
90
90
81
92
100
96
75
82
94
94
82
91
81
73
71
93
98
92
89
101
95
75
91
94
96
77
89
89
90
89
96
114
80
70
87
105
96
84
92
100
80
78
109
87
78
93
97
93
83
78
93
94
69
94
82
92
67
89
106
88
71
76
86
74
75
94
79
90
97
93
78
85
73
93
81
92
86
87
84
82
93
84
83
74
95
86
88
88
79
80
83
70
90
81
114
85
93
76
88
93
81
96
69
93
65
91
93
88
89
88
86
94
111
102
85
94
110
92
80
78
79
120
74
88
70
91
85
81
101
90
80
86
75
86
87
76
77
94
102
93
94
91
80
91
80
73
88
111
80
92
95
80
97
89
89
77
84
86
96
71
110
75
80
88
105
83
97
82
78
95
102
82
84
85
84
81
83
82
95
82
83
77
86
95
86
92
96
90
91
95
105
96
99
80
96
69
73
83
80
95
97
89
89
88
97
84
76
80
75
96
86
71
90
99
91
90
98
95
104
82
76
95
96
103
92
92
77
90
102
98
79
83
85
94
104
95
84
78
93
99
96
81
103
88
87
84
94
73
91
84
100
82
82
102
93
92
97
96
83
101
90
75
92
91
87
83
77
80
74
90
88
92
106
93
90
96
89
83
84
88
66
91
90
90
87
96
112
93
82
84
95
84
85
83
79
94
89
89
96
92
90
88
93
92
83
70
91
66
83
78
90
72
81
91
73
92
95
79
83
88
100
89
96
75
93
91
93
95
81
98
92
93
78
82
91
103
93
89
87
95
94
99
89
92
84
84
101
102
90
82
76
87
96
93
91
85
79
80
106
86
94
93
94
83
96
100
105
96
74
97
85
95
73
94
73
91
87
90
83
99
111
73
88
74
88
86
94
87
86
99
88
80
71
75
96
77
91
78
72
91
96
85
74
80
77
87
102
92
81
72
100
95
61
80
82
67
87
67
88
86
97
98
86
75
78
83
82
98
80
88
82
94
97
72
80
113
76
97
63
89
84
90
85
81
105
105
96
83
94
98
82
79
82
89
76
94
92
93
88
80
86
78
100
80
92
92
82
85
82
81
87
74
79
92
87
69
93
95
99
77
90
80
85
79
96
72
80
89
92
77
93
91
96
87
89
90
97
84
98
86
92
107
82
97
81
78
97
96
86
89
85
74
89
77
76
75
95
77
84
88
93
78
102
106
90
94
85
87
96
96
106
77
87
84
90
105
79
103
82
94
93
110
80
104
71
83
92
86
77
100
98
87
74
83
94
89
82
81
86
77
86
89
97
74
83
91
80
89
95
78
78
85
84
89
84
89
90
91
89
72
92
90
85
82
90
97
87
89
78
81
96
97
77
94
91
102
88
101
82
75
82
83
91
88
89
84
70
77
91
90
75
97
84
71
100
89
93
100
73
91
82
104
93
80
88
94
91
89
81
93
74
83
90
85
101
80
94
71
82
80
65
88
103
73
90
112
96
82
97
70
85
70
72
83
95
92
80
90
103
68
99
75
77
76
80
80
81
98
85
98
96
89
84
85
108
85
78
89
93
90
83
86
97
96
84
98
86
76
95
80
94
70
94
99
85
76
95
83
71
74
75
85
74
81
81
89
78
97
83
82
88
108
90
86
93
86
78
87
94
92
76
97
76
97
83
93
74
85
100
86
80
92
98
88
92
98
91
98
93
80
98
75
92
83
98
100
92
66
73
89
85
111
87
80
86
99
85
77
93
90
83
95
84
81
85
93
78
90
76
91
81
99
97
90
85
91
103
79
75
90
77
104
76
95
100
70
89
87
92
87
86
94
95
67
100
63
88
95
88
101
96
78
89
89
92
98
85
96
85
85
94
78
83
104
98
79
70
83
94
95
84
81
107
96
101
84
87
97
83
87
72
97
79
97
104
106
86
71
93
90
84
77
72
92
70
91
93
81
89
87
91
96
65
78
88
86
81
72
94
80
92
65
85
74
94
89
87
94
96
81
105
85
75
76
101
93
89
92
86
88
80
78
83
97
89
66
93
96
85
98
86
88
88
91
86
121
106
82
100
115
92
93
79
86
105
100
89
85
107
101
90
93
105
98
76
82
84
69
80
95
102
85
109
89
97
88
99
93
93
81
89
92
82
83
92
92
89
88
96
83
88
88
97
96
96
81
92
102
92
76
92
91
104
66
97
80
71
95
79
76
77
83
85
101
105
86
116
98
82
100
111
77
103
103
102
87
85
72
83
86
87
80
103
64
102
94
84
81
96
83
92
87
88
96
95
91
89
96
101
71
89
80
93
100
83
101
87
89
89
84
84
80
78
97
95
88
91
91
86
79
98
96
75
87
87
81
86
95
112
71
94
81
98
115
91
98
102
84
88
85
86
97
91
92
85
92
100
101
91
89
76
69
111
85
80
92
99
88
83
99
96
92
95
93
108
79
83
98
78
88
84
97
91
75
100
89
93
100
112
92
111
92
85
107
98
82
97
97
97
94
93
91
99
85
76
99
106
109
79
97
88
89
94
82
94
71
96
87
94
91
94
85
103
95
89
95
86
85
93
84
87
95
95
71
104
112
104
90
89
94
100
80
96
102
94
95
91
84
83
98
87
87
87
103
86
91
101
91
99
92
86
93
85
103
80
90
94
90
92
95
102
100
100
106
111
106
90
114
112
97
94
93
72
96
100
87
108
100
94
108
96
107
83
98
98
86
97
86
90
98
99
99
93
103
99
131
99
78
87
100
91
90
89
109
83
105
108
98
109
75
89
95
80
84
81
87
102
106
88
109
103
82
110
99
79
83
101
101
107
95
72
105
111
99
107
92
86
89
114
75
88
104
98
88
98
88
74
82
85
108
94
67
103
94
99
105
94
100
109
79
103
108
101
101
94
105
101
99
92
109
85
100
110
77
104
101
105
86
103
88
79
109
66
106
105
101
121
79
115
90
113
105
94
89
99
91
93
100
110
83
104
103
85
109
86
99
94
105
99
105
90
97
106
103
110
82
98
107
108
101
85
89
91
108
103
100
95
85
93
90
94
92
104
107
119
96
112
100
97
111
86
101
95
91
104
94
91
89
99
104
84
104
102
98
109
97
89
100
100
94
117
88
91
108
102
96
105
111
78
99
97
66
84
87
103
104
103
96
100
96
83
96
92
99
80
112
88
87
90
88
93
93
100
100
93
104
97
100
83
87
99
94
98
88
96
107
109
102
106
88
102
95
109
95
91
96
111
89
97
103
77
94
78
102
91
92
111
87
104
88
98
90
91
92
94
96
78
94
93
88
98
85
95
92
92
88
98
71
82
83
95
80
96
106
82
88
74
99
93
91
83
87
93
95
76
75
96
87
99
106
99
102
80
84
105
104
94
117
103
118
101
99
107
92
79
92
99
92
96
92
85
92
89
95
85
94
95
77
93
95
99
92
75
107
92
93
112
66
95
99
90
89
101
91
93
88
96
101
90
90
85
86
98
81
86
109
100
105
97
84
88
78
97
96
103
98
109
82
99
91
78
98
92
91
97
79
86
64
86
88
97
100
96
94
97
88
91
91
97
85
88
93
80
96
106
83
94
89
88
98
95
95
82
96
76
72
79
100
85
99
91
74
80
97
111
69
93
93
93
79
74
85
109
78
94
91
61
112
84
89
108
70
91
82
89
95
98
101
81
90
96
86
108
87
86
88
96
93
77
79
99
78
85
80
84
86
91
81
79
89
89
84
73
87
74
94
66
85
91
91
92
79
97
80
71
61
90
101
69
85
75
97
90
79
98
80
80
92
76
98
81
87
88
95
84
85
71
81
75
99
73
77
105
71
81
80
78
88
72
74
81
85
70
69
88
59
76
81
84
88
72
68
76
87
88
74
85
78
70
89
64
77
68
70
75
69
74
85
70
87
81
87
68
82
89
95
83
77
68
84
78
77
82
71
60
74
74
83
77
87
80
65
70
80
78
73
72
66
66
64
66
79
65
68
79
96
83
72
66
65
58
77
89
73
59
69
72
81
79
62
49
71
63
72
69
72
63
60
71
67
70
80
68
71
53
68
53
66
62
70
73
61
62
67
63
56
75
76
58
62
69
81
70
62
61
64
60
53
78
63
69
61
66
62
67
50
61
65
68
63
59
58
70
62
69
70
64
59
73
65
58
57
67
58
72
70
53
65
51
59
63
71
45
53
63
60
49
56
55
56
56
64
45
59
68
54
56
57
62
52
51
61
51
54
47
61
76
39
57
47
67
55
51
50
64
46
57
53
58
48
55
54
52
42
55
58
61
64
59
59
61
64
67
59
53
54
55
59
52
52
51
46
57
54
43
66
57
65
57
56
36
41
57
53
55
61
52
43
63
52
47
48
61
54
48
40
60
44
48
50
41
36
44
58
50
41
43
55
44
42
51
50
50
49
47
44
47
39
37
34
42
49
51
50
43
32
50
44
46
51
53
38
36
46
34
42
37
37
50
35
46
39
44
51
43
56
40
43
49
41
44
43
49
49
37
44
48
41
57
49
49
39
39
35
27
57
36
42
41
34
27
31
47
45
36
38
42
36
37
33
47
44
41
44
51
39
44
47
44
46
34
40
30
44
42
43
47
36
41
40
43
51
41
39
35
36
28
48
34
28
43
43
45
47
35
50
38
37
35
35
44
30
30
41
28
36
53
39
43
33
56
28
28
32
38
40
32
33
36
40
36
29
48
42
35
33
36
47
39
42
36
46
39
39
49
39
35
43
36
33
37
46
42
50
35
44
43
40
38
30
43
35
36
48
36
38
37
49
41
39
28
36
40
43
43
47
41
49
42
39
35
41
38
38
48
41
38
43
38
51
39
32
42
50
25
31
40
42
26
44
34
41
39
37
34
45
34
42
36
41
57
46
49
33
38
41
55
51
45
35
40
41
49
37
49
50
53
49
35
36
42
46
41
37
54
53
40
54
49
45
60
52
51
54
49
40
56
44
47
45
49
53
60
50
44
42
60
55
42
42
69
63
55
63
48
52
51
47
57
50
50
58
51
70
54
51
57
56
48
54
50
51
61
56
56
57
65
62
47
56
45
65
62
62
78
60
74
63
73
60
57
67
56
57
74
75
53
50
64
61
72
47
79
82
66
57
67
55
69
76
66
71
69
59
75
66
61
70
80
65
70
72
68
86
63
83
84
69
76
76
61
72
86
85
94
79
88
78
90
95
73
85
100
78
82
68
92
85
82
79
58
101
83
68
89
89
84
69
95
78
109
95
113
92
92
93
80
79
90
90
99
97
82
78
93
82
90
85
93
103
106
110
103
87
104
99
98
90
100
105
94
106
106
98
109
110
93
94
92
110
85
94
92
105
101
114
112
119
90
95
118
106
113
116
130
102
97
105
118
96
114
106
110
115
102
109
116
108
118
97
123
109
102
103
101
123
115
117
109
126
105
134
116
118
128
139
100
129
123
129
120
98
131
134
135
125
146
124
125
116
132
138
137
99
115
113
125
114
124
120
120
115
115
124
131
135
135
131
133
132
126
125
135
134
117
128
143
126
134
136
138
148
134
122
139
144
137
150
144
147
146
118
130
152
163
130
130
145
146
140
125
124
138
141
144
134
149
146
143
127
140
155
130
126
130
135
134
145
146
135
128
129
141
165
134
155
137
157
153
141
133
170
136
126
158
141
163
144
150
143
135
152
164
132
141
150
128
159
131
160
155
160
151
156
149
152
138
190
156
154
141
154
136
154
175
146
156
165
140
163
117
156
151
155
144
157
154
136
160
159
149
158
161
146
153
162
152
141
166
146
177
158
157
144
162
157
170
176
173
148
157
169
158
159
179
164
151
161
169
156
161
150
163
169
186
146
153
147
156
161
172
168
143
147
172
173
143
159
159
184
160
174
149
152
159
173
182
176
181
184
166
168
165
156
147
150
191
160
158
186
174
147
193
181
180
165
164
186
177
164
175
169
180
164
168
173
162
192
209
171
191
158
168
150
191
166
196
165
159
173
167
181
176
169
190
176
204
147
179
195
164
190
185
187
164
188
167
195
180
156
175
183
188
167
200
164
200
192
175
170
177
179
192
170
192
184
170
198
181
195
213
209
180
186
208
177
225
226
203
195
191
183
183
179
209
215
187
177
187
201
204
199
213
228
218
201
189
199
211
216
174
185
218
192
207
216
199
213
207
217
215
207
227
215
207
199
206
229
196
204
218
223
198
226
232
207
223
235
229
230
210
215
232
224
216
200
213
206
248
253
230
225
244
235
240
240
219
219
228
217
221
250
205
244
228
215
202
226
233
243
229
224
236
224
253
233
194
262
247
219
265
253
197
226
230
241
229
247
236
258
248
212
235
250
227
240
246
235
241
251
223
260
260
247
245
236
272
240
263
262
239
231
250
250
232
234
253
254
254
272
280
270
245
274
240
269
271
229
227
263
239
263
292
279
254
259
298
259
258
260
261
265
284
289
237
253
283
259
260
276
258
289
284
262
278
272
286
254
250
286
269
294
257
290
264
274
265
251
254
261
266
259
283
284
287
281
259
268
276
245
275
249
270
246
263
269
295
250
261
301
259
257
289
269
292
294
276
281
275
283
290
264
279
268
275
271
262
257
271
288
307
270
273
269
273
303
254
276
258
270
261
266
265
263
270
270
284
293
292
261
248
299
264
292
263
260
244
268
263
271
290
301
281
278
297
268
276
284
276
268
256
274
273
275
243
272
274
277
243
274
228
250
264
275
242
248
241
247
276
244
265
265
255
253
275
247
237
262
254
232
214
262
256
250
245
282
260
250
247
243
271
240
233
260
242
257
258
249
219
240
254
251
270
271
259
237
263
241
263
253
251
231
235
243
273
251
248
237
221
265
228
228
220
224
211
199
238
210
211
219
210
204
217
238
212
224
222
243
205
230
222
214
198
183
215
210
222
203
220
217
225
188
220
201
190
197
227
196
213
212
208
206
183
220
181
168
180
183
196
222
177
189
171
198
183
189
174
185
188
204
158
181
174
148
179
165
168
178
158
168
150
163
167
168
175
168
165
146
140
143
151
167
179
158
180
179
159
154
141
174
155
161
159
148
137
141
148
141
120
137
154
135
145
133
157
176
150
141
155
141
130
137
138
141
155
146
126
131
114
127
133
121
126
118
125
115
127
99
124
121
125
111
116
110
94
120
122
95
121
106
103
93
123
86
106
106
111
101
90
106
100
106
109
114
95
111
97
109
108
91
89
114
89
88
93
94
84
93
75
64
78
75
80
92
77
97
79
83
77
77
78
84
64
74
74
80
90
65
76
83
75
71
71
89
60
86
67
64
70
78
70
67
68
64
66
64
73
50
58
80
71
69
68
69
65
69
69
70
63
71
68
62
53
63
68
70
59
48
57
49
56
64
61
42
65
61
53
60
67
49
56
60
53
46
51
52
67
56
56
49
48
46
51
44
58
55
56
43
56
61
40
53
45
45
53
49
52
29
47
46
52
42
49
52
44
42
43
34
48
47
36
48
41
49
42
48
33
33
46
39
38
46
27
42
52
46
48
39
40
36
37
30
42
33
39
38
53
40
40
50
39
36
31
49
48
34
31
37
39
35
33
34
31
32
32
40
32
32
35
27
33
46
26
26
38
32
28
26
26
30
34
34
40
29
25
30
30
35
28
22
32
30
23
22
29
39
40
45
28
28
26
25
30
36
29
32
30
33
25
22
34
31
27
27
35
25
45
32
37
33
28
30
26
20
32
25
21
34
28
29
29
18
20
26
22
27
28
25
24
26
29
12
21
32
27
29
28
35
22
15
31
29
28
27
21
31
26
22
31
22
22
19
21
23
17
26
22
19
24
19
24
18
23
22
21
27
29
17
27
18
21
23
22
25
25
30
19
20
26
24
21
28
31
18
27
28
25
21
19
29
24
27
25
27
15
23
21
33
18
21
28
17
29
24
23
19
17
21
19
28
18
24
16
21
18
24
16
21
27
13
21
28
18
20
22
24
22
21
20
19
23
23
22
22
25
20
26
25
25
24
30
20
18
18
17
15
16
24
21
22
29
22
18
16
19
28
14
13
19
18
25
23
19
29
18
23
18
22
22
23
20
26
16
20
10
21
15
23
13
26
13
13
13
24
10
18
15
23
28
11
28
18
20
16
15
16
18
16
18
18
23
21
9
21
16
17
18
16
16
16
19
20
28
23
19
14
19
21
26
13
15
17
19
19
23
21
11
17
12
22
16
18
20
23
17
21
15
15
22
13
21
17
14
20
16
14
18
15
23
15
17
19
17
14
11
21
18
20
15
15
16
16
16
13
14
17
15
16
23
14
6
18
15
14
13
12
17
15
18
25
18
11
10
18
16
12
17
15
21
18
18
13
13
19
15
17
19
24
16
20
15
9
19
14
10
19
19
18
17
23
10
18
18
15
19
19
10
14
17
13
21
12
18
21
19
19
19
13
20
9
13
16
18
20
12
22
16
19
20
12
14
16
14
17
19
17
14
20
19
21
20
15
16
15
20
16
18
22
12
17
16
21
19
12
14
17
17
14
14
24
13
15
11
15
11
13
19
21
20
15
23
16
12
12
18
19
18
17
18
14
13
18
19
14
8
14
22
20
13
15
14
17
20
13
10
14
16
14
16
23
14
15
15
24
14
11
16
10
16
19
13
21
9
19
11
10
8
11
14
15
13
10
14
13
19
13
19
12
19
20
17
19
19
11
16
17
12
18
15
13
19
24
18
13
22
10
6
18
13
14
18
16
17
16
17
7
18
16
12
14
20
26
14
16
17
6
9
10
3
15
14
11
9
14
12
17
10
14
10
16
20
20
11
14
19
15
10
12
19
17
20
13
11
17
12
9
17
13
12
12
6
15
20
13
13
6
20
21
14
12
17
14
12
7
11
11
15
11
13
17
12
13
17
14
12
14
3
15
14
16
15
20
13
22
9
11
9
14
7
14
5
16
7
16
20
16
8
14
8
7
12
12
14
23
15
23
13
24
12
13
10
8
12
7
12
9
14
9
13
7
13
17
14
13
15
11
13
15
12
11
12
10
12
15
16
8
4
12
13
12
5
8
17
12
8
17
15
10
11
14
7
10
18
13
10
9
8
9
9
13
12
10
7
15
11
6
17
7
13
13
13
11
22
11
6
11
10
13
8
7
13
12
8
15
8
8
12
11
14
8
10
15
18
14
12
16
7
11
14
12
12
5
10
6
10
12
11
6
10
13
9
6
13
13
12
9
14
8
8
16
10
13
9
17
16
11
21
9
14
8
3
9
11
10
10
12
9
7
5
11
16
12
12
8
9
10
11
11
10
12
8
15
8
10
13
11
5
12
12
11
15
10
9
11
6
12
5
12
10
10
10
11
3
10
9
10
12
9
8
8
12
10
16
13
13
13
5
4
7
9
14
8
12
7
10
7
8
3
6
11
8
7
10
9
7
8
7
15
6
7
5
10
7
13
10
8
9
18
9
9
8
8
9
8
7
11
5
8
11
10
6
5
9
10
8
11
14
13
9
3
10
6
16
8
7
9
4
7
5
16
5
7
8
4
12
11
8
8
10
14
6
6
11
9
12
3
10
10
7
7
10
7
9
10
8
12
8
8
7
5
9
14
5
11
15
12
13
6
3
7
4
13
8
11
12
9
10
9
5
12
13
8
9
9
8
3
3
10
9
9
4
6
7
6
7
9
4
10
12
5
3
7
5
7
10
6
6
11
6
9
13
6
7
4
10
11
8
13
6
7
6
10
3
6
12
8
6
17
10
9
8
13
2
8
6
9
12
9
10
8
7
6
11
9
9
9
8
10
9
9
8
11
12
10
6
5
10
8
6
11
9
10
7
6
6
6
10
6
5
6
7
6
13
10
10
13
15
15
8
7
6
2
9
2
5
5
8
7
13
4
5
11
14
9
7
6
11
6
10
15
6
11
6
10
9
7
7
6
7
6
7
11
7
13
6
6
9
9
6
10
10
6
3
9
5
6
5
1
10
10
6
8
6
3
9
8
11
6
10
7
8
8
8
3
9
5
8
11
8
8
6
6
8
12
11
3
8
13
6
5
4
4
7
8
7
9
5
6
8
4
7
8
8
4
7
8
5
12
8
9
8
7
8
4
5
4
8
5
5
5
6
11
13
7
4
4
4
6
8
4
11
5
5
4
5
9
4
11
11
8
7
6
7
8
11
8
8
8
8
7
12
6
6
9
8
8
9
10
4
6
6
3
10
10
7
9
2
7
9
7
8
11
8
9
11
8
5
8
5
6
6
9
8
11
7
5
4
9
10
7
11
5
7
11
5
5
8
5
11
7
6
7
1
8
11
7
7
6
12
10
4
6
7
6
12
4
9
9
9
8
6
14
7
9
4
9
9
7
11
3
6
8
11
7
5
8
9
5
10
6
6
9
8
7
13
7
13
6
10
8
4
6
7
10
3
11
7
5
7
10
3
5
7
10
6
7
10
6
9
5
6
11
11
7
6
11
6
10
6
13
13
8
10
5
6
10
4
6
5
11
12
11
10
10
8
6
6
6
10
8
10
10
8
10
6
8
9
2
9
5
7
6
9
7
8
4
9
12
6
6
14
5
10
8
12
7
5
4
10
5
3
9
7
4
5
7
10
6
7
5
6
6
4
4
7
9
7
7
7
9
9
6
4
9
18
7
8
7
7
7
10
4
4
10
14
6
5
10
5
2
3
5
11
7
7
4
12
5
9
12
11
8
4
3
7
11
5
13
6
4
9
4
5
6
9
10
7
11
7
4
8
9
9
10
11
7
12
7
6
8
9
7
6
10
9
5
6
7
6
10
5
4
10
9
7
6
6
7
7
13
6
8
7
3
9
5
11
6
6
6
14
11
5
12
1
12
8
4
8
6
8
4
8
5
7
7
7
8
9
7
12
4
8
7
8
6
6
6
4
9
11
9
6
5
9
9
4
6
12
5
9
6
10
9
6
6
8
9
9
8
8
5
8
6
5
8
14
3
5
6
8
10
7
8
12
7
2
5
12
5
10
11
4
7
6
7
6
7
4
8
6
3
6
9
6
10
7
5
9
4
8
4
5
5
5
3
9
7
9
7
6
6
6
5
9
7
12
10
5
3
12
4
7
6
9
10
9
7
11
9
8
4
9
10
5
8
8
5
8
4
6
4
4
6
9
9
5
10
12
11
3
7
6
3
6
7
7
4
6
15
9
6
3
4
9
6
8
5
82
77
84
79
76
97
80
69
86
77
79
80
73
60
93
82
92
68
85
77
84
88
91
70
67
85
70
90
77
78
72
64
77
67
73
75
63
58
66
77
80
77
89
75
78
68
92
82
63
78
58
73
74
74
80
63
69
64
63
67
70
73
74
58
81
91
75
63
77
67
61
73
71
79
66
77
69
75
70
67
71
65
58
81
64
77
66
71
68
79
71
81
68
73
71
48
66
72
85
68
88
79
73
65
59
70
73
71
79
72
68
64
58
58
61
68
59
72
57
69
79
77
67
62
72
62
94
45
