2236
1807
1489
1235
1028
884
750
627
569
504
383
372
288
271
261
240
219
174
172
169
163
145
150
138
118
127
140
122
119
95
92
117
131
100
98
110
103
120
105
112
83
113
98
97
96
115
82
75
96
107
82
89
74
83
94
74
75
86
67
77
75
84
76
62
80
91
79
72
83
68
81
81
88
74
79
72
106
73
77
73
79
83
70
82
72
73
82
66
83
70
71
76
65
62
67
64
70
52
62
78
75
60
64
75
62
53
71
49
61
59
61
73
78
67
65
78
54
66
68
62
57
63
62
56
53
61
69
50
83
77
56
62
70
54
58
56
74
58
46
50
56
58
50
51
58
62
63
61
68
64
51
59
52
62
51
57
43
62
53
53
59
63
59
47
57
37
50
40
51
59
59
43
64
49
45
56
44
50
45
47
50
51
53
54
55
46
46
52
55
52
55
42
47
44
49
43
47
37
56
47
51
40
41
53
46
42
47
46
42
47
44
53
39
49
38
50
48
45
55
31
50
47
39
53
46
42
45
49
42
39
45
41
52
37
44
43
59
33
43
36
37
38
34
37
34
41
47
30
51
32
33
42
42
44
27
34
33
40
47
51
38
43
30
28
29
46
36
35
34
42
43
31
45
43
35
48
49
51
44
46
37
48
31
49
45
44
30
34
50
35
37
42
39
35
54
26
42
43
30
31
31
40
35
39
46
35
31
41
43
36
30
33
33
38
42
32
37
37
43
30
47
45
30
44
34
37
49
30
43
32
33
33
42
30
41
43
26
29
34
26
38
34
35
38
29
35
41
35
39
22
48
38
32
28
32
43
40
41
32
35
42
37
26
35
29
37
39
36
38
28
44
33
39
34
24
37
45
33
29
29
38
27
33
34
29
30
25
36
39
25
38
36
37
34
39
34
37
33
32
26
39
41
35
23
36
30
45
31
30
37
24
33
32
31
40
46
22
32
24
19
16
32
29
30
33
30
30
35
21
28
37
31
30
30
24
33
33
36
24
31
23
30
30
26
33
30
30
31
24
27
29
37
20
21
28
35
25
34
33
22
23
31
41
31
31
27
27
29
30
27
25
36
31
26
30
32
30
34
18
34
33
25
22
22
30
32
33
24
27
26
34
41
22
30
22
31
37
33
24
23
21
24
31
29
29
25
42
28
24
30
32
34
43
39
34
31
25
23
32
27
29
26
25
22
31
26
33
22
31
23
32
21
21
18
27
28
22
30
24
24
31
20
39
32
25
27
27
16
36
20
17
25
31
27
24
20
24
23
29
28
19
29
25
30
26
27
23
32
18
25
42
34
27
21
19
24
25
24
16
29
20
23
27
29
25
25
25
20
22
26
31
37
25
30
26
29
34
29
29
31
23
24
27
31
23
24
25
29
27
28
28
28
16
30
36
28
29
23
20
27
24
29
37
28
32
23
21
21
28
27
32
20
25
29
37
21
32
23
28
15
42
22
43
29
25
27
28
34
24
24
29
25
30
20
21
24
12
22
25
27
27
27
29
20
22
28
29
24
25
26
23
25
23
31
24
24
22
30
20
28
33
17
28
30
27
22
30
23
26
31
20
27
22
20
24
34
32
18
28
26
27
26
27
31
26
28
25
22
20
24
20
29
22
35
18
24
19
19
18
22
27
21
24
22
22
29
30
23
19
28
24
23
19
25
27
27
33
32
22
25
20
23
24
19
16
28
27
25
27
25
33
15
21
23
15
19
25
23
21
32
26
32
20
27
22
15
38
27
19
29
30
29
15
35
24
20
29
23
22
20
21
20
29
18
25
20
21
33
21
28
32
25
25
24
23
31
19
23
22
21
25
20
21
20
31
28
16
22
22
19
17
24
29
24
24
28
22
22
25
18
26
25
25
27
25
20
16
17
16
33
18
18
28
19
26
23
30
14
23
24
20
30
16
25
32
23
21
26
17
25
22
32
21
21
24
29
20
27
26
23
22
24
18
22
29
25
19
21
27
28
29
21
12
19
15
19
23
24
18
23
23
24
27
23
17
25
20
26
26
28
24
24
20
18
21
27
19
26
24
16
20
17
17
18
22
24
17
23
20
24
17
19
17
19
19
24
20
15
30
18
22
30
18
18
25
23
18
27
21
13
18
16
21
16
26
21
22
24
28
16
25
15
15
29
21
23
20
14
21
14
20
17
23
23
22
25
22
30
18
28
17
19
15
23
12
29
17
18
23
17
27
17
20
15
25
23
23
22
20
16
28
20
19
18
23
19
21
18
18
18
22
23
20
21
12
10
27
25
27
24
20
21
26
19
17
25
19
25
25
18
16
21
23
22
24
18
23
27
17
15
18
24
27
25
20
30
19
13
18
20
18
22
16
25
22
18
19
23
27
20
23
16
17
21
19
23
25
23
19
22
27
19
15
19
26
16
18
21
18
16
28
27
21
18
20
19
31
20
27
21
18
20
19
13
19
25
12
13
26
17
25
29
23
20
21
20
27
22
19
11
29
20
22
30
22
27
25
26
25
18
28
8
19
15
17
21
19
17
22
30
19
21
16
23
12
26
24
16
21
17
20
19
17
22
18
15
16
24
16
21
23
13
21
16
32
14
19
20
21
12
20
13
18
21
20
18
15
18
22
23
23
20
22
24
23
20
18
14
19
18
14
18
22
22
17
24
17
15
14
22
16
19
16
20
17
23
22
22
18
19
17
15
20
22
20
27
18
19
20
19
14
25
22
16
20
25
16
21
23
23
23
13
13
21
10
24
16
24
20
24
15
18
16
25
19
19
16
26
21
17
17
18
19
23
18
23
13
16
22
20
17
19
18
27
18
17
20
11
21
22
21
19
24
16
25
20
14
16
21
19
16
15
15
21
17
27
14
14
24
17
21
16
15
18
12
12
11
19
22
16
20
19
19
12
16
23
20
19
26
23
16
20
17
19
13
16
24
16
15
17
24
20
20
20
15
15
24
11
23
19
24
13
21
24
19
17
16
13
20
21
17
24
21
24
27
17
13
25
22
21
20
27
22
18
22
15
21
21
26
20
15
16
25
16
11
28
19
12
21
15
18
22
16
19
18
17
20
21
15
19
21
21
20
15
21
21
24
27
16
14
16
14
24
21
15
26
15
19
26
13
25
15
22
20
26
11
15
18
21
17
17
23
11
16
18
9
19
22
18
16
19
12
17
14
15
23
15
15
19
18
12
17
15
20
23
16
16
19
20
18
18
25
16
19
21
15
24
12
18
27
24
18
18
16
11
22
16
15
14
17
15
19
14
14
14
23
16
14
18
18
17
16
25
12
20
25
15
11
16
18
15
27
22
16
17
26
17
19
22
15
19
19
17
14
22
26
19
10
16
19
22
17
18
23
21
22
20
19
20
10
24
19
20
19
18
19
13
14
15
21
16
12
10
16
10
22
22
12
19
17
18
17
12
17
8
21
17
11
15
17
12
13
19
15
20
17
19
17
22
26
13
26
20
15
10
23
18
17
18
11
18
13
22
13
16
11
16
22
18
17
23
12
21
20
15
17
20
12
20
17
16
20
19
20
23
17
21
14
14
20
17
18
11
16
18
25
20
14
14
20
15
18
20
11
17
22
12
25
14
14
12
17
16
21
21
20
21
21
22
13
23
16
17
20
10
18
17
16
23
12
14
24
21
14
17
12
26
19
19
23
14
25
21
12
17
19
12
13
18
22
11
16
18
17
15
23
20
14
13
21
15
12
14
17
20
19
23
22
14
18
19
16
18
16
18
10
19
20
27
16
19
22
20
20
22
17
21
19
15
20
30
24
25
13
19
17
11
17
10
15
27
18
17
15
13
18
15
21
21
12
20
19
16
11
20
17
18
22
15
21
19
18
21
12
21
19
18
22
19
16
25
20
25
11
20
15
29
16
7
13
15
17
23
22
16
17
22
19
10
15
15
17
20
13
17
13
18
20
21
20
24
20
11
26
14
27
18
18
19
17
25
14
15
9
14
19
13
10
13
15
21
18
22
19
14
20
19
16
21
17
23
9
24
16
17
13
10
16
16
20
22
22
13
15
9
20
16
16
12
27
21
24
10
10
20
5
15
17
18
20
15
20
20
9
16
25
16
12
13
11
15
20
7
15
17
18
14
21
17
14
14
14
13
14
29
18
16
18
21
10
18
11
16
24
24
12
19
16
18
21
21
15
16
27
17
15
19
25
16
16
19
14
17
19
16
20
26
13
20
21
23
15
14
14
18
17
22
16
18
18
21
21
16
15
22
16
14
17
22
16
15
8
12
17
28
22
16
19
18
17
18
25
14
18
16
16
18
17
29
15
17
11
17
21
32
12
18
14
22
15
21
18
24
17
14
16
22
17
11
14
23
9
17
13
14
15
17
23
17
21
19
18
15
22
23
21
17
12
12
15
30
21
18
14
21
16
18
22
18
16
15
17
19
18
15
18
16
19
24
16
14
9
14
21
16
24
17
13
14
10
14
17
22
13
26
7
24
22
24
21
24
14
21
20
18
21
19
16
8
25
20
23
18
16
14
16
15
13
11
13
23
19
10
19
16
15
15
15
19
10
14
11
11
14
13
10
19
17
16
19
18
10
18
19
16
20
14
11
15
13
21
22
16
14
23
13
20
17
19
21
23
22
17
15
15
14
19
17
15
19
12
12
14
19
11
14
9
14
14
10
15
20
9
18
16
20
14
12
13
12
15
15
21
11
15
13
15
10
17
12
19
22
13
13
17
22
8
18
16
15
16
14
14
14
25
29
15
19
12
20
18
16
13
18
19
21
17
15
13
20
19
18
17
21
24
14
17
16
13
21
19
22
13
16
20
12
19
17
20
24
17
23
10
7
12
18
11
16
20
20
11
17
21
13
14
14
14
11
31
24
12
12
16
10
19
9
17
25
14
9
14
21
12
17
18
20
19
18
19
19
14
18
10
16
14
22
12
13
16
18
18
16
18
25
21
14
22
19
20
16
15
14
15
19
12
16
22
19
13
13
13
20
17
11
18
19
15
12
18
10
23
25
17
17
16
12
16
18
11
15
30
17
15
14
16
19
14
10
12
21
10
9
13
12
22
9
18
17
21
17
13
16
20
10
16
17
20
15
14
21
18
19
9
25
10
17
17
21
21
20
12
20
16
18
19
13
13
9
13
15
15
15
15
8
17
20
11
22
21
20
21
17
16
21
14
19
17
19
19
13
17
13
17
21
20
15
12
8
14
13
13
16
18
15
17
21
10
21
17
14
20
13
13
14
16
14
15
25
14
19
14
10
10
18
10
15
19
13
18
14
19
19
17
14
14
26
19
12
10
11
13
12
26
18
21
16
20
13
15
19
17
9
17
15
20
23
23
16
22
23
15
14
14
13
22
18
18
15
14
19
21
24
13
19
15
18
9
16
13
16
14
15
13
17
17
17
15
13
21
12
14
8
18
17
16
12
13
11
17
14
18
15
18
16
23
10
17
10
16
14
14
20
13
17
13
15
19
21
21
16
21
14
20
14
17
10
21
11
16
18
14
11
11
23
13
16
23
12
9
13
15
4
13
17
11
17
15
10
7
23
16
12
17
11
16
20
12
15
13
17
20
21
16
15
17
11
8
6
18
14
14
17
19
14
13
17
12
16
17
18
16
15
11
17
15
15
11
16
15
13
15
13
12
14
21
15
14
18
12
16
14
12
17
14
16
14
17
18
17
16
22
14
17
16
16
13
17
13
19
18
18
24
20
20
14
21
8
12
11
9
15
12
9
16
12
17
14
13
15
9
15
13
13
11
12
9
15
12
19
13
18
15
14
15
15
15
15
9
11
14
14
11
13
14
12
19
14
18
15
9
14
15
13
18
10
9
2
16
12
18
16
12
15
17
16
13
16
10
16
20
12
12
14
15
13
11
10
14
22
16
15
13
12
24
13
15
14
10
15
15
12
16
9
9
14
8
16
17
13
13
13
16
20
13
19
15
10
10
11
10
14
25
14
12
11
18
20
11
16
10
17
20
10
15
13
8
10
16
16
13
11
11
10
12
8
10
16
26
13
9
8
13
12
9
14
7
12
12
17
10
9
18
17
14
16
10
11
9
14
11
13
17
13
19
18
13
21
11
18
15
20
12
15
19
11
13
12
11
17
9
8
9
14
15
11
11
20
16
12
8
8
13
12
17
9
9
11
18
12
10
19
21
11
13
11
13
14
9
8
14
18
14
10
11
12
15
13
6
7
13
15
15
12
7
17
13
19
18
9
11
21
9
16
15
17
10
15
11
21
12
8
11
12
9
9
21
13
14
11
14
22
9
10
15
11
11
8
11
15
8
12
10
13
13
14
17
10
9
16
9
15
18
13
10
7
15
14
15
8
14
18
18
14
9
10
14
17
8
13
22
9
19
9
11
11
18
10
19
12
18
15
15
12
7
16
13
15
6
15
13
13
17
12
13
14
7
15
12
13
10
11
8
16
11
8
8
13
16
19
13
17
5
10
11
15
16
9
12
12
14
14
15
15
15
15
13
17
16
9
11
12
16
14
16
13
12
11
15
11
9
11
16
14
14
22
16
14
16
15
14
9
13
16
10
5
6
13
12
12
12
9
6
18
17
18
12
11
10
15
9
15
10
15
12
12
16
8
15
6
16
8
11
7
14
7
11
7
9
13
12
16
16
9
9
15
16
15
17
10
10
7
11
13
7
14
13
10
9
11
12
9
8
8
16
14
12
9
12
13
12
11
14
5
12
7
14
10
13
10
15
10
8
13
13
18
11
12
9
4
13
11
16
13
15
10
14
15
15
10
16
12
18
10
14
17
6
8
14
17
14
11
15
13
11
16
12
10
14
10
6
16
11
14
22
12
7
11
5
18
15
10
12
10
20
9
9
10
8
18
8
17
5
11
13
10
13
16
10
12
9
15
13
10
7
16
7
15
11
13
5
15
11
13
9
10
17
10
13
10
10
9
13
11
21
13
6
7
18
11
12
18
20
14
10
17
7
11
12
8
10
8
16
18
12
15
13
19
9
10
11
14
8
14
14
16
10
12
13
11
10
17
14
12
7
10
13
14
8
13
14
12
12
12
12
17
9
7
9
18
14
13
13
10
13
9
11
17
7
13
13
12
8
10
14
10
15
17
18
14
8
5
11
15
6
15
13
10
15
8
6
11
12
12
9
13
11
5
11
11
15
7
13
9
6
7
17
16
8
17
10
10
15
17
15
3
7
8
8
10
7
9
7
14
9
5
12
13
10
9
9
15
14
8
14
9
10
7
6
8
14
19
8
14
11
12
16
16
12
15
15
7
8
8
14
10
9
9
16
6
10
6
9
7
15
13
8
14
10
14
11
16
11
15
13
9
13
12
12
12
8
9
12
11
18
12
16
12
12
19
18
19
13
16
13
9
9
7
6
12
9
12
18
13
10
10
17
10
11
6
10
9
16
11
8
10
10
15
13
16
14
10
6
14
14
15
12
16
10
9
13
10
6
13
17
18
12
9
14
11
9
13
10
16
13
10
17
10
16
8
16
10
7
7
13
8
9
16
11
12
10
16
14
8
14
12
15
9
12
7
9
11
13
14
10
13
11
12
9
15
18
11
14
12
10
13
12
5
6
7
7
9
11
6
11
13
12
11
18
9
12
17
13
6
7
19
10
13
8
11
11
11
6
14
14
5
13
8
4
17
9
13
14
10
15
12
11
13
9
8
14
9
8
11
6
8
8
10
4
14
15
9
15
8
11
11
9
5
12
6
9
13
11
11
9
13
12
9
9
11
10
11
5
7
15
8
12
10
10
13
13
13
13
12
10
10
17
10
15
6
12
9
13
12
9
7
9
12
4
8
12
5
10
8
12
6
13
8
12
9
10
8
10
11
11
9
11
9
10
9
7
13
11
7
12
9
13
8
5
10
8
12
11
12
5
12
6
9
10
11
6
10
4
4
3
9
8
8
8
6
9
10
8
7
10
6
8
9
12
11
7
8
6
12
12
9
7
7
4
11
9
8
10
13
12
10
5
7
5
10
5
8
7
8
9
7
10
7
14
10
11
11
4
11
6
9
7
6
9
5
8
4
7
5
15
7
6
11
11
12
12
13
13
7
13
3
6
10
8
10
12
5
8
12
7
7
9
6
7
11
10
4
10
3
6
7
7
9
7
5
7
8
10
7
9
12
12
2
8
10
5
15
7
12
3
14
12
11
9
7
14
12
7
8
7
10
11
4
9
7
8
10
7
6
8
8
6
6
8
7
8
2
7
5
11
8
8
5
12
12
13
8
12
8
8
6
5
6
5
12
5
8
5
9
8
8
9
12
8
11
9
8
7
8
6
12
9
6
8
7
5
12
8
10
6
18
5
7
14
7
4
5
6
4
11
10
8
7
12
8
9
9
12
9
6
10
11
4
6
7
7
4
7
5
12
14
8
7
10
7
6
8
4
6
10
8
11
6
9
8
9
5
7
8
13
9
4
10
4
8
6
9
9
8
5
7
12
7
2
3
5
4
7
3
9
12
8
4
6
5
8
8
9
5
3
7
10
12
7
10
5
3
9
2
7
11
7
7
7
5
12
8
9
8
9
8
10
7
7
12
11
11
10
11
10
9
6
8
4
5
7
5
5
3
5
6
6
5
6
6
8
4
3
6
8
6
13
1
8
7
12
8
3
3
9
8
12
18
7
7
10
6
10
10
4
7
16
8
6
6
9
11
13
4
8
10
4
6
14
8
7
11
5
3
6
9
9
8
6
9
5
6
14
5
7
8
10
7
11
13
9
9
6
7
7
6
7
9
2
6
8
4
15
6
8
11
6
10
7
5
2
6
6
6
8
9
16
4
12
13
6
11
8
9
6
12
4
8
11
6
8
7
7
11
7
7
6
11
8
6
6
5
8
4
6
2
6
17
9
14
4
9
11
6
9
3
5
12
8
11
5
9
8
7
5
6
9
3
9
4
9
2
8
5
13
9
7
7
11
9
9
6
6
6
7
7
8
2
5
5
3
5
9
4
6
7
8
5
6
2
7
4
5
7
8
10
6
6
11
6
9
7
11
8
10
7
6
12
7
7
7
8
6
11
3
6
2
6
8
9
10
7
5
9
5
12
6
3
5
4
11
7
13
5
6
9
7
8
6
7
9
12
5
7
9
5
5
4
11
12
8
7
11
9
12
9
5
13
9
10
7
6
8
5
11
8
11
12
6
5
7
3
5
8
8
6
2
9
7
5
4
8
8
7
10
7
11
7
8
6
12
6
10
7
10
4
2
7
5
4
7
8
7
9
11
6
3
7
7
8
5
15
4
11
8
4
9
11
12
5
12
3
10
11
5
5
3
5
4
8
11
7
11
3
8
4
10
5
9
5
4
9
8
5
7
3
4
3
8
4
5
5
13
4
3
6
7
9
3
2
9
14
9
6
4
3
4
9
6
3
3
8
9
3
8
7
1
5
9
10
7
7
6
7
8
6
4
3
10
10
4
13
5
12
7
6
8
11
9
15
16
12
4
9
12
9
10
4
10
6
5
7
8
5
5
8
2
4
9
10
7
7
2
4
4
8
9
7
6
9
10
6
8
12
7
9
13
10
7
9
13
11
5
8
3
6
11
10
8
7
7
10
6
10
5
9
9
10
8
5
2
9
9
12
9
10
8
7
10
6
6
6
7
9
16
12
4
5
4
6
4
5
5
11
4
11
8
5
9
4
13
4
5
10
10
5
12
3
10
8
7
7
5
11
6
10
5
5
4
7
7
5
3
8
6
12
8
10
11
10
10
9
4
12
7
6
10
6
8
7
5
6
7
6
3
8
11
8
13
7
10
7
13
6
8
10
7
6
5
4
6
6
5
6
6
5
7
4
12
9
3
7
5
7
10
10
18
5
10
10
9
8
7
11
6
8
5
5
7
6
7
5
5
5
8
11
10
3
12
14
4
7
11
10
9
10
10
7
6
4
4
7
7
2
8
7
8
6
5
7
7
5
11
9
8
8
6
6
5
10
2
7
6
11
9
9
9
7
10
11
6
9
11
7
7
11
4
6
8
6
9
8
5
6
10
10
6
10
7
8
13
8
6
1
11
3
6
9
11
9
13
11
7
4
3
7
9
14
8
10
6
10
4
12
9
6
6
11
10
10
10
6
5
5
9
10
5
11
9
6
4
8
3
9
6
9
15
8
7
7
11
6
9
10
13
5
9
5
6
14
4
7
7
5
8
7
7
9
12
5
6
10
12
5
9
7
6
6
5
7
5
10
3
8
8
9
10
6
7
2
13
6
8
5
9
10
8
13
8
3
4
7
10
5
7
12
11
6
8
5
9
7
3
5
9
10
3
10
6
8
5
12
7
7
7
2
6
8
6
8
11
8
4
8
11
8
2
3
6
4
5
13
5
12
7
10
7
6
7
5
12
9
4
13
7
3
10
4
4
7
8
6
11
10
10
8
7
5
9
4
11
9
8
10
1
3
5
8
7
3
4
5
14
3
5
3
5
6
6
5
9
7
8
10
7
11
12
10
9
6
10
11
15
5
5
5
6
13
11
4
8
4
4
5
13
3
8
6
9
8
9
7
7
12
8
4
9
7
11
9
11
6
13
9
7
6
11
9
7
11
7
6
10
7
10
8
6
5
12
7
6
8
6
11
13
8
4
5
6
7
10
2
9
7
5
6
9
8
12
9
11
12
4
9
2
14
6
9
6
10
4
6
9
12
8
9
8
5
4
8
11
8
7
12
8
7
10
9
6
11
9
9
7
2
11
4
5
7
10
8
6
7
9
7
6
8
8
6
8
9
12
6
10
9
8
9
9
7
6
7
3
10
9
5
6
6
4
7
5
4
8
5
3
5
7
7
9
5
2
6
10
9
11
6
9
13
7
9
8
5
4
6
4
9
10
8
4
9
5
4
6
4
8
6
8
7
4
12
5
6
9
8
12
6
8
8
13
10
6
8
11
6
8
7
5
6
5
9
10
11
10
7
7
8
12
4
9
5
11
3
7
7
11
7
9
8
9
3
7
9
6
12
9
9
6
9
6
7
5
3
3
15
6
6
12
2
13
17
6
10
5
9
6
6
12
5
9
5
6
8
5
8
8
11
10
7
9
7
10
6
8
7
7
5
7
3
5
7
7
7
10
6
6
14
6
13
9
4
6
6
3
11
7
6
7
6
5
5
9
6
8
6
6
6
8
6
8
1
6
8
8
10
7
11
9
10
6
7
5
5
6
10
6
8
9
7
4
7
8
6
2
3
6
9
11
9
8
8
8
7
7
9
6
7
12
7
3
9
5
9
7
4
7
7
4
9
8
7
2
7
6
9
5
5
3
4
10
6
7
11
4
6
5
5
6
8
4
5
6
9
9
9
3
6
11
4
4
7
9
5
6
8
11
8
10
9
4
5
15
7
6
6
5
4
9
6
7
8
4
11
5
6
5
9
8
5
9
4
7
8
7
8
4
6
7
7
3
4
6
6
5
5
7
7
8
11
4
9
8
9
6
3
6
6
8
8
9
9
6
5
2
12
5
10
7
7
8
10
7
10
8
4
9
5
10
5
11
9
6
14
14
4
5
8
6
7
11
6
5
8
14
15
4
9
16
9
11
13
10
6
5
8
10
6
9
12
7
7
6
11
9
15
17
12
17
13
11
27
30
12
14
26
23
28
26
28
35
32
53
38
39
53
39
67
67
68
71
84
96
89
93
95
103
91
119
81
93
92
104
101
107
101
103
82
79
75
60
71
71
53
66
48
53
38
40
32
23
29
23
25
20
21
14
12
19
17
17
17
10
10
9
8
7
3
4
10
6
4
5
6
8
8
6
8
2
11
4
5
8
6
4
5
3
2
3
6
4
4
9
5
6
6
4
11
8
4
7
5
7
4
7
6
6
2
3
3
9
2
5
5
3
2
1
3
2
5
6
1
10
5
4
6
5
11
8
5
2
7
8
4
5
8
3
6
9
1
6
5
8
4
5
3
4
6
4
4
6
4
9
9
6
7
7
7
5
7
4
6
8
5
5
5
9
10
5
5
8
4
3
8
7
6
10
8
11
9
5
3
3
7
6
6
6
5
5
2
6
11
6
5
4
4
3
9
8
6
10
5
6
3
8
7
5
15
9
13
10
6
10
6
12
8
9
5
3
6
6
6
11
10
9
6
8
9
10
10
8
7
8
7
4
17
11
11
5
11
11
6
20
8
7
16
9
9
6
11
12
7
9
12
6
13
9
9
6
8
8
5
13
7
11
10
14
2
8
6
5
3
3
5
6
1
4
4
3
5
3
2
2
3
0
2
4
5
4
5
3
4
3
3
3
3
4
2
5
4
8
4
2
7
3
2
3
2
3
4
2
2
1
1
3
0
2
2
2
1
2
1
2
4
4
0
4
1
2
1
5
2
3
3
2
3
1
0
2
0
4
2
7
1
1
4
1
4
4
1
4
2
2
0
4
1
3
5
5
2
5
3
0
5
2
4
3
1
1
4
4
3
1
1
8
4
3
2
3
3
5
4
3
4
2
0
0
2
1
3
1
2
1
4
2
4
0
1
2
0
3
1
0
2
3
2
2
2
3
1
0
5
4
4
3
2
3
6
2
1
4
4
2
5
0
0
1
4
1
3
10
4
2
5
1
2
4
1
4
4
4
3
4
4
2
5
5
2
0
3
2
7
3
3
0
4
5
2
3
4
2
2
3
1
6
2
3
1
2
4
3
2
3
6
5
6
3
2
1
3
0
0
2
5
3
3
2
1
3
1
3
1
2
3
2
4
5
1
1
2
2
5
2
2
1
1
2
4
5
2
6
2
5
3
2
3
1
1
2
1
3
3
3
4
1
1
2
3
4
4
5
1
0
3
2
4
4
4
3
1
2
2
2
4
2
2
2
3
6
0
3
3
3
1
5
3
6
1
3
1
2
4
2
2
5
1
5
3
2
1
1
7
3
2
6
1
0
3
1
2
3
3
2
0
1
2
2
2
2
1
2
3
7
1
2
0
1
2
0
0
2
3
2
0
1
2
5
1
6
3
5
3
6
2
3
2
1
4
8
2
3
4
2
5
1
1
4
3
3
2
1
2
2
0
3
4
1
1
5
2
4
2
4
1
8
2
1
1
1
5
0
1
5
5
1
3
2
4
2
4
2
2
1
1
3
3
4
2
2
4
1
2
2
3
2
5
3
4
4
2
2
0
2
6
4
3
2
3
4
2
2
4
3
2
5
4
3
1
3
4
2
0
5
2
2
3
3
2
6
4
1
2
3
1
0
3
4
4
4
0
1
1
2
2
3
0
9
3
1
0
3
4
3
1
2
1
3
4
0
1
2
5
2
4
6
3
4
0
3
2
2
3
4
5
3
2
4
1
1
6
3
2
2
0
3
1
7
3
3
4
3
1
3
2
2
3
3
5
5
4
4
2
2
3
4
2
0
3
2
1
0
2
1
2
2
4
6
5
0
2
2
2
2
0
5
2
3
3
2
1
0
6
6
6
4
4
6
1
2
1
5
3
2
1
1
0
4
3
1
3
4
3
5
1
3
1
2
1
2
4
4
3
3
1
3
2
4
1
0
3
1
3
2
2
3
2
2
1
4
1
5
2
2
1
2
0
2
0
2
1
1
3
0
5
4
0
4
0
2
4
2
5
3
2
5
3
2
2
3
6
0
2
5
5
1
6
3
4
5
2
1
0
3
1
1
3
2
2
4
1
1
3
3
4
4
3
3
2
2
4
2
0
2
0
4
1
2
3
2
1
5
2
1
1
1
3
0
6
2
5
0
6
2
3
1
4
4
0
3
2
3
2
2
2
3
5
1
5
2
1
3
2
3
2
4
5
4
2
2
5
4
5
1
1
2
2
2
2
3
0
1
3
0
0
1
5
3
1
4
3
5
2
3
3
5
6
2
2
2
2
4
3
0
1
1
0
2
2
5
2
1
1
3
7
2
1
5
1
1
1
2
3
1
4
2
2
3
2
1
2
3
2
3
2
2
1
3
1
2
0
4
1
3
3
0
2
4
0
8
0
1
1
5
3
3
1
1
2
4
0
2
3
2
2
5
4
2
1
1
2
4
1
3
2
2
0
1
3
1
3
3
3
2
3
1
2
4
3
6
3
0
1
1
3
3
3
0
2
4
1
2
1
3
1
4
4
4
3
0
3
4
3
4
2
0
2
4
1
4
4
4
3
1
4
1
2
1
5
3
1
1
3
3
2
3
1
2
1
3
3
1
2
3
2
4
2
2
4
3
4
2
1
1
5
2
1
1
2
2
2
1
7
5
3
4
3
4
2
4
5
6
2
4
1
1
3
1
4
2
3
1
4
2
1
1
1
3
3
0
5
3
3
1
3
5
2
2
3
1
2
3
2
1
0
3
6
4
0
4
2
0
1
3
2
1
2
4
2
7
3
4
3
1
3
1
2
2
2
2
6
5
1
4
3
1
3
2
2
2
1
3
2
4
1
2
2
1
4
1
2
2
4
1
3
0
1
2
2
6
3
5
2
2
0
2
1
4
1
1
5
3
4
0
2
3
2
2
1
2
2
6
4
5
3
3
5
2
4
1
2
3
1
5
2
0
3
3
5
4
3
1
3
0
3
3
2
3
5
0
6
3
1
2
3
1
1
0
2
2
2
1
1
1
3
4
2
0
2
2
1
1
3
3
2
2
6
5
1
2
0
6
5
1
3
2
2
0
2
3
3
2
1
3
0
1
3
5
3
3
2
2
6
2
2
0
1
0
1
2
2
3
4
1
2
1
5
3
4
0
3
3
0
1
3
5
3
1
1
2
4
1
1
3
4
4
5
0
3
5
3
3
1
2
3
3
3
4
0
0
2
3
0
2
2
5
2
2
3
2
4
1
6
2
2
2
2
3
3
4
1
3
0
6
4
2
5
3
4
1
1
3
2
3
3
1
2
2
0
2
4
7
3
5
5
6
4
3
2
2
4
3
3
3
3
1
3
0
0
5
1
3
1
3
4
0
2
3
2
3
3
3
0
1
2
4
1
2
2
3
1
2
2
3
2
2
1
1
3
7
2
3
5
0
3
3
5
4
3
0
2
1
3
2
0
2
1
1
6
2
3
1
4
1
4
0
6
2
3
3
2
2
3
2
3
3
2
0
4
4
2
2
3
3
3
0
0
2
2
3
3
3
5
2
2
1
2
6
5
0
2
3
1
3
0
3
3
1
2
2
2
6
2
2
0
0
1
3
1
0
1
1
2
4
3
2
1
2
6
1
0
5
1
5
4
1
3
2
4
2
0
2
3
1
3
0
1
2
3
1
1
1
2
0
2
1
2
1
2
4
1
2
5
3
1
2
3
1
1
4
4
3
2
2
2
1
3
5
6
5
0
1
2
3
1
1
3
1
2
0
1
3
1
3
4
1
1
2
0
2
5
2
1
0
0
2
5
2
2
3
2
3
5
2
3
1
1
2
2
3
3
3
3
2
2
2
2
2
0
0
4
2
5
3
5
2
1
4
1
3
1
2
1
2
1
3
1
2
2
5
0
2
5
4
2
2
2
1
1
4
3
4
4
3
2
2
3
4
1
6
3
2
2
1
2
1
3
1
2
1
0
1
3
2
1
2
6
1
0
1
7
2
1
1
0
3
5
0
4
5
1
1
2
0
3
3
6
2
5
2
2
2
0
4
3
2
2
1
1
1
3
1
3
2
2
0
1
3
4
4
1
4
0
3
1
2
2
6
2
6
1
5
1
2
2
1
2
2
0
5
1
2
4
1
2
5
5
3
3
2
5
2
7
0
0
3
1
2
1
4
1
6
3
5
3
1
2
2
1
3
4
4
5
5
3
2
1
3
2
5
1
3
4
3
6
1
3
3
5
2
5
3
2
2
4
5
2
3
2
1
3
0
1
3
4
1
3
3
0
3
1
0
1
2
0
6
1
3
2
4
2
1
0
3
2
3
3
2
2
1
0
3
0
3
2
3
1
3
0
2
5
3
2
1
2
4
3
2
1
3
4
3
0
4
0
2
1
4
1
3
4
1
1
2
5
2
0
3
3
2
6
2
3
5
1
4
4
4
3
5
1
2
3
2
3
2
4
4
4
3
2
0
2
4
4
4
2
4
8
0
2
3
2
2
0
2
2
2
1
3
5
0
1
2
1
3
2
1
0
4
2
1
0
3
0
3
3
2
3
2
2
2
3
1
0
3
1
4
1
1
1
0
0
2
4
1
5
1
1
0
0
4
0
3
2
1
2
0
0
3
5
4
2
0
1
3
2
2
2
5
3
7
3
5
1
2
4
3
3
3
1
1
3
4
3
0
3
2
1
1
4
2
2
2
2
3
5
0
3
1
0
1
2
4
1
1
2
0
3
5
6
3
3
5
2
5
2
2
3
1
1
5
0
4
2
2
0
3
2
3
2
0
2
4
4
4
2
1
4
1
3
1
1
3
3
2
3
0
3
1
2
4
3
6
2
3
6
2
5
4
3
2
2
0
3
3
2
3
1
4
2
2
3
2
0
3
1
4
1
2
3
1
4
2
4
3
1
0
4
2
1
4
2
4
2
0
4
0
3
2
2
0
2
3
4
3
1
2
1
5
2
4
2
2
2
2
3
0
2
5
1
3
3
2
3
1
1
1
0
2
3
0
1
3
1
3
3
1
5
1
4
0
2
3
0
4
2
1
4
1
4
2
1
3
4
5
3
0
4
2
1
2
0
1
2
2
2
2
3
2
6
2
1
1
0
0
2
2
4
3
1
3
3
3
5
0
0
4
1
2
3
0
1
3
1
1
3
2
6
3
2
1
1
3
1
0
1
0
2
2
4
5
1
1
1
4
2
2
0
0
1
3
1
3
2
1
2
5
3
2
5
1
2
6
4
3
2
2
0
4
3
3
5
3
1
3
1
0
3
3
1
0
2
3
2
3
3
4
1
2
3
2
0
1
4
2
3
5
3
0
2
2
2
5
5
2
2
2
3
0
2
1
3
1
0
0
4
1
0
3
1
2
3
1
2
1
2
0
3
5
2
4
2
3
2
4
5
0
2
2
2
1
3
3
5
2
0
1
2
6
5
1
1
5
3
4
3
4
1
2
3
1
2
3
4
0
1
1
0
2
3
2
2
3
0
3
5
3
4
5
5
4
3
1
2
3
3
2
3
3
2
1
3
1
0
2
1
3
1
2
1
1
2
2
3
2
2
2
1
2
2
5
2
1
2
3
6
2
3
0
2
3
6
2
3
1
1
1
2
2
1
3
5
2
3
4
2
2
7
1
4
2
1
4
2
2
2
5
2
5
1
2
1
1
0
5
3
2
4
4
4
3
3
3
4
2
3
1
2
0
1
0
3
2
1
2
1
2
3
4
1
0
0
3
1
2
4
1
2
1
1
2
3
5
2
6
0
2
1
2
0
3
1
1
2
1
2
2
1
1
3
5
2
3
1
4
3
3
3
5
3
1
5
1
2
1
3
1
3
3
3
1
3
1
1
3
4
5
2
1
5
3
2
2
2
1
1
1
2
3
1
1
0
5
3
3
2
5
2
2
0
2
2
4
6
2
0
2
2
2
2
0
1
2
4
1
2
1
5
2
1
2
0
1
1
0
3
2
2
2
1
3
2
3
4
1
0
1
6
0
3
6
3
4
3
4
3
0
1
3
3
4
3
3
4
1
2
4
3
0
1
7
1
4
3
2
3
0
4
1
6
4
3
1
1
3
2
0
5
0
5
2
5
1
2
0
2
3
4
2
1
4
0
2
2
1
3
1
5
3
4
1
4
3
5
2
2
4
7
3
4
1
2
2
3
1
1
1
2
2
2
1
2
1
1
2
1
2
0
3
3
2
1
2
3
1
2
0
1
3
1
5
5
1
2
0
1
2
1
3
4
3
2
4
3
3
7
2
3
1
1
4
6
1
4
2
3
3
3
1
3
0
0
6
3
3
0
2
1
2
1
4
2
3
4
2
0
3
2
3
4
2
2
5
4
1
4
7
2
5
1
4
4
3
1
2
3
1
3
2
3
2
4
3
1
3
0
2
3
5
1
2
2
1
1
2
1
1
2
4
3
1
1
1
2
4
1
4
8
1
4
1
1
1
0
2
4
3
5
2
2
3
4
5
2
4
0
3
0
3
1
0
1
5
3
5
2
1
3
3
0
6
3
0
4
3
0
4
6
0
1
1
6
6
3
2
2
2
1
1
5
1
0
0
3
3
1
2
2
2
1
3
0
1
4
2
3
0
3
2
3
3
2
0
1
2
1
3
3
3
2
1
2
3
3
4
3
3
3
3
2
2
2
4
2
4
2
3
1
1
2
0
3
2
0
3
1
5
3
5
147
162
178
171
177
190
178
164
182
166
187
202
188
214
194
224
206
204
185
250
212
199
246
254
250
245
268
277
242
266
295
280
284
281
316
331
370
367
400
361
429
381
407
408
424
413
481
435
509
489
517
483
507
523
529
496
512
531
593
615
614
673
680
661
750
701
792
783
810
814
851
889
856
934
932
925
1097
1042
1097
1098
1145
1195
1190
1271
1276
1331
1296
1465
1474
1567
1699
1819
1963
2149
2555
3053
4016
5440
8115
11959
18259
27514
40405
58237
80511
105971
132452
157278
177313
189469
191798
184087
169297
147834
125733
102553
82671
66564
53570
43928
36885
32143
28729
26467
24785
23592
22662
22086
