19803
16429
13779
11477
9814
8057
6949
6141
5172
4583
3975
3579
3274
2906
2656
2512
2324
2113
2023
1982
1803
1746
1622
1596
1634
1511
1504
1396
1401
1412
1389
1250
1279
1321
1239
1230
1180
1218
1231
1190
1213
1209
1200
1119
1156
1167
1123
1169
1215
1116
1162
1115
1092
1076
1094
1159
1127
1040
1075
991
970
1029
989
1048
1008
1004
1018
1017
977
924
957
896
918
921
935
928
958
956
843
900
912
879
859
924
860
915
923
840
839
886
834
866
833
903
855
875
879
775
855
798
795
802
794
830
781
785
780
756
799
796
804
864
784
788
822
809
808
842
851
806
792
801
764
728
747
766
738
742
741
760
741
718
696
712
694
707
706
720
663
687
668
672
713
698
662
713
681
734
735
691
721
691
684
732
704
645
651
664
633
695
621
732
627
626
629
611
631
613
625
665
597
611
624
583
608
630
679
611
606
628
636
622
639
608
563
579
651
594
600
553
615
587
581
587
566
584
573
557
579
546
568
586
550
584
586
564
606
522
535
525
584
546
489
568
520
521
530
541
530
534
536
530
533
532
547
478
498
499
485
497
479
517
552
516
504
460
472
528
473
463
501
510
461
484
474
495
491
470
441
462
478
491
478
469
461
465
503
452
484
450
427
458
482
459
491
512
461
474
469
460
474
471
505
437
499
461
469
461
476
432
482
453
480
518
430
497
453
502
444
446
456
442
457
450
439
454
419
474
421
478
477
481
421
429
430
446
430
406
407
461
432
471
466
451
445
440
371
418
415
433
398
440
429
459
422
414
416
425
426
418
414
476
412
401
426
432
449
438
408
451
378
431
432
400
421
391
427
401
422
396
413
409
390
414
361
398
425
414
442
381
414
379
418
404
386
422
406
372
412
375
387
377
371
387
388
392
369
384
443
411
391
387
398
388
398
393
369
393
374
362
403
359
392
383
371
389
365
381
369
381
388
383
394
374
377
381
385
364
430
354
360
365
365
360
386
372
367
385
352
376
358
372
362
363
350
395
378
382
400
391
358
331
355
377
341
327
377
355
379
362
341
365
348
352
359
348
336
378
380
344
339
380
325
339
369
359
372
367
343
345
380
360
347
338
346
312
345
350
340
330
351
306
349
331
340
340
330
353
352
329
352
325
328
321
343
372
328
321
351
317
354
353
358
307
357
318
357
318
328
320
336
313
330
318
352
351
331
315
330
335
350
305
336
299
313
350
335
293
293
348
337
358
304
324
328
340
322
301
335
317
298
334
360
316
312
295
332
341
334
324
359
318
306
300
314
314
286
317
329
330
272
295
339
277
292
322
293
281
306
329
307
320
306
327
314
288
290
314
316
303
334
368
284
326
335
292
310
301
271
305
290
293
313
302
308
284
341
319
281
291
287
272
289
330
290
271
277
278
290
288
273
312
287
336
298
274
325
302
320
301
307
309
305
286
299
297
264
285
292
281
298
305
331
267
282
273
274
258
319
295
297
292
312
268
291
285
284
320
296
306
269
284
299
272
314
288
304
288
307
283
309
287
264
288
289
309
305
259
286
284
278
277
307
283
271
281
275
284
260
278
292
245
261
285
283
276
262
290
304
285
278
266
263
283
290
274
279
292
268
280
266
262
261
277
238
305
273
264
268
255
274
301
258
285
292
279
250
279
269
278
286
236
288
288
278
274
282
278
254
290
259
274
276
276
275
267
251
254
290
263
248
261
272
243
275
256
282
282
281
250
261
283
267
260
275
267
251
259
287
262
265
249
234
231
282
276
287
280
253
268
271
289
288
247
239
282
250
276
241
261
247
244
256
270
256
230
257
249
234
242
269
269
240
251
225
282
276
251
229
253
274
251
258
256
256
286
251
256
267
246
252
275
253
255
235
245
263
255
240
244
226
248
230
235
260
271
259
271
240
263
270
224
243
244
258
259
258
268
285
233
251
229
251
248
252
242
241
258
217
267
240
244
249
235
274
257
270
232
269
249
230
236
276
247
258
271
249
228
234
241
224
268
249
236
232
253
256
235
232
226
252
227
231
228
249
242
235
230
265
246
205
209
234
264
243
270
249
219
266
233
222
242
224
249
247
216
200
259
234
253
233
229
251
234
255
231
235
239
234
251
195
221
246
242
232
232
249
240
225
244
222
265
230
243
215
251
231
230
233
245
226
228
215
219
252
222
230
231
235
233
231
243
231
230
249
249
239
219
224
213
224
205
225
237
213
255
220
216
218
203
232
193
239
228
236
210
224
229
230
236
206
227
210
218
240
220
232
239
232
236
229
237
237
226
216
251
234
210
249
218
232
220
202
242
220
256
219
223
205
201
239
240
216
245
225
241
231
241
241
268
214
245
250
227
228
238
215
238
246
203
237
205
221
255
212
229
261
229
201
207
240
248
241
206
223
233
219
221
208
226
244
210
241
217
213
202
258
213
233
208
249
232
241
215
221
211
236
240
211
226
216
242
230
231
229
231
219
228
225
236
214
225
212
254
228
241
242
215
218
238
220
248
241
266
244
215
272
224
249
218
243
250
208
242
234
259
257
252
244
260
239
239
248
208
245
247
260
231
268
260
264
215
228
216
266
236
247
222
228
204
256
236
203
226
241
235
207
242
243
255
225
227
203
235
206
224
210
238
238
208
196
218
225
201
189
208
220
222
196
200
202
209
202
191
230
204
194
226
228
252
250
221
199
214
221
217
222
194
213
192
224
202
217
227
185
199
204
215
223
199
201
207
193
174
200
177
196
187
199
211
226
186
197
206
187
202
201
202
202
213
193
192
196
189
198
204
198
202
198
192
220
190
195
202
196
205
172
199
187
185
190
209
195
189
210
178
181
181
194
181
190
174
178
195
190
197
171
212
191
193
216
192
178
195
173
228
172
199
195
179
209
194
191
190
179
194
188
218
178
178
191
182
192
184
164
207
195
182
167
184
204
189
189
167
195
171
162
206
194
167
172
171
181
195
186
194
176
214
177
167
191
167
197
185
156
190
166
174
162
205
156
209
202
182
169
177
185
182
170
182
179
175
200
193
189
170
191
173
162
173
180
159
163
173
166
172
185
194
156
196
170
153
182
181
183
180
165
175
172
169
171
146
164
175
177
170
148
175
168
171
173
175
182
183
158
176
159
129
184
170
161
162
209
185
180
172
181
200
169
169
163
160
196
187
156
167
180
203
167
179
165
177
173
181
177
186
173
163
197
163
169
156
181
162
183
179
162
174
157
157
173
163
179
175
166
184
169
175
148
146
163
163
159
168
191
164
168
174
150
184
164
167
130
168
183
178
204
165
158
154
172
157
165
167
168
159
164
140
154
181
173
156
161
155
166
177
145
141
157
166
158
153
162
169
159
173
176
173
170
154
179
159
161
167
180
169
165
165
173
161
165
161
162
158
157
165
170
167
184
159
157
151
165
161
128
151
154
180
168
157
198
154
151
151
158
126
150
169
159
168
169
156
152
173
151
150
177
158
157
163
156
152
163
155
193
165
169
147
159
123
157
150
149
141
141
161
141
167
149
162
169
141
160
143
143
168
151
161
146
140
170
152
166
161
160
157
154
150
156
158
180
143
147
154
143
172
144
146
159
137
147
148
190
142
182
151
144
146
149
152
164
142
155
151
158
143
163
140
141
153
169
162
150
127
146
157
141
180
133
140
124
146
151
131
137
155
146
146
134
154
166
154
154
153
148
135
137
150
151
135
167
149
152
130
139
143
143
170
135
154
158
151
147
161
138
135
177
169
153
159
159
138
150
156
140
139
167
148
146
142
154
156
152
148
140
156
144
146
145
144
148
151
139
134
150
157
145
144
156
141
147
151
135
162
140
154
145
126
135
125
147
158
143
150
151
146
133
147
165
134
143
139
130
141
141
106
141
144
110
165
158
147
131
152
127
122
132
142
152
147
146
160
143
150
165
151
142
154
148
152
146
127
125
130
148
143
134
133
139
139
144
147
141
150
140
145
157
136
139
112
126
141
138
144
149
131
136
145
122
160
124
164
129
147
134
119
111
162
137
150
140
114
129
168
114
125
130
153
139
138
126
128
127
123
146
122
139
126
120
158
130
148
145
146
143
148
135
140
128
137
116
140
134
140
137
126
133
137
151
138
130
143
140
139
137
137
121
129
127
132
139
155
116
147
137
144
121
144
144
134
119
128
153
129
113
138
134
123
135
143
126
139
134
141
128
144
142
161
131
132
146
134
141
126
140
117
131
149
113
130
150
133
138
132
121
131
143
136
137
123
150
131
146
134
136
131
130
128
129
122
131
132
125
125
142
137
132
113
132
135
139
112
123
151
119
134
131
135
126
124
129
129
137
148
143
125
127
127
127
130
125
127
121
130
129
131
132
107
115
138
142
125
111
116
132
143
123
111
129
122
117
120
126
126
143
117
123
106
133
134
136
143
127
145
134
121
140
120
146
115
138
112
134
125
140
110
138
135
136
138
133
124
104
128
139
136
106
117
108
119
118
126
124
118
124
127
113
129
120
135
106
118
137
129
124
112
133
129
137
120
130
110
135
137
119
142
145
132
129
120
123
131
127
112
126
114
120
127
114
131
146
146
124
112
126
114
124
121
117
139
121
136
109
125
105
137
131
124
147
106
108
130
133
107
134
112
121
112
114
112
108
135
148
129
104
117
125
120
132
118
132
121
124
123
121
122
128
105
124
120
129
149
136
100
115
134
103
125
105
129
103
127
110
127
130
119
131
95
134
121
113
110
132
116
114
124
113
127
111
121
101
118
125
131
135
123
117
116
127
144
120
151
114
121
126
118
123
132
121
130
105
128
111
118
133
119
111
118
102
123
134
110
130
115
118
132
118
113
131
98
119
114
128
122
112
108
126
128
117
119
119
121
114
126
123
125
121
128
112
134
117
128
136
105
110
135
121
117
123
125
123
126
134
108
126
115
111
123
111
130
114
108
123
125
108
110
105
116
106
123
114
106
129
129
130
120
119
118
121
121
96
111
106
129
125
111
111
121
125
122
129
103
115
126
122
114
121
122
124
105
121
123
118
118
107
132
123
111
137
115
131
127
114
117
118
115
103
87
120
109
131
116
108
98
127
109
133
110
112
111
126
121
114
118
110
113
97
125
119
108
113
115
137
117
123
116
88
110
122
125
105
124
115
110
121
105
93
114
121
128
114
104
120
108
126
111
122
119
132
103
115
101
101
109
124
117
126
90
116
107
119
111
95
105
113
118
115
102
116
105
101
135
121
103
126
127
119
122
131
87
106
112
122
113
104
109
120
120
102
109
119
112
120
114
110
97
116
137
121
111
113
104
124
122
122
114
120
123
126
98
112
117
112
118
125
97
118
111
109
117
116
109
132
111
115
116
114
103
119
109
122
103
126
102
105
114
134
104
132
105
105
110
102
118
119
117
108
102
136
108
114
129
109
123
96
97
106
99
116
98
110
136
97
125
117
111
112
95
108
98
116
103
109
102
99
107
108
113
110
117
104
102
102
84
105
129
117
125
107
126
105
110
97
99
111
109
112
108
106
113
128
113
100
99
103
110
120
104
110
101
105
103
105
104
109
99
115
109
99
120
95
111
97
130
115
116
134
89
114
89
111
125
94
108
116
128
107
102
102
105
121
120
113
110
90
124
103
119
119
112
97
102
110
117
99
103
116
96
150
112
108
115
108
81
113
116
99
107
123
97
102
90
117
90
81
110
122
96
125
103
105
102
117
85
103
107
105
113
108
126
122
104
105
121
115
93
98
110
112
119
113
107
103
121
95
108
114
98
106
116
98
90
113
108
81
102
122
115
91
110
86
103
102
109
125
94
121
93
115
91
102
99
119
110
101
103
107
104
103
113
105
104
105
110
120
100
92
89
122
90
111
106
93
121
107
89
93
125
116
100
124
114
98
106
112
102
104
116
96
110
97
103
107
109
101
107
95
117
105
96
101
81
106
99
129
121
98
115
130
117
110
96
117
107
104
97
102
105
103
99
103
111
97
97
94
111
93
87
96
115
110
104
101
85
95
115
114
104
117
110
107
97
102
106
103
100
93
101
90
95
110
93
101
98
92
108
107
112
140
101
80
99
104
86
115
106
100
95
115
109
88
107
102
101
99
102
95
96
94
92
110
106
100
84
111
94
104
108
98
92
99
98
107
90
94
109
88
80
83
94
113
94
115
84
90
108
88
99
114
84
87
96
113
97
106
101
94
102
89
96
94
105
97
98
102
96
103
108
94
102
120
99
83
107
90
92
97
97
92
94
110
111
122
101
80
86
107
105
108
118
96
107
99
92
124
97
96
90
107
85
102
97
93
98
106
97
110
100
92
103
79
94
114
105
90
93
103
111
103
112
67
109
83
106
109
96
87
115
97
95
93
98
105
109
91
99
107
108
91
107
108
94
97
105
105
86
96
92
108
103
107
102
86
93
105
88
83
86
108
101
91
103
89
115
109
100
101
103
100
88
97
115
88
105
93
106
85
99
92
99
96
107
83
98
83
106
110
92
91
86
92
109
94
75
91
95
101
106
107
105
97
82
106
107
92
108
93
111
97
87
98
106
69
93
95
99
92
96
94
117
97
82
90
113
92
86
88
94
96
95
93
90
81
95
92
95
80
99
104
85
82
80
96
79
101
97
106
97
94
93
96
105
91
107
96
97
106
105
95
85
94
96
102
101
111
101
74
89
102
93
93
89
90
99
89
103
90
93
83
81
93
105
90
92
99
89
95
93
107
105
116
81
96
93
100
109
71
89
92
100
87
87
90
100
90
101
109
88
109
87
101
99
77
69
88
76
84
71
89
99
78
81
88
91
95
93
89
93
87
81
76
102
85
86
103
98
95
84
99
106
80
96
78
108
94
103
88
106
95
87
90
105
87
92
83
91
97
75
91
98
102
92
92
87
89
84
100
105
94
81
87
101
100
75
88
82
93
91
86
104
96
93
113
92
109
88
92
93
94
91
85
89
116
94
91
94
91
89
80
98
84
109
100
107
95
91
83
98
89
87
101
101
91
95
94
81
86
91
89
95
93
119
105
84
81
73
75
98
92
101
88
86
79
101
79
100
93
113
100
109
98
83
93
95
85
93
106
91
110
81
89
98
92
91
80
83
86
103
82
89
97
85
84
86
83
101
93
90
86
100
91
81
79
105
83
109
89
95
69
96
68
120
87
83
90
73
104
81
85
77
79
91
87
84
86
89
91
87
104
99
94
81
88
89
93
76
85
91
96
84
100
86
93
92
95
90
84
94
93
77
82
88
88
84
73
90
88
76
85
82
79
96
94
74
94
86
104
97
75
87
93
98
84
103
92
90
85
99
99
93
84
103
87
87
58
84
105
91
84
127
86
81
85
96
80
76
103
101
98
95
84
79
79
102
106
74
69
86
94
93
93
97
93
91
91
72
96
101
97
82
85
91
72
86
94
102
82
74
79
97
91
102
88
76
84
82
80
87
96
95
79
80
88
105
97
87
102
84
79
86
75
79
85
107
102
82
96
83
72
85
77
99
83
91
83
88
91
71
87
102
84
104
103
87
76
95
93
73
71
87
85
104
105
75
93
86
83
87
78
65
82
91
88
90
104
87
78
77
96
78
80
81
93
105
83
99
81
91
96
98
96
87
74
107
100
82
88
80
93
79
80
107
91
95
95
87
75
100
108
91
87
89
82
69
95
92
89
92
94
96
97
88
85
75
83
102
79
84
76
92
80
70
78
80
90
96
78
97
75
69
75
90
82
62
86
82
76
104
97
78
78
72
92
82
93
85
79
91
87
64
95
72
81
77
105
97
85
79
74
90
92
78
101
83
76
82
72
79
86
85
88
99
77
89
83
80
85
76
87
93
71
90
84
78
90
80
95
87
87
84
76
89
78
87
69
96
71
84
89
83
102
91
71
86
91
85
81
95
97
85
89
87
67
76
68
85
81
69
90
85
83
75
93
81
81
98
93
87
86
72
80
88
83
84
82
82
80
81
77
69
93
93
86
92
89
82
89
72
83
89
90
102
81
86
86
83
93
91
81
85
76
80
72
103
72
80
93
74
60
75
76
76
81
69
92
87
97
90
80
87
80
74
94
84
70
97
80
83
75
76
107
96
69
86
111
94
79
100
79
82
82
91
88
80
82
71
79
95
75
112
83
89
84
76
97
86
92
85
73
100
87
68
103
89
88
89
95
72
101
91
78
106
89
76
80
63
95
91
81
92
71
84
77
75
73
105
88
75
80
72
92
80
96
100
74
82
84
96
105
57
82
71
78
90
88
86
88
80
96
90
91
64
78
80
88
80
87
74
82
99
90
71
85
87
71
86
77
85
75
89
83
64
89
74
89
94
82
87
92
80
68
91
78
89
64
82
84
88
87
79
86
82
80
77
69
81
81
98
79
82
87
78
89
86
90
79
81
90
87
85
80
98
78
64
92
80
67
81
78
90
78
87
88
77
91
85
91
100
64
87
86
62
104
76
72
72
91
80
73
81
74
88
92
82
94
85
73
80
90
83
98
85
91
78
72
85
79
87
71
88
98
90
85
83
78
80
80
87
72
74
87
98
93
87
79
68
80
79
73
88
67
69
86
71
84
87
69
81
89
89
94
81
76
80
91
70
81
85
90
92
77
92
71
85
86
76
82
55
84
83
79
80
82
87
75
88
81
89
81
75
95
89
98
104
95
87
84
82
76
79
93
82
65
99
84
96
80
85
89
87
89
86
70
96
86
92
93
89
86
89
80
87
85
77
85
76
90
74
81
71
76
69
77
65
88
84
76
85
74
88
74
75
70
91
80
79
86
82
87
71
85
87
70
70
82
82
74
88
83
86
83
84
70
102
88
76
82
74
76
76
71
96
85
82
91
80
66
78
89
83
80
86
89
84
80
92
71
72
76
82
74
92
78
85
75
85
87
87
63
88
72
87
75
66
85
79
73
76
79
82
70
92
98
88
94
71
71
76
73
81
84
80
82
75
84
98
73
91
70
70
83
84
97
73
82
79
67
81
85
66
94
73
86
92
80
75
72
83
103
84
86
76
86
73
88
76
69
77
71
86
80
79
92
89
83
81
78
78
86
85
76
72
66
80
75
72
60
69
88
82
92
73
83
68
90
82
72
92
80
87
69
76
91
74
77
78
86
89
81
78
69
73
87
87
67
68
88
62
61
96
82
84
78
58
89
77
90
93
63
78
88
89
83
90
73
67
79
83
72
72
72
69
82
93
80
73
83
74
84
86
76
84
70
68
92
79
86
82
72
73
97
95
74
76
79
75
76
91
86
68
88
84
85
86
64
68
81
60
90
81
80
86
84
79
87
73
83
66
69
69
79
82
84
87
83
72
81
87
73
88
84
72
82
80
63
76
73
84
82
78
79
74
69
77
94
83
75
77
91
84
84
78
79
85
83
116
79
58
56
87
79
73
89
91
83
90
86
82
90
91
79
80
87
82
78
75
82
80
82
67
103
73
91
61
85
69
80
75
81
73
98
82
64
83
62
81
88
74
80
62
91
71
68
75
81
93
75
71
61
82
76
78
81
87
88
89
82
73
84
79
75
75
74
78
89
90
82
76
75
90
77
65
78
80
68
72
66
93
75
79
90
62
82
91
67
75
67
86
76
71
98
86
76
84
78
84
79
83
57
88
91
75
62
74
76
91
80
82
82
86
81
74
67
69
87
82
88
87
86
87
70
72
80
80
75
87
85
79
75
90
87
77
81
79
82
79
72
68
73
80
82
75
77
67
65
77
84
79
81
70
99
76
73
72
89
86
75
92
80
86
79
81
75
89
79
88
69
83
73
84
74
65
74
80
63
88
77
75
91
90
75
85
93
84
75
90
65
73
67
64
85
90
93
79
72
95
74
78
88
76
72
71
77
78
85
71
71
93
81
75
94
80
81
81
87
74
67
72
68
85
102
76
79
89
79
70
60
85
75
82
85
71
92
93
86
70
80
74
66
75
56
72
90
76
69
78
81
76
90
78
80
84
75
84
85
64
77
88
67
86
87
59
75
103
70
75
81
90
78
85
95
92
80
74
84
87
73
90
85
68
79
88
72
78
74
79
86
57
64
90
81
73
72
85
73
74
80
64
80
84
80
75
90
88
80
82
72
79
97
71
62
62
73
85
84
68
75
76
73
69
75
72
88
73
77
86
74
85
82
82
71
102
73
91
91
75
88
88
65
79
83
70
75
82
91
72
76
82
78
70
94
94
73
56
74
95
71
97
93
84
77
67
86
83
92
86
75
75
69
95
82
78
98
65
74
82
68
84
84
93
78
90
90
74
86
78
101
72
97
84
86
77
78
75
95
84
97
89
80
88
79
68
73
70
78
83
79
89
87
84
91
59
92
71
87
86
71
70
77
90
74
72
82
74
72
92
75
85
101
70
85
81
76
87
88
91
63
74
73
59
79
67
89
87
74
86
82
95
86
97
78
80
84
83
87
74
77
69
95
88
81
89
92
85
78
84
61
78
81
93
77
86
77
70
89
79
89
72
83
78
75
92
68
86
74
72
82
71
78
74
73
76
84
86
80
85
91
64
63
88
78
75
84
83
84
82
91
78
86
85
87
93
70
94
87
80
91
76
100
69
85
81
79
70
90
85
83
89
97
69
82
85
77
73
85
92
88
68
78
78
80
71
95
79
77
79
88
83
79
86
94
91
75
68
85
91
88
86
77
73
84
90
97
114
80
69
94
79
75
77
79
85
86
91
99
70
95
84
87
83
77
81
99
67
79
79
78
89
91
80
90
69
82
67
74
75
72
79
74
89
83
78
88
73
86
103
88
90
99
79
104
83
73
89
91
73
83
76
86
77
88
104
78
79
74
73
77
79
76
74
80
93
72
79
75
79
87
79
87
85
89
79
74
79
83
89
92
79
57
82
100
81
79
99
78
80
77
91
80
81
69
76
87
81
93
86
103
88
86
85
77
83
81
76
76
79
70
89
89
80
82
77
87
79
95
77
90
68
75
87
66
74
68
87
79
80
92
59
72
67
84
66
84
92
76
82
69
89
79
84
85
67
73
64
69
77
67
71
83
68
75
74
86
90
68
76
77
84
77
91
67
99
62
67
78
62
71
86
71
77
82
73
78
94
70
69
74
53
89
80
81
66
67
68
72
55
64
74
87
82
61
63
78
81
81
65
69
72
75
73
80
80
87
55
66
80
73
87
67
81
68
68
64
65
66
87
66
73
77
65
70
80
84
89
89
62
65
69
71
78
63
79
67
76
67
69
64
67
61
80
59
70
81
85
73
67
78
72
77
82
84
72
86
69
64
74
72
77
87
78
69
85
68
64
85
69
74
66
70
62
69
61
71
66
48
76
88
80
67
59
66
61
81
62
78
59
69
87
69
68
77
78
65
72
94
73
70
61
63
70
68
72
73
65
78
84
73
78
80
77
53
62
73
88
77
73
61
68
71
63
61
73
58
75
75
76
77
64
64
69
82
77
69
71
66
63
67
74
71
74
83
72
74
70
67
57
68
91
70
78
80
73
63
78
87
66
60
66
63
74
75
73
57
70
76
82
68
66
73
54
71
65
59
75
66
54
73
70
71
60
73
57
69
64
51
86
71
61
95
80
74
76
76
63
73
55
67
71
62
66
77
60
65
71
66
76
64
70
64
69
72
72
67
74
72
65
61
68
60
74
62
58
64
65
67
55
67
79
77
75
65
65
60
75
58
69
64
74
74
63
74
60
64
71
70
74
54
64
62
49
65
50
58
61
83
55
72
73
73
64
68
67
57
60
68
74
66
69
67
64
62
61
58
66
56
56
64
82
62
76
74
63
56
64
67
56
65
78
62
60
53
66
62
62
65
76
88
72
50
66
65
59
65
61
63
71
53
61
65
71
67
68
69
64
64
62
62
65
70
65
60
60
73
65
62
77
67
72
55
69
47
66
66
64
70
68
61
59
57
67
61
63
63
64
71
55
63
70
56
65
83
73
66
65
50
67
57
75
74
70
45
70
58
64
66
72
71
62
74
73
55
64
74
67
80
55
69
55
71
56
72
65
72
58
53
66
62
60
52
66
61
54
70
54
66
55
70
74
64
65
78
71
58
78
73
60
63
58
46
55
57
70
65
58
77
76
52
57
69
70
51
59
69
68
60
61
84
71
54
78
55
78
65
66
65
58
65
69
60
47
69
67
63
76
84
54
65
58
53
59
68
62
57
58
60
71
66
67
65
67
63
55
73
60
66
55
70
63
74
84
63
57
67
52
53
63
55
70
67
58
56
53
73
60
53
68
61
59
56
69
65
67
65
69
65
70
69
60
63
70
65
54
75
54
63
53
68
65
59
69
57
71
59
79
69
69
61
61
66
95
66
56
67
60
68
87
59
64
55
54
59
59
59
53
53
60
61
64
71
55
73
73
57
62
66
70
62
54
60
61
67
56
71
56
60
61
68
70
71
55
69
70
60
77
65
69
66
57
71
76
54
57
62
52
73
55
72
62
64
71
58
79
82
61
64
56
64
63
72
82
70
77
54
62
69
65
57
87
69
73
61
59
65
61
85
65
61
69
59
76
66
65
58
74
67
75
62
70
64
64
69
63
62
55
76
66
62
65
79
72
49
56
73
56
81
68
75
64
72
82
63
67
53
65
70
67
65
58
53
51
57
61
57
72
65
51
64
63
50
56
61
63
75
66
72
58
61
58
51
57
78
63
64
66
59
73
57
54
56
58
59
68
63
48
69
82
53
62
72
62
60
71
86
45
67
66
75
58
54
69
67
69
59
61
68
69
53
66
70
68
62
58
58
56
67
59
62
67
67
49
68
65
72
61
61
50
63
59
61
62
64
64
47
57
63
66
60
53
63
60
47
55
57
54
62
52
59
58
49
70
50
61
51
65
65
59
54
65
55
47
41
61
43
50
44
51
49
41
54
57
43
56
62
66
53
60
53
55
56
42
51
50
45
52
54
45
54
48
59
54
44
57
46
69
50
48
41
57
50
60
54
57
47
54
43
58
55
52
58
54
50
57
60
58
54
58
38
52
46
56
55
57
53
63
47
46
56
48
45
56
56
46
45
60
48
55
42
54
51
53
39
51
62
62
42
51
44
42
47
49
56
53
54
59
48
60
61
41
42
40
55
56
59
57
35
56
47
51
42
45
56
42
43
52
71
58
48
53
72
51
51
54
48
45
45
51
52
48
59
37
41
45
53
54
60
53
45
44
54
61
58
39
45
61
53
49
59
53
61
49
47
45
61
54
58
42
52
52
56
44
54
57
58
46
47
52
53
68
41
46
43
43
55
57
48
57
48
61
54
50
57
47
51
67
48
47
66
50
59
61
59
68
67
54
50
58
60
51
59
61
56
76
58
69
59
55
62
64
55
63
58
43
69
60
65
68
42
64
58
51
67
69
62
64
68
51
61
68
66
71
60
65
62
68
61
60
80
70
81
98
77
59
85
73
80
92
74
94
88
93
99
97
98
106
128
130
160
219
216
254
308
360
402
421
475
439
435
398
399
387
304
284
237
225
187
168
154
143
116
99
87
92
84
70
55
52
50
75
56
46
42
41
56
54
46
58
33
51
36
41
40
58
34
42
52
42
36
48
50
42
43
40
39
43
40
51
43
21
38
49
51
28
36
42
25
46
58
44
43
54
39
39
38
51
43
40
48
41
45
39
42
41
32
46
39
49
44
46
34
49
33
46
46
27
44
48
55
46
45
41
46
43
35
46
40
33
42
55
43
46
52
39
39
52
39
42
35
45
42
48
53
35
39
41
50
42
46
53
42
51
54
48
38
45
37
42
46
48
40
34
50
48
43
40
41
47
43
49
45
44
52
48
50
44
54
47
57
36
44
34
56
39
45
52
54
44
48
44
43
45
42
53
46
54
52
44
46
47
38
45
37
49
55
47
50
56
53
60
48
47
38
59
54
50
37
46
48
54
50
43
45
57
56
48
53
61
60
59
58
54
63
46
68
69
71
67
63
80
75
79
89
68
68
71
77
88
87
89
77
92
79
79
71
59
61
55
48
42
43
44
38
26
26
21
21
33
26
31
28
21
18
19
26
13
20
26
24
19
10
29
21
23
24
16
25
21
16
29
31
18
26
17
16
23
17
19
17
21
21
25
27
18
19
17
21
15
18
24
16
32
23
21
25
19
14
15
20
21
12
18
19
20
21
24
28
18
21
20
23
17
14
11
20
12
26
29
24
16
13
11
12
20
9
18
14
22
14
15
17
18
20
18
20
21
16
21
13
23
20
18
15
15
17
20
12
29
17
22
14
17
18
13
25
24
18
18
15
13
9
14
17
20
22
16
16
20
15
20
12
9
12
24
12
19
24
12
24
13
14
16
15
17
16
21
22
14
20
14
20
16
14
16
13
20
19
17
21
23
15
17
24
18
15
19
11
14
11
21
18
17
21
24
12
19
15
16
23
13
21
13
9
16
25
22
23
17
3
22
18
22
8
14
19
21
21
15
20
27
21
23
17
13
19
20
11
28
14
12
19
11
15
18
11
20
20
15
17
13
14
15
16
18
22
12
17
14
20
11
10
16
24
17
15
17
17
12
18
22
11
18
16
19
21
28
8
21
12
24
21
13
20
9
14
25
11
16
13
20
9
15
16
11
12
14
19
15
13
14
20
7
18
22
8
18
18
21
15
19
24
16
16
19
15
21
17
17
24
20
10
10
15
15
18
18
17
22
16
16
13
18
17
16
24
16
9
20
20
19
19
18
28
19
16
18
16
23
23
17
22
15
19
17
14
22
18
13
11
17
14
15
18
18
21
14
18
17
20
29
14
15
18
11
25
18
15
23
15
12
14
24
18
15
16
10
21
13
17
21
21
15
20
14
15
22
8
19
23
15
11
16
29
18
16
16
26
14
18
12
13
20
31
14
20
15
12
20
26
20
19
27
21
19
18
20
12
24
17
13
18
20
20
22
19
14
19
17
16
14
12
15
14
17
20
21
26
15
15
12
17
12
18
30
20
18
17
17
22
17
14
23
19
21
14
24
20
11
20
19
22
23
24
28
18
23
23
19
22
12
18
16
26
17
15
15
21
17
26
14
20
19
27
29
19
18
16
25
21
24
22
25
27
25
35
21
25
15
33
21
30
25
21
16
28
22
26
26
36
27
30
24
22
29
34
36
32
32
33
27
27
28
37
27
29
31
38
35
28
23
29
35
30
32
34
38
32
32
27
39
39
30
38
36
41
34
30
38
52
31
39
53
44
43
40
47
48
40
43
52
36
39
58
53
53
47
59
50
46
35
65
59
60
56
57
64
66
58
61
67
55
78
71
82
98
97
119
111
127
173
227
292
362
453
517
643
753
746
812
832
783
747
719
604
514
485
417
335
267
232
228
192
154
115
108
78
78
65
52
51
57
39
46
37
29
22
34
25
33
20
26
22
24
23
22
27
27
20
14
15
27
23
15
16
18
21
18
15
14
16
26
22
27
24
22
7
16
10
20
20
14
19
18
20
16
15
17
18
23
22
14
16
18
20
14
18
18
12
19
19
16
18
12
13
23
21
12
25
19
18
22
15
20
23
20
19
18
18
23
21
12
13
17
17
16
18
17
19
18
19
19
22
25
23
15
18
35
15
28
18
22
16
21
21
18
14
15
21
21
19
19
23
27
19
28
17
21
22
15
29
21
23
32
20
21
22
25
20
36
19
27
29
27
19
28
27
28
22
27
20
31
26
24
27
21
28
28
22
26
22
38
30
21
25
26
28
31
20
25
32
23
28
32
22
35
38
25
32
28
24
34
31
30
35
30
21
27
32
32
40
32
33
37
36
30
50
43
29
51
42
41
38
44
66
42
63
58
56
51
64
61
76
68
53
47
50
45
47
32
24
27
19
18
23
21
7
11
10
11
16
9
9
15
3
6
5
5
5
8
5
5
8
6
8
9
11
4
4
2
8
4
2
8
1
4
3
4
5
4
4
7
5
6
4
4
6
2
6
2
7
2
6
6
7
4
2
3
3
3
5
3
6
5
4
7
4
4
7
2
6
8
8
4
6
5
4
2
3
8
5
6
3
5
7
7
4
4
3
3
5
1
6
6
6
4
2
6
5
7
3
9
5
7
6
5
3
6
3
7
2
3
4
3
3
3
2
4
3
5
2
1
5
3
3
7
7
3
8
3
4
3
2
2
3
3
2
2
4
1
2
3
2
9
3
3
6
3
3
3
7
4
7
4
4
3
2
3
8
4
3
3
7
6
7
2
0
5
8
3
5
3
5
2
3
4
2
2
5
5
5
3
3
3
2
8
1
3
3
2
2
1
1
5
5
3
6
6
3
5
5
5
2
6
1
3
4
1
1
5
6
5
2
3
4
4
5
6
2
3
6
6
5
5
1
5
4
2
1
3
4
2
5
3
4
4
3
4
4
2
2
3
6
4
0
3
1
7
2
5
3
6
2
4
3
1
2
6
1
1
1
2
7
1
5
3
2
2
0
4
3
5
1
5
7
5
3
4
4
2
2
2
1
5
3
3
2
7
1
1
6
4
1
5
7
5
5
3
5
3
8
1
4
6
6
1
1
2
5
4
5
2
3
6
3
4
6
4
2
5
2
2
4
1
2
3
4
5
3
2
2
4
6
2
2
4
4
2
1
2
3
0
6
5
2
3
4
4
1
3
3
2
3
6
0
6
5
3
4
3
2
2
6
1
1
4
2
4
3
6
3
2
2
3
6
1
2
7
4
5
2
5
5
3
1
4
5
4
1
3
8
5
5
3
3
3
0
3
5
6
3
3
5
6
3
3
3
4
2
5
5
2
2
7
5
1
3
4
6
5
3
1
3
5
4
1
6
6
4
7
4
4
4
4
2
0
2
5
4
2
3
7
2
5
3
4
2
1
3
2
3
1
4
5
1
3
1
3
4
1
3
2
3
1
1
6
1
3
3
4
3
4
1
2
0
5
5
2
6
6
3
5
4
2
2
4
9
1
1
2
1
7
2
0
2
3
2
2
4
1
1
4
4
5
3
2
2
3
2
3
5
3
2
4
1
4
2
2
3
4
4
2
4
2
3
4
1
5
6
4
4
2
5
4
2
2
3
4
3
7
3
1
5
2
0
2
3
4
0
1
3
1
2
1
2
5
3
3
4
2
2
2
5
2
2
3
5
6
3
1
1
6
6
4
4
4
3
2
1
2
4
1
3
4
3
4
4
4
4
3
2
5
3
5
2
1
2
2
3
2
1
3
1
5
1
2
3
2
4
3
1
3
2
3
4
2
3
5
3
2
4
5
2
2
1
0
1
2
0
1
3
6
6
4
3
4
8
3
0
2
5
4
2
2
8
2
4
3
4
4
2
8
1
4
2
0
4
4
1
4
0
1
4
2
1
0
3
2
5
4
1
3
4
0
3
4
2
3
6
4
1
2
3
3
3
3
2
4
4
2
4
1
2
3
0
5
2
3
3
2
3
3
2
3
5
1
4
0
4
1
4
3
3
4
6
4
3
5
7
2
3
4
0
5
1
2
2
1
3
2
1
6
1
4
5
3
3
1
4
1
2
1
6
2
2
2
2
2
2
0
3
3
3
2
1
0
1
3
1
4
2
4
4
0
8
0
4
2
3
1
3
1
2
0
3
5
7
2
2
2
3
5
1
3
5
7
1
1
3
2
4
2
3
2
0
1
5
3
0
4
4
2
1
0
2
4
4
1
0
2
1
2
3
3
2
7
5
3
1
6
2
7
4
1
2
2
4
1
0
4
1
4
3
1
6
3
3
0
5
2
3
3
5
2
0
2
2
2
1
5
4
0
0
2
1
3
3
3
1
2
0
3
3
4
2
2
1
4
1
1
4
3
4
3
0
2
1
4
2
5
1
3
5
4
6
2
1
1
1
0
2
1
1
1
2
2
6
2
5
1
1
3
1
8
2
2
3
4
0
4
3
1
2
4
1
5
1
3
3
3
0
0
2
4
2
3
1
3
4
3
7
1
7
3
3
4
1
2
4
2
2
5
4
3
1
0
3
4
2
2
4
1
0
1
2
2
3
3
1
3
2
3
2
3
2
3
3
2
3
1
1
4
2
3
1
5
4
2
0
0
1
1
1
1
0
3
0
2
2
2
2
1
2
4
7
3
3
2
1
1
1
1
3
1
1
3
4
0
4
4
4
1
0
6
1
5
4
4
2
2
4
3
2
3
4
0
2
2
1
2
1
5
3
3
2
1
3
4
1
2
4
7
1
6
4
2
2
2
2
1
3
0
1
2
4
3
5
3
3
5
3
0
5
1
4
5
3
1
3
2
4
1
4
3
3
1
4
2
0
1
1
1
1
4
2
1
1
4
4
1
4
3
1
2
3
2
4
2
1
2
3
3
4
1
2
3
4
105
178
172
201
216
190
238
221
260
264
272
276
289
308
335
382
433
456
500
551
674
598
670
722
783
819
886
978
1084
1144
1208
1314
1542
1599
1657
1761
1886
2005
2130
2173
2302
2585
2668
2827
2924
3015
3478
3443
3590
3863
3935
4156
4280
4402
4623
4796
4909
5352
5325
5587
5832
6118
6229
6354
6703
6895
7013
7262
7617
7895
8193
8315
8631
8841
9115
9536
9651
10012
10464
10352
10865
11209
11760
12066
12388
12704
13327
13714
14266
14901
15317
15910
16622
17234
18017
19021
20245
21013
22144
23453
24981
27379
31018
38068
51136
78291
132596
227879
366289
518813
644520
700246
674387
590655
483637
387462
315490
262800
223945
193013
166869
145363
127426
112784
102435
93861
87265
82478
