0
0
0
0
0
0
0
0
0
0
0
0
0
0
0
0
0
0
0
0
0
0
0
0
0
0
0
0
0
0
0
0
0
0
0
0
0
0
0
0
0
0
0
0
0
0
0
0
0
0
0
0
0
0
0
0
0
0
1
1
0
2
6
7
15
14
30
25
34
32
41
23
25
33
46
30
41
35
41
35
27
30
42
30
42
29
50
42
35
28
46
49
38
51
52
39
51
55
51
55
49
49
57
63
65
73
84
86
127
132
221
332
527
843
1417
2357
3821
6094
8706
12448
15783
18820
20616
18381
12117
5831
2243
1170
632
484
424
411
476
599
747
832
1070
1215
1612
1765
2112
2568
2969
3414
3843
4309
4906
5105
5549
5803
5692
5488
4961
4112
3031
1881
1098
717
712
782
896
1261
1519
1863
2313
2807
3430
3818
4319
4654
4987
5059
4565
4093
3236
2222
1550
1183
1089
1306
1605
2055
2483
2969
3426
3882
4250
4427
4433
4106
3569
2857
1946
1461
1446
1551
1818
2198
2739
3169
3517
3960
4039
4118
3976
3453
2742
2200
1777
1644
1763
2070
2404
2784
3155
3578
3838
3931
3833
3600
3127
2619
2105
1901
1936
2132
2433
2774
3034
3338
3635
3660
3557
3292
3070
2772
2452
2313
2171
2244
2370
2460
2756
3015
3186
3207
3297
3280
3082
3039
2878
2688
2488
2576
2415
2476
2569
2607
2660
2796
2912
2950
2959
3089
3048
2913
2920
2807
2815
2724
2758
2668
2703
2608
2723
2714
2768
2655
2701
2754
2909
2934
2969
2920
2855
2838
2822
2785
2740
2811
2757
2699
2773
2704
2655
2769
2764
2718
2863
2807
2751
2765
2825
2712
2799
2827
2769
2753
2730
2740
2750
2739
2732
2790
2787
2813
2694
2737
2729
2822
2786
2740
2796
2840
2645
2762
2745
2794
2695
2702
2754
2745
2809
2754
2731
2817
2716
2722
2658
2781
2645
2848
2783
2741
2738
2711
2757
2727
2664
2701
2767
2752
2750
2734
2733
2678
2806
2581
2739
2688
2669
2714
2718
2713
2705
2782
2729
2748
2760
2666
2820
2752
2712
2655
2749
2724
2694
2679
2685
2822
2628
2750
2771
2681
2708
2697
2716
2691
2709
2699
2707
2747
2632
2730
2621
2645
2677
2681
2601
2727
2693
2668
2699
2684
2715
2703
2692
2686
2739
2625
2651
2631
2600
2608
2734
2627
2732
2541
2611
2702
2654
2730
2677
2644
2652
2601
2676
2680
2596
2589
2669
2725
2639
2622
2631
2656
2684
2578
2661
2665
2608
2671
2612
2648
2628
2622
2702
2599
2751
2662
2630
2648
2716
2645
2712
2635
2658
2783
2708
2746
2674
2646
2641
2654
2589
2655
2686
2710
2670
2720
2726
2624
2674
2705
2571
2641
2618
2625
2738
2646
2697
2684
2705
2720
2753
2679
2750
2585
2676
2672
2628
2638
2741
2811
2660
2704
2731
2669
2667
2784
2720
2834
2685
2719
2721
2695
2740
2691
2721
2720
2674
2732
2830
2678
2796
2739
2718
2845
2732
2739
2776
2818
2816
2799
2682
2783
2808
2832
2858
2875
2794
2896
2855
2831
2844
2810
2892
2860
2911
2971
2770
2935
2891
2818
2812
2899
2898
3019
2882
2956
2891
2969
2935
3034
2945
3025
2914
2953
2940
3009
2879
2948
3023
2944
2986
2941
2968
2964
2960
2959
2892
2994
2996
2928
3052
2983
3046
2895
2982
2887
3000
2943
2960
2978
3037
2955
2984
2985
3004
3000
3021
2934
2988
2964
3040
2878
2957
3006
2988
2953
2972
2936
2985
3061
2910
3035
2900
2888
2998
2846
3025
2906
2941
2844
2957
3026
2951
2981
2884
2894
2949
2964
2998
2972
2967
2911
2902
2855
2939
2916
2821
2949
2899
2960
2977
3020
2932
2966
2969
2972
2873
3023
2950
2868
2869
2858
2990
2868
2894
2878
2908
2860
2967
2875
2939
2956
2785
2905
2909
2836
2833
2862
2884
2850
2799
2947
2853
2850
3040
2938
2856
2809
2856
2848
2847
2739
2931
2820
2818
2883
2828
2812
2832
2858
2855
2735
2820
2808
2778
2867
2789
2813
2838
2887
2835
2778
2808
2838
2791
2864
2804
2799
2775
2793
2798
2852
2823
2653
2865
2798
2903
2712
2833
2728
2809
2713
2818
2733
2786
2771
2788
2757
2784
2690
2835
2761
2719
2665
2700
2866
2648
2831
2903
2841
2800
2781
2803
2757
2732
2764
2773
2680
2695
2713
2717
2710
2773
2741
2696
2738
2784
2743
2690
2701
2729
2735
2675
2773
2661
2733
2651
2718
2722
2726
2598
2748
2722
2683
2730
2677
2756
2727
2740
2632
2623
2722
2695
2664
2688
2652
2638
2711
2768
2717
2599
2740
2677
2698
2674
2711
2762
2634
2692
2639
2707
2620
2671
2692
2690
2645
2563
2535
2644
2638
2681
2681
2647
2687
2590
2607
2589
2626
2709
2689
2732
2685
2656
2637
2643
2617
2681
2650
2687
2722
2682
2711
2649
2617
2672
2737
2592
2694
2659
2629
2612
2702
2715
2590
2655
2673
2603
2645
2598
2655
2535
2570
2551
2685
2526
2584
2490
2638
2703
2597
2580
2537
2572
2581
2547
2554
2546
2556
2568
2567
2547
2607
2518
2586
2487
2539
2545
2528
2580
2502
2491
2579
2476
2504
2592
2455
2596
2500
2546
2376
2550
2597
2436
2556
2559
2574
2526
2534
2523
2572
2591
2468
2586
2561
2423
2642
2517
2490
2554
2538
2489
2571
2588
2457
2491
2522
2476
2500
2446
2660
2430
2499
2515
2500
2459
2531
2462
2471
2484
2574
2447
2515
2573
2499
2373
2578
2642
2443
2502
2482
2490
2433
2442
2453
2563
2429
2412
2508
2406
2493
2408
2486
2480
2516
2447
2473
2464
2449
2481
2478
2474
2500
2417
2504
2483
2398
2417
2566
2491
2502
2406
2450
2405
2417
2444
2436
2401
2514
2387
2546
2554
2463
2425
2407
2445
2459
2500
2447
2489
2443
2515
2437
2397
2407
2454
2439
2423
2460
2454
2456
2438
2367
2403
2481
2479
2396
2435
2427
2455
2445
2482
2422
2400
2435
2485
2427
2416
2360
2389
2415
2448
2433
2450
2385
2428
2508
2346
2447
2423
2525
2400
2390
2440
2423
2472
2416
2445
2362
2478
2267
2409
2421
2472
2392
2374
2373
2373
2324
2387
2390
2376
2418
2404
2367
2376
2401
2441
2429
2334
2411
2484
2373
2388
2393
2385
2326
2409
2304
2507
2423
2454
2434
2455
2542
2281
2401
2512
2439
2348
2363
2418
2454
2404
2310
2391
2376
2367
2410
2377
2413
2339
2341
2415
2367
2360
2400
2399
2383
2349
2425
2391
2405
2376
2393
2352
2341
2411
2417
2409
2255
2394
2364
2386
2384
2405
2283
2354
2401
2453
2374
2284
2390
2408
2319
2337
2328
2379
2331
2474
2295
2435
2393
2440
2345
2432
2339
2406
2253
2284
2322
2372
2368
2364
2339
2271
2382
2366
2409
2297
2449
2302
2287
2363
2366
2275
2387
2404
2331
2289
2339
2367
2288
2327
2375
2350
2396
2383
2400
2342
2275
2344
2354
2312
2292
2348
2341
2392
2408
2370
2334
2322
2361
2369
2470
2294
2323
2315
2347
2320
2307
2361
2309
2272
2446
2371
2325
2389
2304
2317
2280
2311
2332
2365
2320
2349
2258
2349
2268
2323
2302
2275
2367
2287
2488
2372
2318
2373
2385
2403
2353
2362
2233
2300
2410
2374
2288
2447
2347
2280
2318
2307
2456
2322
2308
2312
2366
2403
2286
2230
2380
2295
2333
2307
2309
2348
2277
2334
2277
2361
2376
2235
2338
2389
2375
2217
2345
2304
2279
2311
2321
2295
2261
2359
2288
2329
2280
2367
2303
2283
2392
2322
2391
2347
2379
2321
2308
2274
2302
2289
2365
2281
2344
2276
2332
2439
2284
2373
2260
2277
2304
2303
2325
2385
2264
2323
2312
2199
2345
2405
2315
2301
2351
2210
2296
2350
2228
2316
2303
2247
2368
2379
2321
2210
2429
2425
2338
2336
2317
2320
2342
2399
2335
2337
2275
2278
2313
2401
2320
2302
2256
2336
2277
2288
2271
2331
2288
2318
2314
2264
2235
2292
2307
2294
2333
2229
2338
2276
2407
2360
2306
2395
2330
2342
2357
2357
2273
2289
2256
2287
2329
2276
2383
2316
2345
2367
2304
2310
2357
2300
2321
2357
2408
2371
2335
2297
2272
2299
2318
2315
2347
2294
2377
2291
2256
2233
2325
2356
2287
2347
2271
2293
2391
2290
2348
2343
2290
2292
2409
2355
2275
2343
2343
2305
2371
2392
2397
2326
2344
2260
2330
2321
2417
2258
2309
2352
2440
2325
2394
2325
2350
2337
2331
2370
2241
2372
2302
2379
2330
2395
2248
2202
2337
2331
2331
2462
2286
2305
2436
2283
2299
2357
2327
2393
2327
2449
2263
2418
2334
2326
2335
2288
2258
2189
2373
2374
2287
2329
2293
2312
2317
2409
2311
2349
2385
2333
2256
2306
2362
2321
2376
2285
2352
2339
2344
2307
2256
2297
2357
2423
2266
2260
2333
2345
2345
2347
2309
2265
2381
2329
2410
2378
2268
2303
2250
2327
2380
2301
2333
2298
2329
2234
2328
2382
2408
2272
2372
2329
2224
2400
2263
2314
2392
2392
2303
2255
2336
2384
2347
2427
2296
2352
2361
2403
2284
2411
2342
2346
2393
2242
2379
2310
2350
2347
2317
2359
2387
2317
2373
2413
2403
2314
2296
2330
2297
2329
2313
2304
2374
2277
2368
2374
2338
2289
2279
2343
2264
2427
2318
2426
2336
2294
2438
2367
2368
2420
2306
2298
2383
2237
2384
2334
2239
2415
2383
2304
2375
2390
2321
2373
2345
2444
2395
2332
2366
2354
2406
2407
2347
2417
2306
2327
2483
2309
2343
2396
2318
2356
2418
2264
2359
2337
2265
2314
2473
2397
2357
2388
2300
2399
2305
2465
2363
2306
2322
2296
2368
2411
2338
2452
2319
2471
2339
2315
2316
2387
2371
2338
2410
2316
2341
2368
2399
2462
2400
2424
2294
2440
2394
2380
2353
2327
2367
2404
2361
2412
2327
2400
2375
2397
2301
2390
2438
2422
2319
2398
2375
2390
2450
2387
2383
2428
2386
2383
2348
2381
2469
2364
2402
2395
2314
2445
2392
2350
2346
2414
2334
2447
2445
2355
2383
2467
2325
2368
2432
2463
2424
2414
2431
2453
2475
2403
2462
2436
2330
2432
2272
2398
2445
2391
2305
2459
2445
2378
2491
2463
2396
2400
2427
2500
2497
2428
2370
2395
2450
2380
2387
2424
2390
2445
2408
2462
2485
2424
2367
2530
2397
2400
2460
2406
2354
2418
2462
2389
2433
2501
2504
2375
2429
2404
2489
2340
2422
2520
2443
2526
2327
2442
2404
2476
2444
2413
2428
2443
2447
2451
2401
2505
2392
2441
2377
2418
2395
2429
2455
2481
2428
2447
2442
2460
2441
2490
2341
2397
2411
2463
2576
2516
2485
2547
2480
2432
2426
2434
2486
2421
2460
2425
2375
2407
2484
2605
2508
2414
2462
2395
2424
2416
2461
2513
2468
2408
2451
2475
2472
2515
2496
2481
2514
2583
2437
2398
2480
2450
2532
2522
2438
2518
2435
2482
2404
2491
2540
2515
2430
2472
2580
2521
2543
2484
2515
2575
2525
2504
2514
2507
2519
2408
2548
2571
2463
2575
2543
2435
2547
2530
2578
2509
2546
2467
2581
2484
2530
2475
2500
2493
2473
2548
2496
2488
2559
2475
2525
2539
2368
2473
2513
2524
2519
2497
2526
2580
2599
2508
2572
2558
2516
2489
2529
2531
2447
2555
2540
2552
2542
2514
2489
2576
2470
2537
2577
2503
2583
2469
2569
2572
2532
2516
2560
2542
2530
2601
2426
2541
2541
2547
2588
2520
2497
2491
2551
2571
2535
2536
2515
2605
2521
2574
2548
2607
2524
2616
2599
2614
2534
2567
2582
2613
2552
2576
2616
2531
2630
2685
2666
2521
2635
2580
2536
2574
2564
2469
2594
2581
2626
2560
2590
2615
2636
2602
2578
2526
2570
2593
2632
2633
2586
2576
2575
2642
2590
2561
2645
2585
2612
2587
2552
2587
2628
2622
2617
2610
2619
2650
2580
2622
2601
2643
2589
2610
2534
2616
2640
2600
2654
2702
2619
2602
2714
2621
2580
2596
2592
2765
2615
2611
2533
2573
2587
2694
2712
2688
2587
2726
2626
2670
2639
2707
2562
2571
2648
2596
2599
2759
2684
2656
2692
2646
2687
2681
2648
2690
2628
2625
2681
2645
2737
2681
2659
2698
2722
2623
2722
2806
2691
2753
2705
2692
2619
2667
2630
2645
2740
2752
2715
2695
2688
2776
2693
2700
2717
2733
2691
2681
2781
2745
2690
2654
2755
2750
2686
2738
2722
2685
2825
2748
2859
2735
2707
2830
2759
2725
2664
2756
2799
2758
2775
2708
2760
2824
2758
2769
2746
2710
2823
2775
2752
2693
2753
2783
2677
2790
2742
2792
2735
2714
2879
2829
2726
2775
2763
2822
2718
2832
2781
2757
2786
2725
2798
2862
2728
2786
2736
2748
2843
2893
2797
2847
2871
2743
2787
2803
2836
2806
2873
2877
2717
2845
2802
2766
2873
2815
2748
2819
2892
2814
2840
2851
2722
2864
2813
2850
2948
2917
2773
2866
2873
2891
2783
2807
2796
2837
2795
2846
2866
2787
2962
2828
2906
2862
2856
2863
2848
2816
2802
2844
2951
2905
2932
2918
2845
2928
2901
2870
2967
2953
3037
2963
2963
2943
2927
2900
2985
2937
2830
2965
2976
2952
2929
2841
2845
2908
3006
2871
2871
2959
2915
2985
2899
2879
2924
2979
2973
2962
2956
3043
2906
2967
2931
2995
2994
2974
3054
2943
2919
2925
2945
3008
2998
2919
2985
3020
2966
2972
2911
2993
2913
3090
2909
2996
3033
2956
3052
3017
3038
2984
3011
3010
3043
3114
2991
2993
3015
2924
3062
3022
3099
2965
3063
3074
2994
2993
2991
3084
3131
3032
3165
2997
3009
3042
3097
3075
3154
3013
3063
3115
3136
3066
3137
3196
3206
3121
3083
3150
3024
3153
3181
3183
3153
3117
3221
3202
3166
3075
3215
3089
3095
3110
3213
3181
3136
3284
3131
3280
3303
3169
3256
3333
3109
3308
3212
3126
3206
3197
3267
3218
3220
3242
3200
3157
3268
3327
3216
3252
3205
3275
3167
3237
3229
3207
3294
3237
3226
3028
3235
3273
3164
3182
3153
3238
3257
3213
3224
3221
3293
3357
3250
3196
3228
3356
3309
3326
3399
3369
3221
3274
3376
3275
3341
3284
3287
3266
3214
3346
3290
3362
3247
3300
3199
3294
3366
3241
3265
3286
3389
3382
3210
3279
3313
3310
3302
3364
3405
3369
3346
3365
3302
3278
3325
3487
3463
3373
3422
3419
3317
3363
3384
3413
3451
3429
3351
3504
3466
3425
3453
3408
3415
3366
3482
3511
3380
3406
3301
3535
3412
3565
3524
3479
3343
3518
3484
3380
3451
3504
3492
3596
3449
3451
3404
3575
3533
3533
3589
3476
3449
3649
3487
3521
3503
3585
3494
3538
3500
3531
3557
3570
3604
3625
3561
3474
3521
3543
3545
3626
3609
3694
3658
3571
3568
3584
3643
3544
3626
3627
3561
3565
3674
3574
3755
3656
3697
3636
3679
3602
3665
3638
3697
3627
3695
3691
3719
3684
3632
3725
3680
3809
3624
3775
3761
3700
3684
3799
3722
3595
3789
3821
3667
3773
3756
3699
3708
3792
3787
3809
3847
3754
3761
3787
3804
3879
3826
3823
3845
3797
3704
3790
3730
3754
3913
3805
3915
3908
3872
3876
3834
3988
3841
3933
3923
3887
3936
3957
3914
3945
4039
3992
4112
3960
3950
3913
3977
3983
3971
4051
4049
3972
3908
3911
3983
3998
4023
3933
3942
3923
4055
4062
4060
4117
4060
3996
3992
4006
4084
4049
4165
4139
4033
4071
4096
4050
4148
4167
4134
4233
4147
4090
4208
4087
4218
4042
4091
4155
4132
4198
4186
4146
4291
4200
4182
4088
4236
4138
4167
4198
4213
4210
4353
4214
4222
4164
4296
4344
4316
4184
4289
4212
4286
4325
4340
4333
4374
4345
4358
4288
4430
4278
4381
4354
4272
4434
4365
4280
4380
4359
4216
4305
4410
4423
4483
4354
4270
4418
4344
4347
4306
4508
4348
4441
4485
4368
4376
4492
4530
4363
4307
4345
4341
4430
4398
4417
4412
4374
4386
4564
4374
4502
4441
4416
4339
4458
4441
4400
4413
4442
4480
4461
4528
4400
4463
4338
4355
4510
4288
4342
4356
4480
4439
4511
4425
4364
4293
4374
4418
4493
4412
4387
4332
4259
4523
4349
4339
4360
4305
4315
4261
4299
4155
4174
4232
4131
4141
4204
4121
4134
4239
4079
3999
4089
4047
4087
4037
4050
4033
4009
3983
3934
3997
3999
3890
3954
3860
3893
3828
3810
3875
3856
3794
3840
3724
3682
3781
3713
3596
3664
3654
3649
3597
3641
3590
3582
3627
3606
3617
3542
3620
3563
3596
3737
3544
3591
3557
3467
3476
3467
3428
3590
3461
3537
3522
3551
3491
3505
3479
3538
3457
3435
3446
3472
3404
3412
3449
3497
3457
3534
3384
3444
3469
3485
3505
3479
3407
3439
3424
3461
3434
3390
3438
3403
3417
3402
3398
3539
3419
3431
3364
3349
3341
3528
3483
3414
3400
3365
3383
3438
3408
3371
3410
3335
3390
3361
3390
3339
3266
3316
3276
3313
3317
3417
3323
3343
3345
3225
3377
3292
3368
3370
3377
3440
3285
3395
3289
3433
3371
3295
3266
3241
3384
3408
3391
3263
3376
3344
3278
3321
3306
3341
3420
3330
3298
3318
3275
3372
3290
3290
3254
3279
3312
3364
3203
3196
3353
3327
3307
3236
3220
3279
3315
3287
3244
3357
3312
3314
3178
3287
3360
3191
3231
3168
3282
3365
3222
3297
3271
3296
3275
3232
3193
3306
3307
3294
3345
3166
3187
3214
3148
3286
3249
3331
3289
3229
3272
3143
3232
3265
3188
3235
3254
3230
3160
3217
3182
3133
3226
3201
3214
3249
3190
3157
3218
3195
3211
3186
3202
3119
3208
3105
3242
3152
3200
3111
3127
3201
3241
3103
3094
3150
3240
3116
3149
3208
3144
3170
3085
3076
3156
3257
3123
3224
3170
3119
3122
3174
3188
3049
3204
3167
3195
3163
3127
3105
3218
3251
3020
3147
3123
3172
3195
3178
3001
3140
3141
3171
3116
3119
3023
3063
3132
2938
3134
3149
3145
3191
3193
3234
3133
3107
3136
3202
3086
3115
3117
3039
3101
3108
3135
3064
3329
3184
3103
3099
3127
3103
3085
3257
3112
3098
3154
3163
3080
3142
2985
3081
3068
3246
3186
3034
3153
3173
3160
3183
3198
3136
3093
3096
3160
3126
3237
3192
3182
3161
3140
3103
3149
3149
3219
3195
3114
3192
3215
3142
3161
3177
3155
3172
3116
3196
3136
3211
3155
3123
3185
3199
3162
3217
3269
3170
3061
3111
3090
3275
3159
3249
3133
3157
3218
3163
3137
3165
3260
3206
3196
3113
3273
3117
3234
3258
3181
3253
3231
3126
3128
3073
3265
3161
3123
3106
3251
3182
3288
3124
3143
3157
3198
3144
3221
3133
3093
3245
3243
3191
3228
3097
3215
3134
3168
3113
3147
3253
3139
3145
3167
3157
3180
3226
3172
3120
3105
3128
3194
3211
3147
3172
3049
3029
3041
3047
3047
3089
3092
3084
3151
3071
3052
3040
3013
2973
3024
3003
3033
3066
3001
2982
3045
2960
2975
2976
2904
2916
3021
2782
2853
2921
2911
2895
2848
2832
2877
2778
2860
2842
2777
2785
2869
2727
2747
2682
2657
2695
2643
2651
2687
2623
2644
2687
2649
2735
2670
2600
2741
2722
2531
2693
2712
2640
2674
2659
2621
2675
2586
2788
2711
2740
2698
2746
2642
2811
2635
2782
2652
2826
2829
2848
2867
2927
2894
2968
2964
2910
2971
3038
2952
3161
3153
3090
3236
3141
3118
3117
3196
3313
3285
3310
3386
3442
3493
3422
3486
3454
3579
3504
3780
3720
3795
3881
3873
3772
3901
4039
3914
4190
4109
4301
4252
4491
4312
4324
4417
4552
4489
4705
4683
4755
4843
4892
4868
5119
5147
5094
5340
5312
5252
5530
5696
5604
5754
5704
5948
6047
6121
6140
6305
6292
6462
6432
6587
6587
6627
6708
6938
7001
6998
7130
7251
7278
7472
7421
7602
7525
7701
7802
7849
7994
8111
8206
8268
8347
8364
8468
8693
8787
8900
9019
9266
9472
9616
9948
10681
11443
12792
14013
15552
17286
18662
19962
21179
21863
22357
22302
21978
21704
20684
19589
18321
16772
15701
14154
13199
11603
10428
9429
8672
7872
7250
6470
5909
5467
4997
4633
4188
3992
3637
3445
3246
3105
2828
2789
2725
2604
2481
2341
2286
2231
2162
2086
2057
2036
1962
1921
1842
1889
1905
1829
1886
1798
1785
1724
1793
1725
1673
1681
1634
1723
1725
1604
1763
1620
1624
1603
1664
1660
1645
1628
1619
1609
1534
1571
1552
1554
1586
1564
1546
1535
1591
1543
1509
1550
1560
1462
1453
1434
1550
1478
1383
1546
1403
1543
1446
1451
1368
1468
1399
1463
1373
1416
1428
1407
1418
1419
1536
1377
1426
1410
1367
1369
1356
1370
1451
1359
1341
1317
1343
1354
1342
1361
1375
1323
1333
1304
1372
1337
1368
1280
1268
1314
1312
1256
1275
1293
1251
1307
1307
1282
1274
1240
1234
1265
1266
1228
1247
1302
1205
1195
1235
1209
1219
1251
1150
1202
1133
1207
1187
1194
1210
1181
1211
1157
1238
1190
1240
1168
1149
1082
1224
1186
1170
1200
1143
1195
1123
1100
1165
1165
1163
1146
1081
1122
1140
1130
1173
1123
1090
1070
1139
1149
1068
1126
1123
1051
1035
1146
1071
1105
1106
1059
1106
1033
1170
1049
1096
1129
1081
1042
1126
1048
1066
1063
1059
1086
1113
1051
1061
1064
1033
1108
1118
1042
1051
1086
1082
1113
1027
1044
1012
1036
1072
1044
1064
1068
1063
1051
1010
1008
1089
1016
1100
1069
1056
1039
1052
1057
1031
1067
1062
990
1008
1017
1097
1053
991
1040
1010
1063
1008
1001
1069
991
1050
972
1063
1009
1071
1093
1047
1012
1038
1050
1061
1016
1073
1098
1012
1016
1090
1098
1007
1053
1088
1058
1114
1064
1096
1083
1105
1055
1088
1045
1069
1123
1094
1104
1123
1070
1058
1039
1092
1091
1143
1180
1093
1139
1084
1195
1159
1142
1151
1185
1143
1217
1164
1107
1200
1226
1227
1195
1209
1241
1257
1197
1255
1265
1310
1322
1331
1312
1293
1339
1377
1351
1413
1422
1366
1425
1465
1510
1500
1505
1560
1475
1594
1618
1594
1656
1708
1691
1674
1712
1772
1699
1838
1922
1810
1823
1867
1924
2003
2030
1962
2073
2133
2109
2187
2184
2224
2239
2242
2357
2365
2384
2494
2467
2596
2519
2555
2701
2747
2787
2795
2864
2969
2963
3013
2981
3169
3106
3214
3300
3286
3460
3498
3511
3537
3665
3683
3708
3860
3961
4015
4164
4086
4171
4274
4435
4391
4492
4621
4589
4807
4810
4855
4964
5006
5038
5107
5364
5390
5478
5485
5587
5580
5666
5906
5818
6017
6136
6190
6371
6296
6412
6370
6575
6448
6501
6886
6869
6973
7011
7173
7383
7507
7765
7867
8399
8903
9635
10657
11850
13464
14943
16198
17167
18238
18753
19326
19257
19060
18431
17544
16814
15666
14207
13293
12103
10831
9967
8755
7811
7152
6483
5738
5141
4461
4277
3813
3450
3124
2947
2639
2369
2303
2191
2028
1879
1779
1659
1535
1510
1458
1393
1336
1355
1309
1248
1209
1129
1099
1156
1159
1097
1100
1065
1050
1079
1108
1017
1034
980
1038
1003
982
944
996
1025
1007
1010
962
1009
935
980
956
945
1033
900
954
961
991
913
949
977
960
930
918
928
953
929
882
889
936
896
924
941
969
970
905
908
890
870
893
917
884
917
925
944
947
908
903
894
965
937
859
892
901
923
946
877
944
934
882
880
884
866
899
868
875
887
909
856
895
869
871
938
912
896
872
927
885
889
873
814
891
841
924
865
922
885
892
836
864
878
856
887
853
890
865
887
875
867
864
875
858
862
829
879
831
913
879
859
863
884
858
879
925
826
863
827
906
825
890
838
825
771
803
827
835
814
852
822
858
882
838
809
821
861
878
850
854
864
771
852
832
809
784
865
824
840
775
805
811
809
796
822
849
801
846
839
819
885
815
818
793
843
793
824
811
812
791
764
887
813
790
816
791
813
828
797
779
833
791
771
860
756
809
773
804
773
800
818
805
771
774
786
796
797
852
802
840
853
808
784
799
799
816
804
823
758
798
749
762
805
751
811
817
742
816
796
782
801
814
800
759
764
771
782
788
808
764
729
773
789
780
805
762
792
798
755
758
785
805
797
787
796
824
833
760
812
842
762
805
786
798
774
774
750
791
739
777
824
794
828
782
775
804
749
755
799
748
762
782
762
773
772
764
763
743
769
813
759
727
767
787
778
772
809
732
765
766
770
796
730
810
739
811
770
752
770
786
742
730
826
750
789
775
743
705
757
817
757
786
791
775
732
739
769
816
785
760
802
770
795
745
753
802
751
723
747
795
731
777
729
719
772
755
760
711
722
700
773
757
788
706
726
706
758
732
756
774
754
743
742
740
740
724
741
718
732
733
727
669
683
708
752
688
711
658
729
751
720
765
707
730
724
707
754
754
730
728
708
727
725
660
747
741
731
733
714
703
781
714
748
734
682
702
678
760
698
745
731
698
689
745
712
734
743
753
716
670
725
734
707
773
722
704
699
724
697
694
748
719
726
697
701
731
738
737
642
730
710
700
716
717
741
762
801
670
717
725
676
737
782
687
706
715
683
726
698
740
677
661
691
715
678
725
663
678
685
659
713
624
651
715
731
716
757
696
711
729
721
686
712
649
726
686
717
676
740
658
694
696
674
706
681
673
636
729
704
702
688
657
684
704
660
674
686
692
749
734
652
701
629
689
682
649
740
660
685
705
688
684
660
664
643
694
684
694
693
671
716
717
710
714
724
725
717
691
734
732
660
709
657
676
704
707
713
659
685
686
715
717
738
701
666
746
669
701
649
694
714
674
690
694
722
675
724
719
658
679
678
697
657
698
707
636
715
694
727
706
663
635
686
667
672
643
685
691
688
692
702
729
681
651
684
656
653
661
705
703
663
639
668
655
713
670
683
726
626
667
646
677
639
705
676
626
676
648
673
682
638
666
673
681
685
671
623
664
693
693
667
619
700
705
683
664
663
640
611
702
623
687
692
613
638
653
707
699
688
654
670
651
654
640
654
680
654
657
651
625
628
660
637
658
656
630
703
649
625
661
694
679
635
656
696
625
626
678
645
660
659
609
627
660
638
645
700
661
666
650
620
723
685
688
626
654
689
637
676
652
681
674
646
641
622
640
648
623
707
617
649
678
624
651
650
639
697
617
661
668
662
593
683
619
629
614
638
598
652
618
640
651
594
642
614
653
645
682
691
653
645
633
606
649
615
644
628
644
650
643
650
673
632
564
647
665
660
627
652
642
616
631
645
620
664
615
673
614
640
636
633
622
600
640
639
630
672
650
633
640
604
666
663
631
662
644
699
663
670
641
658
626
654
612
660
630
621
642
629
594
608
636
617
654
584
656
611
660
644
598
636
625
660
627
639
627
584
668
623
576
634
599
625
626
641
590
665
619
616
610
635
605
622
670
678
629
617
630
610
636
639
662
663
623
622
627
569
627
672
612
633
637
641
618
670
601
655
657
580
600
599
606
607
610
632
640
624
690
605
614
615
604
608
643
598
643
646
642
612
621
557
656
609
576
606
597
607
620
619
608
626
614
591
662
607
637
644
622
647
659
633
656
612
618
585
603
605
598
599
607
674
619
611
646
594
610
636
622
621
631
615
643
597
561
622
611
603
625
628
572
623
633
633
642
641
605
597
577
626
619
670
611
618
618
602
615
621
581
637
616
619
606
616
592
568
578
635
653
638
689
606
628
627
597
616
596
614
590
606
596
655
623
605
653
592
615
563
642
621
643
598
603
631
622
580
541
579
566
637
609
572
603
615
633
597
550
620
576
585
621
600
589
590
609
595
569
601
595
597
607
565
581
591
583
576
577
573
602
632
663
614
601
593
603
582
612
658
576
637
636
620
589
576
603
597
600
577
568
559
587
638
571
599
604
580
627
621
589
605
648
598
598
617
607
558
601
592
563
578
577
609
601
580
570
555
587
602
604
605
596
577
546
564
586
613
592
564
604
575
657
537
621
571
600
562
574
598
569
551
552
600
608
554
584
566
595
597
584
553
546
597
567
596
598
590
624
607
574
586
579
591
591
550
533
557
611
577
570
555
608
549
597
575
585
605
578
597
572
543
551
606
614
555
572
539
555
588
565
557
615
551
570
560
587
574
621
565
572
616
643
554
550
585
565
580
602
602
558
548
550
551
567
604
550
585
541
594
559
563
565
565
562
567
562
574
539
569
595
549
567
537
608
522
601
578
609
564
602
572
576
582
613
608
611
568
600
531
546
625
568
566
564
601
525
550
598
601
570
581
581
561
575
617
529
549
555
583
608
605
564
567
617
587
590
570
572
565
576
619
617
567
565
546
614
597
543
572
602
596
607
507
573
599
568
550
569
564
580
543
549
544
535
573
570
507
532
531
577
547
524
565
595
570
485
563
584
486
541
618
539
542
574
552
561
513
563
576
545
530
534
531
547
560
492
576
564
566
573
570
525
567
539
533
559
535
518
537
547
571
520
524
547
535
547
553
550
530
568
611
604
559
542
595
570
541
521
562
537
543
566
553
551
540
538
553
527
565
522
551
545
548
516
594
557
587
491
603
549
577
556
556
567
582
507
598
536
533
547
529
537
583
565
504
562
535
569
549
544
553
559
522
538
548
528
551
519
586
527
479
541
513
538
522
550
540
529
528
540
524
547
517
581
555
529
566
518
580
544
533
532
574
543
502
522
526
530
534
538
530
564
583
524
592
536
542
540
544
530
568
513
547
552
523
519
513
562
531
587
550
520
532
512
521
560
529
512
541
506
570
511
523
525
514
555
514
509
547
559
569
537
564
599
501
515
511
530
528
542
594
548
548
542
503
549
498
528
523
531
554
520
540
521
535
541
547
502
527
544
564
550
510
535
510
525
517
541
518
566
520
504
534
548
533
492
548
556
558
520
520
548
526
515
531
533
506
554
517
534
544
524
513
492
522
539
514
517
507
491
533
492
487
542
497
485
521
471
538
506
527
508
536
515
506
544
544
521
494
504
479
515
520
476
488
548
494
484
511
525
539
553
498
510
537
516
488
518
539
486
545
534
545
538
519
457
516
475
477
492
541
464
489
508
518
467
509
541
475
541
487
519
493
512
509
464
529
538
495
440
494
500
524
461
558
511
492
531
487
521
564
510
504
553
528
488
516
509
502
489
498
524
507
540
518
503
518
502
508
533
503
464
475
530
489
522
451
467
502
480
496
497
463
513
524
472
484
483
506
519
509
530
510
528
521
514
501
534
474
495
498
470
507
484
492
514
484
477
476
494
517
489
465
465
481
499
483
478
483
444
506
469
459
530
477
500
469
446
513
493
466
485
499
450
509
512
486
527
507
526
473
486
493
456
474
509
475
459
466
511
495
486
496
474
477
456
516
491
482
499
435
467
494
459
452
447
462
498
471
492
480
468
473
476
496
486
456
483
456
485
477
472
459
496
475
508
451
499
437
469
490
490
481
488
432
516
448
469
463
492
502
459
489
459
458
493
451
484
487
468
458
489
461
482
462
488
487
444
467
462
478
490
433
474
467
457
456
452
445
451
455
443
524
426
443
463
459
469
467
477
447
444
441
497
452
449
468
408
487
455
473
468
477
507
461
443
465
481
471
449
504
442
443
499
483
453
441
449
463
431
439
457
443
466
426
481
464
458
454
437
445
452
460
437
450
461
453
453
477
505
469
438
435
475
441
449
459
442
484
468
461
469
469
453
431
484
430
419
459
438
470
457
439
448
451
483
446
471
445
460
425
460
448
461
456
458
432
394
451
474
462
459
437
477
440
474
418
456
443
422
408
437
438
422
439
454
487
416
416
433
447
422
459
452
475
470
438
456
513
433
450
464
452
425
457
450
440
427
454
440
425
425
473
503
447
498
438
470
477
451
445
412
445
488
462
430
440
452
426
437
453
412
453
444
469
451
462
464
416
429
470
428
424
444
433
461
431
422
404
439
432
427
417
414
451
393
430
444
425
425
415
430
456
422
415
437
414
392
438
419
467
417
414
441
444
438
443
448
422
406
393
427
422
429
421
409
417
422
413
412
425
408
439
455
419
433
393
399
434
412
428
430
374
401
452
435
444
405
445
437
399
457
403
466
416
406
398
421
417
424
421
395
423
419
385
421
434
364
391
411
384
419
402
418
411
414
392
440
440
387
393
419
391
381
420
401
398
392
432
394
389
439
405
400
393
404
380
417
401
396
422
387
403
403
441
388
398
452
391
415
398
403
398
403
384
403
401
387
416
408
405
390
413
365
406
403
402
424
403
404
428
396
396
402
393
421
396
400
366
392
418
382
366
413
411
400
394
393
393
423
401
438
427
360
387
402
388
394
403
376
413
389
403
412
408
434
387
396
373
391
383
374
382
378
376
384
366
344
397
387
397
390
376
367
420
393
389
409
391
377
387
369
377
387
389
391
369
392
357
390
372
410
398
408
384
393
361
379
375
398
388
378
358
370
341
376
365
393
385
354
409
368
370
349
348
396
377
384
362
384
376
394
359
347
347
388
394
366
369
312
378
385
373
367
339
380
353
364
366
375
372
372
354
374
375
369
381
367
407
351
364
368
374
360
374
387
385
420
404
346
389
345
365
370
338
359
354
372
325
357
367
368
352
371
359
356
330
364
407
379
367
327
398
394
396
353
358
320
338
353
368
344
337
350
334
368
369
347
373
361
367
378
340
356
384
374
358
373
339
413
328
326
372
365
355
343
337
335
364
333
323
362
350
317
356
329
336
350
319
336
338
339
363
368
352
338
333
324
352
356
367
318
341
293
352
310
355
338
324
367
339
358
355
337
323
335
340
358
353
290
346
334
374
325
334
357
356
319
343
404
332
351
347
338
313
331
313
331
309
332
341
312
368
317
306
354
313
318
309
320
335
327
372
312
328
303
335
300
347
322
349
337
351
344
359
321
324
326
329
368
328
320
285
342
306
342
353
355
336
314
311
341
320
326
322
329
347
318
323
343
302
323
310
307
337
302
328
346
338
298
320
321
319
332
309
351
321
327
325
323
348
319
332
338
311
307
325
357
305
336
336
338
332
321
321
302
309
342
318
333
309
329
344
343
319
340
331
314
307
311
326
291
341
271
334
336
359
344
305
333
281
333
319
319
298
313
330
315
309
273
293
332
352
292
326
292
349
332
307
336
324
310
305
328
343
297
310
331
292
292
299
310
291
317
311
313
313
306
330
306
298
286
316
339
340
320
307
316
306
297
303
341
312
330
319
314
313
282
322
322
327
314
364
311
306
328
281
307
331
303
345
300
325
292
336
322
304
301
304
299
287
326
309
286
305
336
294
334
318
295
286
332
294
335
282
290
332
332
328
347
297
298
299
310
290
302
322
333
360
314
333
316
316
333
316
347
300
328
305
335
290
316
296
285
300
313
302
322
320
300
287
295
318
307
305
300
281
324
281
306
284
308
288
314
303
295
287
330
292
318
301
297
297
330
292
317
323
323
324
321
269
320
316
286
301
307
300
297
325
283
315
288
307
283
257
309
323
295
283
299
306
285
308
317
305
324
283
308
291
285
299
292
281
300
285
282
278
256
271
286
309
291
277
276
276
273
276
301
286
313
284
252
279
282
278
298
274
283
283
286
289
286
292
279
288
259
300
258
275
260
268
259
310
280
295
281
299
256
233
283
290
286
262
262
247
269
266
266
254
255
266
266
254
256
284
266
242
253
269
235
273
235
273
241
274
230
278
237
273
289
253
249
251
239
242
256
281
299
214
243
268
244
273
280
236
259
241
270
208
255
216
227
254
245
229
246
245
229
218
244
244
217
262
216
249
251
250
236
233
228
245
233
250
236
252
247
236
252
230
227
241
211
214
220
247
237
249
240
234
232
286
241
208
227
238
242
244
257
207
227
237
238
235
209
234
251
239
241
208
254
225
226
263
211
248
224
227
233
222
213
243
238
247
224
236
240
265
239
235
219
214
216
236
251
224
226
225
198
238
245
220
244
225
223
244
205
214
214
222
223
223
198
246
235
240
222
216
225
229
229
232
194
235
221
212
222
206
222
219
227
186
186
186
195
204
186
208
208
199
197
199
189
203
207
195
197
187
194
193
191
179
195
174
183
193
150
187
181
190
172
196
213
205
217
199
207
184
172
195
191
176
191
190
167
207
188
200
189
181
192
176
212
191
194
182
193
186
186
173
168
170
182
184
163
194
194
188
185
184
187
140
173
171
185
174
182
165
172
182
173
179
192
172
181
178
165
200
179
177
179
165
180
149
155
165
173
172
183
159
192
204
183
169
172
173
141
190
156
181
198
158
183
154
152
172
186
162
191
176
172
178
150
185
169
189
169
153
174
168
160
147
188
174
145
157
143
169
134
145
161
180
165
168
181
179
174
159
170
164
173
165
150
182
173
178
160
164
165
177
145
182
134
170
141
136
173
188
139
168
147
175
155
158
139
153
159
152
174
171
145
169
155
149
161
166
172
172
137
154
154
159
137
178
177
177
169
145
156
166
174
169
172
161
160
162
153
174
151
142
163
175
167
135
137
154
162
149
172
182
182
151
155
184
170
145
164
152
148
149
169
135
159
132
153
157
138
145
149
151
154
154
166
185
139
148
165
163
168
140
154
146
159
131
149
143
163
154
178
167
157
174
157
141
151
161
146
157
142
170
137
159
143
119
178
129
140
165
137
138
154
155
144
157
140
155
146
142
176
166
141
133
153
142
160
162
167
145
168
170
139
161
161
157
138
149
150
165
159
168
119
169
179
147
145
151
128
147
140
180
143
168
166
156
142
168
177
158
137
159
170
152
129
149
162
148
172
156
163
170
180
151
159
155
190
145
158
181
158
206
165
159
153
152
168
175
150
171
171
173
165
160
189
217
217
164
200
207
183
159
171
189
173
188
203
188
191
189
186
200
208
197
189
187
181
217
179
231
206
222
209
197
211
218
223
222
218
200
192
201
214
214
235
213
221
239
210
205
240
244
231
237
244
260
242
228
239
250
229
237
236
250
261
223
215
258
251
239
241
239
249
280
293
316
343
321
387
384
363
436
427
416
445
425
422
395
387
367
364
316
306
282
237
241
252
212
195
184
213
196
176
145
163
166
130
160
153
139
129
121
136
127
97
117
141
112
125
119
109
120
101
121
114
112
94
100
98
113
115
100
91
98
98
118
107
100
104
98
105
113
109
102
106
110
104
120
103
117
119
109
116
113
105
100
94
94
99
91
112
98
109
96
103
110
92
108
107
100
106
104
115
97
105
119
105
85
123
96
84
95
103
118
99
110
116
100
102
99
86
110
95
95
93
103
104
86
96
100
101
110
101
97
88
96
109
98
97
96
114
97
100
98
100
99
86
94
90
90
109
92
86
102
94
95
96
93
89
102
85
97
86
99
93
107
97
82
114
98
91
94
102
96
79
105
81
99
97
100
104
114
89
91
88
95
84
73
79
95
100
90
109
100
98
86
94
83
91
95
86
95
93
83
87
85
101
94
87
101
93
101
106
84
98
105
95
80
104
87
99
82
109
89
100
101
90
92
110
91
85
95
90
82
98
98
95
90
103
91
80
104
95
106
77
72
93
92
91
96
109
83
96
99
100
75
97
93
94
92
89
73
88
106
87
95
100
104
95
79
101
104
99
84
85
103
103
83
93
106
93
88
101
74
79
104
97
92
97
84
95
91
87
94
92
113
75
85
82
83
78
81
98
87
101
79
88
87
92
95
95
92
105
95
78
86
90
85
81
95
91
93
100
86
124
89
93
91
88
88
100
98
104
87
84
88
113
86
85
83
98
86
83
91
88
83
94
103
88
81
77
77
97
106
101
78
80
91
86
86
91
93
83
103
84
78
99
101
92
119
93
89
95
78
80
92
109
83
99
102
97
85
107
111
114
93
98
97
85
91
104
98
93
92
100
90
91
97
85
94
97
116
98
88
100
92
97
92
83
99
87
124
86
94
90
79
113
100
88
95
97
95
101
109
100
93
92
88
117
96
98
81
84
114
90
90
108
101
91
110
106
84
99
99
117
85
108
81
90
93
91
94
89
71
85
100
91
99
102
95
99
108
85
92
109
78
99
91
80
88
101
75
88
80
82
69
71
65
85
78
87
87
80
67
59
68
91
83
82
83
92
86
79
72
72
70
66
70
74
65
67
62
70
76
69
70
69
67
79
68
63
74
77
76
66
65
72
65
90
68
80
71
67
70
75
69
66
78
62
67
57
78
61
68
65
81
52
61
69
60
71
62
64
63
71
74
57
64
61
69
73
64
59
72
66
86
74
69
78
51
64
72
80
68
56
56
70
75
81
61
83
60
58
62
69
78
60
77
63
79
65
69
64
65
71
76
64
60
68
66
74
90
71
60
83
53
70
60
57
67
73
65
56
56
70
64
80
56
72
59
58
80
61
71
72
49
74
75
63
63
65
69
76
69
74
72
61
68
71
60
64
56
47
69
66
74
62
58
57
59
67
86
68
53
65
57
68
77
74
69
65
69
73
70
59
59
61
44
67
74
64
64
68
75
84
58
68
53
63
62
66
68
45
61
74
60
61
62
62
81
54
73
66
52
73
56
44
57
72
65
66
58
68
75
67
68
65
64
67
71
64
51
69
55
62
74
58
67
69
59
58
62
62
49
57
55
70
56
79
57
49
56
65
53
60
60
52
51
54
60
62
69
62
67
72
51
76
63
64
70
69
61
69
60
70
62
66
69
59
50
56
61
55
68
68
69
64
76
54
61
50
63
56
54
59
40
66
51
57
48
74
63
60
51
62
69
73
55
57
55
76
72
51
47
59
53
58
59
55
58
50
60
68
48
67
70
54
53
49
57
69
58
66
79
70
58
58
51
70
66
60
56
64
58
49
64
54
55
66
43
50
71
51
58
56
64
57
56
56
69
62
48
66
74
66
55
58
55
52
58
53
60
71
55
56
69
64
59
51
64
70
45
59
66
40
52
49
56
55
58
63
64
58
56
65
59
57
56
64
52
71
53
69
64
64
52
58
48
58
54
43
77
52
41
58
57
49
56
51
53
66
59
51
57
64
45
68
59
51
65
58
51
63
53
59
54
62
62
57
52
52
62
65
58
59
63
69
59
42
53
64
51
60
60
48
60
53
35
50
57
55
71
67
56
49
59
58
53
57
48
59
45
45
50
37
66
47
52
45
55
56
57
59
53
59
42
44
68
72
53
52
55
57
59
57
53
59
64
59
56
51
617
609
616
587
605
600
568
588
550
648
541
585
534
614
565
576
579
564
556
619
595
574
556
585
551
576
568
559
578
587
554
553
558
575
598
565
534
574
527
583
579
543
577
555
526
473
579
552
609
554
540
582
535
547
542
528
515
574
534
559
552
539
488
541
519
527
534
537
556
534
554
529
539
546
503
541
570
574
485
536
540
510
518
536
516
523
485
510
538
506
524
507
526
516
545
499
523
464
483
471
497
530
542
511
491
539
498
509
514
475
456
470
519
523
469
440
504
490
475
541
470
492
490
511
498
464
466
254
