13
26
11
22
19
14
30
23
19
20
15
20
19
26
13
28
16
14
18
16
22
16
21
12
24
18
14
20
12
16
13
14
15
12
13
10
8
16
11
17
12
12
17
8
12
9
19
14
16
18
16
7
4
16
15
15
19
19
36
92
160
327
421
425
499
551
603
756
951
1036
1128
1115
984
862
738
604
513
480
473
457
437
440
437
397
344
397
406
414
390
383
413
398
401
402
404
434
421
442
427
433
446
401
405
387
408
438
400
419
408
378
405
377
424
403
437
451
408
443
415
453
443
395
419
391
424
425
410
420
426
407
415
417
378
422
421
380
424
382
402
412
385
385
352
395
367
418
381
395
392
425
379
393
378
394
410
412
390
388
414
380
379
397
373
371
391
395
379
412
455
376
392
403
388
384
412
397
402
383
389
414
400
415
397
412
392
407
413
430
410
394
428
389
380
380
404
400
389
417
403
413
432
420
406
400
391
396
423
375
425
448
436
433
424
409
404
417
413
440
412
490
421
423
430
397
466
399
427
438
366
381
470
411
406
407
439
417
421
439
460
434
455
442
426
410
436
436
444
402
431
440
437
440
471
440
427
432
467
444
507
478
431
461
448
471
446
423
464
471
424
422
466
461
486
470
481
432
475
474
484
468
460
506
467
455
435
456
439
465
477
461
495
484
484
501
479
433
499
428
503
498
504
477
474
507
483
461
488
507
488
474
531
504
494
500
530
508
487
545
473
471
483
540
506
493
511
526
499
527
513
533
495
533
517
512
549
517
515
513
532
523
511
521
561
484
526
517
528
532
541
506
516
533
538
578
540
595
564
528
527
542
560
596
531
575
560
530
569
568
539
543
557
569
565
584
581
579
581
558
567
589
571
534
576
589
579
546
549
627
583
567
589
558
566
608
605
588
581
569
508
602
567
618
570
534
604
605
602
542
582
557
591
526
543
594
528
587
598
547
609
581
563
561
588
592
602
577
611
610
570
551
587
575
583
572
586
589
533
608
585
600
607
601
565
630
575
599
577
559
603
602
628
615
589
549
601
584
593
585
573
571
613
583
586
604
611
586
576
578
580
589
592
611
567
604
601
598
556
627
593
627
592
624
620
538
611
658
624
603
625
567
603
577
601
586
614
602
585
587
567
608
594
590
615
578
582
629
633
600
596
594
643
605
618
585
588
624
617
623
582
577
602
558
589
589
599
622
626
577
557
582
648
607
584
600
617
596
643
597
594
639
609
587
607
592
615
586
598
631
663
601
620
590
642
609
645
603
623
666
631
583
624
606
608
613
601
603
622
574
661
651
667
631
620
635
597
579
627
632
604
617
615
642
646
672
639
624
610
635
607
649
583
603
581
595
641
619
582
630
618
608
598
597
592
650
603
640
622
568
616
655
645
597
673
637
635
620
636
658
640
611
622
602
652
632
676
605
636
646
624
615
633
667
603
669
626
655
659
641
659
602
666
679
609
619
651
591
651
620
614
699
578
580
587
617
648
574
629
608
681
618
612
628
604
616
621
611
663
635
617
641
628
617
646
663
621
654
656
654
598
621
624
669
627
620
656
607
637
666
597
638
644
618
646
616
646
587
652
622
563
597
642
617
652
618
603
661
603
629
658
681
633
633
664
605
632
685
601
587
621
672
622
576
580
585
596
627
639
586
605
708
649
620
633
600
642
597
641
633
655
643
587
620
588
599
629
658
664
690
627
644
595
607
641
620
603
664
604
669
627
627
626
589
606
611
638
656
581
588
684
566
630
584
672
648
604
619
605
638
631
622
662
651
649
610
630
548
642
604
645
624
649
664
676
634
647
608
600
588
610
607
653
630
632
602
632
668
642
618
642
610
660
663
585
638
653
645
618
684
638
639
667
606
622
684
611
639
599
650
650
646
620
659
642
630
663
646
631
645
670
637
678
626
687
656
652
601
689
658
685
658
682
693
640
694
621
707
683
665
651
668
615
701
649
698
632
652
691
712
671
687
685
647
728
682
667
729
654
665
740
743
688
710
727
722
732
746
737
738
722
704
736
770
685
703
739
729
721
762
720
727
722
716
793
689
731
720
680
779
746
772
760
744
738
720
760
718
809
781
735
788
753
773
769
764
796
776
834
757
790
775
705
781
771
776
768
743
784
801
782
699
742
781
737
823
720
755
796
741
789
789
774
752
778
743
780
800
771
772
766
737
737
789
813
779
769
762
771
775
782
798
768
786
745
782
739
747
766
788
757
764
741
729
717
731
788
792
774
745
712
781
731
783
733
780
746
755
770
761
738
742
750
744
705
703
782
778
749
732
682
712
748
737
778
744
774
763
743
824
727
729
732
714
709
715
719
745
751
670
758
707
708
719
692
805
750
674
781
704
758
734
726
718
732
663
718
721
694
708
716
715
729
673
703
685
675
675
710
731
729
705
686
717
673
695
726
704
666
652
721
696
700
670
659
697
718
702
767
674
692
676
715
733
712
741
692
739
690
700
696
620
685
681
735
736
722
725
689
732
646
721
709
716
712
704
657
699
712
697
697
682
658
698
739
719
725
662
706
682
682
658
676
663
671
682
659
673
663
685
707
636
639
671
617
648
642
663
732
671
670
674
635
683
654
638
672
663
659
690
677
663
648
641
637
659
665
655
663
683
645
661
648
643
660
691
650
643
673
659
644
626
623
650
648
626
613
641
702
642
696
650
623
686
599
671
650
632
611
688
633
586
667
652
644
648
622
643
633
626
607
651
620
661
626
619
636
601
588
656
628
653
592
647
653
654
639
609
612
625
649
611
623
597
633
638
626
617
622
608
586
571
624
642
639
635
653
600
672
574
669
624
617
609
641
595
645
610
616
610
617
602
600
619
630
645
603
625
617
585
589
647
568
588
658
603
625
614
599
613
585
575
555
611
591
614
553
568
626
620
570
554
557
615
575
560
567
576
594
638
578
572
580
595
547
602
603
547
564
576
563
550
620
570
593
556
558
570
583
592
574
556
580
620
592
580
546
541
571
560
526
579
552
555
581
585
561
568
564
579
595
520
543
584
539
547
557
603
561
562
591
569
552
541
550
546
574
610
571
520
535
542
485
569
545
599
602
568
578
553
592
534
531
549
518
563
556
514
515
550
557
570
549
493
521
545
540
504
596
541
554
524
574
522
573
574
530
535
530
535
573
530
513
506
536
572
519
560
508
521
556
513
541
562
526
513
573
492
570
545
565
494
514
573
543
542
492
532
543
519
514
584
543
509
523
576
500
512
551
543
517
527
535
534
538
540
553
516
508
551
551
548
547
535
532
533
521
490
533
537
545
556
520
537
548
545
463
539
548
516
573
534
543
561
484
487
541
541
522
556
538
525
512
525
535
458
499
554
533
470
557
545
531
518
532
484
538
561
539
539
533
535
545
535
518
520
566
539
510
529
537
564
506
534
506
500
546
534
539
551
502
489
509
501
517
506
520
554
459
553
550
515
508
511
520
538
532
520
529
462
548
524
497
528
487
517
474
528
541
506
532
531
508
509
527
509
495
538
527
519
523
542
517
537
533
547
518
503
512
507
506
503
478
503
557
542
508
503
488
516
498
518
527
507
538
530
530
504
521
544
516
527
522
539
567
523
536
510
491
495
497
524
524
548
526
549
518
533
475
548
521
522
545
548
520
503
501
519
504
510
501
525
491
543
472
526
509
500
458
529
513
540
540
490
530
501
498
526
496
520
471
521
487
520
499
510
525
502
483
528
486
475
514
499
473
533
512
499
518
521
522
496
498
499
515
478
498
573
489
491
450
518
470
511
474
494
499
495
462
539
481
477
470
460
474
441
434
422
508
484
435
464
461
479
444
475
496
492
481
482
471
440
469
458
470
478
474
450
458
452
465
470
469
420
482
404
479
469
438
469
460
432
471
434
498
431
436
442
419
432
451
461
455
442
414
448
413
451
448
437
415
431
440
433
436
447
453
390
399
409
418
386
412
400
404
404
401
363
412
416
392
421
399
407
440
413
407
409
422
408
338
424
405
359
404
435
404
389
363
413
407
391
383
359
353
383
388
442
369
362
343
372
365
354
390
335
378
349
384
333
402
362
360
369
370
381
315
345
357
351
332
332
342
307
333
353
355
352
351
333
327
294
319
355
311
341
314
327
329
318
327
337
358
341
325
341
317
343
331
286
309
306
312
326
315
355
355
316
295
311
312
298
292
319
299
334
303
322
276
316
289
284
340
300
303
345
288
308
331
310
321
297
264
304
293
293
271
307
311
315
299
264
316
293
297
280
282
272
277
293
279
303
266
255
289
298
288
268
286
281
271
281
261
292
294
262
265
262
272
284
258
270
293
272
252
271
247
260
281
271
284
281
267
258
278
297
268
279
280
242
255
240
278
250
243
247
241
259
242
279
283
271
250
267
258
239
269
269
267
290
249
264
292
238
257
274
254
247
225
220
267
251
249
252
262
247
239
248
219
240
221
248
265
253
235
269
264
260
257
256
236
251
253
262
247
242
242
243
236
258
247
249
266
208
220
227
230
230
258
229
215
233
246
243
220
230
265
249
245
232
222
261
260
252
205
268
260
245
222
239
251
208
223
249
248
246
217
231
252
244
227
227
211
207
216
230
214
187
227
236
227
235
278
247
233
214
234
231
221
218
235
231
219
226
251
205
223
224
241
211
244
243
227
199
224
213
220
216
216
199
210
243
224
202
244
223
247
230
199
213
215
196
211
211
240
190
214
205
222
234
215
219
217
196
236
223
206
219
215
208
215
197
234
223
228
217
211
208
187
215
205
201
199
206
210
226
213
205
232
209
200
210
200
189
208
229
232
203
206
218
208
197
208
240
216
201
219
206
199
207
188
220
204
194
221
200
190
215
236
219
199
210
197
203
211
252
192
186
209
208
231
202
173
199
213
205
197
196
213
211
190
221
185
201
199
197
214
239
198
203
184
219
199
207
210
199
186
168
198
217
201
209
191
204
203
226
248
176
200
216
211
200
198
232
210
198
213
195
208
217
210
216
205
204
197
213
185
197
212
182
214
229
177
206
188
191
231
212
198
213
185
209
220
193
210
206
186
219
180
193
196
203
200
198
183
206
231
202
181
205
180
205
182
199
191
200
198
204
219
195
192
191
194
200
199
212
186
200
183
198
188
167
209
187
229
196
223
172
198
190
196
219
189
174
187
199
190
186
206
200
201
200
205
212
219
179
194
214
216
195
192
208
206
188
184
212
196
184
190
211
197
207
207
197
199
199
207
193
174
189
197
192
191
200
181
209
206
216
210
173
209
209
222
208
195
200
180
198
213
201
192
203
218
216
225
196
232
199
187
198
185
189
187
191
174
227
194
175
185
221
203
211
207
199
197
188
204
211
188
196
191
180
208
210
200
220
199
195
217
212
216
205
199
209
216
214
208
203
192
197
196
194
199
203
200
230
205
204
195
196
218
197
209
223
227
210
239
238
231
231
217
225
228
240
220
248
254
212
250
220
239
217
213
247
244
251
247
241
226
268
232
246
260
261
254
253
269
250
275
263
281
245
265
258
278
264
322
261
250
280
299
267
284
313
296
275
285
285
299
296
291
312
310
321
332
297
329
329
314
351
321
361
330
349
376
350
407
396
384
392
381
401
367
421
409
411
452
392
412
446
424
480
453
439
498
449
498
499
508
502
507
519
509
514
548
490
515
523
602
588
528
586
628
603
623
608
639
622
619
662
657
669
688
678
713
699
686
774
719
729
797
783
783
804
812
781
779
792
834
829
822
818
876
899
928
889
900
926
900
932
933
990
992
966
1026
1016
1044
1167
1122
1104
1127
1078
1071
1111
1118
1185
1199
1221
1243
1218
1202
1179
1280
1232
1236
1332
1255
1336
1282
1339
1377
1282
1394
1443
1459
1428
1384
1417
1457
1560
1411
1552
1492
1497
1589
1601
1586
1635
1708
1616
1786
1683
1758
1694
1762
1796
1793
1811
1796
1853
1798
1838
1873
1922
1869
1951
1885
1876
2013
1977
1928
2018
1998
2049
2026
2085
2106
2053
2153
2069
2153
2096
2224
2210
2188
2316
2294
2280
2296
2325
2281
2323
2339
2302
2414
2446
2438
2348
2381
2396
2438
2479
2477
2526
2528
2514
2488
2595
2474
2708
2595
2593
2514
2570
2692
2630
2612
2668
2720
2654
2637
2662
2690
2743
2770
2691
2800
2649
2813
2712
2801
2796
2765
2819
2788
2868
2756
2861
2761
2914
2787
2837
2946
2825
2971
2823
2957
2925
2998
2958
2950
2930
2917
2971
2957
3058
2896
2905
2908
2912
2968
3013
2977
2955
2998
2928
2937
2965
3042
2940
2960
3068
3059
3052
2972
2866
2978
3038
2974
3036
2954
3003
2924
2903
2824
2904
2947
2952
2863
2927
2993
2965
2963
2755
2844
2878
2802
2849
2933
2842
2829
2834
2844
2830
2793
2900
2761
2860
2742
2723
2674
2648
2731
2784
2619
2711
2633
2760
2704
2732
2518
2633
2597
2747
2599
2587
2644
2579
2578
2559
2478
2470
2560
2480
2510
2492
2397
2475
2493
2366
2477
2420
2339
2342
2301
2226
2252
2364
2235
2337
2296
2265
2114
2110
2212
2096
2137
2149
2108
2115
2050
2086
2032
2043
1980
1967
1932
1936
1934
1999
1940
1849
1968
1866
1831
1896
1842
1812
1811
1744
1786
1732
1682
1673
1716
1712
1664
1550
1635
1592
1649
1607
1635
1592
1624
1596
1547
1444
1505
1467
1420
1455
1494
1380
1423
1358
1376
1325
1357
1307
1294
1262
1249
1254
1237
1212
1230
1147
1293
1171
1136
1169
1185
1126
1157
1059
1080
1027
1093
1039
1021
1040
1038
940
1003
982
963
946
923
1011
853
895
907
858
894
821
793
836
773
814
820
790
809
819
779
701
732
667
705
711
709
721
674
653
650
668
662
617
611
642
610
613
628
626
562
557
581
586
545
521
548
507
548
506
517
469
479
472
462
467
459
485
458
442
457
432
441
392
417
438
396
378
396
420
397
337
392
361
349
330
372
370
327
332
350
334
331
353
315
314
354
320
318
317
302
309
298
291
281
267
289
242
274
276
277
261
245
266
263
264
259
238
263
258
260
265
235
247
233
260
217
234
259
207
220
254
212
238
184
185
230
178
213
224
201
193
186
186
205
191
190
172
203
204
175
172
191
178
165
195
180
178
158
159
165
183
143
180
143
168
180
153
170
149
172
150
155
160
148
146
150
153
134
168
149
147
154
156
135
138
164
151
139
160
135
130
128
140
128
139
136
157
135
162
147
133
134
123
138
139
125
124
147
115
143
137
124
119
125
112
121
129
126
115
111
123
130
112
107
125
133
124
121
113
113
129
119
112
115
98
115
104
118
114
130
119
120
110
89
114
109
115
110
105
107
111
121
115
110
103
80
93
107
97
113
107
111
110
103
100
106
109
114
99
110
107
106
113
105
84
125
99
93
97
97
87
95
106
98
101
86
105
99
85
107
113
117
126
92
91
100
93
113
87
95
86
100
94
72
91
103
100
105
95
102
90
90
112
91
121
89
107
90
93
88
96
100
114
99
100
110
110
80
101
99
104
101
109
83
101
102
86
102
95
110
99
111
83
75
98
100
99
106
88
106
86
91
103
87
102
101
94
71
95
78
109
95
100
96
84
91
87
75
108
96
82
107
100
108
94
102
90
77
76
88
88
105
89
101
93
100
81
90
100
100
87
80
104
85
93
71
102
114
92
97
87
82
99
97
79
103
72
83
99
83
99
92
87
125
90
96
104
91
95
87
70
94
97
88
97
96
86
96
94
94
97
85
94
82
80
103
79
106
97
96
101
102
101
91
90
85
90
81
90
84
93
93
86
83
84
87
73
97
81
78
118
109
86
100
89
96
89
104
91
76
96
81
106
85
81
92
93
80
100
111
88
76
67
91
103
103
82
88
85
87
100
75
96
95
87
86
80
87
92
95
80
78
87
78
87
93
88
86
100
89
86
92
98
92
88
84
78
88
61
92
66
95
71
87
95
89
73
91
100
73
89
78
93
118
85
77
78
83
77
96
80
80
67
82
89
91
84
88
86
80
76
92
84
93
97
79
102
94
112
72
92
96
99
92
89
75
96
91
88
90
88
96
73
94
72
90
79
100
100
94
97
99
70
81
89
82
80
99
85
95
88
87
87
84
84
98
88
84
74
96
90
81
99
95
87
97
98
101
93
75
93
92
88
92
94
87
91
84
87
91
108
92
81
89
102
81
82
105
89
91
89
88
84
99
85
80
78
85
77
89
69
91
82
82
92
91
85
71
84
82
91
89
76
93
79
91
90
94
92
104
87
84
92
89
76
85
99
96
90
96
86
95
88
81
69
100
83
72
104
90
104
102
93
105
88
76
87
91
88
84
87
86
85
89
101
100
75
92
102
98
118
99
91
83
106
111
85
91
88
80
97
71
89
83
99
87
108
105
100
91
83
95
89
88
86
76
91
87
90
85
107
106
99
107
98
102
102
95
90
102
94
96
103
115
87
113
94
89
92
86
90
91
96
100
83
104
107
100
93
88
93
104
94
97
107
98
89
87
81
101
71
103
91
81
79
96
70
102
75
106
84
92
84
99
88
91
85
92
103
87
86
80
106
85
105
91
74
94
86
94
99
96
101
80
92
90
94
98
95
94
82
95
81
87
101
92
80
94
92
80
79
80
82
104
89
104
92
89
79
98
97
100
95
98
90
99
100
79
86
96
92
85
85
108
113
87
88
90
114
94
90
91
80
96
81
88
82
108
87
94
88
92
90
105
87
91
88
80
89
95
89
103
90
81
86
109
84
103
93
99
89
92
82
91
100
74
106
84
97
88
82
100
98
95
101
101
93
70
104
94
85
76
88
74
97
89
74
89
84
85
103
76
90
72
82
104
99
109
74
95
79
85
91
78
87
95
96
107
102
90
96
98
83
89
90
99
97
87
97
95
102
102
99
101
104
94
80
87
101
97
84
104
87
85
80
83
105
107
99
70
88
92
87
88
93
90
98
95
105
79
96
85
86
94
97
107
90
97
91
89
98
90
96
92
88
101
79
84
102
95
89
108
87
88
93
87
91
99
101
104
84
97
88
91
113
97
105
91
93
107
90
94
82
97
81
89
85
90
76
97
105
93
88
102
82
88
85
88
96
97
84
109
85
93
80
93
103
77
85
80
91
77
86
71
85
73
102
73
87
86
82
83
89
86
103
80
80
91
95
72
84
89
75
91
77
102
83
100
69
86
81
91
86
100
94
76
83
70
95
88
77
94
105
97
90
81
77
115
78
84
80
93
81
84
87
98
98
80
84
86
85
103
77
93
78
84
95
85
79
74
94
97
90
95
77
90
97
84
88
80
78
104
82
100
91
95
88
91
66
86
81
74
81
97
98
84
101
91
86
76
91
81
98
92
107
90
79
82
74
78
91
80
94
100
101
92
99
96
82
110
94
70
82
96
82
99
95
96
92
82
93
92
95
85
95
86
83
99
80
98
91
83
94
92
98
89
103
85
78
83
85
90
87
99
87
96
90
83
97
78
95
109
97
83
80
87
78
92
66
81
88
90
73
100
111
120
101
77
85
84
91
75
104
93
100
90
91
78
105
90
96
92
81
101
94
109
75
75
86
95
87
74
99
78
85
77
84
86
99
76
95
93
81
90
97
88
96
75
83
90
89
99
113
97
101
91
100
85
87
104
90
86
84
99
74
98
89
88
92
87
97
92
101
106
84
83
96
101
91
84
88
92
85
92
75
99
98
90
96
81
81
90
102
81
85
92
108
97
87
87
90
99
103
100
84
87
81
104
83
75
88
109
93
88
112
92
83
85
102
87
96
88
94
96
100
99
91
79
83
95
98
70
97
99
89
82
81
67
96
91
75
97
87
79
90
76
91
90
73
106
74
89
98
76
89
99
87
71
99
102
78
103
86
109
85
78
93
81
80
81
77
91
91
83
103
96
77
88
74
95
86
84
66
96
89
96
84
96
78
73
86
91
91
95
88
77
74
93
95
83
81
89
103
86
86
88
94
96
80
86
97
82
103
95
93
87
99
90
72
80
93
102
105
95
91
81
79
88
92
97
88
88
84
100
95
84
88
82
92
100
84
84
105
80
81
90
86
86
75
97
94
88
116
76
85
83
84
90
90
82
97
94
81
95
86
84
86
86
89
90
100
105
94
95
107
89
94
85
83
95
86
100
82
81
88
86
88
97
102
91
94
106
76
102
100
78
90
88
83
87
93
83
86
85
106
104
95
99
110
103
82
89
81
88
101
91
93
91
95
81
99
71
93
100
88
104
83
82
69
91
88
97
71
89
110
90
86
93
80
98
73
79
99
87
99
77
78
97
96
90
89
105
107
94
86
91
92
83
89
87
82
80
104
99
83
77
80
86
85
89
74
83
111
86
102
79
93
93
89
94
93
78
93
87
67
107
107
89
87
91
80
95
87
71
75
83
84
105
92
90
88
89
87
74
98
95
77
84
79
93
95
111
81
101
86
80
97
85
102
86
110
93
93
95
102
89
92
84
85
95
106
91
93
77
99
93
89
101
93
118
94
102
102
92
80
113
97
84
93
85
87
104
86
89
87
98
76
88
99
86
77
88
90
86
88
97
92
88
84
83
90
92
111
101
86
106
77
74
89
98
81
86
76
74
95
64
99
93
95
99
83
102
85
74
75
100
86
99
92
92
83
81
86
80
90
97
75
83
97
74
109
82
80
93
93
111
99
101
102
92
96
85
102
112
104
96
92
107
104
97
89
86
83
99
99
100
96
100
92
74
99
99
95
111
94
81
100
92
81
94
85
89
95
87
75
89
109
90
89
91
90
96
104
91
89
92
72
84
91
103
90
85
83
87
92
88
84
89
111
84
104
100
96
105
82
88
89
80
103
102
76
98
98
86
98
87
96
106
88
90
105
102
92
100
97
100
76
97
74
109
90
82
90
101
94
113
88
93
89
89
96
111
106
88
94
88
97
107
85
118
102
68
101
101
93
100
107
95
107
108
98
95
82
74
92
102
108
102
110
95
94
88
82
108
114
99
92
89
75
83
97
81
99
92
86
78
88
98
97
97
101
111
92
88
103
116
83
90
80
94
93
104
102
98
97
95
103
91
77
84
100
82
97
91
108
97
100
99
96
118
108
82
127
110
87
95
97
87
107
88
85
95
78
101
112
82
98
96
88
82
107
88
105
105
98
109
101
96
99
103
79
78
99
103
102
97
95
99
98
84
89
87
78
94
101
96
93
93
87
109
98
97
98
94
94
102
87
74
103
118
89
101
109
92
104
87
84
108
94
85
103
77
88
101
98
103
101
91
96
87
92
105
107
108
101
94
120
101
90
102
107
120
96
112
89
81
103
98
90
101
88
100
112
104
86
118
86
114
107
99
92
107
99
94
94
106
94
109
98
83
108
89
99
114
90
92
110
98
104
121
85
108
96
96
107
86
85
96
118
91
101
121
98
83
78
98
91
109
106
87
90
94
98
97
105
105
112
119
102
105
102
88
90
91
109
118
101
121
114
102
105
103
88
92
78
110
98
97
101
96
96
96
97
96
98
111
105
88
100
113
122
93
99
98
106
82
89
110
109
103
105
109
107
88
87
113
104
111
114
106
109
89
102
104
105
100
107
97
112
99
96
98
99
101
109
95
92
128
104
93
108
91
88
113
107
98
100
101
96
106
105
86
106
108
112
98
110
125
92
108
106
106
86
94
97
90
102
99
94
112
105
109
114
105
100
105
105
110
104
114
107
121
100
105
110
123
103
111
93
116
92
108
97
109
108
128
106
105
108
121
102
121
104
115
109
105
96
97
89
100
88
105
101
112
119
80
100
108
119
115
92
83
104
119
78
124
103
110
112
107
96
87
107
95
102
129
97
127
94
115
112
108
96
98
121
116
93
113
102
88
87
107
101
112
94
103
106
92
101
112
101
85
101
121
111
126
96
123
112
128
97
98
106
97
117
107
105
103
106
97
130
111
101
96
118
130
115
114
98
84
114
104
99
105
122
100
112
113
99
91
113
106
117
97
114
85
74
115
104
105
101
89
106
94
91
123
95
98
116
90
130
103
96
90
100
96
101
111
102
119
95
96
108
104
82
103
100
89
93
101
109
100
103
92
102
108
120
115
102
107
112
108
96
115
95
106
91
85
113
93
108
95
101
108
90
89
80
102
106
105
87
106
96
106
98
107
114
84
97
93
109
89
105
97
115
102
103
97
93
97
99
91
99
95
114
89
82
97
94
96
96
123
106
80
92
93
103
95
115
99
104
72
73
94
94
86
88
81
108
94
110
110
86
103
100
90
96
89
104
78
99
90
91
95
95
97
81
75
87
86
100
80
105
91
88
83
90
91
84
102
108
97
92
89
102
88
90
95
106
84
99
93
92
88
96
70
111
74
92
80
89
79
78
84
78
94
105
91
85
90
95
80
73
79
89
92
97
81
82
88
90
61
105
76
99
91
95
92
77
80
88
86
93
74
78
93
73
83
105
97
88
74
80
94
77
79
88
91
87
77
68
81
88
78
67
80
98
69
73
78
78
85
86
82
65
82
88
88
83
77
86
80
82
81
71
94
87
78
80
92
83
75
78
83
78
77
74
77
70
68
74
76
69
62
69
69
93
92
64
90
70
70
67
77
85
62
78
60
75
64
81
73
59
66
67
64
68
72
64
81
76
59
59
68
73
76
67
71
70
60
76
79
64
87
67
84
68
86
67
71
62
54
72
85
66
82
54
67
67
65
65
64
71
50
58
65
68
51
60
70
69
75
61
63
56
63
67
67
45
66
70
46
57
54
58
44
70
66
69
69
58
74
70
61
66
58
59
61
62
61
58
52
64
70
60
49
64
56
71
60
50
60
60
63
56
63
48
64
58
64
59
56
53
53
52
59
57
50
59
53
57
62
61
47
56
74
65
56
63
43
64
50
57
45
52
50
50
59
58
59
52
63
58
51
56
57
62
55
51
42
50
58
53
48
50
49
32
35
48
43
51
50
46
36
54
47
36
56
41
49
38
52
45
52
38
50
22
53
55
41
37
45
42
44
41
51
57
56
47
58
39
38
50
36
47
39
62
58
56
62
38
44
60
54
45
42
40
39
57
44
58
37
42
49
35
40
43
51
36
40
46
52
57
48
29
37
48
40
38
45
50
41
54
39
35
38
35
39
38
40
46
41
45
39
40
31
42
46
38
41
31
49
39
46
55
36
43
43
41
43
50
39
50
35
37
42
43
33
37
32
42
35
41
35
47
29
35
40
48
39
48
29
44
35
45
31
42
28
43
26
44
32
44
42
45
23
33
41
33
31
36
30
43
33
36
37
26
33
37
25
43
39
42
39
34
39
26
40
33
42
42
26
33
41
38
30
33
38
38
36
35
37
29
38
32
32
42
31
34
30
35
30
37
28
36
42
25
32
39
41
29
40
24
38
28
28
34
41
37
36
32
34
33
29
31
36
26
29
26
32
31
27
37
27
38
33
30
35
32
40
42
39
34
31
44
29
33
30
29
31
31
32
30
33
31
30
45
25
27
36
36
32
29
25
30
18
22
30
37
33
26
21
28
26
37
30
22
24
26
25
37
38
32
27
31
21
35
30
27
34
27
28
37
20
27
26
23
25
20
25
33
23
23
26
38
23
25
31
27
36
25
36
23
29
35
37
22
30
30
30
19
28
29
21
34
29
31
28
37
23
27
25
23
29
36
23
40
36
28
28
29
26
29
34
34
33
19
38
29
41
30
25
34
27
27
29
26
18
32
31
34
21
25
32
26
28
32
33
28
26
36
37
27
25
15
26
21
30
26
35
32
19
28
15
24
31
33
23
22
31
35
22
33
28
20
29
27
22
19
24
23
18
31
29
26
34
26
28
35
30
20
29
17
24
24
27
36
26
17
22
31
34
26
26
37
24
33
32
30
31
25
18
30
31
30
28
34
24
20
34
26
27
30
20
29
21
25
21
32
31
36
18
20
30
31
29
18
30
27
26
20
26
25
28
26
21
30
30
28
30
31
32
32
22
17
31
27
30
34
35
36
26
31
27
22
29
20
24
33
33
24
27
26
30
27
35
32
26
31
33
38
27
38
38
29
36
27
30
29
26
29
26
23
27
36
35
33
32
35
25
34
36
35
29
38
35
30
36
32
29
26
36
33
31
33
33
34
36
39
28
39
42
34
45
45
44
49
38
38
47
35
39
43
29
37
52
42
41
37
31
38
42
41
46
47
35
36
42
43
47
43
36
47
36
43
49
47
44
41
42
55
54
39
52
47
58
58
49
52
41
52
56
57
61
49
37
40
48
50
48
54
49
64
55
61
63
42
66
48
52
54
52
58
54
69
68
61
62
62
84
67
61
59
74
71
74
66
67
66
63
74
65
85
82
44
79
61
67
83
65
68
66
83
73
69
83
74
73
90
82
92
73
76
77
86
91
80
93
99
78
86
92
103
84
84
93
82
85
95
92
86
102
116
83
100
88
106
111
89
112
89
91
88
109
132
92
89
111
101
116
110
120
102
95
130
115
124
117
115
131
125
124
114
118
106
138
138
128
131
131
124
112
129
138
156
114
139
134
134
143
125
138
125
120
144
122
140
133
144
142
141
146
150
157
160
153
154
143
152
147
151
168
154
165
169
192
173
159
170
167
164
162
167
188
164
169
217
175
177
167
186
186
181
183
147
180
183
189
169
182
188
192
198
168
229
189
207
225
180
219
190
232
223
202
208
197
215
211
196
229
207
232
226
243
237
216
232
249
247
231
206
221
228
241
252
251
216
244
249
227
258
238
222
251
249
269
245
262
237
235
246
277
256
266
297
251
275
263
297
262
233
234
265
299
283
251
297
293
309
287
304
270
283
289
316
265
289
301
293
290
295
292
329
285
279
285
297
344
311
266
317
307
305
297
266
310
290
294
318
354
349
306
302
302
309
313
330
322
327
348
319
334
328
303
313
326
344
337
315
306
349
319
302
318
340
327
317
311
361
341
302
354
350
334
362
375
354
331
328
329
359
318
361
369
324
351
361
363
356
352
337
361
345
359
395
345
327
368
361
364
400
356
354
374
382
355
366
366
341
396
380
385
394
352
357
383
376
377
375
395
350
385
386
377
379
388
380
346
354
372
358
339
391
349
383
399
406
343
424
368
382
318
412
365
413
343
377
372
372
391
370
384
386
390
346
415
397
361
427
365
386
365
394
413
385
400
391
384
396
393
367
359
379
411
356
391
417
381
396
367
355
386
369
362
371
359
425
384
368
379
399
359
379
400
387
420
389
377
373
401
429
386
377
398
400
386
385
378
389
378
350
372
397
386
391
343
348
362
381
365
360
387
365
374
414
362
337
398
371
366
399
386
368
409
386
349
355
388
338
358
371
343
379
385
348
360
376
381
373
418
345
342
340
338
366
358
346
361
346
406
365
362
347
336
370
369
353
335
358
365
365
358
327
349
335
324
320
346
307
331
354
360
346
327
346
321
355
357
314
350
326
340
315
343
324
360
337
307
336
342
322
350
302
326
317
317
332
348
346
315
315
291
332
304
340
333
302
282
302
296
331
303
297
314
312
274
311
296
320
281
298
295
301
298
308
285
321
305
286
286
288
259
274
284
265
278
253
273
261
251
302
267
294
275
279
267
250
256
250
280
285
257
259
266
268
265
263
261
241
268
240
227
278
269
232
219
229
245
216
249
242
232
229
250
239
244
202
221
244
204
223
230
213
222
220
212
211
226
216
185
226
201
209
210
181
182
228
202
194
193
194
203
218
195
201
206
203
197
198
184
196
175
188
193
198
190
215
192
191
172
215
158
182
175
174
183
173
178
180
189
199
174
156
178
177
158
172
166
164
158
179
162
171
164
165
134
173
154
146
152
155
149
129
170
154
130
157
130
155
157
151
135
131
139
121
142
155
151
172
124
138
112
131
150
128
131
134
131
118
113
139
127
130
122
107
127
132
125
107
131
132
112
101
117
134
114
128
120
110
98
97
105
105
110
96
126
118
109
102
99
108
105
92
105
96
110
99
96
99
117
109
87
95
95
110
91
90
106
106
102
93
108
82
81
85
106
75
74
96
85
82
90
78
94
81
83
87
93
76
81
79
83
83
79
67
79
69
68
88
78
77
66
87
74
74
79
73
68
69
63
63
70
70
68
61
69
80
64
67
69
79
53
74
74
68
71
65
61
73
53
45
80
56
54
58
58
52
73
74
65
51
60
59
53
73
52
54
60
61
51
55
45
58
59
48
52
56
52
53
52
44
53
67
53
49
45
54
54
52
53
36
49
64
54
43
43
47
52
44
49
42
47
51
60
51
38
39
45
47
42
48
62
45
34
46
48
41
43
52
36
37
58
49
57
46
32
35
54
45
42
33
37
37
27
35
34
40
54
38
39
39
33
39
35
42
42
37
41
49
32
28
41
48
40
29
27
34
42
35
28
49
35
46
32
34
42
37
38
43
31
25
33
28
38
32
26
35
32
28
27
32
33
27
21
28
29
33
46
30
28
38
24
24
33
32
37
29
31
29
26
37
25
32
38
34
24
28
26
29
39
35
23
25
26
23
23
28
31
25
19
32
33
24
32
27
34
39
25
31
34
25
34
24
29
26
30
30
24
29
30
37
28
27
30
25
27
30
22
21
28
36
29
24
27
25
30
31
25
23
16
19
29
32
23
26
38
34
17
18
25
27
23
31
32
22
25
28
17
26
22
29
28
29
23
23
26
26
33
30
32
30
26
26
26
25
18
22
24
22
26
21
27
24
27
28
27
23
25
32
26
22
29
23
25
22
19
22
15
32
23
19
25
13
26
19
19
30
29
23
22
27
29
22
32
22
22
23
30
22
22
25
17
25
21
20
20
24
17
22
27
26
30
23
19
17
16
19
25
20
25
19
19
20
25
20
28
14
25
19
24
23
24
29
22
27
15
18
24
26
21
19
20
21
27
17
20
19
25
29
23
14
24
23
29
21
12
20
19
15
25
28
16
24
25
20
21
22
24
21
27
14
24
20
20
27
23
23
22
22
16
14
26
23
21
24
21
22
20
21
24
18
20
24
21
20
21
32
20
21
26
22
13
24
12
14
25
18
21
19
17
19
19
18
18
24
26
26
20
24
23
21
19
28
19
22
14
23
26
14
22
21
14
17
21
26
15
19
12
20
21
20
13
23
15
19
22
28
17
21
27
15
21
22
17
21
20
15
24
18
20
20
28
13
21
24
25
26
20
20
19
9
19
21
21
15
24
15
19
29
16
19
17
19
19
24
14
16
22
17
22
22
21
15
21
22
15
13
27
23
19
18
24
21
23
17
20
21
8
16
25
11
19
19
19
22
20
23
28
16
14
16
16
25
21
19
23
19
16
24
22
21
20
24
17
18
16
16
24
15
22
10
17
22
21
13
21
18
29
20
20
19
23
22
17
20
14
18
18
20
15
22
21
21
17
15
17
16
10
20
21
18
23
13
17
12
23
19
20
20
16
16
17
16
15
15
19
19
19
24
12
18
17
15
20
20
16
14
13
11
16
20
15
25
17
19
18
24
21
20
16
22
11
18
17
17
24
20
22
24
15
26
13
20
13
18
17
14
16
16
20
13
16
24
20
26
23
18
14
16
19
18
19
18
15
19
17
15
25
19
18
20
20
17
15
14
15
16
21
16
17
14
21
16
19
13
23
17
15
19
12
19
17
20
16
18
11
17
16
13
20
24
15
23
24
17
18
25
14
33
14
10
16
19
14
12
19
19
15
16
12
22
14
14
14
26
22
20
27
13
16
16
15
17
15
12
16
13
16
14
22
19
20
11
8
15
15
14
10
21
19
15
16
15
14
21
13
20
19
14
13
16
9
21
23
15
16
13
16
21
18
14
13
11
15
8
18
16
15
18
13
8
17
17
14
18
11
18
17
23
19
18
16
19
9
12
23
10
20
21
14
19
13
16
15
24
12
14
15
14
11
13
14
18
12
16
18
11
20
17
20
13
22
25
17
16
29
17
24
15
8
10
14
13
21
11
16
13
12
20
19
13
22
11
6
11
18
13
11
25
18
16
17
11
16
19
16
16
11
15
13
7
16
15
11
12
16
17
18
12
16
11
18
14
9
14
11
13
13
22
15
12
13
13
15
8
18
10
9
12
21
17
24
20
17
13
18
10
13
11
11
13
12
16
20
12
8
19
16
15
13
8
15
11
12
15
14
13
14
15
7
14
13
8
22
19
13
8
11
10
14
12
12
12
22
10
23
11
20
8
11
14
20
13
9
12
24
9
6
11
13
15
12
11
12
16
15
18
13
11
18
9
9
12
16
15
13
7
11
7
18
19
10
12
8
14
15
16
11
9
11
19
4
19
13
7
14
14
10
9
20
11
10
16
9
14
9
12
9
11
11
16
13
15
18
15
14
14
13
12
14
11
15
16
9
12
14
13
15
6
13
12
10
7
12
12
15
10
13
13
13
16
13
9
13
10
12
5
14
9
17
12
12
12
16
13
13
9
9
11
7
10
14
6
13
19
12
14
18
6
10
17
9
15
10
13
13
12
13
11
11
9
6
13
18
14
17
13
13
15
17
12
10
10
8
7
12
11
12
15
12
5
156
168
169
182
134
172
174
155
135
171
159
132
173
160
174
139
161
171
146
154
162
180
155
161
159
151
147
160
171
153
138
154
144
174
162
172
146
152
163
170
143
167
165
157
166
152
167
145
165
127
170
157
138
130
143
148
177
143
162
146
144
158
166
153
149
137
166
169
160
152
137
155
160
149
154
151
147
142
163
133
124
154
171
148
158
147
159
126
147
159
162
138
136
153
119
160
153
145
160
142
155
136
142
164
133
139
122
148
122
133
145
160
135
160
153
141
158
141
135
145
162
139
154
139
128
142
148
86
