2203
1813
1535
1256
1044
935
700
590
500
472
406
356
298
248
236
222
198
194
181
179
166
117
122
139
120
128
115
92
113
101
108
102
98
100
113
84
87
95
106
97
96
89
100
105
101
88
72
90
74
87
102
73
76
74
87
81
83
88
87
75
74
78
77
63
106
70
62
64
80
63
63
62
77
63
72
57
87
73
68
80
64
63
70
62
68
73
73
65
65
68
75
53
65
56
63
65
70
54
75
65
79
52
65
58
50
81
65
48
64
59
62
63
63
65
54
64
62
63
66
61
60
69
51
53
56
40
64
51
55
56
57
59
59
64
62
56
44
44
62
55
55
46
59
55
48
62
62
63
49
49
64
56
56
61
47
38
36
47
46
44
49
49
60
51
44
51
37
55
49
56
42
55
52
46
57
53
49
56
41
40
39
43
50
48
52
51
48
44
38
53
51
55
33
50
42
39
45
60
48
42
51
48
34
29
48
38
52
51
47
44
41
37
58
43
50
33
31
39
42
44
49
44
45
44
44
50
51
35
37
38
48
41
49
45
52
39
39
44
29
37
51
41
36
46
44
34
49
37
32
38
33
37
38
45
26
33
29
36
26
41
29
35
32
39
33
47
51
35
28
40
43
38
38
38
30
37
41
26
47
33
36
35
41
38
35
37
37
45
25
42
40
38
42
36
37
35
32
43
28
38
38
45
42
34
38
30
33
25
32
44
28
24
32
33
43
39
33
37
39
30
34
43
30
33
27
42
30
32
36
30
38
32
33
31
30
41
33
30
27
32
33
33
27
35
28
29
26
26
31
32
26
27
20
34
39
37
29
33
35
35
25
19
23
35
31
23
28
31
33
27
28
42
22
25
33
38
27
24
28
25
28
38
31
30
27
35
31
26
33
29
26
31
26
33
29
30
27
29
22
35
29
30
26
24
32
29
27
23
27
36
29
33
31
22
35
26
29
28
28
33
29
32
30
32
31
20
31
24
27
29
34
34
29
18
34
34
31
35
21
45
24
25
37
30
31
30
28
24
29
28
38
32
28
24
24
20
16
28
29
24
21
23
30
23
19
29
23
29
22
15
33
23
27
27
31
34
26
29
19
24
15
18
27
25
25
36
31
21
26
25
21
34
21
27
31
21
29
26
31
35
21
16
23
16
24
26
26
17
24
23
28
31
26
22
22
24
25
23
15
24
28
26
26
25
14
30
24
18
22
30
32
22
27
20
21
24
17
22
34
19
25
22
35
22
17
24
20
24
29
19
26
20
28
28
20
30
29
28
22
30
19
25
27
19
19
18
29
21
26
27
22
25
24
26
24
20
25
27
30
20
24
22
33
23
24
13
29
35
29
27
24
14
19
20
22
26
18
21
29
28
30
22
20
14
24
20
26
15
22
21
29
27
15
25
25
18
25
15
28
23
18
23
20
25
32
19
35
23
33
27
25
22
35
19
28
19
24
32
18
30
19
24
22
21
26
25
20
23
17
14
22
26
25
24
20
19
27
16
20
14
18
20
15
27
22
27
21
23
26
17
18
31
22
22
21
24
21
21
27
28
22
26
26
23
31
22
26
14
25
35
26
23
21
21
18
31
23
29
12
24
22
16
21
16
24
20
27
24
26
21
21
21
21
18
23
22
15
34
33
22
17
20
21
17
12
21
25
23
26
15
19
17
18
25
20
16
24
27
19
23
24
24
19
24
20
24
19
33
17
28
18
21
30
26
20
19
25
17
23
19
22
21
16
23
17
27
24
27
25
20
24
18
21
11
14
24
21
26
20
18
22
26
27
12
19
23
20
14
22
18
19
17
21
23
18
20
16
27
34
21
18
22
28
22
28
25
25
19
17
23
19
24
19
23
12
26
18
32
24
22
20
34
21
27
21
28
16
32
17
24
24
20
23
20
15
20
20
15
17
31
23
11
18
24
16
19
14
24
18
15
30
18
25
19
18
18
20
18
18
15
20
22
21
20
30
21
22
23
24
21
17
30
29
15
19
19
12
21
20
19
25
17
19
23
15
19
15
21
22
13
26
14
15
19
24
22
22
17
20
17
23
20
20
30
16
23
19
23
18
18
18
18
18
16
24
16
32
17
17
17
17
14
22
27
17
17
8
17
21
18
18
18
16
17
19
21
23
18
20
17
13
18
24
23
23
21
22
25
19
15
18
27
24
22
24
15
28
24
15
18
16
22
10
18
19
20
27
18
11
17
22
24
21
25
15
16
15
28
20
13
17
23
7
22
22
19
24
22
18
16
11
26
27
18
9
18
20
16
12
19
15
18
24
17
25
19
23
11
17
24
20
16
18
23
24
19
20
17
23
14
16
19
15
14
21
17
21
21
17
17
26
13
14
14
22
16
21
21
17
15
20
13
18
20
14
21
21
19
23
17
15
12
15
16
19
17
26
10
13
19
14
21
22
22
18
10
15
17
19
18
11
20
14
14
18
18
18
22
17
16
15
26
19
10
17
13
14
18
16
17
20
20
28
14
20
24
12
14
25
20
23
18
24
15
16
20
14
16
15
14
14
14
23
15
17
19
21
18
20
18
17
19
20
18
17
18
24
24
25
14
19
18
16
14
18
17
16
13
11
22
21
18
24
12
18
20
14
18
15
13
28
19
20
13
17
25
9
20
19
26
28
21
18
19
13
18
10
18
14
14
13
16
14
13
20
14
15
16
17
28
16
20
23
16
23
17
11
18
8
27
16
21
16
21
24
11
19
15
13
24
17
15
11
13
15
21
15
18
24
15
21
18
23
21
15
12
20
25
9
17
13
24
20
15
19
17
18
16
18
18
19
10
20
28
21
20
19
19
21
22
21
21
18
14
14
14
15
17
17
12
20
12
17
9
18
17
20
13
15
17
15
17
16
17
21
20
17
14
14
15
13
17
23
19
18
20
17
14
14
15
20
14
16
19
18
13
20
17
16
12
20
16
17
12
14
20
12
20
18
15
19
17
23
20
19
14
20
19
19
18
17
18
11
15
20
12
15
11
13
16
14
14
22
15
22
17
16
13
18
16
14
20
15
24
26
11
12
20
11
17
10
17
15
17
11
12
19
17
26
15
16
17
16
16
18
21
20
15
16
13
17
17
15
19
16
11
14
13
12
18
17
19
16
25
13
18
18
17
14
11
16
10
17
13
17
14
19
17
19
14
15
20
10
18
10
19
11
16
16
18
8
16
19
13
17
22
22
15
15
12
18
11
16
11
14
9
18
18
28
16
16
18
16
13
15
15
20
12
9
13
21
14
8
17
18
14
11
18
10
15
16
19
22
17
19
17
15
13
11
19
12
19
26
24
11
8
17
18
17
15
12
24
17
17
16
26
17
19
14
17
11
15
13
12
17
20
17
15
13
25
17
17
23
22
12
18
17
19
13
11
13
14
14
15
13
13
15
19
12
15
17
17
20
15
19
21
14
13
13
14
13
21
13
14
18
15
8
14
13
19
29
14
14
10
11
15
22
13
14
14
21
12
19
12
14
12
12
17
15
23
14
15
12
12
18
14
11
15
22
16
16
12
16
22
18
13
13
13
15
14
8
10
17
21
17
15
15
32
13
12
14
9
13
14
19
11
13
7
15
18
15
12
13
15
20
13
15
14
17
13
14
18
13
16
16
8
20
11
10
13
18
21
11
16
12
16
14
9
16
19
15
12
12
8
11
10
9
10
14
12
17
12
16
20
11
8
8
18
24
17
18
11
18
25
25
8
12
15
16
13
11
18
16
17
19
23
18
13
20
16
18
11
18
17
13
19
16
12
11
19
23
15
14
14
16
15
9
18
23
20
15
14
18
13
16
18
16
8
16
12
7
15
15
22
13
15
13
10
13
18
9
17
9
12
12
14
9
13
18
21
21
16
18
11
20
15
20
19
9
16
17
13
20
21
19
18
11
14
16
21
26
13
17
22
14
15
19
19
15
19
15
23
14
10
15
15
9
14
17
19
13
16
9
14
13
20
18
6
9
17
18
18
14
10
12
19
18
13
15
18
13
14
14
12
17
17
14
12
19
8
13
17
13
16
15
16
18
25
18
20
9
15
14
10
23
24
15
18
15
14
12
13
22
19
23
22
14
12
17
16
16
12
28
15
23
27
16
13
13
13
19
11
15
11
14
13
17
16
14
19
14
21
14
17
21
12
19
12
12
20
14
13
10
8
27
14
9
20
14
11
22
12
9
29
15
15
11
12
16
21
18
12
16
17
13
13
22
22
16
14
17
16
8
17
20
10
16
17
8
23
14
24
22
13
13
13
11
16
15
16
14
14
11
15
16
10
13
15
11
19
14
18
18
15
20
15
23
20
14
7
9
17
14
22
17
18
18
21
20
14
15
11
15
18
10
13
11
26
17
8
7
11
14
21
15
17
19
14
4
12
18
13
12
13
12
18
22
13
9
10
12
18
5
10
19
14
14
8
8
9
12
12
10
9
17
19
12
13
15
21
10
14
11
8
14
13
16
17
14
15
16
14
14
17
15
13
12
11
11
15
15
19
13
10
14
15
11
14
10
11
16
12
21
14
22
17
16
17
12
17
8
13
11
7
14
17
13
12
21
15
18
16
23
16
10
12
16
5
19
13
19
18
15
13
10
14
11
13
9
14
18
8
9
12
18
13
11
13
16
13
13
16
10
11
19
12
16
15
20
14
10
13
10
15
12
10
14
11
17
13
17
9
12
13
6
8
17
14
13
10
14
9
11
21
14
14
13
15
13
10
14
16
18
12
16
12
10
7
18
18
10
14
6
12
12
13
17
20
18
13
15
16
11
12
11
12
19
8
19
12
14
21
11
14
11
11
19
15
19
12
15
12
14
7
12
17
14
15
18
12
16
15
14
17
13
13
15
19
15
16
13
15
15
14
15
18
12
14
19
23
16
14
17
12
12
15
12
14
14
12
9
12
12
26
20
8
16
12
13
17
15
13
13
20
10
12
8
18
21
11
10
23
14
14
12
17
15
9
25
12
14
13
24
13
12
16
14
9
15
9
12
17
11
21
20
16
25
17
11
22
14
15
10
13
13
10
13
13
15
15
16
14
19
15
9
9
12
15
19
14
15
11
11
16
10
13
10
11
15
12
14
8
11
15
13
10
13
14
15
20
16
8
21
13
14
7
16
14
18
10
11
20
14
13
14
13
15
13
7
14
13
13
19
16
19
14
17
12
12
11
15
5
18
12
14
9
15
14
18
11
16
11
15
16
12
12
19
9
13
16
18
13
11
15
11
19
6
15
13
15
13
14
14
10
13
12
7
15
24
14
6
12
11
14
16
9
11
16
18
6
13
7
11
18
13
16
17
18
13
17
7
14
16
10
11
14
12
12
16
13
9
12
7
15
19
12
9
13
10
9
11
15
14
18
11
13
10
8
14
13
21
14
13
17
13
10
17
9
14
11
20
14
17
9
17
18
12
16
10
11
9
10
11
8
10
14
17
11
11
12
9
9
14
21
11
16
11
4
15
15
14
18
17
8
11
19
11
14
13
17
17
10
11
13
14
18
17
5
14
13
11
17
14
10
6
12
18
17
9
15
10
12
13
16
10
18
9
8
11
15
8
9
12
14
11
13
12
12
13
15
12
12
16
15
10
13
18
10
16
12
16
16
10
11
10
9
10
12
11
13
9
8
10
6
9
9
13
6
13
10
19
17
16
10
10
12
11
17
14
7
19
22
10
12
13
13
13
10
17
8
15
15
18
7
18
5
17
18
17
9
15
11
12
20
14
8
13
10
13
13
8
11
9
12
12
22
10
12
13
17
9
13
14
7
12
14
15
20
14
10
13
17
9
16
6
8
21
11
10
10
10
17
17
12
15
9
8
10
14
11
15
10
15
10
19
17
12
10
8
6
10
16
13
12
12
9
10
12
12
16
9
16
14
12
7
6
10
14
17
9
12
17
12
12
8
15
18
10
13
5
10
10
14
14
12
13
9
16
11
13
4
11
16
8
13
12
10
16
15
8
12
8
13
18
4
8
4
11
12
13
13
13
12
15
13
11
12
16
9
8
10
17
14
11
12
15
13
10
14
11
13
15
11
9
11
10
7
8
13
8
10
11
7
11
19
9
17
14
8
15
18
11
12
10
8
13
6
8
22
9
7
11
12
11
11
11
14
15
10
11
14
8
11
12
12
7
8
10
11
16
4
13
11
8
11
14
12
10
9
15
11
13
9
12
9
13
9
9
16
10
14
9
12
9
7
10
10
12
9
6
16
11
7
10
8
7
14
9
12
14
10
11
7
10
14
9
6
15
11
8
13
16
8
6
14
7
9
13
7
10
13
13
13
6
8
6
7
15
9
20
9
14
14
21
7
19
8
6
15
14
11
13
6
12
20
12
6
17
5
8
15
7
8
13
6
11
11
13
15
13
13
10
15
14
14
8
12
9
13
16
11
16
8
18
17
7
11
17
16
7
14
6
8
10
9
13
11
12
11
13
9
8
9
7
8
11
17
11
12
14
12
10
6
9
9
12
19
8
8
13
12
10
15
8
18
18
10
9
10
10
11
11
17
11
9
10
6
9
9
11
9
9
14
11
10
10
12
15
12
12
7
15
11
12
10
11
10
14
10
14
8
9
8
12
10
5
11
9
11
8
14
9
16
13
13
16
6
8
10
11
16
9
5
14
14
12
12
18
14
9
6
7
9
11
14
13
12
13
12
16
4
8
3
6
12
3
8
10
12
8
14
12
10
10
5
7
10
5
11
11
10
5
9
13
13
10
13
11
10
13
15
11
10
11
14
10
20
13
12
9
11
10
7
5
8
14
8
12
9
18
12
6
13
11
14
10
7
12
15
10
8
11
14
11
10
9
9
3
12
15
6
12
8
13
6
5
10
20
13
13
9
8
8
13
4
13
10
6
6
9
19
6
4
8
13
10
16
10
7
5
11
9
13
15
11
16
7
12
13
16
5
12
14
12
6
9
11
14
13
13
11
13
9
13
8
10
20
11
8
9
8
7
4
8
10
15
7
14
8
8
10
12
16
11
16
14
8
8
10
12
10
8
12
10
7
12
8
16
15
12
11
10
9
10
11
10
10
11
18
10
12
17
5
17
8
9
3
12
18
10
12
15
5
9
9
19
10
10
14
11
9
8
11
13
7
6
15
10
9
9
11
12
10
9
8
8
14
15
11
16
11
9
11
17
15
8
19
8
7
13
10
9
10
9
11
6
12
12
10
10
10
15
9
6
6
8
6
12
5
16
9
13
12
5
11
12
12
5
10
12
6
8
15
4
13
10
10
11
9
12
3
6
6
7
15
11
12
8
13
9
12
8
6
11
5
8
6
12
7
7
10
12
10
9
7
7
8
10
6
8
13
10
14
13
11
8
7
8
9
10
7
11
6
7
10
7
13
4
14
8
17
10
13
7
13
7
8
7
10
5
6
10
10
6
8
13
8
13
12
14
18
12
9
8
9
6
6
11
9
10
6
13
12
4
12
5
11
7
9
7
7
14
7
7
11
10
8
14
7
9
11
8
5
5
9
4
6
9
11
8
6
7
10
8
8
17
8
10
11
12
6
7
14
7
7
8
7
7
12
11
10
10
10
9
7
11
9
6
8
12
15
10
9
14
8
14
10
13
1
6
12
12
11
11
10
6
13
10
9
9
10
11
13
5
10
12
8
10
13
10
8
13
7
4
12
13
5
9
16
11
9
9
5
7
4
15
10
8
12
7
10
10
8
5
15
7
7
9
9
10
12
13
9
9
10
7
9
13
12
8
8
10
9
12
11
9
11
10
14
8
7
4
10
8
8
6
12
13
6
11
7
12
10
11
10
10
5
7
16
9
12
13
7
6
12
8
10
8
4
7
11
10
7
4
14
8
8
8
11
6
6
10
9
9
7
5
7
10
9
3
10
9
6
4
8
8
5
9
7
7
7
7
4
7
8
5
6
8
9
11
3
4
7
10
10
4
11
10
5
9
6
18
11
9
5
8
8
8
13
4
8
7
3
9
9
9
6
8
9
10
9
3
9
7
9
8
7
3
7
5
10
3
8
12
11
6
13
10
6
6
10
9
13
8
8
7
2
9
4
10
3
9
8
8
6
12
10
7
7
6
9
8
9
5
6
8
6
4
7
6
10
7
6
13
12
6
9
7
9
5
11
4
8
7
6
10
5
3
8
4
6
8
7
11
4
13
4
2
4
3
9
6
8
10
7
7
5
12
12
11
9
6
5
10
13
13
6
12
2
6
7
3
9
11
13
8
4
3
8
5
6
13
10
5
5
10
7
7
9
8
6
11
6
10
8
10
10
11
9
11
5
8
2
5
8
8
5
8
9
7
4
5
7
6
11
10
7
6
8
6
7
7
7
7
8
9
7
7
8
2
9
5
5
3
9
4
7
3
8
7
6
4
6
4
6
2
7
10
5
8
5
4
5
5
10
4
8
6
3
9
6
7
8
8
5
5
7
9
6
6
6
6
5
10
8
6
9
3
7
8
7
6
0
4
10
12
4
6
7
5
4
5
8
2
4
11
10
8
6
6
7
10
6
6
6
7
14
5
5
7
4
9
11
4
3
5
5
13
9
9
9
9
7
8
5
8
7
9
1
11
8
4
11
3
6
9
8
11
6
5
8
5
10
3
3
3
7
3
6
3
6
6
6
6
10
15
11
7
6
9
6
7
6
5
7
8
2
9
10
6
5
4
9
13
6
7
6
9
4
10
6
4
7
5
4
4
8
5
7
6
4
4
7
5
7
9
7
6
8
9
4
8
11
12
5
3
4
6
6
8
7
13
5
7
2
12
4
6
10
4
7
5
4
2
6
5
4
5
8
8
7
7
6
3
4
5
4
8
9
9
5
8
10
11
10
8
8
7
7
9
5
6
7
8
9
12
4
6
8
7
13
5
10
8
4
7
12
5
1
7
5
4
5
6
6
5
5
5
7
8
12
3
5
7
3
3
9
4
11
7
6
5
7
7
9
6
8
14
11
7
3
10
12
6
9
12
4
4
1
5
6
6
6
8
5
7
11
7
4
10
7
12
8
10
9
7
4
7
4
5
8
6
4
6
10
6
6
7
6
14
7
10
11
10
11
5
3
4
4
7
3
3
10
7
5
4
6
5
4
7
2
1
10
3
15
4
5
8
3
9
3
6
6
6
1
7
11
5
13
10
11
5
4
7
12
12
10
13
8
5
9
10
7
8
6
1
10
4
3
9
8
14
2
10
5
9
6
14
8
7
9
5
10
8
4
4
9
4
12
8
12
5
2
4
5
6
10
7
5
11
8
8
6
4
7
8
3
6
5
5
6
6
9
7
8
7
5
5
4
3
10
7
7
9
8
11
8
10
7
8
2
12
9
9
3
4
3
7
10
12
12
4
6
9
5
10
5
8
7
6
4
7
5
9
5
7
3
5
5
9
5
7
12
5
9
8
4
5
6
5
5
1
5
1
7
7
7
12
10
7
14
10
13
11
10
10
7
3
4
7
7
9
9
3
5
3
14
8
11
10
3
12
4
6
5
3
12
6
9
8
2
7
9
4
7
16
7
9
15
5
9
3
5
6
5
4
7
8
9
7
11
8
7
5
7
5
6
9
8
9
11
8
5
4
9
5
5
7
8
7
7
7
8
7
9
13
1
10
5
6
5
10
5
6
7
5
3
11
7
7
7
4
10
8
6
7
7
7
4
7
2
10
5
9
5
6
4
9
3
10
6
9
5
5
8
9
5
5
5
4
5
7
6
2
10
6
7
5
4
15
4
7
4
6
6
8
13
7
12
6
10
7
9
4
10
13
6
9
12
7
3
7
5
8
7
5
6
3
4
6
7
3
8
10
6
9
8
2
8
9
7
8
6
9
3
7
5
10
7
6
10
8
6
3
4
7
2
6
5
6
8
4
5
6
11
9
5
8
12
10
5
7
11
7
11
7
5
7
6
5
9
13
7
7
8
6
6
6
8
7
5
4
9
9
7
5
4
4
8
9
2
6
10
7
7
6
6
5
5
6
2
5
4
4
8
10
6
10
10
9
9
11
3
10
9
9
9
9
5
12
11
5
4
8
7
10
6
9
6
5
9
6
4
7
11
7
13
7
6
5
4
8
11
6
11
12
8
2
12
6
9
10
8
4
6
3
10
4
7
3
11
7
5
8
4
5
5
7
4
13
5
2
7
9
5
7
10
5
7
10
7
8
7
8
7
6
7
3
7
6
2
9
8
8
7
4
3
8
5
9
7
5
4
3
10
7
6
10
7
6
12
9
13
9
5
5
13
11
6
7
4
1
4
7
5
5
5
7
9
8
12
5
10
7
9
7
4
6
7
7
1
8
8
9
12
7
11
5
5
5
5
6
6
3
6
8
9
4
10
3
5
7
6
5
8
4
8
6
6
6
9
4
4
12
6
10
5
8
9
4
4
8
7
7
9
4
6
4
6
7
5
4
9
5
9
6
9
9
7
6
10
8
4
14
7
6
6
5
6
10
3
3
9
7
3
6
8
5
7
4
7
10
6
3
11
5
4
11
7
4
9
10
3
7
10
8
6
5
12
5
4
9
6
4
8
8
3
7
4
8
5
6
4
8
7
6
7
4
0
6
8
11
7
5
4
7
7
8
6
5
4
6
9
5
10
2
5
5
4
6
7
3
6
10
6
2
6
4
6
6
9
7
6
8
5
3
9
7
9
5
8
1
12
6
13
7
8
7
7
3
4
5
3
8
7
3
10
4
3
6
5
7
9
2
5
4
4
5
11
6
3
4
6
2
6
6
4
6
10
10
10
9
8
9
4
1
9
13
8
3
6
10
7
6
6
2
5
5
6
6
5
2
1
7
3
5
5
6
5
7
8
7
2
9
2
4
9
9
8
8
6
10
5
6
6
6
6
9
7
9
9
5
9
8
9
10
8
4
3
6
2
8
3
5
11
5
6
4
5
13
8
5
2
5
7
5
6
7
7
7
6
6
5
5
11
5
7
6
5
3
6
8
5
8
8
6
9
6
8
3
4
5
4
7
3
8
10
9
6
8
7
12
6
5
7
7
6
5
4
7
6
6
9
4
7
8
8
5
9
5
2
1
5
5
5
5
9
5
4
6
4
7
7
7
7
2
8
5
6
4
7
7
5
5
6
8
5
4
9
7
6
7
6
2
5
4
7
8
3
6
3
3
6
10
9
5
7
14
4
3
8
8
7
9
5
6
8
3
4
7
5
6
5
4
7
8
5
5
4
9
5
5
6
6
4
3
3
10
7
5
7
2
5
5
4
8
0
5
4
8
5
2
8
5
6
6
3
4
3
6
4
8
4
3
2
1
4
7
10
8
6
5
12
4
5
7
5
11
7
11
3
4
7
5
10
4
5
6
3
10
6
7
5
11
5
4
8
5
2
10
6
5
7
7
5
5
5
6
9
3
1
10
10
7
4
9
12
8
10
8
8
6
4
5
5
12
5
3
5
5
7
9
2
2
9
7
5
6
9
7
7
7
3
6
5
7
8
4
8
3
10
8
5
6
4
6
7
7
3
6
4
5
12
11
6
6
3
6
4
6
11
3
3
8
6
7
11
3
4
9
5
11
12
3
11
8
7
7
6
3
7
3
11
5
12
10
10
11
10
8
13
18
15
8
15
11
10
14
21
15
19
25
25
16
37
43
26
49
35
59
45
41
44
64
50
70
55
51
67
66
83
81
82
74
75
83
75
86
74
78
85
57
61
70
77
60
66
48
45
56
36
44
45
40
26
24
27
25
20
26
15
16
16
14
9
7
13
12
7
8
10
3
5
10
2
10
11
7
6
5
8
5
5
5
6
12
4
5
11
5
3
5
7
4
3
4
6
5
6
2
2
6
6
6
6
4
7
4
8
3
1
6
2
6
2
6
5
6
4
6
5
3
4
6
3
3
4
6
2
5
3
6
6
9
4
4
6
6
9
6
4
6
7
7
5
7
2
6
5
5
4
5
7
3
4
8
6
4
10
5
5
6
5
5
4
3
2
7
8
6
5
5
8
10
10
8
6
6
7
6
1
6
5
7
4
7
10
5
6
12
4
3
2
9
6
7
9
13
8
7
7
10
10
5
7
3
6
7
8
6
11
7
8
9
5
8
5
5
8
11
3
6
10
4
8
11
2
5
7
7
7
11
9
7
12
10
14
8
6
8
8
8
11
7
12
8
9
13
9
13
8
9
11
10
13
10
11
13
12
9
6
8
8
11
4
7
9
7
4
8
4
4
5
7
4
7
4
8
4
4
4
3
5
3
5
6
5
3
1
3
4
3
0
3
2
3
2
0
1
3
1
1
2
2
3
2
1
5
3
2
2
3
5
2
1
3
1
3
2
4
1
6
2
2
4
3
7
2
6
3
3
5
4
3
7
2
2
4
1
1
3
4
4
1
3
3
7
4
2
2
0
3
2
0
3
2
2
5
2
0
3
5
4
4
2
4
4
0
1
1
1
4
3
0
4
2
5
1
1
2
1
3
2
3
0
2
0
2
2
0
1
2
3
4
1
1
4
3
1
3
3
3
1
1
3
4
3
4
4
3
5
2
4
9
3
2
4
2
4
1
2
2
2
3
0
3
4
4
3
4
1
0
4
0
0
4
3
1
5
2
2
0
4
1
1
1
3
1
0
2
2
2
2
1
3
4
3
1
3
4
4
2
1
3
3
3
3
0
2
2
3
6
3
3
4
2
1
3
2
2
4
3
5
6
4
0
3
6
2
7
2
4
4
1
0
1
1
3
4
0
4
3
1
0
1
3
0
4
0
1
1
0
2
2
4
1
0
4
2
2
2
2
3
5
2
1
2
3
4
2
1
3
5
2
2
3
2
1
4
2
1
1
0
1
3
3
1
3
5
1
4
3
1
4
1
2
3
2
1
5
4
1
4
2
6
2
0
2
3
1
3
1
2
5
4
2
4
3
7
2
1
2
2
0
4
1
3
3
1
2
1
5
1
1
3
7
5
6
2
3
1
4
1
3
3
1
0
1
2
1
5
1
0
3
0
6
3
3
2
4
4
4
3
3
7
3
1
0
3
4
0
3
4
2
4
1
0
4
0
4
7
1
4
2
6
2
2
1
5
6
6
3
4
1
5
2
1
3
3
1
4
1
2
2
3
0
1
1
3
2
1
5
2
2
3
2
2
4
2
2
2
0
3
1
3
2
4
6
2
2
1
2
0
1
2
1
3
3
1
4
1
4
2
3
2
4
2
0
1
2
3
6
0
1
3
4
3
2
0
1
4
4
2
1
1
2
2
2
2
1
0
3
3
1
1
2
1
1
4
1
2
4
1
2
0
6
1
4
2
2
4
1
2
5
2
1
6
2
3
2
2
3
4
0
4
0
1
4
0
5
3
1
2
5
2
2
3
3
2
2
0
4
3
1
1
2
5
3
6
1
3
2
1
2
3
3
0
3
3
2
2
3
3
4
4
2
4
3
2
1
5
5
3
4
5
5
1
2
1
3
3
2
2
6
0
1
2
1
7
1
4
3
7
1
1
2
4
2
7
3
3
1
3
2
3
3
0
1
5
3
1
2
0
2
1
2
1
2
1
0
2
8
2
4
4
1
2
2
2
2
2
5
0
1
0
5
2
0
0
3
1
3
4
2
2
4
1
1
1
0
2
2
4
5
1
2
1
2
2
2
2
2
2
3
3
4
4
2
3
5
0
2
1
2
3
3
4
5
1
3
1
2
3
2
2
1
2
2
5
3
2
2
1
5
3
0
2
3
1
2
1
2
4
3
2
3
5
1
3
3
2
0
1
5
3
2
1
0
4
5
4
3
2
2
3
2
3
1
4
4
6
1
2
3
1
3
3
2
6
2
2
1
5
3
3
2
6
2
2
3
4
0
1
1
3
4
2
0
1
1
1
4
3
0
2
2
2
1
2
4
4
2
3
2
2
2
1
6
0
1
0
1
1
1
1
5
4
2
2
2
2
2
3
4
3
3
3
3
4
3
3
4
1
5
3
2
2
3
5
3
0
2
3
3
3
3
6
2
1
6
2
3
1
1
2
1
1
2
5
1
1
1
3
2
2
2
4
4
3
2
5
2
2
0
1
2
2
3
2
5
6
4
2
3
1
4
1
4
4
3
1
5
2
0
2
4
4
3
0
0
1
1
1
1
2
2
3
1
4
2
4
5
4
3
0
1
1
3
2
4
3
3
4
2
3
2
0
6
2
4
2
4
1
1
1
6
0
4
0
4
5
1
2
1
3
4
2
3
3
4
4
3
3
1
2
5
1
3
3
1
4
3
4
0
4
1
3
3
2
1
4
0
1
2
5
1
3
3
1
4
5
1
2
4
2
1
2
3
1
1
4
2
1
3
4
2
1
3
2
1
1
2
3
1
3
4
4
3
4
3
3
2
1
4
1
6
5
2
1
4
1
2
5
1
2
3
4
3
6
2
5
2
4
4
7
4
1
4
2
3
4
2
2
2
0
2
2
1
2
4
0
4
0
3
3
3
4
3
2
2
2
0
6
1
1
3
2
2
2
3
0
0
4
0
2
4
2
4
3
2
5
1
2
2
0
1
1
1
3
1
1
1
0
3
1
3
2
3
1
2
0
4
0
4
1
2
4
5
1
4
2
1
0
5
2
3
6
3
0
3
2
4
4
3
0
0
3
1
4
3
2
1
1
2
3
6
4
6
1
2
4
1
1
1
2
0
4
4
0
0
1
1
0
3
4
3
1
0
3
3
2
5
1
1
0
4
1
2
2
9
1
2
1
2
2
0
4
1
3
3
1
3
2
1
2
7
2
0
0
0
2
2
3
3
3
0
1
2
2
3
2
1
4
1
1
3
3
0
2
0
1
5
3
0
1
4
4
5
2
3
0
0
1
1
1
2
3
1
5
4
0
3
3
1
1
2
3
1
2
4
4
6
3
2
4
2
5
6
1
4
2
3
0
1
1
3
2
3
2
3
4
5
4
1
2
2
2
1
2
2
2
4
1
6
3
5
5
2
4
5
0
2
1
1
4
2
3
3
3
3
2
2
1
3
0
1
1
1
6
2
5
4
0
2
4
4
1
1
2
2
4
4
2
2
4
3
2
2
0
1
2
3
2
3
2
1
2
3
3
1
2
3
2
4
1
4
2
4
4
1
6
1
1
3
3
0
4
2
1
1
1
4
2
5
0
3
0
3
3
4
0
5
5
0
4
3
5
3
3
4
6
4
3
2
1
1
2
0
4
0
3
3
2
1
1
3
1
0
1
1
3
1
2
1
6
4
2
2
3
0
0
2
4
1
1
2
1
7
2
1
1
3
0
1
3
1
3
1
1
2
1
4
2
1
1
2
1
1
0
3
0
1
0
4
4
2
2
0
0
3
2
1
3
1
4
3
1
0
2
2
1
3
2
3
4
2
0
2
3
1
6
2
2
1
2
1
2
1
1
2
2
2
1
3
2
4
3
1
2
1
2
1
2
2
3
3
2
2
1
4
1
0
2
4
0
1
1
2
0
6
2
1
1
1
1
5
4
1
4
5
1
0
4
4
2
0
0
2
0
2
0
2
1
3
2
3
3
2
4
1
5
1
5
2
2
2
1
2
2
1
3
1
5
2
0
4
6
2
1
0
2
2
3
1
2
1
1
1
1
0
3
2
4
3
2
1
0
1
1
3
2
2
2
1
0
2
0
3
1
2
3
2
1
2
1
3
5
1
3
2
1
1
2
1
3
2
0
3
2
2
3
4
3
1
0
0
1
2
3
0
0
1
4
4
2
2
1
2
2
3
2
3
1
2
2
2
4
0
2
2
5
3
2
4
2
2
2
2
5
2
1
1
6
4
2
5
3
2
6
5
1
4
2
3
2
3
2
2
1
5
1
2
2
4
5
2
3
2
2
3
3
3
2
0
0
2
8
3
2
2
1
0
4
2
2
1
2
0
0
1
0
0
5
2
6
2
2
0
3
1
4
3
3
0
1
0
1
1
5
5
3
3
2
1
0
3
0
2
1
8
1
2
3
2
5
1
1
0
1
0
3
4
5
1
2
0
1
4
2
1
7
1
2
2
2
1
4
3
1
1
2
0
6
4
0
2
2
5
0
4
1
0
1
1
1
2
1
4
0
0
3
2
1
3
2
1
2
3
2
1
2
2
2
3
3
1
7
3
0
3
0
3
2
4
1
3
2
2
0
3
4
1
3
3
2
1
3
2
2
3
1
2
5
2
6
2
2
3
0
1
2
3
1
2
3
2
2
2
1
4
0
5
3
4
2
1
1
2
1
0
3
4
3
1
3
3
1
3
3
3
1
1
0
8
0
2
3
3
2
2
2
1
2
4
1
4
3
2
5
1
3
3
2
4
1
6
2
3
0
1
1
2
0
3
4
1
1
1
3
2
1
4
0
5
2
5
2
2
4
2
0
3
2
1
2
0
1
2
1
4
0
3
3
2
1
2
0
2
4
1
2
1
3
2
2
1
0
3
2
2
4
5
0
6
4
1
3
2
0
2
2
4
4
0
1
3
5
5
1
4
0
2
2
3
2
3
1
1
1
1
3
1
0
3
0
3
2
5
0
1
1
4
0
4
0
1
0
6
5
4
2
1
1
2
6
2
1
0
4
1
2
1
2
5
2
3
4
2
2
2
0
1
2
1
3
2
2
4
2
2
1
5
3
1
3
6
0
3
3
4
3
1
1
2
1
0
2
1
2
2
3
1
2
5
1
2
2
3
2
4
2
3
1
8
1
3
0
1
2
2
0
2
0
3
1
4
2
2
3
1
4
2
0
4
3
2
3
2
2
3
1
3
5
0
4
2
0
2
1
2
1
0
1
1
1
3
5
2
2
2
3
1
5
3
2
3
1
1
3
2
4
1
3
1
3
2
2
2
2
1
3
4
3
3
1
0
1
2
1
2
3
0
3
3
3
2
2
3
2
3
3
1
3
3
3
0
2
3
2
1
3
2
1
2
2
1
2
1
0
3
0
4
3
4
0
3
2
0
0
2
4
1
2
0
3
3
1
0
3
3
3
1
5
3
1
1
1
4
1
1
1
3
1
0
1
4
2
2
3
2
4
2
2
0
2
2
3
2
1
3
5
4
2
2
2
2
2
1
0
3
5
4
4
2
5
2
2
1
2
2
3
2
3
2
2
0
1
4
2
6
0
1
5
5
1
1
2
3
3
1
3
1
1
4
3
4
5
2
2
1
4
4
0
1
1
2
4
0
0
1
0
2
2
2
3
2
2
1
7
2
1
4
3
3
0
0
2
3
4
4
3
2
3
2
5
1
3
5
2
5
1
5
3
2
5
2
0
0
3
1
2
1
4
2
0
2
1
3
2
0
4
3
3
1
2
4
1
2
6
4
2
3
3
3
1
1
1
3
1
1
3
4
4
2
3
2
1
1
3
1
0
0
3
1
3
2
2
1
2
4
5
1
4
3
1
2
4
3
1
2
5
3
4
4
2
2
3
3
2
5
0
1
1
2
2
1
1
3
0
0
2
2
3
1
6
0
4
1
3
3
4
1
3
1
3
4
3
3
1
3
0
3
1
3
0
7
5
2
1
1
5
0
2
2
3
3
2
1
3
1
1
0
3
3
4
2
7
6
3
2
2
3
3
0
2
2
1
1
1
2
1
3
3
2
3
2
2
3
6
2
3
2
2
4
1
3
1
3
3
1
0
0
2
1
2
1
3
1
0
2
3
5
1
2
0
0
2
2
2
4
2
0
4
0
3
2
2
5
2
3
3
4
1
1
2
4
2
3
1
1
3
3
2
1
2
3
2
2
2
1
3
3
4
1
3
3
4
0
0
1
1
1
2
1
1
4
0
2
0
3
4
3
1
2
3
1
6
1
4
2
4
3
1
4
2
0
3
1
3
2
3
2
1
1
0
5
1
2
3
0
4
3
1
3
2
5
5
4
3
0
2
3
2
2
5
4
1
0
1
3
2
0
1
0
2
1
1
1
0
3
1
1
5
1
3
2
3
1
1
1
3
2
6
0
2
1
3
5
1
2
1
5
1
1
1
0
5
5
3
1
1
2
3
1
1
4
3
1
2
2
3
3
2
1
4
2
1
2
2
1
0
2
5
2
4
4
2
1
3
4
3
0
1
3
5
1
3
3
0
2
2
2
5
1
2
4
0
1
1
4
3
5
1
4
2
2
3
2
1
2
3
3
2
2
4
2
1
4
1
1
1
3
2
2
1
2
5
1
6
2
3
2
1
2
1
2
2
3
3
3
2
3
5
2
1
3
1
0
3
0
1
3
1
3
3
0
2
2
2
3
3
1
4
2
3
1
2
6
1
7
3
3
1
3
137
149
172
160
175
176
164
200
198
182
153
175
192
215
210
212
190
208
239
201
199
214
224
241
229
238
222
227
261
234
282
268
270
313
290
318
322
379
350
363
413
381
401
389
407
370
398
438
464
433
468
455
479
538
536
523
568
564
532
561
598
615
638
628
707
694
752
756
801
812
813
866
873
868
900
986
1045
992
1028
1096
1079
1142
1155
1182
1224
1370
1351
1428
1470
1516
1601
1723
1947
2164
2528
3032
4024
5695
7936
12107
18223
27208
40191
57516
78125
102371
128774
151750
169477
180681
182563
175727
161870
141111
120431
98986
79582
63882
51634
42507
35912
31173
27939
25488
23890
22597
21794
21260
