7
13
17
9
14
15
15
10
11
14
13
13
11
12
16
16
12
15
13
13
14
12
14
8
16
6
12
13
11
9
4
6
6
7
5
10
8
11
7
8
10
7
14
4
8
9
13
11
3
10
6
8
8
4
13
10
36
57
109
176
262
398
486
477
489
526
553
567
668
773
829
929
1061
1047
881
754
667
676
645
611
614
637
651
637
613
608
599
597
596
564
627
604
582
597
602
632
672
578
634
598
569
646
583
578
554
590
603
587
591
676
614
632
657
622
621
664
678
629
613
665
628
694
654
676
718
650
652
690
663
686
682
651
697
690
670
662
654
665
686
715
681
696
677
681
725
747
690
691
724
730
698
720
743
737
694
683
673
733
725
731
727
733
800
742
746
726
724
716
777
788
788
756
795
782
792
759
807
744
814
813
791
828
784
744
806
798
815
857
869
836
868
856
844
846
845
836
875
855
837
891
825
884
897
862
900
905
849
839
857
849
846
874
875
872
911
889
898
857
803
922
884
913
804
857
905
871
894
956
849
870
901
838
812
910
868
889
924
882
868
886
932
893
917
891
897
879
927
882
886
894
911
873
922
862
889
861
885
918
919
918
899
891
858
885
895
939
920
872
929
890
873
925
944
897
936
950
840
924
899
901
903
869
873
941
955
869
903
872
877
908
913
948
956
861
910
893
926
932
891
917
949
938
864
912
931
907
899
956
952
939
919
919
931
975
957
960
968
938
914
975
969
942
913
942
972
987
945
919
976
919
945
1043
940
947
971
991
917
932
910
939
981
872
965
930
968
926
959
945
904
916
970
982
919
973
923
992
918
949
937
879
986
933
937
983
974
940
959
978
937
898
970
978
977
937
903
911
949
927
898
927
936
968
984
997
948
961
939
962
934
957
964
967
969
954
986
1005
916
964
916
927
966
999
942
949
956
961
926
984
972
939
920
949
963
931
923
960
1003
908
1035
909
938
951
998
961
936
910
979
869
957
921
942
961
951
971
939
971
956
973
960
945
942
924
925
962
955
996
964
979
938
981
1003
961
973
950
959
861
933
911
976
967
930
948
948
995
951
958
1023
894
923
942
1033
955
981
982
975
1008
956
965
1024
950
996
978
1011
1073
1002
968
993
1024
970
1033
981
1047
1017
1041
1024
1032
1008
1036
1078
1031
1041
1035
1091
1111
1089
1097
1065
1031
1069
1080
1091
1061
1118
1099
1135
1117
1114
1107
1125
1127
1160
1170
1179
1112
1120
1168
1105
1124
1186
1102
1126
1187
1181
1061
1149
1167
1209
1134
1110
1098
1186
1159
1157
1156
1150
1184
1134
1154
1130
1141
1155
1166
1158
1132
1125
1079
1144
1119
1135
1095
1172
1109
1093
1088
1210
1087
1151
1099
1085
1113
1171
1153
1121
1173
1119
1142
1124
1100
1141
1113
1048
1089
1077
1118
1063
1054
1125
1093
1083
1025
1151
1116
1051
1108
1066
1083
1020
1015
1014
1076
1081
1043
1062
1100
1048
1028
1012
1082
1093
1046
1043
1015
1061
1057
966
1037
1027
1030
1035
1007
1055
992
1024
1045
984
1035
1049
1071
988
994
1032
1007
975
993
1030
1034
1025
943
1030
1027
981
927
1003
988
974
1039
989
1018
1032
1013
1013
1011
988
954
1023
1076
1023
972
990
995
981
1031
1000
980
970
986
939
1002
1007
988
963
943
1006
1030
991
958
939
999
951
989
1026
971
973
992
913
1012
946
928
984
938
960
922
917
911
908
946
914
996
949
958
900
999
954
893
903
923
937
926
932
916
990
908
907
940
872
876
916
930
860
859
896
837
915
888
911
881
885
906
931
867
849
856
902
851
909
817
829
863
903
864
886
857
891
879
880
892
840
939
869
862
804
922
835
829
870
857
840
832
848
847
849
879
853
875
803
818
847
846
786
879
808
806
805
799
835
832
824
783
787
823
851
842
823
856
787
836
775
801
827
814
763
846
778
778
792
787
778
830
812
808
785
801
776
744
793
787
766
757
824
789
770
782
789
739
759
736
824
787
776
805
769
817
782
778
784
805
772
777
768
770
741
793
793
810
776
776
773
794
763
783
735
735
758
748
763
730
741
813
734
787
742
727
735
730
712
813
746
745
808
731
715
735
731
716
742
742
705
770
757
720
760
721
732
739
805
735
764
783
745
761
771
750
761
765
738
706
790
747
737
736
770
759
723
738
749
770
760
713
733
805
763
728
737
755
792
748
733
778
762
745
752
729
752
764
762
732
784
737
716
795
731
735
703
743
712
779
724
699
743
727
745
743
752
773
744
759
735
754
728
721
717
767
729
803
740
747
762
723
760
747
749
733
682
738
774
736
783
686
726
707
779
718
738
755
716
709
691
706
739
730
679
688
754
733
714
723
701
682
732
700
716
734
714
766
703
723
717
734
697
720
726
669
711
692
756
711
651
642
677
681
682
679
643
714
679
701
661
717
639
662
690
658
666
669
627
612
604
620
635
638
657
602
609
612
604
613
611
601
623
630
559
607
575
599
578
595
590
584
587
540
574
572
532
536
572
539
564
549
585
595
530
505
512
543
578
538
483
519
503
536
478
543
544
535
459
523
525
458
487
512
519
488
497
457
448
466
502
467
487
475
475
482
489
506
493
426
487
391
462
437
431
478
444
411
452
420
444
436
448
461
446
430
427
426
417
382
410
381
423
389
411
402
399
438
432
398
389
402
446
368
386
405
391
388
406
401
390
366
408
387
397
397
380
420
407
368
374
369
371
402
406
377
357
367
382
385
384
369
376
360
394
329
397
375
358
350
385
349
325
370
362
347
360
352
403
356
365
364
349
357
341
322
340
344
347
317
366
339
339
380
357
370
324
344
341
360
370
331
326
359
342
327
351
338
328
336
304
314
321
349
331
361
312
335
315
339
332
350
333
342
322
324
338
303
302
310
338
318
345
297
318
303
335
295
328
333
309
337
340
319
321
338
337
297
303
325
307
316
341
281
313
270
297
285
301
318
315
268
296
319
335
277
291
342
311
305
282
322
266
296
292
317
308
323
283
294
313
344
311
318
310
310
299
279
305
290
270
283
292
339
289
319
299
274
299
297
286
266
284
287
318
287
273
283
288
321
300
303
287
305
284
300
273
314
294
284
289
282
268
287
274
282
313
287
277
287
308
271
280
261
311
297
245
279
300
284
280
279
280
273
275
308
274
304
300
262
265
315
262
282
256
306
287
281
285
298
277
289
310
272
286
268
279
256
286
295
285
275
273
233
275
260
255
310
270
291
262
310
283
306
260
308
305
314
257
274
277
268
285
283
292
283
261
271
270
277
248
261
275
273
284
254
298
289
319
279
271
261
273
265
263
283
272
247
270
287
264
268
293
253
281
267
278
295
281
281
304
299
290
318
262
288
296
284
290
276
307
298
261
324
273
269
308
314
299
302
331
317
329
288
303
294
327
325
330
307
333
335
317
333
371
338
303
358
358
328
326
352
333
369
346
396
350
411
357
365
368
398
401
374
451
416
456
466
474
460
430
457
486
531
495
487
557
549
522
538
547
571
559
604
621
635
647
632
690
585
692
688
707
744
753
743
759
816
840
872
887
933
843
908
947
963
951
1047
1044
1022
1104
1149
1174
1207
1176
1251
1230
1231
1297
1327
1399
1385
1389
1485
1545
1495
1551
1651
1677
1642
1721
1674
1717
1744
1881
1832
1897
1964
1981
2036
1996
1985
2103
2042
2167
2262
2344
2366
2365
2404
2435
2478
2437
2597
2506
2521
2684
2746
2782
2827
2815
2909
2985
3011
2930
2958
3164
3004
3107
3154
3161
3329
3414
3340
3350
3372
3586
3535
3502
3677
3626
3663
3720
3822
3752
3717
3899
3916
3956
3831
3985
3940
3982
4057
4106
3948
4126
4091
4183
4114
4274
4122
4312
4369
4387
4374
4255
4370
4305
4208
4283
4401
4354
4508
4501
4349
4383
4432
4421
4369
4396
4387
4419
4476
4460
4297
4370
4461
4348
4329
4376
4370
4303
4395
4285
4270
4282
4170
4312
4093
4117
4100
4053
4070
4067
3998
3943
4018
3918
3987
3931
3848
3886
3695
3772
3711
3758
3683
3633
3526
3574
3458
3456
3454
3228
3301
3259
3269
3315
3112
3136
3105
3029
3017
2958
2919
2944
2875
2852
2757
2787
2639
2642
2611
2547
2609
2528
2416
2414
2200
2312
2252
2239
2212
2121
2060
2186
2025
2009
1978
1866
1867
1793
1753
1757
1721
1690
1671
1637
1603
1543
1475
1432
1422
1402
1401
1369
1322
1318
1257
1252
1221
1154
1140
1098
1119
1075
1027
984
997
980
1000
897
942
904
854
867
843
888
823
743
772
776
732
749
682
691
656
680
648
623
609
603
540
601
582
591
528
519
521
489
491
498
454
423
431
445
418
437
397
408
454
399
390
394
338
394
374
352
337
334
352
317
338
318
347
310
308
322
297
328
270
316
286
255
280
277
249
247
288
286
251
254
227
258
251
235
277
241
249
238
205
203
196
214
236
225
220
193
190
211
224
207
219
181
199
202
209
191
208
198
168
187
204
192
200
198
167
165
169
195
195
201
197
155
196
201
176
172
173
177
165
154
168
166
166
179
159
150
168
176
168
154
164
165
154
158
182
171
158
149
177
145
163
158
150
166
138
156
142
137
137
157
148
147
141
153
142
133
140
148
145
144
125
123
160
118
140
146
126
138
145
138
137
141
147
132
129
142
147
153
144
158
131
118
141
124
123
126
139
148
146
128
134
141
150
132
177
139
153
156
144
135
130
137
125
132
128
121
149
122
139
124
149
142
140
126
124
114
145
149
153
154
120
127
115
119
147
124
124
116
135
150
133
103
121
136
123
136
136
135
128
128
122
128
146
124
128
137
112
120
126
117
120
121
128
122
141
119
124
119
131
125
129
137
115
131
122
140
135
109
136
117
118
119
123
135
122
126
124
112
130
128
126
144
138
114
112
135
130
135
131
119
125
124
115
128
112
124
131
118
120
129
106
145
133
128
115
115
115
121
112
105
140
122
128
124
132
138
113
141
132
131
125
124
153
143
131
135
127
106
117
124
129
107
111
102
122
128
107
163
135
108
132
133
110
120
146
130
133
111
131
129
115
129
135
128
119
114
140
130
120
127
123
122
121
141
122
103
128
125
121
130
133
119
118
136
121
118
120
141
114
124
123
136
140
125
125
113
126
105
106
126
146
136
135
134
133
131
126
115
131
143
124
121
112
119
125
108
135
127
127
115
118
133
142
137
113
135
121
108
121
156
131
124
138
138
137
136
96
129
139
155
132
145
127
119
102
140
137
129
141
126
124
131
112
125
134
136
122
142
123
122
145
130
144
135
117
129
139
133
126
123
130
106
150
144
138
138
127
136
128
130
134
126
127
106
129
162
148
124
121
127
127
109
122
125
141
97
139
136
96
129
134
123
132
133
131
135
119
141
136
126
134
130
126
111
147
129
104
127
122
135
119
118
119
105
128
120
140
115
135
141
133
148
130
129
128
118
131
135
133
112
133
147
130
128
115
120
126
115
117
125
140
123
139
145
125
144
133
111
128
123
126
129
124
114
125
109
128
121
116
120
123
115
121
133
144
106
115
150
107
120
113
126
126
113
126
127
121
126
119
120
140
119
130
111
122
150
104
120
118
108
108
123
111
124
150
127
130
107
126
128
105
134
122
116
127
118
135
128
124
109
111
119
141
138
150
111
117
111
130
122
132
134
131
134
127
119
114
119
111
113
111
129
126
145
117
132
130
115
131
122
119
120
111
130
104
118
131
123
136
123
115
130
120
111
131
127
121
125
116
127
139
126
133
113
119
121
122
117
120
114
139
121
125
99
115
133
114
120
128
128
140
141
120
102
133
135
105
134
111
128
116
109
134
133
109
116
131
140
156
121
133
114
115
141
142
112
116
131
140
122
140
131
139
117
128
118
122
134
115
118
123
121
130
130
134
128
130
133
107
123
127
119
143
135
116
123
123
120
139
122
112
125
106
141
131
134
112
118
139
121
134
146
128
132
119
125
110
107
115
159
114
138
119
106
116
122
112
111
130
122
107
130
144
129
127
122
118
110
123
117
126
120
124
137
145
151
122
118
133
128
119
117
148
136
130
110
140
124
122
122
123
133
109
131
137
140
134
105
133
145
123
123
125
134
113
117
127
111
142
131
144
127
134
139
122
126
108
121
111
118
119
120
116
147
140
148
137
152
129
127
133
121
115
148
136
147
128
134
143
130
116
120
93
129
141
125
139
132
121
130
120
161
116
121
114
134
125
126
140
129
115
148
128
130
128
123
110
146
110
132
131
142
133
139
119
115
115
135
114
131
130
147
144
119
123
146
134
120
120
106
125
145
128
124
126
122
142
117
110
134
137
121
137
132
125
133
129
156
124
117
149
109
132
115
123
122
118
110
119
116
142
148
121
145
117
123
142
119
108
111
117
111
127
125
134
154
123
117
136
126
122
113
153
119
124
117
137
135
126
127
131
131
115
123
120
122
108
101
119
114
129
145
137
114
116
116
142
118
119
131
110
116
120
133
125
114
123
150
113
120
129
132
138
118
131
130
125
121
126
145
141
122
128
141
156
111
142
142
135
114
113
117
127
148
129
120
130
126
119
100
129
125
125
119
148
131
116
117
117
121
128
131
126
142
139
135
117
131
125
140
115
144
130
125
128
107
109
125
128
123
120
127
133
139
123
115
127
141
127
115
141
123
122
150
137
121
136
121
123
133
141
127
139
108
125
149
122
97
118
125
127
127
123
109
125
133
117
119
122
124
127
120
138
131
128
129
128
127
115
123
133
138
109
133
119
114
126
147
121
127
118
126
128
146
116
136
140
116
133
134
129
125
133
127
131
132
149
128
150
109
144
140
121
165
159
143
122
135
127
153
134
132
140
131
132
114
133
150
137
122
123
139
160
137
112
143
122
116
152
127
123
125
146
145
116
140
119
142
156
138
136
139
131
130
141
136
134
136
151
122
110
134
131
135
137
131
139
130
138
142
149
131
145
128
124
135
137
151
135
152
123
140
131
143
140
134
132
145
145
122
150
150
136
142
137
142
151
132
150
140
136
133
157
159
151
153
170
152
131
115
117
131
174
138
122
142
130
129
157
138
147
143
144
147
144
147
151
151
148
132
146
149
159
159
135
157
128
149
154
124
155
128
170
137
137
144
147
143
147
156
171
141
138
167
153
166
151
146
136
157
151
158
142
140
124
135
151
145
125
160
156
149
139
139
147
122
145
137
136
144
142
143
152
152
144
154
145
133
133
128
137
158
132
141
143
130
140
151
157
157
149
168
124
150
165
161
131
150
157
139
134
149
134
152
159
163
155
162
147
162
131
158
149
155
162
154
161
169
159
154
163
163
139
160
145
145
161
154
155
145
118
145
144
128
155
132
152
158
137
158
163
150
153
150
137
138
173
163
148
138
159
143
136
175
159
148
154
131
152
150
147
148
146
161
160
148
158
159
146
142
147
148
170
157
138
153
148
145
129
160
128
155
162
154
153
152
142
114
132
153
153
172
149
143
142
136
151
162
135
152
135
151
127
138
151
162
148
155
146
126
139
148
140
147
128
138
140
124
117
127
131
139
135
133
124
130
127
138
156
149
149
128
126
121
149
114
116
138
137
156
127
138
150
131
128
136
139
133
129
137
152
135
140
123
148
136
150
148
138
144
141
119
147
124
121
113
130
125
135
131
124
126
139
135
115
112
102
119
153
124
116
133
108
113
138
110
138
142
126
119
102
109
123
92
139
141
121
111
104
110
121
118
124
132
111
110
121
116
111
96
105
92
98
112
92
103
108
122
120
97
102
101
108
113
127
86
119
95
120
110
100
111
107
101
100
96
99
99
110
99
89
115
113
77
97
83
95
111
86
98
80
96
92
116
78
93
101
98
98
109
93
99
72
98
87
80
89
95
96
80
84
87
89
91
76
76
83
85
81
95
82
96
85
76
86
79
94
88
65
83
87
80
60
82
94
59
91
71
67
71
71
86
72
85
90
66
78
84
73
76
72
74
74
71
80
75
67
80
67
73
66
63
59
60
74
79
63
57
76
82
66
60
78
67
63
72
65
66
57
69
57
71
73
55
66
65
55
55
78
70
59
51
74
72
56
53
59
57
57
59
73
48
64
56
72
57
51
69
51
59
64
58
74
59
51
55
55
41
56
56
55
47
47
60
56
39
60
55
54
57
44
61
46
44
64
54
54
46
50
53
61
46
42
61
53
58
43
52
53
53
50
50
53
49
43
58
52
47
46
45
46
48
52
53
49
49
53
57
47
48
56
45
46
53
62
47
38
36
44
40
47
49
49
41
38
47
60
58
45
42
37
44
56
45
46
54
45
38
44
53
50
53
39
36
37
54
49
48
39
37
42
47
34
34
35
45
37
43
36
41
28
51
52
31
46
45
38
36
56
40
40
42
40
38
37
29
37
45
45
45
36
43
43
41
43
35
41
45
43
38
35
32
32
41
46
29
45
37
35
32
49
23
40
35
39
33
41
39
51
42
40
33
44
37
34
36
36
38
40
58
30
41
35
37
36
50
30
41
39
40
26
35
48
36
34
28
33
27
25
36
40
36
21
46
30
51
31
33
35
37
44
39
46
30
38
35
33
36
42
46
40
31
36
24
31
22
42
36
24
29
38
31
31
35
43
35
32
25
45
41
35
29
40
41
36
42
35
37
39
27
33
35
41
41
35
40
38
33
31
44
34
39
39
35
38
27
32
38
23
27
33
40
33
34
47
45
39
36
41
50
46
27
40
49
41
37
50
30
39
38
50
45
42
41
43
46
46
49
59
44
48
53
46
46
57
40
58
43
59
60
44
46
49
46
55
50
54
58
50
51
61
61
58
55
50
49
71
58
59
69
51
59
77
64
75
63
70
61
75
59
87
56
84
82
72
71
71
82
91
71
67
72
88
75
92
87
93
86
97
80
85
107
93
92
96
86
86
90
102
102
123
104
84
116
110
132
107
129
109
123
112
120
122
126
123
124
129
148
154
151
145
137
158
155
154
152
143
131
144
173
166
153
180
167
186
194
198
180
180
173
206
204
193
195
214
223
212
225
221
209
185
221
212
215
211
233
229
286
235
246
232
266
252
264
283
268
294
253
304
271
277
288
301
294
267
325
320
287
320
299
273
312
306
311
366
331
389
341
341
355
393
348
389
373
353
364
382
377
405
388
363
383
424
365
389
355
413
402
415
457
440
424
417
445
410
464
460
449
486
432
472
471
448
472
442
524
467
450
466
500
473
479
479
525
466
504
511
539
508
491
503
496
510
496
551
533
568
526
542
510
571
538
517
566
604
517
527
584
608
576
552
561
564
629
575
596
598
582
575
602
614
666
592
612
624
656
556
646
622
627
595
617
577
635
604
600
602
588
640
590
623
620
589
589
598
632
651
566
645
643
618
606
583
605
659
617
593
579
600
615
658
645
649
639
630
621
663
637
615
644
612
559
609
599
605
584
562
589
627
601
594
593
610
595
599
645
607
615
609
579
585
599
535
568
559
587
518
545
531
577
589
606
577
550
574
551
531
519
522
564
568
522
527
494
492
491
530
515
481
504
467
486
472
467
518
521
452
517
517
474
444
486
488
465
438
487
466
432
436
446
457
432
474
436
426
439
387
384
425
424
391
421
407
371
387
405
378
388
375
394
378
402
381
372
372
357
366
335
339
325
350
335
310
317
312
328
360
333
304
321
296
340
300
308
274
289
267
302
294
268
289
317
292
266
271
266
252
264
254
228
233
221
249
250
232
240
253
230
207
235
207
223
237
185
216
197
200
185
197
226
198
205
178
220
190
159
185
191
198
158
175
172
172
171
168
175
169
157
145
166
173
136
143
141
153
133
153
168
145
136
132
149
128
131
145
136
140
125
147
121
136
135
126
134
127
125
128
124
119
118
111
114
96
105
115
112
132
123
111
101
91
88
117
99
97
84
87
112
85
108
97
100
82
73
69
89
83
89
104
88
88
90
76
79
73
81
77
86
75
78
84
67
76
81
67
92
75
72
65
89
70
79
65
69
72
75
66
52
71
69
62
65
63
46
65
50
57
55
64
64
43
61
56
71
50
43
52
47
63
48
51
58
58
50
54
45
50
41
52
47
56
51
46
37
47
37
51
48
57
51
59
51
50
49
37
35
52
51
45
43
30
45
52
50
31
46
42
44
46
45
48
44
54
39
48
51
45
34
58
47
34
40
46
40
40
41
41
40
36
37
36
44
43
38
39
34
29
34
31
36
30
46
35
31
38
32
45
31
34
42
35
41
25
35
33
38
33
41
32
34
26
34
35
42
37
34
28
37
32
37
27
31
38
18
39
29
27
26
33
38
27
35
28
41
33
24
31
27
40
32
31
18
31
22
42
18
37
35
33
27
20
30
42
37
15
24
29
28
27
33
30
37
30
29
36
37
26
23
30
36
29
24
37
20
31
29
27
23
26
39
32
32
20
18
25
19
22
43
26
34
22
32
34
24
29
26
26
24
35
22
20
28
26
28
26
31
26
29
25
29
36
31
27
30
26
24
23
37
33
30
34
21
34
35
26
24
32
28
28
26
25
22
20
27
27
31
31
35
29
34
25
29
34
22
23
38
35
20
20
25
29
20
25
22
32
32
25
34
25
32
27
23
25
15
21
23
23
40
31
25
29
36
27
39
24
25
28
35
25
27
21
28
24
26
27
30
25
29
32
16
32
40
22
30
29
33
27
35
33
26
15
26
28
34
30
22
30
30
37
18
27
31
25
26
27
22
40
37
23
24
25
21
24
28
33
23
28
15
22
28
24
23
34
21
33
33
31
24
24
35
16
29
21
21
17
28
34
19
34
24
32
22
27
23
30
28
33
29
21
28
27
18
32
30
26
21
20
31
25
20
23
21
20
26
33
27
20
26
28
28
27
14
18
25
30
32
27
25
21
20
34
25
23
19
24
16
27
32
26
22
25
21
28
31
26
20
26
21
21
32
21
29
24
23
33
23
19
21
17
25
22
20
23
26
18
30
18
18
18
26
14
19
21
21
30
16
24
20
19
30
14
17
18
19
20
27
14
20
14
24
18
14
26
24
21
17
19
34
19
13
13
10
19
19
15
17
20
22
9
21
29
21
19
20
16
14
22
23
23
13
15
18
17
21
14
28
24
25
17
12
21
21
18
17
15
14
16
11
13
27
25
18
22
29
20
18
20
21
13
22
15
16
24
13
24
15
13
14
19
23
24
21
15
13
16
18
22
19
18
16
18
12
15
17
18
14
11
13
13
20
27
9
23
18
22
16
8
16
11
19
9
17
9
16
16
15
11
14
13
12
23
16
14
12
12
18
13
17
20
14
18
13
17
17
7
14
11
18
8
13
19
10
21
8
18
19
16
10
16
11
15
15
13
9
16
15
12
20
11
10
9
16
15
19
16
17
15
19
17
14
14
14
17
20
12
20
14
19
14
11
16
14
12
10
12
14
17
12
18
10
4
14
16
16
13
13
21
21
8
15
16
19
16
11
18
8
14
16
13
14
16
10
9
15
17
14
8
18
13
9
21
15
5
13
23
12
14
14
12
17
14
11
8
14
13
16
11
12
15
10
13
12
11
14
17
11
11
8
10
13
11
5
12
19
12
12
21
7
10
11
10
8
9
14
14
7
9
10
8
15
6
7
16
13
10
12
15
10
14
15
6
10
12
4
16
12
14
10
10
10
13
9
11
11
15
13
6
7
8
14
10
7
9
5
12
14
12
10
6
9
9
8
14
11
11
9
5
13
13
9
8
7
9
6
13
14
9
9
13
6
11
12
10
11
8
9
11
8
12
9
7
11
12
7
7
10
5
17
10
7
6
8
5
9
10
5
6
7
11
7
7
7
12
9
6
9
8
2
7
4
5
10
7
11
5
7
7
8
12
7
8
9
13
11
13
8
10
4
11
4
6
6
1
4
11
6
11
6
7
11
6
12
14
17
5
10
8
6
5
3
8
4
3
3
5
7
8
6
6
7
11
9
8
6
13
6
11
5
5
2
9
5
4
9
6
7
9
7
7
6
4
5
8
4
2
10
4
3
4
12
8
7
8
8
7
12
6
2
8
5
5
8
3
3
8
5
4
2
7
8
4
4
7
6
10
4
2
6
6
10
8
5
8
9
3
3
3
3
5
8
2
6
7
9
5
6
11
11
6
7
4
4
6
6
3
6
7
4
3
9
4
5
10
7
10
4
4
5
3
6
4
7
7
6
8
4
3
9
7
8
6
3
6
8
7
6
5
5
7
9
6
5
4
4
3
2
3
4
5
3
7
4
5
1
4
7
1
6
9
8
4
11
5
10
3
5
3
7
5
5
6
5
4
4
8
7
4
6
6
7
6
8
5
3
8
3
1
1
4
3
4
10
6
5
7
5
2
3
9
7
13
6
4
5
3
5
6
3
4
2
3
2
7
6
3
8
4
8
9
3
7
3
2
4
3
8
9
4
4
9
6
9
8
7
8
5
3
4
4
4
4
4
8
8
11
9
7
4
7
7
5
4
10
10
3
6
8
6
3
5
8
4
8
8
6
5
8
6
6
7
4
12
6
1
7
9
8
10
5
11
6
8
6
5
9
11
4
5
10
12
9
7
12
10
5
6
5
4
10
7
6
5
10
17
10
15
7
13
13
9
13
10
12
9
6
12
10
4
12
14
14
6
7
11
19
12
11
9
10
8
9
17
13
6
14
10
11
9
15
11
10
9
12
10
6
14
16
15
14
10
10
14
13
15
12
10
14
14
14
9
8
11
11
14
16
11
14
12
10
12
16
7
16
16
10
14
20
17
9
18
11
10
14
13
14
15
21
14
16
13
16
19
9
18
14
19
17
15
18
10
22
22
11
13
12
12
14
19
22
21
18
17
10
17
27
19
14
25
19
16
19
21
17
14
21
15
23
19
10
17
19
17
25
21
14
14
19
12
19
21
22
17
22
19
20
23
23
17
18
15
20
24
21
21
19
20
20
25
26
31
22
28
21
25
24
27
18
31
23
27
14
20
28
23
14
19
20
19
21
32
22
26
28
24
20
24
17
30
16
15
21
24
25
18
20
27
32
20
26
22
18
14
22
20
27
24
26
20
24
19
19
26
27
25
22
40
13
18
25
23
15
20
25
25
15
22
21
20
17
21
20
20
22
19
29
32
27
28
23
30
27
23
30
32
28
20
18
28
25
20
29
24
16
25
28
16
21
22
29
19
22
24
15
22
20
27
20
17
14
21
29
23
22
33
20
17
17
23
27
18
11
15
21
19
23
24
23
15
21
19
18
17
20
11
18
12
20
15
34
17
27
23
29
17
17
21
22
20
18
19
24
21
18
9
23
23
23
16
22
19
16
19
18
15
26
18
14
15
18
14
14
14
14
18
19
20
14
21
18
23
24
16
20
18
14
14
16
15
17
11
16
16
12
12
13
17
10
17
14
12
14
11
7
15
21
10
15
21
15
10
14
20
4
12
5
11
13
13
10
10
13
9
13
9
12
10
14
15
11
17
8
8
10
10
12
8
8
9
11
9
12
12
8
11
15
8
10
5
11
11
9
10
9
6
8
10
9
9
5
6
6
7
9
10
3
8
7
10
9
12
6
9
5
7
6
8
8
15
3
7
3
6
8
3
4
3
8
6
7
8
8
7
7
6
4
9
3
5
9
1
1
6
5
2
5
9
3
5
5
7
8
5
8
4
3
10
8
4
3
4
3
4
6
7
6
8
0
5
5
3
5
5
4
7
6
5
2
6
2
4
3
4
4
3
5
6
4
2
4
3
5
4
3
3
0
2
1
2
5
5
4
6
5
5
3
3
3
4
1
3
4
2
2
5
2
4
4
0
3
7
1
1
2
4
6
3
2
3
4
3
2
4
5
3
4
2
0
2
3
2
3
3
4
3
2
2
2
0
2
1
2
0
5
0
2
6
3
2
0
2
2
3
2
3
3
6
0
0
3
1
3
0
2
1
3
4
5
2
0
1
2
1
3
1
5
3
3
3
2
1
1
2
1
4
1
2
1
2
2
1
0
2
1
2
2
0
5
3
3
2
1
2
1
2
2
0
1
1
3
1
1
1
1
2
1
0
1
3
0
0
0
3
1
1
1
1
1
1
3
1
1
2
2
2
1
1
0
3
3
3
3
2
1
1
3
1
3
1
1
2
3
0
1
2
2
1
0
2
1
3
0
0
0
1
2
0
0
3
2
1
2
3
1
1
1
1
4
0
2
0
1
2
4
3
3
4
2
0
0
1
0
2
0
3
0
1
0
1
1
1
1
1
2
0
2
2
0
4
1
1
2
0
2
0
0
1
1
2
2
0
0
1
2
1
1
1
1
2
0
0
4
0
1
0
2
1
2
3
1
1
1
1
0
2
1
2
1
1
1
3
0
0
1
0
1
1
0
0
2
0
2
3
0
2
1
4
0
3
1
1
2
1
1
2
2
0
1
6
0
0
1
2
2
0
2
1
1
3
1
1
0
0
2
2
1
4
0
1
1
1
0
1
1
0
0
1
0
0
3
1
0
1
0
2
1
1
2
2
0
0
0
1
0
1
2
0
0
0
0
2
1
0
1
4
1
0
1
1
1
1
0
1
3
1
0
1
1
2
3
2
1
0
1
1
2
0
0
0
0
1
2
2
0
0
0
0
3
0
1
3
0
1
0
0
1
2
1
1
2
1
0
2
1
1
1
2
0
0
1
0
0
1
1
0
1
0
0
2
2
1
1
0
1
1
1
0
1
0
2
0
0
1
0
1
2
2
1
1
0
1
1
0
1
2
0
1
2
1
2
3
3
1
1
3
1
1
2
0
0
1
0
2
0
0
0
0
3
1
1
2
0
4
0
1
0
1
2
0
0
1
1
1
0
1
1
0
1
1
2
2
2
1
0
0
2
4
0
0
3
2
1
2
1
0
1
3
2
2
1
0
0
0
1
0
2
4
1
0
2
3
2
1
1
1
1
0
1
0
0
1
0
2
2
1
2
1
1
1
2
0
0
2
0
1
0
4
1
1
0
2
1
0
2
2
1
0
2
1
3
0
2
0
3
2
1
1
2
0
0
1
2
1
4
1
2
1
1
0
3
0
0
0
1
2
0
2
2
3
1
2
2
1
0
1
1
1
1
0
2
2
1
1
1
1
2
1
7
0
1
1
4
2
0
1
1
0
2
2
2
0
1
2
1
1
0
1
0
0
0
1
1
1
3
1
1
2
0
1
2
2
1
0
2
2
1
0
0
2
4
2
3
2
1
0
0
1
2
0
2
1
2
3
0
2
1
2
1
3
2
0
1
3
3
0
1
0
3
2
0
0
0
2
2
2
3
1
0
1
0
3
0
0
1
1
1
0
0
1
0
0
1
2
0
0
1
2
0
1
2
2
2
1
1
3
1
0
0
2
1
0
3
0
0
1
1
0
0
3
4
2
0
1
0
2
1
1
0
1
2
1
0
1
0
2
2
0
1
0
0
1
0
0
3
1
0
2
3
1
1
1
0
1
1
2
2
1
1
0
1
1
1
3
0
1
1
0
2
2
0
1
1
0
1
2
1
0
2
2
2
1
1
2
0
0
0
2
2
0
1
2
1
7
1
0
0
4
0
2
2
2
0
4
0
1
1
2
1
1
0
0
1
0
0
2
0
1
3
0
0
2
1
2
2
0
1
2
2
0
3
1
2
1
0
1
1
0
2
0
2
0
5
1
0
1
0
1
0
3
1
1
3
2
3
1
1
4
2
2
1
1
2
0
2
2
1
2
2
0
0
1
0
0
0
1
2
1
1
1
2
1
2
4
2
2
1
1
2
2
2
1
1
2
1
3
0
0
0
0
1
2
2
2
1
2
1
0
2
0
0
2
0
1
4
0
0
3
2
0
1
2
1
1
0
2
1
1
2
1
1
0
0
2
0
0
0
1
0
0
1
2
1
1
0
0
0
2
1
3
0
4
0
0
1
2
0
1
0
1
1
0
2
2
1
5
2
2
1
0
0
1
1
1
2
1
1
0
1
3
1
1
1
2
0
2
1
3
1
1
0
1
1
1
0
2
2
0
0
2
0
1
1
1
0
0
1
1
1
0
1
0
1
0
2
0
2
2
1
1
0
3
1
0
0
1
1
0
1
1
1
0
2
1
3
0
2
3
0
0
1
1
0
3
1
3
1
0
1
0
2
1
3
0
1
0
0
1
0
1
1
0
0
0
1
2
3
0
2
0
1
0
2
2
0
4
1
0
2
0
2
2
1
1
1
1
1
3
1
1
1
0
2
1
3
5
5
3
2
3
0
0
0
0
3
2
1
2
0
0
2
0
0
0
0
2
0
0
0
0
1
0
3
3
1
1
2
0
1
0
2
0
1
2
0
2
0
1
0
0
0
0
2
0
0
0
0
0
1
1
1
2
2
0
3
0
0
0
2
0
0
0
1
5
0
1
0
0
2
1
1
2
0
1
0
2
1
3
1
4
1
0
0
0
1
2
1
1
0
1
0
2
0
1
0
1
0
0
1
0
0
0
2
3
1
1
1
1
1
1
1
1
2
1
1
0
0
2
2
1
1
0
0
0
0
0
1
0
1
2
1
1
0
0
1
2
0
0
1
0
1
0
2
1
1
2
1
1
0
1
0
1
2
1
0
0
0
0
0
1
0
1
0
1
2
0
0
1
0
1
1
0
1
0
0
3
0
1
0
0
0
2
0
0
1
0
1
0
1
3
1
1
0
0
0
1
0
0
1
1
2
1
1
0
1
0
0
1
0
2
0
1
0
0
0
0
1
0
0
0
1
0
1
0
0
0
0
3
2
1
0
1
1
2
2
0
0
0
1
0
0
1
1
1
1
0
0
0
1
0
0
0
2
0
0
2
0
0
1
0
0
1
2
0
1
0
0
1
1
0
0
0
1
1
1
1
1
1
0
0
1
0
3
1
1
1
1
0
0
0
0
1
0
1
0
0
0
1
0
0
1
2
0
1
0
1
0
1
0
0
0
0
0
0
0
1
1
1
2
0
0
0
0
0
0
0
0
0
0
1
0
1
0
0
1
1
1
0
0
0
0
0
0
1
0
3
1
1
1
0
1
0
0
0
2
0
0
0
0
0
1
1
0
1
1
0
0
0
0
0
1
1
0
0
0
0
0
0
0
1
0
0
2
1
1
2
0
0
0
2
3
0
1
0
1
0
0
0
1
1
1
0
1
1
1
1
0
0
0
0
0
0
0
1
0
0
1
1
0
1
1
1
1
1
0
0
0
0
0
1
1
0
1
0
1
0
3
1
1
0
0
0
0
1
0
0
0
1
0
0
2
1
0
0
1
1
1
1
0
1
0
0
1
0
1
0
0
1
0
0
2
0
1
0
0
0
0
0
2
0
0
0
0
0
0
0
0
0
3
1
1
0
0
1
0
1
1
0
0
0
2
0
0
0
0
0
0
1
0
0
1
1
1
1
2
0
0
1
0
0
0
1
0
1
0
1
0
1
1
0
0
0
1
0
1
1
0
3
1
0
0
0
1
1
0
0
0
2
0
1
0
0
0
0
1
1
0
0
0
0
2
0
0
2
0
0
0
0
0
1
0
0
0
2
2
0
2
1
0
2
1
0
0
0
1
1
1
0
0
0
1
0
1
0
0
0
0
0
0
0
0
0
0
1
0
0
1
1
1
0
0
0
0
0
0
0
0
1
1
0
0
0
2
0
0
1
1
2
0
0
0
0
0
0
0
0
0
0
0
0
1
2
1
0
0
0
0
1
1
2
0
0
1
0
0
0
0
0
0
0
1
2
1
1
1
2
0
0
0
1
0
2
1
0
0
1
0
1
1
1
0
0
2
0
0
2
1
0
0
0
2
1
2
0
0
1
1
7
0
1
0
0
0
1
0
0
0
0
1
0
0
2
0
0
0
0
0
1
1
1
1
1
0
1
0
1
2
0
3
2
0
0
0
0
0
1
0
0
2
1
2
0
1
1
1
2
0
0
2
0
2
2
1
0
0
1
2
2
1
0
0
2
2
0
3
0
0
0
2
2
5
0
0
0
0
1
1
1
0
3
0
1
1
0
0
0
1
0
0
1
1
0
2
0
2
0
1
0
1
2
1
1
1
1
1
0
0
1
0
0
2
2
1
0
0
0
1
1
4
5
1
0
3
1
2
2
0
0
2
1
0
2
1
1
1
1
2
2
0
2
2
0
0
0
0
3
2
1
3
2
2
2
0
1
2
2
3
1
4
1
1
2
3
1
1
0
0
1
0
2
2
3
1
0
1
2
2
1
2
1
2
0
2
2
1
4
1
0
2
0
2
1
1
3
1
2
0
1
0
1
1
0
1
1
0
1
1
0
0
1
0
0
1
0
0
1
0
1
2
1
2
2
2
2
0
0
3
0
0
1
0
0
0
0
1
2
2
4
1
4
1
0
1
1
0
0
2
1
1
3
1
0
0
1
1
2
2
1
3
1
0
4
1
0
0
4
0
1
2
0
3
0
1
2
1
1
2
1
3
3
4
0
2
0
5
3
3
2
1
0
3
0
1
2
1
1
1
3
1
2
3
1
0
3
1
4
2
3
1
0
1
2
1
0
0
1
4
2
0
2
1
1
4
0
3
1
4
10
8
9
13
10
12
12
9
9
14
15
10
8
9
11
10
7
11
10
4
8
9
13
12
12
6
7
7
12
18
12
11
7
11
8
11
8
11
12
8
13
6
8
11
9
14
8
12
10
7
10
5
14
11
9
8
9
13
7
12
8
10
12
11
16
7
8
6
11
9
12
7
4
6
10
9
4
17
8
9
13
6
11
9
11
8
6
9
4
8
11
10
11
12
10
14
10
4
8
7
14
6
8
7
10
8
9
6
6
9
6
6
10
5
11
11
10
4
8
11
4
11
12
18
18
18
8
9
