0
0
0
0
0
0
0
0
0
0
0
0
0
0
0
0
0
0
0
0
0
0
0
0
0
0
0
0
0
0
0
0
0
0
0
0
0
0
0
0
0
2
1
0
1
1
2
6
3
2
8
4
2
6
5
5
5
10
3
9
6
6
7
8
17
10
14
18
21
18
19
24
21
21
19
30
37
39
55
51
48
55
66
80
78
116
114
119
133
151
204
184
188
222
284
291
319
336
385
397
488
532
608
587
705
841
935
1008
1105
1147
1169
984
655
299
185
150
156
155
178
198
223
217
231
270
286
276
338
342
326
370
393
346
421
405
422
451
441
461
418
421
349
318
263
227
195
206
196
207
212
255
305
279
299
353
357
355
356
381
396
390
351
376
325
281
253
231
238
239
249
270
258
354
354
345
354
381
357
344
338
324
307
259
256
227
264
296
309
312
328
362
356
345
317
353
327
289
261
251
267
286
304
315
282
315
351
335
342
360
351
309
325
266
285
278
260
269
277
308
309
322
342
351
318
326
302
313
303
276
255
301
325
307
337
340
318
330
321
292
337
348
326
316
257
312
291
308
307
336
313
322
324
352
329
322
320
299
355
282
299
279
306
302
303
304
300
314
321
322
313
302
332
342
303
284
314
312
321
344
309
269
293
341
320
301
327
317
321
287
299
330
295
336
358
342
338
347
334
341
302
325
333
334
311
333
323
344
365
334
339
323
309
304
293
320
315
332
344
313
326
324
285
293
308
360
298
330
325
335
282
331
331
342
318
306
325
321
321
313
332
331
344
338
332
296
316
335
303
314
309
328
303
311
318
314
302
330
345
323
322
326
317
319
313
349
320
333
336
300
317
354
348
319
333
329
329
342
335
326
317
303
377
321
336
363
343
297
318
310
318
359
319
326
287
335
326
326
321
304
306
357
351
335
331
368
323
331
325
318
328
362
345
345
337
326
318
320
337
322
358
277
324
335
357
342
325
301
332
285
358
331
331
330
333
314
373
353
306
313
331
321
317
329
364
339
330
320
364
328
294
339
310
360
327
346
340
349
333
326
334
316
340
367
335
312
355
328
340
387
350
320
330
368
357
342
319
307
344
359
313
341
305
314
316
341
320
330
344
310
359
344
308
324
366
336
319
314
352
339
347
325
342
307
358
340
374
317
368
339
346
322
330
339
323
330
322
356
329
316
335
319
315
308
368
327
353
362
347
350
334
311
363
296
325
344
323
325
304
325
350
344
319
345
313
315
359
316
338
322
325
350
335
366
327
337
307
328
342
347
350
340
364
338
330
347
356
333
348
325
358
344
308
332
346
340
338
323
351
362
344
323
313
340
330
337
333
348
341
305
302
331
318
327
315
370
336
312
346
348
329
314
329
350
346
346
317
340
337
323
328
328
341
326
323
325
338
346
348
346
331
322
344
325
332
327
333
322
313
337
357
338
334
339
327
320
330
307
324
335
346
337
285
359
311
360
337
325
322
335
311
315
320
326
334
362
316
310
326
322
357
353
313
318
316
327
331
296
345
352
349
304
287
307
356
295
315
330
336
346
346
323
302
348
340
324
302
355
326
299
324
344
308
317
330
314
347
332
308
301
319
336
329
330
300
327
339
354
351
305
306
318
328
309
327
302
316
331
323
315
293
325
343
322
302
312
288
294
352
343
325
286
319
348
312
310
323
311
300
305
318
336
318
321
326
295
328
311
314
331
332
348
285
316
277
320
338
350
312
315
319
353
368
308
346
311
329
342
317
332
338
340
351
293
318
314
359
354
324
354
388
354
346
388
327
350
363
358
393
383
358
387
381
355
355
360
375
347
372
394
352
344
376
338
372
363
384
347
368
295
328
339
344
350
319
354
301
361
352
351
369
341
370
350
323
366
335
329
339
343
352
361
330
345
350
297
355
341
339
353
362
334
337
323
339
309
320
348
348
291
324
384
343
340
335
349
329
357
358
329
348
358
346
339
317
319
337
355
316
329
297
306
335
350
351
362
322
357
340
346
357
343
329
356
316
331
338
337
304
347
326
291
337
340
337
341
316
350
334
330
322
372
363
352
338
340
322
306
334
293
348
343
355
337
347
326
316
329
309
330
361
367
304
379
374
323
352
318
293
368
314
354
330
302
294
348
350
323
367
344
348
347
310
328
324
337
311
360
326
333
333
305
349
352
343
329
336
306
341
347
326
326
326
308
325
326
290
353
306
348
347
345
309
317
342
339
337
333
325
333
322
333
329
324
347
326
339
337
333
336
330
314
333
325
361
336
363
342
359
330
367
338
376
304
355
360
373
365
338
328
336
348
330
354
359
312
358
341
320
325
324
370
334
326
323
355
340
335
305
336
321
349
380
333
319
331
327
349
333
331
336
328
292
317
365
327
315
348
319
327
299
337
325
333
323
329
303
295
313
324
325
314
303
317
324
315
329
351
334
282
327
316
326
327
295
285
310
313
343
300
304
342
285
330
346
343
323
308
290
310
358
321
336
316
349
324
327
335
335
311
342
329
302
311
307
332
339
337
331
321
315
282
311
305
344
325
323
295
320
293
331
322
357
304
326
309
327
324
326
321
359
329
375
351
338
363
347
357
310
332
318
325
319
311
309
331
321
327
343
343
297
334
334
326
304
289
337
332
304
325
305
303
326
329
316
299
309
312
299
311
317
314
318
323
332
310
318
325
307
330
307
296
292
294
295
330
317
300
327
301
307
311
330
317
312
307
302
331
334
307
317
327
304
322
328
331
318
302
334
293
283
310
321
320
308
314
286
313
312
285
302
328
278
302
291
318
297
330
311
298
322
324
276
311
334
309
332
344
274
298
301
327
275
331
314
303
272
305
299
317
324
310
289
318
312
311
326
329
309
317
313
323
308
311
314
294
328
304
266
320
295
322
306
298
302
335
307
325
355
287
325
328
314
340
286
316
345
277
312
285
321
315
308
286
345
277
294
337
309
290
340
319
283
318
306
326
290
290
306
311
298
328
289
322
303
335
317
315
312
344
280
317
323
316
334
336
288
316
323
321
328
324
339
305
326
300
320
297
294
285
307
330
328
288
296
306
296
296
325
321
284
327
358
328
297
316
329
316
341
295
314
284
320
296
322
319
341
312
307
325
322
326
298
332
294
295
303
289
315
297
317
304
336
315
309
324
297
295
306
308
352
349
303
331
329
312
297
306
311
313
314
335
331
311
333
338
300
340
347
304
330
320
330
312
301
313
317
318
351
358
332
361
326
349
356
317
325
364
304
346
320
329
339
331
317
343
293
316
331
347
314
311
345
326
323
345
339
335
321
350
332
320
333
318
330
344
325
350
323
319
329
348
339
348
301
344
307
341
334
328
360
367
333
351
346
340
371
347
335
327
332
347
360
358
315
330
315
344
353
326
307
383
332
377
352
345
316
330
317
350
327
335
356
356
335
370
341
332
315
354
314
322
328
332
336
352
345
336
313
334
356
363
337
347
343
334
400
335
349
362
333
320
373
342
363
365
358
339
343
359
360
338
338
347
396
338
414
365
328
354
350
357
385
325
346
382
377
375
352
368
378
331
393
353
368
346
337
324
370
373
393
359
388
364
358
410
364
384
382
363
329
332
374
347
355
378
364
358
368
341
390
364
362
378
348
379
381
341
325
335
372
340
322
360
334
356
323
322
353
364
377
384
386
380
350
362
350
352
349
337
350
396
363
371
341
381
347
360
315
352
368
328
331
333
362
353
366
392
349
320
357
362
345
340
301
359
325
353
322
325
305
311
306
329
303
299
317
308
310
288
267
268
311
290
282
255
283
266
253
254
271
264
254
228
252
290
268
249
264
262
231
243
242
243
228
211
240
239
216
219
250
246
236
244
225
210
217
203
205
211
202
212
218
221
219
227
233
223
221
220
250
236
226
251
258
225
239
227
209
206
213
195
188
200
169
188
182
213
200
202
226
226
202
197
214
200
196
210
204
197
217
233
193
205
181
193
201
199
198
180
184
217
183
186
210
169
196
183
176
180
185
178
153
163
193
198
199
179
177
171
175
179
187
190
182
177
162
185
167
150
185
186
190
179
199
169
172
175
167
162
176
184
183
163
150
192
164
177
153
164
158
163
143
156
181
139
160
167
175
161
178
175
194
141
146
178
163
142
199
155
172
162
134
172
143
183
156
156
161
152
146
170
146
187
195
173
163
170
181
122
147
154
154
168
159
156
161
164
149
151
158
143
147
160
165
143
139
159
147
132
154
130
158
160
139
149
135
141
157
136
138
129
145
145
144
138
143
136
148
157
144
135
151
137
152
141
141
153
140
133
141
161
170
115
124
132
156
159
126
138
150
133
144
128
127
118
141
136
139
138
130
133
138
117
135
119
132
132
131
141
121
122
119
125
134
118
131
137
133
141
132
122
137
137
136
118
165
108
131
131
122
128
103
109
113
116
139
125
126
130
101
142
125
119
119
138
99
128
112
141
144
140
113
112
115
127
114
129
96
113
110
117
124
121
112
107
114
119
123
122
101
107
106
105
97
114
120
105
109
108
113
118
97
110
94
100
111
111
121
112
104
108
107
109
106
109
101
98
119
91
92
114
102
104
103
114
104
101
88
86
87
98
97
122
90
92
117
105
109
103
115
114
106
118
93
108
84
99
106
121
99
92
95
106
114
113
99
100
105
120
115
98
116
108
90
108
126
110
91
97
107
88
87
100
109
101
82
102
87
108
76
76
122
92
93
74
99
92
97
90
112
91
97
107
108
97
100
96
96
94
109
80
96
101
111
83
92
104
98
91
117
83
113
95
88
92
108
97
117
75
91
95
94
94
101
84
93
114
98
105
89
84
91
118
112
97
92
118
102
89
101
81
107
107
98
103
82
80
110
101
89
86
102
101
101
97
94
86
98
103
105
82
101
84
87
92
108
113
95
85
94
89
95
86
109
92
106
83
97
94
85
91
92
105
101
85
103
100
115
87
79
91
105
95
94
103
101
93
96
84
102
102
87
92
89
102
106
88
98
107
78
86
97
108
93
91
105
88
84
118
90
84
85
93
94
93
93
85
93
89
88
101
100
99
84
85
88
98
87
101
100
104
110
84
101
80
95
89
72
100
99
81
94
71
102
103
95
87
87
106
110
96
93
90
93
89
81
89
89
87
93
89
82
97
90
84
93
88
81
81
87
99
96
91
107
93
75
92
89
113
77
106
87
88
96
90
87
94
73
99
100
82
91
89
94
94
86
85
73
84
104
85
87
78
90
109
89
84
88
97
82
95
86
82
74
93
95
108
86
104
83
84
79
92
67
79
94
101
90
98
90
100
107
87
73
80
97
86
98
97
82
83
96
75
76
88
100
98
104
92
97
78
89
80
81
74
79
109
88
81
79
88
98
91
97
86
104
85
69
105
83
81
84
102
99
91
96
95
81
92
77
90
77
91
64
87
87
85
85
92
86
89
79
77
77
87
83
84
103
78
89
78
95
92
76
83
79
89
94
65
76
88
92
89
91
84
89
96
87
97
92
84
95
81
91
88
94
99
104
96
93
94
106
92
100
87
95
75
92
106
86
102
102
89
102
103
99
95
87
121
90
93
90
102
113
104
102
108
101
97
91
107
103
111
101
97
120
99
98
97
116
100
127
90
111
108
133
123
135
112
131
92
145
146
150
152
165
164
146
156
160
177
160
184
214
184
210
212
218
217
237
278
298
373
419
501
553
726
955
1211
1494
2012
2408
3033
3805
4599
5550
6397
7211
7901
8882
9295
9546
9604
9261
8912
8119
7557
6504
5807
4822
3930
3181
2499
2100
1582
1263
981
700
556
445
324
275
198
155
137
125
93
68
94
82
68
59
47
48
54
54
60
61
55
47
55
42
41
52
56
56
55
51
46
35
52
54
44
53
61
54
38
41
50
44
46
34
52
64
38
42
47
47
63
42
47
37
42
46
47
49
50
52
54
39
49
41
37
40
31
41
54
46
49
35
47
26
52
49
59
33
41
47
35
48
45
40
43
49
39
50
43
43
46
45
33
33
58
48
29
49
55
42
43
42
35
52
52
41
33
46
39
35
47
44
48
41
44
55
51
47
49
42
42
47
39
44
47
40
44
54
30
37
42
32
52
55
40
46
37
39
49
42
40
41
42
45
49
36
45
41
36
44
45
37
56
38
47
45
49
47
50
37
43
30
36
40
34
50
49
50
34
38
48
49
52
45
45
40
36
45
36
40
40
40
41
43
39
43
43
40
34
39
38
40
29
40
35
44
32
39
43
51
33
28
46
42
47
55
46
31
46
31
31
49
43
33
47
40
41
50
54
45
40
34
32
33
39
44
38
44
45
37
47
44
37
40
36
38
42
44
40
40
41
33
37
44
36
40
38
40
47
38
50
26
34
42
28
44
40
38
26
45
35
31
47
36
39
54
47
44
36
45
37
53
35
41
45
33
44
46
51
44
38
55
39
45
33
45
42
30
38
42
35
45
38
45
52
33
43
38
33
32
45
45
40
39
52
40
37
27
39
39
40
41
40
49
47
40
43
35
35
45
47
37
41
33
43
44
32
40
42
54
50
44
40
36
49
40
36
37
49
31
47
36
34
37
48
38
43
47
49
51
47
64
73
72
54
54
60
53
34
40
48
44
45
56
40
44
43
40
39
44
44
46
39
40
34
34
38
32
42
36
41
42
54
31
25
42
44
42
47
38
42
35
41
36
39
39
48
39
40
38
48
36
35
37
33
45
48
39
34
38
43
46
40
34
46
41
34
31
40
32
44
41
38
46
46
32
36
43
42
37
42
34
39
42
43
40
50
52
42
40
48
47
46
38
44
47
36
42
37
42
41
31
46
45
41
39
35
46
40
31
41
37
40
41
37
33
49
26
38
45
47
38
28
54
42
46
45
44
51
53
43
45
58
57
68
70
65
69
69
45
54
52
47
50
50
43
47
27
37
40
43
35
39
44
28
34
42
40
41
41
49
37
45
38
35
45
44
43
42
43
38
43
48
45
39
45
45
47
51
32
35
41
28
37
46
29
44
38
47
50
33
59
47
44
47
39
40
36
42
37
33
41
48
31
38
38
36
45
49
45
39
49
51
33
49
39
47
43
40
42
42
38
50
45
37
46
41
43
44
34
38
42
43
45
38
35
46
33
36
45
22
35
37
40
38
43
39
41
46
42
37
38
39
45
44
48
35
42
44
35
40
39
52
43
39
45
42
50
33
37
45
40
44
26
38
43
36
41
48
41
33
49
48
59
35
52
47
44
36
47
34
43
36
48
41
44
39
31
35
43
32
25
32
38
42
49
39
31
48
36
38
47
45
42
30
29
44
36
39
42
37
29
37
37
35
45
42
41
41
36
39
48
45
38
54
33
35
40
46
45
43
45
27
50
37
37
36
46
55
34
41
27
32
41
43
39
37
49
41
42
34
36
41
44
38
55
40
37
39
41
50
29
47
46
47
35
35
45
32
41
37
41
39
33
33
53
42
37
45
38
55
32
51
34
42
41
47
47
30
48
38
36
37
49
24
39
35
29
28
47
33
30
50
50
53
42
34
26
49
40
44
43
37
55
30
44
27
39
40
49
30
39
40
39
40
37
42
38
35
37
50
33
41
42
48
40
49
26
48
41
32
51
39
30
29
38
31
54
51
50
39
44
33
44
31
41
46
39
40
38
44
48
57
42
36
39
43
32
40
55
36
33
37
39
42
28
48
42
46
32
42
45
41
30
42
50
38
35
34
35
29
59
48
40
50
28
34
45
40
36
40
36
49
36
43
33
38
28
48
57
36
39
41
47
46
45
32
38
36
34
44
42
46
44
35
51
45
53
40
39
47
38
34
42
46
30
36
35
39
42
46
39
43
34
37
34
46
43
38
46
49
31
34
41
32
41
36
37
51
40
28
30
34
38
35
44
42
52
34
33
38
36
38
45
38
45
36
29
50
45
56
37
33
38
39
39
34
40
47
55
32
43
36
41
47
41
37
48
33
32
45
32
41
34
28
38
30
45
40
46
41
44
38
34
35
28
38
39
38
35
37
45
41
41
34
51
48
44
36
45
37
40
38
48
29
45
35
48
38
44
46
25
39
40
32
51
46
40
41
52
44
36
40
39
32
49
37
35
33
46
39
37
49
39
44
33
53
43
42
40
51
43
32
48
33
49
30
43
41
39
56
44
46
48
41
44
37
32
43
42
43
54
37
28
42
38
40
38
37
36
32
36
36
37
42
33
41
32
31
39
33
36
42
36
32
45
31
30
38
41
41
40
44
44
41
38
46
44
42
46
46
40
41
55
46
43
44
42
52
46
38
37
32
43
41
44
51
40
33
33
49
34
42
30
28
40
35
41
47
42
41
49
50
40
38
41
55
42
49
47
46
42
33
42
42
42
50
39
47
49
45
44
56
29
37
45
36
39
49
42
45
38
44
28
48
43
39
40
45
42
44
43
48
41
34
35
49
43
44
34
36
45
35
38
37
45
38
53
44
35
44
42
39
37
38
56
47
47
32
41
50
46
32
35
49
46
35
51
52
50
35
37
38
42
44
41
46
52
37
48
39
40
44
33
37
41
36
36
49
38
36
45
38
38
48
41
43
42
44
49
45
42
44
41
46
33
43
47
30
40
41
36
28
30
38
45
43
55
41
34
40
39
51
37
39
37
42
50
44
46
47
39
37
53
55
46
44
38
51
48
43
42
39
47
55
46
46
34
50
38
37
36
43
44
38
34
39
43
37
45
42
42
43
39
41
30
39
41
43
48
45
41
40
42
42
45
32
52
45
49
33
36
42
32
43
49
53
41
53
46
43
41
54
53
50
38
51
58
36
39
49
40
40
38
42
47
39
41
43
43
43
34
39
41
47
45
42
50
40
57
48
41
44
51
49
47
38
54
29
46
40
35
38
29
42
54
42
44
52
36
48
43
43
38
42
36
43
51
45
33
39
44
47
41
44
52
44
46
45
41
55
44
49
45
34
39
43
40
47
36
40
42
40
34
46
50
43
43
54
32
34
48
35
45
36
44
51
48
33
37
41
43
44
38
40
45
40
40
42
54
44
46
52
38
42
50
37
35
43
47
52
42
40
43
52
56
45
54
37
44
53
44
42
38
42
53
41
45
41
49
43
55
35
44
51
46
32
46
54
47
55
35
44
37
31
42
40
48
40
48
33
55
56
34
46
46
44
41
46
46
43
42
45
51
41
46
41
36
44
58
45
37
51
47
41
64
46
47
44
43
38
39
36
46
50
52
48
45
39
42
34
47
40
49
52
55
45
41
53
70
40
32
39
44
48
30
47
43
44
54
44
50
59
52
36
43
39
40
49
48
47
37
32
59
42
33
50
36
59
42
56
38
39
41
41
42
53
48
39
39
49
46
41
28
46
39
44
50
45
43
43
40
41
55
45
45
47
39
49
48
30
48
53
43
44
39
56
37
34
45
39
50
36
36
45
45
45
43
42
49
33
35
54
48
50
46
46
49
46
41
37
42
32
54
42
49
43
50
55
43
43
35
40
44
54
43
47
43
45
42
44
31
38
42
51
41
50
44
49
48
46
52
51
44
50
45
40
37
46
49
51
32
46
49
49
41
34
48
45
35
38
50
36
33
46
49
38
49
59
46
37
56
45
54
31
50
40
49
55
52
44
31
52
46
46
44
42
37
44
53
56
38
57
47
32
42
42
50
40
48
58
43
50
48
37
52
53
58
46
50
40
48
38
50
51
46
40
39
45
44
53
48
50
39
53
51
46
53
46
36
55
44
56
44
42
32
46
40
46
47
56
38
43
45
43
44
52
53
36
50
49
46
47
63
47
51
40
39
51
40
47
34
43
52
42
51
50
51
51
39
48
50
51
42
44
50
52
46
38
39
45
50
40
48
43
38
40
43
43
50
43
29
44
43
48
48
53
39
51
47
35
48
50
42
41
36
44
53
41
45
44
39
49
59
48
51
55
32
45
42
61
62
45
40
42
49
61
39
43
43
47
42
57
46
47
56
51
43
50
37
55
49
46
28
45
44
46
46
48
42
55
54
55
34
37
41
56
46
39
51
46
39
60
53
54
51
53
47
61
46
36
41
52
52
56
52
58
56
41
43
42
53
36
39
46
51
49
40
44
46
62
43
55
47
56
57
54
51
43
46
46
57
45
48
48
37
34
64
60
46
43
63
47
50
58
51
53
51
59
44
42
58
52
56
54
56
54
54
63
41
48
60
39
43
66
57
62
48
43
49
51
47
43
55
58
59
49
41
56
40
51
35
54
45
51
53
51
53
54
35
52
63
48
50
50
52
49
52
47
64
44
54
51
36
56
41
43
60
58
55
53
47
48
47
50
69
49
53
39
38
51
42
38
45
47
45
58
37
44
43
49
57
52
38
58
45
48
40
56
52
53
65
57
61
61
69
64
53
59
67
57
54
45
52
59
58
51
43
43
42
42
55
54
59
45
65
61
50
57
60
47
53
52
53
42
47
54
61
51
48
60
48
45
55
54
55
46
47
55
46
64
56
48
52
63
53
41
46
56
52
57
60
46
49
52
60
54
49
54
53
52
47
60
55
61
47
50
57
58
50
66
61
56
59
60
47
60
44
58
65
49
52
59
50
56
44
57
40
75
51
53
50
52
51
53
65
45
42
63
55
56
43
47
50
41
49
63
55
56
52
50
51
46
54
54
63
55
51
42
56
47
55
58
60
58
65
53
57
68
61
58
50
52
50
51
52
62
69
57
50
53
48
50
63
54
63
46
52
64
58
50
58
59
47
45
59
50
44
45
49
59
55
65
47
61
54
50
54
61
55
58
50
63
44
54
43
66
54
49
54
55
67
53
59
71
51
50
56
63
61
56
54
56
55
47
80
57
55
54
53
49
51
59
50
57
52
63
53
51
59
64
65
55
59
55
43
60
55
57
67
71
48
47
61
51
63
67
60
63
70
55
60
55
47
59
50
70
37
49
55
69
54
61
42
56
66
67
53
76
57
53
67
59
51
53
66
56
70
62
63
58
76
70
45
66
62
73
63
51
56
61
56
54
63
57
66
64
66
51
59
76
61
68
73
70
72
71
67
70
63
77
61
75
50
72
50
52
77
58
54
56
57
54
60
52
67
56
68
62
59
59
60
67
67
57
60
43
68
48
54
52
65
59
74
48
61
68
62
54
60
77
54
75
67
45
79
63
67
69
64
72
70
70
63
64
70
61
72
58
55
74
71
56
65
46
54
53
64
57
67
71
75
66
65
55
58
46
53
79
77
61
60
71
63
67
53
77
69
57
57
72
60
76
55
60
55
72
57
67
67
78
62
57
62
64
67
67
61
77
73
55
69
64
55
60
71
67
63
61
55
59
53
64
63
68
72
68
62
68
74
66
74
59
63
78
77
69
62
77
74
70
71
73
68
73
61
66
73
49
78
64
58
70
54
61
60
71
56
73
80
52
63
83
87
67
93
75
49
74
86
69
70
68
69
64
65
75
63
72
63
80
76
69
65
71
85
71
72
70
62
70
62
73
82
66
74
78
69
63
77
82
62
70
53
70
78
68
81
78
62
78
74
68
57
71
77
84
78
84
76
61
72
62
77
77
80
75
83
75
68
67
61
73
82
88
70
74
70
49
65
79
74
73
66
77
76
74
79
78
76
62
64
74
75
71
79
72
87
79
68
81
70
64
81
92
81
72
71
84
60
75
61
72
85
77
70
82
72
85
76
62
71
71
63
75
80
70
81
77
70
65
73
56
73
70
70
71
71
62
69
88
66
82
57
71
63
86
88
93
78
92
68
76
91
79
72
66
70
78
61
71
81
72
96
94
85
79
67
72
81
64
65
97
84
66
74
73
85
78
76
79
90
80
78
76
84
81
82
70
68
63
69
78
84
77
78
76
83
64
73
98
83
87
77
90
73
55
80
84
69
89
103
77
81
93
99
85
81
79
80
76
73
82
75
75
81
86
87
74
81
80
78
95
81
69
78
78
91
83
71
88
85
71
71
84
79
91
82
71
71
88
80
80
73
87
68
72
88
75
74
89
81
79
82
92
71
73
68
82
76
67
78
83
95
77
78
73
60
66
71
71
80
79
77
86
75
79
83
75
72
72
58
77
77
72
73
60
75
81
73
75
73
79
73
66
71
73
60
65
64
70
76
65
55
71
53
63
54
54
63
58
63
69
65
64
47
60
55
61
43
45
46
62
65
62
62
39
52
59
53
51
57
40
47
55
60
53
55
44
52
51
56
53
48
47
45
46
37
53
49
58
41
54
40
47
41
51
49
54
56
42
46
57
50
49
40
52
57
37
44
52
46
45
47
48
44
49
57
37
37
51
37
36
51
60
43
52
41
37
34
56
40
51
38
41
44
45
44
38
39
34
57
38
49
44
43
38
35
38
45
40
46
51
43
47
48
39
40
44
47
46
41
46
56
43
45
35
54
33
34
36
40
34
40
43
39
28
36
39
48
54
40
43
46
51
56
47
34
43
47
32
40
39
40
30
38
31
48
41
43
42
47
37
37
36
38
57
37
47
48
41
40
36
40
43
42
39
46
38
38
39
39
39
32
42
45
35
46
56
40
37
38
46
50
36
36
43
49
45
35
38
40
38
39
49
44
37
38
33
45
41
45
28
36
38
40
35
35
40
39
40
45
27
31
39
40
28
41
34
31
33
39
34
38
40
42
39
37
22
41
28
47
41
34
31
35
33
29
52
35
35
39
44
34
48
38
39
27
42
38
36
41
32
37
34
40
26
33
34
33
31
41
32
41
34
33
21
31
32
33
37
27
32
38
38
51
49
27
37
28
28
34
17
26
35
37
32
46
46
46
51
40
34
32
37
24
37
31
40
27
26
35
32
31
28
38
34
32
35
33
40
29
28
23
39
33
25
26
44
38
31
27
37
33
36
23
21
33
28
42
23
38
38
36
23
37
38
32
23
32
29
17
27
32
29
30
17
37
32
39
26
26
28
27
32
27
31
30
24
33
42
31
33
16
27
25
27
30
22
23
25
27
31
23
16
26
29
28
24
26
32
23
22
18
23
33
25
25
24
35
26
31
23
26
40
24
27
28
27
43
24
23
20
27
23
28
15
28
20
36
25
25
18
32
29
32
25
37
21
22
25
30
28
27
25
20
34
24
23
32
27
15
19
25
24
16
21
19
18
18
32
21
24
32
17
22
19
30
32
31
24
26
20
26
23
22
18
25
22
19
24
22
17
28
24
18
21
20
25
29
23
27
21
24
20
18
24
25
22
20
22
13
15
17
23
18
12
24
21
37
20
17
13
16
24
13
23
20
14
15
18
14
15
25
14
16
11
18
31
17
26
14
16
22
20
25
22
26
32
11
15
19
16
18
13
18
14
19
23
15
17
15
18
17
17
25
15
19
14
14
17
12
20
19
27
18
21
24
18
11
16
21
9
19
25
13
13
22
17
19
23
12
13
16
12
19
11
19
15
17
18
16
19
8
17
24
16
13
16
12
12
7
15
19
19
15
18
16
14
16
11
15
16
13
10
15
18
15
19
14
12
14
17
17
14
10
14
15
12
23
11
17
14
13
10
12
13
15
15
10
13
10
19
18
11
8
23
11
14
10
15
11
6
9
15
10
14
20
11
13
15
23
17
15
15
12
17
15
17
17
10
21
12
9
13
17
12
12
12
14
7
16
14
20
14
12
8
17
12
16
11
10
19
10
11
6
12
14
7
11
9
11
12
11
14
10
18
10
11
11
13
15
5
7
15
16
8
9
8
12
6
5
14
17
14
16
14
18
12
13
16
16
20
12
14
12
20
13
10
22
10
5
12
20
18
15
12
14
16
8
14
13
12
11
12
8
15
19
14
8
13
11
12
10
7
7
14
19
14
10
8
8
14
16
12
7
14
14
11
12
15
6
11
10
10
6
15
13
12
5
15
10
11
16
14
11
13
12
17
8
13
9
8
15
11
14
13
15
11
14
19
14
12
12
7
12
12
12
16
13
15
5
4
13
12
13
18
14
11
11
8
6
16
9
10
16
17
11
15
12
8
11
11
17
6
18
7
13
15
14
13
10
14
17
14
14
17
8
13
10
9
7
15
14
16
12
16
10
9
8
7
11
8
12
11
8
12
10
11
7
2
10
12
10
13
8
9
6
6
9
9
9
13
10
10
18
17
18
16
20
11
16
11
15
10
9
12
7
9
12
10
17
10
6
13
8
11
11
10
10
11
8
11
10
7
14
16
14
12
15
8
8
5
11
11
14
14
10
7
11
9
13
11
8
11
16
6
8
9
3
10
8
8
15
10
15
17
8
9
13
10
9
8
12
3
15
11
13
10
12
10
10
10
8
13
8
10
12
11
8
6
12
9
11
16
12
16
10
16
13
16
13
13
9
10
20
20
13
14
16
13
16
13
15
9
8
9
12
11
11
13
15
13
10
12
16
11
9
18
9
19
10
6
15
11
11
14
19
16
16
13
22
17
25
11
11
19
21
13
11
18
13
12
16
19
20
18
19
27
27
16
15
20
19
31
23
26
22
24
24
34
36
33
39
28
35
37
30
37
45
41
45
34
60
53
42
60
52
68
92
131
148
266
420
575
901
1305
1735
2247
2739
3139
3401
3461
3435
3137
2755
2215
1748
1308
942
661
413
323
195
149
105
56
51
35
29
12
14
16
19
8
9
8
6
7
5
6
7
5
6
5
5
10
3
8
7
6
10
5
4
5
3
5
7
4
5
6
5
4
2
4
6
8
7
5
4
2
4
6
10
4
4
4
3
4
4
5
1
4
3
5
5
4
3
7
3
4
3
8
4
3
2
0
3
2
4
4
3
6
3
3
4
4
3
4
6
7
5
6
4
5
3
3
4
4
2
2
5
1
2
4
2
7
9
4
5
4
3
3
5
5
1
3
5
3
4
1
6
3
2
3
1
1
6
9
6
3
4
4
7
5
1
3
3
7
1
4
3
6
3
8
2
1
3
2
4
5
5
6
0
2
4
4
3
2
0
7
4
2
4
7
6
3
2
4
7
4
5
6
2
5
3
2
2
4
9
4
3
4
5
0
7
5
4
2
8
5
5
4
3
0
1
4
4
1
8
4
2
5
3
5
2
6
5
5
4
6
5
2
4
4
5
1
5
4
7
1
1
5
7
0
5
4
0
8
8
2
4
2
4
6
4
13
0
4
3
6
5
2
4
6
2
5
3
6
2
7
5
5
5
3
2
4
4
4
7
6
2
4
1
4
6
5
2
4
5
3
1
2
4
4
7
2
4
5
1
3
5
5
2
5
6
4
5
3
6
6
2
5
6
8
2
10
3
0
6
7
3
1
2
6
1
4
3
3
1
4
4
5
5
4
3
2
3
5
1
2
3
6
3
4
4
3
4
1
2
3
3
2
2
5
3
3
6
3
1
5
2
4
0
1
2
4
4
3
1
6
4
6
6
5
3
5
3
2
2
1
5
3
0
4
4
5
2
5
3
6
2
7
3
3
5
2
5
5
4
8
4
6
3
2
1
2
1
0
3
7
3
2
7
1
1
6
2
2
3
0
4
3
4
5
3
5
2
7
3
6
5
3
3
1
3
4
2
5
2
2
4
1
4
5
5
3
4
2
3
0
3
7
6
1
3
5
5
4
3
3
2
2
3
1
3
4
3
2
3
3
2
3
4
3
1
1
2
1
5
6
3
3
6
4
1
3
4
3
3
4
0
6
5
3
3
2
3
5
4
3
7
1
3
6
4
4
2
2
4
1
5
2
3
5
3
5
4
2
1
4
4
2
5
3
6
1
3
3
3
1
1
2
3
10
4
4
3
0
1
5
6
2
10
3
5
3
3
3
1
1
2
2
2
3
2
4
3
5
0
2
9
3
3
5
5
6
1
1
0
1
3
1
6
2
3
2
0
3
1
2
4
6
5
4
2
0
1
3
6
2
2
6
0
2
3
1
2
5
5
3
4
4
1
4
3
2
2
7
1
2
4
5
4
1
1
0
1
0
3
1
3
3
5
1
1
7
0
1
3
2
3
3
4
3
1
5
2
1
3
0
3
2
1
5
3
6
4
4
3
1
2
3
4
3
6
3
3
2
4
5
2
5
1
2
1
4
1
3
2
3
2
6
1
2
3
4
2
4
1
3
5
4
1
5
1
3
1
3
6
2
3
3
4
5
0
3
0
2
1
2
1
5
2
4
3
2
2
5
1
3
4
4
2
6
6
2
5
2
2
1
2
2
2
1
2
1
5
0
2
4
2
1
5
2
6
2
6
4
1
2
3
4
6
4
3
2
1
2
3
5
2
3
1
2
4
2
4
3
1
4
4
2
1
3
3
1
3
3
1
5
1
1
1
2
4
1
4
2
3
2
3
2
0
4
5
3
4
5
4
2
5
0
4
3
2
5
5
4
2
3
3
2
3
3
0
2
1
1
3
0
3
2
2
0
4
5
1
1
2
0
0
4
1
1
0
4
4
3
4
3
4
6
4
2
3
3
2
4
5
3
3
1
2
1
8
1
4
3
2
2
1
4
3
2
5
1
4
3
4
1
3
2
2
3
2
2
2
5
1
6
1
4
3
1
4
4
3
3
3
1
4
3
5
4
2
2
3
5
3
4
3
1
1
3
6
3
2
5
6
3
4
2
1
4
3
0
2
7
2
4
3
2
5
1
3
3
3
2
6
1
4
2
4
2
4
6
2
1
2
3
5
1
2
7
5
3
4
2
1
3
3
2
5
0
4
11
9
9
11
15
28
35
35
56
47
62
55
72
55
50
38
55
26
16
14
8
15
10
5
5
3
7
4
1
1
2
2
1
2
1
2
1
3
4
0
4
3
2
2
1
0
5
1
1
1
3
1
2
3
5
2
2
3
2
1
3
3
2
4
3
2
2
3
0
5
1
1
1
1
4
0
2
3
1
2
3
2
2
0
2
3
4
4
2
4
1
2
2
1
2
0
4
1
2
6
2
2
1
1
3
3
3
2
1
1
3
4
0
3
3
2
2
0
3
2
3
1
1
0
4
3
2
1
1
3
2
1
3
3
2
2
3
1
1
4
4
3
2
1
3
1
3
2
5
4
1
3
3
2
2
0
1
0
0
4
1
0
2
3
1
4
2
2
1
2
2
1
1
1
3
3
8
1
2
6
5
2
1
1
4
4
1
2
3
1
3
2
2
2
5
3
0
2
1
3
4
1
3
3
2
1
4
5
2
1
2
2
3
3
0
1
3
3
2
4
2
2
2
1
2
1
0
3
2
4
2
0
1
3
1
1
1
2
2
2
3
1
2
2
0
7
0
1
6
1
0
0
6
1
4
6
1
6
1
0
3
2
1
1
3
0
2
0
1
3
4
2
5
1
3
2
1
4
2
2
5
4
1
1
1
0
3
2
3
3
2
2
0
0
1
0
1
1
4
1
4
0
3
0
1
4
1
4
1
1
1
3
2
3
2
1
0
1
2
0
1
2
3
4
1
1
3
3
0
1
2
2
0
4
1
3
2
3
4
1
1
4
1
2
4
1
1
1
0
4
2
1
3
4
2
5
5
1
4
3
3
1
3
2
3
2
1
3
3
1
1
5
3
0
1
1
1
3
0
5
4
3
1
2
4
1
3
3
0
2
4
2
2
1
0
2
2
4
6
2
1
0
4
2
4
2
3
3
2
2
2
0
2
2
1
1
2
2
2
4
2
2
3
1
2
2
4
2
1
2
2
3
3
1
1
0
3
1
2
3
3
5
3
1
1
1
3
4
3
3
1
0
2
1
1
1
2
1
3
1
2
1
4
2
1
0
2
3
6
1
1
0
0
2
2
0
1
6
4
0
1
2
4
2
1
2
4
2
5
2
1
3
1
1
1
0
1
1
4
4
3
4
2
2
3
7
1
1
2
3
4
4
1
3
3
3
2
0
3
0
1
1
4
0
4
1
5
3
1
1
4
3
1
3
0
2
1
3
1
0
4
1
2
4
2
3
2
1
2
4
0
1
4
2
1
3
1
4
3
3
1
1
2
1
3
0
0
0
2
3
3
1
2
2
1
0
2
2
4
1
3
1
1
0
6
3
4
0
1
1
1
2
6
1
3
1
3
2
3
2
1
1
4
0
0
2
1
1
1
3
0
1
3
2
4
2
2
3
2
2
4
3
5
2
2
3
3
1
5
1
1
2
1
2
2
4
3
1
1
2
3
1
2
2
0
1
4
0
4
4
4
3
2
6
2
4
3
3
4
4
2
2
4
1
1
1
1
1
1
3
1
2
2
6
2
4
0
1
1
4
3
3
4
4
0
1
1
1
2
3
3
3
3
2
0
3
0
2
0
1
1
1
1
0
2
0
4
2
1
2
4
0
1
0
0
2
1
1
3
1
1
21
22
16
26
28
28
20
16
20
27
23
22
21
18
17
27
23
28
17
30
21
26
17
19
16
25
21
23
13
28
28
22
21
26
22
22
16
30
21
21
20
20
27
18
16
20
22
21
14
22
30
26
31
24
19
24
29
28
23
24
29
24
24
19
21
18
21
20
26
28
38
16
33
15
27
26
25
18
20
21
18
27
21
13
22
15
29
24
12
25
17
26
23
19
21
24
24
24
19
26
23
9
15
24
25
23
17
16
15
17
14
20
22
17
19
20
20
21
20
22
15
12
12
24
19
17
26
9
