516
466
398
366
303
282
250
235
209
198
178
174
160
155
139
128
122
142
121
105
93
106
107
103
117
97
108
98
97
111
97
73
92
92
94
82
93
78
88
79
75
79
103
86
73
84
81
97
81
98
90
75
77
89
92
98
95
76
63
81
85
97
65
80
69
73
70
76
64
65
83
80
64
84
66
66
71
79
70
80
80
77
71
83
70
68
70
82
63
76
88
68
88
81
87
65
69
72
74
64
75
77
61
63
82
62
94
66
67
64
75
68
55
60
83
66
68
83
76
62
77
59
68
67
85
73
73
75
83
78
69
72
53
68
75
58
72
56
69
74
62
56
71
71
69
68
69
91
62
88
65
71
71
65
74
71
87
74
65
81
69
64
65
57
67
61
56
50
76
61
63
72
65
73
70
65
61
68
63
55
67
68
54
64
73
56
68
71
52
61
78
63
57
59
62
61
74
66
66
64
64
88
70
67
64
55
69
77
55
55
63
68
71
61
58
63
68
48
76
53
50
60
75
55
70
60
78
57
52
75
63
61
65
72
60
56
66
59
63
64
65
59
53
59
65
69
65
62
74
57
59
67
55
60
69
63
71
63
60
60
71
55
66
66
39
66
60
61
63
49
57
55
59
69
68
55
61
62
55
51
59
66
64
68
59
54
51
61
61
60
52
54
42
58
60
58
48
54
48
67
72
46
46
68
52
54
51
40
52
45
65
55
45
50
43
54
65
60
60
53
54
57
51
49
65
69
53
70
50
57
49
46
51
41
44
54
56
44
60
49
64
66
66
74
71
56
69
58
55
68
63
62
68
46
64
58
67
55
53
53
66
56
57
61
58
60
63
58
57
56
52
55
49
54
53
56
60
56
59
60
67
59
62
53
57
55
56
49
63
67
62
47
47
41
62
62
62
64
53
59
50
61
50
48
51
50
63
70
68
60
53
66
64
66
56
49
58
53
68
67
53
49
73
60
44
47
59
67
50
62
45
57
61
49
55
47
51
67
59
67
62
53
45
51
67
60
59
57
52
60
57
65
52
59
55
65
58
60
51
66
54
50
48
49
51
55
62
54
65
48
53
52
60
41
52
55
48
57
61
61
58
55
62
72
51
41
43
45
74
63
52
59
60
52
53
51
50
48
60
44
31
58
57
44
53
70
63
47
58
60
64
66
50
56
57
66
54
51
54
50
59
60
52
57
52
41
48
54
53
42
44
55
54
56
62
72
55
57
60
74
55
51
71
49
55
58
53
61
59
54
49
52
57
51
55
71
58
46
71
54
60
67
47
52
48
44
54
56
49
49
44
52
49
64
38
59
58
65
54
65
45
49
52
64
45
55
38
63
69
48
58
68
49
59
55
70
48
51
62
63
37
54
42
45
53
60
57
45
51
55
68
53
59
57
39
62
37
46
33
58
50
56
48
57
63
46
52
55
56
52
67
58
50
47
70
49
53
49
44
61
56
52
40
57
57
51
56
28
51
51
69
58
58
57
51
59
43
55
59
53
47
55
65
46
58
57
59
51
69
49
49
51
45
54
57
59
46
54
38
52
58
57
49
59
50
51
53
60
58
54
59
50
63
57
58
54
46
66
45
60
51
59
44
52
52
53
54
44
69
59
60
53
60
62
56
62
54
57
49
63
58
50
51
67
38
53
56
56
52
63
59
48
54
45
51
45
50
60
52
69
68
60
42
59
74
49
44
36
61
57
66
51
53
59
68
37
45
42
68
53
56
64
58
57
58
54
51
65
64
47
46
58
48
66
45
55
49
60
54
47
55
66
58
62
49
50
65
57
52
44
58
55
58
49
51
55
60
44
52
47
65
52
51
65
57
43
52
59
63
51
43
56
54
56
55
53
62
56
63
45
42
53
52
53
64
55
57
60
44
50
76
50
54
53
56
55
68
58
58
61
56
59
53
47
56
60
44
56
57
53
51
65
67
55
47
57
53
54
50
73
41
51
54
55
50
55
53
55
49
71
51
58
45
49
48
51
60
62
54
53
63
47
56
47
49
59
68
51
47
52
53
59
45
53
59
50
58
59
49
53
53
66
71
57
35
57
50
47
44
50
50
55
60
70
52
73
59
53
51
57
40
50
52
46
62
59
62
55
60
53
49
53
52
55
52
64
60
60
52
56
45
55
58
53
55
60
44
54
56
58
50
63
50
54
53
64
56
47
54
61
56
52
64
57
52
50
56
65
56
56
65
65
63
54
62
57
64
49
52
50
65
55
60
47
66
51
41
46
40
57
63
58
50
46
49
45
60
52
49
43
68
48
64
54
59
59
71
52
75
45
39
52
53
62
49
46
51
47
46
59
60
66
59
56
43
56
60
62
51
56
62
38
55
47
66
47
44
58
63
47
74
49
62
59
55
43
65
47
52
56
62
39
49
65
59
49
50
53
63
54
65
58
43
49
55
68
49
56
55
63
61
51
54
59
49
64
51
66
56
69
61
58
65
65
62
64
74
56
65
58
44
53
51
57
43
44
58
50
59
57
49
64
46
56
57
56
57
46
38
67
54
52
50
57
65
64
56
61
69
49
57
59
47
60
42
44
63
55
73
47
64
52
63
62
52
62
61
65
64
51
47
50
55
61
59
56
63
62
48
73
46
58
57
69
52
57
49
60
55
40
71
56
43
48
65
51
62
39
59
71
67
44
69
45
57
61
51
46
58
62
65
58
56
60
65
59
53
53
63
44
63
58
53
46
58
75
58
53
50
59
80
59
57
61
72
59
61
51
60
53
65
61
48
52
58
52
50
67
52
49
59
61
58
67
64
53
46
69
55
56
54
67
47
61
52
56
52
69
59
53
58
64
59
68
48
54
64
56
62
62
52
46
51
51
66
50
64
62
51
51
69
50
68
68
71
52
73
54
42
50
58
52
59
65
53
62
54
66
60
49
47
61
48
56
59
57
54
55
54
57
51
53
55
48
56
61
53
55
58
67
59
69
55
64
66
54
60
65
47
52
55
46
59
64
58
66
56
55
59
63
67
61
63
46
59
57
49
56
65
43
50
52
47
56
56
50
58
64
60
52
70
55
53
54
74
44
60
65
60
50
58
54
65
58
60
61
51
55
49
51
57
64
49
61
59
69
38
72
44
70
53
58
65
56
64
61
51
54
48
77
44
61
64
55
61
58
60
52
53
54
56
57
67
58
46
60
50
64
64
60
64
67
52
54
47
60
70
53
69
61
68
56
60
64
66
57
60
54
44
44
68
63
48
59
52
59
57
58
58
54
72
57
43
60
60
48
70
44
45
55
61
56
41
62
63
61
50
58
56
50
52
61
50
57
54
49
54
57
51
56
63
63
66
68
57
56
63
51
59
48
62
55
65
58
54
55
56
61
67
61
68
56
67
53
52
54
71
62
59
67
69
67
67
67
60
56
59
59
54
62
42
61
61
56
52
55
54
66
61
50
61
50
59
53
51
56
59
73
74
60
51
56
54
57
49
63
61
62
56
48
62
59
50
58
57
54
52
53
47
67
49
47
51
57
73
65
57
45
63
54
58
54
57
57
56
60
45
57
61
55
70
53
54
60
56
61
47
58
66
63
65
60
58
58
63
55
84
57
57
66
64
58
50
73
61
58
65
50
46
55
67
61
60
64
63
54
63
57
50
55
57
57
71
59
62
57
70
46
72
46
67
57
59
50
56
59
70
61
55
55
70
55
65
64
58
65
60
54
61
63
49
60
67
46
62
63
60
63
44
46
55
54
50
73
61
56
63
63
62
63
67
50
53
64
72
59
62
69
77
66
55
61
57
43
47
68
57
57
65
58
70
66
62
58
64
49
58
52
55
67
61
62
63
85
62
60
52
59
57
55
39
65
67
64
73
59
58
60
68
60
56
68
58
66
60
72
56
60
74
57
61
78
59
64
59
71
68
54
60
73
54
62
55
54
78
61
81
58
58
63
53
65
57
56
73
62
63
76
68
61
70
75
77
51
56
62
75
56
63
73
65
52
73
62
68
66
62
76
64
76
68
77
62
66
73
67
72
69
81
60
65
67
53
55
51
68
64
57
58
56
75
77
54
47
64
74
59
63
49
58
60
55
61
75
53
70
71
78
57
49
56
78
56
51
63
68
69
73
83
59
70
64
68
67
50
62
65
73
73
62
75
72
61
72
63
68
51
55
63
62
58
75
72
60
76
70
61
61
66
72
75
65
64
60
68
72
59
66
49
71
65
65
64
67
53
46
53
62
64
73
67
69
65
75
80
70
61
64
74
69
49
73
62
69
62
52
53
80
71
61
62
67
60
63
64
80
73
71
78
49
57
58
59
63
69
67
73
65
60
82
70
62
68
57
59
70
69
63
61
72
69
66
61
56
60
56
58
79
57
71
76
53
54
61
64
57
73
75
75
65
62
63
55
69
65
62
75
58
65
77
72
57
75
60
66
74
67
51
64
57
62
58
62
50
79
67
67
47
60
65
67
55
79
76
70
60
62
73
55
80
73
63
80
48
65
57
57
70
61
60
54
66
73
56
67
55
56
64
63
53
76
64
59
60
66
55
99
53
74
63
59
62
60
61
58
56
57
65
53
62
54
64
61
57
68
72
67
60
62
69
54
60
67
59
47
59
61
60
62
77
68
62
56
77
70
64
58
64
55
60
62
75
82
86
69
70
66
64
73
75
57
72
60
66
66
65
71
79
72
66
80
68
68
88
54
80
53
67
76
75
71
68
61
67
74
58
62
77
60
75
73
61
75
63
76
45
63
52
69
69
83
55
68
72
56
68
78
61
66
80
70
63
67
60
64
70
62
65
57
61
61
75
60
70
69
77
57
58
54
55
63
65
71
59
69
88
57
62
68
59
65
72
53
67
59
68
69
68
73
52
73
65
59
78
50
74
69
70
59
74
49
67
56
59
67
70
58
67
83
77
70
81
62
72
62
67
66
71
68
59
72
65
67
69
66
68
41
57
71
74
74
54
54
69
69
72
72
71
65
78
60
70
50
52
64
65
81
67
61
63
70
67
67
69
72
74
58
62
64
64
60
64
70
64
73
60
66
65
70
69
69
53
69
66
50
61
50
69
59
66
65
68
70
59
76
57
87
69
72
65
66
62
64
55
83
64
68
73
68
69
62
65
61
71
73
67
82
67
63
59
62
60
55
60
78
54
72
52
71
59
59
66
61
75
62
76
55
64
68
67
76
72
67
65
55
69
63
57
68
51
73
67
58
62
56
67
65
65
66
58
61
71
72
78
80
56
55
71
66
56
75
55
63
57
66
86
60
59
56
82
61
69
70
70
75
72
86
64
62
55
67
77
71
69
79
76
71
51
75
52
66
59
64
49
69
46
52
64
59
82
65
70
70
55
71
58
63
63
69
75
69
78
64
61
57
62
64
69
74
54
81
67
63
56
65
72
70
52
76
74
77
57
82
53
66
59
68
70
60
61
66
66
64
71
73
53
72
70
66
54
87
73
58
76
54
83
70
63
71
73
72
66
81
70
69
65
79
62
64
65
57
77
85
69
70
62
75
70
72
72
79
60
84
81
55
82
71
72
62
68
55
55
65
58
79
64
67
84
75
64
66
61
71
77
80
73
53
63
62
84
56
62
54
57
79
62
56
73
76
72
63
76
68
74
71
80
63
66
75
75
67
70
72
73
69
73
61
71
66
72
82
72
72
76
77
65
62
64
65
59
71
52
78
71
65
79
74
67
61
66
60
75
73
68
65
67
80
70
65
79
65
70
67
64
75
54
64
52
53
57
89
80
74
78
70
71
70
68
63
64
73
77
65
64
74
64
69
74
51
60
65
74
71
61
78
56
76
75
64
73
63
84
66
75
62
50
64
52
75
55
69
84
70
65
51
72
57
82
72
73
78
79
55
60
79
75
61
78
64
76
67
70
79
55
67
76
64
78
56
68
76
56
66
76
76
63
63
66
59
77
73
59
81
68
66
83
61
65
58
75
60
63
62
79
81
72
78
61
63
49
72
65
60
66
67
70
75
71
68
77
76
60
68
83
72
77
77
62
63
82
73
70
66
83
65
72
72
73
63
60
73
63
67
89
70
64
79
74
76
72
75
71
71
69
68
73
55
61
84
79
66
88
73
73
76
77
69
79
64
80
96
70
71
78
64
63
71
70
86
83
61
78
68
77
67
85
59
50
77
76
70
87
85
63
73
82
75
51
60
76
63
77
63
81
65
67
83
63
70
86
85
80
85
71
83
87
69
69
73
68
75
74
77
74
68
84
77
86
62
91
97
57
71
73
73
78
82
69
71
77
60
72
66
79
66
66
69
69
68
83
70
68
82
74
72
50
74
80
83
73
69
95
72
86
74
64
74
78
79
72
59
83
82
75
81
83
66
86
70
87
72
62
76
79
73
86
71
66
76
68
95
91
77
85
82
75
89
94
73
74
78
93
75
72
87
81
87
72
77
72
104
74
83
89
96
73
74
67
84
75
77
76
78
91
85
93
69
73
93
70
91
90
85
60
79
92
71
104
90
75
67
61
73
88
75
93
67
63
80
80
76
80
70
94
87
60
75
83
97
83
70
85
70
79
92
96
68
74
84
69
76
102
78
90
69
86
81
78
95
70
91
89
80
83
74
79
72
71
101
64
87
84
84
95
84
85
89
92
71
71
101
85
78
78
69
81
82
79
88
68
96
67
74
91
101
80
90
71
85
93
98
87
86
100
94
73
80
78
95
96
106
84
81
100
90
102
64
78
90
88
93
85
84
100
86
94
81
83
92
101
93
84
79
78
85
112
76
85
89
97
68
93
95
87
97
90
82
91
90
104
71
88
85
85
98
94
88
109
89
93
101
86
86
86
103
96
85
88
96
109
75
90
90
85
95
95
93
77
87
103
106
102
87
86
90
83
82
101
85
95
75
94
108
107
99
114
98
94
94
89
77
89
92
98
96
85
94
96
72
89
104
101
90
100
74
97
87
104
97
111
104
83
104
93
105
105
93
90
94
102
98
86
102
106
99
76
89
80
100
98
83
100
101
88
80
82
93
97
100
100
102
101
95
93
99
64
102
84
98
89
90
92
114
86
93
84
110
95
90
99
108
95
95
88
87
85
114
99
83
110
96
90
93
119
94
74
87
94
116
99
98
93
119
95
111
105
97
88
110
121
90
112
95
105
95
101
94
95
99
103
110
97
104
99
109
111
96
103
107
104
99
109
105
102
99
103
99
108
95
86
110
101
107
121
91
87
97
99
102
105
100
97
107
115
83
96
94
106
113
101
108
100
121
97
102
89
123
102
127
118
112
109
103
106
96
102
87
107
85
124
100
104
118
107
105
98
82
94
124
108
112
101
103
105
93
103
98
108
101
116
116
119
103
113
95
96
100
122
94
95
108
116
98
117
115
112
98
100
129
126
99
112
105
101
101
122
109
113
106
123
108
96
110
104
120
108
105
100
104
115
113
120
91
109
114
107
114
99
98
113
97
100
91
112
110
112
110
115
89
101
100
115
122
105
106
99
129
111
121
114
107
101
103
123
94
122
103
95
107
114
102
99
109
100
128
109
117
99
122
107
105
94
102
88
118
106
111
111
122
116
112
100
102
125
113
86
104
110
107
105
117
128
103
99
118
112
114
98
101
93
105
109
105
111
132
113
99
85
102
99
96
111
110
118
105
122
113
116
105
102
79
106
80
101
110
92
129
75
106
100
85
79
107
77
90
112
86
86
110
97
107
108
102
96
103
85
72
101
102
74
88
88
95
90
94
94
80
92
86
79
87
101
74
85
93
84
76
90
84
87
94
80
79
80
78
66
83
74
72
64
78
82
71
60
73
87
77
73
78
73
70
61
73
78
70
64
76
80
76
73
70
59
81
80
76
65
71
63
78
76
70
57
55
69
67
59
50
65
63
43
55
75
76
68
72
62
62
81
62
63
43
71
60
74
48
50
70
67
57
62
63
56
63
54
58
62
58
50
49
59
65
62
64
60
57
57
43
62
65
71
51
58
54
68
64
53
54
49
56
68
45
43
49
55
56
43
55
68
48
51
54
45
47
67
72
61
55
56
61
51
47
65
53
47
46
50
64
54
51
53
60
55
48
50
61
40
63
50
42
49
54
59
52
48
56
54
51
62
49
38
34
45
45
47
55
55
36
49
49
72
63
47
51
53
51
37
46
51
51
52
69
38
48
69
63
45
51
55
46
44
49
50
49
49
51
65
50
36
41
47
56
33
52
40
58
52
37
46
48
44
40
43
43
56
61
42
40
44
47
59
60
53
47
39
37
39
40
46
47
44
56
54
39
52
40
35
47
48
45
40
35
48
42
32
45
48
52
56
37
41
45
35
37
34
34
42
49
35
55
36
52
36
44
35
37
59
54
51
31
36
46
52
53
43
30
39
36
41
34
40
52
33
44
40
33
36
36
42
38
58
43
43
40
32
40
38
44
45
30
37
42
38
43
38
47
34
43
38
43
52
44
41
42
33
42
52
42
36
33
44
47
52
42
54
31
48
48
32
38
28
45
35
39
46
26
25
40
36
31
39
33
29
44
39
37
32
33
28
55
39
35
41
39
32
48
45
39
39
41
38
39
27
43
34
40
34
37
35
31
38
40
36
37
34
29
22
30
29
38
27
22
35
31
40
36
31
51
33
29
34
31
34
38
39
35
48
35
42
42
28
29
21
41
37
37
39
30
38
35
37
33
37
35
25
36
37
30
40
31
35
32
30
37
30
34
25
32
33
22
35
40
29
41
42
36
44
37
26
28
36
30
35
32
36
27
34
32
32
32
31
29
38
27
24
35
40
33
29
29
40
32
30
34
34
43
25
22
31
29
37
28
28
28
39
28
31
36
37
31
33
24
31
25
28
29
31
45
26
35
23
28
31
28
25
19
34
25
22
24
31
25
20
33
25
24
28
35
29
24
28
37
40
27
30
23
40
27
36
27
35
25
32
29
28
30
29
35
38
33
36
29
32
21
16
24
31
28
28
30
23
22
24
30
28
23
25
21
32
21
28
26
34
24
32
35
26
27
29
33
31
33
22
20
29
26
25
28
24
27
21
19
31
26
28
29
24
27
19
29
27
35
32
26
24
18
34
24
20
25
26
26
23
28
28
26
27
23
25
21
19
17
28
16
24
24
20
32
32
39
21
31
23
31
27
32
19
25
26
16
22
25
17
21
29
18
27
32
25
25
25
24
24
23
20
27
20
22
25
22
24
29
23
25
18
30
24
24
24
18
24
25
26
15
20
16
24
19
24
26
25
32
25
31
19
21
23
23
21
18
19
26
27
21
25
15
16
28
23
24
17
25
20
26
18
21
22
24
24
14
10
24
21
20
25
18
25
29
22
16
24
30
21
18
15
17
24
25
24
23
23
19
21
29
26
19
20
23
16
18
19
25
21
24
20
13
28
16
23
16
18
34
23
12
22
22
26
18
18
21
10
22
20
25
22
23
14
15
12
16
21
17
19
27
17
22
20
22
25
20
20
17
19
22
18
29
17
17
24
18
18
24
14
19
21
15
20
18
22
24
18
27
16
28
20
18
23
21
23
21
17
27
19
22
21
21
14
23
18
22
25
22
25
21
15
21
17
26
24
28
17
24
18
19
11
16
20
19
22
20
19
25
20
20
19
22
18
23
19
15
16
18
15
12
20
20
24
12
18
13
21
24
12
16
19
13
19
19
22
9
20
22
15
20
27
13
12
14
13
19
17
15
17
22
20
20
23
15
16
18
20
22
19
14
18
15
13
27
18
17
21
17
20
21
27
26
15
23
18
28
25
16
25
13
31
13
20
19
19
17
16
23
16
22
27
16
16
12
18
17
17
28
13
18
17
25
27
28
28
24
19
19
9
20
24
14
14
19
21
21
23
10
28
18
12
19
14
23
26
21
16
16
27
20
19
14
27
18
25
18
20
19
19
24
23
20
20
15
23
19
20
20
21
14
15
18
20
14
29
18
14
21
19
17
16
14
16
30
19
16
12
19
26
15
21
24
21
21
9
15
21
14
12
21
22
21
17
35
26
17
20
22
24
17
27
15
17
19
22
23
22
20
16
24
22
17
18
24
23
20
22
21
21
20
14
16
19
23
17
17
20
14
23
11
17
22
18
15
22
15
16
25
24
25
20
17
13
15
17
18
19
15
16
16
21
16
23
23
20
15
19
25
18
17
12
17
21
19
16
17
19
32
17
17
19
27
13
26
19
10
16
22
21
22
19
28
27
18
16
18
11
19
20
19
12
13
17
19
12
18
14
23
25
20
17
22
21
23
9
25
19
20
18
16
25
18
11
16
21
17
18
18
22
14
18
24
18
21
20
16
22
19
16
19
27
17
19
18
16
20
20
22
20
27
18
16
14
22
15
14
27
15
15
22
27
20
22
16
21
18
19
17
18
18
20
23
18
16
15
20
25
20
24
21
23
21
20
20
23
25
19
19
19
21
27
19
27
13
23
19
18
25
21
19
24
25
14
16
15
26
26
14
23
32
21
20
13
24
16
23
25
14
22
19
17
17
21
24
17
20
18
20
14
20
20
11
17
16
17
26
16
21
19
24
13
21
26
23
21
27
31
24
17
17
10
15
17
14
13
28
24
12
18
21
17
11
27
15
24
15
17
19
26
23
21
20
22
26
23
22
19
17
26
11
13
21
21
21
21
25
19
20
15
23
26
20
9
15
24
18
18
14
19
21
17
20
18
17
22
13
21
18
23
29
19
11
15
26
15
16
14
14
24
21
17
18
22
20
28
13
19
22
16
20
15
19
20
16
12
24
17
22
13
27
20
22
15
14
21
20
28
19
12
20
19
24
12
17
17
17
13
17
16
20
22
21
15
14
14
20
23
25
19
17
13
26
18
21
22
24
18
13
13
19
24
26
15
18
21
26
20
15
24
15
20
14
22
18
18
15
26
17
25
13
24
17
18
18
11
18
22
15
24
29
19
21
20
30
15
16
18
27
23
12
27
28
14
27
18
29
28
13
16
30
23
26
13
20
21
17
21
19
31
19
33
27
25
19
18
26
21
17
19
19
22
24
19
19
19
24
15
18
18
27
24
20
12
24
21
14
22
19
19
23
12
19
23
21
18
16
20
20
13
25
20
31
22
15
29
18
26
19
31
31
15
20
21
26
24
19
18
19
28
17
29
23
24
24
23
18
20
19
13
17
22
19
15
19
13
21
18
21
27
24
19
20
23
18
25
18
22
20
21
27
15
21
23
17
28
24
15
15
27
21
15
23
20
31
17
21
23
28
19
22
30
22
18
26
11
14
18
22
22
18
25
20
36
21
14
26
26
30
27
29
22
21
31
32
28
36
21
29
32
21
24
29
32
35
26
33
43
24
28
31
33
30
33
26
38
33
24
22
36
39
33
32
35
32
41
36
30
37
42
41
29
32
27
35
32
27
34
28
26
49
26
34
35
44
33
37
36
37
21
30
43
44
38
26
32
43
33
30
40
36
46
39
42
34
35
41
32
44
42
50
35
47
37
50
34
39
39
54
39
43
32
59
47
44
50
59
45
46
45
51
48
58
69
69
61
53
55
55
57
71
46
70
69
60
79
62
74
76
67
80
84
67
81
76
71
97
106
82
97
100
90
101
97
126
133
116
125
131
141
153
160
164
176
201
226
239
276
295
321
395
410
491
592
656
723
831
904
1036
1150
1359
1477
1570
1891
2023
2126
2418
2651
2843
3009
3332
3509
3745
3887
4093
4266
4393
4342
4575
4573
4697
4565
4585
4291
4263
4096
3877
3723
3484
3448
3098
2832
2692
2500
2215
1983
1896
1741
1471
1380
1229
1024
876
860
738
617
504
490
394
326
292
262
208
191
160
141
97
112
93
99
76
77
57
55
47
34
24
36
38
32
30
23
25
21
20
21
18
21
11
20
14
15
12
9
15
15
8
17
13
10
9
9
8
7
8
7
7
18
14
10
11
4
15
8
13
4
8
13
5
5
12
10
7
8
7
6
12
8
6
9
1
3
5
4
3
5
5
12
14
5
11
5
9
6
7
9
13
7
7
7
3
4
6
4
6
12
6
3
3
10
6
11
3
7
6
4
11
8
7
6
4
5
4
7
4
6
7
7
2
7
12
4
3
4
7
9
5
3
6
4
3
4
4
14
2
9
2
4
8
6
6
7
6
5
3
4
3
4
6
4
9
4
8
2
5
6
8
1
5
6
6
8
6
9
6
2
4
5
8
7
5
9
5
9
3
9
9
7
7
4
1
9
9
7
7
7
6
7
5
7
7
2
3
6
3
7
6
7
7
6
2
4
8
3
7
4
7
5
4
5
1
4
3
1
7
7
8
5
4
3
5
4
3
6
3
5
3
8
2
4
9
5
6
2
0
8
2
3
5
5
6
5
6
3
3
4
6
5
7
5
3
4
8
4
5
3
4
9
4
7
3
4
5
4
7
6
4
3
8
4
5
5
6
3
3
3
3
3
4
2
2
2
5
3
6
5
4
2
6
3
0
5
5
5
4
6
5
3
5
3
2
2
3
5
3
4
2
2
4
3
4
2
3
2
2
2
4
4
5
7
3
2
6
1
4
4
5
5
7
2
2
5
1
7
3
4
1
1
4
4
3
5
5
8
8
2
7
3
5
7
5
4
2
2
6
5
5
5
5
3
5
3
2
1
5
2
2
1
3
3
5
5
2
1
3
3
4
2
5
3
3
4
2
4
1
5
1
4
5
7
4
6
1
4
3
2
1
6
1
3
3
3
2
4
2
5
3
3
7
3
1
5
1
1
4
3
1
2
7
3
5
6
2
5
4
3
3
5
5
3
1
1
0
2
3
3
4
2
4
2
4
5
2
5
1
5
3
3
1
1
3
5
5
6
5
1
2
2
2
3
3
4
2
0
4
1
0
4
3
7
0
2
1
5
0
4
5
4
4
2
5
2
2
3
0
4
2
0
4
2
5
3
3
2
4
0
4
5
2
2
2
4
2
5
3
2
4
4
2
2
4
1
3
0
4
2
4
3
5
1
0
3
3
2
1
3
3
3
3
1
1
2
4
5
1
5
4
1
4
2
1
5
4
1
2
4
2
3
7
4
1
1
2
0
2
3
3
4
3
1
1
6
2
6
4
6
8
0
1
3
3
2
4
6
2
6
3
2
2
3
4
4
1
4
0
1
5
4
2
2
4
0
3
4
0
7
3
5
6
4
1
2
4
0
3
2
2
1
1
0
2
6
1
4
7
4
2
2
1
2
3
2
3
3
1
3
2
2
4
5
1
5
0
2
6
5
1
3
1
3
3
4
2
3
0
2
0
4
4
5
0
5
2
3
5
1
2
5
2
1
5
1
3
4
1
2
0
2
4
1
1
3
0
2
3
1
3
3
3
1
5
5
2
4
6
3
3
2
3
1
2
2
2
3
3
4
3
3
3
6
0
3
3
2
2
1
1
1
5
2
4
2
2
2
2
3
4
4
4
2
2
1
2
2
1
1
1
1
3
3
2
4
3
2
4
2
1
5
1
10
1
1
2
3
2
0
3
2
2
3
3
2
5
1
3
3
2
3
1
4
3
7
3
5
3
1
5
1
1
3
2
2
4
3
3
4
3
4
1
1
2
3
1
5
0
2
0
1
0
3
1
0
3
1
3
2
1
3
4
1
5
4
5
0
1
1
3
3
1
2
3
2
5
2
1
4
0
2
1
2
0
4
2
3
0
2
5
1
3
5
3
1
2
2
2
2
5
6
3
2
1
3
4
4
4
1
3
3
5
1
4
4
3
6
3
4
4
1
2
1
2
2
5
2
6
1
0
4
2
3
5
2
2
1
4
2
4
3
2
1
4
5
3
2
4
3
3
2
1
2
5
4
2
2
1
4
3
3
4
2
2
5
4
5
1
4
3
3
4
5
1
3
5
2
2
3
3
2
0
6
2
2
1
2
2
3
4
2
2
3
0
2
4
4
2
0
2
1
1
4
3
2
2
3
1
2
4
3
0
2
1
3
0
1
4
0
3
2
1
2
3
4
2
4
4
1
2
1
3
4
4
1
1
4
2
4
2
4
0
2
3
1
0
4
4
2
2
0
0
2
0
1
1
2
4
3
3
3
1
2
1
4
1
1
5
4
1
1
3
1
3
4
2
2
2
3
5
1
0
2
1
6
2
0
4
2
1
3
4
3
2
5
2
6
1
1
3
1
1
4
1
1
1
4
1
7
2
6
2
2
3
1
5
1
2
4
2
1
0
1
3
1
4
2
4
1
1
2
1
5
3
1
2
4
1
2
3
6
2
0
3
2
1
1
3
3
0
1
2
2
3
3
2
2
1
5
0
2
4
2
2
2
1
6
1
2
2
2
2
2
2
2
4
2
0
4
8
7
4
2
4
2
5
0
3
1
5
3
4
4
2
1
1
3
2
3
1
2
2
1
3
3
2
3
2
1
1
3
2
2
3
2
3
3
2
1
3
1
4
3
1
0
0
3
2
1
2
1
5
2
2
1
2
3
0
2
1
0
6
2
4
2
0
0
2
2
1
1
0
3
1
2
0
2
4
3
4
2
3
4
6
0
4
2
1
3
1
1
1
1
1
3
2
2
3
1
1
2
2
3
1
1
3
3
1
3
4
0
4
2
2
3
3
5
3
1
3
0
2
2
2
5
2
2
2
0
7
2
0
3
0
2
3
1
3
2
5
0
3
0
1
3
1
2
3
1
0
1
2
3
1
0
2
1
1
3
2
3
1
4
1
3
1
2
1
2
2
1
4
1
2
2
4
1
0
5
1
1
2
2
1
3
1
2
1
3
2
0
1
1
0
3
6
4
3
2
2
5
2
4
2
1
1
0
4
3
4
1
2
4
1
1
2
0
2
1
2
2
2
1
2
1
2
1
4
1
1
2
0
6
2
2
2
1
2
6
2
2
2
2
0
2
1
3
2
4
4
4
2
5
2
1
2
1
3
2
2
0
1
2
0
2
2
3
1
1
5
1
2
2
1
0
2
5
4
1
1
4
1
0
2
1
1
1
1
5
2
3
3
3
2
0
3
1
1
2
0
1
3
1
1
3
0
3
2
3
0
3
3
4
3
2
3
5
4
0
2
2
2
2
1
4
3
2
1
2
4
3
1
1
5
1
2
1
1
1
2
1
5
4
3
1
3
0
2
0
2
2
1
0
5
1
2
2
2
2
4
1
2
2
2
1
0
2
1
4
3
3
1
2
2
2
2
0
0
4
1
4
0
1
1
1
3
3
4
5
1
2
3
1
2
2
5
2
3
3
3
3
3
4
0
3
0
0
1
2
1
2
0
0
1
2
2
1
1
2
1
1
1
4
0
0
4
2
1
1
0
1
2
2
2
3
1
1
1
2
2
2
4
4
0
3
1
2
0
0
3
3
5
0
2
1
3
4
3
3
0
3
3
1
1
2
1
1
4
2
4
4
1
2
3
2
2
0
5
3
2
1
1
2
6
3
1
1
5
3
1
1
2
3
1
1
1
2
0
2
5
2
1
3
2
1
1
2
2
4
0
2
2
2
4
0
2
2
2
3
1
3
1
1
2
2
2
2
2
3
2
2
2
1
2
0
2
4
2
2
0
4
1
1
2
2
1
2
2
1
1
1
0
2
2
0
4
3
5
1
0
1
2
0
1
2
1
1
2
1
0
4
2
1
0
6
1
1
4
1
2
1
1
1
0
1
2
4
1
0
3
0
1
1
3
0
3
0
3
2
1
4
1
1
3
1
3
2
3
2
2
0
1
0
4
3
5
0
1
2
1
0
0
0
0
1
0
2
1
3
3
2
0
4
4
0
3
2
1
0
2
4
1
2
1
4
1
2
1
2
1
2
0
0
1
1
2
2
0
5
1
1
0
2
2
3
3
3
5
1
4
1
1
2
3
3
2
4
2
0
4
1
0
1
2
0
0
1
4
1
2
1
0
3
0
2
2
4
3
1
1
2
1
1
2
1
2
0
1
2
1
3
2
2
4
2
0
1
1
3
1
1
2
2
0
0
1
3
1
2
2
1
4
3
3
2
2
3
2
3
4
1
1
0
2
2
2
0
3
2
1
2
3
2
1
2
2
2
0
3
1
2
2
1
2
4
2
2
1
1
4
1
0
2
3
4
3
0
2
1
1
1
0
3
0
3
2
0
0
2
0
1
2
0
3
1
2
2
1
0
1
4
0
1
1
1
2
3
4
4
1
1
0
3
1
0
2
8
4
6
4
2
2
1
0
3
2
0
1
1
0
1
2
2
1
5
0
1
2
2
1
3
1
1
3
3
2
2
1
0
3
3
2
1
0
3
1
2
3
0
3
2
2
3
1
2
0
2
1
3
1
2
2
2
4
1
2
1
1
3
3
2
1
1
1
1
3
1
1
0
2
0
2
1
1
0
1
0
0
4
0
1
0
0
3
1
2
0
4
1
0
1
1
1
4
2
3
3
1
0
1
2
0
4
6
4
1
1
0
0
2
1
2
0
1
1
3
1
0
1
1
0
1
4
2
2
2
1
2
2
0
0
1
0
0
2
2
0
0
1
1
2
1
4
0
0
0
5
1
0
0
1
2
0
3
0
0
2
0
1
0
3
2
2
2
2
1
3
4
1
1
4
1
2
0
1
2
1
1
2
4
2
2
2
0
2
3
0
1
1
3
0
2
1
3
3
0
3
2
1
3
0
0
1
0
3
4
2
1
1
2
2
0
3
1
1
3
2
1
4
1
1
1
1
4
1
0
3
1
1
0
1
2
5
5
0
5
2
2
0
2
1
1
1
6
1
1
1
1
1
0
0
1
4
2
1
0
1
2
0
1
2
2
1
0
1
1
2
0
1
3
1
3
1
0
2
2
1
1
1
1
4
0
1
1
1
2
0
2
4
2
5
2
1
2
2
3
2
1
2
1
1
2
1
1
2
2
0
2
1
3
2
1
1
2
2
1
1
2
0
1
1
1
3
1
3
1
2
2
1
2
2
1
1
2
3
2
1
4
0
4
1
0
3
2
2
3
2
2
0
1
3
1
3
0
1
1
1
0
1
4
4
2
0
2
0
3
0
0
2
2
3
0
1
2
2
1
1
2
2
0
2
5
1
0
0
2
2
3
2
3
0
0
2
1
0
3
0
2
1
1
3
2
1
2
2
2
0
2
2
3
0
2
4
2
3
2
0
5
3
1
0
1
1
0
1
1
3
0
0
2
4
2
0
1
1
2
0
7
1
0
4
2
2
1
3
0
1
1
1
2
3
2
0
3
1
1
2
1
1
2
1
1
1
3
0
4
4
3
1
2
2
1
1
0
0
4
1
0
3
0
1
2
0
0
0
2
0
2
2
1
3
3
2
0
2
2
2
2
2
2
4
1
0
2
3
1
0
1
0
0
1
2
4
2
2
2
2
1
2
0
2
1
1
1
3
2
1
3
3
1
2
3
2
3
4
2
1
1
2
1
1
0
1
4
1
2
3
2
2
2
2
0
3
0
1
2
0
0
1
1
2
0
1
2
0
0
0
1
2
1
3
0
2
1
2
0
1
4
1
2
2
1
0
2
3
0
4
1
2
1
0
0
0
0
1
2
0
0
1
2
4
3
0
2
2
2
1
1
1
0
3
0
0
3
0
4
3
1
0
0
2
1
1
2
1
0
1
1
1
1
0
2
0
0
2
1
3
2
2
1
4
3
1
0
2
1
2
1
3
4
1
2
1
3
3
1
0
2
3
0
5
1
1
2
1
2
0
4
1
0
1
1
1
0
1
1
1
1
1
1
1
0
1
2
2
0
4
1
3
1
1
1
1
3
2
3
1
2
0
1
1
3
4
3
2
3
2
1
1
3
1
2
3
1
1
2
1
1
2
2
2
0
2
1
3
1
2
1
1
1
3
0
2
1
3
0
3
0
2
2
0
1
1
2
0
3
2
0
1
0
2
2
1
1
3
0
2
1
2
1
0
2
5
2
2
1
2
2
3
0
0
0
2
0
3
0
1
3
3
0
2
0
2
4
1
1
1
2
2
2
2
0
5
1
1
0
0
2
3
0
1
2
1
3
0
0
2
1
3
3
1
3
2
0
1
0
0
1
1
0
0
1
0
1
0
1
0
2
4
4
2
1
0
3
2
1
0
6
3
2
2
3
0
1
0
1
1
0
1
2
2
1
1
2
2
2
0
2
0
0
1
0
2
3
0
2
2
2
3
1
0
0
1
2
4
4
0
2
2
0
1
2
2
0
2
1
1
0
3
1
2
2
3
0
0
1
2
2
1
1
2
1
3
1
1
1
1
1
3
2
1
2
0
3
0
5
2
1
1
2
1
1
2
1
3
4
0
2
2
3
1
1
3
2
1
0
0
1
3
0
0
3
1
3
0
61
67
84
62
71
58
62
64
87
57
95
70
82
71
69
72
71
72
93
73
98
66
68
84
71
76
75
92
70
92
84
84
87
94
100
100
97
94
93
120
105
128
116
104
102
112
126
110
133
141
133
123
133
118
126
131
131
142
133
127
145
170
158
172
160
161
175
196
168
193
187
186
211
193
224
207
227
227
238
221
237
254
256
258
240
274
280
287
299
335
321
342
349
350
336
431
439
466
565
744
1112
1847
2823
4656
6977
10544
14621
19403
23770
27702
29453
29702
28019
25005
21192
17295
13522
10641
8396
6698
5551
4834
4266
3970
3645
3598
3428
3368
