0
0
0
0
0
0
0
0
0
0
0
0
0
0
0
0
0
0
0
0
0
0
0
0
0
0
0
0
0
0
0
4
12
46
73
240
451
840
1409
2627
5329
15794
92135
147380
120586
78355
46261
31330
25048
22801
21745
22175
23253
25440
28625
33667
39809
48115
58742
76137
69493
88898
106536
117928
104980
79489
53453
37030
28305
25271
25709
23077
26473
30869
36412
42584
50348
59661
70697
80163
83126
74625
58421
42683
31770
25944
24055
24016
25778
29727
33943
40179
46815
55831
64453
69335
64364
52665
40424
31544
25978
23769
24025
25755
28541
33341
38554
46354
53542
58748
57443
50381
40592
31764
25816
22479
21310
22374
24771
28583
33949
40138
46067
49224
48337
43031
35962
29772
25373
23066
22219
23155
25512
28538
33089
37295
40880
42851
41782
38396
33433
28988
25530
23369
22719
23218
24928
26971
30089
32912
34987
36160
36457
35317
32719
30032
26819
24797
23300
22975
23147
24157
25235
26486
28187
29070
29916
30372
30361
29624
29144
27778
26741
25399
24240
23279
23065
22972
23085
23727
24379
24852
25333
25906
26594
26578
26888
26666
26278
25752
25324
24895
23892
23604
23314
23053
22820
22659
22679
23018
23078
23340
23452
23475
23285
23460
22982
23286
23246
22680
22370
22354
22148
21497
21232
20881
20915
20552
20279
20371
20171
20365
20508
20728
20533
20471
20752
20402
20589
20212
19912
19772
19493
19411
18791
18379
18335
17725
17187
16699
16294
16171
16051
15949
16150
16152
16138
16359
16283
16099
16639
16494
16855
17085
17001
16881
16194
15689
15785
15639
15389
15461
15344
15245
15054
15179
15372
15863
15917
15567
15529
15500
15545
15512
15381
14903
14436
14070
14036
13741
13673
13145
12725
12086
12147
12082
11725
11727
11604
12084
12248
12224
12037
11752
10993
11053
10591
10310
10158
10006
10038
9721
9863
10054
10020
9645
9392
9277
8984
8696
8554
8433
8221
7934
7412
7308
7253
7340
7284
7125
6990
6770
6701
6868
6919
6951
6785
6343
6266
6235
6046
6188
6029
6089
5806
5642
5629
5778
5632
5486
5403
5264
5394
5351
5206
5261
5259
5161
5153
5037
5036
5100
4945
4748
4835
4670
4723
4651
4619
4476
4211
4316
4392
4263
4169
4109
4132
4172
3989
4025
4012
4002
3872
3902
3874
3882
3812
3742
3760
3749
3690
3741
3610
3662
3637
3586
3452
3623
3463
3560
3584
3644
3540
3377
3470
3403
3380
3365
3344
3319
3350
3356
3239
3361
3292
3192
3264
3231
3146
3098
3195
3112
3069
3056
3113
3063
3021
3163
3007
2923
2956
2953
2959
2980
3021
3107
2999
3061
2982
3007
3039
2982
2978
3049
2966
2989
2960
2970
2945
2837
2878
2911
2874
2978
2821
2891
2803
2815
2889
2828
2857
2753
2876
2864
2792
2775
2701
2837
2779
2737
2800
2694
2729
2700
2647
2703
2733
2651
2693
2702
2812
2771
2693
2616
2699
2756
2670
2730
2735
2686
2688
2586
2739
2728
2730
2677
2613
2574
2602
2568
2714
2547
2482
2565
2500
2529
2398
2405
2470
2334
2204
2190
2142
2228
2238
2207
2186
2190
2168
2084
2151
2199
2191
2142
2241
2156
2146
2149
2112
2065
2116
2060
2117
2128
2190
2151
2160
2216
2103
2072
2027
1999
1884
1910
1851
1949
1853
1936
1760
1798
1768
1827
1787
1708
1789
1716
1700
1685
1810
1721
1776
1796
1841
1773
1742
1825
1703
1685
1719
1687
1754
1723
1620
1589
1640
1566
1532
1520
1519
1471
1523
1429
1433
1489
1384
1312
1314
1265
1207
1254
1189
1194
1155
1115
1109
1154
1078
1149
1152
1176
1197
1206
1140
1205
1185
1140
1071
1015
1070
977
1009
958
976
942
907
879
948
860
834
844
822
842
875
884
890
916
916
885
815
846
778
771
776
672
721
733
683
723
761
679
651
646
605
549
529
501
533
542
568
556
554
580
544
581
531
533
517
554
461
454
485
513
493
491
427
418
451
439
427
441
438
404
442
436
480
443
400
420
384
389
384
387
365
365
345
386
415
377
349
355
354
304
338
375
332
334
350
367
304
321
325
335
327
331
296
329
310
284
300
300
321
288
290
290
287
273
285
327
304
265
300
280
275
269
257
271
270
219
257
239
252
264
254
268
244
218
212
228
238
221
214
217
220
219
216
204
197
192
189
194
179
214
197
231
220
207
228
199
202
202
193
189
188
167
187
191
189
206
210
185
208
187
183
195
159
195
198
187
166
187
198
186
215
185
183
190
174
170
198
176
158
179
161
198
173
165
160
175
177
189
182
177
169
160
197
165
148
169
161
159
175
165
159
160
157
140
148
142
151
173
152
122
174
173
162
147
152
152
130
139
143
146
131
146
164
125
123
147
143
147
118
143
113
140
145
139
140
135
141
129
150
137
139
124
149
156
151
137
144
115
158
123
149
112
139
125
129
135
154
149
148
125
134
150
147
142
116
139
142
144
130
135
116
135
127
118
115
125
136
130
146
123
130
145
120
138
131
139
142
132
108
138
129
122
126
109
127
105
137
125
103
110
142
134
110
113
113
119
115
121
112
111
116
109
103
116
134
114
95
111
117
109
117
100
108
121
110
94
125
113
118
117
110
95
123
127
106
102
119
104
119
98
124
111
97
96
99
116
121
112
111
91
80
109
112
113
97
114
111
103
89
129
106
97
117
113
110
100
107
107
95
107
97
113
104
111
112
118
113
101
129
102
115
107
116
93
95
103
112
105
92
106
93
111
105
120
99
111
112
91
103
114
100
87
110
93
79
98
97
87
92
92
100
90
107
85
104
111
88
81
104
93
119
89
99
107
104
89
102
92
85
103
94
99
77
98
100
86
81
109
105
74
71
85
84
91
93
78
95
82
104
84
83
87
95
92
98
71
103
82
90
94
78
85
74
100
99
104
86
90
98
96
91
97
77
89
98
79
77
89
78
94
80
94
89
87
87
88
90
83
89
92
79
85
78
106
115
95
92
75
88
72
88
81
71
73
89
92
85
100
71
85
84
78
102
76
82
75
99
86
114
102
73
79
88
90
127
168
197
214
226
217
180
157
134
78
97
80
93
87
78
99
100
81
95
107
103
108
71
95
75
70
60
91
72
77
83
63
80
88
82
85
82
58
75
67
74
58
92
69
74
89
77
81
79
63
67
83
61
88
76
98
77
57
70
73
78
70
81
68
79
69
91
75
78
78
68
83
59
67
75
62
77
69
80
84
61
71
73
78
68
66
73
66
87
70
67
72
73
57
66
72
56
54
66
63
73
84
68
71
75
73
62
58
70
72
75
73
66
64
57
69
68
59
72
80
67
63
61
73
66
71
79
58
67
53
59
71
58
57
57
76
72
66
67
84
68
55
65
61
65
68
61
63
69
82
61
67
65
62
57
79
53
67
67
72
61
62
65
61
57
69
59
72
70
71
57
82
56
66
75
60
55
58
55
65
68
57
51
74
48
76
60
81
51
65
55
66
62
54
57
64
71
49
62
78
65
53
79
58
69
66
62
68
55
47
61
82
76
66
59
76
68
58
43
59
60
54
53
63
51
56
52
45
58
51
57
62
59
51
61
59
35
47
52
52
51
66
49
54
53
61
55
63
52
54
61
56
54
59
62
73
48
64
71
53
59
47
50
58
48
54
56
62
67
60
60
45
50
50
56
70
67
74
59
53
57
55
56
51
48
64
55
55
65
64
84
94
108
79
89
78
95
47
66
48
50
73
39
48
45
56
53
58
53
50
61
47
51
68
64
64
57
58
57
47
65
58
53
51
55
55
57
53
53
53
54
46
46
50
69
54
49
58
46
45
47
55
52
58
61
54
37
48
56
51
53
42
63
42
46
57
51
44
62
39
54
62
53
47
52
46
49
50
50
61
48
50
62
55
39
57
44
61
47
51
46
43
55
49
51
41
35
51
45
49
44
37
56
57
49
57
51
45
50
49
60
58
52
49
48
64
46
58
46
49
44
38
57
49
42
50
54
42
51
50
38
45
50
38
48
57
53
65
63
47
44
47
36
49
54
51
40
49
47
42
52
40
38
55
46
69
49
37
53
54
41
49
40
42
50
36
44
60
58
52
48
53
44
49
54
58
57
48
44
43
66
43
42
52
41
45
46
36
39
37
52
53
45
47
48
33
51
47
43
45
43
41
57
53
33
34
44
46
41
36
36
36
53
53
34
43
52
45
48
59
58
67
59
74
69
68
71
69
46
44
49
53
47
51
49
41
33
35
40
46
39
39
38
40
50
37
35
64
44
49
44
45
47
41
42
50
44
47
44
42
38
41
48
47
53
43
42
42
39
40
37
45
50
50
48
49
47
32
37
44
37
38
49
41
45
40
49
51
54
72
95
107
121
112
107
82
61
55
54
45
62
46
50
44
41
43
20
30
39
41
31
35
31
31
39
31
31
50
43
42
48
29
33
48
44
35
35
38
46
47
36
42
52
35
44
38
46
26
36
33
44
37
33
41
47
43
33
36
40
30
39
35
41
50
34
38
43
40
45
43
30
48
39
52
40
49
34
30
33
37
44
33
32
49
38
42
55
48
42
45
48
41
50
44
31
44
34
41
32
44
43
38
42
42
47
42
47
34
44
43
42
47
31
38
38
44
35
45
38
41
51
29
46
55
43
47
47
22
45
36
32
40
33
44
29
37
30
37
33
34
43
42
44
46
36
45
43
40
40
33
29
35
34
38
32
42
44
54
33
37
38
45
32
41
34
30
41
34
35
50
37
52
27
35
37
41
38
45
51
35
31
34
32
38
40
36
26
46
42
45
46
30
34
42
37
46
38
33
41
34
38
33
30
49
43
36
52
47
34
28
30
32
42
53
40
28
40
34
30
34
32
37
28
37
27
36
33
42
37
39
31
36
34
27
51
40
30
46
37
43
36
41
28
32
48
37
44
33
33
41
29
37
24
35
34
35
39
46
37
23
32
34
49
31
40
32
39
36
37
36
32
26
32
30
42
29
32
25
37
35
28
40
33
39
46
40
53
31
41
32
41
40
27
42
46
37
35
35
49
33
37
31
26
28
35
38
23
36
37
32
28
40
28
35
30
43
41
43
32
37
43
42
28
34
47
36
31
32
26
35
27
31
30
38
31
46
39
47
32
30
29
34
35
28
41
33
42
37
38
44
40
33
41
35
37
30
27
33
33
31
31
27
40
32
29
36
37
32
45
35
35
39
28
36
35
37
30
35
37
37
36
39
47
33
39
48
36
25
34
46
32
34
33
21
28
29
35
43
33
26
37
28
45
31
32
23
28
25
33
45
24
40
34
24
25
36
33
35
34
29
29
31
27
23
29
29
43
37
41
33
39
23
41
35
35
29
36
36
32
30
27
30
35
32
37
26
39
37
33
43
25
38
40
27
27
32
45
33
24
29
37
33
32
28
20
28
30
35
31
22
29
46
35
21
26
25
29
36
31
28
33
34
24
20
33
28
26
30
26
26
28
25
29
29
20
25
25
26
32
40
36
31
31
29
25
26
24
33
27
25
35
24
31
28
39
28
27
22
23
28
28
36
24
29
37
31
21
28
26
28
21
29
32
24
31
29
28
42
37
24
31
37
32
34
20
27
33
36
25
29
22
25
30
31
27
38
22
26
33
38
34
33
31
27
31
27
32
27
42
37
27
20
34
28
31
32
32
37
25
22
31
33
37
31
20
22
31
20
22
28
37
26
27
36
36
18
34
30
28
26
19
25
33
47
35
29
18
37
30
22
26
27
27
30
26
24
31
27
30
26
28
26
33
19
40
23
26
33
34
33
29
27
24
27
32
25
31
25
36
34
25
28
35
30
34
29
32
22
25
20
23
28
27
32
37
31
30
29
24
34
32
35
34
28
29
25
18
42
28
30
30
28
32
38
32
35
27
41
29
32
31
24
28
30
35
35
35
28
36
27
33
25
20
31
25
23
34
24
28
28
28
34
31
30
31
35
26
32
34
24
27
27
22
38
24
22
24
25
34
21
26
22
26
43
27
23
18
29
31
29
32
44
22
24
20
25
23
19
33
27
27
31
27
36
30
31
28
39
22
29
31
23
18
26
32
32
23
29
23
22
27
27
31
35
25
31
19
35
32
17
28
37
29
30
27
27
24
28
31
27
29
30
30
35
25
30
19
29
26
33
29
26
28
27
32
24
25
28
28
36
29
28
43
31
32
24
27
34
32
51
49
55
66
49
50
42
33
37
34
45
32
33
30
27
27
26
25
37
33
19
29
31
21
35
26
26
22
29
28
32
28
28
18
29
21
17
22
16
24
24
28
29
34
34
26
26
35
24
27
30
24
26
19
24
29
33
28
30
16
29
25
23
27
34
28
34
24
31
23
34
30
23
28
30
18
34
24
26
31
24
15
28
29
27
24
20
28
27
16
25
27
19
24
30
30
23
36
28
32
18
26
28
24
25
27
31
31
19
20
18
29
20
22
31
29
26
30
21
29
19
25
19
35
20
21
18
29
26
28
23
27
22
22
20
32
26
34
22
31
28
21
24
24
23
23
25
19
35
22
31
23
27
37
29
30
24
18
21
26
22
26
21
21
29
21
30
35
23
32
18
32
31
24
23
27
24
24
28
24
23
32
26
31
28
26
31
22
24
16
31
29
28
23
31
32
35
30
30
24
20
24
41
27
23
25
22
25
14
25
23
31
24
29
24
26
33
20
21
18
31
29
30
27
20
23
29
21
23
33
27
24
23
36
26
24
22
23
24
28
24
19
26
28
29
31
29
19
38
22
32
25
27
25
30
17
20
31
20
23
26
38
27
20
22
25
30
21
34
26
31
21
25
28
27
23
22
19
21
31
23
34
26
21
25
24
29
21
16
27
24
24
26
12
30
23
38
20
19
26
25
18
24
26
20
22
31
29
28
28
26
27
25
28
21
15
28
23
21
20
21
21
28
22
19
25
25
15
25
28
19
21
15
16
24
27
21
21
25
25
19
21
25
22
40
21
18
22
31
24
24
19
20
22
22
22
24
27
24
20
19
40
24
26
19
28
26
31
55
61
54
90
77
68
81
47
44
44
28
27
23
34
25
24
19
19
21
34
13
31
22
23
27
18
28
22
29
22
26
23
32
25
17
15
22
26
17
34
24
25
22
19
20
25
22
23
31
28
28
17
32
29
31
26
21
24
25
17
24
21
22
21
22
22
26
24
21
18
26
25
25
25
30
30
28
19
20
23
22
24
25
19
33
26
22
19
29
19
21
33
22
26
28
18
14
30
25
19
25
30
14
27
20
26
26
23
28
21
21
26
25
29
30
25
22
15
18
27
29
35
24
25
26
21
19
15
24
19
28
29
38
36
57
75
81
88
95
79
56
50
42
33
24
17
28
31
23
18
17
19
20
22
23
29
18
25
24
26
18
21
23
23
22
27
22
19
30
22
21
34
17
20
15
30
17
27
14
23
15
23
23
28
21
18
21
31
26
19
21
27
19
24
19
23
20
19
29
17
16
21
26
22
21
25
22
20
18
15
23
34
25
23
20
19
23
23
25
25
12
24
16
23
16
25
18
17
25
23
32
15
36
22
25
30
19
24
33
9
20
23
25
26
30
15
20
28
22
17
20
25
22
25
14
23
32
16
21
19
29
16
27
18
30
19
23
25
26
25
26
24
25
15
24
26
20
23
17
23
18
22
22
24
16
25
32
21
23
17
17
24
21
28
18
15
29
20
21
28
18
24
22
25
22
21
20
20
16
19
25
29
22
20
22
24
21
19
22
25
20
16
17
24
20
27
13
23
19
25
21
16
31
25
25
25
16
21
24
19
26
28
19
16
19
25
24
19
16
24
20
27
27
23
18
18
21
21
26
21
12
23
25
21
15
27
21
22
19
23
26
22
22
29
23
16
17
25
25
27
19
19
20
32
20
16
24
23
24
21
28
21
21
19
17
19
25
18
18
27
21
22
24
23
23
25
33
34
22
20
21
17
17
18
24
15
22
17
20
18
28
23
26
19
29
16
14
16
24
20
14
22
23
17
22
16
26
20
20
26
13
20
18
18
16
20
20
28
28
19
25
22
25
20
24
25
29
16
10
19
32
28
28
15
20
21
27
15
15
23
21
33
20
17
16
22
21
16
13
20
21
14
18
17
15
24
15
27
24
21
19
18
20
19
20
19
24
16
18
25
23
16
18
21
18
18
29
24
17
21
21
20
24
27
15
18
20
25
19
16
22
21
20
27
14
21
16
23
22
20
17
26
17
30
14
19
20
28
23
12
19
22
23
13
16
29
15
12
18
28
28
29
13
22
14
18
22
24
19
11
13
16
20
25
14
21
20
20
23
24
13
18
27
32
16
22
23
19
11
24
19
23
17
18
29
25
13
30
19
26
25
20
27
16
22
21
20
20
19
22
23
28
23
28
22
25
24
17
23
15
15
22
21
29
12
16
29
17
24
26
19
19
25
19
15
19
21
22
21
24
18
17
17
18
28
13
22
26
22
16
17
28
26
21
23
24
22
17
20
23
18
19
10
20
12
18
13
23
15
33
28
26
18
17
16
23
21
24
19
25
16
22
20
21
17
22
22
23
21
13
16
28
20
23
20
14
18
23
20
20
16
17
18
15
16
15
13
13
20
23
24
24
16
23
22
14
15
19
28
22
20
18
26
27
17
16
23
18
23
16
27
25
14
18
20
15
21
17
18
17
21
26
25
23
24
29
29
31
30
38
33
38
22
32
21
18
13
11
24
19
18
20
16
25
12
21
19
15
23
23
20
23
20
33
18
18
19
20
27
25
18
22
16
15
20
14
19
21
27
21
15
13
17
22
21
22
22
21
21
16
23
19
27
17
18
27
12
19
20
25
24
26
23
14
18
16
26
18
18
19
23
17
23
17
21
20
16
22
24
16
22
21
21
20
25
22
22
19
17
23
19
21
20
18
19
29
18
25
19
25
17
15
20
23
26
13
17
29
22
24
13
24
20
16
21
18
23
11
19
15
18
22
20
21
21
33
22
22
16
18
21
24
20
18
25
19
15
17
23
22
29
18
23
22
19
19
14
25
15
17
21
18
27
14
11
17
15
12
12
20
7
27
21
25
17
16
17
17
19
25
24
21
14
23
22
30
16
27
18
19
18
14
20
19
22
30
23
23
20
19
13
20
19
29
25
18
20
15
22
14
17
22
20
21
26
16
24
17
19
23
22
27
25
23
17
17
15
19
15
18
17
24
17
19
18
24
20
26
23
20
28
23
18
19
11
13
17
21
24
29
12
13
24
18
15
17
18
19
27
32
18
15
11
17
13
22
20
28
18
15
18
12
14
23
16
13
19
21
21
20
25
25
18
10
15
19
15
17
30
17
16
11
14
17
24
30
20
31
21
18
20
21
22
27
20
24
30
16
19
24
19
23
23
21
25
17
18
19
24
15
30
14
25
22
14
9
18
14
14
14
15
18
24
17
19
19
27
20
17
27
18
27
15
15
25
22
21
21
26
23
18
23
28
31
27
22
25
18
21
15
20
15
16
25
14
17
19
15
16
14
21
21
22
18
24
15
25
21
22
14
19
19
12
18
15
16
17
19
20
20
20
20
16
17
12
18
24
17
15
17
11
20
18
17
13
14
10
27
14
22
26
18
23
23
14
15
13
17
20
21
18
15
22
24
20
23
19
16
14
16
21
18
20
18
18
24
22
14
20
23
23
9
17
24
16
14
8
17
22
14
15
18
11
29
11
35
19
14
20
18
20
21
21
23
15
20
16
15
18
11
12
24
13
20
20
20
17
22
17
11
17
28
16
19
19
15
24
22
21
23
18
18
12
18
15
23
20
16
17
20
23
24
16
24
24
20
15
26
18
17
20
27
26
20
13
21
22
18
19
20
23
22
21
18
16
15
25
24
19
23
15
23
20
14
22
15
15
17
32
17
24
14
13
17
20
23
22
16
13
18
27
20
11
16
11
17
18
21
24
15
22
16
27
23
23
21
23
13
17
9
20
22
17
27
21
10
20
21
30
20
16
17
15
17
15
21
13
25
21
17
23
16
22
19
17
22
17
16
25
16
11
15
21
14
18
23
20
16
23
13
20
16
19
15
18
15
21
15
19
21
21
14
13
15
13
13
10
17
20
12
15
28
16
10
18
23
19
23
14
17
16
19
17
17
27
20
22
20
16
17
21
18
24
17
25
23
23
16
21
26
18
15
18
23
13
16
16
23
24
17
19
15
19
14
17
17
28
11
19
21
18
21
23
25
17
15
19
24
30
39
26
28
20
35
17
15
18
17
18
20
16
12
18
13
19
34
7
14
19
13
20
19
13
14
27
10
19
22
17
13
22
25
25
22
12
18
27
33
26
13
19
26
22
17
20
25
17
19
20
14
12
19
12
19
11
21
16
12
9
11
14
8
12
19
13
18
21
20
15
13
11
13
24
23
13
14
20
21
20
16
17
21
17
27
22
13
17
18
20
20
10
19
18
18
16
15
15
12
18
20
15
19
19
11
15
18
12
15
12
16
16
14
17
17
11
15
19
15
13
24
24
14
13
15
15
15
16
13
13
15
12
16
14
14
18
13
18
20
22
12
19
18
11
16
19
15
20
15
16
14
20
16
27
14
11
14
21
17
21
18
16
22
29
18
18
15
15
16
20
17
19
20
19
15
19
15
15
18
8
16
14
22
11
13
7
15
15
24
15
21
6
18
19
25
20
16
18
17
13
15
14
18
20
23
21
18
15
16
15
18
28
11
19
12
17
14
20
20
17
10
15
25
20
28
17
19
14
14
18
12
20
14
11
22
15
12
15
20
13
14
15
12
21
12
16
16
17
19
14
28
17
19
50
45
41
53
52
48
41
38
39
32
30
28
18
20
16
18
14
28
19
14
21
13
21
21
14
21
18
19
20
23
28
13
22
17
20
13
16
15
16
20
9
19
17
16
21
12
23
22
18
13
21
23
11
23
26
15
19
26
20
26
17
19
17
22
20
17
20
15
15
19
15
24
17
11
15
17
15
8
26
20
31
22
21
21
23
19
14
17
13
11
19
13
19
21
13
8
18
16
18
18
18
18
15
10
23
16
16
18
14
13
18
15
16
19
15
15
9
20
18
13
14
26
14
19
15
22
19
15
18
23
24
19
19
12
18
20
20
16
15
14
21
19
16
17
24
20
18
14
14
15
16
22
18
16
35
18
19
23
14
12
12
12
20
11
17
19
14
13
17
16
14
21
16
21
25
9
16
16
8
23
17
19
19
20
13
12
15
15
21
21
12
17
20
20
17
11
14
19
24
10
19
17
17
27
16
18
22
16
18
18
15
24
11
16
17
8
17
18
10
17
14
18
16
17
15
10
22
16
14
15
25
12
20
16
21
22
15
19
12
26
13
21
23
19
20
16
20
20
19
14
11
22
18
11
10
14
14
11
17
14
23
13
18
13
18
17
14
19
19
18
15
17
18
21
23
31
23
22
17
24
18
16
15
16
15
19
15
22
16
16
18
17
25
29
25
33
27
37
43
32
28
42
21
28
21
24
13
19
19
13
14
15
21
19
19
27
10
16
23
12
11
14
14
16
21
16
13
22
16
8
13
14
16
17
13
20
20
13
15
16
16
22
9
14
19
19
11
19
18
16
21
21
13
17
15
13
13
16
19
23
15
16
6
15
23
15
12
22
14
14
13
21
15
11
17
20
21
15
16
22
12
18
18
18
13
11
21
16
20
18
15
14
18
23
15
18
18
19
12
17
18
27
26
16
12
17
15
20
14
9
15
12
17
14
17
13
17
17
22
17
18
21
15
20
17
14
13
12
14
20
21
21
18
19
19
15
8
15
16
18
15
18
16
16
19
14
10
11
16
17
15
21
23
12
16
10
23
11
17
16
16
17
13
19
22
17
19
16
28
13
15
17
17
23
23
16
11
14
24
19
15
13
9
17
10
19
14
9
19
22
12
21
13
11
18
20
10
13
11
16
15
11
8
15
13
16
16
12
9
12
15
21
17
12
18
17
10
11
16
12
12
17
11
20
13
9
13
21
22
19
12
14
15
12
12
18
12
18
12
18
16
9
14
12
15
15
16
18
16
14
16
18
19
15
14
13
24
17
17
17
16
21
8
12
9
10
16
16
22
14
14
20
15
18
11
14
17
17
18
14
10
19
16
19
14
17
16
19
11
14
17
17
14
21
11
8
11
15
13
26
14
12
17
13
19
14
13
19
19
16
14
22
15
15
17
17
19
17
20
11
17
18
16
13
16
20
26
10
18
9
22
19
14
25
23
21
16
6
15
21
19
18
20
23
11
21
20
14
20
29
17
15
13
15
12
20
15
8
24
15
12
12
14
10
19
20
17
23
13
14
13
18
14
17
23
19
13
29
21
15
13
23
13
11
19
11
16
18
20
17
16
8
19
12
18
15
20
20
21
18
24
22
13
6
20
11
19
15
11
15
22
12
18
17
24
17
19
17
19
17
7
15
13
20
17
11
10
17
17
11
10
19
25
8
9
18
12
18
18
14
12
12
11
16
27
14
16
25
20
14
14
11
14
16
21
18
16
11
13
18
12
13
18
8
9
11
19
15
18
12
10
17
11
19
16
16
20
14
22
9
18
21
20
22
17
18
13
15
16
15
16
12
12
17
9
15
12
14
18
15
15
16
15
15
15
16
18
9
11
13
24
15
14
15
22
12
6
16
12
20
16
12
15
15
16
24
15
20
19
16
17
27
20
17
15
18
24
16
17
19
17
12
15
16
18
16
11
11
11
12
14
18
14
17
20
15
15
23
20
17
20
20
15
17
19
12
19
19
14
18
14
12
19
14
16
16
19
18
14
27
8
16
22
15
15
13
14
17
19
16
12
14
7
17
18
13
20
15
17
18
18
11
16
18
14
14
14
17
17
14
14
19
14
19
12
25
21
17
16
11
13
11
13
15
14
18
19
16
20
29
10
11
13
14
16
14
7
9
12
22
19
30
19
13
19
21
25
14
18
17
22
4
20
17
14
16
12
14
22
15
13
19
17
16
20
12
18
12
18
20
19
16
21
14
19
17
24
5
14
18
12
17
13
14
15
16
7
13
21
26
20
15
20
14
18
16
18
18
23
11
16
13
15
17
18
11
15
14
16
17
17
10
11
10
10
23
10
18
16
17
16
19
13
11
12
9
17
16
14
13
20
19
8
20
10
11
18
17
13
15
13
18
13
13
17
18
13
14
13
17
10
12
9
17
17
18
15
14
20
17
16
21
18
18
20
24
37
21
24
35
32
36
21
26
19
13
19
23
11
30
15
16
18
18
19
16
17
13
18
20
21
13
15
16
18
22
17
14
15
18
18
19
22
20
10
14
14
9
16
11
23
15
16
24
22
17
16
6
17
17
18
19
19
15
13
20
25
10
18
20
15
11
22
20
16
11
17
16
23
18
20
10
16
16
24
16
20
13
17
16
14
8
25
10
20
16
15
15
21
17
15
12
14
12
12
17
25
21
12
20
21
16
17
11
18
15
17
13
23
19
20
13
18
12
20
20
12
12
8
15
12
19
15
15
21
20
21
16
13
18
16
17
14
13
21
13
11
19
13
12
17
12
19
19
19
15
15
15
16
24
18
16
21
14
8
10
17
22
20
11
7
13
19
15
22
14
24
17
11
26
13
15
20
18
11
17
12
23
17
20
11
17
16
15
19
17
21
21
15
15
19
9
13
8
14
14
21
17
15
14
10
15
16
17
27
15
14
13
13
10
21
16
12
21
13
9
18
15
15
15
17
14
12
15
16
12
12
20
13
13
19
16
15
13
16
20
14
18
15
20
12
12
18
15
22
12
19
14
17
18
20
18
24
15
9
10
16
21
16
23
16
17
9
18
21
25
18
27
27
17
17
18
15
22
12
12
21
14
19
11
17
11
15
15
21
19
6
18
12
14
17
10
14
22
17
16
10
13
15
17
14
15
23
15
24
14
15
14
18
21
19
22
15
18
13
23
22
11
17
14
18
14
11
17
13
14
16
16
16
16
17
16
11
17
22
21
16
18
14
19
17
17
9
15
16
6
12
13
16
20
13
17
21
21
19
15
21
15
13
14
14
24
13
15
13
13
15
14
7
14
7
23
17
13
16
11
18
11
14
12
16
12
14
13
14
9
14
15
19
17
23
19
16
13
14
13
21
15
11
17
20
19
12
23
9
18
16
12
18
16
13
19
17
25
17
16
15
15
22
13
15
11
13
11
23
24
21
19
19
24
13
8
12
22
24
16
19
9
24
18
15
13
13
19
10
14
12
12
10
19
19
15
14
21
18
12
16
18
14
15
13
18
15
13
26
19
18
13
19
12
7
11
15
17
16
16
12
20
16
11
14
8
19
11
14
12
14
11
8
20
13
22
14
26
20
15
12
14
16
9
21
13
11
17
23
17
11
11
13
12
14
11
9
18
18
13
17
12
24
19
13
15
14
19
10
20
16
17
17
10
17
17
18
11
9
19
14
23
20
13
23
27
9
14
15
11
18
17
17
11
16
15
13
19
12
16
15
17
21
16
10
18
18
16
9
27
16
16
15
15
13
13
19
15
20
12
21
17
12
15
19
13
16
13
13
13
15
16
19
15
14
17
16
14
14
19
27
27
24
27
18
19
18
19
18
20
18
26
18
17
9
19
17
27
18
15
8
12
18
17
15
17
15
25
21
13
21
10
13
13
20
14
19
8
20
21
18
14
8
8
13
13
13
20
20
14
19
16
15
19
18
7
20
15
14
19
10
12
16
16
17
15
14
13
17
16
9
23
21
19
17
17
16
21
22
23
12
19
15
19
14
12
15
13
17
16
22
12
15
20
12
11
13
18
10
18
12
11
11
15
11
10
15
21
14
14
17
18
15
8
16
18
13
14
16
18
16
20
18
14
15
14
28
15
17
19
11
14
17
12
15
19
14
20
19
14
14
18
17
13
9
20
12
18
12
11
6
16
14
8
17
11
16
16
15
12
11
14
17
15
15
13
10
14
10
13
15
15
18
12
8
21
6
15
17
11
21
12
10
10
14
19
19
16
20
21
16
16
8
17
17
12
21
15
13
17
7
10
17
9
5
14
10
10
13
17
11
13
11
11
17
14
15
16
11
13
18
13
11
12
17
17
18
17
13
11
17
14
14
20
17
13
12
10
16
11
18
9
12
14
13
19
15
14
16
14
15
20
13
12
22
14
9
9
12
11
16
15
13
15
13
12
13
13
10
14
9
16
14
10
8
19
13
9
8
12
18
13
17
13
19
12
19
15
21
18
16
9
13
11
14
13
12
15
11
11
13
15
15
18
17
13
8
14
16
18
18
13
20
17
18
13
17
13
9
15
11
9
7
11
17
25
13
20
18
19
13
10
19
14
20
10
16
9
12
11
18
13
14
11
11
13
8
16
13
16
17
12
15
16
18
17
15
19
14
11
15
10
14
13
12
10
13
15
13
15
14
12
12
12
18
15
10
13
5
12
14
17
8
16
8
19
16
13
12
13
12
18
15
8
12
10
12
15
14
16
10
14
14
14
12
16
12
18
10
16
11
10
13
10
14
18
18
13
12
10
18
19
16
13
7
9
7
14
13
11
10
18
16
13
16
11
11
13
22
15
11
17
16
9
18
10
9
10
14
8
17
12
18
11
5
10
20
15
16
12
10
11
12
18
13
15
13
16
11
12
13
16
15
10
10
13
17
19
18
20
22
29
17
18
25
22
23
18
18
21
9
12
13
15
17
16
17
17
14
14
22
17
15
13
10
16
15
15
10
18
17
16
8
7
9
12
12
15
10
17
11
16
16
15
18
12
12
12
15
15
13
19
9
15
10
8
15
13
13
17
8
13
10
9
13
10
10
18
9
5
12
10
13
13
18
10
7
14
12
3
15
17
16
15
10
6
11
16
17
15
8
16
6
16
13
10
15
13
13
14
9
12
20
14
13
13
13
17
11
15
13
12
12
12
15
17
14
14
8
11
16
18
11
8
9
12
12
15
18
13
12
15
11
11
11
12
15
12
15
10
19
11
16
14
14
15
8
12
15
15
17
17
16
7
14
11
5
17
21
4
9
14
15
13
10
8
20
13
9
12
19
15
17
9
13
9
16
16
13
6
16
11
18
13
13
16
8
15
17
16
11
12
11
22
15
11
20
14
12
8
7
17
13
17
13
8
12
7
14
9
10
6
14
12
19
15
12
11
11
15
9
17
15
10
14
17
16
13
17
14
18
15
7
17
20
9
11
12
14
12
16
9
9
18
14
10
11
12
21
14
10
13
12
11
12
14
13
9
15
15
22
13
18
8
11
11
9
15
6
17
15
12
21
16
11
14
6
14
9
8
15
10
16
10
25
15
8
11
16
20
16
17
10
7
14
21
13
9
21
12
21
12
10
16
14
16
14
13
12
11
19
11
10
13
14
10
10
13
18
14
16
15
17
13
16
15
12
9
8
9
16
10
15
7
8
10
17
12
10
13
9
13
18
7
6
19
11
14
13
17
12
9
20
17
21
11
13
20
13
8
17
10
11
12
17
16
20
12
10
11
9
18
5
17
12
19
11
9
17
15
15
7
17
16
18
16
18
14
14
9
12
8
12
11
17
15
13
15
16
14
12
9
12
11
14
6
12
18
12
10
20
7
11
18
14
13
15
18
10
10
10
10
14
16
15
12
13
12
15
15
12
9
14
18
11
13
14
11
11
18
11
15
11
10
16
8
19
12
15
11
8
14
14
12
15
17
11
9
18
10
13
12
15
8
10
14
14
12
10
10
17
9
10
11
20
9
14
8
16
16
17
12
16
14
11
11
4
17
7
11
12
13
16
8
13
12
11
14
12
11
18
14
16
15
7
9
8
18
7
14
9
12
11
10
14
14
11
9
13
22
11
15
12
13
16
11
16
10
10
10
13
10
9
11
6
17
17
10
9
5
12
10
10
8
11
11
7
11
16
10
12
16
8
12
10
13
14
11
12
13
14
12
10
4
13
12
17
8
12
13
13
16
10
12
8
13
12
5
16
19
14
21
10
18
10
12
7
13
14
8
19
10
22
12
10
8
16
7
12
14
9
10
16
14
4
14
15
19
12
12
19
18
6
15
15
16
13
13
12
12
12
10
9
8
11
14
13
12
11
9
19
8
14
16
7
20
15
12
11
26
10
19
10
17
27
22
40
52
81
101
144
142
151
174
161
148
132
120
89
73
38
34
29
22
20
16
11
15
11
15
10
13
13
7
11
14
8
11
11
13
10
10
7
10
16
16
16
13
16
9
13
10
14
9
10
15
18
20
17
16
15
19
19
18
13
12
13
15
11
12
20
20
14
14
13
12
12
9
6
17
18
14
11
9
3
18
14
9
16
14
9
14
6
9
14
16
10
13
7
15
16
12
11
7
14
13
5
12
8
7
16
13
10
11
17
10
13
16
8
14
18
11
15
10
13
12
14
16
23
13
16
16
10
15
12
10
14
14
17
11
15
6
9
15
10
15
15
7
18
13
6
16
10
11
12
11
19
12
16
15
12
12
13
12
16
5
10
12
11
10
11
9
6
6
11
12
7
12
16
17
14
13
12
8
7
12
8
12
17
14
11
14
14
12
19
15
8
13
20
2
15
11
10
15
15
19
17
15
17
6
7
11
13
14
10
11
6
14
14
13
13
11
16
12
8
15
14
14
22
16
5
9
16
15
15
9
12
10
17
11
15
11
15
9
9
11
19
12
15
14
10
10
15
10
12
12
17
12
13
12
8
12
17
14
9
9
16
9
16
10
8
8
12
9
12
15
14
12
15
14
16
7
9
11
10
9
17
9
14
11
11
15
8
13
12
8
12
14
13
14
10
9
14
16
18
18
12
9
18
8
15
14
9
10
10
15
8
12
10
15
11
11
9
9
8
12
17
19
12
10
11
11
5
12
9
6
7
7
15
14
14
12
12
10
10
8
12
9
8
16
15
12
12
13
13
9
10
11
12
12
12
13
14
15
20
11
16
15
9
9
12
13
12
6
16
10
10
16
10
11
14
8
12
5
17
10
13
11
9
14
14
11
8
15
11
12
13
9
12
12
15
9
6
16
16
16
8
15
13
8
15
12
10
9
5
11
11
10
11
14
11
13
16
11
13
9
16
11
14
12
10
11
16
11
10
17
7
14
12
24
12
13
12
8
15
9
9
10
13
10
13
8
13
12
14
10
12
7
8
14
16
13
16
16
7
8
14
9
14
8
14
18
12
11
10
14
13
6
10
14
10
18
14
10
12
10
10
11
17
15
9
16
8
18
17
15
4
7
19
10
11
8
13
9
14
16
10
14
9
8
11
9
14
12
15
8
12
11
16
14
9
11
7
8
12
8
8
11
15
18
11
13
12
4
6
15
9
10
9
9
2
11
12
13
13
11
6
18
12
7
13
15
14
19
9
11
13
17
12
17
9
8
16
12
15
13
11
8
13
13
11
9
12
10
11
11
11
9
18
8
11
21
15
11
9
8
15
4
16
12
11
12
16
11
9
10
11
12
15
8
15
15
6
11
12
15
9
12
13
9
14
7
18
12
5
7
14
14
6
8
9
14
10
13
9
12
10
11
11
15
13
19
8
11
13
14
9
10
11
17
9
12
10
19
13
10
16
12
11
11
8
14
11
7
19
9
20
12
14
11
12
11
15
16
15
12
11
20
11
6
16
11
16
10
13
15
11
14
13
11
17
16
16
14
13
13
21
12
12
12
11
13
5
9
11
11
7
17
11
12
15
9
12
14
12
13
17
13
14
16
8
14
5
13
16
13
9
17
13
8
12
13
12
520
546
517
454
497
523
551
546
510
500
495
538
486
568
550
512
522
547
571
487
525
555
555
539
546
549
535
572
470
537
521
517
554
502
518
550
531
581
506
505
532
532
515
548
483
489
496
510
518
496
493
492
543
535
518
513
512
517
523
524
517
483
524
509
511
488
524
531
521
504
550
500
530
544
533
519
508
514
490
492
498
486
475
487
529
526
547
517
493
508
499
530
506
513
506
498
496
518
537
556
501
491
491
532
500
529
505
527
525
489
517
502
595
479
507
538
493
491
539
491
478
559
453
493
459
503
472
260
