21
27
25
22
21
25
18
19
26
23
16
17
19
16
24
26
18
25
13
17
18
17
12
16
16
10
16
14
10
19
17
12
13
16
12
16
14
12
10
18
12
15
8
9
11
16
17
7
7
10
11
5
11
16
17
20
15
36
55
132
241
414
454
537
521
594
727
752
1015
1089
1159
1070
1004
809
729
658
499
490
533
475
514
458
487
483
504
427
437
460
455
428
416
461
471
467
467
460
481
447
461
440
455
491
405
470
400
455
437
446
425
446
425
455
452
434
445
482
445
415
484
466
426
411
463
467
459
435
461
439
469
425
461
434
437
429
439
465
443
487
437
428
491
449
419
443
448
465
443
459
473
425
443
490
463
447
428
474
456
463
433
483
493
444
483
437
482
470
437
439
473
485
451
470
470
450
457
477
461
447
505
449
492
527
491
467
495
425
434
470
487
444
503
461
488
490
462
502
502
449
506
492
465
544
479
501
517
504
457
466
493
493
475
480
505
453
532
469
528
468
484
513
514
515
503
483
510
492
502
524
501
516
475
533
468
554
491
541
526
535
555
515
502
554
530
598
502
523
494
532
547
524
545
545
578
562
488
480
571
556
546
542
555
557
602
582
556
546
571
610
583
563
559
600
527
559
570
567
562
543
581
599
570
574
591
591
595
569
604
599
603
640
536
582
623
570
585
580
614
603
602
613
652
587
627
629
602
640
604
585
648
636
643
615
641
597
608
608
617
608
646
615
623
585
609
644
651
602
635
612
623
628
648
612
664
629
610
598
663
669
666
630
583
630
644
626
645
672
639
595
630
620
626
655
636
609
675
627
672
638
674
636
664
659
639
672
653
653
636
624
649
643
666
662
634
642
652
677
655
633
731
666
666
660
672
684
627
623
646
648
653
642
643
646
665
662
686
626
653
640
632
644
667
668
614
666
628
668
641
658
741
669
704
636
658
655
632
659
676
649
666
638
650
661
662
672
648
666
666
634
629
653
662
709
668
657
671
647
634
701
717
641
664
679
723
689
709
696
632
648
678
635
682
651
654
718
684
645
692
620
716
666
681
683
682
672
651
673
694
720
650
636
702
721
672
650
713
693
698
683
675
694
706
686
655
687
654
624
699
667
706
746
694
699
704
670
696
681
725
694
715
685
728
710
712
729
677
690
695
690
736
703
725
675
729
748
653
721
657
723
671
675
692
657
704
738
735
720
756
722
718
700
660
682
696
690
702
694
687
678
691
741
716
682
664
691
707
653
719
689
758
703
700
715
705
736
701
704
728
714
687
722
710
683
708
723
713
763
709
708
724
716
692
672
690
710
708
717
705
729
741
672
651
714
695
683
692
677
711
705
712
666
713
706
696
695
695
721
674
744
667
693
710
704
693
741
708
719
669
691
697
717
685
710
731
703
681
722
691
676
654
701
702
719
702
715
698
711
716
677
679
670
669
704
677
659
684
704
673
672
719
725
675
747
703
696
712
630
702
670
694
668
683
713
699
668
682
702
705
673
691
690
688
708
705
732
710
710
705
736
745
725
674
712
673
718
717
705
694
724
717
676
721
644
740
694
715
706
727
714
700
684
716
693
685
703
723
714
704
703
706
682
712
702
687
723
777
695
696
752
716
731
705
757
705
715
730
714
712
738
684
734
696
775
757
724
709
699
765
766
717
704
768
760
725
756
795
760
790
772
749
760
739
760
770
772
758
796
749
773
773
716
805
798
749
761
771
781
760
772
749
779
815
794
843
857
781
822
787
779
863
799
840
785
805
831
807
787
812
834
867
811
810
820
831
830
878
795
843
892
844
882
821
839
879
851
834
837
820
825
869
833
860
836
861
819
853
799
823
862
846
847
866
880
849
870
882
845
808
922
922
881
873
867
861
811
814
867
843
946
841
846
864
882
835
880
891
885
879
880
815
859
876
844
849
855
875
880
847
839
827
877
888
832
864
837
836
831
876
889
837
847
844
854
861
887
847
784
846
836
868
866
831
797
813
827
861
871
877
823
805
790
806
822
806
783
772
847
832
803
839
775
815
862
793
851
806
831
784
790
847
823
849
819
776
814
806
794
783
806
791
756
762
797
785
806
779
807
808
814
799
773
766
816
821
793
756
787
764
773
811
807
774
756
827
829
762
759
781
763
792
790
755
788
819
779
781
772
819
772
718
740
777
756
729
773
750
783
777
774
747
722
799
745
789
737
785
768
783
744
813
738
775
726
691
759
777
717
699
746
721
756
765
796
750
772
740
698
702
722
767
746
732
746
747
747
759
669
761
736
737
741
776
772
724
708
742
716
791
681
709
726
726
755
708
719
729
705
711
731
677
724
744
739
762
736
720
737
710
732
717
723
716
740
714
744
734
714
667
743
684
669
735
720
689
716
693
729
737
732
669
729
704
727
653
660
669
734
699
695
714
720
743
705
729
714
739
690
705
679
714
700
700
699
672
687
698
716
713
651
703
706
704
616
697
683
642
671
705
670
708
692
731
669
683
650
674
625
707
680
675
653
687
648
653
642
662
686
656
658
711
652
661
648
694
628
643
669
674
639
615
616
637
675
647
646
688
649
649
672
657
658
668
579
627
638
710
648
645
642
662
632
639
656
673
697
635
636
585
626
677
696
646
623
670
628
644
643
619
657
584
618
661
643
656
618
622
641
642
666
615
606
631
634
651
620
654
598
626
610
619
641
647
612
609
638
629
625
607
644
624
602
614
591
613
605
615
626
615
625
614
605
593
626
626
600
627
599
611
639
644
607
621
640
624
632
618
591
569
614
602
620
604
614
609
586
607
590
584
610
557
614
601
554
573
546
633
562
596
567
592
526
571
591
610
632
591
618
618
649
596
582
604
605
577
569
549
568
577
572
602
613
577
570
569
556
578
564
583
615
623
596
632
599
591
592
600
584
623
582
589
553
571
603
580
587
633
590
595
580
605
573
599
556
569
601
610
573
576
567
630
581
598
588
563
586
587
608
595
577
583
643
589
563
607
545
579
635
565
608
583
645
619
600
566
539
591
584
603
528
559
606
599
586
591
568
577
543
587
588
599
587
558
597
594
585
582
630
536
557
616
544
590
595
569
541
594
595
607
573
613
571
545
612
567
603
550
565
523
577
580
544
613
586
555
553
576
595
564
631
579
575
599
613
525
565
554
567
576
570
602
555
588
553
550
535
573
542
524
535
582
549
555
595
599
611
599
578
583
604
557
581
558
573
580
562
551
564
596
569
590
555
571
557
555
552
545
590
571
541
585
563
546
529
544
563
540
607
557
500
550
558
584
555
569
564
513
526
540
578
554
568
563
551
525
525
556
521
532
551
551
526
516
549
538
533
506
524
552
561
551
479
501
543
542
531
516
503
541
495
521
536
533
508
501
533
539
511
495
513
480
549
522
511
481
504
527
496
525
497
466
459
467
489
468
524
479
505
488
505
480
479
505
486
465
453
420
476
481
468
474
463
435
446
484
446
483
436
474
431
458
432
434
440
450
464
443
454
419
400
457
424
453
435
480
458
423
442
439
449
387
445
417
396
402
409
421
409
433
418
386
406
418
401
365
381
404
407
413
368
386
342
391
414
394
401
394
368
405
377
369
358
362
341
346
411
366
385
403
370
377
414
385
354
368
370
418
395
351
369
351
382
332
353
362
352
348
365
322
350
350
357
346
356
345
353
338
297
344
351
308
386
337
336
316
298
352
344
312
336
328
319
284
323
298
330
321
324
286
306
287
294
323
316
306
316
304
326
339
305
297
291
306
337
305
302
315
326
276
279
265
339
286
288
294
285
316
301
307
302
320
285
293
254
296
329
243
295
313
270
297
254
264
331
339
285
289
292
298
283
283
267
305
300
305
287
293
306
302
267
264
278
297
291
267
281
286
258
279
276
299
232
258
287
270
276
308
267
287
266
269
284
268
273
269
284
274
277
273
245
263
275
277
250
272
275
274
260
217
283
267
266
263
269
285
252
260
265
279
258
260
252
249
257
265
286
267
261
249
238
263
248
246
215
231
271
263
242
239
249
238
246
244
264
239
217
257
276
236
264
248
242
236
271
260
231
232
256
275
244
232
244
244
237
267
208
232
239
266
253
250
230
250
239
238
256
240
253
234
226
261
240
256
241
240
226
241
244
249
222
253
257
244
257
264
256
240
246
234
242
223
243
241
224
240
232
224
225
242
241
216
273
239
221
238
240
252
232
241
262
241
235
225
216
211
220
224
230
246
242
234
245
216
233
230
250
241
234
217
235
199
225
244
217
229
207
227
225
227
244
242
245
216
210
224
242
198
214
212
246
237
275
225
218
220
254
244
205
227
232
228
249
216
235
245
238
228
224
215
209
225
199
211
241
207
219
221
213
206
238
234
235
219
249
230
241
195
243
205
224
251
231
226
239
211
214
234
217
234
219
210
201
217
187
205
205
237
245
206
204
218
208
227
219
221
236
232
241
218
220
225
206
211
204
206
222
240
203
212
204
206
182
217
225
231
232
230
205
230
191
218
207
202
222
206
239
198
207
190
231
211
234
219
219
214
240
227
221
227
220
244
211
202
217
231
221
189
218
216
212
202
207
206
231
260
216
213
205
227
210
219
211
220
211
234
220
212
216
220
223
192
232
207
186
195
206
201
238
188
220
207
223
235
221
209
240
221
208
208
222
223
190
239
216
221
222
205
192
228
215
211
196
212
215
214
212
241
225
237
224
221
194
238
229
247
205
214
223
219
247
234
266
254
228
225
215
209
232
248
276
248
222
211
249
271
249
250
277
244
272
267
231
249
252
240
240
236
250
229
225
267
259
230
280
249
286
262
281
258
266
267
265
247
298
304
313
288
291
322
282
314
325
314
291
341
336
322
310
310
347
325
332
376
344
370
349
330
348
341
343
356
373
366
376
418
397
430
400
443
415
455
438
432
442
418
424
435
480
449
498
497
476
473
524
508
483
507
514
502
587
570
584
559
571
577
606
603
605
647
643
620
646
650
647
646
703
697
709
674
714
727
729
791
735
781
795
785
801
869
858
847
862
872
901
937
971
904
976
999
971
1013
1035
1060
993
1061
1088
1076
1138
1135
1155
1168
1141
1202
1187
1154
1237
1256
1249
1282
1298
1365
1299
1325
1390
1382
1414
1450
1460
1491
1469
1500
1547
1503
1504
1584
1605
1650
1644
1681
1668
1706
1659
1770
1787
1781
1756
1752
1821
1890
1783
1894
1941
1946
1921
1854
1971
2042
2050
2142
2077
2078
2174
1984
2225
2122
2226
2087
2311
2240
2214
2231
2347
2264
2353
2428
2401
2400
2402
2465
2397
2459
2506
2401
2546
2616
2552
2528
2614
2593
2730
2717
2667
2748
2628
2700
2765
2710
2856
2793
2780
2800
2911
2859
2849
2957
2864
2834
2894
3016
2952
2900
2990
2997
3021
3038
3033
2938
3163
3078
3092
3115
3098
3226
3065
3129
3084
3138
3196
3150
3189
3080
3112
3207
3190
3130
3232
3216
3271
3272
3175
3370
3260
3214
3239
3286
3264
3315
3342
3190
3354
3269
3335
3206
3292
3256
3163
3226
3329
3284
3330
3186
3270
3308
3242
3214
3227
3296
3249
3173
3178
3173
3242
3132
3201
3148
3157
3230
3184
3040
3148
3051
3115
3201
3024
3065
3036
3070
3026
3034
3013
2996
3010
3080
2985
2976
2940
2995
2940
2996
2819
2932
2898
2889
2798
2875
2851
2844
2848
2786
2642
2695
2706
2683
2704
2502
2741
2650
2594
2645
2581
2614
2527
2530
2494
2466
2480
2437
2495
2399
2415
2373
2330
2399
2182
2250
2308
2234
2214
2243
2170
2176
2113
2192
2135
2204
2029
2098
2030
1999
2046
1971
1968
1930
1932
1802
1896
1908
1806
1799
1805
1737
1774
1711
1747
1665
1665
1656
1647
1706
1584
1546
1543
1515
1523
1587
1541
1399
1428
1456
1430
1411
1415
1418
1379
1349
1291
1282
1325
1269
1215
1307
1210
1226
1182
1208
1202
1156
1165
1149
1100
1119
1095
1030
1067
1044
967
994
973
998
982
920
943
882
879
906
908
847
868
846
843
872
828
742
775
777
799
791
741
696
710
661
693
665
657
679
611
628
720
601
587
614
587
570
580
554
576
575
565
558
522
511
533
485
514
488
466
436
440
476
471
454
467
418
427
375
451
407
405
418
389
366
363
384
385
374
360
354
336
371
330
380
343
349
305
313
292
310
272
324
260
307
274
322
273
277
251
277
268
277
272
250
265
243
230
244
231
252
231
250
203
221
252
221
239
241
211
229
226
211
213
194
191
215
210
182
207
228
203
191
195
194
175
195
194
184
186
195
201
191
190
202
155
159
175
186
175
175
185
171
180
147
168
150
180
174
156
157
151
143
156
141
161
154
154
150
147
144
168
159
132
133
155
119
143
135
123
122
129
140
149
132
140
131
125
139
120
135
122
128
113
133
102
111
126
137
147
130
127
143
142
140
130
135
123
146
132
119
126
129
114
107
137
131
154
123
115
125
134
119
123
126
125
106
116
112
128
116
114
121
130
128
116
114
136
118
98
131
129
118
113
117
106
121
109
132
111
111
112
135
108
123
111
121
113
106
105
126
116
114
117
110
124
90
124
105
105
109
113
112
108
119
105
109
102
127
118
96
105
99
100
113
92
92
94
106
86
103
113
124
113
108
116
127
92
103
96
118
96
118
100
95
114
111
104
113
115
113
111
75
102
112
124
77
90
114
108
104
109
125
99
108
103
110
100
102
107
109
105
85
105
100
96
94
117
112
125
102
98
92
93
95
117
103
93
118
95
111
110
102
82
96
108
110
92
98
101
124
92
92
119
82
122
103
99
98
118
93
107
97
105
90
96
109
108
85
92
96
93
98
92
100
101
98
97
108
117
109
100
110
111
112
102
116
91
92
100
102
83
97
93
97
100
92
98
102
88
104
108
77
94
99
107
94
94
121
96
109
80
116
96
93
100
99
105
96
92
111
102
116
119
99
103
105
87
101
90
116
93
101
72
101
96
90
91
97
87
112
106
100
100
91
76
109
131
118
100
75
92
94
99
103
96
95
107
106
100
94
91
89
104
99
93
106
108
84
99
101
88
95
86
86
100
102
96
111
98
96
106
96
92
93
67
113
99
98
87
98
105
107
79
92
92
103
103
107
103
106
88
90
88
96
95
90
105
90
84
108
99
96
107
103
97
89
90
96
104
112
112
107
83
93
77
108
107
96
96
108
89
105
101
102
107
85
112
89
91
105
106
100
104
85
108
115
108
115
93
111
91
105
108
97
79
101
103
109
105
104
87
94
109
90
75
107
107
109
87
84
120
98
104
103
75
95
104
99
89
98
104
113
83
83
97
107
93
92
95
94
102
106
99
104
96
101
106
108
86
82
91
96
92
96
90
118
104
101
101
103
101
95
90
93
93
107
105
81
112
80
101
83
98
112
92
93
106
108
106
89
108
100
95
110
120
111
95
100
96
101
102
99
89
110
87
100
99
103
109
92
89
94
102
103
110
95
96
105
113
84
96
91
108
101
108
105
103
94
117
107
98
110
97
97
101
107
95
105
121
110
117
106
110
93
83
105
110
108
109
119
99
97
84
103
112
99
95
104
108
88
118
109
131
103
86
99
104
106
105
93
104
103
109
109
97
79
86
112
99
91
103
107
112
105
117
104
124
107
97
93
101
121
106
103
96
98
96
80
126
114
102
101
102
115
95
114
120
126
95
113
91
124
97
113
90
97
112
111
95
111
93
107
104
83
109
102
107
100
110
109
96
115
99
98
105
97
99
103
117
101
102
97
104
100
100
97
103
123
87
95
104
90
113
113
102
110
104
78
104
106
91
89
83
95
90
122
85
106
83
117
104
108
97
100
105
98
121
108
110
110
80
125
82
98
97
101
88
119
123
95
104
115
103
101
83
88
118
90
98
92
127
94
106
108
70
103
91
90
84
103
92
119
108
114
103
98
106
92
91
99
85
101
105
87
99
113
97
89
101
120
100
94
112
97
104
96
73
108
111
100
90
112
95
98
106
108
87
100
105
96
117
102
102
87
104
85
104
95
82
102
97
84
92
94
95
89
92
111
120
99
76
99
92
110
102
104
99
86
105
90
94
89
84
94
93
87
101
89
101
104
105
108
114
94
93
95
95
97
120
108
104
87
94
102
107
94
95
110
96
87
100
100
114
98
111
106
95
104
91
80
114
96
89
102
86
122
90
80
79
100
106
103
106
104
104
110
113
97
102
84
114
95
104
86
94
99
90
117
97
104
102
96
93
95
89
93
98
103
93
88
95
90
97
103
87
112
112
105
84
97
98
93
103
98
93
111
85
97
85
95
75
113
111
93
94
82
115
93
104
111
89
100
93
109
87
111
102
119
92
107
103
111
92
98
101
95
95
109
95
108
88
106
99
87
85
107
98
78
105
96
94
97
111
105
98
101
93
97
96
102
113
106
108
99
106
100
96
93
99
113
95
82
91
89
98
93
103
112
110
100
95
92
91
100
101
108
112
93
79
101
87
87
95
109
98
90
90
94
103
88
87
101
106
98
99
107
95
92
114
103
99
99
91
87
73
114
99
95
101
127
81
90
89
100
109
91
98
104
121
107
102
92
94
100
94
94
109
97
103
95
83
84
93
98
116
102
88
100
92
114
78
98
98
88
92
107
96
89
87
108
105
97
109
109
108
110
116
86
101
96
88
97
105
91
98
99
85
100
113
100
84
85
89
107
107
96
103
85
92
100
109
74
93
101
113
97
91
117
96
106
98
107
118
82
96
105
91
79
99
81
94
86
91
105
94
78
83
123
102
88
83
103
103
106
98
113
103
109
95
88
101
95
94
115
93
106
112
94
113
100
117
94
92
105
96
106
95
109
102
104
91
90
106
95
103
107
108
106
81
106
78
108
95
87
80
81
112
89
84
106
98
105
109
94
106
83
89
96
88
113
95
97
90
134
85
106
99
90
108
114
102
100
89
98
92
92
99
99
79
101
96
104
115
111
102
101
101
96
105
107
103
101
92
107
87
96
96
98
100
103
96
91
107
129
109
87
104
86
99
87
98
82
89
88
96
86
102
108
105
100
104
92
102
107
103
103
89
77
104
107
110
93
113
92
91
101
95
93
97
105
87
103
102
100
102
114
99
98
101
95
87
113
100
102
113
122
103
119
105
95
90
109
93
83
96
103
93
115
94
102
86
94
124
108
90
115
102
74
93
107
98
93
98
101
107
77
107
103
113
97
85
97
117
90
93
92
87
113
121
93
105
89
105
97
91
88
110
79
98
103
84
92
99
88
102
121
111
106
108
119
98
104
81
99
107
96
96
109
114
104
106
103
102
100
91
102
112
120
109
104
82
105
102
104
99
114
97
89
103
118
118
115
94
103
93
106
101
108
109
87
121
120
97
117
91
109
100
111
105
91
94
96
94
106
88
105
112
87
89
112
84
97
105
114
109
91
84
99
99
123
108
93
98
86
94
104
91
97
104
114
100
112
112
91
95
88
87
107
100
104
96
109
98
123
104
92
97
113
94
126
102
106
109
111
105
109
113
102
109
109
86
115
102
103
114
92
114
87
104
110
108
109
116
109
100
99
109
103
116
97
118
93
123
103
91
83
114
111
88
105
92
109
111
86
122
91
111
113
105
106
93
104
106
108
95
118
103
91
87
113
116
107
96
112
113
89
100
109
101
113
121
90
117
104
103
94
121
100
99
94
105
100
110
109
116
98
106
122
97
96
100
101
106
110
102
91
102
110
92
113
110
113
111
102
107
99
100
102
112
102
94
99
116
102
85
101
118
120
96
95
110
121
91
112
98
113
112
98
100
100
119
86
132
118
112
107
122
98
105
109
125
113
109
115
93
103
117
101
103
92
111
94
109
109
106
113
106
116
102
114
101
114
98
115
102
107
109
103
108
96
111
115
108
114
109
110
110
116
118
109
121
108
115
128
101
113
114
98
105
123
108
101
105
108
90
142
90
108
94
115
96
106
132
109
112
100
97
119
124
117
114
108
119
120
128
115
119
120
106
93
111
88
113
123
134
121
124
99
109
116
116
123
113
107
124
117
104
115
109
107
104
119
102
106
107
108
119
120
112
126
108
116
114
96
100
129
124
112
111
111
127
107
109
104
118
110
106
100
112
116
142
101
113
99
119
125
103
119
103
111
112
110
99
120
98
119
119
128
104
130
114
110
103
127
124
113
113
110
116
114
127
125
133
132
119
115
117
115
111
116
105
123
112
124
86
125
112
103
116
128
98
127
117
102
132
122
107
123
109
126
129
117
109
102
127
114
109
121
119
123
121
103
117
110
110
115
108
111
105
110
119
127
132
94
115
103
118
124
98
125
104
102
115
112
122
119
133
128
116
129
127
112
117
106
141
116
115
126
108
133
103
123
142
112
120
108
112
118
107
118
110
127
114
136
112
119
125
105
116
115
109
104
96
122
102
131
136
107
95
115
106
124
121
117
124
130
112
129
95
101
134
100
106
124
108
101
91
122
114
117
110
115
118
111
116
103
103
118
116
111
116
110
105
124
120
116
117
88
121
111
135
116
128
121
129
97
113
109
110
117
127
111
122
114
115
112
113
120
122
88
116
110
118
110
126
106
110
116
119
114
102
113
116
127
120
116
130
121
111
114
106
128
120
129
93
108
115
111
114
114
102
103
110
105
130
107
112
109
115
118
133
104
121
104
89
122
102
107
112
112
110
115
85
117
103
128
143
103
107
113
119
108
122
99
120
120
135
114
112
106
126
107
104
116
115
94
127
96
106
104
129
120
113
106
109
94
117
110
92
117
80
95
106
101
108
114
96
102
101
108
100
116
109
99
112
91
104
91
96
102
93
90
81
118
103
96
103
105
86
101
99
105
97
111
112
110
101
86
107
99
93
108
89
95
110
107
102
81
111
80
100
102
104
91
107
88
86
106
106
92
121
103
97
88
101
95
96
105
95
90
114
112
88
95
101
93
92
99
94
107
102
90
111
92
83
91
87
87
99
108
88
93
102
91
86
89
98
98
78
114
70
86
101
91
68
90
79
91
75
104
79
84
80
111
87
84
87
85
91
86
91
98
89
93
74
84
77
84
86
78
84
80
70
85
83
72
82
80
82
79
83
76
86
74
84
79
74
77
70
81
81
80
77
78
82
71
84
85
84
73
80
74
93
81
90
63
81
73
88
89
77
64
82
80
66
82
78
70
95
68
73
80
82
78
87
75
67
78
83
75
69
90
59
80
82
89
66
82
80
62
80
85
63
65
76
83
78
65
64
50
53
70
85
69
58
62
55
70
70
77
58
59
76
68
67
65
60
61
61
73
61
69
48
82
55
54
51
64
66
63
54
53
53
67
63
47
75
42
60
75
49
66
75
61
68
71
68
81
52
51
61
64
74
56
61
57
64
53
47
61
67
61
71
61
57
55
50
50
54
72
62
67
45
55
61
60
38
50
60
49
54
53
50
53
53
57
51
59
59
50
61
59
68
54
52
53
36
51
55
48
55
37
61
54
46
50
52
54
44
54
53
48
43
50
58
48
56
46
46
55
46
55
45
48
30
51
55
48
49
52
39
58
61
49
46
36
49
53
48
55
37
50
43
41
46
42
32
43
32
49
47
45
40
42
37
49
50
43
49
49
57
36
53
51
48
40
43
47
42
39
51
50
40
45
42
54
44
40
34
49
42
44
42
41
35
44
34
49
45
43
42
39
39
33
31
37
41
39
51
34
45
36
39
48
35
38
34
39
37
39
38
53
36
25
43
37
38
41
42
43
44
36
38
26
40
39
32
40
29
32
39
30
39
31
47
46
35
39
45
39
36
38
37
38
39
39
29
35
40
38
32
45
37
40
31
33
42
32
44
33
39
25
22
36
32
34
37
23
38
44
41
39
36
30
40
26
46
32
42
32
46
38
43
27
42
33
30
37
41
29
40
29
46
27
33
30
29
30
21
32
41
31
35
18
40
39
39
25
27
42
36
38
33
33
33
46
31
29
27
28
25
29
39
30
31
38
35
30
27
39
20
34
37
34
43
33
27
25
32
37
31
32
32
35
44
23
25
39
24
28
26
24
26
39
32
40
33
32
35
32
29
37
35
27
33
31
33
35
28
19
25
29
27
20
31
26
38
26
36
30
31
37
25
28
26
27
31
33
24
24
25
32
29
30
44
39
28
40
19
26
28
31
33
29
27
38
28
28
34
26
36
30
24
27
31
34
28
26
24
32
33
31
34
29
38
25
22
28
30
37
26
28
24
32
30
28
31
29
33
37
32
19
28
34
29
30
30
39
33
28
36
27
26
31
32
35
27
17
29
24
38
37
30
30
31
31
33
41
39
41
30
33
35
31
36
29
32
42
30
26
39
31
30
30
22
27
32
30
40
36
34
26
41
26
41
27
43
26
31
30
25
28
33
40
29
33
25
37
42
35
36
30
38
42
26
35
49
40
41
24
38
39
38
41
44
38
42
31
26
38
36
34
31
38
39
31
48
36
47
47
33
41
45
41
35
43
33
38
46
45
43
42
36
37
60
52
47
34
53
49
46
46
45
39
40
61
38
64
60
56
51
44
50
49
58
51
54
49
58
59
48
53
65
68
56
53
67
78
50
63
63
69
66
58
71
70
67
56
71
72
73
65
64
72
67
71
89
60
83
93
60
67
95
64
86
74
90
83
103
89
88
107
77
104
86
66
93
85
80
76
105
86
83
101
100
106
106
94
105
100
105
114
108
116
120
92
124
107
113
110
116
128
127
142
104
110
129
108
113
131
129
116
109
136
140
132
122
136
120
141
141
111
127
143
135
162
142
144
112
130
127
160
147
165
150
150
150
163
160
160
173
182
154
153
158
173
161
164
159
202
160
181
153
177
171
173
187
194
195
193
193
187
184
199
190
209
188
186
219
186
202
189
169
205
193
196
206
203
208
202
204
229
218
201
192
255
210
187
223
238
231
209
234
224
217
243
229
264
217
233
256
244
271
251
236
218
252
242
274
235
257
276
259
245
262
261
258
257
292
271
272
306
264
290
281
278
267
260
270
287
258
279
298
280
316
277
307
273
295
303
293
294
290
299
293
267
326
322
348
296
347
283
291
333
329
307
344
342
313
340
308
329
305
348
330
346
372
322
287
322
331
349
348
324
346
297
319
328
345
336
344
338
351
381
340
374
356
372
328
375
354
354
376
380
364
364
353
365
327
366
376
342
388
357
352
372
346
354
345
392
374
386
389
405
357
376
386
400
386
377
381
409
380
380
372
358
402
406
363
437
385
406
449
404
395
392
353
414
367
428
402
414
392
403
426
402
422
387
389
420
378
413
415
423
431
409
418
393
377
468
443
428
415
443
452
445
403
406
414
398
401
422
453
411
421
448
402
433
463
425
391
418
410
427
398
440
428
431
436
405
461
441
412
374
424
390
375
414
416
413
437
407
419
454
396
436
429
432
439
453
369
441
422
370
429
443
419
421
445
414
421
420
396
435
431
405
414
434
444
414
443
426
398
396
400
387
440
409
410
370
408
422
419
427
403
417
419
439
400
384
414
406
386
391
425
416
364
359
420
435
394
401
396
413
409
424
405
388
363
433
384
409
371
377
396
400
410
362
370
355
354
384
363
409
359
373
385
390
397
364
407
385
374
355
362
381
366
325
381
352
358
361
374
348
373
341
332
327
352
358
330
340
342
346
339
312
345
334
312
322
324
332
309
319
318
326
330
341
300
306
301
296
304
335
297
286
328
301
317
302
312
317
321
307
271
297
313
286
290
295
313
289
291
292
294
290
281
267
308
318
260
310
277
318
267
275
276
302
262
284
267
270
284
256
243
248
274
229
277
258
251
244
260
260
279
241
219
260
230
256
238
261
229
245
250
209
228
200
241
211
222
234
221
215
255
224
198
219
205
206
198
226
186
194
210
206
212
201
202
187
251
193
205
194
201
168
197
187
194
174
197
174
191
199
207
173
188
179
180
177
162
173
190
172
171
179
154
165
163
168
178
163
171
158
192
155
171
174
155
177
172
144
156
163
161
136
161
145
146
149
145
161
144
139
149
133
145
124
158
133
148
135
110
127
128
113
128
119
123
114
119
130
131
136
111
133
99
125
104
106
126
118
99
122
110
124
98
111
95
112
96
113
104
99
92
98
98
113
107
107
102
91
115
89
120
93
99
98
105
100
102
79
86
78
94
90
73
69
62
96
74
78
98
92
70
79
80
70
64
68
91
89
68
77
71
77
63
62
73
82
68
71
89
72
82
87
51
65
88
72
61
77
65
78
73
66
67
53
58
66
62
63
61
61
61
58
56
70
46
49
51
56
58
54
61
60
55
56
56
69
63
45
58
42
46
58
52
56
43
45
56
54
51
60
56
50
61
60
57
55
44
45
45
33
55
47
40
52
46
61
56
53
46
42
48
54
38
47
39
54
39
46
51
35
48
39
43
37
42
45
35
32
45
38
42
39
39
41
40
44
45
35
48
40
45
30
34
48
45
33
36
32
31
37
31
37
27
42
39
50
41
40
35
28
40
38
49
31
29
32
30
40
30
39
34
26
20
38
41
31
39
35
25
34
34
23
34
32
39
35
35
31
31
36
44
37
29
23
42
36
37
29
26
41
28
30
29
31
29
27
26
29
25
39
31
42
33
27
32
34
35
30
40
37
32
26
32
31
28
28
25
23
29
28
40
25
28
32
32
31
23
29
31
19
26
26
25
19
21
33
33
25
27
29
39
23
26
30
21
21
31
25
26
19
28
39
23
19
27
32
23
38
37
30
27
26
18
17
31
32
28
28
28
32
16
22
22
27
32
28
26
28
25
27
28
31
29
28
25
26
22
34
20
20
32
17
21
26
27
21
28
34
25
24
25
25
24
25
23
32
20
27
21
24
30
31
30
26
33
38
34
30
23
20
24
23
23
25
16
29
30
22
21
23
27
21
24
28
23
25
32
21
29
21
24
29
20
27
26
19
19
24
30
22
27
24
16
22
24
24
23
24
24
25
33
18
24
14
19
18
18
13
33
18
16
19
23
23
24
27
11
23
23
24
19
22
30
17
21
16
10
30
27
28
16
28
21
24
23
11
21
25
19
19
21
27
31
22
25
25
22
19
23
26
26
25
20
30
28
20
27
20
29
19
22
21
25
20
23
12
22
19
19
20
16
23
25
30
21
16
21
19
22
18
18
26
21
16
19
20
15
33
13
21
26
18
28
15
20
26
21
19
26
29
21
19
16
29
26
23
32
22
20
23
24
21
19
16
28
25
13
23
30
27
27
27
31
23
22
20
27
17
14
24
20
20
31
26
17
25
24
23
29
32
25
14
18
14
29
21
24
33
18
17
17
15
22
22
16
19
26
26
21
17
13
24
21
19
41
23
26
20
30
21
20
21
16
22
23
18
17
18
15
26
28
23
10
21
24
18
23
28
20
17
17
22
22
25
18
33
23
27
15
19
22
18
25
20
20
22
23
18
23
20
18
10
22
19
17
19
23
21
19
17
22
24
20
19
26
17
20
15
22
15
14
26
18
17
16
21
17
14
18
17
20
11
23
7
17
29
19
18
11
19
25
16
15
25
9
24
17
12
18
17
23
19
14
22
22
25
20
20
24
17
22
20
8
19
12
16
12
23
15
19
18
17
21
14
24
20
26
18
20
21
18
18
22
17
17
21
21
16
20
17
16
21
31
13
12
16
22
13
18
18
13
19
17
23
14
14
18
17
14
19
16
11
21
25
22
14
15
20
17
9
14
16
18
15
11
14
16
20
15
16
13
15
21
17
14
13
18
16
15
13
20
16
15
16
14
15
16
16
11
17
15
17
14
10
10
13
22
15
12
18
21
13
15
14
18
13
17
18
10
13
19
14
21
13
18
18
15
18
17
15
16
19
21
14
16
6
13
14
14
20
17
18
18
12
19
15
16
23
13
18
20
12
15
13
11
14
6
13
11
16
18
19
14
15
21
18
19
13
19
17
17
14
12
14
21
17
13
19
20
18
10
15
10
11
16
15
15
7
20
11
16
12
15
19
15
20
11
21
12
12
12
10
17
8
18
8
20
13
15
15
14
18
16
12
11
11
14
15
12
15
14
18
13
15
13
15
17
12
13
14
17
20
12
14
21
22
17
12
13
9
13
14
12
16
9
12
12
16
17
8
11
17
18
15
10
10
16
15
10
11
5
19
10
21
17
9
12
14
13
9
19
15
15
13
13
14
13
11
11
14
9
18
12
14
12
19
18
12
10
15
15
14
20
12
16
16
13
11
11
9
19
15
21
12
10
12
15
14
7
12
11
15
4
22
15
10
13
15
8
11
17
10
13
18
13
15
15
12
15
3
13
8
7
19
10
14
14
16
14
14
17
7
14
11
13
13
13
18
15
20
10
14
10
17
11
15
8
3
9
10
4
13
11
14
8
13
17
12
13
8
14
10
13
6
11
16
18
8
10
12
11
16
9
22
12
12
13
15
13
10
13
12
12
13
14
6
6
13
10
11
13
10
12
7
10
9
11
11
8
12
10
5
10
18
7
14
15
8
10
17
8
11
16
9
12
12
13
5
10
6
14
5
11
12
7
9
9
14
16
10
12
15
10
8
11
8
8
7
8
12
10
11
9
11
11
8
8
8
13
9
9
11
10
13
8
8
6
8
11
14
11
5
3
8
7
6
8
7
9
9
8
11
12
13
12
15
10
11
8
11
10
6
10
12
17
7
3
10
13
13
12
9
9
7
10
7
14
10
6
10
5
1
11
4
9
6
9
12
8
14
9
9
12
11
8
12
7
5
4
12
7
10
6
9
5
12
6
10
8
6
7
10
11
14
11
9
9
11
13
10
10
8
6
4
7
7
7
11
8
5
6
6
10
4
9
15
9
6
9
5
11
8
11
9
7
11
11
4
10
7
9
5
9
7
7
5
11
7
8
6
10
13
10
2
9
3
7
6
6
10
5
8
11
5
7
11
5
7
5
9
11
12
2
7
8
5
9
4
7
7
12
5
7
9
5
9
9
7
8
6
8
3
9
5
10
4
6
9
6
6
6
5
7
10
6
7
6
7
6
3
6
5
12
3
7
6
7
11
6
8
5
6
7
5
6
8
7
6
8
9
8
6
3
8
7
8
7
6
6
9
6
4
3
7
6
7
6
6
4
7
4
8
6
8
5
6
4
4
11
8
3
7
9
5
7
6
3
3
4
6
7
5
3
3
8
4
6
8
1
8
4
8
8
6
5
7
4
5
10
10
5
8
14
5
6
7
5
6
7
6
4
9
7
3
4
3
8
6
7
1
2
9
6
5
3
4
12
4
11
7
6
4
5
8
5
10
6
7
7
6
2
4
4
6
8
5
7
1
5
6
5
6
9
2
8
3
3
4
11
4
7
4
12
9
5
5
3
4
7
7
6
7
8
6
5
2
6
4
4
6
3
5
5
6
4
7
7
5
7
7
5
4
7
2
4
5
5
7
4
8
8
6
7
5
7
3
5
4
4
6
5
5
7
3
4
3
2
1
3
6
8
3
4
7
11
10
2
4
6
4
1
5
3
2
6
4
6
0
2
4
5
5
2
5
3
4
8
3
3
3
4
2
6
0
8
9
8
3
4
7
10
5
8
12
5
9
3
5
7
3
3
2
8
4
6
4
3
6
8
6
7
6
2
10
3
8
2
5
5
7
4
2
6
5
3
5
4
6
7
4
10
3
3
5
4
5
3
2
7
6
5
5
4
3
4
8
4
8
5
5
6
3
9
5
6
4
6
6
6
2
1
2
10
9
7
7
9
6
5
6
7
9
9
6
5
4
4
5
7
7
12
3
3
4
9
10
5
8
5
5
6
10
6
2
4
5
3
8
7
4
11
7
7
4
1
14
7
8
8
13
3
4
7
3
7
6
10
4
5
4
5
7
5
7
4
7
5
7
6
8
9
10
5
4
11
5
6
10
6
7
6
9
11
5
5
3
9
8
6
4
13
6
7
5
11
6
7
6
3
8
11
15
6
9
9
10
12
9
14
14
7
4
7
9
8
9
10
11
7
3
5
7
4
8
13
8
10
8
15
11
5
11
12
9
8
13
13
12
5
8
7
13
9
11
12
7
7
14
11
11
6
10
12
14
14
14
9
10
9
10
12
8
5
11
14
6
11
11
17
10
21
8
13
13
9
7
14
11
11
16
12
9
13
10
13
5
14
11
11
11
14
11
10
10
11
18
10
13
10
9
13
12
7
17
13
7
13
14
9
8
12
14
13
9
17
14
10
12
6
10
8
17
10
17
19
14
14
14
11
11
15
13
16
17
15
15
8
23
19
8
21
13
10
14
17
10
11
17
19
14
11
13
19
16
15
16
15
12
15
10
14
17
13
12
16
19
13
7
21
18
18
12
21
24
20
18
21
21
15
17
11
13
10
16
18
15
19
16
31
20
18
17
9
21
18
19
17
14
21
16
11
10
21
11
12
16
18
12
13
17
18
12
16
15
12
11
25
15
17
23
12
14
12
16
16
18
11
17
13
22
21
13
17
14
14
16
15
17
17
20
13
13
17
19
18
17
12
18
14
22
16
17
17
16
12
92
86
80
90
86
102
90
90
99
77
110
84
95
105
101
83
94
96
107
103
102
84
88
94
89
61
68
93
97
102
93
105
104
86
97
85
100
80
89
84
77
67
94
92
81
83
98
66
94
90
73
83
88
81
87
68
87
79
73
76
94
85
77
72
93
62
74
82
62
80
64
92
79
71
74
64
79
84
71
77
68
53
78
79
81
71
66
87
67
59
68
82
55
69
79
59
67
81
99
63
64
63
60
57
69
70
68
66
64
62
75
61
71
64
60
67
72
56
64
75
60
76
78
80
63
79
92
43
