9
11
10
14
19
7
14
12
11
18
16
19
14
15
23
18
15
14
9
15
24
15
8
22
18
16
20
15
16
12
22
11
20
18
11
9
15
15
16
12
7
13
10
8
14
8
15
18
11
15
14
11
12
14
12
14
38
71
110
155
262
337
365
410
413
403
453
446
528
603
694
798
964
1074
1090
964
774
700
658
615
589
527
522
538
483
561
493
573
508
472
519
524
512
481
496
442
447
473
470
464
431
415
436
450
474
470
474
454
440
495
458
460
446
475
492
477
466
486
475
518
478
474
495
502
470
513
471
499
462
514
475
494
499
498
486
483
467
487
510
464
473
523
551
466
479
466
476
508
506
506
485
489
495
492
494
462
531
518
534
473
504
497
530
478
493
525
514
494
510
531
493
536
502
526
536
554
517
531
542
543
567
545
504
561
537
510
612
548
536
575
555
546
567
567
545
511
594
552
551
573
551
531
561
585
524
565
535
607
606
592
619
587
604
611
576
629
610
579
580
606
598
631
581
586
626
615
624
603
624
645
616
603
610
616
606
577
625
619
660
644
622
634
593
689
670
614
606
657
674
660
688
619
638
673
640
660
663
698
696
635
687
705
609
626
650
680
694
646
646
642
726
725
700
694
675
692
707
690
691
656
699
681
708
675
718
701
698
694
696
688
632
722
725
703
729
733
676
694
728
707
722
757
682
706
693
746
710
737
765
668
727
705
740
741
753
739
727
659
733
761
690
682
752
763
726
738
716
741
756
679
721
749
751
752
722
719
615
733
700
713
714
697
752
757
743
659
738
709
785
718
698
723
737
716
711
733
767
792
752
708
745
702
747
701
754
792
746
799
710
757
745
771
757
736
740
751
779
687
792
739
758
763
719
754
720
735
795
746
790
758
777
723
714
763
742
748
720
769
768
746
768
759
728
774
758
732
719
724
834
812
789
758
780
781
732
779
793
812
769
724
752
769
719
772
798
741
760
719
720
771
824
749
754
774
729
769
758
746
718
732
769
770
835
793
774
811
767
752
718
765
788
809
785
768
772
760
778
822
776
762
752
827
766
797
722
765
820
709
744
739
790
771
815
774
767
783
742
765
816
803
742
852
764
790
740
837
815
796
782
810
750
760
796
771
765
758
757
778
815
773
811
754
750
752
772
802
773
790
816
784
818
698
793
778
762
793
779
786
856
741
775
757
736
803
748
797
764
762
791
774
766
749
773
785
802
774
748
759
796
785
803
808
780
763
776
802
816
775
825
760
749
779
752
822
799
788
772
757
748
804
719
776
786
726
788
757
801
779
725
826
798
806
796
768
765
817
802
703
790
741
757
779
766
778
741
783
746
767
747
755
772
796
717
769
801
832
799
786
775
769
767
831
792
832
760
762
833
738
838
796
785
795
763
814
748
798
769
809
783
760
773
759
809
800
808
779
786
775
868
838
801
790
855
832
755
852
836
863
815
846
906
783
793
887
847
834
889
848
826
857
817
900
862
858
906
898
872
917
935
854
832
854
894
868
905
835
873
929
907
923
887
906
935
935
922
900
891
904
926
927
918
932
914
941
932
922
921
953
964
997
954
927
914
960
905
972
965
942
958
964
933
973
873
952
963
950
919
962
956
988
958
925
982
961
907
973
938
933
994
979
990
972
936
920
980
941
956
967
953
951
948
932
971
981
905
909
976
951
933
981
958
907
910
941
930
936
937
987
904
916
913
949
950
958
873
937
986
929
905
918
915
917
918
889
937
861
919
912
895
934
879
870
905
904
860
919
851
928
902
890
908
913
900
895
921
912
873
929
934
884
890
925
833
864
846
846
864
884
921
838
886
872
853
901
873
863
862
852
863
837
869
894
835
837
856
838
788
868
907
854
837
833
816
874
837
836
872
878
870
850
845
846
858
831
857
807
803
844
885
870
827
851
790
821
842
799
845
852
836
868
835
829
846
826
852
833
853
811
810
830
840
830
838
833
868
800
845
801
811
811
762
798
805
803
789
811
868
809
855
786
808
790
811
758
831
798
807
785
788
804
778
783
758
806
802
754
781
773
798
806
817
760
777
729
777
747
782
766
802
752
803
782
782
774
765
842
782
818
782
750
753
774
717
746
744
831
763
746
738
762
726
751
788
762
749
752
760
739
752
801
751
702
744
757
778
763
734
775
746
741
748
728
718
734
709
768
738
738
737
777
710
718
747
737
719
680
681
670
728
706
702
758
741
699
708
731
707
709
663
693
675
708
678
684
697
749
691
665
694
734
701
709
674
693
687
725
696
681
684
692
708
711
728
714
697
699
673
693
684
743
683
744
751
663
694
711
656
679
700
653
692
700
650
722
702
707
678
650
624
626
665
651
686
675
654
666
677
655
670
692
663
662
645
608
621
650
650
642
677
638
659
633
669
708
654
630
612
653
648
679
645
675
674
624
631
665
671
627
684
613
663
649
682
630
615
636
650
658
619
655
605
672
669
656
658
610
631
642
646
662
568
668
601
645
663
637
689
655
671
650
590
619
633
651
635
593
596
631
608
637
601
682
619
670
651
618
624
634
648
678
623
606
632
664
669
607
650
618
678
681
619
620
642
599
670
576
638
645
625
615
619
675
664
652
620
624
625
617
609
636
613
599
630
632
587
608
650
637
635
641
642
620
638
612
615
599
581
605
613
652
617
616
616
627
655
591
627
637
643
636
613
645
626
637
638
637
605
702
629
671
607
634
592
621
622
570
634
608
606
641
624
633
649
589
656
623
644
597
602
608
616
616
608
671
631
573
600
599
601
633
620
624
589
648
627
587
585
668
565
616
586
601
583
616
570
655
609
641
656
620
606
613
577
645
611
626
578
550
528
624
585
639
607
605
536
619
575
613
605
574
633
592
565
644
635
607
625
565
567
630
607
596
582
601
600
607
581
567
594
575
574
518
613
567
575
554
528
584
580
570
560
596
523
567
563
549
585
523
542
511
587
575
557
528
530
524
514
527
502
524
482
506
506
486
484
502
547
482
541
515
511
483
474
500
494
511
449
503
503
479
489
472
480
456
487
463
498
488
491
473
460
508
431
474
470
476
460
442
429
413
455
404
438
458
447
417
427
440
452
446
433
434
427
435
414
424
448
408
408
435
405
419
425
384
401
416
406
389
363
412
416
375
389
403
399
355
374
417
388
411
387
346
395
407
385
376
383
380
382
331
413
368
387
389
369
357
358
349
346
351
347
335
360
359
347
354
370
348
348
372
363
333
326
350
362
358
334
352
348
330
332
369
356
337
311
313
319
302
338
312
338
335
335
315
327
347
339
316
287
298
307
287
309
313
320
307
310
352
292
315
329
310
348
313
301
324
313
291
319
299
295
296
307
292
319
295
292
315
311
320
297
287
292
292
304
254
298
296
283
311
300
275
302
262
273
282
293
287
290
294
325
295
305
277
277
285
296
284
266
297
267
331
290
307
265
279
287
269
316
282
273
275
298
279
269
291
263
286
297
281
312
297
269
293
282
273
254
253
283
273
295
264
256
278
247
276
253
252
260
247
251
268
256
281
265
235
270
285
269
272
257
258
283
243
237
252
237
273
250
265
255
228
230
240
246
217
245
257
250
237
273
239
222
232
273
263
246
268
249
267
219
232
257
240
219
289
248
257
248
256
242
259
246
235
266
266
230
255
231
246
222
226
241
253
224
245
248
213
266
238
245
247
280
257
278
267
251
242
250
286
247
235
238
232
227
230
255
218
254
229
250
249
225
262
223
235
238
243
244
262
258
267
235
260
233
232
259
249
230
250
245
226
236
228
227
241
258
222
241
218
241
238
262
239
223
213
258
217
241
239
244
258
232
259
213
247
253
213
223
265
215
236
223
224
243
242
254
256
223
246
241
232
235
228
208
212
201
234
214
255
196
217
235
214
226
247
242
260
226
221
240
220
249
229
253
224
240
249
228
219
207
224
242
228
219
210
219
213
215
229
213
217
235
227
217
246
213
194
237
224
234
243
255
218
229
219
227
221
242
223
213
201
230
217
237
195
216
216
231
247
235
240
241
213
222
225
236
215
239
224
269
242
239
214
231
221
222
241
223
246
215
238
230
256
232
223
217
220
219
237
218
250
213
232
233
225
206
244
226
227
228
234
258
227
261
245
228
217
225
223
239
230
243
262
224
238
250
264
217
220
246
253
227
258
251
248
231
237
274
252
236
225
264
236
261
250
259
288
272
282
263
288
268
278
257
281
276
297
304
281
300
304
318
304
330
311
288
318
319
314
350
352
349
358
365
344
376
371
365
394
377
356
388
384
408
403
403
399
434
455
434
459
436
460
461
492
478
481
493
539
548
496
532
511
536
582
601
562
542
618
571
615
639
646
688
655
687
640
714
685
736
761
740
772
809
806
840
845
850
839
865
891
920
871
931
976
934
956
975
949
1026
1117
1088
1137
1165
1183
1149
1262
1183
1148
1223
1236
1287
1337
1308
1340
1457
1399
1380
1504
1416
1513
1529
1592
1551
1606
1533
1632
1669
1667
1643
1695
1806
1798
1764
1874
1944
1863
1894
1959
1933
2019
2015
2070
2095
2109
2156
2155
2131
2149
2283
2280
2358
2336
2368
2392
2486
2449
2430
2473
2543
2524
2530
2592
2657
2626
2768
2647
2789
2805
2762
2887
2898
2920
2879
2887
2931
2999
3094
2981
3042
3126
3067
3093
3187
3085
3116
3096
3188
3381
3275
3204
3289
3394
3300
3385
3353
3490
3500
3476
3497
3454
3495
3457
3487
3510
3578
3666
3518
3537
3580
3623
3627
3659
3703
3604
3606
3631
3697
3629
3706
3749
3750
3816
3742
3773
3679
3777
3739
3743
3719
3730
3704
3726
3635
3657
3808
3715
3723
3765
3755
3560
3671
3733
3737
3703
3612
3748
3609
3604
3621
3648
3541
3532
3569
3616
3566
3517
3454
3533
3631
3496
3487
3517
3412
3416
3296
3409
3288
3206
3220
3239
3197
3201
3199
3190
3133
3234
3139
2936
3036
3094
3019
3022
2993
2863
2896
2873
2924
2818
2851
2835
2839
2691
2534
2715
2685
2621
2630
2610
2454
2484
2486
2394
2421
2353
2358
2373
2403
2218
2337
2264
2233
2222
2150
2186
1992
2017
1967
2037
2029
2028
1926
1930
1967
1853
1820
1734
1710
1790
1685
1745
1579
1723
1597
1536
1489
1508
1527
1513
1488
1502
1421
1394
1407
1367
1345
1269
1299
1234
1227
1174
1146
1211
1120
1126
1139
1086
1047
1103
1022
1038
986
1006
939
967
907
897
959
874
831
858
835
867
792
725
808
799
756
742
701
708
690
659
630
646
624
612
627
655
601
591
594
603
546
549
539
560
513
513
527
478
452
487
464
470
446
462
406
471
450
408
397
420
420
393
371
380
386
395
378
378
374
356
361
346
312
324
308
272
293
284
280
339
307
275
261
298
296
273
276
240
243
281
273
238
259
256
264
257
255
249
230
258
249
243
241
216
231
217
238
204
231
207
221
205
199
213
192
198
180
201
182
204
204
206
195
218
187
188
202
189
168
181
180
169
179
189
193
188
182
160
173
188
164
174
162
181
146
169
160
159
183
166
148
149
137
134
135
158
160
164
146
148
166
134
128
157
162
147
136
132
134
143
163
122
136
141
127
136
167
151
137
129
126
150
111
139
131
134
156
114
146
133
137
136
133
135
114
112
113
136
119
128
141
111
130
115
128
126
124
146
136
106
115
109
126
120
140
103
134
126
129
115
125
119
99
112
120
110
139
115
127
122
106
143
99
100
113
95
101
133
117
113
85
127
121
113
100
96
128
104
123
112
117
99
112
125
114
105
106
133
128
116
103
91
120
105
101
100
119
124
133
115
105
128
131
117
113
106
126
114
108
94
102
117
117
103
97
112
108
121
125
93
103
115
111
108
98
82
119
128
111
115
106
105
107
134
113
128
101
100
110
102
116
98
117
98
85
90
107
109
97
108
105
111
103
119
92
109
106
108
107
99
107
98
102
92
117
99
96
118
121
110
95
115
108
105
121
97
123
94
80
95
103
108
96
120
103
95
126
114
107
101
105
87
99
87
138
122
103
110
123
100
112
112
120
115
117
107
98
107
107
92
99
102
115
114
111
113
98
95
128
109
112
108
100
97
93
113
107
112
115
103
84
94
107
95
104
77
125
109
104
114
98
98
109
110
103
95
104
106
120
109
100
110
109
97
104
93
106
101
115
103
91
132
126
94
111
106
116
110
111
102
108
103
108
103
96
102
88
105
119
97
94
91
96
91
110
109
86
103
110
112
104
107
100
101
88
104
95
110
105
97
107
99
97
91
103
120
111
91
111
118
111
100
125
118
105
102
113
104
104
103
99
114
111
109
100
95
117
126
111
99
103
97
111
93
107
99
113
101
73
123
116
109
118
113
130
104
101
123
95
111
121
104
114
125
111
99
99
107
98
119
102
99
106
123
92
108
108
105
110
129
103
125
86
100
116
107
92
112
116
100
105
95
104
102
128
115
118
108
98
105
113
91
113
107
98
105
124
105
116
114
112
93
110
95
119
114
112
101
122
118
108
103
116
110
120
105
80
115
117
96
113
112
115
103
107
100
101
106
97
116
107
114
109
124
118
122
109
114
107
92
105
115
111
134
97
106
107
114
104
116
101
114
110
105
128
113
115
110
115
115
103
113
129
112
86
99
115
92
114
93
116
111
106
110
127
114
108
99
119
112
113
114
119
107
122
106
105
103
104
104
94
116
114
112
116
108
107
105
114
108
124
110
117
107
98
129
107
114
100
100
108
122
104
102
104
100
94
115
115
100
114
109
100
114
122
102
103
117
103
111
93
88
100
108
107
114
100
115
117
131
86
124
103
90
98
103
109
100
103
124
113
134
104
129
130
113
115
99
125
108
105
91
104
101
108
113
120
92
106
118
103
98
111
96
110
90
115
115
103
105
113
106
116
107
119
116
107
104
98
84
109
108
136
110
105
103
112
95
91
94
114
99
126
101
101
108
112
90
101
103
115
121
101
113
120
100
121
114
89
94
112
117
118
98
94
102
116
80
98
120
103
114
118
109
89
113
121
128
101
125
100
90
108
115
102
98
99
102
103
112
99
115
75
106
108
102
88
99
109
96
107
84
123
113
121
115
108
109
113
101
123
123
102
123
131
130
84
82
116
104
117
100
114
104
110
104
117
102
102
98
103
110
95
103
103
96
121
97
107
101
106
125
118
114
104
114
99
97
105
113
124
99
105
117
105
110
110
120
124
102
95
113
112
115
98
112
115
115
85
99
103
119
98
110
98
97
102
113
112
110
92
97
115
102
107
116
101
120
97
102
116
117
114
105
121
110
120
121
94
95
99
120
102
116
102
126
138
111
100
113
121
124
125
104
117
96
95
98
114
122
104
96
107
109
89
121
109
117
95
98
103
116
116
112
98
92
92
98
101
113
114
109
114
93
121
97
109
94
100
121
98
109
92
111
98
77
110
101
104
92
109
111
97
120
109
101
98
118
88
110
104
98
111
115
121
107
118
122
106
107
127
119
100
100
103
95
105
126
114
111
119
105
102
106
126
105
105
113
109
99
119
110
101
110
90
96
116
115
108
130
112
83
106
103
107
95
92
112
116
115
98
122
100
100
142
116
105
115
104
88
116
108
101
90
109
106
119
99
115
109
93
103
120
113
99
101
87
111
107
96
99
100
106
117
95
91
106
106
98
96
107
102
115
106
105
107
111
101
118
124
121
108
113
109
115
108
100
91
116
104
99
105
124
119
113
102
111
120
106
90
89
106
121
110
116
106
98
97
99
112
116
116
104
92
81
102
123
96
86
107
109
100
102
100
111
118
103
109
107
100
135
113
107
98
115
93
105
92
107
112
108
116
102
111
105
123
97
108
89
100
97
117
102
107
107
122
128
105
104
124
99
102
97
104
106
94
106
132
100
97
95
110
123
104
112
113
106
110
104
118
105
108
91
105
101
107
103
104
119
117
108
98
102
99
103
95
114
92
102
105
101
110
101
109
123
100
99
101
105
110
120
99
98
117
110
114
107
101
103
102
106
101
121
119
102
109
100
95
106
100
98
125
107
99
100
115
108
109
136
103
114
98
106
106
88
105
112
104
107
102
91
102
105
116
109
117
114
101
110
109
100
125
119
101
87
103
129
110
128
88
113
88
114
110
128
116
110
120
99
99
90
88
91
103
102
110
99
116
98
111
102
101
110
105
111
100
114
109
110
113
112
113
90
95
94
108
104
118
97
102
121
113
104
120
105
105
102
117
95
93
99
123
117
123
114
97
113
117
107
110
107
93
115
110
112
113
117
115
108
111
135
128
113
101
110
108
123
91
109
126
104
110
106
123
118
104
105
117
118
93
107
104
105
125
113
120
90
108
103
101
99
115
113
93
104
111
108
112
109
119
114
109
109
132
107
97
95
112
129
132
101
122
101
124
112
103
106
112
115
118
137
118
100
86
111
112
111
114
107
124
102
115
114
121
118
129
126
116
111
112
118
103
110
119
124
96
123
119
100
127
114
102
111
99
114
138
121
103
106
115
124
90
124
120
94
131
109
114
114
96
112
140
103
104
107
119
135
126
104
116
100
117
121
135
113
126
125
129
113
127
125
102
102
115
96
110
96
114
109
114
107
117
114
105
107
115
114
113
120
104
139
127
96
107
99
122
124
128
114
109
116
109
106
113
106
123
121
101
136
111
107
125
109
114
130
131
120
110
105
109
121
94
125
100
108
119
118
118
120
135
151
120
110
130
118
121
116
125
103
111
129
130
97
107
99
132
136
125
121
126
130
108
121
126
118
115
125
105
135
114
128
108
123
130
102
129
125
128
129
137
125
110
126
130
142
131
111
110
138
141
119
122
139
123
139
112
117
109
127
133
123
128
115
111
107
118
117
133
126
132
132
116
115
117
114
125
109
108
118
109
114
119
119
121
116
123
123
125
129
135
111
130
109
112
136
151
120
126
126
110
138
125
136
137
120
127
121
124
124
140
147
128
118
126
131
121
107
133
124
121
125
120
117
109
119
106
136
138
123
126
135
127
127
130
131
134
117
129
150
125
121
126
130
135
111
152
120
138
115
134
122
129
146
128
137
143
127
136
118
113
123
125
130
100
141
129
136
97
111
122
135
131
129
120
109
121
109
125
102
122
120
148
124
123
131
129
118
125
120
141
108
139
127
120
124
151
128
134
142
124
129
115
147
141
121
127
127
157
135
141
124
133
110
140
128
115
116
113
141
130
121
151
124
165
124
130
113
133
117
138
121
115
128
118
125
132
124
112
112
126
133
117
131
122
107
120
105
118
117
130
130
130
135
134
126
127
120
137
117
123
125
149
142
121
107
111
119
137
124
128
105
123
125
110
127
117
118
131
122
123
127
129
135
130
119
125
110
124
110
143
116
117
116
109
111
124
115
88
132
104
113
129
100
119
116
119
127
133
105
121
113
96
125
101
116
131
119
110
111
103
110
101
98
121
99
106
105
113
97
101
129
113
119
114
111
111
98
116
137
109
105
109
112
130
105
98
103
102
114
91
116
123
102
127
109
97
109
109
91
90
120
106
111
108
111
98
96
107
114
102
85
122
118
118
104
112
92
114
120
97
101
106
90
100
105
118
100
101
95
87
89
104
112
104
90
96
110
94
102
92
88
109
94
103
106
86
77
89
86
82
80
80
84
102
85
89
93
92
78
72
84
95
81
88
78
94
83
90
102
74
100
94
95
75
80
82
76
107
78
90
74
75
79
91
87
80
75
75
96
65
84
87
86
78
87
79
79
73
78
82
71
78
75
72
72
71
74
73
81
82
91
95
77
69
58
79
68
84
74
72
79
64
78
68
65
67
68
65
53
79
60
78
76
69
70
56
70
80
76
83
74
67
77
74
61
62
58
65
66
64
64
76
59
67
54
75
56
66
48
67
55
52
72
67
64
70
73
58
71
65
48
55
76
57
54
61
58
70
72
56
56
59
58
64
71
54
51
59
67
65
63
58
64
69
66
46
58
49
49
63
42
55
48
55
51
60
52
47
57
44
55
55
69
52
51
58
52
62
47
59
48
47
65
46
60
61
54
40
53
59
41
50
54
57
50
64
45
42
51
56
53
43
57
43
53
49
41
57
42
60
48
46
37
49
48
45
45
47
39
46
46
51
49
40
46
50
50
41
48
49
45
33
47
51
34
53
44
41
40
45
46
49
43
47
46
45
46
35
49
42
34
45
60
36
43
33
45
54
41
47
41
34
38
46
53
46
32
44
34
43
35
39
42
32
33
40
36
47
24
36
42
36
41
39
49
47
46
39
46
41
39
43
38
42
35
32
48
41
42
40
51
44
34
39
30
32
40
36
29
46
31
36
37
33
40
32
30
37
29
34
42
33
34
37
30
33
26
39
39
39
37
38
28
36
43
38
34
31
39
40
33
45
26
28
32
31
30
39
32
32
37
36
31
40
28
39
33
35
43
25
35
28
29
26
34
32
28
39
43
44
26
45
29
33
41
38
24
38
29
28
34
32
34
34
38
33
20
36
26
39
29
43
42
36
31
33
29
25
41
35
38
36
23
32
39
29
32
37
25
27
37
38
20
31
24
31
29
30
43
29
31
26
26
39
27
38
38
20
26
28
29
36
32
29
32
34
33
28
38
42
30
34
28
35
29
43
32
35
35
35
24
28
36
37
35
29
35
23
31
32
28
29
29
33
20
27
29
28
31
27
29
25
24
26
31
29
26
27
30
27
23
20
35
29
28
44
37
35
33
24
24
37
16
26
26
37
24
37
36
40
20
35
32
31
40
24
33
35
23
32
34
31
39
40
32
35
37
26
26
31
28
20
30
42
37
30
35
30
31
33
38
31
27
33
35
33
39
33
30
29
31
30
30
35
35
35
39
36
27
42
25
28
43
39
46
45
27
41
52
31
39
42
42
41
44
39
37
36
37
44
36
36
46
35
35
50
40
43
46
40
50
47
42
42
40
46
45
38
48
40
50
54
49
35
49
56
45
55
53
55
52
52
64
49
59
44
47
55
68
61
57
56
55
50
64
61
58
80
47
70
72
70
55
61
67
64
68
60
63
70
77
68
74
76
66
68
69
77
93
82
79
68
92
84
103
82
84
93
98
92
82
100
84
107
99
89
102
103
92
95
97
101
103
97
99
116
112
123
120
93
99
119
113
112
137
111
132
119
137
127
118
127
124
125
124
115
155
126
118
155
141
140
134
162
156
148
137
140
152
147
174
177
158
164
163
158
148
169
147
198
148
178
173
169
179
204
203
189
200
213
206
202
206
180
203
210
207
198
203
256
229
231
218
224
220
203
220
213
234
237
243
227
256
233
253
244
236
247
256
262
248
286
260
274
267
265
248
264
305
255
258
285
268
264
303
321
289
293
285
318
304
301
336
312
300
303
334
333
325
322
309
353
343
313
364
319
321
331
339
348
346
364
335
388
336
401
353
377
344
386
389
342
396
380
400
388
357
383
412
428
393
409
401
380
405
433
388
366
394
400
438
424
468
426
430
439
446
448
453
434
448
437
407
436
449
447
433
486
440
513
436
434
467
433
431
480
465
488
426
446
463
446
478
472
465
487
508
488
501
482
474
508
493
505
508
493
494
469
508
513
472
500
479
506
506
468
474
505
500
528
518
562
491
485
530
492
536
485
524
523
500
521
559
552
482
516
470
510
490
548
492
550
513
551
496
517
533
514
516
495
482
538
526
522
502
521
547
497
497
506
519
544
519
530
525
518
521
482
507
527
521
530
515
535
494
535
503
510
510
478
518
499
511
550
520
488
501
515
474
519
488
514
471
483
479
466
490
479
488
464
463
452
508
476
514
474
484
466
470
466
475
485
475
475
483
461
462
441
437
468
438
449
452
457
411
438
495
422
463
444
438
424
421
414
436
441
453
388
409
435
426
368
423
395
387
374
436
411
407
397
439
376
394
374
412
404
386
379
372
360
407
375
361
383
370
349
365
355
342
343
379
375
359
343
323
349
342
336
336
332
312
296
332
332
331
312
308
323
315
325
312
312
289
329
336
292
281
301
322
280
297
301
266
294
272
283
307
274
280
267
264
236
264
269
256
240
248
259
251
235
242
273
220
265
255
224
193
229
222
196
213
236
232
220
217
222
207
219
235
200
210
212
194
207
190
185
179
189
204
174
176
182
173
187
183
187
178
171
181
144
169
166
170
184
148
165
176
171
170
155
165
161
150
167
169
136
147
152
147
162
167
137
142
121
126
124
123
146
150
131
145
146
123
134
116
129
112
118
133
128
115
121
123
121
108
141
111
98
116
103
127
112
101
109
88
92
102
113
112
113
96
94
83
97
95
105
83
95
95
99
103
88
80
81
108
93
69
89
74
92
89
81
75
94
61
86
78
105
89
78
80
81
77
89
80
58
70
76
63
72
68
87
77
59
82
73
78
71
77
57
71
58
60
57
57
69
57
66
67
68
51
71
76
56
54
59
54
57
54
59
62
64
49
51
62
59
39
58
42
52
46
54
62
62
49
48
42
52
42
53
54
56
45
57
40
51
53
51
46
52
48
33
45
51
49
50
53
44
44
46
43
49
41
47
39
48
43
45
49
31
32
48
40
43
46
38
43
40
47
49
40
40
44
44
46
48
36
41
34
50
48
40
31
43
44
38
25
33
38
43
44
45
39
54
46
34
30
37
33
35
37
34
32
44
37
32
28
32
43
43
34
26
44
27
32
33
30
30
29
42
33
45
38
33
28
28
36
33
42
38
32
28
29
31
32
41
27
38
34
32
32
31
32
24
33
35
23
33
24
31
38
28
22
29
38
25
30
32
30
30
29
31
27
23
26
27
32
27
38
35
32
17
24
27
22
36
21
28
29
26
25
19
24
25
22
32
25
27
17
26
28
21
20
33
28
23
29
34
28
25
29
26
22
27
32
21
27
28
27
23
20
15
35
21
30
23
32
25
15
29
28
23
30
26
27
30
28
19
23
19
22
20
25
22
24
29
19
28
33
25
34
19
24
21
25
22
30
23
33
22
25
25
26
22
27
21
32
27
23
28
22
24
31
28
21
17
24
22
23
27
21
19
28
24
18
32
33
30
21
17
18
21
15
25
26
26
25
24
28
26
31
20
23
24
17
28
23
28
29
24
31
26
17
25
26
29
23
25
18
26
28
23
33
23
18
13
18
30
19
27
24
27
27
33
24
30
24
30
16
33
19
16
19
29
29
26
32
17
24
24
29
24
25
27
22
21
20
23
21
25
27
21
22
24
24
37
23
23
18
27
16
18
31
30
20
27
21
21
25
21
22
26
20
27
14
28
19
16
17
22
19
20
26
28
32
25
26
31
31
23
22
22
19
12
24
25
23
29
20
30
22
19
19
22
19
22
21
19
21
18
31
27
15
29
21
14
26
20
9
27
15
14
16
25
25
19
27
21
25
26
18
19
21
28
23
17
22
25
27
23
24
14
25
16
28
26
16
20
27
16
24
20
32
24
13
24
21
28
20
23
16
22
30
25
27
22
19
15
21
18
25
29
21
24
19
16
30
27
21
21
28
21
12
31
21
19
21
18
27
28
23
26
13
14
21
27
27
19
25
19
21
17
18
17
20
24
25
13
18
17
22
11
17
13
18
19
10
22
23
21
17
13
21
22
22
23
17
22
15
20
18
20
23
26
18
20
15
18
29
20
25
20
24
19
21
14
15
21
21
24
22
22
11
15
20
19
19
22
15
18
26
20
23
23
18
22
19
23
15
14
21
24
16
22
24
13
19
21
19
17
17
27
20
12
14
20
16
14
17
26
21
15
13
12
12
15
9
13
17
18
15
13
14
13
21
13
17
17
17
9
21
18
23
20
15
19
18
17
18
22
22
22
22
19
19
17
16
21
21
11
17
9
12
13
16
23
16
17
14
14
21
18
14
13
17
8
12
11
18
19
14
11
24
17
17
14
14
20
21
9
14
19
15
12
14
15
16
12
18
17
19
19
15
11
15
12
13
16
17
15
21
13
14
19
13
13
21
15
21
17
18
7
17
12
18
22
12
16
17
11
15
4
14
16
21
21
11
6
12
17
7
12
17
11
10
8
15
20
10
14
14
14
13
11
18
14
8
9
12
16
7
16
13
10
14
11
12
12
6
5
15
13
11
7
18
16
12
18
10
15
15
15
16
11
12
14
22
11
18
10
15
9
17
12
16
12
13
15
20
15
13
16
11
12
18
15
13
18
17
8
17
9
14
11
10
19
18
12
14
15
15
9
12
12
11
10
16
13
10
9
12
14
14
15
17
17
5
8
12
12
17
14
11
5
10
15
17
9
18
9
16
5
11
10
9
11
13
8
19
6
15
15
7
15
8
13
18
14
8
11
12
12
8
11
15
12
7
14
10
15
14
14
10
15
13
13
12
9
16
7
8
11
9
13
15
12
6
11
12
11
12
7
8
18
11
8
13
7
14
12
7
11
14
10
13
15
13
18
14
11
16
6
9
10
10
12
18
15
8
4
13
10
17
11
11
8
13
10
7
12
10
7
9
12
5
17
11
12
10
9
13
6
10
10
10
11
11
13
11
11
7
12
11
15
11
12
12
6
6
9
19
14
7
9
6
9
7
10
13
7
13
4
16
8
10
9
10
5
8
14
8
13
11
10
8
8
9
6
13
8
12
4
7
13
9
8
8
7
6
6
4
10
3
10
10
6
8
7
10
15
7
6
8
11
4
7
11
8
9
9
10
8
13
15
10
7
10
11
3
5
9
10
12
6
6
3
11
10
11
10
6
6
9
8
13
11
10
9
3
7
4
5
4
3
8
6
8
8
5
7
7
4
3
3
9
12
7
5
10
7
12
7
7
8
8
8
6
5
11
8
7
8
9
4
2
9
7
5
5
8
6
10
8
5
6
9
6
5
6
4
5
5
7
8
8
6
6
9
6
8
6
4
11
4
6
1
5
6
5
5
8
9
3
7
5
6
8
6
9
8
8
8
8
7
7
4
2
7
7
5
8
4
5
5
7
10
5
9
6
5
8
5
6
3
5
8
4
6
3
7
10
7
3
10
7
4
4
3
7
7
0
6
5
8
4
7
9
8
4
8
5
1
7
12
4
3
7
5
6
2
6
5
5
5
2
2
9
1
3
2
6
2
7
2
6
9
3
6
4
4
9
4
7
5
2
3
5
7
6
4
6
2
1
5
8
7
4
6
7
7
1
2
4
7
3
6
9
3
4
6
6
3
3
7
6
6
4
0
5
6
8
3
5
3
3
5
4
5
8
5
3
4
1
1
4
4
4
4
1
6
4
3
9
5
4
6
7
10
4
4
4
1
7
1
4
3
6
3
2
5
4
3
5
4
5
4
3
3
4
8
4
7
1
1
3
0
8
10
6
8
6
2
4
2
2
5
3
3
5
3
5
3
4
6
8
6
3
6
4
7
1
2
2
6
1
4
5
5
4
5
5
5
5
5
8
1
5
5
4
7
7
2
3
3
4
7
1
2
3
6
5
7
7
2
5
7
8
4
4
4
8
7
4
9
6
10
3
6
7
6
9
5
3
3
4
2
3
3
9
2
9
1
8
10
11
6
5
6
8
9
4
3
2
5
7
8
4
7
7
3
7
7
5
10
5
8
9
6
8
8
9
6
3
3
0
0
6
6
5
6
5
6
12
8
4
7
4
3
9
8
5
12
6
7
4
3
7
6
7
9
4
10
5
4
12
3
6
5
7
8
9
9
8
4
11
10
9
8
8
10
6
9
8
6
9
11
12
9
5
7
8
9
9
8
8
12
11
10
15
8
10
7
5
8
12
10
5
6
13
14
11
12
7
11
11
11
12
9
14
11
11
12
10
11
6
7
11
10
11
6
14
13
7
10
5
10
14
14
13
11
6
6
13
12
5
7
16
9
9
10
13
9
12
6
10
12
10
12
11
10
16
13
10
10
15
15
15
20
9
16
12
16
12
12
18
14
11
8
11
8
17
18
17
14
17
17
15
16
14
18
13
14
15
12
12
14
17
17
18
16
9
16
10
18
11
15
14
17
19
20
14
22
11
18
18
8
20
20
17
22
23
15
12
12
16
13
16
14
15
28
15
16
19
22
22
18
29
16
19
15
18
22
20
13
22
32
22
14
14
16
23
13
16
16
20
11
11
21
20
24
16
14
12
22
23
20
21
14
13
26
18
23
22
23
14
12
19
23
16
22
19
23
18
22
15
23
18
20
23
25
18
20
23
22
17
28
23
29
17
14
24
15
23
21
17
16
20
28
25
22
16
19
16
16
21
24
19
18
20
14
18
18
26
22
21
22
28
16
19
12
11
19
21
33
20
19
16
17
18
23
19
25
28
18
24
22
21
23
16
18
18
21
25
19
17
26
27
20
23
21
23
22
25
18
19
20
26
17
25
23
23
24
22
15
23
20
18
14
27
15
21
23
28
17
19
18
28
24
13
24
18
14
26
13
17
23
13
15
22
21
21
19
20
17
19
25
15
18
21
18
17
23
11
22
17
14
18
21
20
15
20
25
20
20
19
21
18
16
20
18
13
18
20
15
21
26
23
19
12
18
11
13
20
23
20
14
22
13
19
21
19
22
10
23
20
17
18
15
17
9
23
14
19
14
19
23
16
17
11
15
12
12
10
11
20
13
19
14
14
15
24
20
17
12
12
14
18
7
20
14
15
10
9
9
11
11
8
22
15
14
13
17
25
8
7
14
11
16
16
13
10
13
6
11
19
11
5
17
9
11
12
7
10
13
8
13
11
17
9
9
12
9
6
15
9
12
11
8
14
9
10
16
14
4
15
13
10
10
11
14
15
8
15
5
12
14
5
12
15
18
6
13
7
7
8
4
14
13
7
15
6
7
7
10
10
5
7
6
10
7
6
10
4
3
8
5
14
10
11
11
2
13
6
6
8
5
8
7
9
9
7
6
14
10
4
8
4
4
7
5
7
7
3
11
5
11
5
4
6
5
9
5
5
4
5
7
7
5
6
2
6
7
9
5
6
6
6
6
10
6
9
8
3
3
4
5
4
8
3
4
4
4
4
5
6
6
4
4
4
5
8
2
5
5
5
4
5
3
8
5
3
2
11
8
5
1
7
4
6
4
3
4
3
2
6
5
3
3
2
6
2
7
2
3
7
4
3
3
5
3
4
2
3
4
5
2
9
2
5
3
1
3
4
5
3
2
2
2
4
4
2
2
7
0
3
5
3
3
3
2
3
6
2
6
5
7
3
6
5
9
1
3
3
4
1
2
3
3
2
0
2
3
1
5
1
1
3
1
2
3
0
5
1
4
3
1
2
0
1
1
4
1
1
3
5
3
2
3
1
1
2
2
1
5
0
1
2
0
1
5
1
1
0
2
2
2
3
3
0
1
5
2
1
1
0
1
1
2
2
1
3
1
1
4
0
1
2
1
1
1
6
2
3
5
1
1
6
1
3
1
1
3
1
1
2
0
1
2
2
0
4
1
2
2
3
0
0
1
1
1
1
2
0
1
2
0
0
2
5
1
2
0
1
0
1
3
0
2
1
3
2
0
1
1
0
1
2
1
3
1
1
4
1
0
3
1
1
1
0
2
3
0
1
3
2
2
0
1
0
0
1
2
0
1
2
1
2
0
1
3
0
3
2
0
2
0
2
3
1
1
0
1
0
2
3
4
1
1
0
2
0
3
2
1
1
4
0
1
1
3
0
1
0
1
1
1
2
1
2
1
1
0
0
3
2
2
2
1
1
1
1
2
2
0
0
2
0
2
0
0
1
5
2
0
1
1
2
1
0
0
1
1
1
0
1
1
0
2
0
1
0
0
1
0
2
0
2
0
2
1
3
2
1
1
0
0
0
1
0
0
0
1
2
1
0
0
1
4
1
2
0
1
1
3
1
0
1
2
3
1
2
2
1
2
1
2
1
0
2
0
2
1
2
2
0
2
1
2
2
2
0
0
0
0
0
0
2
1
1
1
2
2
0
2
1
1
1
0
1
1
0
0
2
3
2
1
1
2
0
0
2
1
1
1
0
0
0
1
4
1
2
1
1
0
2
1
1
0
3
0
1
0
2
1
2
0
0
0
3
0
0
2
0
4
0
1
1
0
0
1
0
1
0
0
1
0
1
1
2
1
0
0
0
0
0
0
0
0
1
0
0
1
0
2
1
0
1
0
2
1
0
2
0
2
1
3
0
2
0
1
1
0
0
2
0
0
0
0
2
0
0
1
0
2
1
0
2
0
1
3
0
0
0
3
3
0
0
2
0
0
1
1
1
2
0
2
1
1
2
0
0
0
1
1
0
0
1
1
0
0
0
0
0
0
1
2
0
0
0
0
3
1
3
1
0
1
0
0
1
0
0
1
0
1
2
1
0
3
1
2
0
0
1
1
0
0
1
1
0
0
0
1
1
0
1
1
0
0
3
2
0
1
1
1
0
2
1
2
0
0
1
3
1
0
0
2
0
2
1
3
1
0
1
0
3
1
1
0
1
0
0
1
1
1
1
0
2
1
2
1
1
0
1
1
0
3
0
0
0
2
28
20
26
17
11
30
35
19
26
25
13
25
26
26
18
20
21
22
18
28
21
18
21
26
16
19
18
25
17
26
20
16
16
19
21
26
20
27
23
14
27
18
23
18
28
16
26
24
22
25
19
21
26
26
23
27
30
23
29
23
23
26
11
23
19
22
14
22
18
15
23
17
20
14
20
16
22
14
23
23
21
20
17
21
15
19
23
26
19
12
17
27
19
30
15
20
21
20
16
27
23
17
21
22
20
22
22
19
29
20
25
21
23
24
21
21
21
18
25
19
20
32
31
20
23
19
27
22
