10
19
17
20
22
14
14
16
11
20
14
10
19
22
16
18
10
15
10
11
19
9
14
15
14
10
7
12
11
11
11
15
14
14
17
11
11
12
15
11
10
10
17
12
10
11
14
12
10
14
15
9
3
7
12
10
12
40
75
89
169
282
380
375
393
438
456
476
531
670
831
922
1036
938
776
742
605
568
584
508
481
530
459
479
465
458
439
462
521
488
464
476
485
488
453
467
471
454
440
412
439
425
402
452
411
436
436
436
430
413
421
433
434
463
474
454
461
482
457
460
477
440
483
460
427
478
480
433
468
441
476
438
522
512
488
511
486
501
455
469
475
490
454
461
504
528
467
457
457
510
467
439
496
477
461
461
474
503
486
486
468
461
469
469
457
493
473
548
474
465
510
511
490
523
488
551
486
506
509
510
529
551
500
528
518
510
529
522
511
565
552
480
513
575
519
541
517
554
525
525
581
563
534
531
555
573
554
603
576
611
545
553
577
565
552
545
570
541
560
578
625
595
551
564
604
584
619
608
591
593
623
621
577
612
598
620
624
633
589
605
655
605
591
613
613
612
656
613
594
602
645
681
639
644
671
608
624
679
621
611
613
664
666
635
660
696
654
611
641
670
635
632
614
638
683
665
641
696
687
694
667
624
699
688
670
699
690
689
657
680
734
692
679
705
648
701
620
721
683
711
692
727
671
689
682
634
726
697
713
693
693
655
701
712
679
658
690
691
641
709
735
733
729
715
700
748
721
722
754
684
706
715
659
717
733
710
705
694
752
676
685
715
709
708
714
671
703
669
696
767
714
700
709
687
731
723
688
728
695
725
726
716
685
714
719
701
717
674
696
729
774
732
729
755
751
728
766
719
718
708
744
687
760
720
763
699
703
773
685
786
721
753
742
791
728
756
727
713
714
721
779
743
780
753
780
790
742
761
764
735
727
737
726
709
725
784
746
754
777
720
750
757
692
724
790
787
802
725
713
765
749
739
718
693
730
721
739
768
740
730
784
744
726
789
739
806
797
700
739
768
767
758
759
792
689
736
775
746
735
754
718
745
790
745
765
743
792
782
707
759
747
727
699
754
771
744
730
753
773
713
843
754
768
789
736
782
762
772
763
762
723
799
814
769
707
775
749
780
794
751
733
766
743
746
713
692
707
779
729
780
781
722
750
720
743
797
769
723
731
732
786
720
763
716
784
777
775
744
766
746
730
775
712
764
731
728
729
718
747
764
779
778
734
736
750
796
737
717
754
754
732
711
739
801
754
712
731
809
717
801
762
754
741
710
760
725
742
728
774
749
733
768
743
730
738
728
745
739
762
749
757
721
783
770
719
756
783
746
752
797
728
800
755
764
759
810
738
783
792
807
734
735
754
735
717
787
816
801
777
764
709
812
773
803
755
717
792
780
766
845
767
761
809
796
796
800
772
786
800
789
861
768
788
856
797
866
786
796
795
837
791
819
827
852
822
767
822
845
829
841
855
829
845
830
853
845
844
783
908
847
846
793
872
883
814
848
876
851
861
878
835
879
879
891
833
865
894
953
911
908
922
908
947
871
885
899
832
914
877
826
888
907
915
889
879
923
870
893
892
887
888
925
795
976
862
859
871
975
898
912
886
876
867
862
924
885
928
883
931
885
911
855
898
932
916
913
912
950
956
910
890
940
868
906
903
873
889
903
919
904
863
909
930
929
888
854
845
888
903
883
832
845
883
863
913
814
824
882
928
881
844
879
880
885
794
855
862
851
853
898
884
915
831
881
844
830
881
841
872
882
878
816
875
828
788
856
853
827
835
839
822
850
784
838
782
776
851
793
812
803
799
809
879
826
815
857
792
842
854
779
827
852
794
869
846
773
859
869
812
803
806
827
839
815
814
822
844
812
824
814
797
778
800
775
827
762
834
802
813
764
774
796
829
794
814
784
823
786
833
794
783
774
817
784
805
755
803
846
773
781
802
774
787
807
817
789
742
763
770
848
811
787
786
789
735
703
780
742
736
774
761
778
789
763
765
777
794
776
754
736
766
793
765
720
826
745
725
671
720
713
709
735
744
732
753
748
729
754
749
757
753
809
769
742
767
750
765
713
776
720
735
690
668
733
723
709
712
704
716
689
722
761
698
709
713
718
727
708
707
687
704
718
701
712
704
752
701
741
686
710
688
720
692
722
704
733
753
676
712
658
657
700
711
679
687
663
667
713
691
686
714
698
708
650
691
659
655
709
638
650
658
686
675
698
659
650
642
644
692
665
667
666
695
664
693
677
677
687
647
677
646
654
669
664
607
689
654
678
661
688
652
685
655
670
721
691
692
659
692
649
698
652
630
655
671
676
640
645
625
648
667
620
616
644
667
613
646
678
653
641
653
656
644
651
605
659
619
697
647
632
634
624
642
658
615
636
614
658
628
629
625
669
591
651
619
594
667
628
617
622
630
608
592
596
624
678
655
623
642
658
666
647
646
646
618
574
580
641
553
625
596
589
616
634
641
595
606
606
625
638
595
611
605
649
658
630
639
585
551
635
577
593
606
593
574
591
590
627
640
624
623
642
627
607
605
622
612
619
563
580
610
626
593
609
639
593
613
592
580
623
606
626
614
614
612
580
595
554
588
597
574
597
574
619
621
596
595
612
593
608
555
610
606
624
621
596
573
664
619
574
600
609
561
615
626
606
628
616
572
585
619
596
583
577
602
604
614
596
571
600
592
625
607
613
633
519
570
574
637
610
597
606
578
572
567
577
614
532
555
573
580
570
570
606
576
622
594
606
567
599
603
568
576
556
583
563
557
567
535
583
565
599
587
562
609
576
565
551
572
551
564
542
617
603
566
549
551
563
566
556
539
547
515
569
564
541
584
551
597
561
566
545
594
545
573
509
526
544
580
567
578
539
521
536
532
555
552
561
533
553
516
499
545
563
541
488
507
538
504
521
521
516
521
528
522
485
514
527
481
513
506
488
534
514
515
506
465
525
497
520
509
477
492
493
447
513
477
484
492
483
477
458
421
474
439
485
479
501
482
469
470
439
477
471
452
421
468
450
451
424
428
449
437
449
440
472
420
418
439
446
462
385
436
423
405
434
457
423
417
406
413
417
416
457
422
408
373
430
406
405
378
424
394
408
385
391
374
395
406
362
403
397
351
397
354
383
374
379
342
349
365
386
381
370
369
415
378
376
384
388
361
380
357
337
365
365
375
353
384
339
337
372
363
357
354
343
344
351
349
357
347
348
321
333
362
351
329
323
331
338
306
334
353
304
300
328
310
307
295
327
289
311
327
322
312
308
331
304
342
347
305
322
349
290
305
300
309
307
317
306
332
287
312
307
321
291
279
323
310
297
283
302
299
268
327
280
298
289
297
311
285
294
289
291
308
306
284
307
270
291
292
245
294
302
296
271
256
266
303
284
280
289
302
300
268
267
300
279
326
269
313
261
254
273
289
253
289
297
261
279
290
259
311
263
287
243
278
294
269
266
270
274
276
275
271
245
263
237
265
253
264
273
256
274
254
290
287
285
275
265
254
269
268
255
254
252
245
276
270
275
220
268
245
247
282
267
256
262
290
250
239
267
239
250
256
244
265
251
266
282
235
285
253
237
228
237
255
254
253
252
243
241
274
251
252
233
261
256
254
256
244
248
250
230
264
234
249
251
280
237
262
252
257
250
210
232
259
255
225
268
235
221
245
222
245
254
249
249
262
240
224
252
248
226
256
246
261
256
232
237
224
230
233
230
253
247
224
275
242
224
222
235
271
253
261
242
234
180
265
233
219
245
242
232
272
226
244
238
225
224
221
238
228
247
240
216
256
238
235
215
223
245
258
223
216
218
249
218
236
234
232
234
225
235
235
234
243
230
226
177
237
226
232
254
202
218
259
227
224
229
225
238
233
216
239
272
198
223
240
209
220
232
218
219
256
245
240
219
245
214
253
216
265
230
250
220
254
248
240
246
247
244
251
205
219
243
230
257
254
257
237
228
231
232
246
229
238
236
247
255
244
238
230
273
243
259
277
258
256
240
253
245
288
261
265
252
232
297
267
256
271
299
312
298
279
284
299
300
267
308
281
280
287
291
288
308
350
304
311
267
313
311
321
330
339
334
322
374
352
348
330
339
347
369
368
371
370
379
391
379
373
399
396
406
423
434
382
388
426
449
424
429
400
499
457
454
459
473
466
457
538
524
493
498
536
525
534
523
550
589
520
556
565
590
567
606
585
570
629
584
627
598
670
645
672
639
698
656
720
733
686
681
708
722
694
743
765
742
744
774
830
754
761
766
794
846
857
886
875
837
814
907
910
946
909
975
847
967
969
972
1038
927
963
998
1035
992
1017
1072
1100
1022
1033
1064
1080
1146
1064
1094
1139
1164
1101
1038
1127
1176
1173
1148
1197
1153
1222
1201
1258
1355
1234
1242
1322
1327
1301
1309
1309
1282
1341
1371
1351
1385
1401
1403
1373
1434
1410
1401
1437
1533
1481
1442
1495
1484
1497
1529
1546
1527
1523
1595
1646
1598
1664
1528
1637
1670
1709
1700
1710
1729
1670
1711
1777
1755
1676
1693
1730
1681
1759
1823
1744
1848
1856
1761
1749
1778
1815
1894
1868
1895
1946
1950
1939
1941
1927
1828
1960
1928
1998
1957
2028
1998
2027
2042
2015
2053
2017
2075
2006
2062
2102
2137
2100
2187
2112
2176
2113
2193
2107
2132
2184
2240
2311
2342
2338
2247
2249
2343
2315
2338
2216
2393
2308
2268
2298
2290
2412
2302
2442
2381
2349
2360
2462
2436
2374
2536
2495
2416
2426
2425
2461
2527
2337
2470
2491
2393
2419
2590
2506
2554
2542
2450
2554
2416
2514
2635
2526
2475
2540
2560
2598
2507
2651
2495
2679
2629
2562
2589
2575
2655
2624
2562
2543
2599
2597
2568
2672
2669
2532
2688
2592
2614
2612
2574
2648
2543
2498
2558
2580
2674
2589
2563
2556
2530
2589
2526
2616
2588
2516
2450
2571
2620
2562
2481
2468
2521
2589
2594
2518
2563
2421
2474
2473
2486
2459
2458
2447
2417
2426
2391
2403
2402
2391
2334
2301
2432
2372
2354
2309
2278
2220
2245
2278
2342
2276
2158
2284
2161
2123
2287
2159
2199
2104
2127
2067
2130
2023
2088
1987
2011
2036
1915
2066
1944
1984
2035
1895
1890
1976
1898
1860
1931
1804
1768
1828
1667
1760
1740
1742
1650
1664
1692
1643
1646
1531
1633
1570
1466
1578
1497
1466
1478
1466
1493
1457
1402
1370
1409
1346
1376
1366
1346
1386
1306
1248
1229
1228
1272
1250
1178
1203
1140
1157
1130
1137
1091
1112
1090
1041
1038
1036
1044
998
1003
926
973
967
892
925
889
941
884
880
822
812
879
836
791
802
840
743
774
742
700
678
704
724
661
648
649
647
660
651
641
633
600
603
577
557
536
590
584
564
507
526
529
509
493
488
497
495
476
447
467
448
442
419
389
402
415
414
407
385
369
344
362
352
359
358
368
332
385
336
310
355
323
315
306
316
334
295
300
291
286
288
240
262
261
264
235
250
250
243
250
247
235
249
235
223
235
249
246
221
219
236
179
216
224
213
197
199
197
239
202
195
198
178
171
205
197
177
182
189
177
180
197
185
175
164
174
180
168
184
162
167
155
189
164
163
161
161
152
158
156
147
141
154
151
156
152
160
180
141
158
142
145
147
148
136
146
156
143
141
148
157
154
124
156
139
139
134
131
128
127
121
151
157
126
137
121
130
122
131
126
110
123
122
127
122
122
130
107
116
131
96
124
128
124
105
111
108
92
119
117
118
124
119
121
118
122
124
92
127
117
134
101
137
131
111
129
108
119
112
116
111
105
107
121
126
119
115
120
119
107
99
118
120
109
102
106
103
102
93
115
98
130
102
123
119
104
127
119
117
106
110
107
100
122
108
117
103
104
110
120
82
103
100
117
117
95
123
104
102
106
117
91
115
110
100
111
117
94
112
116
111
116
104
108
97
107
97
114
121
110
108
100
101
97
92
115
109
110
107
103
107
108
98
84
116
118
98
88
99
89
110
112
129
113
112
89
97
96
104
106
110
113
108
97
92
101
129
109
107
109
96
87
116
116
90
119
112
109
99
105
94
92
94
95
106
94
108
97
104
109
117
91
107
97
101
94
116
103
108
106
103
110
109
89
88
107
115
91
98
98
92
98
97
105
92
94
82
94
110
120
116
95
91
101
95
97
82
88
119
121
120
99
109
103
102
90
104
90
106
104
104
96
99
93
85
94
98
110
97
120
94
99
107
115
96
117
89
102
100
118
99
111
105
99
104
95
122
99
122
95
107
109
104
81
113
112
104
106
113
115
82
110
87
104
87
100
95
104
123
109
124
94
112
94
95
103
94
116
107
120
113
92
107
120
109
107
83
103
106
100
105
103
99
98
95
114
94
111
110
79
98
103
86
88
93
101
84
108
99
108
106
90
103
106
100
102
102
98
102
92
93
94
100
96
101
106
109
122
109
106
90
115
118
132
105
117
113
99
106
94
100
92
92
92
108
117
90
104
109
86
112
75
105
93
104
94
114
111
106
69
110
114
112
102
110
102
105
105
90
86
100
91
99
108
102
99
90
104
81
104
106
105
94
100
97
99
88
97
101
89
113
117
108
93
100
108
101
75
104
104
90
103
104
108
119
107
86
111
100
92
108
106
88
110
105
111
81
73
119
111
95
84
128
124
115
105
114
104
99
92
100
102
109
103
115
97
129
113
95
105
79
101
100
105
110
117
93
107
100
95
96
110
131
116
88
120
123
89
110
99
117
103
108
117
81
108
101
105
102
88
97
113
108
100
103
106
101
113
83
99
112
117
116
111
96
103
108
92
103
107
100
110
94
116
107
113
98
93
86
115
122
88
113
123
112
103
93
119
123
102
98
103
106
99
112
95
95
125
110
102
108
127
95
95
102
111
101
101
104
110
120
98
87
112
96
103
107
101
125
110
92
97
106
107
84
110
95
94
83
108
117
96
112
103
103
112
95
95
107
100
112
99
100
100
117
109
97
107
116
92
114
120
110
91
117
113
105
91
111
91
119
115
123
99
92
86
113
113
99
100
102
103
100
104
108
113
91
96
97
91
94
92
96
96
97
93
99
92
106
94
117
99
91
109
102
103
97
101
97
101
106
91
127
101
101
88
124
82
86
107
85
104
113
95
104
98
89
89
115
102
108
108
110
106
99
111
104
120
105
85
96
92
105
106
113
95
103
101
103
90
100
91
115
125
113
94
102
88
97
106
99
103
99
87
81
93
97
108
102
100
99
108
101
112
91
104
100
114
94
102
88
119
91
116
114
93
91
93
112
94
114
127
108
99
97
98
112
112
89
107
87
131
83
87
103
101
104
108
100
71
108
92
117
97
96
99
100
97
89
118
116
90
112
89
89
111
88
89
121
92
111
110
107
98
100
103
116
106
120
103
104
93
103
94
99
98
118
102
121
93
95
104
98
104
102
102
91
107
88
97
106
99
93
96
108
104
93
95
108
107
122
101
105
104
103
85
106
103
113
99
116
106
107
111
110
107
106
112
87
104
104
109
97
87
116
107
93
111
109
96
103
105
96
94
113
109
119
107
110
106
104
102
90
89
108
108
113
97
95
123
87
110
117
103
96
98
115
95
91
82
99
104
105
97
98
107
103
87
104
110
104
97
102
98
99
111
94
110
90
96
103
114
111
101
117
112
102
101
86
106
108
86
105
111
113
98
101
103
101
114
97
116
96
106
87
92
98
103
87
104
107
111
107
103
103
107
120
93
91
105
124
98
112
103
114
95
106
104
102
108
97
86
99
93
113
73
112
112
90
110
113
104
120
100
82
116
95
91
108
104
96
99
91
91
93
112
90
93
111
86
98
111
109
87
105
128
100
94
110
98
88
107
118
86
114
120
96
106
89
89
106
110
99
91
102
92
95
111
100
110
110
92
113
99
117
91
104
102
91
95
103
92
110
104
110
111
90
100
129
98
106
97
115
107
111
108
112
113
112
101
112
101
105
107
97
118
114
96
98
118
104
94
119
100
110
112
101
107
93
104
103
98
87
118
100
100
105
114
102
116
108
114
99
114
119
119
118
91
108
95
102
120
106
109
101
103
95
96
97
106
111
112
98
93
108
101
122
101
99
97
107
89
117
111
106
97
94
98
115
103
112
105
114
114
110
101
114
96
103
97
111
100
77
99
94
110
113
119
96
98
90
113
125
103
98
115
87
111
103
108
111
98
117
99
117
115
93
97
111
98
92
110
98
109
99
95
118
108
118
107
100
96
89
103
116
106
97
118
113
102
110
102
113
110
100
106
97
118
97
118
122
111
98
104
112
102
102
118
104
100
95
108
123
109
95
89
102
112
103
101
106
115
109
106
89
106
105
102
117
104
104
112
85
89
124
84
108
115
101
95
86
101
96
109
111
116
104
109
115
116
107
117
97
106
103
114
105
118
99
94
104
94
131
110
95
103
116
104
107
108
121
129
110
116
108
112
101
119
121
123
100
86
122
111
102
98
105
124
114
110
105
103
123
103
103
126
112
108
109
100
94
102
107
115
104
105
116
103
110
93
117
100
108
104
114
111
97
116
121
120
109
107
127
107
116
131
102
94
118
117
113
120
119
114
100
123
96
102
105
117
85
124
118
112
114
116
98
103
113
113
106
97
108
100
112
116
123
120
123
105
131
118
116
84
128
95
103
108
120
101
98
103
109
127
114
104
122
106
127
94
107
109
108
114
111
123
99
114
99
110
114
118
115
109
96
97
123
120
119
128
104
129
103
115
115
99
114
98
110
121
107
124
107
111
127
117
132
120
116
122
97
100
119
112
135
118
96
111
118
120
105
118
103
108
106
132
117
120
107
100
104
116
127
106
127
113
105
127
119
110
111
124
113
109
118
119
108
116
117
115
116
114
105
103
124
133
101
110
112
105
109
115
111
97
114
102
112
113
99
106
91
115
112
95
117
119
105
113
133
96
107
114
102
111
117
108
117
134
118
120
116
105
121
134
113
119
115
104
115
99
116
119
94
112
136
121
112
114
110
113
132
118
110
108
105
130
113
111
103
119
110
105
116
117
130
128
128
101
129
110
119
110
117
116
102
103
118
105
124
112
126
120
117
109
103
118
109
108
88
105
113
112
113
143
120
110
139
92
119
116
120
128
91
94
131
118
111
101
101
128
97
120
129
126
107
117
129
114
113
131
109
87
111
125
123
99
111
102
100
106
111
107
105
107
135
110
117
103
95
110
125
111
104
106
108
119
107
122
111
123
113
110
123
104
109
113
109
99
100
105
113
111
95
103
125
112
93
109
113
110
127
111
99
106
104
94
97
113
91
98
102
118
113
81
105
118
96
106
100
138
124
116
109
103
97
105
100
99
96
88
84
99
103
113
100
90
100
95
90
103
98
112
102
96
124
99
109
107
95
103
79
101
102
104
112
104
93
78
112
101
104
98
102
98
104
88
101
99
108
90
100
99
93
82
107
102
98
119
113
120
91
106
106
112
98
73
92
86
101
102
98
96
100
85
93
94
96
92
119
99
111
99
89
93
110
88
103
90
93
109
81
98
99
101
93
94
106
90
91
101
93
102
95
91
96
86
104
86
83
85
95
90
91
94
88
82
82
86
88
102
109
82
85
97
95
75
77
103
114
86
92
79
87
91
102
96
82
82
97
79
104
106
94
83
88
85
83
66
74
87
81
76
83
99
77
105
82
90
91
84
80
95
81
74
63
92
82
90
74
92
79
78
74
77
79
72
73
81
78
81
80
71
75
79
82
81
70
78
86
77
85
66
70
88
68
63
71
76
88
72
78
75
85
86
66
82
82
67
73
80
71
70
84
67
84
75
64
78
81
83
65
73
82
88
76
70
78
66
72
67
81
69
84
56
67
70
88
59
73
62
58
65
70
63
67
73
71
64
65
70
58
62
74
68
69
56
66
71
65
68
72
86
64
69
68
58
66
70
65
61
60
66
53
66
55
61
57
59
67
47
66
61
69
65
61
58
69
62
62
67
63
71
59
47
52
53
64
69
59
41
54
59
51
66
51
60
53
56
71
72
74
46
48
60
47
56
52
67
49
48
53
53
62
52
55
47
35
58
44
56
56
47
56
53
55
49
62
46
51
49
47
57
45
59
62
39
42
46
55
60
34
53
37
51
52
59
48
61
54
52
56
49
53
54
42
59
46
53
39
53
63
49
42
52
52
54
44
55
51
34
51
44
47
49
42
46
45
40
48
45
41
45
51
45
52
45
41
42
42
50
45
43
32
39
48
44
59
52
49
52
31
34
49
56
45
42
41
45
37
34
52
45
45
49
45
38
45
51
38
35
32
40
37
44
41
48
37
47
54
39
32
60
43
26
50
39
41
51
43
52
37
47
43
44
33
40
34
40
28
37
39
41
44
41
38
41
44
45
45
34
40
48
43
52
43
45
51
44
53
45
39
42
56
46
42
36
42
36
53
47
44
43
46
61
41
42
42
55
53
44
48
41
50
48
63
47
59
48
49
55
38
46
49
47
45
45
47
58
50
53
56
48
49
41
52
44
41
50
51
44
51
55
56
45
49
55
52
46
56
54
45
50
59
55
50
55
62
54
51
53
64
52
67
56
58
53
80
59
59
65
57
68
59
72
50
54
61
62
57
70
75
57
77
56
59
72
54
66
73
70
64
79
76
72
60
82
64
81
73
62
86
73
71
83
62
91
94
67
66
98
76
94
74
85
82
78
84
69
92
77
84
84
90
76
83
99
91
79
76
76
89
83
104
80
102
91
80
77
102
102
87
85
78
83
81
84
86
87
81
91
94
96
94
96
101
81
93
103
96
103
101
123
95
100
99
125
99
108
95
97
104
110
113
97
113
96
116
91
104
103
86
84
110
107
114
118
105
86
105
119
117
92
114
114
116
120
103
111
104
122
107
124
123
106
127
132
130
99
116
115
117
100
118
141
132
116
121
125
110
132
139
105
120
132
136
133
132
131
124
139
129
161
118
135
154
132
138
132
131
113
132
134
141
141
169
147
150
122
144
141
157
145
150
149
133
163
138
155
139
148
146
138
171
168
148
141
144
155
135
148
132
129
169
128
161
170
131
155
151
154
151
132
179
141
147
170
139
154
158
146
159
156
154
175
172
174
141
163
150
181
186
154
160
157
165
180
148
162
163
163
172
147
173
152
187
182
168
163
152
157
154
180
138
160
170
186
170
176
185
170
208
184
185
173
174
183
158
169
172
180
187
185
186
185
188
189
181
189
180
184
194
189
168
179
173
196
166
201
202
212
186
203
180
176
168
177
163
173
210
159
186
205
178
213
200
171
204
186
187
163
198
203
191
204
187
172
191
218
201
199
163
217
215
201
207
189
212
206
213
198
227
217
196
218
221
200
212
211
203
220
203
189
223
200
182
237
225
213
220
229
242
220
210
221
184
200
240
228
206
209
213
193
204
215
216
218
234
231
216
221
225
244
214
234
236
219
239
214
225
224
243
239
236
242
236
245
238
262
215
269
229
220
256
251
259
218
230
236
258
243
247
232
246
266
203
263
238
256
233
258
245
249
240
287
273
240
254
247
250
229
274
277
256
268
226
254
229
279
262
265
266
263
247
263
277
267
240
271
254
251
262
246
255
244
282
245
259
282
276
261
268
295
274
269
305
297
288
279
263
287
280
283
271
278
283
289
295
279
304
299
264
280
271
311
300
294
272
273
287
297
283
310
340
298
275
311
305
300
312
307
275
291
275
296
290
300
299
284
322
309
325
311
292
322
334
310
334
301
308
330
287
333
303
294
333
318
314
304
320
332
306
318
321
317
290
326
348
341
342
332
325
340
323
314
342
352
330
324
319
300
297
329
334
324
338
309
356
330
302
331
328
317
345
342
332
334
305
316
355
346
309
318
322
288
340
330
336
330
343
340
330
300
310
305
336
355
323
327
352
312
296
320
323
310
335
318
318
336
326
343
292
339
352
320
326
330
296
322
353
298
350
296
337
307
317
344
328
327
290
315
304
326
288
325
303
335
331
309
327
346
320
294
332
329
307
326
324
255
314
296
317
333
313
286
323
313
287
315
319
312
291
241
292
315
276
281
317
302
302
280
292
297
311
276
299
291
263
263
329
297
304
298
295
292
282
264
272
254
314
310
284
240
282
275
256
250
255
254
287
277
254
257
271
244
266
249
251
268
234
226
258
268
243
191
229
235
269
247
228
229
267
223
268
248
237
250
231
238
257
234
194
229
216
219
223
235
218
227
204
213
195
198
201
231
198
209
218
191
211
188
210
218
201
173
186
180
201
187
177
198
174
179
203
159
211
172
176
184
179
176
183
199
175
178
175
152
159
165
185
169
149
169
147
158
142
142
160
141
144
151
178
149
154
154
148
167
140
163
144
146
166
155
149
131
153
117
155
132
149
145
145
133
135
129
128
137
116
126
148
127
124
137
116
108
107
115
98
118
115
142
131
106
102
98
109
114
123
99
105
107
105
96
97
83
116
92
113
89
97
98
100
97
95
97
79
90
113
79
78
104
89
96
79
78
104
89
96
68
87
75
87
77
83
76
76
78
75
88
68
70
95
76
66
69
78
75
80
79
64
70
60
67
68
60
63
70
63
78
73
72
55
62
71
63
79
56
58
56
53
46
58
43
48
63
59
65
60
48
47
83
49
62
55
67
41
60
53
47
61
43
60
40
46
63
57
56
34
59
53
52
52
43
44
40
49
53
50
55
31
36
44
46
42
46
46
44
52
44
45
50
43
47
48
41
46
29
51
46
45
40
43
47
41
44
33
46
47
39
42
32
39
45
29
49
35
46
32
25
35
33
35
38
39
26
51
39
22
36
30
34
45
29
38
31
28
23
37
33
41
41
26
47
43
29
30
29
32
40
39
40
27
50
31
36
31
24
33
26
25
34
30
34
29
42
40
25
26
31
30
34
32
32
24
34
25
28
29
25
31
30
26
37
35
22
21
36
29
24
35
20
20
26
32
27
31
33
21
27
25
20
28
22
25
30
26
25
33
22
27
18
28
27
28
26
18
28
16
27
24
22
22
26
22
27
28
30
29
25
28
17
19
23
26
31
31
29
32
20
18
20
17
24
17
24
28
25
34
20
15
23
20
20
25
21
24
47
30
19
21
17
25
13
26
24
28
23
21
16
22
22
22
23
24
16
27
17
24
22
20
23
30
18
27
17
21
30
18
26
27
21
28
16
19
26
28
18
19
23
25
21
32
22
21
18
19
22
19
19
28
33
22
25
24
16
24
17
20
23
17
20
24
26
27
24
35
17
14
16
23
14
17
24
24
20
20
21
26
21
22
19
19
15
25
21
22
21
19
28
17
15
17
21
26
24
28
20
20
30
23
17
17
21
19
18
25
17
22
14
16
30
21
13
26
21
19
18
19
15
25
22
19
24
24
18
17
14
29
23
26
16
18
18
22
18
11
19
23
20
12
17
20
12
14
19
17
13
16
19
19
12
24
23
16
9
22
17
10
13
20
14
23
18
25
19
7
8
17
12
19
23
24
25
16
24
34
16
22
23
20
13
20
24
16
26
16
23
18
23
19
25
24
22
24
19
22
26
14
16
17
13
18
15
19
21
17
22
13
16
20
25
21
17
20
22
17
14
22
13
24
22
20
20
13
16
18
17
16
14
13
21
15
24
17
12
25
25
16
12
23
20
15
18
13
29
12
9
19
23
17
23
9
14
13
15
22
21
17
16
15
21
20
13
21
18
18
23
22
20
18
13
16
11
22
19
16
18
22
11
18
22
13
18
16
18
15
19
12
13
19
19
14
12
16
20
11
23
19
16
16
18
12
22
13
19
18
19
11
11
19
17
21
13
21
21
15
22
11
12
11
20
18
12
22
17
21
9
14
25
12
9
23
10
22
19
17
14
8
17
11
22
11
20
12
14
9
14
17
24
12
19
14
19
23
11
17
15
19
14
12
17
12
24
19
13
13
23
15
20
18
10
12
12
16
13
15
16
13
17
14
15
18
8
17
12
14
13
17
13
16
12
19
22
10
15
18
9
8
17
15
16
17
12
18
13
17
13
17
19
12
12
13
15
16
13
16
17
15
11
12
13
13
17
11
18
11
13
8
10
14
15
16
9
28
13
14
16
8
9
9
12
22
15
11
11
12
19
18
11
14
10
16
14
18
10
13
16
12
13
15
5
9
9
11
10
6
8
14
14
11
12
8
13
9
10
13
9
8
6
9
9
17
4
7
14
10
18
12
10
12
13
11
9
11
8
16
12
4
15
16
10
10
8
9
19
12
7
10
13
15
12
11
18
13
13
12
9
18
13
12
9
12
10
8
12
10
14
10
13
11
14
16
12
11
7
13
7
7
10
12
20
9
13
12
8
7
14
5
16
11
13
11
10
6
14
7
10
13
7
10
12
7
12
11
10
8
8
6
6
8
8
14
10
5
9
11
7
7
10
13
5
10
11
7
11
5
11
12
8
9
7
12
14
11
12
13
5
6
7
7
9
6
13
7
17
12
8
7
10
6
12
7
13
8
11
6
7
9
10
11
12
5
6
5
5
10
8
8
12
13
6
2
11
6
12
8
8
4
8
12
11
9
10
12
7
13
7
6
9
5
11
5
8
13
10
9
10
10
8
10
6
8
12
7
4
9
5
6
17
5
6
6
9
18
8
7
6
8
9
6
6
10
10
6
5
14
5
10
6
9
7
7
7
7
8
10
10
9
7
7
12
13
11
9
8
9
9
10
8
5
9
3
11
8
9
6
13
10
8
6
3
13
7
6
10
5
8
11
10
6
7
12
5
11
8
10
12
8
7
6
9
5
12
4
5
5
8
12
5
10
4
13
11
4
8
4
11
9
9
7
9
2
6
12
5
7
3
7
6
14
6
6
10
7
8
14
8
10
11
7
10
10
12
11
6
12
11
16
5
6
14
10
8
14
5
12
10
14
5
6
8
6
5
5
9
8
6
5
8
13
4
11
8
7
12
12
6
10
6
8
13
12
11
7
11
9
10
15
10
4
5
13
13
8
8
8
6
7
13
11
8
5
12
13
7
8
10
6
8
11
8
5
7
8
13
5
7
15
6
7
10
9
7
4
12
7
9
4
11
9
11
7
7
4
7
7
6
10
8
7
14
3
7
8
10
6
7
8
10
9
8
6
8
5
11
4
7
12
10
4
8
8
6
10
9
8
7
10
8
9
6
9
9
5
8
10
7
6
9
11
6
8
4
10
8
12
11
10
11
11
12
16
6
8
6
4
5
10
6
6
5
9
10
6
4
3
8
9
5
13
9
8
5
13
9
12
3
10
6
6
7
6
10
9
9
10
10
15
8
8
7
7
20
7
8
8
11
4
16
9
10
7
4
7
14
10
10
18
10
10
7
5
9
7
6
12
6
14
7
9
8
10
6
11
7
10
12
4
4
13
6
7
8
6
9
5
3
8
7
9
6
8
8
11
6
7
8
7
15
10
10
6
7
5
8
6
10
12
16
7
7
6
4
8
9
10
7
5
5
10
8
9
7
8
10
6
7
6
8
6
14
4
2
7
5
10
7
12
4
8
10
11
9
9
6
11
10
2
7
11
4
9
4
6
7
13
8
5
11
10
8
14
9
7
8
4
7
7
6
7
7
4
7
9
7
8
11
8
7
6
12
8
9
5
6
5
10
9
10
8
11
7
13
4
4
9
13
11
10
6
4
11
3
16
5
7
9
6
5
15
10
7
9
10
10
12
10
5
8
9
11
5
10
8
9
11
10
7
7
8
4
10
10
6
6
6
4
13
9
8
13
11
11
7
9
5
5
4
9
6
7
10
8
15
11
5
9
9
9
10
12
9
6
5
9
2
5
9
5
14
12
8
11
7
11
11
4
2
8
11
5
8
6
10
8
13
9
7
7
10
13
4
5
13
12
9
5
7
5
7
13
5
10
6
11
9
7
8
7
9
10
8
10
8
13
7
6
11
8
9
7
2
10
12
11
10
15
10
13
10
10
6
6
8
13
14
11
11
10
2
5
12
9
7
10
8
6
10
7
12
14
4
11
4
12
10
6
5
6
11
11
9
10
11
7
6
13
11
8
7
13
11
14
3
8
8
8
13
9
10
12
8
11
12
11
12
11
11
2
11
5
13
8
6
13
7
7
14
9
6
13
12
12
11
14
21
9
13
11
13
7
9
7
12
9
10
9
16
5
7
10
8
9
7
8
6
9
13
16
7
10
11
12
14
4
9
15
14
9
15
9
3
14
12
9
14
8
14
17
10
12
8
12
11
6
8
10
19
16
7
10
8
12
9
8
11
16
11
9
10
10
14
9
11
25
12
8
12
10
8
11
17
8
12
9
8
11
8
9
21
12
8
10
12
18
9
9
12
9
11
16
9
12
13
8
10
18
15
11
13
13
12
11
10
5
17
10
14
11
12
13
2
10
24
14
10
10
12
13
9
13
10
15
16
11
5
5
11
11
7
14
14
18
14
9
10
17
14
6
14
13
8
10
9
10
14
14
16
13
7
13
17
18
7
11
12
9
8
15
7
8
11
9
15
14
14
15
13
13
12
12
17
13
16
8
13
18
12
6
17
11
7
16
8
19
12
13
17
13
14
15
14
8
11
12
14
14
8
7
16
13
14
10
19
16
14
13
9
9
14
15
11
8
9
21
8
9
7
11
7
11
14
13
11
12
14
7
13
12
16
14
8
11
10
14
11
17
18
18
7
16
11
16
22
13
7
14
6
11
14
9
12
7
8
15
11
16
9
11
11
8
13
18
10
15
6
10
14
10
13
12
14
10
15
16
13
9
17
11
9
13
16
16
14
9
12
9
10
14
15
10
7
13
12
13
18
23
5
14
7
16
8
10
12
17
13
17
7
16
12
12
7
6
12
10
11
8
9
5
9
9
15
16
4
8
7
9
11
12
12
8
13
11
14
6
12
8
8
15
9
12
13
12
11
9
6
14
12
5
12
11
10
6
11
8
6
8
13
10
9
12
12
5
9
14
5
10
7
6
11
3
9
11
11
8
9
7
8
9
8
9
7
3
4
4
8
6
10
4
10
1
9
7
10
3
8
3
9
10
6
7
8
3
9
10
10
6
6
4
3
9
10
9
6
8
5
6
9
8
5
9
7
7
5
8
5
7
3
9
5
8
7
4
5
5
8
8
2
5
1
7
3
8
3
9
5
7
7
4
5
6
6
4
5
2
7
6
7
7
2
1
5
4
6
4
4
7
5
8
6
9
6
2
9
5
1
4
7
1
5
5
5
3
7
1
4
5
3
5
5
2
5
4
2
3
5
6
4
1
6
3
6
2
4
6
3
8
7
1
2
5
6
1
4
0
4
3
4
1
4
8
7
3
5
3
2
5
3
5
7
3
5
2
3
5
1
4
3
1
5
3
3
0
3
1
5
4
5
3
3
3
3
4
3
5
1
3
2
3
2
2
5
4
1
6
3
2
8
6
1
3
3
4
3
1
2
5
5
4
2
2
2
3
4
1
1
1
3
3
2
2
1
3
4
5
1
3
1
3
1
3
1
3
2
2
2
1
1
1
4
1
1
2
2
1
2
1
2
2
2
3
1
2
1
2
2
3
2
2
3
1
0
5
0
3
1
0
2
1
3
4
2
3
2
1
0
3
2
3
0
0
2
2
1
0
0
1
4
2
2
2
2
0
2
1
1
0
3
2
1
0
2
1
1
0
1
1
1
0
4
1
2
1
4
2
1
2
0
3
1
1
1
0
3
1
1
1
4
1
1
2
3
1
1
0
2
1
3
1
1
2
3
1
1
0
0
1
1
0
1
2
0
2
1
0
3
2
1
3
0
0
0
3
0
0
1
2
0
3
2
0
0
1
1
2
1
1
0
1
3
1
3
3
1
1
4
0
1
1
1
1
1
2
4
1
1
1
3
2
0
1
0
1
1
1
1
1
2
1
0
3
0
2
0
4
0
1
4
2
1
3
1
1
3
1
1
2
0
2
0
1
0
2
2
2
1
1
0
1
0
2
1
1
0
0
0
0
0
0
2
2
1
1
1
1
0
3
2
3
1
2
0
0
0
4
2
2
1
2
1
1
3
1
2
2
1
1
3
1
0
2
1
0
1
1
1
1
2
1
1
3
1
1
0
3
0
0
2
1
2
0
0
2
1
2
2
4
1
1
0
1
1
0
2
2
0
0
0
2
0
0
0
4
1
1
3
1
1
4
0
1
2
1
0
0
0
1
1
0
0
1
0
1
1
0
0
2
0
0
1
0
1
0
1
0
0
2
0
0
1
5
0
3
0
3
0
1
0
1
0
0
2
0
1
1
2
0
2
0
0
0
0
3
1
1
2
0
0
0
1
1
0
1
0
3
0
0
0
1
0
0
0
0
1
0
0
3
0
0
3
1
0
0
0
1
1
2
1
0
0
2
0
1
2
1
2
0
1
0
4
1
1
1
0
0
1
2
1
0
1
1
2
1
1
0
2
2
1
1
1
0
2
1
0
1
1
3
3
0
1
1
1
0
0
1
0
0
2
0
0
0
0
1
0
2
2
2
2
1
1
0
24
21
30
10
15
24
15
21
18
17
16
18
19
22
17
19
16
23
21
21
21
25
18
23
26
25
22
16
29
20
21
31
19
23
23
28
23
22
18
24
31
22
26
11
27
20
28
16
21
21
16
18
20
18
13
17
22
14
21
18
16
27
15
16
24
19
20
21
21
20
18
21
26
18
16
13
17
28
25
21
16
22
23
20
17
13
19
25
14
20
20
14
25
22
21
13
23
14
25
20
17
26
18
17
18
19
16
25
24
17
18
18
16
18
19
14
19
21
25
15
22
35
25
31
26
28
32
20
