7
8
9
15
15
11
15
19
18
18
16
16
18
21
15
18
17
16
13
14
27
18
16
21
15
13
10
17
15
17
12
19
13
13
17
5
21
15
14
10
13
17
9
9
8
13
20
8
12
11
11
12
12
8
6
20
29
70
85
135
225
334
335
329
365
387
408
456
446
489
641
808
982
1028
1075
909
818
687
681
630
557
553
532
505
518
471
458
493
479
481
486
493
474
483
447
433
482
458
466
425
399
436
382
386
395
412
410
407
404
420
405
415
400
443
423
450
429
439
438
432
404
423
442
435
464
435
458
418
458
439
431
459
443
440
417
433
399
441
464
431
424
445
425
443
454
447
443
419
449
465
466
452
438
462
469
424
449
441
464
446
447
480
439
439
457
463
472
463
413
452
438
439
447
450
446
467
445
507
458
456
445
478
469
445
473
476
465
492
454
465
437
508
424
523
465
480
468
484
483
491
460
492
464
434
456
488
477
468
490
479
476
485
529
472
494
537
520
515
497
514
478
509
528
530
530
489
593
510
487
547
531
554
518
515
504
547
560
513
465
539
558
553
500
506
521
577
562
583
592
550
547
552
592
567
514
576
543
552
551
557
546
563
565
561
545
584
560
527
561
560
596
605
610
564
599
616
617
608
622
585
598
598
598
628
596
629
623
579
591
603
620
623
615
609
589
615
609
587
601
642
589
627
589
625
610
658
599
647
660
656
639
591
582
648
638
640
613
656
626
629
634
661
650
634
645
642
700
650
630
669
669
662
644
662
621
687
626
627
657
659
664
658
652
643
628
652
675
692
637
658
643
675
639
684
647
651
675
678
648
643
657
640
639
661
661
681
631
697
648
646
640
675
701
638
678
662
680
617
632
649
675
660
705
719
633
642
685
702
680
675
659
645
692
650
626
629
642
649
596
666
658
653
647
693
718
699
712
685
717
699
687
643
714
672
680
694
682
646
683
648
665
688
706
679
683
672
707
684
703
678
704
688
732
699
726
654
724
688
625
678
652
657
648
659
710
650
695
707
694
716
697
698
694
674
701
698
704
695
714
659
709
694
702
710
704
670
661
690
733
666
685
685
695
717
674
699
706
691
673
713
685
718
743
693
713
694
650
735
735
741
687
697
698
663
733
691
735
730
688
705
692
755
687
742
758
696
698
712
680
655
756
724
725
730
660
737
718
717
766
654
727
714
718
676
686
732
684
708
705
734
753
682
733
707
685
686
723
712
717
694
704
746
746
716
698
741
715
762
677
710
731
714
730
736
709
716
689
690
653
723
686
720
722
676
669
705
725
713
704
749
691
713
680
704
706
711
749
679
683
682
678
702
712
727
674
679
713
680
716
693
774
702
716
715
713
648
700
714
734
741
701
675
700
728
677
714
715
687
721
688
710
702
697
667
656
711
683
710
656
706
738
679
706
730
663
761
625
709
723
712
748
699
744
701
739
726
721
728
744
685
726
708
664
683
713
725
727
653
742
676
730
713
709
728
694
701
695
700
642
711
701
742
755
694
706
663
723
711
716
733
692
738
714
748
773
736
737
768
725
713
698
718
762
728
740
765
721
719
755
716
754
700
757
714
789
709
707
754
748
751
764
724
740
776
785
749
723
734
765
755
736
778
799
756
784
802
767
807
813
806
773
774
788
876
785
807
774
790
807
837
830
834
805
844
889
873
789
801
856
818
848
809
821
787
839
839
814
843
823
808
889
866
831
890
832
855
798
885
847
885
850
880
930
945
842
847
862
880
903
883
851
877
893
927
899
858
866
885
925
911
847
906
839
900
922
881
857
884
838
899
861
910
889
911
946
849
898
878
913
904
897
884
859
860
830
902
861
870
835
880
811
892
844
900
901
864
871
892
847
889
877
880
816
878
924
833
869
864
889
822
839
839
835
895
815
869
842
852
840
862
851
843
803
840
803
796
813
851
855
842
804
833
830
842
842
800
834
841
836
828
789
850
857
849
842
821
856
832
757
819
807
785
830
737
862
817
796
790
832
773
767
802
800
801
789
809
810
801
821
791
771
815
817
783
750
784
801
765
807
786
838
796
755
756
787
808
738
839
758
775
812
736
767
793
785
786
791
741
783
771
759
794
730
790
802
743
713
765
736
750
681
783
774
710
700
689
780
734
748
770
744
733
766
794
741
787
791
790
744
814
724
761
717
734
759
687
761
735
731
738
755
737
767
720
721
707
751
730
727
723
713
758
719
771
791
751
739
751
742
744
726
717
723
728
714
709
703
739
757
776
673
758
741
727
740
706
729
735
759
707
704
734
686
690
703
724
700
700
694
700
725
718
651
685
691
704
715
736
730
709
656
624
761
669
688
717
722
689
701
653
674
666
681
676
696
721
650
660
718
682
648
649
701
683
676
711
720
657
686
680
656
719
688
704
660
686
679
683
650
692
633
699
695
675
666
660
689
696
684
661
690
670
679
691
658
669
686
627
698
667
695
666
645
692
602
658
671
606
622
644
604
638
657
660
629
661
561
664
624
580
654
622
649
629
626
674
613
635
626
623
621
649
662
608
622
699
632
610
629
654
624
612
675
583
641
665
625
598
628
577
578
607
623
591
657
629
585
580
621
609
578
631
641
637
619
599
589
587
603
624
604
616
605
604
603
612
627
610
612
648
614
592
666
602
551
619
595
567
590
586
598
578
532
546
545
634
573
572
588
550
599
622
586
592
632
582
636
609
584
598
594
596
619
612
604
591
614
564
571
569
573
554
585
591
579
601
575
622
569
609
583
548
592
566
572
566
600
594
580
613
567
578
569
552
569
591
578
569
582
577
589
608
559
597
553
604
545
598
534
542
562
558
564
583
551
603
566
563
624
607
604
542
566
533
563
597
582
585
551
586
515
539
547
592
568
558
549
572
554
586
588
541
581
605
579
531
577
558
529
590
567
593
592
591
532
547
587
591
566
578
579
551
594
587
628
611
540
536
618
576
565
590
585
552
537
607
578
547
580
544
611
594
561
518
576
559
578
592
606
578
590
569
593
557
593
585
560
538
591
611
566
567
566
540
559
524
535
540
580
572
605
565
607
522
553
550
580
566
590
530
586
602
604
558
594
562
553
544
610
547
553
543
570
540
555
544
594
584
573
556
538
541
554
602
609
560
541
541
552
552
575
552
563
561
550
561
533
573
560
554
522
529
540
539
538
564
513
487
559
571
508
569
522
540
538
512
497
541
538
513
561
523
538
537
535
524
536
524
501
538
505
502
517
530
496
485
474
484
511
495
491
511
493
474
475
520
492
439
466
519
442
506
492
513
492
478
444
508
444
477
450
460
480
465
433
443
435
435
482
432
435
465
444
490
427
436
442
461
446
434
441
420
440
437
419
449
444
434
400
398
419
417
414
436
435
415
433
388
400
392
380
389
421
404
409
375
401
356
401
435
369
417
383
382
406
398
400
341
408
386
401
346
419
357
348
370
348
349
394
374
352
350
337
347
347
370
370
335
389
341
373
370
358
334
373
356
357
379
328
351
310
305
307
365
280
341
329
332
379
324
330
331
327
322
321
327
350
320
334
332
325
322
320
321
315
321
345
341
302
310
298
326
331
300
331
318
269
309
322
314
311
292
289
263
315
291
332
295
316
263
265
285
290
334
312
271
293
290
289
274
273
298
301
309
299
330
293
292
278
290
289
273
299
277
279
273
280
280
305
262
283
258
299
309
318
297
275
260
247
290
257
265
285
276
283
290
271
257
260
258
274
250
291
250
254
268
266
278
243
265
280
291
295
266
263
262
255
265
268
287
254
243
278
252
268
270
283
255
249
257
247
251
247
268
278
270
280
273
259
273
264
251
234
259
251
248
269
238
234
245
243
234
248
285
235
217
270
242
235
250
256
236
251
215
249
232
258
235
235
232
241
262
229
244
251
216
223
244
235
243
242
213
249
250
254
204
230
243
236
209
228
262
219
228
243
260
232
233
241
240
246
206
222
237
249
226
240
258
258
216
231
220
252
226
239
230
233
262
200
208
239
224
226
235
236
215
202
204
210
246
241
202
205
227
209
214
250
274
214
246
228
223
208
207
231
204
191
240
225
196
222
252
213
254
214
215
233
210
242
211
221
203
234
229
209
232
206
232
225
226
235
216
217
222
207
227
228
217
211
206
227
218
213
201
237
214
235
215
223
209
215
217
192
238
213
209
223
210
219
220
203
228
216
218
205
220
196
256
212
214
275
218
224
229
205
200
231
240
205
203
203
201
210
210
204
230
195
231
207
228
239
191
213
208
227
198
216
224
233
209
221
195
222
190
216
199
224
193
198
202
203
231
199
208
223
221
207
219
209
171
213
204
218
235
228
219
235
220
215
194
223
191
215
212
203
204
200
198
196
190
233
199
183
226
227
188
212
198
206
181
207
219
192
193
202
230
215
201
199
197
204
221
193
196
208
189
218
201
229
212
200
206
184
200
184
180
191
205
208
192
223
219
209
195
188
206
206
217
220
198
214
218
198
173
226
191
183
211
218
195
203
200
221
220
221
212
204
204
221
230
237
205
194
193
202
222
201
222
219
218
201
234
238
244
215
216
205
214
207
233
208
246
224
237
248
217
232
223
239
233
230
255
230
221
252
275
200
256
256
205
254
229
264
260
238
253
228
271
269
238
265
256
240
269
260
253
255
292
268
294
286
302
272
294
304
310
308
325
293
313
257
281
309
339
322
332
352
330
325
343
340
385
377
371
375
363
400
399
381
425
406
454
465
431
428
420
482
445
459
435
413
485
490
466
522
527
504
535
503
581
523
539
539
579
595
612
640
624
669
606
631
645
682
691
712
724
738
731
764
775
735
838
799
759
811
893
828
896
852
901
881
925
928
921
985
1006
1021
1043
1018
1067
1068
1038
1153
1126
1143
1166
1117
1151
1226
1251
1276
1245
1277
1305
1311
1333
1350
1387
1355
1421
1444
1452
1442
1533
1599
1572
1548
1611
1608
1597
1655
1715
1635
1691
1813
1701
1784
1840
1826
1878
1885
1899
1904
1936
2006
1927
2086
2056
2161
2116
2103
2107
2103
2120
2144
2275
2237
2289
2370
2320
2304
2468
2418
2369
2427
2510
2537
2472
2514
2638
2541
2572
2659
2668
2690
2647
2733
2715
2730
2693
2791
2790
2917
2890
2856
2846
2896
3073
2931
3036
3012
3115
3074
3058
3073
3206
3034
3183
3132
3213
3179
3181
3251
3257
3196
3142
3213
3346
3291
3230
3350
3376
3313
3329
3298
3443
3370
3379
3322
3473
3417
3399
3396
3416
3465
3435
3458
3492
3396
3330
3465
3365
3453
3457
3558
3523
3476
3461
3470
3462
3470
3568
3470
3500
3381
3422
3280
3429
3406
3460
3355
3378
3348
3415
3307
3302
3347
3288
3360
3322
3362
3303
3313
3182
3312
3355
3203
3248
3125
3267
3169
3117
3163
3085
3082
3116
3181
3142
3082
2986
2997
2943
2896
2978
2886
2811
2929
2843
2981
2871
2886
2853
2754
2742
2779
2762
2670
2622
2612
2615
2574
2569
2585
2539
2529
2548
2510
2443
2383
2386
2317
2282
2347
2284
2215
2283
2211
2178
2197
2106
2111
2113
2068
2032
2035
2041
2040
1954
1933
1855
1924
1843
1759
1795
1755
1763
1724
1757
1808
1671
1701
1600
1631
1558
1537
1514
1559
1468
1519
1466
1516
1341
1451
1357
1354
1356
1321
1286
1235
1196
1186
1285
1160
1227
1189
1102
1180
1139
1081
1101
1059
1063
1019
1015
963
941
934
912
1004
918
870
914
864
825
855
910
749
766
804
772
724
759
737
689
670
725
696
650
714
690
618
636
632
591
612
547
589
517
605
573
548
561
544
469
479
491
481
454
484
488
471
433
450
466
409
434
419
389
405
399
423
386
357
383
386
372
330
359
367
330
322
330
304
324
287
312
328
324
304
300
319
301
294
302
258
278
248
265
284
273
263
257
249
241
252
294
253
219
228
239
230
221
244
242
221
235
214
218
223
220
208
198
209
178
213
227
194
189
208
216
203
194
187
158
191
178
177
159
156
179
166
157
178
166
188
173
135
179
165
174
174
172
151
152
165
170
149
171
160
162
155
159
131
153
148
151
152
161
144
160
147
162
149
154
126
149
140
128
154
145
145
127
144
133
142
136
130
138
127
124
128
128
120
151
109
122
120
131
142
131
126
114
136
134
129
128
121
105
123
120
117
138
129
119
134
118
129
134
104
125
110
111
119
120
101
119
117
127
102
108
114
112
101
124
120
106
121
112
112
126
108
100
108
94
113
123
100
114
107
98
104
99
103
129
90
127
92
110
119
107
121
121
97
95
118
106
101
120
105
103
106
104
113
98
109
101
114
101
102
96
106
113
108
106
94
94
101
106
95
87
111
96
121
110
98
102
96
114
110
105
107
119
105
119
117
97
98
98
93
112
99
110
104
94
102
91
82
95
98
93
99
106
100
111
101
105
107
100
102
105
113
103
116
98
93
94
100
89
90
124
90
123
103
95
103
93
106
96
105
109
112
108
84
105
116
120
112
105
98
118
103
97
114
84
85
111
116
105
88
94
104
97
87
95
92
81
91
94
103
108
101
85
88
102
110
100
102
93
93
87
84
92
113
89
114
103
97
99
107
100
95
103
106
109
92
100
93
92
111
103
93
95
117
89
110
106
86
94
93
78
95
105
102
82
99
98
107
105
101
89
105
108
102
98
98
88
87
106
104
86
83
96
86
84
98
93
83
111
89
121
97
110
88
104
85
99
91
96
100
86
91
97
106
77
95
99
99
92
114
90
90
97
103
90
106
101
93
96
89
104
108
83
95
97
89
92
103
65
92
87
104
101
93
101
97
98
106
96
90
90
105
93
94
122
101
100
103
94
101
101
91
82
97
90
90
95
94
103
109
98
103
103
109
98
104
93
96
90
105
106
104
117
108
107
83
95
101
86
83
105
96
96
98
85
111
112
120
105
74
96
101
97
79
106
91
104
97
89
102
109
98
96
92
94
93
99
91
95
92
122
94
90
90
107
87
81
99
103
103
89
91
99
94
100
84
85
89
114
95
90
97
107
79
113
92
103
115
86
108
100
95
106
90
79
87
106
74
96
97
117
92
81
103
100
128
101
101
103
94
101
104
101
86
102
105
105
108
101
93
101
97
93
109
122
95
107
81
103
97
107
99
101
105
91
95
108
106
95
105
109
95
96
94
101
80
111
101
98
129
121
80
90
125
112
100
105
108
102
118
117
121
91
105
93
80
105
105
90
93
103
108
101
102
98
100
131
94
106
103
100
85
98
91
111
117
114
92
114
114
132
98
80
99
111
84
96
111
105
103
120
108
103
94
115
95
93
90
120
121
103
116
106
109
109
97
100
97
109
108
85
102
119
90
98
113
109
94
110
100
111
102
85
113
102
84
84
110
113
100
90
99
108
76
95
96
106
99
113
94
100
94
101
104
116
92
107
84
96
112
99
105
101
79
116
99
88
89
108
104
94
100
109
112
100
89
110
109
97
91
89
113
105
109
96
105
89
92
84
100
93
112
91
101
83
69
89
113
101
106
100
106
100
108
103
100
101
111
94
95
90
96
126
96
99
94
102
107
114
104
96
108
106
108
89
104
111
103
113
88
101
92
102
101
100
122
115
93
86
91
109
95
111
103
98
111
89
89
75
95
114
116
97
98
103
109
113
90
85
88
106
98
95
103
105
99
105
104
112
105
100
100
85
103
96
110
96
97
74
101
102
90
103
99
98
83
96
105
111
91
103
90
100
85
104
112
109
95
85
86
106
98
92
98
100
88
102
120
99
119
113
80
97
91
91
101
114
106
102
93
107
105
105
111
100
86
104
94
102
102
91
105
84
121
103
98
87
103
84
124
107
86
97
115
78
106
100
118
108
72
110
104
97
90
100
76
94
94
87
80
119
107
98
106
105
102
83
126
122
108
97
86
81
108
101
97
102
94
101
90
100
99
95
83
93
116
124
114
93
81
107
84
77
97
100
87
98
99
104
99
104
96
106
88
109
84
98
84
75
97
102
106
102
106
97
99
79
106
126
110
109
93
98
98
96
82
103
100
86
105
103
90
102
87
104
104
91
107
101
87
91
110
104
105
87
97
110
99
100
101
118
90
79
92
97
97
87
102
84
103
98
88
100
96
80
104
93
115
101
98
90
106
94
122
132
111
92
103
93
89
93
89
93
101
88
96
101
118
114
101
92
83
107
86
108
87
111
88
101
86
113
90
96
119
101
103
90
89
94
86
95
101
111
104
106
96
103
93
95
98
100
93
92
93
103
114
101
109
78
84
111
122
90
103
119
98
87
127
74
98
93
95
94
112
107
80
95
97
109
91
86
91
89
103
94
82
116
109
113
104
83
80
103
91
105
110
92
90
96
102
115
91
84
78
100
102
97
100
98
91
96
120
91
93
103
82
87
82
92
114
93
96
114
97
85
87
84
104
80
98
96
99
103
106
90
80
96
85
104
93
103
100
101
102
92
81
109
91
102
108
98
98
102
91
92
102
111
87
98
118
74
104
100
106
87
109
94
83
92
86
85
105
84
72
100
100
92
101
105
98
105
99
86
101
91
93
94
106
86
109
108
85
92
94
96
99
100
103
107
110
82
92
81
85
97
76
89
104
98
99
92
85
123
95
82
102
104
113
94
97
87
89
109
93
89
100
82
91
89
96
99
92
103
108
106
93
105
116
92
97
104
111
84
105
104
92
113
91
91
111
86
104
118
91
107
77
115
94
84
96
95
81
112
99
97
91
85
89
90
95
87
103
80
89
95
96
100
91
99
102
91
93
110
87
107
103
86
100
114
93
90
103
123
78
93
113
120
90
102
102
82
105
109
105
102
99
104
89
103
84
93
97
92
106
113
110
86
78
90
88
102
105
116
98
96
94
103
97
99
112
112
92
82
104
91
88
95
83
104
96
94
99
91
100
94
106
98
99
103
112
97
83
110
98
105
91
109
100
93
107
99
100
86
115
89
104
93
116
111
95
105
104
107
89
85
96
110
109
93
90
108
100
91
121
106
96
99
96
107
116
113
97
112
92
114
104
98
109
94
91
111
106
87
92
103
93
115
86
100
101
99
87
104
88
119
107
109
94
107
77
95
87
102
114
100
92
85
103
100
100
124
96
93
102
102
92
94
106
104
118
113
90
110
94
100
106
94
98
87
105
112
105
111
105
109
111
112
92
106
86
112
102
99
94
118
118
101
79
112
90
116
96
96
98
110
98
109
91
107
93
100
103
96
84
111
92
104
109
94
111
113
109
97
118
105
111
124
108
128
124
109
104
94
115
128
124
122
104
97
117
101
115
102
106
92
90
114
111
113
94
99
91
98
131
101
109
90
117
111
122
115
124
97
115
93
115
95
100
94
113
123
111
116
109
104
93
102
111
95
110
107
103
97
111
84
116
100
108
96
95
107
115
116
123
120
99
102
106
107
117
100
88
122
100
104
118
118
98
118
110
111
122
111
98
97
112
101
118
118
81
111
105
129
118
117
92
115
97
114
106
104
103
139
105
118
112
113
107
100
109
94
113
91
114
100
122
115
119
131
104
103
121
103
117
87
107
100
112
101
113
105
128
105
112
120
105
106
125
106
118
118
113
113
103
112
119
108
110
112
104
93
112
103
109
103
117
102
119
109
113
120
115
98
113
93
113
113
118
139
119
117
102
85
105
123
96
97
94
114
97
118
117
114
116
90
111
108
129
119
111
88
134
101
116
112
110
112
122
103
113
110
106
119
115
112
106
115
97
106
107
102
108
117
114
108
118
121
120
101
119
129
129
134
93
110
115
119
105
92
107
101
132
96
103
129
119
107
129
106
116
100
126
126
130
124
124
160
106
120
117
122
114
94
130
98
103
133
128
118
119
106
113
117
102
111
112
104
93
120
127
98
101
127
116
118
117
82
117
105
85
131
114
116
98
135
115
127
125
117
111
116
97
122
101
113
110
115
100
128
116
124
111
132
118
98
123
121
122
103
109
112
118
108
118
102
123
114
133
134
120
114
111
122
123
127
113
112
109
123
123
113
114
109
118
112
107
122
109
121
116
108
125
131
124
112
115
121
98
98
107
97
93
134
118
123
106
115
99
113
116
131
96
126
120
120
117
112
109
108
112
109
119
116
122
118
128
98
106
104
99
116
94
120
115
112
115
117
124
124
139
119
100
115
123
128
118
116
100
121
126
95
118
121
123
106
103
126
106
117
114
103
119
102
119
106
120
124
116
101
83
114
116
107
116
121
131
132
102
110
122
132
114
121
108
101
106
116
105
118
118
132
107
116
116
92
104
115
120
123
119
123
104
91
110
118
110
98
100
86
114
97
105
100
109
109
127
98
92
106
102
111
97
113
124
99
109
99
121
100
87
124
103
86
103
87
91
112
104
117
95
103
106
96
112
102
94
106
113
101
101
93
107
113
96
90
103
102
87
87
98
115
103
89
88
84
94
101
110
89
94
100
85
86
99
86
86
95
89
89
83
83
91
82
101
102
109
102
108
95
88
75
92
99
92
98
81
102
97
86
88
88
97
92
90
98
86
84
83
77
88
103
89
82
83
85
79
91
86
80
67
68
86
83
79
92
96
87
78
69
90
69
70
76
81
75
75
80
89
81
84
100
89
78
93
81
97
76
68
90
75
72
81
75
71
73
83
72
75
71
81
61
73
66
75
75
86
89
71
73
76
80
68
64
71
85
87
84
63
68
81
85
63
62
91
64
66
83
73
69
70
78
61
73
77
63
74
77
47
61
60
61
61
52
52
70
70
45
74
69
65
52
57
75
75
59
71
71
52
77
63
50
69
59
58
60
70
56
58
61
72
52
61
55
63
62
50
57
53
54
70
67
49
44
60
51
62
60
63
50
72
49
62
50
47
48
56
73
57
56
60
46
50
67
63
46
56
43
59
72
56
63
41
49
72
56
59
45
63
51
50
52
53
64
41
54
47
50
50
44
56
50
64
47
52
54
46
55
49
45
51
47
57
48
58
51
43
57
60
47
44
34
47
38
65
52
55
40
45
53
49
36
42
37
36
55
43
41
43
50
37
53
50
37
44
44
52
47
44
38
47
47
44
42
50
50
44
44
41
42
43
50
52
38
51
44
36
45
47
38
46
42
55
54
31
49
43
35
39
41
46
24
44
44
42
39
44
43
27
32
48
41
31
28
46
49
39
42
42
38
42
43
45
43
30
31
45
40
44
36
39
36
42
26
41
45
33
30
30
34
24
45
41
35
41
38
31
40
33
36
46
37
30
30
44
34
38
34
27
45
30
34
46
31
38
40
25
34
39
37
34
30
46
36
48
34
37
35
40
39
35
31
40
34
26
43
47
41
36
37
36
31
30
30
34
38
33
39
31
28
24
28
34
30
29
28
35
26
33
33
32
40
23
36
29
23
32
30
21
32
40
29
29
29
27
34
26
31
28
32
39
45
26
34
25
28
40
29
34
31
28
29
27
31
28
24
38
23
24
28
31
30
30
26
34
22
32
32
18
25
22
41
26
26
29
20
25
33
26
34
25
33
30
33
34
27
34
21
29
30
22
34
37
28
18
33
33
28
27
35
35
26
19
26
34
28
20
23
38
34
35
18
33
24
26
38
37
32
26
31
27
28
25
33
24
33
22
14
33
26
24
26
31
27
39
28
30
33
26
17
27
28
37
33
26
35
31
28
28
25
25
24
33
33
39
22
21
27
23
22
23
34
20
28
29
26
29
25
27
34
25
23
28
28
19
32
33
23
13
35
21
27
25
25
21
23
33
24
34
21
38
29
34
20
28
29
23
31
26
23
22
17
35
32
28
32
26
39
29
30
27
27
24
34
33
35
16
23
30
29
28
30
32
30
24
27
33
34
32
33
34
26
23
29
34
27
28
39
20
25
28
22
32
16
36
30
29
24
30
28
28
28
29
36
29
37
37
39
44
30
31
47
33
28
35
34
41
27
33
29
52
34
39
44
36
31
35
31
39
45
39
36
32
32
37
44
49
37
37
45
36
41
46
38
40
33
41
42
41
40
42
45
52
46
42
41
46
57
53
38
44
48
41
45
57
42
41
55
51
45
48
52
44
65
60
61
54
44
57
51
70
59
57
66
54
65
56
58
52
65
58
60
74
59
66
63
65
84
63
70
55
63
72
67
71
74
66
72
71
69
73
89
72
81
84
79
78
78
84
97
104
81
76
90
103
88
108
94
99
100
86
99
103
94
107
102
98
110
105
132
103
100
96
127
118
103
115
125
108
113
147
121
118
126
111
105
122
134
122
123
109
132
120
154
147
136
136
162
157
149
141
155
138
142
166
137
146
150
157
155
178
161
160
160
146
190
170
163
184
174
163
181
156
186
191
178
178
176
196
168
215
219
201
209
203
209
189
223
210
195
209
230
249
225
248
224
250
250
225
243
251
253
253
255
251
250
218
241
261
227
230
242
258
256
250
278
257
266
281
262
244
269
269
249
266
299
285
272
290
278
310
306
246
259
289
318
319
301
283
305
299
316
306
312
342
321
331
327
302
329
330
322
326
339
355
352
325
346
346
346
356
343
312
344
333
370
359
357
355
387
351
375
360
356
379
363
341
378
362
382
386
341
411
452
406
406
381
415
388
421
400
403
419
401
416
452
410
413
416
400
416
393
440
418
450
463
446
422
446
450
409
421
464
464
439
437
458
472
452
446
450
465
474
421
476
483
449
489
448
439
498
479
403
507
428
479
471
460
435
492
473
447
499
481
461
464
479
453
468
501
464
449
454
488
475
474
511
556
462
488
496
470
500
484
481
492
519
480
469
473
467
501
498
438
494
487
443
459
466
486
490
511
527
497
523
480
522
525
458
476
480
502
494
518
502
494
478
464
467
491
467
490
461
480
439
477
455
479
439
475
458
488
467
499
475
472
464
469
426
460
508
487
429
494
486
457
456
436
421
457
442
447
439
458
432
460
435
477
412
459
456
442
412
449
440
485
427
442
446
406
411
405
405
415
425
426
405
402
425
402
448
427
387
401
405
415
421
378
400
390
377
429
377
411
397
369
383
401
353
348
322
369
360
384
365
383
346
360
344
384
354
349
366
325
353
352
392
378
335
351
358
322
324
308
338
321
324
323
312
351
337
324
320
276
289
318
304
327
339
293
312
294
285
295
298
293
296
259
297
298
291
296
299
250
293
245
295
273
268
273
255
274
241
263
242
265
234
257
235
221
225
254
241
234
259
226
232
223
206
253
250
198
205
231
223
231
198
214
227
227
202
207
214
212
190
214
203
195
196
199
180
182
177
196
189
177
178
170
171
166
154
162
184
194
182
179
153
159
161
159
183
175
168
156
168
168
163
162
158
154
127
153
163
145
135
147
157
140
143
149
137
141
126
130
129
127
122
118
134
123
132
141
135
128
128
121
129
118
121
127
122
108
120
126
113
113
120
112
112
96
113
103
85
84
102
101
103
92
93
80
108
100
106
96
94
91
96
95
89
90
99
86
113
101
87
85
79
103
88
96
84
83
91
83
78
81
95
72
71
71
69
84
80
76
70
77
79
72
72
74
89
69
79
73
67
58
65
75
74
78
74
51
59
48
59
64
60
71
51
71
62
49
54
67
64
73
61
69
61
63
63
58
72
69
55
50
58
58
68
57
53
52
63
47
48
48
60
52
53
52
46
51
48
50
37
60
42
42
54
43
50
41
59
48
50
59
56
48
46
47
54
44
37
54
49
56
39
42
46
50
60
43
40
41
40
37
27
43
38
47
35
41
39
47
48
31
40
56
37
41
39
44
34
43
37
34
35
33
42
33
32
35
39
27
27
31
37
35
36
40
27
43
44
34
34
40
34
44
33
42
29
42
26
27
35
27
32
35
34
38
30
35
31
28
31
29
31
29
40
32
36
36
23
27
34
27
31
30
27
33
36
33
29
35
28
15
25
22
35
37
24
35
29
36
30
23
41
29
28
36
27
32
28
30
36
30
30
40
31
38
20
39
24
20
15
32
25
22
35
39
29
26
27
26
24
29
21
27
27
27
35
22
24
27
15
24
34
30
24
25
18
21
25
17
27
27
21
33
39
34
28
28
28
24
31
23
25
23
22
20
27
28
24
27
21
26
32
26
21
26
22
20
24
18
29
20
21
24
21
25
27
33
31
18
20
27
21
16
28
20
25
24
20
14
20
19
33
14
27
17
25
19
22
19
30
21
17
28
19
16
20
19
21
19
32
17
21
20
27
20
21
20
24
22
12
29
24
25
18
26
20
19
28
17
19
26
29
22
23
30
23
21
20
19
27
30
15
28
23
17
27
28
26
20
21
26
15
19
18
16
21
16
26
22
17
18
23
20
21
19
21
17
24
31
18
18
16
25
24
19
23
18
26
20
23
11
23
28
30
24
23
12
21
16
26
21
21
35
16
28
15
12
25
20
24
19
16
26
25
20
25
22
22
17
27
28
26
18
24
16
23
22
26
22
28
26
17
25
15
25
25
23
24
21
23
14
19
19
17
22
18
17
18
22
24
18
27
30
21
16
27
27
14
14
35
14
22
16
18
22
23
26
18
16
18
21
11
12
32
23
26
19
20
11
19
17
29
17
20
24
29
16
30
28
23
22
26
22
27
18
17
17
15
22
33
21
21
20
15
16
20
20
18
23
23
19
32
16
17
28
24
17
26
17
18
22
17
21
16
27
14
24
22
16
21
13
23
21
23
15
19
18
23
24
21
22
21
25
26
23
24
19
20
19
24
22
14
15
23
20
20
20
21
24
17
21
24
28
20
22
15
24
16
17
18
32
14
20
26
19
19
20
23
16
18
15
28
23
27
14
25
13
18
23
17
18
17
15
18
20
22
9
11
12
16
20
20
18
16
15
10
21
17
14
28
13
10
13
15
26
31
18
13
11
19
15
22
28
13
16
21
21
11
24
22
21
19
18
13
15
16
25
26
21
14
18
13
20
22
12
18
24
16
21
18
17
17
16
19
14
19
23
23
19
13
19
7
17
17
18
13
17
14
20
18
18
16
23
11
17
26
15
18
14
17
20
19
25
19
18
13
18
26
21
26
21
14
15
11
14
12
17
14
20
14
17
19
12
10
22
20
15
22
16
15
20
14
15
16
16
8
13
16
16
17
8
15
15
15
15
12
14
24
16
17
17
11
13
19
14
8
17
19
21
22
16
20
12
17
20
8
22
16
16
13
16
16
13
17
11
12
15
16
24
18
15
17
17
12
17
12
17
22
20
14
14
16
8
10
15
13
15
14
16
12
14
13
11
19
18
11
20
16
23
22
12
12
19
21
11
9
14
9
19
7
15
16
6
12
12
18
18
19
11
15
11
18
19
15
17
12
13
14
13
15
10
18
13
18
14
12
15
12
11
10
14
13
12
13
10
22
16
15
14
15
9
11
10
15
10
14
15
14
11
13
7
16
14
14
13
11
14
12
8
11
12
10
8
13
8
15
14
16
17
9
16
11
14
13
11
14
17
9
13
14
12
13
13
11
18
10
11
10
9
14
13
23
19
11
11
10
18
10
15
22
13
14
12
9
5
16
7
12
11
6
13
15
14
14
14
10
9
15
15
11
9
20
16
17
7
11
20
6
10
8
11
11
8
7
13
13
9
7
12
18
14
12
10
14
11
8
8
16
12
5
13
11
15
12
13
9
10
15
11
12
12
11
5
14
9
8
17
12
8
7
17
10
9
17
15
11
11
11
14
14
8
11
9
11
11
6
7
11
5
7
11
12
12
13
11
8
5
15
10
9
4
12
6
13
14
14
15
12
17
7
3
12
9
8
14
9
13
11
14
12
12
8
10
14
11
7
9
18
8
10
10
5
7
11
11
6
13
10
6
14
4
11
11
8
8
18
8
16
8
16
10
10
7
8
14
11
12
13
11
15
11
6
9
11
11
4
9
12
11
10
10
8
9
8
16
4
5
15
11
15
7
10
8
8
8
11
11
14
14
9
6
11
9
10
11
10
6
12
7
15
2
7
11
9
7
12
5
7
5
10
6
9
7
8
7
8
4
7
7
11
6
4
7
7
7
7
6
6
6
5
13
10
11
10
6
8
10
9
14
15
5
12
6
7
5
10
9
3
8
8
11
10
10
10
9
9
6
9
9
6
10
10
9
11
8
5
4
9
6
8
2
11
6
6
4
6
9
7
13
10
6
5
6
11
8
4
2
6
8
10
2
3
7
4
5
8
8
6
9
6
5
5
11
5
4
8
10
5
6
7
2
6
3
6
4
7
6
3
1
9
9
7
6
9
7
6
4
11
7
6
8
7
4
9
5
10
6
8
5
7
9
7
4
9
7
5
5
4
6
3
11
5
5
6
2
5
3
5
7
3
6
8
3
6
3
5
7
7
5
6
9
5
7
3
4
5
5
2
4
3
5
10
3
5
6
5
5
8
9
4
4
6
3
7
4
4
2
4
3
3
3
3
5
7
2
7
4
6
7
8
6
5
4
7
6
7
2
3
2
1
4
7
6
7
3
5
6
5
2
4
7
4
2
4
4
2
7
4
5
6
3
3
5
8
6
3
6
4
6
7
3
5
6
3
5
5
5
2
6
1
2
4
7
6
4
6
4
1
3
4
2
4
8
3
5
9
4
2
6
7
4
8
4
4
4
3
4
7
3
4
7
1
3
2
6
3
5
3
5
5
7
6
5
4
4
3
7
7
4
6
7
6
6
1
4
0
1
5
6
4
4
4
6
3
2
4
6
2
2
3
3
5
3
4
3
4
7
2
2
4
4
3
3
1
4
3
3
6
4
3
4
4
7
5
2
5
3
4
5
5
4
7
4
5
4
5
5
3
1
5
3
3
3
5
6
4
4
2
1
2
2
3
5
3
3
6
2
5
2
2
5
3
8
6
3
4
3
6
9
4
3
13
7
1
7
3
2
4
4
3
6
4
5
4
3
3
7
8
8
8
2
7
6
2
5
3
8
4
4
3
3
5
3
6
4
6
7
4
6
6
9
5
5
10
6
5
2
3
2
4
4
5
3
5
6
6
4
2
4
3
6
3
10
4
6
3
2
1
6
3
2
5
8
5
7
8
4
6
3
5
8
8
2
3
7
5
2
6
7
8
3
1
3
3
7
3
6
8
4
10
7
7
0
6
7
7
3
1
7
10
7
5
5
3
5
6
5
5
9
6
6
9
5
3
8
12
3
16
5
7
4
9
6
3
7
6
9
5
3
6
11
6
5
9
8
2
4
12
6
9
7
5
5
9
8
15
12
9
4
3
10
3
5
5
10
8
5
9
5
14
8
12
7
5
6
14
5
10
6
10
10
12
7
7
10
2
9
8
11
10
14
9
6
6
15
9
8
11
11
9
10
8
10
8
10
14
11
4
3
8
12
16
6
13
10
11
13
16
15
16
10
8
10
10
12
8
15
13
14
5
14
8
15
11
10
10
17
6
7
8
17
14
5
13
5
16
13
15
16
17
16
16
11
18
8
13
8
21
14
11
12
11
18
16
13
9
13
19
19
14
17
17
15
12
11
13
24
14
15
18
10
19
12
13
12
10
12
13
14
12
22
15
11
13
11
13
12
13
6
16
18
13
14
18
16
20
11
19
19
18
16
16
21
19
16
20
21
13
15
19
23
15
14
9
21
15
17
16
27
12
27
14
17
11
18
13
7
21
16
14
22
22
16
17
14
17
17
22
22
18
18
12
21
17
8
22
19
20
17
16
16
21
18
16
28
28
25
25
11
27
11
19
24
20
18
17
17
23
13
17
17
28
17
17
23
19
15
25
11
26
25
25
21
20
18
19
28
18
21
22
16
12
20
23
16
14
24
20
25
17
22
16
20
19
19
20
21
22
21
19
24
15
13
17
18
13
9
21
26
20
19
16
22
24
13
16
19
21
16
21
25
15
20
19
18
21
13
22
22
14
26
18
27
19
20
13
12
22
19
24
20
22
19
21
14
13
19
20
18
24
15
23
13
19
23
17
13
11
25
23
23
20
18
21
19
22
21
17
18
20
11
19
18
18
19
17
17
21
16
17
20
14
20
19
14
21
8
16
12
15
24
18
25
15
34
18
18
22
20
15
18
15
14
14
10
17
15
15
12
7
18
8
19
10
14
13
15
17
17
21
14
12
20
15
19
6
18
18
21
22
24
15
19
15
16
15
20
20
16
14
12
20
10
14
12
18
15
14
18
10
11
13
9
11
13
14
8
12
15
15
8
13
13
12
9
11
7
15
10
8
9
17
10
14
17
15
17
11
6
13
10
12
16
7
13
9
11
7
15
9
15
14
12
8
13
15
10
17
10
13
5
14
12
10
13
10
10
9
13
7
13
15
14
4
11
12
11
11
8
11
12
9
10
11
14
9
12
6
12
12
15
16
13
12
12
8
9
8
11
15
11
6
5
12
10
9
12
7
11
11
4
7
11
11
4
6
13
7
11
10
7
8
6
9
13
5
10
5
13
7
5
6
7
7
7
13
5
4
8
6
9
8
5
5
7
6
7
9
9
13
11
3
5
8
8
4
5
6
6
3
9
8
6
5
4
5
5
6
10
6
3
36
27
41
34
29
46
44
29
34
26
35
35
29
27
26
35
25
27
27
33
32
43
30
33
29
27
27
34
38
27
37
29
38
27
33
34
35
33
30
37
37
29
41
38
30
36
23
36
36
27
35
31
39
30
24
39
25
29
27
30
19
28
31
33
28
28
33
39
21
24
29
25
19
32
25
27
32
19
28
32
36
41
21
23
38
24
37
36
24
22
23
23
30
24
28
29
32
28
34
29
21
33
26
22
23
25
19
25
39
21
26
27
30
23
19
24
29
31
28
24
33
28
27
39
43
35
25
26
