10
14
9
8
9
16
9
10
13
13
8
10
13
13
9
11
8
15
16
14
13
18
10
14
14
7
9
5
4
9
9
4
8
11
7
8
7
11
6
8
9
12
7
4
4
5
5
8
4
3
7
7
9
8
13
27
62
110
145
228
385
513
560
515
605
626
615
660
697
802
904
937
975
1027
961
852
781
735
743
769
764
767
770
734
723
707
692
668
697
759
668
794
772
760
778
769
752
732
779
739
756
728
673
648
752
715
732
731
797
789
748
770
779
749
777
785
785
772
824
837
815
834
841
816
777
774
873
854
856
811
914
900
818
833
869
928
847
874
887
822
917
894
796
839
900
893
909
918
923
911
907
934
910
910
952
918
900
939
940
957
984
944
931
958
908
961
921
944
991
1025
955
957
1024
963
949
960
971
983
983
938
1027
968
997
972
1005
967
972
998
1027
943
1052
1077
1029
972
1008
1018
991
1062
973
980
1026
999
980
1027
1035
1028
1020
1006
975
970
991
1034
1059
1077
1000
1045
967
988
1002
1049
1042
1081
1008
1008
996
966
1087
1052
1063
1007
1009
994
1097
1035
1027
1051
1026
1065
1011
1020
1017
1020
1017
1037
1051
1040
1050
1067
1024
1057
1072
1040
1042
992
1104
1024
1035
1056
1054
1095
1057
1056
1042
1119
1052
1097
1045
1083
1080
1113
1111
1090
1033
1019
1063
1073
1055
1110
1006
1088
1063
1057
1110
1078
1103
1098
1111
1058
1057
1024
1072
1116
1176
1055
1053
1096
1061
1098
1088
1105
1097
1107
1112
1104
1026
1030
1102
1088
1125
1105
1071
1155
1070
1097
1099
1094
1093
1092
1132
1052
1151
1079
1077
1108
1136
1067
1102
1074
1064
1081
1101
1072
1101
1053
1088
1076
1069
1070
1115
1092
1056
1027
1123
1071
1061
1106
1119
1087
1109
1069
1058
1046
1089
1070
1078
1065
1097
1067
1019
1092
1037
1091
1116
1069
1062
1118
1070
1069
1058
1043
1062
1015
1059
1066
1102
1088
1055
1046
1112
1158
1104
1115
1093
1039
1067
1065
1075
1108
1028
1050
1111
1116
1117
1047
1108
1075
1080
1141
1106
1177
1125
1067
1042
1129
1097
1114
1119
1062
1102
1071
1073
1165
1096
1138
1098
1161
1073
1120
1142
1171
1207
1119
1173
1175
1207
1154
1251
1201
1217
1241
1120
1214
1274
1263
1243
1211
1226
1174
1214
1219
1193
1272
1262
1275
1234
1270
1292
1269
1288
1234
1266
1256
1293
1288
1333
1319
1310
1289
1296
1307
1306
1337
1339
1266
1299
1352
1339
1338
1337
1300
1323
1277
1328
1296
1354
1315
1333
1207
1336
1275
1234
1286
1321
1340
1277
1231
1258
1363
1290
1269
1231
1310
1243
1291
1225
1335
1313
1249
1252
1241
1223
1244
1253
1193
1322
1346
1296
1179
1290
1211
1219
1286
1215
1168
1210
1209
1227
1204
1221
1211
1192
1236
1245
1168
1261
1218
1217
1157
1176
1169
1195
1166
1225
1186
1216
1207
1178
1185
1141
1170
1201
1162
1199
1230
1165
1177
1133
1214
1124
1141
1188
1117
1159
1138
1162
1146
1155
1156
1211
1165
1198
1159
1125
1174
1161
1173
1160
1142
1142
1170
1175
1183
1148
1172
1147
1150
1123
1093
1133
1141
1129
1084
1096
1118
1102
1114
1113
1068
1153
1085
1105
1090
1043
1082
1071
1062
1100
1067
1039
1117
1099
1092
1122
1048
1057
1102
1057
1031
1036
1075
1102
1116
1065
1086
1073
1065
1036
1028
1008
1055
1093
1046
1072
1019
1015
1012
1037
1031
1113
958
1050
1003
1023
986
996
1033
1003
941
987
971
1008
987
1030
983
1009
936
965
1036
967
1022
994
996
970
974
960
953
1002
1019
969
955
1015
996
990
936
984
980
924
941
968
981
979
910
941
982
970
988
930
935
965
939
904
910
975
900
927
939
893
915
908
918
984
873
919
890
955
934
928
869
940
945
908
931
936
906
874
819
919
888
890
891
877
926
884
942
895
861
876
939
864
828
926
930
923
847
897
901
869
844
910
887
823
904
883
874
841
850
871
920
870
813
876
874
869
842
887
833
820
868
880
827
852
886
919
896
882
883
842
840
887
865
887
846
841
868
900
821
791
923
903
914
883
835
819
832
899
846
900
880
855
852
845
885
897
905
875
840
879
890
898
885
839
846
833
851
801
851
892
876
881
829
859
869
848
872
844
818
910
804
879
870
856
859
881
824
866
866
908
869
863
867
859
872
864
853
926
813
901
815
871
825
872
824
814
861
839
859
841
796
760
797
854
881
831
875
860
799
811
797
796
818
773
803
856
847
809
819
841
814
789
746
833
827
754
845
766
799
760
822
768
737
801
776
731
740
808
747
757
726
756
726
759
714
754
766
769
695
728
715
722
744
696
728
700
699
692
699
724
698
704
660
722
674
653
701
660
639
677
666
634
643
630
663
662
641
600
657
600
637
652
614
549
620
631
638
561
592
578
540
589
576
560
624
569
530
575
577
550
522
563
568
539
559
532
547
498
530
542
464
542
493
505
483
520
546
497
516
519
486
474
540
454
488
467
457
489
482
476
433
451
465
522
516
464
478
467
489
478
469
409
499
447
471
469
425
446
429
433
447
423
450
447
428
467
452
441
436
478
421
444
442
393
416
406
420
439
470
450
423
391
417
442
410
418
399
410
429
402
414
368
432
413
421
390
409
431
444
378
415
431
390
368
403
378
381
392
403
401
398
365
369
364
355
370
405
387
409
357
381
367
416
392
428
383
383
422
340
332
389
370
368
371
380
370
366
378
368
342
379
331
324
378
373
356
354
387
333
354
384
399
366
352
334
335
332
363
360
342
329
367
331
345
348
344
343
380
375
324
329
319
345
335
382
304
310
348
334
317
338
334
334
343
346
346
301
364
355
321
351
345
358
335
353
369
376
312
336
376
362
326
342
349
331
318
362
334
311
344
345
331
304
332
337
311
314
319
319
336
319
335
359
284
342
324
329
355
383
304
326
341
317
331
328
316
307
324
329
325
301
374
326
338
327
318
314
319
326
332
321
293
346
303
308
357
294
319
301
306
327
351
299
339
369
344
338
331
322
320
324
328
324
333
312
295
323
314
323
307
311
321
290
325
328
324
336
331
348
358
340
297
351
313
307
314
329
346
332
329
340
320
290
325
305
319
345
338
341
292
313
318
336
322
312
346
322
303
321
343
324
318
336
328
339
358
347
331
345
326
364
315
377
364
344
366
335
357
363
399
379
390
381
380
360
395
380
396
403
397
408
389
430
360
435
459
440
423
442
473
456
484
476
504
494
529
459
534
562
526
590
550
566
628
640
637
665
666
650
704
693
723
761
792
745
814
804
851
927
868
899
941
940
930
966
1005
1075
1093
1136
1159
1132
1204
1220
1317
1302
1321
1387
1405
1445
1516
1522
1660
1600
1655
1732
1746
1800
1766
1821
1806
1856
1952
2016
2109
2162
2132
2258
2254
2331
2302
2462
2457
2506
2502
2613
2660
2774
2725
2871
2984
2886
2925
3022
3167
3250
3198
3235
3299
3325
3480
3441
3534
3662
3661
3577
3674
3762
3784
3915
4046
3915
4061
3910
3972
4113
4348
4228
4229
4383
4463
4419
4411
4515
4506
4570
4686
4609
4709
4653
4826
4861
4723
4801
4906
4824
4947
4784
4756
4962
4983
5082
4854
5094
5124
5130
5064
5008
5119
5012
4859
4927
5023
4975
5105
5060
5048
4976
5195
4998
4865
4847
4840
4824
4702
4821
4824
4783
4719
4719
4693
4587
4658
4578
4539
4575
4401
4349
4246
4216
4274
4232
4329
4165
4019
3937
4037
4048
3999
3882
3757
3774
3830
3703
3599
3568
3510
3493
3530
3316
3317
3247
3165
3105
3104
3072
2937
2961
2867
2751
2637
2712
2617
2631
2560
2539
2526
2323
2358
2205
2295
2169
2151
2080
2057
1983
1912
1907
1798
1870
1816
1717
1751
1760
1640
1565
1572
1461
1393
1440
1447
1384
1332
1282
1243
1281
1134
1177
1085
1148
1099
1052
1061
984
994
948
963
901
936
801
825
798
779
806
767
705
692
686
707
611
660
677
611
611
567
577
548
556
567
531
520
467
519
495
450
478
463
438
458
421
413
396
377
424
359
403
372
364
334
344
379
372
314
356
348
307
278
299
338
315
308
319
263
285
305
284
287
254
283
269
236
257
269
254
241
277
233
243
241
235
258
250
222
248
229
210
230
219
206
212
208
241
190
201
208
180
207
236
192
218
185
209
203
215
189
188
215
193
166
208
197
202
184
206
165
192
173
189
179
192
181
164
138
159
192
168
166
173
170
178
159
167
191
174
156
163
174
161
170
166
166
170
157
168
175
185
154
161
151
158
181
163
153
145
159
162
150
152
143
161
134
154
178
146
150
165
145
159
145
162
131
165
155
147
153
141
156
156
135
138
145
150
159
171
146
134
152
143
153
151
155
157
160
150
168
129
152
152
166
143
126
156
153
169
149
145
144
151
137
128
136
122
140
148
130
160
133
156
128
166
143
149
151
119
142
155
148
129
154
134
161
158
156
153
162
134
128
150
136
131
155
146
138
155
150
134
135
166
141
134
141
119
123
178
150
121
134
139
152
172
139
140
127
139
158
150
125
151
159
148
146
168
161
142
145
136
139
108
153
122
143
155
136
135
155
156
122
150
139
127
136
153
124
149
136
170
135
120
160
137
157
139
125
173
134
149
155
133
146
141
149
141
150
121
151
143
137
157
154
135
138
138
154
138
137
146
162
136
135
124
147
144
144
152
145
141
145
140
129
146
124
140
154
133
159
151
143
142
134
113
144
149
135
142
154
136
128
156
162
144
136
125
143
130
162
130
145
149
140
138
134
142
142
148
147
151
145
137
125
154
157
163
142
136
148
155
137
153
138
147
139
155
169
120
136
160
145
143
140
166
152
152
133
139
134
156
149
151
139
149
147
156
173
157
151
163
145
152
139
140
114
139
138
148
143
156
160
161
124
149
149
156
140
154
133
136
133
138
148
155
164
146
141
146
145
142
143
153
165
146
150
146
150
150
138
153
163
165
144
150
152
160
141
150
153
158
154
134
158
131
146
146
137
153
147
157
157
144
151
148
154
143
156
140
153
162
156
131
147
158
156
148
144
173
131
152
154
142
151
164
145
133
136
161
127
160
150
123
152
133
147
160
151
157
145
139
140
136
138
124
141
149
132
143
144
147
152
131
142
127
139
143
128
154
136
133
134
160
152
143
134
153
117
131
123
146
148
140
136
135
166
143
147
142
131
146
153
141
142
167
130
148
154
134
155
145
136
159
150
145
141
128
133
135
153
137
150
116
157
143
112
140
137
141
128
148
154
157
117
146
133
141
122
146
151
149
127
148
155
145
132
157
135
131
130
136
143
134
142
150
157
147
144
144
146
149
148
154
149
161
154
132
133
142
155
143
150
130
149
138
128
148
147
142
148
150
146
136
128
152
157
124
132
139
136
143
152
131
142
128
161
114
141
123
136
140
131
166
157
148
138
132
133
149
134
120
123
125
163
133
135
143
139
137
132
156
140
169
141
141
153
151
166
139
131
151
147
130
129
140
130
140
129
139
138
148
141
143
136
134
155
136
137
139
135
162
176
135
137
151
150
138
148
144
114
149
157
129
145
132
153
119
149
136
148
149
149
136
154
156
138
136
141
139
149
134
119
146
132
131
134
142
139
156
135
150
148
143
162
144
123
146
143
153
146
129
136
152
131
121
155
124
144
149
155
137
131
142
150
126
154
140
142
141
156
157
142
120
125
158
152
133
141
164
118
148
146
173
143
139
157
159
148
139
147
162
166
135
138
139
158
137
171
145
137
144
129
140
130
148
141
138
131
158
149
149
154
141
132
137
148
130
142
164
149
146
133
150
141
136
135
137
141
140
152
155
144
139
149
119
127
148
139
142
122
135
161
117
137
157
132
132
151
157
176
149
142
142
143
137
154
130
136
138
155
129
141
137
118
161
139
139
122
147
146
159
142
131
128
128
125
137
160
153
146
139
139
139
157
137
155
150
146
165
134
136
139
129
142
154
135
152
148
149
144
149
134
136
154
151
139
160
139
152
141
140
166
150
163
147
142
141
186
173
149
163
150
160
148
137
148
149
143
141
148
151
149
134
169
137
151
153
134
145
142
151
150
157
155
160
149
174
145
149
155
166
169
140
166
140
150
141
131
161
160
133
158
123
159
135
144
163
144
153
132
172
174
145
149
141
166
147
133
148
151
156
162
137
150
150
145
126
178
147
138
143
147
164
150
133
140
148
137
162
159
148
148
142
169
164
145
164
162
143
144
155
159
140
159
132
146
140
142
138
153
175
175
145
176
152
154
165
176
178
161
159
157
172
167
156
157
156
127
154
156
149
171
173
167
165
141
149
158
150
167
161
169
138
157
158
145
151
151
134
167
134
161
162
165
151
156
154
177
173
151
168
153
163
183
162
164
146
163
161
161
131
132
153
146
161
163
150
158
140
161
157
152
188
173
178
148
161
163
171
177
164
165
143
133
200
150
156
185
185
149
159
170
151
158
138
186
155
166
143
165
160
161
184
170
164
171
153
175
172
162
158
167
178
164
166
157
179
146
171
158
157
160
164
183
165
178
167
171
158
174
172
144
171
166
181
139
162
174
181
180
178
162
167
159
151
162
184
168
170
187
161
178
178
181
163
165
182
157
198
163
142
159
177
192
161
149
188
187
158
181
159
179
159
180
159
203
159
169
177
164
181
183
169
183
157
145
185
199
154
167
150
168
148
186
174
182
177
160
142
149
186
168
156
170
169
165
157
186
147
197
170
170
157
177
170
164
150
159
158
173
143
159
163
173
139
145
190
193
186
176
162
143
166
169
159
191
147
165
153
175
166
156
162
168
159
149
154
151
167
174
177
157
162
151
153
180
173
158
144
154
161
166
165
169
174
141
157
149
158
146
167
151
160
165
170
182
159
171
174
157
158
157
150
160
160
164
164
159
161
155
165
162
151
157
154
146
127
150
160
155
136
137
139
144
144
121
132
121
144
132
148
149
114
130
153
131
134
153
132
116
137
149
151
119
124
136
159
124
132
130
116
140
149
130
159
139
114
114
125
132
140
124
140
139
125
99
136
129
122
111
112
107
108
133
113
106
125
111
135
120
122
127
116
95
113
113
95
107
112
102
110
107
113
103
99
111
114
99
106
100
115
82
109
107
116
91
102
102
98
83
89
87
103
97
88
109
109
86
84
83
105
106
93
105
96
89
84
77
69
78
90
98
94
82
104
71
89
85
90
83
87
94
85
95
80
79
81
74
98
84
83
89
76
84
76
83
74
71
89
69
95
76
85
90
80
84
82
72
88
78
70
69
85
79
65
65
73
82
98
81
61
78
79
72
54
73
66
70
80
62
76
70
61
70
87
62
60
71
57
68
50
60
70
57
50
58
53
65
63
75
60
50
66
62
78
79
66
56
65
54
66
62
56
62
51
73
59
55
57
60
69
52
49
65
51
52
75
51
50
57
54
57
52
48
60
58
61
66
46
47
48
44
54
59
64
55
54
49
60
55
45
51
64
42
46
57
49
46
59
55
54
50
43
51
50
51
52
47
55
41
43
44
62
37
54
50
47
47
46
51
61
40
51
47
48
52
52
34
38
38
60
38
45
43
43
45
49
51
41
53
42
33
35
44
42
44
41
54
47
50
48
43
43
43
49
36
49
45
43
47
41
40
39
47
47
39
34
40
44
45
39
47
32
38
36
33
42
36
45
37
40
38
32
43
46
43
45
55
42
34
42
39
50
33
40
46
41
43
48
33
40
31
33
52
35
33
27
37
43
31
40
37
38
44
44
34
40
37
38
37
33
31
37
44
42
39
43
36
30
36
38
31
33
54
42
46
44
48
46
32
45
38
41
46
42
43
42
36
41
57
43
40
33
42
33
38
41
34
43
40
41
45
49
41
42
46
41
39
38
47
46
43
42
41
50
36
48
52
53
53
51
45
41
50
49
37
54
62
37
52
64
58
53
49
66
66
54
64
72
62
54
70
63
52
71
64
54
67
61
69
70
70
68
73
71
85
70
76
76
69
84
67
73
70
94
85
92
86
84
88
90
91
93
97
85
86
92
108
85
116
107
101
113
110
121
125
132
119
124
121
123
135
128
149
146
121
141
146
131
137
139
164
150
144
146
175
158
177
184
175
162
159
186
162
183
203
212
168
188
179
191
184
196
195
206
217
207
205
227
209
259
226
219
244
234
239
293
257
286
279
276
245
281
288
263
299
276
291
318
321
346
348
344
344
324
343
358
353
362
363
338
353
356
358
375
357
389
375
440
392
377
434
422
426
386
435
414
465
468
431
452
437
460
435
419
445
447
514
482
512
474
492
502
488
494
523
520
520
530
545
518
513
532
537
565
585
562
606
587
576
548
561
578
575
620
599
613
602
570
565
580
603
596
665
621
588
611
599
680
608
655
653
630
642
618
678
689
688
646
660
627
714
688
647
663
708
673
634
642
724
747
709
727
648
744
739
733
704
685
683
684
743
704
663
647
720
708
687
713
674
711
737
704
666
680
699
699
651
689
686
699
703
712
696
654
721
685
713
707
669
679
675
724
714
666
653
712
698
721
707
644
641
677
615
681
655
658
662
661
657
653
622
600
626
629
588
613
615
607
611
632
601
593
642
583
615
560
620
591
577
606
578
560
530
563
535
519
557
535
537
545
515
527
505
509
482
520
521
480
521
475
537
493
490
502
454
474
458
451
434
483
425
423
464
420
449
462
450
389
415
400
436
426
390
381
388
430
377
351
377
403
354
357
357
379
352
340
341
315
302
337
315
328
336
309
309
293
291
307
280
305
310
307
269
271
271
262
246
252
275
265
252
253
235
263
224
249
236
236
210
244
237
220
187
213
223
195
212
192
221
185
200
199
181
207
189
183
182
167
180
189
163
174
175
166
151
158
164
158
150
156
145
152
133
150
156
156
148
139
137
149
132
139
133
110
132
116
137
144
130
118
109
117
115
116
113
119
119
111
117
99
98
114
108
93
91
113
109
107
108
99
90
110
88
74
83
88
86
98
106
77
84
85
74
85
76
75
86
91
92
74
70
74
79
60
62
91
80
84
72
67
65
68
72
65
76
58
66
65
72
69
65
64
48
65
74
67
79
62
57
53
68
52
57
61
49
52
58
67
48
55
51
55
61
67
69
68
58
40
58
58
54
50
56
56
49
55
57
51
48
46
48
48
47
66
46
50
50
52
49
49
49
45
54
45
51
39
39
50
36
40
55
41
55
47
37
40
27
44
37
39
41
41
48
41
57
41
35
41
34
48
32
46
47
43
45
41
40
56
43
22
47
41
35
45
44
38
43
36
42
39
43
46
39
28
32
33
29
33
33
44
32
31
30
22
35
34
35
36
39
32
48
29
35
34
35
36
34
33
36
43
25
39
40
41
36
28
36
26
26
36
41
37
23
31
31
27
39
39
30
35
35
37
36
31
24
27
34
40
32
35
33
46
30
47
33
33
39
39
29
38
25
23
30
40
26
21
41
30
29
22
33
23
35
28
37
34
35
32
31
23
27
41
22
36
40
32
25
29
34
40
35
34
29
37
36
38
36
22
28
31
23
21
31
27
44
24
28
22
18
23
27
36
34
26
30
31
27
31
36
21
32
39
26
34
30
32
46
28
32
31
21
32
40
40
28
34
38
32
41
29
33
28
36
38
21
28
33
33
38
29
23
28
33
34
24
33
35
26
25
31
25
27
31
33
27
26
26
38
38
36
37
30
28
22
28
39
31
33
29
40
31
26
37
45
20
25
33
31
35
31
24
33
27
23
22
23
31
23
23
33
28
18
24
32
39
39
31
36
31
33
33
24
26
32
28
29
22
28
21
25
26
20
20
32
32
26
25
22
18
23
28
24
25
28
38
29
36
23
31
24
27
17
12
22
22
26
23
27
24
25
20
28
26
19
30
25
20
33
30
22
20
27
28
18
27
26
24
29
30
26
22
21
24
22
28
17
27
26
20
23
27
30
17
21
19
20
21
19
24
20
26
21
28
24
31
21
18
24
24
24
31
15
19
18
21
13
24
17
24
22
13
19
14
15
29
24
19
30
26
22
32
16
19
23
19
14
22
20
19
22
15
21
26
18
18
24
30
21
21
24
14
24
21
26
20
20
25
17
21
23
14
19
18
19
24
15
19
26
25
20
24
15
20
14
17
18
20
16
19
28
24
16
10
20
15
9
17
18
19
18
13
19
15
18
14
14
14
11
17
25
18
12
13
14
20
16
14
18
19
13
14
14
11
28
21
15
15
17
19
19
15
14
20
6
18
17
14
19
14
7
17
21
19
25
15
20
27
20
13
16
11
18
21
19
18
18
17
18
13
19
14
16
10
18
18
20
16
11
16
18
18
17
10
10
10
15
23
18
19
13
15
11
15
17
12
15
17
12
18
16
20
21
16
17
15
13
11
10
17
12
16
16
14
10
18
13
12
12
20
16
18
13
14
13
20
11
7
19
19
18
18
14
14
11
15
14
10
11
9
11
12
17
7
15
19
16
11
10
11
14
13
12
17
10
11
15
16
14
9
10
15
6
14
11
12
12
18
14
9
12
12
4
10
13
13
7
11
11
4
13
12
11
12
8
16
8
6
7
12
12
6
16
5
10
16
10
8
10
10
12
7
14
5
10
7
7
9
9
8
6
12
15
10
9
5
13
16
8
8
12
8
11
9
12
16
14
15
14
8
7
6
7
11
11
10
7
8
9
8
10
10
12
10
13
10
9
10
14
13
10
9
8
5
7
9
7
4
10
14
9
11
3
4
8
9
7
15
6
8
5
7
6
8
7
11
8
12
8
13
7
14
7
10
10
4
2
6
9
7
9
9
6
6
8
14
7
12
5
13
3
11
11
5
6
4
10
14
3
8
9
8
10
5
6
9
7
7
10
7
9
9
4
9
7
9
9
6
9
6
5
4
6
3
9
7
6
5
13
3
3
3
6
5
7
3
6
8
4
6
7
2
2
6
7
6
4
10
2
3
8
6
5
4
3
6
2
4
5
4
4
0
5
3
9
4
4
6
10
6
8
5
4
3
5
4
5
6
5
3
12
4
6
8
4
6
9
3
8
4
4
8
6
4
5
5
5
8
7
5
4
4
6
6
3
7
7
8
11
11
4
8
9
6
1
9
11
4
8
11
4
9
11
5
9
4
5
10
5
6
2
7
10
10
7
6
5
14
3
2
8
5
8
7
8
5
7
4
5
6
7
7
5
3
10
10
3
6
4
4
6
5
11
5
6
8
8
6
12
7
12
11
5
9
5
9
8
11
8
5
4
13
8
5
6
7
12
6
15
7
8
6
4
10
3
8
9
9
6
11
14
6
8
13
11
10
5
6
8
13
3
3
12
6
17
11
7
8
7
11
8
7
14
6
10
13
12
13
6
11
10
11
8
8
17
18
14
13
9
12
5
11
10
11
20
8
16
9
9
11
13
10
20
15
20
15
16
12
17
13
12
15
16
11
5
17
21
16
11
13
14
14
19
17
15
15
19
17
11
11
15
17
19
22
19
19
22
19
13
16
17
24
17
19
24
14
30
21
17
26
16
25
17
20
25
15
15
21
13
17
10
17
24
24
24
25
24
19
22
22
21
16
19
29
13
25
22
22
21
20
18
19
26
21
27
25
20
19
17
26
18
23
21
22
19
24
23
16
21
24
26
21
25
30
27
19
23
30
34
18
26
23
24
17
21
21
20
30
25
27
23
25
18
24
36
24
22
34
22
24
26
25
23
25
28
24
29
25
24
27
25
26
20
34
24
32
18
28
28
31
29
31
34
27
23
19
26
26
21
28
24
30
28
25
26
17
33
24
24
27
26
22
21
20
22
31
27
22
35
26
27
30
35
30
22
24
34
31
20
28
25
25
22
34
24
25
22
22
25
25
32
21
19
24
24
25
21
22
19
28
29
19
24
31
22
20
22
25
32
17
25
27
26
25
28
16
24
23
20
23
29
23
16
21
19
20
25
26
22
24
18
27
23
17
22
14
16
18
20
16
31
23
17
16
12
14
15
24
13
21
14
26
22
23
15
21
14
21
29
15
13
13
19
13
12
19
19
20
9
26
12
18
11
14
8
19
9
16
17
19
21
15
16
15
9
21
8
13
13
12
10
14
14
15
19
15
14
9
10
14
16
8
10
13
10
7
13
10
11
14
13
16
6
14
7
5
8
15
11
10
7
10
12
8
17
16
14
6
9
11
12
4
9
14
12
7
5
4
8
12
15
6
8
6
9
7
8
9
11
6
6
9
10
14
4
6
10
6
5
7
6
7
3
9
4
6
7
7
5
7
3
3
8
10
9
10
8
3
5
2
7
5
2
8
5
9
9
9
9
7
2
5
5
5
1
5
8
6
3
4
4
6
6
5
6
2
6
5
6
2
4
6
3
1
7
3
9
3
5
5
2
4
6
3
3
6
1
3
3
3
6
6
3
4
1
6
2
2
2
1
4
4
4
6
2
3
4
1
6
5
3
3
1
3
3
2
4
3
4
3
5
4
2
8
3
0
6
1
3
2
4
2
2
3
4
1
5
1
2
2
1
2
4
2
1
1
3
5
0
2
1
2
4
0
1
4
1
3
3
3
4
1
1
1
4
2
2
1
4
0
1
3
2
2
2
0
4
1
3
0
2
3
4
2
0
5
1
2
3
0
3
1
2
3
6
0
0
1
2
0
2
1
3
1
1
0
0
1
1
0
2
1
1
2
3
1
0
1
1
3
1
0
3
1
1
1
0
1
0
0
0
3
3
2
2
2
0
1
1
0
3
2
2
0
1
0
3
3
1
3
0
2
1
1
0
1
3
0
2
0
2
1
2
1
2
0
1
1
1
0
1
0
0
0
1
0
0
0
1
1
2
2
0
2
2
2
2
2
1
0
0
1
2
0
1
2
1
1
0
4
1
1
0
2
1
4
1
1
1
0
0
0
2
2
2
1
0
0
1
3
4
1
1
3
1
2
2
2
1
0
0
2
0
3
1
3
2
0
0
2
2
3
0
0
1
2
1
2
0
0
2
1
2
2
4
1
1
4
2
1
0
1
1
3
0
1
2
0
0
0
0
1
0
1
0
1
1
2
1
1
2
1
1
0
2
0
1
0
0
0
1
1
2
2
1
2
1
0
1
0
3
0
2
1
3
0
0
3
2
1
1
0
2
3
0
4
2
0
1
1
1
2
1
0
0
1
2
2
2
2
2
0
1
1
2
1
2
0
1
0
1
0
0
2
0
3
0
0
0
0
0
2
1
0
1
0
0
0
4
2
0
0
0
0
2
2
0
3
2
0
0
3
0
2
2
2
2
3
3
3
3
0
2
2
1
2
1
2
2
2
0
1
2
3
2
0
1
1
0
0
1
0
2
1
1
1
2
0
2
1
1
1
1
0
1
0
3
1
2
0
3
2
1
2
1
1
2
4
2
1
0
0
1
0
1
0
1
0
0
1
3
1
2
1
1
1
2
3
0
2
2
1
0
4
1
2
1
2
3
1
0
2
1
1
5
3
3
1
2
2
2
2
2
3
1
2
2
1
5
2
1
1
1
1
1
3
3
3
0
2
1
2
0
1
1
0
2
1
2
1
3
3
2
0
2
2
1
0
2
3
1
2
1
0
3
3
1
4
0
0
0
0
3
5
1
0
1
4
0
1
0
1
1
2
0
2
4
1
2
2
4
3
1
0
0
2
1
2
1
0
0
0
1
1
0
1
2
2
0
0
1
0
0
1
1
1
1
2
1
3
1
1
1
5
0
1
1
2
1
2
0
1
2
0
3
3
2
2
0
3
3
4
3
2
5
2
2
1
0
2
2
3
3
3
1
1
0
1
2
2
0
3
1
0
1
1
0
0
1
0
2
1
1
0
1
2
2
2
1
3
3
0
1
1
0
1
2
1
2
2
1
2
0
0
2
1
0
0
2
3
2
1
3
1
0
1
1
1
2
1
0
0
0
2
2
0
1
1
2
1
1
3
1
0
2
1
2
3
0
2
0
0
1
3
3
1
1
1
2
0
0
2
1
1
1
0
2
0
3
1
3
1
1
2
3
0
5
3
0
1
2
1
1
0
0
2
0
2
1
1
1
0
0
0
2
0
1
1
3
1
2
3
1
3
1
0
0
0
2
3
1
1
0
7
2
1
3
0
0
0
1
0
0
2
0
0
0
1
0
0
1
1
2
1
2
1
1
2
2
1
0
1
1
1
0
4
1
1
0
3
0
1
2
0
0
0
0
0
1
0
1
2
4
0
2
2
1
1
1
1
1
1
0
1
0
0
1
0
1
0
1
1
3
0
1
2
1
3
2
0
1
0
2
0
1
1
0
0
3
1
0
2
0
0
0
1
0
1
1
0
3
0
2
1
0
1
1
0
1
1
0
3
3
1
3
2
1
1
1
0
1
0
3
1
1
0
0
1
1
0
1
3
1
1
1
0
2
0
5
2
1
2
2
1
1
0
1
0
1
0
3
1
1
0
0
1
1
1
4
1
0
2
1
3
1
1
1
2
2
1
0
1
1
1
0
0
0
1
0
0
1
0
0
2
1
4
4
0
0
0
0
0
0
0
2
1
1
0
2
0
2
3
1
0
1
0
1
1
0
1
0
1
1
0
1
2
1
0
2
0
0
1
2
0
1
1
3
2
1
1
4
1
0
0
0
2
1
2
0
0
1
0
1
1
2
2
2
0
0
0
1
1
1
2
0
2
0
0
0
3
0
1
1
1
3
0
1
2
2
3
1
0
1
1
0
1
1
0
1
0
1
0
1
0
1
1
0
2
1
3
2
1
0
1
1
1
0
0
0
2
3
1
1
2
1
1
0
1
0
0
2
1
1
1
2
0
0
0
0
2
0
1
2
0
1
0
2
0
2
0
1
0
0
0
1
3
1
0
0
0
0
2
1
0
0
0
3
1
0
0
0
0
0
1
2
1
1
1
2
0
0
2
3
2
0
0
1
1
0
0
2
0
0
3
0
1
0
1
0
0
2
0
0
1
1
0
1
0
1
0
1
0
0
2
0
1
3
1
1
2
0
0
1
0
0
0
0
1
1
1
0
1
0
3
1
4
0
1
0
0
0
1
0
4
0
1
0
1
0
1
2
0
0
1
2
0
0
1
1
2
0
0
1
0
1
0
0
1
0
1
1
2
0
0
0
0
0
2
0
0
1
1
1
1
1
0
1
2
0
0
1
0
0
2
3
0
0
0
0
0
2
1
0
1
1
0
0
1
1
1
2
2
0
1
1
0
0
2
2
0
1
0
1
0
2
1
2
3
0
0
1
2
0
0
0
2
0
1
0
1
2
0
2
2
0
1
1
0
1
1
1
0
1
1
1
2
1
0
0
0
2
0
0
1
1
1
1
0
0
0
1
1
0
0
0
1
0
0
0
0
2
0
1
0
0
0
0
0
0
1
0
2
0
0
1
0
0
0
0
1
0
1
1
1
0
0
2
1
2
0
1
0
0
0
1
2
0
1
0
0
2
0
1
0
0
0
0
1
0
0
0
1
1
1
0
0
1
0
0
1
0
1
0
1
0
0
0
0
0
0
1
0
0
0
0
0
0
1
2
0
0
0
0
0
1
1
1
1
0
1
0
0
0
1
1
1
2
0
0
2
0
0
0
0
0
0
0
0
1
1
0
0
0
2
0
0
0
0
1
1
2
0
0
0
0
1
1
1
0
0
1
0
0
0
0
1
3
0
1
0
1
0
0
1
0
1
1
0
0
0
1
0
2
0
1
2
2
0
0
0
0
0
0
0
0
1
0
1
0
0
0
0
0
0
0
0
1
0
2
0
1
0
0
1
2
1
0
0
2
0
0
0
0
1
0
2
0
0
1
2
0
0
0
0
0
0
0
0
0
0
0
0
0
0
0
1
0
0
0
2
0
0
2
1
0
0
3
0
1
0
1
1
0
0
0
0
0
1
1
1
0
0
1
0
0
0
0
0
0
0
0
0
0
0
0
0
1
1
0
2
0
2
0
2
1
1
0
2
0
1
0
0
3
0
0
1
0
0
1
1
0
0
1
1
1
0
1
1
0
2
2
1
0
1
3
1
1
1
1
2
0
2
1
1
0
0
0
3
0
0
2
2
2
1
0
0
1
1
1
0
3
0
0
0
0
1
2
1
0
0
2
0
0
2
1
2
0
1
0
0
1
0
1
1
0
1
2
1
0
0
0
1
2
0
1
0
0
0
1
0
3
1
0
2
0
2
0
2
2
0
1
3
0
1
0
0
1
2
0
2
3
1
3
2
2
1
1
0
1
2
1
0
5
2
1
4
0
2
3
1
1
2
3
0
1
0
2
1
1
0
1
0
1
4
1
1
1
1
4
2
0
1
0
1
2
0
1
1
3
5
2
2
1
2
2
1
2
2
4
0
0
1
3
3
1
3
2
0
1
3
3
2
3
2
0
0
1
0
0
1
3
0
1
0
0
1
2
1
2
1
2
1
3
1
2
0
2
0
0
0
0
2
3
2
2
1
1
1
1
1
4
1
0
1
1
1
2
5
2
1
2
0
2
0
4
2
0
1
2
3
2
5
0
3
2
0
2
0
1
5
1
6
2
1
1
1
1
3
0
3
1
1
2
3
1
2
3
2
0
1
0
6
3
1
0
2
1
2
3
2
3
1
2
3
2
0
1
2
1
3
2
2
1
1
2
0
0
2
0
1
3
2
2
1
2
0
1
0
2
0
4
2
1
2
0
1
0
3
2
1
1
1
1
2
0
0
0
5
1
1
1
2
0
0
3
1
0
3
0
0
0
2
1
0
0
2
4
1
1
5
3
1
3
2
2
2
3
2
1
0
2
0
3
2
1
1
2
1
1
3
1
2
0
2
2
1
1
0
1
4
1
0
2
1
3
2
0
1
0
1
1
2
1
0
0
1
1
3
0
0
3
0
0
3
1
1
2
1
2
1
0
0
1
1
1
0
0
1
2
1
0
1
0
0
1
2
2
1
0
2
2
0
1
2
0
0
1
1
1
1
3
1
0
1
0
0
2
2
0
2
1
2
0
1
0
3
0
1
0
0
0
0
2
0
0
0
0
2
1
1
0
4
0
1
0
0
3
0
1
0
2
2
0
0
1
0
1
2
1
2
1
0
2
2
0
0
3
2
0
1
0
1
2
0
0
1
0
1
3
1
0
0
2
2
1
0
0
2
0
1
1
0
0
1
1
0
0
0
1
0
0
0
0
1
2
1
1
1
2
1
0
0
1
0
1
2
3
1
0
1
0
0
0
0
1
0
0
1
0
1
0
0
0
0
0
0
0
0
0
0
0
1
2
0
0
0
0
0
1
0
0
0
0
0
0
0
0
1
0
0
1
1
0
2
0
0
1
0
0
0
0
0
0
1
1
0
0
0
0
0
0
1
0
0
0
2
1
1
1
0
0
0
0
0
0
0
0
0
0
0
0
0
0
1
0
1
0
0
0
0
0
0
1
0
0
1
0
0
0
1
0
0
1
0
0
1
0
1
0
0
0
0
1
1
1
0
1
0
0
0
0
0
1
0
0
1
0
0
0
0
0
0
1
0
0
0
1
0
0
1
0
0
0
0
1
1
1
0
0
0
1
0
0
1
0
0
0
2
1
0
1
2
1
0
1
0
1
0
0
0
0
0
0
1
0
0
0
0
0
0
0
0
0
0
0
1
0
0
1
1
0
0
0
0
0
2
0
0
0
1
0
0
0
0
0
0
0
0
0
0
1
0
0
1
0
0
1
0
0
0
0
0
0
0
0
1
1
0
0
1
1
0
0
0
1
1
0
0
0
0
0
0
0
0
0
2
1
0
0
0
0
1
0
0
0
0
1
0
0
0
0
1
0
0
0
1
0
0
0
0
0
0
0
1
0
0
0
0
0
1
0
0
0
1
1
0
0
1
0
1
1
1
0
1
0
0
0
0
0
0
0
0
0
0
0
0
0
0
1
0
0
0
0
0
0
0
0
0
0
0
0
0
0
1
0
0
0
0
0
0
0
0
0
0
0
0
0
0
0
0
0
0
0
0
0
0
0
0
0
1
0
0
0
0
0
0
0
0
0
0
0
1
0
0
0
0
0
0
0
0
0
0
0
0
0
0
0
0
0
0
0
1
0
0
0
0
0
0
0
0
0
0
0
0
0
0
0
0
0
0
1
0
0
0
0
0
0
1
0
1
0
0
0
0
0
0
0
0
0
0
0
0
0
0
0
0
1
0
0
0
0
0
0
0
1
0
0
0
0
0
0
0
1
0
0
0
0
0
0
1
0
0
0
0
0
0
0
0
0
0
0
0
0
1
0
0
0
0
0
0
0
0
0
0
0
0
0
0
0
0
0
0
0
0
0
0
0
0
1
0
0
0
0
0
0
0
0
0
0
0
0
0
0
0
0
0
0
0
0
0
0
0
0
0
0
0
0
0
0
0
0
0
0
0
0
0
0
0
0
0
0
0
0
0
0
0
0
0
0
1
1
0
0
0
0
0
0
0
0
0
0
1
0
0
0
0
0
0
0
0
0
0
0
0
0
0
0
0
0
0
0
0
0
0
0
0
0
0
0
0
0
0
0
0
0
0
0
0
0
0
0
0
0
0
0
0
0
0
0
0
0
0
0
0
0
0
0
0
0
0
0
0
0
0
0
0
0
0
0
0
0
0
0
0
0
0
0
0
0
0
0
0
0
0
1
0
0
0
0
0
0
0
0
0
0
0
0
0
0
0
0
0
0
0
0
0
0
0
0
0
0
0
0
4
5
5
8
8
5
7
8
11
8
3
4
2
3
8
9
5
6
9
9
6
2
8
8
11
4
3
9
7
5
6
3
2
9
9
5
6
5
5
1
4
7
9
2
3
3
9
8
5
5
2
13
4
5
11
0
5
3
9
9
4
10
6
3
3
4
7
5
5
3
8
3
7
9
5
1
7
11
5
6
5
9
6
4
8
8
7
5
7
2
5
5
6
8
5
8
5
4
6
4
3
3
3
3
4
7
10
4
6
6
4
8
9
7
5
9
8
7
4
10
7
14
13
9
9
17
11
12
