0
0
0
0
0
0
0
0
0
0
0
0
0
0
0
0
0
0
0
0
0
0
0
0
0
0
0
0
0
0
0
0
0
0
0
0
0
0
0
0
0
0
0
1
1
0
0
2
4
2
1
5
2
1
0
5
1
1
3
1
1
3
8
1
4
4
5
9
4
6
5
5
8
11
13
10
8
23
18
20
36
33
36
45
44
57
74
71
70
91
99
111
123
162
158
231
227
279
320
364
425
473
605
643
796
904
1074
1202
1163
926
709
631
448
237
115
95
99
101
112
147
149
162
178
198
238
246
276
291
312
358
354
359
375
371
395
408
368
350
347
295
259
237
202
159
155
175
186
184
199
211
243
272
306
287
317
303
369
343
308
286
285
251
231
210
202
218
194
195
222
255
263
267
316
283
291
270
258
273
237
246
222
226
203
201
199
239
263
258
294
269
254
296
251
250
223
248
197
202
223
230
249
264
288
268
262
288
302
249
239
241
218
229
224
206
238
227
281
229
285
263
269
255
300
249
226
240
242
255
260
263
271
249
263
242
261
259
274
232
255
253
231
234
256
231
248
254
232
245
248
276
274
255
290
262
280
247
246
251
230
257
251
230
225
293
244
256
240
269
258
236
250
231
255
239
267
237
229
250
240
237
239
264
264
228
251
277
227
261
258
275
255
233
272
255
281
258
282
235
283
259
252
237
266
249
281
278
263
253
262
256
263
232
287
268
269
259
269
253
240
244
249
254
244
263
242
255
261
268
270
267
255
264
248
267
267
260
267
237
249
281
232
264
283
270
313
262
257
259
266
253
256
245
296
265
245
234
243
294
276
276
296
269
278
284
275
257
268
279
252
247
288
240
282
236
251
268
262
252
251
271
252
265
253
244
268
262
282
241
286
309
273
271
285
271
258
272
291
260
280
291
258
269
255
266
240
277
306
268
254
257
280
253
270
227
293
258
258
256
288
278
270
261
266
258
252
282
293
288
247
292
271
269
254
246
242
268
283
258
247
279
277
241
267
234
255
249
253
256
273
244
262
268
250
275
310
251
275
296
219
272
267
282
288
239
306
256
288
284
241
236
255
273
255
265
267
250
284
282
268
304
242
252
235
280
255
257
260
251
278
249
296
258
269
255
245
259
283
272
261
268
258
251
257
277
254
252
292
289
274
273
287
256
263
253
264
244
260
248
254
263
264
256
280
254
246
254
278
265
274
286
294
270
269
277
255
252
282
286
233
263
267
251
259
243
246
254
263
261
252
269
300
262
266
273
273
245
217
244
260
254
246
257
233
267
249
257
261
253
278
258
252
248
276
240
268
236
299
268
255
262
209
261
245
299
258
249
282
239
277
237
249
251
246
252
252
266
228
241
241
262
256
251
241
248
237
247
250
266
242
233
273
240
232
258
241
245
250
240
239
239
289
258
243
267
257
260
260
232
285
243
284
253
280
260
268
247
251
242
264
251
256
287
241
266
254
250
245
231
276
264
262
271
230
283
240
268
266
236
254
263
265
220
250
250
258
233
252
249
261
252
238
250
245
229
234
249
223
246
234
234
269
244
242
258
253
257
255
263
254
251
222
234
253
239
266
216
271
252
224
253
269
254
225
235
224
242
252
239
211
250
241
250
230
216
256
217
253
227
231
233
260
264
246
255
248
239
224
216
219
252
235
250
263
204
244
238
217
225
233
270
237
255
266
247
240
255
234
213
222
234
216
251
237
264
258
214
244
237
259
232
219
261
251
249
221
198
223
210
237
242
232
216
247
246
244
239
232
235
252
219
202
231
219
213
221
241
224
215
227
235
239
231
240
227
219
216
261
231
217
223
208
241
229
217
237
240
215
238
218
223
219
261
235
234
255
220
210
246
241
204
237
225
205
220
218
223
210
244
241
194
201
196
238
217
217
212
226
200
229
204
224
245
225
211
234
223
246
211
224
206
234
232
216
236
251
230
233
219
222
233
232
225
217
220
220
249
225
222
235
233
228
199
223
210
240
225
244
223
230
226
230
217
245
226
235
235
231
247
202
215
225
219
228
255
252
216
223
232
217
222
238
195
256
237
231
238
269
243
209
224
232
215
234
216
209
219
215
259
247
242
214
245
216
234
225
245
204
251
222
242
235
229
224
249
235
263
209
239
233
237
247
230
252
249
220
203
258
210
206
226
209
241
236
254
259
276
236
247
274
268
247
237
257
272
255
235
242
236
249
249
262
243
229
233
240
244
247
260
237
259
274
276
260
276
254
286
288
276
290
279
256
302
300
304
304
303
307
288
317
291
278
319
317
327
296
345
313
338
300
299
302
309
295
302
327
347
312
311
301
306
298
305
308
276
319
302
279
300
297
296
286
306
279
280
307
287
290
289
242
259
276
271
251
294
282
255
254
241
256
260
238
278
207
222
293
236
275
233
248
255
242
254
245
251
252
248
224
252
231
206
219
244
224
212
210
259
204
226
233
197
221
220
186
209
218
217
213
236
248
215
223
212
238
210
213
211
206
213
223
231
219
221
211
195
210
214
205
199
186
211
201
204
227
204
202
230
205
213
216
199
208
202
217
194
208
207
234
231
220
238
244
253
256
222
225
206
222
229
235
214
213
220
200
224
243
233
222
211
204
203
208
216
210
187
202
221
209
186
209
184
201
194
226
182
224
200
197
191
161
187
183
206
220
195
209
208
175
167
201
205
193
192
217
178
197
182
192
201
203
181
165
196
218
189
215
191
203
217
203
206
196
176
199
179
186
217
201
190
195
202
209
212
223
166
184
195
173
195
201
196
200
200
205
211
217
188
202
206
212
207
212
162
186
176
209
164
171
200
201
183
208
172
201
182
193
181
199
204
212
190
192
205
206
188
186
209
187
175
176
170
184
202
181
184
165
192
217
174
198
201
183
190
173
169
192
187
153
199
182
186
177
194
199
167
153
186
172
181
163
190
181
167
178
189
182
203
192
177
205
182
194
193
192
173
163
190
189
197
196
164
196
225
214
172
196
177
178
211
164
191
157
194
167
168
206
179
180
180
173
189
160
166
187
187
197
162
182
187
171
178
211
192
172
174
195
194
153
185
173
173
187
193
177
180
187
201
165
183
198
171
165
189
175
151
172
190
172
192
168
183
177
174
193
169
167
173
198
173
172
189
198
168
179
177
189
190
184
191
180
199
179
179
167
157
181
188
179
183
182
171
191
157
164
168
158
192
164
194
207
191
171
190
174
182
167
177
187
193
201
201
178
173
196
183
224
183
205
193
197
173
181
180
160
172
169
161
192
170
194
179
163
194
185
190
201
176
183
184
183
187
178
173
192
151
165
181
164
197
169
185
174
154
193
166
168
185
159
199
192
157
166
187
185
178
189
175
167
165
190
200
151
165
171
171
172
159
196
167
181
183
157
157
194
166
176
162
196
212
211
195
215
179
192
184
182
173
167
192
171
167
176
172
202
176
182
167
174
167
186
163
182
173
167
168
171
148
171
182
163
185
175
183
176
168
177
167
165
158
172
171
180
155
164
199
177
168
183
134
191
168
180
147
176
160
177
167
186
174
166
178
166
177
145
168
155
159
186
160
153
146
150
171
166
167
146
182
181
155
164
183
168
158
179
155
191
180
184
185
174
185
171
206
175
167
171
192
170
173
178
160
149
152
211
164
148
163
161
157
173
156
169
179
177
158
179
151
168
185
163
179
180
171
182
175
161
171
186
173
178
174
165
159
161
159
163
171
169
179
143
171
193
178
191
167
176
156
173
158
156
164
163
169
147
175
169
165
166
146
152
170
171
163
149
172
166
202
162
168
163
165
141
171
145
190
162
164
170
147
168
163
148
191
174
179
162
166
166
175
170
151
165
178
175
151
173
155
168
176
171
169
174
168
154
176
188
203
155
203
190
177
193
172
185
169
169
160
180
170
165
157
176
180
139
175
178
166
182
175
163
148
156
139
168
157
145
164
160
189
152
150
150
152
158
150
173
154
166
157
163
163
149
157
143
170
169
162
148
170
180
154
161
153
135
177
166
150
153
166
139
172
160
178
161
135
166
167
168
160
189
160
151
161
156
159
150
155
142
170
163
171
144
167
157
152
150
149
166
147
181
160
185
160
153
162
163
139
187
144
167
160
165
169
161
140
168
129
131
166
129
178
159
171
173
143
174
151
165
151
148
165
174
157
177
151
181
145
164
140
156
158
154
117
160
179
157
191
158
150
167
137
138
170
179
142
158
167
162
150
157
180
177
141
175
146
165
147
150
135
157
161
170
147
164
166
124
152
149
133
167
167
157
153
148
144
162
175
166
157
165
135
157
161
143
175
145
170
151
161
162
166
150
177
162
153
173
145
152
130
155
125
151
149
159
162
141
148
148
153
152
147
149
159
168
167
162
161
143
153
167
163
139
139
144
178
162
153
190
166
136
140
144
161
159
168
158
168
153
126
150
151
130
153
153
171
141
150
181
138
154
166
143
162
134
154
173
161
138
175
167
159
166
166
159
141
158
152
159
144
175
160
135
154
135
121
162
151
169
150
152
138
151
152
169
166
151
157
137
158
138
141
123
131
161
149
172
153
142
149
154
152
144
146
168
148
131
143
162
159
172
165
147
135
172
160
155
162
144
146
164
145
142
159
146
146
151
160
151
154
161
153
169
143
159
173
156
156
147
155
147
171
158
174
148
153
158
150
140
139
159
148
148
155
151
157
152
143
140
167
136
153
144
167
131
126
160
149
138
134
154
149
141
137
155
157
138
160
157
148
157
167
129
166
154
152
127
140
144
150
142
155
154
173
156
142
131
141
142
168
148
140
145
128
143
137
142
157
149
146
153
144
130
160
143
150
152
143
146
120
138
160
141
160
170
163
141
155
126
143
161
145
147
154
146
142
143
149
143
126
150
143
127
148
172
166
148
149
149
166
137
127
175
146
135
140
133
133
154
151
139
154
154
157
159
157
149
168
148
155
146
137
149
154
138
140
150
145
157
141
137
170
147
159
161
162
160
137
165
141
165
159
133
147
151
155
151
149
128
159
150
138
166
149
135
138
160
137
128
159
146
166
130
154
130
135
143
137
141
145
146
131
161
150
161
135
161
125
148
134
143
119
163
170
162
134
163
152
145
128
150
148
138
150
144
141
163
160
141
149
152
136
135
146
149
158
158
133
135
164
151
147
135
136
184
155
137
160
144
137
161
143
158
128
155
155
153
142
148
127
155
153
126
155
129
128
155
158
140
145
151
152
147
145
140
149
147
139
117
128
166
137
149
166
149
128
145
147
141
127
115
146
140
131
147
181
171
149
144
153
135
141
145
147
126
128
140
149
141
142
145
146
155
151
143
152
132
131
145
151
155
127
148
125
131
129
138
134
134
151
153
154
131
136
117
133
140
131
152
159
129
143
126
145
153
146
130
141
129
152
144
128
168
139
151
151
152
156
125
141
144
157
144
141
158
142
156
153
143
141
148
160
148
143
145
150
148
142
128
119
152
135
153
141
152
144
138
159
126
131
151
131
136
151
142
134
161
142
167
136
159
145
153
140
156
125
150
136
137
128
132
152
162
128
137
165
161
153
135
154
136
139
134
142
166
121
159
126
156
114
133
140
140
154
147
148
147
132
158
138
147
153
156
138
129
134
136
139
133
138
140
145
146
147
126
137
152
134
137
131
156
164
149
125
157
137
119
123
150
146
126
151
144
146
156
144
105
127
138
141
135
139
131
149
167
159
138
145
133
172
165
168
170
171
160
163
151
137
152
153
150
138
156
146
149
154
137
134
153
156
143
137
153
139
139
143
133
138
142
135
163
125
168
136
138
151
142
141
132
138
133
145
148
135
137
139
159
128
160
154
159
138
140
126
126
132
146
118
143
154
121
139
123
138
157
146
150
160
118
152
131
132
146
162
138
139
137
149
138
161
133
153
139
131
143
161
133
152
152
144
138
144
133
128
152
141
144
136
120
128
110
133
139
133
154
139
153
146
155
157
140
136
142
151
148
160
144
133
138
150
100
144
161
155
151
162
142
132
146
140
146
159
126
147
143
138
133
155
137
159
148
134
142
157
129
131
138
150
134
143
132
139
159
139
127
136
164
145
149
135
131
144
144
147
140
137
157
139
123
131
147
154
137
162
155
143
155
160
144
124
156
124
116
146
152
112
129
145
161
131
147
127
135
149
133
130
123
142
121
154
126
142
145
129
144
151
126
157
125
155
146
121
138
161
155
137
143
131
150
122
158
140
152
152
130
177
137
129
162
135
137
139
134
151
141
140
135
148
140
146
139
129
150
142
137
143
151
161
135
128
142
141
149
127
129
147
123
144
146
172
126
156
153
117
140
134
145
149
147
121
149
146
136
172
130
151
141
127
128
143
139
132
159
165
138
143
140
142
139
153
129
130
151
133
142
166
117
110
151
134
149
151
146
156
133
150
145
149
129
128
143
136
130
130
128
132
152
156
135
160
140
130
149
139
119
126
128
155
149
152
126
145
144
140
127
146
149
142
150
112
142
131
129
124
116
151
119
129
144
142
139
156
168
135
148
141
138
145
127
140
135
150
145
133
147
150
149
132
157
155
184
163
167
183
172
157
142
150
153
144
155
147
125
142
146
141
135
149
134
165
136
138
151
134
146
126
148
131
151
132
140
141
138
152
131
135
148
136
130
146
146
161
130
130
139
144
140
137
133
162
145
128
145
125
138
144
141
162
145
142
148
158
140
142
158
155
122
149
151
133
137
135
133
133
143
171
152
132
143
163
117
124
149
149
132
137
163
161
152
160
136
155
153
162
163
157
146
147
152
157
133
150
170
150
153
125
164
164
143
143
141
114
154
126
140
140
134
140
123
132
133
132
136
145
132
138
137
141
140
167
131
160
161
165
163
176
161
190
148
155
172
166
161
139
147
140
150
141
154
145
139
126
147
123
145
137
143
147
135
111
131
140
145
156
145
125
123
142
160
147
125
136
150
142
129
132
148
136
148
151
136
170
142
140
150
147
130
129
115
132
138
148
131
139
160
124
137
154
145
141
139
154
175
122
167
138
150
145
143
135
153
138
158
148
134
134
139
151
143
151
123
144
133
143
146
141
155
144
138
147
144
138
141
139
131
142
137
152
132
142
139
155
146
163
135
145
155
118
143
148
141
133
139
152
156
150
154
148
145
136
139
136
133
147
152
121
145
140
138
135
156
129
147
153
146
161
134
174
134
130
163
143
160
171
142
136
156
152
156
134
142
164
153
141
140
157
146
131
166
165
120
149
145
125
136
135
145
132
154
112
156
141
145
148
150
127
148
175
148
137
145
160
139
127
154
142
149
155
147
128
156
132
149
140
145
130
150
139
146
142
151
157
148
145
156
127
154
141
154
140
138
159
154
121
147
143
138
162
152
161
141
126
167
129
152
160
127
145
171
150
137
166
126
149
153
162
162
152
155
125
130
149
135
155
147
145
138
147
143
155
151
168
126
136
146
148
140
151
160
138
156
149
158
136
139
135
144
142
151
141
146
149
150
117
137
135
160
167
153
134
158
155
159
146
168
139
161
143
148
145
130
147
145
137
158
145
141
145
140
138
140
168
170
166
153
155
145
158
140
154
155
149
139
136
153
129
164
133
155
134
147
166
164
147
174
134
135
166
151
151
149
137
136
142
142
148
141
146
149
149
162
159
135
151
139
143
124
141
169
126
164
143
144
160
155
142
136
130
124
138
162
153
133
149
166
140
143
153
154
158
147
132
138
165
169
144
154
139
159
146
168
151
169
157
144
123
152
152
143
159
145
138
144
140
163
165
158
169
167
138
131
141
161
142
141
153
154
161
132
155
120
171
142
135
145
142
152
149
149
164
165
142
145
140
157
124
165
144
131
137
165
161
167
146
175
168
151
150
146
170
143
171
150
132
143
147
156
125
132
147
164
150
158
152
130
145
149
160
169
145
163
164
169
143
132
158
160
149
150
139
143
142
162
176
148
171
160
149
143
141
138
154
158
137
160
153
156
157
160
145
144
150
138
167
174
161
145
142
159
147
162
146
172
158
149
180
127
154
136
146
155
154
162
148
161
142
155
151
155
152
159
150
142
150
167
136
169
173
155
168
142
138
172
157
150
152
150
130
153
147
161
155
151
148
143
158
156
147
172
142
140
147
144
152
148
151
142
135
151
125
149
153
156
163
153
139
154
159
164
170
138
166
160
158
158
153
157
138
175
150
147
161
137
155
139
154
143
114
154
148
162
158
175
151
169
162
155
176
174
168
147
168
155
163
155
188
144
145
157
161
153
131
131
138
161
156
183
172
152
162
166
156
157
162
139
165
146
158
148
179
162
162
142
155
168
143
155
175
165
180
164
141
176
159
167
146
167
168
134
155
139
168
146
179
146
184
131
171
151
154
130
154
132
131
149
160
143
168
145
144
155
175
161
144
183
157
158
142
171
174
167
162
150
154
179
144
138
162
149
146
123
171
145
142
165
166
149
154
150
152
152
155
166
164
132
154
166
166
140
151
135
164
171
159
147
152
155
144
161
172
152
146
156
167
171
158
163
156
165
161
140
159
147
158
170
137
151
169
147
153
175
177
137
155
148
151
150
159
159
162
156
156
139
157
174
182
160
158
149
151
152
163
153
198
144
162
145
148
170
180
160
168
155
178
147
134
171
143
168
175
173
160
178
171
194
161
147
157
151
159
147
163
164
146
156
172
158
190
181
161
166
169
170
172
141
152
160
156
180
162
152
154
175
200
159
167
187
140
187
179
165
170
178
133
184
141
155
160
154
176
160
154
178
166
166
151
151
171
170
168
167
164
163
182
166
186
156
173
165
155
184
170
165
176
178
187
147
153
168
184
202
160
187
153
159
145
164
160
147
154
148
159
182
154
169
171
159
165
171
182
161
159
169
192
187
173
153
189
166
171
170
182
169
171
163
157
150
146
162
183
146
190
176
164
167
194
186
159
180
172
157
159
160
180
172
173
157
167
171
178
192
159
150
153
171
155
168
144
183
174
179
168
161
181
165
180
158
167
150
168
151
174
178
173
170
180
171
141
146
173
163
188
167
177
171
156
169
181
167
163
172
185
160
199
175
190
175
184
175
170
165
161
152
160
163
189
161
181
184
172
172
165
184
181
170
183
168
153
161
149
173
189
167
171
183
160
185
190
162
167
178
159
176
179
198
162
187
171
183
170
153
161
160
190
168
172
171
218
170
169
180
213
188
179
186
173
188
188
161
152
160
173
168
146
184
180
219
198
181
175
179
175
186
136
157
160
175
156
158
176
179
156
183
171
158
175
176
187
191
186
193
162
195
177
175
191
175
167
192
201
184
226
209
198
195
198
208
210
174
203
164
185
195
180
182
157
201
162
179
187
168
170
184
189
187
163
179
183
163
186
213
168
189
173
157
163
187
169
169
201
177
164
191
194
157
188
174
178
200
189
155
202
188
169
162
178
156
171
207
203
205
181
167
165
173
190
185
169
173
185
162
191
182
180
174
192
181
207
186
190
200
204
183
162
213
179
183
182
171
183
171
174
184
185
189
169
183
200
194
175
182
196
192
165
177
190
185
186
179
210
188
202
193
186
191
183
182
190
198
192
191
180
183
180
175
199
198
190
179
216
186
194
197
193
175
194
171
177
205
196
180
195
172
178
175
190
204
190
212
172
193
203
210
185
177
170
190
185
204
183
182
177
191
206
184
191
195
168
186
179
204
178
193
180
203
202
189
176
194
166
206
215
186
182
200
196
191
185
196
172
187
177
204
199
175
180
202
197
178
183
187
193
192
196
205
192
195
167
204
184
198
191
192
200
190
186
199
169
185
215
189
183
198
162
197
243
205
182
151
218
191
202
209
189
204
200
198
201
172
216
204
207
174
190
215
192
200
184
197
208
182
229
195
212
186
186
183
199
191
180
184
178
185
196
175
212
194
187
227
207
232
216
176
186
190
182
203
212
206
176
207
194
183
226
214
211
197
177
202
194
198
206
215
205
216
201
207
185
190
211
200
228
199
205
222
215
206
211
211
194
191
214
174
209
193
218
178
196
223
204
210
234
179
227
228
198
245
227
201
195
211
200
185
193
210
215
223
203
214
207
198
192
194
200
209
192
200
222
220
193
166
174
213
199
208
208
215
193
219
214
220
209
220
226
185
185
202
204
226
226
237
210
221
212
205
212
199
211
208
192
215
211
208
219
201
189
200
222
196
210
221
193
197
241
196
225
205
238
212
234
240
221
222
189
211
201
212
239
226
225
210
221
182
209
222
190
224
226
202
236
218
231
227
230
218
198
216
204
220
220
211
221
239
247
222
209
214
196
213
210
230
231
217
211
218
218
196
205
249
236
226
227
212
244
217
243
223
237
228
223
258
248
242
223
242
235
219
221
219
211
216
226
219
240
223
247
193
247
256
228
254
230
248
227
225
204
227
213
226
216
241
231
208
255
225
240
240
216
249
236
208
231
215
217
255
265
229
242
232
229
225
223
266
233
244
231
247
243
239
233
196
235
241
230
214
243
230
230
235
231
255
247
245
232
256
194
238
253
213
241
239
231
241
260
240
218
224
229
267
230
241
253
259
223
258
227
241
255
248
264
259
244
240
221
264
252
257
284
237
226
241
229
255
257
250
231
240
255
254
236
257
232
247
229
242
248
218
246
228
250
255
245
243
254
234
252
233
250
272
236
251
230
242
237
253
247
264
245
240
239
265
277
275
247
226
236
243
259
228
238
220
253
255
248
236
232
281
276
254
239
226
249
261
244
230
257
226
227
266
230
247
247
243
247
253
230
269
236
270
245
260
272
244
246
240
248
251
257
271
243
249
235
272
277
264
256
247
242
259
242
260
253
255
258
259
241
250
239
264
262
252
268
255
255
231
281
247
241
263
260
269
250
283
239
235
249
237
270
254
222
253
247
247
246
252
248
247
238
234
238
242
238
252
221
261
231
197
251
251
240
224
235
242
201
261
209
250
220
219
219
210
238
233
217
224
226
248
218
223
216
220
223
228
221
209
196
212
222
192
194
188
203
200
203
205
246
222
233
218
217
213
201
212
192
206
187
197
182
215
192
192
193
194
193
226
205
210
178
177
190
187
204
189
194
171
169
203
195
178
178
157
169
212
174
181
217
193
182
172
176
224
189
188
160
176
187
172
187
213
180
168
168
178
176
202
193
193
214
181
162
185
174
184
172
194
161
170
180
192
186
195
193
194
193
190
181
165
199
189
163
191
183
160
217
177
185
176
156
212
196
173
194
181
185
165
162
171
183
180
184
192
187
157
173
171
190
201
188
184
182
188
187
196
195
168
196
168
168
181
198
183
209
167
154
178
196
186
178
177
192
156
179
174
156
193
182
186
188
187
191
182
185
183
184
203
187
188
172
201
184
176
182
169
194
175
165
203
184
197
193
172
191
180
163
190
219
183
195
169
196
169
177
197
168
172
189
173
168
186
178
185
171
186
160
160
182
191
178
201
179
174
182
178
183
154
159
182
188
178
165
173
186
167
159
171
165
176
179
196
178
180
178
153
176
174
168
174
173
161
180
189
186
169
210
191
172
174
164
181
169
178
179
194
202
152
185
171
193
191
182
157
185
189
191
181
150
188
158
183
161
155
174
142
182
184
151
165
168
184
164
172
162
187
176
202
182
192
183
152
199
166
163
162
137
182
173
161
151
180
159
158
178
167
181
160
169
170
177
148
158
165
160
160
152
145
179
165
171
171
160
183
155
179
143
177
176
202
152
160
166
146
175
186
152
178
167
170
165
173
166
182
182
182
176
179
164
178
158
171
159
161
142
164
163
170
170
139
168
158
163
189
185
159
172
163
166
186
149
143
154
149
172
177
150
172
171
159
173
151
178
169
145
146
169
161
165
149
152
156
167
149
171
174
170
168
164
188
161
150
156
187
164
153
147
179
151
160
157
176
168
173
171
154
167
178
192
159
168
159
160
169
173
157
179
145
183
195
164
167
161
166
182
141
143
158
147
163
138
144
179
172
139
167
166
149
165
149
191
167
175
152
135
172
147
157
145
138
163
149
172
156
137
172
152
161
157
191
170
146
160
152
149
151
168
158
158
178
159
157
164
170
170
194
154
161
175
150
160
150
158
149
171
159
159
150
164
155
164
176
159
154
168
124
182
159
176
140
178
189
153
197
165
169
158
160
150
172
134
150
150
154
164
147
135
170
168
153
146
146
148
155
150
143
126
150
173
156
147
130
148
144
148
163
138
168
178
161
167
176
195
157
164
166
161
165
163
168
166
155
148
141
151
152
172
165
132
200
146
177
161
164
164
133
164
160
146
171
175
147
149
144
172
143
169
137
168
164
154
151
178
149
177
166
125
162
165
156
157
153
150
164
180
146
164
172
151
159
162
143
150
180
155
166
130
139
160
153
177
153
165
159
156
152
167
177
144
175
155
170
162
166
158
158
153
147
143
161
169
156
160
187
167
159
148
163
149
154
183
148
181
149
156
150
138
169
153
164
150
179
173
177
144
164
139
170
154
174
144
144
165
190
151
154
192
176
173
163
172
156
182
164
161
159
150
158
154
164
153
138
189
158
164
152
163
157
165
155
178
181
150
165
153
179
166
188
161
148
165
156
166
148
143
186
142
148
158
154
171
149
186
164
155
159
174
139
156
181
135
164
169
169
143
158
164
167
151
157
163
157
166
157
168
158
157
163
163
168
157
148
178
148
161
131
162
136
146
140
161
158
144
156
165
148
156
161
140
142
145
133
152
165
145
148
152
132
145
150
136
132
143
123
145
135
132
145
114
134
125
130
114
127
121
125
113
127
122
103
125
107
101
113
105
129
112
123
123
128
96
105
118
120
105
110
103
108
104
82
115
118
109
113
116
117
110
89
115
112
108
95
99
98
102
93
98
95
113
102
108
97
107
112
107
102
98
118
104
103
112
119
94
110
102
96
97
109
102
101
102
86
97
106
109
113
114
110
113
99
88
78
90
97
108
100
108
85
84
113
106
97
95
93
98
91
99
92
111
92
97
86
81
103
91
101
89
93
98
96
86
110
91
86
100
93
84
86
95
105
97
102
88
99
86
76
80
100
97
86
104
87
83
107
82
92
92
100
88
91
101
87
95
93
85
68
102
82
83
98
98
101
102
92
105
104
91
85
89
67
99
98
97
86
92
95
91
89
92
101
72
92
99
87
104
101
96
111
95
110
99
96
93
83
106
88
101
85
106
121
100
117
106
103
127
119
90
125
100
114
103
124
118
115
122
129
108
108
126
109
132
111
118
135
120
135
118
125
123
137
110
128
123
115
131
139
118
142
133
121
143
141
124
123
147
152
160
136
126
153
147
138
153
168
143
158
182
189
187
182
184
179
207
177
197
218
212
209
241
260
322
447
666
1017
1496
2294
3187
4387
5721
6544
7403
7936
7643
7159
6240
5093
4085
3168
2432
1805
1373
1112
854
664
514
436
374
295
197
167
165
148
122
110
95
94
71
67
82
55
68
82
66
57
55
62
56
50
43
57
56
71
50
42
54
53
51
64
51
71
52
49
51
65
67
45
49
66
61
61
50
58
69
53
47
62
51
43
47
56
52
61
57
73
44
50
66
55
59
38
51
51
56
47
50
58
52
53
57
48
66
47
59
57
43
46
46
37
52
41
57
42
57
53
44
54
51
51
44
48
44
54
54
52
54
50
52
44
59
50
41
53
46
51
42
31
62
58
53
36
41
52
39
49
39
43
49
51
61
48
40
34
47
47
45
46
33
38
45
45
54
44
45
52
50
41
43
54
46
45
44
33
44
33
43
58
43
32
40
38
37
51
34
40
33
43
29
48
43
39
31
45
44
37
39
37
38
43
42
41
27
41
34
43
37
38
44
25
27
53
36
26
42
26
31
36
46
33
48
42
33
35
36
39
36
34
41
37
39
38
26
29
37
32
39
31
43
31
35
33
35
33
31
22
38
32
27
33
27
37
30
37
28
28
36
31
34
42
29
26
30
35
30
31
30
22
42
28
31
27
31
29
28
33
23
27
33
21
30
24
28
29
26
28
27
32
33
24
28
34
27
27
25
26
31
23
21
24
31
26
30
30
38
35
21
22
31
21
20
23
26
19
24
20
36
29
35
21
31
14
18
20
22
20
25
22
31
31
20
15
25
27
25
23
29
25
24
17
28
23
29
21
34
28
24
30
34
24
24
22
26
30
24
25
22
21
18
28
26
24
16
17
20
26
16
27
19
20
17
17
18
20
25
28
25
28
13
20
21
24
19
21
14
15
17
17
17
30
23
29
26
18
19
20
23
18
15
20
22
20
20
18
27
21
26
22
11
24
16
17
16
20
25
23
27
20
15
19
14
21
18
22
16
27
14
21
14
9
24
19
19
24
17
11
18
16
14
20
24
23
23
15
15
23
28
22
27
15
17
30
24
13
14
22
16
16
16
25
20
22
22
18
23
13
34
20
20
15
20
13
21
13
19
21
18
13
23
19
28
21
13
19
21
21
22
12
14
16
18
20
14
18
21
14
17
16
20
19
17
18
13
13
15
20
17
14
27
30
26
19
14
20
22
11
16
20
17
17
20
21
27
22
21
9
26
29
27
21
12
24
17
21
20
17
20
21
19
21
28
17
16
22
18
19
18
16
13
12
20
17
16
13
18
16
22
27
16
17
19
18
17
17
19
15
18
23
13
22
26
19
14
11
24
15
24
15
14
28
18
12
21
12
8
18
22
15
18
19
17
22
18
13
22
19
16
19
20
15
16
17
16
24
13
14
17
16
18
11
16
13
16
17
13
15
5
27
20
19
20
10
21
15
13
13
19
15
14
11
19
22
17
18
17
17
15
16
11
13
19
21
15
12
20
14
13
19
18
18
13
17
16
13
15
21
10
12
18
21
11
20
9
19
17
14
22
16
19
16
17
14
16
16
21
12
18
12
18
13
13
9
18
20
16
22
19
13
16
16
15
20
22
24
12
10
17
16
18
13
16
20
15
11
21
23
21
16
15
25
11
31
17
27
13
16
16
16
22
18
29
12
23
23
24
18
21
27
22
25
29
22
17
27
25
28
29
26
26
41
33
35
31
31
23
37
38
35
40
37
29
36
35
37
49
39
54
46
43
57
40
50
48
44
55
51
50
49
48
62
64
55
56
56
42
50
55
56
58
76
67
72
56
70
73
75
52
67
77
82
83
65
74
80
91
82
82
73
99
100
106
83
104
104
114
121
117
116
144
123
179
210
270
477
689
1076
1624
2218
3259
4208
5222
6026
6550
6675
6545
6056
5280
4376
3464
2671
2119
1513
1138
901
668
495
404
314
248
207
132
98
73
71
61
37
28
24
20
23
17
8
13
11
8
7
6
11
9
8
12
6
6
12
7
7
6
7
6
5
9
5
4
6
0
5
1
3
5
7
4
2
7
5
2
5
3
11
7
4
5
6
7
6
2
6
6
4
8
4
3
6
3
10
5
7
5
1
5
7
3
3
6
5
8
5
2
5
2
5
4
3
6
10
4
7
3
1
2
7
6
7
6
8
2
6
2
2
1
3
8
5
5
4
3
3
3
4
4
4
4
2
4
3
8
7
3
4
6
7
6
4
4
3
4
5
5
8
7
3
1
3
0
4
5
0
6
2
6
1
4
6
1
4
4
6
4
5
2
2
2
3
1
3
9
5
3
5
5
2
4
5
4
5
4
2
4
1
2
3
2
2
4
3
8
1
3
3
6
4
6
1
2
4
2
4
8
4
4
4
4
5
2
8
4
2
2
0
4
3
7
2
5
4
2
2
4
7
1
4
0
1
11
1
6
6
5
7
5
3
8
4
3
2
7
4
5
1
3
3
4
1
3
4
3
4
2
3
5
5
2
4
4
1
3
5
2
1
8
3
5
2
4
4
7
2
4
2
3
1
2
1
6
4
7
5
8
4
4
3
3
3
1
4
4
6
1
3
1
5
5
2
2
4
1
2
2
3
2
8
1
4
4
3
5
2
4
0
3
3
1
2
2
2
2
2
0
1
3
7
1
7
3
4
1
3
5
4
7
3
6
4
7
5
3
4
3
6
2
1
3
3
2
5
4
3
5
6
3
7
1
7
6
5
2
5
6
5
5
1
5
5
6
2
3
8
7
3
6
1
3
8
3
8
5
4
4
5
4
8
3
1
3
3
5
5
2
4
3
6
4
7
4
5
5
2
2
3
2
3
6
4
4
2
4
2
8
8
7
5
4
1
6
1
4
6
4
1
6
5
2
3
4
4
5
2
6
1
0
4
3
4
1
4
5
2
0
3
1
2
3
3
2
4
5
1
4
1
3
1
3
4
1
4
2
8
3
2
3
7
4
1
1
5
9
1
4
4
8
3
2
8
5
1
2
1
4
3
4
3
4
4
3
4
4
6
5
3
3
3
6
2
2
3
4
1
3
4
2
1
3
1
3
2
4
1
5
3
4
0
0
1
2
3
6
3
4
5
2
1
3
3
3
4
3
3
2
3
2
6
3
2
3
1
2
5
2
2
6
3
4
4
1
4
4
2
3
2
2
1
3
4
3
6
2
4
5
3
1
4
3
5
2
6
4
7
1
4
4
1
3
2
1
2
4
8
1
7
2
4
7
3
1
5
2
2
3
5
4
3
3
5
5
1
4
1
2
4
4
1
2
2
6
3
2
2
6
0
4
5
4
4
1
6
2
4
5
3
7
5
5
3
6
5
4
4
8
3
6
4
2
5
6
7
7
15
8
26
23
32
46
45
53
50
68
60
56
47
50
36
28
25
17
16
10
9
4
10
10
6
5
5
3
2
4
3
6
2
4
1
5
5
1
0
3
2
5
3
2
1
4
8
2
2
2
4
2
1
5
1
7
5
0
3
2
5
4
2
2
7
3
3
2
1
4
5
5
4
2
4
3
0
3
3
5
2
3
2
4
4
2
3
2
5
2
4
4
1
2
3
7
2
3
1
3
4
2
3
3
2
5
1
3
2
0
4
2
2
2
3
1
3
2
2
5
1
1
3
3
3
3
6
1
0
1
2
5
2
7
2
5
2
3
2
6
9
1
4
5
5
5
1
2
3
3
4
2
3
3
3
2
1
4
2
2
5
1
3
5
2
1
5
2
5
2
2
2
3
0
0
2
4
2
4
4
0
1
2
2
1
1
2
3
2
3
4
4
1
1
5
2
6
3
2
5
2
2
3
1
5
2
3
0
4
6
3
2
2
0
1
5
2
2
4
2
3
3
1
0
3
0
3
1
7
2
3
3
3
1
2
2
1
3
6
3
6
2
3
3
2
3
2
4
4
6
4
3
0
2
3
4
2
5
6
2
0
4
6
0
4
3
1
1
3
2
1
0
5
4
4
4
1
2
2
5
3
3
2
0
0
1
4
3
1
4
5
1
3
2
3
6
3
3
1
0
4
0
0
2
3
2
3
3
5
4
1
3
3
5
3
4
0
3
6
3
4
3
1
4
2
2
6
5
3
5
2
1
5
0
4
3
1
4
3
3
1
6
5
3
1
3
1
2
2
3
0
0
1
3
3
5
4
2
3
3
4
1
2
0
8
2
2
2
2
1
3
2
0
0
3
1
0
1
2
3
6
3
0
3
1
5
7
6
2
4
3
1
0
2
3
4
2
2
1
5
4
5
2
5
5
4
3
4
0
1
3
2
3
2
2
4
5
4
5
2
1
2
4
6
2
2
1
3
2
4
3
6
1
5
3
4
0
4
3
4
1
2
6
2
3
3
2
2
4
3
1
4
1
2
4
3
5
4
3
2
3
1
2
2
2
0
5
4
4
1
5
5
1
2
1
1
1
1
3
2
1
3
6
5
3
3
2
6
2
3
2
1
3
1
1
0
0
2
1
1
3
2
1
3
2
3
1
2
2
2
2
2
0
0
3
3
1
2
2
2
3
1
3
1
1
1
1
3
0
2
1
4
2
0
2
1
1
3
2
3
5
2
2
2
1
0
3
3
2
1
2
1
1
5
3
2
2
1
1
6
3
2
4
1
5
2
2
1
4
1
2
0
3
5
6
3
1
2
3
0
5
6
2
4
5
7
4
1
1
6
1
1
5
3
3
4
4
2
2
3
4
2
5
3
0
1
7
3
2
1
2
1
6
4
3
3
3
7
3
2
2
6
3
2
2
1
3
6
1
3
3
1
3
1
2
5
3
2
4
2
2
2
4
3
2
4
3
1
7
0
4
1
4
2
2
5
2
3
3
6
3
2
3
2
1
4
1
1
5
3
3
3
4
6
4
2
3
5
7
5
5
2
2
5
0
1
0
1
1
5
6
2
3
3
4
2
1
2
1
4
1
6
0
3
1
2
3
4
1
3
3
3
3
3
0
3
55
59
39
51
62
50
44
69
46
61
53
64
48
63
44
52
47
56
53
41
55
58
51
58
56
58
40
49
49
52
61
50
56
55
52
50
51
47
50
51
49
53
46
49
42
50
51
58
50
58
48
43
50
45
53
49
45
53
59
43
44
54
51
55
61
55
48
35
45
51
54
45
51
66
60
55
55
48
45
48
43
46
39
58
42
53
57
41
47
43
53
60
46
45
49
62
39
41
52
55
63
39
57
37
44
48
47
51
40
49
38
48
52
57
47
46
44
45
44
49
54
46
46
53
44
60
48
22
