0
0
0
0
0
0
0
0
0
0
0
0
0
0
0
0
0
0
0
0
0
0
0
0
0
0
0
0
0
0
0
0
0
0
0
0
0
0
0
0
0
1
2
0
3
1
0
1
0
1
0
2
3
4
5
5
3
9
1
6
6
3
4
5
2
9
3
14
7
12
14
12
11
18
21
12
23
21
26
30
23
31
41
56
64
50
77
87
85
96
115
131
116
126
185
210
237
266
301
319
372
389
450
514
601
725
789
778
711
667
594
513
327
174
79
84
95
109
120
128
132
150
128
148
175
197
219
227
255
249
251
282
314
309
316
294
322
261
248
227
204
164
153
144
159
112
157
177
178
167
203
212
203
248
220
257
239
263
237
232
222
224
178
180
170
157
155
183
168
204
195
257
235
230
264
241
214
250
196
188
168
179
182
178
182
181
195
201
233
217
222
220
232
183
191
201
178
178
178
194
192
183
206
233
209
226
234
217
184
175
182
198
186
176
184
202
205
217
231
206
209
193
220
189
184
188
203
193
229
195
198
222
220
213
227
236
205
208
211
208
182
193
189
191
187
200
205
213
231
195
194
221
239
208
192
215
204
220
191
202
201
215
227
214
204
219
223
223
202
209
214
223
226
217
218
194
217
238
196
224
232
219
202
228
202
206
227
202
192
208
235
228
237
237
242
234
222
192
232
209
213
227
188
237
263
244
230
223
224
240
225
222
215
252
236
249
216
239
225
221
216
191
212
238
214
215
225
252
208
247
222
214
226
250
224
226
254
246
229
242
239
238
239
223
230
234
240
213
232
245
243
228
234
236
223
237
260
216
222
247
236
254
236
213
233
238
266
232
237
238
253
235
200
241
261
255
207
249
253
229
248
272
236
253
221
244
235
220
258
229
239
261
242
224
242
212
219
264
223
222
235
213
260
246
254
271
247
227
222
228
254
240
241
267
252
234
255
232
268
235
244
276
257
241
266
239
259
244
258
261
239
238
239
244
224
242
247
243
249
255
227
232
242
275
256
247
245
262
234
266
264
238
253
261
258
262
234
246
253
240
253
256
284
236
255
240
269
214
247
237
259
279
289
276
278
253
251
245
231
241
245
254
235
255
275
249
251
247
247
265
230
221
266
248
245
288
232
257
242
244
246
251
252
230
248
252
247
244
232
269
246
272
243
265
252
247
229
242
243
237
261
251
230
259
249
270
273
253
246
282
250
257
250
255
243
264
292
237
267
215
267
282
265
270
271
282
245
268
245
233
260
244
274
273
247
247
270
265
251
262
254
280
282
272
235
291
272
265
243
265
272
271
254
276
275
270
235
240
258
251
292
240
261
267
261
253
258
246
250
248
255
238
262
262
249
250
262
237
245
267
245
259
255
237
263
261
271
250
292
237
265
252
239
266
272
249
229
248
236
258
258
245
235
258
277
235
229
251
249
268
275
236
250
223
238
244
246
250
262
263
269
262
223
235
255
262
214
237
254
241
243
237
247
220
231
261
230
253
258
269
267
245
255
215
231
243
242
243
271
262
259
242
223
241
218
227
241
224
235
211
233
249
212
235
277
239
246
250
230
237
214
267
229
256
201
230
220
224
241
206
239
233
223
224
243
272
232
210
241
246
197
227
222
245
241
204
232
259
230
241
237
242
238
246
200
237
248
220
239
241
268
225
225
251
247
222
233
217
217
254
233
206
224
219
224
209
240
235
263
201
238
209
216
232
212
235
200
223
228
210
245
217
219
218
211
215
211
241
239
262
244
195
208
203
222
225
232
216
255
205
212
226
239
189
207
208
212
242
200
216
244
199
226
225
204
217
206
199
203
200
195
215
204
205
229
222
243
216
206
247
218
227
213
234
200
211
224
205
229
235
200
194
218
204
225
219
198
228
210
197
199
219
221
219
225
221
214
205
209
211
230
215
194
204
227
225
200
203
217
194
189
219
180
203
202
189
232
196
210
218
231
199
213
212
216
203
202
205
189
183
201
211
226
222
186
197
202
225
224
225
211
195
221
224
209
235
167
200
195
208
218
214
216
214
216
223
218
215
217
171
220
207
218
228
204
201
205
209
209
205
204
219
193
211
216
171
217
206
208
226
196
171
203
204
219
186
203
226
231
195
210
203
230
233
172
201
214
205
220
210
207
211
190
208
205
210
216
185
220
198
191
223
220
203
210
213
199
214
226
233
231
208
220
195
217
191
210
210
196
213
198
208
202
221
194
230
192
249
237
230
227
204
217
223
190
214
226
244
223
215
220
231
235
223
229
237
256
242
228
206
243
231
225
237
206
255
255
208
235
255
253
239
226
257
241
249
250
234
238
238
218
230
212
237
237
231
224
224
245
247
244
205
227
217
237
249
243
247
206
234
223
206
222
215
218
218
205
220
214
225
193
219
196
201
209
204
186
170
225
219
199
203
213
213
185
171
188
200
197
182
215
192
206
193
172
205
218
201
210
195
208
217
179
195
186
187
199
175
217
188
199
179
187
207
177
203
174
180
170
198
194
203
177
186
196
184
171
182
187
193
171
178
179
166
194
193
181
171
179
172
190
211
180
192
176
189
186
218
218
241
230
220
221
211
180
174
200
187
193
175
207
172
191
181
185
194
190
213
195
185
173
187
164
203
177
162
183
159
156
153
195
207
161
184
183
168
164
152
179
169
200
193
207
151
170
185
170
182
173
177
184
162
199
145
174
193
168
166
182
162
167
175
153
172
172
167
154
186
172
148
136
156
164
155
174
170
171
171
143
161
156
183
160
180
163
150
149
172
165
158
167
164
166
174
164
187
167
166
174
148
156
160
168
154
162
149
147
152
173
166
142
155
166
158
165
156
166
182
190
191
175
149
171
169
148
177
127
172
155
146
156
157
201
175
170
151
171
150
157
158
158
149
164
157
141
172
148
172
177
167
150
175
183
159
154
151
169
175
182
175
156
176
168
160
153
140
156
170
164
154
148
177
173
137
162
135
146
177
175
170
158
156
153
134
148
126
153
132
147
164
160
146
155
154
130
160
148
160
161
165
148
142
152
162
133
153
142
127
155
150
144
133
151
147
147
166
149
135
167
149
165
119
137
151
159
182
134
126
137
142
153
144
161
133
127
169
150
136
130
131
163
143
152
164
149
179
159
136
135
136
139
143
145
161
160
165
150
150
148
149
139
137
157
155
158
145
124
136
134
146
134
143
143
141
154
163
141
153
136
151
164
137
143
137
145
123
125
170
164
167
172
171
155
159
156
151
132
157
147
146
135
142
161
150
141
130
159
170
145
150
129
157
138
140
150
138
134
152
143
140
146
148
150
131
151
139
135
109
150
141
130
130
132
138
131
142
141
146
139
152
128
138
136
147
153
142
152
145
150
120
128
135
140
118
131
135
136
133
132
137
158
145
136
150
147
143
157
136
152
177
149
166
144
136
143
127
135
147
140
145
158
129
125
129
116
124
138
142
133
139
140
129
141
130
142
147
115
141
145
141
125
155
114
130
132
126
157
126
140
115
141
130
146
153
131
153
129
135
131
126
125
144
139
135
122
116
129
129
128
147
136
131
134
153
145
147
122
147
130
134
141
127
118
124
126
116
127
130
146
165
123
118
145
145
166
130
129
122
161
133
136
131
139
127
114
140
142
118
113
128
119
129
136
125
140
162
130
127
147
132
127
137
139
149
149
149
115
133
130
133
141
143
129
142
132
123
132
143
150
115
136
117
124
133
147
142
133
155
140
143
116
125
141
135
126
144
126
125
116
137
143
124
123
117
116
122
128
122
122
113
128
153
127
129
157
146
139
136
126
114
138
135
142
116
115
91
123
145
138
133
117
123
136
145
126
129
122
130
119
123
119
151
118
145
116
131
116
117
122
113
115
133
127
123
120
142
153
148
146
153
133
147
143
125
104
124
115
126
130
107
132
123
130
107
109
129
123
140
126
113
116
117
113
141
115
109
123
124
128
119
139
119
121
133
114
114
122
139
131
120
127
133
121
130
123
144
122
131
127
112
116
120
136
139
141
97
102
127
128
109
117
114
120
108
122
126
121
108
127
104
121
114
121
128
107
115
112
104
139
114
121
138
143
128
108
98
116
106
109
106
148
125
124
109
130
112
134
129
121
120
108
110
113
111
119
105
122
119
115
106
111
155
119
122
135
116
130
122
101
127
105
118
129
126
116
124
118
119
116
129
87
91
129
97
127
134
133
109
106
121
122
121
115
122
103
108
121
99
119
101
132
98
113
111
109
103
118
121
92
106
92
113
120
139
120
110
103
110
113
123
112
112
94
124
103
129
108
123
101
117
133
117
131
121
109
117
109
111
119
125
103
101
106
118
121
116
114
107
101
109
99
122
117
98
106
103
137
95
108
121
117
119
107
103
98
105
130
105
123
89
114
122
102
118
106
108
104
121
126
104
109
107
134
112
99
103
125
109
107
100
108
113
109
96
138
113
122
117
107
102
129
103
125
110
120
124
102
132
101
112
110
128
104
97
100
102
105
91
104
103
116
101
124
110
97
119
95
104
107
120
115
112
83
115
125
97
111
115
105
114
119
119
108
105
116
123
110
107
97
121
87
98
119
107
95
97
118
108
104
104
101
115
110
106
114
118
99
87
102
101
109
102
104
97
115
104
91
108
100
103
109
102
97
119
101
93
111
115
102
107
92
119
103
72
117
112
89
112
93
101
112
106
104
122
103
101
100
111
104
102
104
110
103
95
85
135
102
95
113
105
104
87
113
105
110
82
107
114
117
99
115
97
105
113
108
108
122
108
102
125
98
115
90
119
127
83
122
113
104
106
105
123
96
97
96
96
103
107
93
89
95
102
107
113
105
103
108
106
103
117
94
110
110
112
98
113
106
100
101
109
100
89
118
106
103
94
106
100
102
122
98
124
96
102
111
78
88
99
117
92
99
94
114
102
96
98
111
109
97
95
98
93
91
105
111
108
99
86
99
111
116
103
114
105
105
102
100
99
103
89
92
93
104
102
108
107
113
105
94
108
95
89
97
101
101
107
111
110
111
107
89
97
105
104
91
87
106
92
96
110
108
107
99
98
117
121
98
87
114
100
128
89
95
107
105
108
91
97
116
84
76
103
112
103
87
97
92
91
110
106
98
95
102
92
96
88
72
109
113
102
101
95
110
97
73
94
101
83
91
101
96
117
77
88
99
110
98
97
98
89
99
86
102
115
92
90
85
79
112
98
97
98
82
112
104
87
90
88
98
95
87
105
102
101
100
94
104
81
105
102
105
104
93
119
90
91
111
109
101
79
84
111
90
102
97
111
85
88
91
95
104
95
107
107
96
93
95
106
97
97
112
105
99
93
111
91
104
104
106
102
96
88
104
98
83
102
108
95
90
103
107
111
86
88
88
89
90
93
96
81
123
97
99
96
90
103
98
89
97
94
96
100
79
101
90
89
119
93
98
116
95
84
89
103
105
94
76
94
93
99
93
95
99
97
75
87
105
94
96
91
86
100
95
98
116
86
87
98
118
114
93
93
84
93
95
99
98
97
108
95
81
88
97
89
96
95
97
87
83
95
101
111
83
107
89
102
100
75
92
85
101
93
89
95
101
100
106
103
86
100
99
100
111
104
110
99
98
97
84
103
91
101
106
95
106
88
120
95
118
101
99
90
101
90
95
97
105
101
79
93
92
90
99
111
91
98
97
102
95
91
99
90
108
97
93
82
103
99
103
109
91
116
113
93
128
136
131
130
123
138
108
162
112
127
124
117
118
118
95
98
109
92
109
104
98
97
97
90
104
87
95
100
89
107
101
98
101
116
78
82
104
90
89
92
91
96
85
106
108
94
89
98
105
92
94
94
97
107
73
95
93
87
94
91
100
99
84
87
84
90
83
90
87
109
88
80
87
87
74
100
84
101
104
89
117
83
98
105
84
94
98
99
109
103
103
103
104
100
102
99
96
87
86
86
77
102
98
87
83
78
81
78
97
88
84
97
86
78
92
86
81
90
103
113
105
85
90
84
99
110
86
101
82
93
90
95
95
86
100
119
85
89
74
78
92
85
95
95
105
94
87
78
102
81
73
89
92
94
90
99
92
75
93
90
98
86
87
95
90
88
98
75
93
103
84
93
94
93
88
71
88
96
102
91
98
112
93
93
108
81
96
78
96
85
94
93
83
97
92
79
81
90
82
81
88
96
81
95
110
89
84
80
87
94
98
75
93
110
92
92
111
115
88
104
93
84
89
102
91
85
97
101
110
94
73
86
75
91
93
89
93
92
82
83
106
86
99
93
89
89
110
85
95
109
85
90
106
98
76
95
70
85
74
93
93
99
101
76
94
93
96
84
82
96
86
76
97
71
94
120
93
102
70
94
78
79
98
93
68
85
95
104
99
93
73
80
95
88
86
92
92
89
83
92
101
78
85
90
89
101
98
78
97
95
93
89
94
86
111
86
103
90
90
90
85
97
78
92
93
81
100
91
94
84
90
119
83
99
73
88
95
69
87
91
80
94
93
78
96
80
90
85
84
88
100
83
95
108
87
98
83
111
76
88
77
89
89
74
93
78
82
84
101
82
90
95
121
111
110
111
76
94
105
100
86
90
103
71
100
83
86
100
78
98
95
92
93
83
86
82
94
93
88
72
86
93
94
105
84
86
78
81
87
90
88
82
89
73
94
79
88
100
74
91
90
96
85
89
99
96
80
87
80
100
81
87
99
90
85
72
76
77
104
69
80
81
83
97
103
101
86
81
79
87
98
72
80
106
92
88
94
65
107
72
103
105
94
112
101
79
80
86
79
88
99
92
73
77
93
76
81
80
81
87
101
72
86
95
115
109
106
89
84
89
75
96
85
74
95
88
92
97
95
92
89
82
87
100
82
85
119
108
108
117
111
94
108
102
94
112
91
92
105
88
85
100
110
98
88
96
79
78
74
86
63
90
73
97
86
64
91
84
98
85
85
88
95
98
102
81
97
93
92
89
95
94
97
94
78
94
81
75
77
83
75
82
80
85
88
89
87
98
89
90
74
86
77
82
83
96
90
97
85
88
88
90
84
84
101
90
94
99
77
97
86
78
93
90
93
98
90
96
79
90
90
93
78
91
94
83
92
90
89
85
85
97
84
89
89
86
87
91
82
66
89
97
84
88
100
100
94
86
67
82
108
98
69
72
98
89
94
79
75
93
95
80
80
66
87
101
106
94
105
77
88
76
101
89
78
79
94
92
73
76
84
99
103
81
87
95
81
92
86
87
105
77
92
83
78
90
70
90
85
78
86
87
85
86
92
84
87
90
85
92
89
76
92
75
92
76
80
88
93
93
78
95
67
88
88
88
68
99
87
85
88
102
73
101
79
102
82
95
97
102
83
98
85
73
85
82
74
87
100
83
112
111
87
84
96
80
88
88
75
87
81
92
89
73
85
83
97
86
106
89
89
106
97
81
86
94
96
94
86
82
95
89
87
104
102
97
92
91
96
93
107
84
92
93
82
90
71
81
103
92
82
84
82
81
91
84
78
94
82
63
92
92
80
85
107
82
72
85
95
85
99
76
96
91
92
96
86
96
80
79
87
97
83
86
108
89
81
89
83
82
80
96
118
99
76
70
97
69
92
104
83
82
70
73
93
89
79
67
95
94
89
83
82
100
93
86
108
78
97
95
93
85
88
87
72
87
89
84
87
78
85
88
85
102
89
80
93
92
89
80
99
96
98
81
85
91
82
99
92
79
105
81
79
74
100
87
83
97
91
92
103
82
74
104
85
104
92
76
89
80
96
85
77
81
91
95
99
81
67
72
79
87
77
91
76
102
96
88
90
86
97
109
74
107
85
91
90
81
92
83
69
87
95
101
83
89
92
98
70
86
69
90
83
70
74
91
85
92
99
69
89
85
78
81
97
95
90
85
99
94
76
96
102
88
83
87
99
102
84
82
86
83
93
98
80
75
82
91
93
89
74
78
82
82
95
80
93
90
85
84
100
82
81
86
81
90
78
88
77
87
88
80
86
84
75
92
74
85
79
87
91
80
85
101
101
101
91
92
101
91
87
94
97
92
78
86
88
89
80
92
75
84
91
101
65
74
103
70
82
75
82
93
87
85
88
70
89
91
79
100
91
81
96
93
115
88
92
84
91
90
98
99
98
88
91
88
82
85
76
90
90
82
81
91
101
84
88
82
103
69
79
89
81
94
93
92
113
94
90
102
82
88
76
92
95
83
86
99
72
86
77
102
81
85
77
98
104
93
92
100
104
104
81
97
87
87
90
79
80
87
73
87
79
91
85
74
68
86
99
97
88
91
85
83
93
92
106
78
84
91
79
85
93
88
95
116
81
79
78
81
93
98
96
79
101
86
72
89
108
94
77
91
103
100
101
76
94
108
89
90
103
99
84
91
91
96
86
94
101
82
96
75
92
108
97
92
92
113
86
83
78
118
80
106
101
105
96
98
90
100
105
84
82
106
77
92
83
91
83
92
85
82
107
102
86
93
90
75
90
83
87
99
71
85
105
87
92
118
97
77
90
91
118
81
101
70
101
101
86
89
115
105
74
85
113
111
78
78
96
82
93
102
86
96
85
91
88
91
87
76
88
86
82
75
81
94
89
92
110
105
113
91
86
75
105
89
97
89
99
96
76
90
109
110
79
114
96
78
91
98
105
72
95
86
85
96
95
80
89
115
85
111
94
92
91
89
94
84
85
93
102
98
98
94
80
95
106
84
102
96
97
91
83
104
90
87
94
90
80
89
87
83
78
87
84
94
87
107
102
101
89
110
99
86
85
112
83
94
92
88
105
111
120
92
95
91
95
117
86
94
91
85
88
88
82
88
84
102
100
99
71
91
98
80
98
81
79
84
103
83
83
87
90
89
94
83
87
94
96
99
71
96
101
79
98
94
111
124
91
94
90
96
97
107
91
91
97
87
101
86
87
101
87
95
100
101
88
92
94
88
83
101
110
98
85
80
109
88
82
86
103
98
111
104
94
99
103
90
100
102
104
101
102
77
90
121
95
90
96
114
103
106
97
110
101
97
109
94
114
101
103
78
88
106
84
99
93
99
98
82
85
108
94
81
81
83
84
82
108
94
93
89
87
95
96
107
90
90
94
97
96
109
103
81
94
91
119
99
77
104
104
91
112
81
108
104
101
90
98
105
98
100
94
110
95
99
93
90
93
98
94
117
114
107
97
106
101
100
105
101
103
96
109
86
102
98
103
78
93
101
89
120
101
91
103
90
100
105
99
92
107
95
103
109
90
105
119
103
120
84
104
121
91
93
102
92
107
99
102
104
111
106
94
107
100
100
104
96
88
105
110
104
96
96
96
104
95
87
106
124
116
107
104
104
99
103
93
96
100
89
98
95
81
92
87
101
96
99
100
89
116
105
112
94
101
87
113
111
106
102
107
95
84
122
97
115
103
110
96
102
101
120
84
92
91
90
118
93
92
105
116
103
106
97
95
102
95
104
92
106
109
121
84
108
101
112
116
92
115
79
100
104
103
104
105
96
87
96
113
88
98
102
100
85
98
95
94
110
92
74
109
113
107
104
93
93
88
95
92
85
117
89
106
89
97
97
106
112
104
106
103
103
101
106
101
88
109
94
100
116
105
103
105
104
100
104
98
99
107
104
102
87
108
108
88
101
122
107
108
106
117
112
102
113
112
105
100
99
96
110
108
94
106
104
94
132
109
94
98
102
100
106
104
108
92
92
102
104
96
108
97
112
113
104
108
91
101
106
122
117
111
95
99
107
132
115
121
102
102
95
102
96
109
124
104
95
97
121
105
98
107
117
104
117
108
118
91
111
101
93
112
103
116
104
97
95
117
93
89
123
95
117
108
118
119
112
108
90
108
125
115
88
98
101
94
115
107
94
104
110
104
117
109
120
100
116
109
93
104
126
105
105
116
89
120
114
116
122
108
107
100
96
100
102
100
100
120
89
117
107
110
109
109
121
110
125
119
123
118
124
90
105
115
124
108
104
105
123
125
117
122
114
100
107
111
120
121
94
117
130
93
134
108
117
116
121
131
122
113
143
115
111
116
103
121
101
108
109
126
122
103
107
104
98
126
108
112
106
105
123
109
110
114
99
120
102
105
129
110
124
122
95
131
130
106
121
106
117
115
121
121
113
109
119
140
108
128
103
125
126
106
104
128
122
106
115
125
118
114
112
117
102
103
125
105
140
129
105
134
123
103
117
126
115
113
99
128
121
116
124
124
128
90
115
128
112
128
121
108
122
130
84
134
109
116
127
116
122
117
115
111
104
125
116
130
119
105
109
123
107
103
105
124
107
117
104
130
120
144
123
110
135
119
117
127
114
84
113
122
141
97
119
121
127
130
120
123
120
125
136
117
131
126
122
153
116
123
129
141
117
112
118
120
143
132
109
121
129
104
111
112
105
124
116
105
113
117
137
129
107
144
119
111
99
138
125
114
124
136
112
143
127
109
138
115
137
131
124
127
124
150
135
130
116
137
124
116
131
112
132
133
118
125
121
120
116
134
122
104
111
119
125
123
119
122
124
107
120
105
141
122
128
108
128
116
118
120
128
138
117
113
134
137
133
141
128
129
145
114
132
106
122
135
107
125
119
129
140
117
131
129
112
143
133
143
131
140
125
134
134
121
125
151
131
133
124
124
128
109
119
131
117
134
133
138
122
139
115
127
112
145
134
128
128
139
134
125
129
131
136
121
134
132
132
123
112
120
129
164
141
150
142
135
134
108
135
123
134
105
134
138
131
109
143
102
155
149
112
132
122
127
158
139
131
127
134
137
131
118
127
129
121
157
148
125
124
138
148
116
137
130
129
129
138
142
152
146
149
129
150
136
116
122
131
143
134
139
129
127
155
130
117
128
138
120
134
118
135
162
123
105
141
120
135
142
143
140
138
120
145
135
121
134
110
137
120
125
130
122
103
108
116
124
131
107
134
120
142
121
113
130
119
112
129
121
126
122
121
131
109
108
121
123
113
112
117
137
105
112
124
98
124
93
135
97
113
130
102
98
111
109
110
103
110
120
114
102
102
110
110
118
110
108
102
102
111
73
103
82
122
100
100
93
98
109
103
93
107
88
94
113
94
101
111
99
102
103
106
85
105
118
107
125
103
97
89
106
97
101
108
102
120
101
98
105
85
98
98
118
107
88
91
101
86
87
95
101
96
96
107
102
82
97
104
103
88
112
113
100
91
90
101
110
98
96
84
112
101
106
107
82
89
98
89
112
85
107
91
101
90
103
86
93
123
132
112
87
116
92
90
103
93
103
93
98
92
85
110
105
106
84
98
84
86
99
84
99
103
77
100
104
93
90
122
77
72
92
93
98
90
93
99
96
104
95
100
74
87
108
113
84
94
93
102
102
106
97
88
87
81
100
91
96
107
102
80
84
87
97
101
90
82
83
99
96
105
89
97
92
97
105
97
100
93
85
87
98
93
87
116
102
79
94
104
94
100
85
92
97
92
102
95
96
86
98
85
93
86
93
87
96
84
87
103
83
81
102
96
98
82
81
91
94
92
87
104
100
102
91
83
79
87
84
83
106
96
91
89
84
100
90
100
92
98
82
98
95
75
102
79
90
98
81
75
93
113
106
93
85
85
86
76
84
96
97
92
91
101
87
95
89
95
107
92
97
79
85
94
98
66
109
94
93
99
81
83
102
95
77
102
84
76
86
98
103
101
111
101
69
90
118
87
82
107
87
83
91
95
89
103
88
92
85
90
84
103
82
91
83
80
94
89
70
80
79
96
94
100
92
90
67
83
91
87
87
94
88
100
102
75
95
99
76
123
110
105
89
89
76
98
85
90
72
102
95
102
85
92
97
77
83
83
86
90
100
107
85
89
89
84
96
92
86
94
90
88
78
99
96
85
112
84
89
88
87
102
97
89
71
96
105
93
90
99
87
92
88
99
98
95
75
77
79
78
93
88
77
109
93
87
79
81
101
103
101
94
100
97
93
79
102
94
86
84
84
75
78
100
99
101
78
88
88
86
100
84
97
96
85
70
82
87
96
84
76
83
87
79
92
93
101
97
102
99
97
87
77
82
103
81
80
91
76
90
67
78
69
74
72
90
91
92
82
93
98
99
95
86
96
69
82
95
59
104
79
73
82
81
102
80
82
100
78
80
79
81
67
69
99
81
86
81
90
81
84
89
69
96
79
85
87
82
81
69
100
92
74
88
92
77
88
72
78
92
99
98
90
96
95
98
95
86
80
96
118
87
86
90
79
79
85
87
81
96
107
89
88
76
89
105
100
76
89
101
104
75
90
76
88
73
76
90
73
76
99
91
78
88
76
115
86
97
77
85
84
85
69
91
95
79
86
87
87
84
94
78
77
79
84
81
83
81
71
76
87
77
92
97
84
92
76
94
82
86
70
74
76
80
92
81
62
101
103
76
78
97
91
80
77
91
82
103
76
83
95
69
60
79
87
83
88
65
82
87
103
97
86
92
95
86
101
74
87
86
95
108
93
74
90
93
76
86
86
89
102
80
90
82
91
94
86
77
87
94
77
83
88
91
86
86
85
84
103
70
90
89
81
74
99
97
81
98
94
76
100
78
78
80
71
74
70
94
74
102
109
90
68
89
88
89
88
91
89
110
76
95
102
82
85
93
98
86
89
89
97
74
86
86
81
83
82
89
84
79
78
88
72
94
93
87
96
91
77
86
91
86
86
74
71
101
78
72
90
77
87
89
86
79
83
77
81
80
94
72
94
84
75
68
69
79
77
73
65
72
59
76
74
86
65
67
65
68
95
68
65
53
75
78
74
79
85
71
76
79
57
80
75
74
64
67
65
59
77
62
73
62
61
62
89
49
63
68
51
62
52
66
60
60
69
52
65
62
51
55
46
54
77
49
49
56
60
49
59
56
58
48
55
63
60
60
58
62
54
53
63
53
54
54
67
63
49
51
53
63
65
51
66
50
54
66
53
51
46
35
50
55
48
42
53
53
44
56
43
53
57
51
58
65
47
56
49
59
55
54
46
48
65
45
66
59
48
52
45
53
57
59
59
65
61
40
43
56
57
42
49
48
58
53
48
44
49
51
54
49
42
57
46
49
38
48
52
62
43
41
48
46
58
44
52
55
42
46
36
50
48
50
54
69
57
41
45
52
48
45
40
50
51
64
58
46
51
42
49
53
53
43
45
44
42
50
49
50
62
61
48
57
47
53
52
42
60
34
52
54
51
56
64
51
44
57
53
48
49
43
56
55
50
56
52
59
68
60
54
56
49
61
46
55
58
51
47
58
67
66
53
54
53
51
56
55
66
66
69
61
64
53
58
70
39
48
65
62
64
66
53
52
55
57
78
60
74
67
51
76
92
63
77
74
62
74
83
89
71
79
90
103
100
101
137
153
219
326
485
748
1170
1715
2334
2981
3612
4018
4334
4258
3929
3401
2820
2174
1617
1147
865
593
451
280
205
193
137
119
85
69
49
67
55
43
38
36
41
27
29
44
40
30
42
38
34
38
36
31
34
37
28
25
43
33
32
24
39
31
35
24
34
30
31
37
39
31
28
22
30
33
31
34
29
28
28
38
37
25
31
46
31
34
31
27
28
32
37
24
26
27
28
22
31
26
32
28
26
30
21
32
31
32
32
32
38
34
25
30
25
26
39
23
33
33
25
35
30
20
26
42
19
27
25
30
16
28
30
19
26
23
31
34
26
32
19
16
28
29
23
31
34
33
20
24
31
17
24
37
31
20
33
31
22
26
25
30
23
28
21
28
30
15
24
23
22
22
24
20
27
26
16
19
20
21
26
23
27
15
17
26
26
20
29
27
19
12
19
24
23
24
25
23
19
12
26
10
19
20
22
34
14
24
18
23
23
23
24
18
20
19
26
20
14
20
23
21
21
23
31
23
25
18
23
22
21
20
25
20
23
20
31
27
17
21
19
20
26
14
14
21
28
14
27
20
22
14
20
14
15
28
16
19
17
17
21
17
21
21
18
12
15
13
14
30
17
19
14
16
25
34
8
15
21
16
11
22
18
16
15
26
18
18
16
24
19
18
13
17
17
16
15
14
17
18
15
27
18
25
18
10
21
16
16
17
10
16
22
18
9
15
19
15
16
15
11
19
10
8
17
19
12
11
18
20
17
16
18
15
15
10
12
16
18
18
19
12
15
14
22
18
26
18
15
17
10
17
18
15
23
13
14
23
13
12
9
8
15
19
16
12
12
11
13
12
15
10
11
14
13
10
11
11
15
11
15
9
16
16
19
15
23
13
18
9
10
4
17
13
14
12
16
23
17
12
8
13
13
9
8
15
10
11
9
14
14
12
11
14
18
15
11
12
10
13
10
15
10
16
11
13
9
11
7
11
11
11
10
11
11
11
14
9
14
14
10
10
11
16
15
9
18
10
12
17
7
15
7
10
11
8
14
11
12
4
16
8
12
14
12
8
9
8
12
8
10
12
8
16
10
9
18
12
11
12
14
13
8
6
11
15
12
17
13
10
17
14
15
11
12
10
7
9
10
11
6
21
11
14
15
15
11
14
8
11
9
10
7
14
5
11
17
12
14
12
13
15
8
11
11
11
19
10
18
16
16
21
25
20
34
28
23
16
20
17
11
15
9
15
11
17
17
10
6
17
7
16
5
13
7
5
11
18
6
8
13
12
14
3
10
16
13
10
3
11
10
8
7
14
7
9
8
7
11
12
7
9
11
13
8
13
13
16
7
10
9
7
8
13
12
5
8
8
9
11
12
8
8
7
8
1
9
7
11
6
15
7
9
10
13
18
7
7
11
11
11
15
9
11
12
10
10
9
7
6
5
10
9
9
9
17
4
9
11
11
5
10
9
12
10
7
12
10
16
14
10
11
15
7
14
10
11
7
8
9
7
7
7
8
7
11
8
11
9
13
11
5
7
9
10
11
6
7
10
11
9
7
16
12
8
8
10
7
6
4
8
13
10
14
12
12
5
8
12
8
13
8
4
12
9
10
14
10
7
10
11
7
4
10
10
10
9
13
15
9
13
13
9
12
10
11
9
10
7
9
11
11
6
16
4
13
8
12
13
15
14
12
12
12
13
15
10
9
13
18
17
14
19
15
14
18
19
17
16
22
10
17
14
12
27
15
13
17
16
33
22
17
24
32
19
22
24
21
22
20
24
22
20
20
26
23
29
23
22
34
21
22
23
29
28
28
32
35
41
35
34
29
29
31
31
41
34
47
46
48
46
50
49
40
77
76
99
169
210
342
529
846
1209
1696
2216
2867
3460
3544
3701
3616
3403
2839
2287
1730
1436
1003
686
530
307
278
195
116
98
69
39
38
28
19
17
7
12
6
8
2
7
6
5
4
4
4
3
6
2
5
5
4
4
5
4
1
2
1
2
4
3
3
1
6
0
3
3
3
1
4
3
3
4
4
3
1
2
2
3
6
2
2
2
3
0
2
6
3
3
3
2
1
2
4
2
2
5
3
3
3
4
3
4
3
3
2
4
0
3
2
3
3
0
4
3
2
4
0
3
2
1
0
0
1
3
0
0
3
2
0
2
5
2
3
3
1
3
1
2
5
3
2
2
3
3
5
1
3
2
2
3
4
2
1
2
1
2
1
5
7
2
2
2
4
2
0
4
3
1
2
4
2
1
3
0
2
1
0
1
4
1
1
1
1
3
4
2
2
2
2
3
2
0
6
2
3
2
1
1
0
2
0
1
1
1
4
2
3
3
1
1
1
1
1
2
4
3
1
1
5
2
3
1
1
2
1
2
2
3
2
1
0
1
1
4
1
3
2
5
3
8
6
2
6
1
3
2
2
1
0
4
1
1
1
2
3
4
1
1
0
1
3
1
0
4
1
0
3
0
0
2
3
1
1
2
1
4
1
4
1
2
4
0
0
7
2
3
4
0
3
2
5
1
0
1
0
1
2
1
2
1
1
1
4
1
3
4
2
1
3
2
2
1
1
3
3
3
2
0
2
1
3
2
1
2
3
2
0
2
3
3
2
1
0
1
2
4
0
2
1
3
2
3
1
2
1
3
0
2
3
3
1
1
5
4
0
1
1
4
1
5
0
2
0
2
4
0
2
2
0
1
3
2
1
1
1
0
3
2
1
2
0
0
1
4
4
1
0
3
1
0
3
1
2
4
1
3
4
4
0
2
2
0
1
2
1
6
2
3
0
1
3
1
1
4
0
4
1
1
2
2
2
4
2
4
3
3
1
1
4
1
2
0
4
3
2
3
2
1
1
3
0
4
2
0
4
4
3
2
4
1
3
1
2
1
0
0
3
1
2
1
2
3
2
3
2
2
1
1
1
3
4
3
2
0
1
1
0
2
2
2
3
6
2
3
5
2
2
3
2
3
2
1
2
4
3
3
1
3
2
1
2
1
1
4
1
3
1
2
3
0
4
2
3
4
2
2
1
1
1
0
2
3
1
2
5
1
0
1
1
3
0
3
2
1
2
2
3
0
1
5
1
5
1
2
0
1
2
0
1
2
2
2
2
4
0
0
0
2
0
2
1
1
1
1
1
1
0
0
1
0
2
1
2
3
0
1
3
2
1
0
1
1
2
0
1
1
2
0
0
0
0
3
3
2
2
3
2
3
1
2
2
0
2
1
1
1
4
1
3
1
0
1
1
1
0
0
2
0
2
3
1
1
2
2
4
2
2
2
1
1
1
1
2
1
1
0
2
2
0
3
3
1
3
2
3
2
3
3
5
3
6
0
2
3
6
11
9
10
20
26
33
44
53
60
56
47
60
48
35
39
16
20
17
8
13
5
4
2
0
5
2
5
4
3
0
1
0
0
3
2
5
1
4
1
1
1
1
1
0
0
0
1
2
2
2
0
3
1
1
0
3
0
2
1
3
3
1
0
0
4
2
2
1
2
1
0
2
1
0
2
1
1
0
1
1
1
1
1
0
3
0
0
0
3
2
0
1
1
0
0
5
3
1
1
1
2
1
2
2
0
2
0
0
1
0
1
0
1
1
3
3
0
1
5
0
2
3
0
0
2
3
0
3
5
0
0
2
0
2
0
1
1
1
1
1
1
1
2
0
0
3
4
3
2
2
0
0
0
3
0
1
2
1
2
1
2
0
2
0
0
3
1
1
1
0
1
1
0
1
1
2
0
0
0
6
1
1
2
1
2
1
3
1
1
0
1
5
1
0
1
2
2
0
1
0
6
2
0
1
0
1
2
1
1
0
2
0
2
1
2
0
1
4
1
1
0
1
1
1
3
1
1
2
1
0
0
1
3
1
1
1
1
1
1
2
0
1
1
1
2
0
2
0
1
0
2
0
2
4
1
2
5
4
1
1
0
2
0
2
5
1
2
2
1
1
4
2
1
0
1
1
2
2
2
1
0
1
1
1
1
0
1
1
0
2
2
1
0
3
1
1
1
3
1
0
3
0
0
0
1
0
1
1
1
2
2
1
1
0
1
4
2
3
0
1
4
0
1
2
2
4
1
1
0
0
3
2
0
3
0
2
1
3
4
4
0
3
1
2
1
0
2
2
5
1
2
2
1
1
0
3
1
1
0
1
2
1
1
0
0
1
3
0
2
0
0
0
0
0
0
1
0
1
0
1
0
1
3
1
2
1
0
1
1
0
1
1
0
0
3
3
1
0
2
0
1
1
1
1
1
0
0
3
1
1
1
1
2
4
2
0
0
2
3
2
0
1
1
2
0
0
2
3
1
2
2
2
0
2
2
0
0
1
1
0
0
1
1
1
1
2
2
2
2
2
1
0
2
3
0
2
1
1
3
0
1
0
1
1
2
1
2
0
0
0
0
0
0
3
2
1
0
3
2
2
1
0
2
1
0
3
1
0
0
0
1
1
1
0
0
2
1
4
2
2
0
1
0
1
0
1
2
1
2
1
1
0
1
1
0
1
0
2
0
0
1
2
0
0
1
2
2
1
0
2
1
1
1
0
2
0
1
3
0
1
1
0
1
0
0
4
0
1
1
0
2
1
0
3
1
2
0
1
1
2
3
0
3
1
1
1
0
1
0
0
1
3
0
0
2
0
1
4
1
0
0
2
1
2
3
1
0
2
0
0
1
1
2
2
1
0
1
0
1
1
1
0
1
1
0
1
0
0
0
0
1
0
0
2
1
0
2
1
0
1
0
0
0
2
0
3
1
0
0
1
3
3
3
1
4
1
2
0
1
1
1
0
0
2
1
2
1
4
1
0
0
0
5
2
1
2
3
2
1
3
1
0
2
1
2
1
3
3
0
1
2
1
0
3
2
1
3
2
3
5
0
1
2
2
0
0
1
2
1
2
0
0
1
3
2
2
1
0
1
2
3
1
1
2
2
0
1
1
1
0
3
1
1
3
0
1
3
0
34
31
18
28
16
22
23
24
20
24
24
23
33
24
26
18
28
20
20
19
23
24
22
20
24
21
30
22
25
23
20
24
23
30
25
20
29
31
25
16
26
20
20
31
30
13
30
28
22
21
25
25
20
26
21
22
25
23
20
26
18
23
20
26
20
25
23
25
16
21
23
21
18
22
24
16
23
21
14
26
22
28
19
19
22
25
20
25
12
9
17
18
22
16
22
25
17
23
17
30
18
28
15
18
20
24
25
17
20
20
20
18
20
28
27
25
23
22
25
21
24
17
23
29
23
20
19
13
