0
0
0
0
0
0
0
0
0
0
0
0
0
0
0
0
0
0
0
0
0
0
0
0
0
1
0
0
0
0
0
0
0
0
0
0
0
0
0
0
0
0
1
3
8
23
31
45
55
99
109
137
144
154
168
202
251
265
286
319
320
335
288
303
264
338
328
276
311
289
340
324
302
316
301
321
367
351
397
394
375
391
371
289
329
294
300
280
287
255
274
270
262
298
272
303
263
293
272
282
258
272
271
263
264
304
263
318
283
268
270
289
266
265
258
278
253
262
275
274
291
255
265
251
266
253
258
250
275
233
267
260
239
248
250
262
254
295
233
278
269
273
244
256
267
238
273
246
238
261
262
265
253
261
245
242
256
234
259
252
253
220
263
253
235
262
252
216
250
249
270
284
232
233
230
241
228
229
229
262
238
248
252
253
248
261
277
268
239
206
229
227
262
235
235
230
226
251
247
239
244
222
264
219
218
215
252
242
257
234
261
238
255
241
240
267
256
241
238
231
222
233
243
240
217
237
252
248
220
251
240
210
262
257
248
257
265
255
241
232
246
261
248
230
235
238
232
236
251
285
220
258
255
233
264
239
260
235
239
244
225
264
254
230
230
245
239
233
243
253
247
254
218
270
266
239
261
262
239
259
230
227
219
250
260
268
253
276
236
245
248
246
238
241
254
240
246
248
275
254
255
258
270
210
258
234
266
272
256
269
268
221
274
265
271
263
224
260
268
247
270
261
250
271
247
248
240
233
252
264
263
275
265
280
247
245
269
245
256
273
258
241
243
224
262
243
259
279
250
262
285
267
270
253
285
284
263
268
232
258
287
238
287
248
268
254
284
255
281
266
297
228
269
255
258
257
294
290
265
268
266
264
276
252
268
264
247
249
293
229
282
264
252
266
239
272
267
264
268
253
267
276
262
268
274
266
232
250
261
260
248
235
277
261
260
265
266
268
259
268
245
295
244
245
284
244
250
278
258
250
259
267
281
273
274
248
244
259
278
264
228
261
290
239
234
274
274
258
245
261
299
265
284
258
255
287
255
283
278
254
286
220
251
258
253
248
266
267
259
261
254
258
265
271
273
268
261
237
265
248
264
281
274
269
305
270
270
276
277
258
254
259
263
279
248
289
241
258
260
261
273
249
289
257
273
250
251
246
287
258
252
267
269
271
262
275
253
242
270
256
256
280
237
265
245
257
279
260
258
281
240
249
275
297
262
250
270
255
267
254
260
242
258
271
341
284
247
268
250
269
257
258
255
261
297
252
234
261
235
290
273
290
269
228
262
267
254
247
257
260
276
270
265
257
266
255
251
264
257
274
256
263
251
280
277
227
259
253
257
270
257
259
267
265
273
242
285
239
271
235
241
241
260
242
265
255
241
274
274
258
268
247
270
265
247
256
256
253
233
255
245
260
283
283
239
241
244
259
267
265
228
263
252
251
251
241
244
264
235
250
241
256
229
223
241
251
284
242
239
265
231
244
233
259
247
283
216
238
240
251
249
230
264
254
243
233
246
271
251
248
228
246
238
247
246
257
232
249
247
235
271
256
238
251
241
251
245
268
224
227
246
242
232
236
277
228
234
242
257
273
237
244
231
271
265
264
203
225
255
249
279
231
260
247
235
231
255
244
253
260
243
263
221
252
246
248
237
243
231
244
250
258
231
233
269
230
238
233
214
226
231
263
233
230
205
215
239
245
259
255
215
250
230
246
250
233
238
249
227
255
220
246
222
232
233
241
244
208
231
249
242
261
240
225
239
216
249
234
250
233
228
222
246
213
221
223
206
218
236
237
243
245
246
234
249
210
231
242
232
234
229
232
241
226
219
214
252
246
252
221
221
253
221
214
218
222
224
222
222
221
225
237
209
214
249
231
223
221
236
232
247
239
231
239
252
205
218
224
204
227
218
247
224
222
244
209
235
205
230
228
221
227
200
245
227
210
244
193
238
238
238
227
207
220
259
237
234
239
214
220
248
222
228
247
235
233
235
256
276
236
229
241
235
233
230
241
240
210
234
195
228
217
226
229
199
220
219
231
201
240
244
204
233
220
240
249
227
247
239
217
225
240
238
276
192
224
228
218
209
212
204
248
241
224
236
214
200
247
198
231
224
201
226
212
234
219
247
236
206
200
220
231
236
214
252
230
216
218
190
252
220
235
238
230
224
218
266
237
235
210
226
253
262
222
217
233
257
233
237
221
203
273
246
214
216
250
219
261
208
275
243
242
257
267
228
227
223
253
275
256
227
235
259
255
253
237
249
310
260
264
262
267
262
281
269
278
261
277
246
310
285
304
306
313
282
289
292
293
318
299
322
315
311
321
329
263
295
290
318
325
295
315
318
280
315
316
308
291
306
303
283
303
297
310
289
304
278
309
265
296
265
272
290
292
257
282
247
269
287
280
254
263
265
249
240
282
253
272
219
247
235
256
268
256
235
237
246
269
225
244
222
218
242
245
258
234
252
218
225
242
221
236
210
243
217
263
248
227
216
244
214
228
227
200
231
230
215
218
201
232
209
235
219
230
224
206
239
206
211
219
233
234
188
221
216
243
237
254
220
232
225
237
193
214
223
207
198
226
251
211
226
211
210
231
232
230
215
216
243
258
234
251
252
224
251
242
239
240
227
230
204
202
225
207
203
211
210
213
221
187
213
211
210
197
219
215
206
202
206
195
196
212
202
219
171
204
192
199
227
177
212
227
211
191
200
194
199
215
217
208
197
206
184
226
223
198
195
170
193
196
227
184
218
200
184
194
206
187
200
209
196
175
199
212
179
207
197
186
208
208
212
203
175
224
219
164
192
204
182
204
213
208
190
176
194
190
208
187
184
197
187
188
212
187
195
194
232
173
189
185
207
216
193
195
180
204
194
194
222
177
178
191
166
194
189
206
187
191
192
203
190
187
180
207
182
226
215
207
193
206
185
181
207
214
163
188
196
179
184
192
198
176
197
170
217
202
190
184
193
178
150
185
198
172
190
204
172
189
211
182
157
156
189
197
179
190
176
166
192
202
192
159
220
205
187
171
185
198
181
188
165
195
194
175
202
179
201
184
175
170
194
194
202
188
180
181
188
193
186
173
164
181
196
198
181
181
160
158
177
183
204
215
184
184
179
202
176
177
191
173
159
169
201
181
203
180
167
176
210
176
202
197
195
178
169
200
199
167
214
155
183
190
181
190
198
187
184
210
168
172
181
181
175
205
197
165
185
193
188
179
192
192
155
193
185
175
197
194
170
191
188
200
202
173
158
172
190
167
173
194
175
193
186
168
193
180
179
212
209
185
211
192
175
168
177
176
171
174
171
196
177
199
183
193
198
178
192
183
176
186
180
207
193
171
182
185
203
174
162
202
193
178
163
205
193
172
179
177
191
194
184
198
193
152
169
159
170
177
180
161
201
187
164
151
183
183
194
180
165
191
178
160
162
162
191
173
159
171
190
192
205
205
195
211
198
209
219
192
197
209
193
176
200
195
192
175
186
176
175
171
168
170
177
170
179
183
180
163
169
182
175
168
154
187
187
177
176
178
191
166
180
180
170
194
177
169
173
160
201
150
180
172
144
168
174
170
182
180
177
147
201
196
182
178
167
150
200
170
162
177
179
183
136
189
199
163
191
178
170
193
192
171
147
184
182
150
168
149
199
168
180
164
182
171
179
183
157
164
150
173
171
180
166
169
186
168
182
183
156
164
181
160
161
161
193
157
150
149
148
161
191
190
164
169
164
169
173
153
167
171
174
173
147
163
164
171
168
154
157
171
155
176
174
179
154
157
192
192
177
197
182
170
179
160
162
153
180
169
165
184
183
164
160
148
163
166
163
169
172
151
164
163
137
176
192
174
141
177
166
186
159
174
161
161
171
160
147
161
169
164
170
143
163
161
158
183
170
158
168
182
144
164
181
158
162
153
169
167
182
165
194
186
160
212
176
178
214
184
203
208
181
183
180
173
164
187
159
194
155
163
162
172
160
174
185
170
170
191
179
162
154
183
193
156
171
151
144
185
163
183
158
175
146
147
155
177
195
173
163
139
196
184
165
182
184
145
170
162
157
192
185
187
170
155
166
146
170
145
181
172
149
153
172
162
137
159
157
176
179
150
173
134
177
168
152
162
172
162
162
158
162
165
156
175
147
175
139
179
169
165
164
156
155
166
165
163
165
152
139
155
149
157
145
184
168
155
166
165
145
151
174
186
166
165
164
167
160
173
158
166
161
159
178
173
166
159
145
157
163
151
167
145
172
154
142
154
156
182
158
161
161
143
146
161
163
141
140
158
160
203
162
182
154
161
131
154
167
147
157
157
165
162
179
163
181
146
130
153
155
143
144
142
156
169
134
167
168
180
162
191
156
146
151
151
159
162
170
177
149
143
156
147
151
159
171
170
179
167
184
162
147
148
142
175
163
180
167
146
173
164
177
163
151
158
163
171
152
171
155
155
146
139
129
159
137
135
155
153
174
165
169
146
158
164
171
163
143
143
153
145
157
183
154
161
178
150
151
167
146
151
146
148
160
156
173
156
150
131
152
156
161
142
174
161
160
159
133
153
162
179
173
165
140
153
149
155
175
152
148
149
154
149
147
158
164
135
152
145
163
146
153
166
163
147
155
168
160
166
156
130
163
170
166
158
142
172
140
154
131
151
188
134
151
158
152
152
160
164
135
158
124
138
158
154
160
149
162
154
136
157
150
140
148
165
163
165
148
144
159
149
157
172
152
189
167
140
150
149
151
144
170
168
158
158
161
141
122
143
164
142
154
140
157
144
146
167
161
143
160
141
156
142
145
166
160
166
147
149
186
153
145
135
148
154
164
141
139
175
137
152
167
153
151
149
167
165
152
144
146
145
154
161
153
154
177
145
151
171
163
171
133
141
147
164
134
153
138
149
133
150
121
141
151
152
140
153
145
161
163
154
141
146
151
160
162
143
132
123
157
147
142
173
124
133
137
152
164
158
154
167
152
147
161
144
146
142
147
168
153
152
152
139
149
154
162
138
145
164
169
166
140
160
147
141
137
151
167
141
152
122
157
148
117
136
140
152
142
163
123
164
148
140
146
156
143
156
130
161
167
148
149
140
129
171
159
155
161
178
145
143
142
139
136
162
137
161
156
172
162
154
155
141
154
157
154
149
165
166
161
154
147
151
151
142
173
148
136
153
172
141
145
134
139
127
144
158
134
145
132
136
153
151
150
177
152
156
147
132
145
172
143
124
177
162
172
166
129
167
131
153
163
159
136
102
151
133
160
155
142
136
144
137
149
132
175
150
146
152
160
132
147
145
145
146
132
139
142
166
141
144
147
141
145
139
119
123
160
132
146
142
127
147
149
142
142
155
164
149
131
155
139
144
153
152
143
142
150
159
140
169
154
133
157
136
146
152
143
159
142
147
143
144
149
144
141
139
134
154
134
158
142
148
150
154
167
161
145
149
134
129
155
145
156
164
168
141
133
140
151
157
145
145
138
148
138
156
141
151
140
141
130
141
137
158
143
149
121
139
164
143
128
145
158
144
149
174
141
136
156
151
144
133
172
134
149
155
162
141
154
149
151
138
153
149
158
123
144
125
151
148
153
164
150
128
142
141
149
143
145
146
134
148
160
166
144
150
169
153
128
120
138
142
156
136
140
131
130
135
157
148
110
146
158
123
139
171
133
137
138
134
156
133
146
128
148
149
131
169
137
128
153
126
132
127
154
161
157
138
141
152
125
149
156
152
121
144
142
144
147
164
142
142
164
161
154
144
174
137
137
156
118
149
130
124
141
164
142
138
138
149
155
151
139
129
151
149
148
161
154
148
153
142
185
163
152
183
152
161
194
171
165
151
169
135
162
164
148
147
150
148
148
148
152
147
131
151
157
141
157
143
133
140
141
139
120
142
144
133
155
178
137
154
136
133
171
144
133
127
157
144
157
148
139
136
135
124
144
150
161
141
184
151
133
140
147
161
147
156
140
166
162
173
145
170
123
164
130
151
149
134
162
154
145
144
120
169
159
151
138
128
129
138
150
121
141
145
139
145
152
127
155
147
153
142
142
121
157
152
131
150
144
128
161
147
171
156
161
139
140
138
153
149
148
127
135
167
133
159
155
132
138
127
154
156
160
126
150
165
136
153
166
146
143
148
137
158
143
141
144
132
129
139
157
128
154
150
132
174
133
156
153
142
171
143
151
130
146
137
140
129
139
152
132
162
145
121
149
144
167
131
126
147
141
143
152
141
151
145
150
132
128
129
145
156
133
142
156
157
124
130
158
148
160
119
151
150
163
144
133
133
134
158
155
156
153
154
156
158
145
142
145
142
116
153
133
154
139
136
141
137
147
139
132
140
133
124
133
123
132
140
149
164
165
145
141
152
159
155
165
129
163
145
144
147
127
138
122
141
156
139
132
146
126
140
149
137
137
145
152
148
140
170
161
156
157
124
156
128
146
130
134
157
140
144
154
136
146
160
121
151
132
148
142
155
152
161
140
151
136
147
138
160
150
146
142
126
136
144
166
140
138
143
169
136
144
155
139
135
134
128
169
136
136
157
140
152
147
149
133
157
161
140
137
139
124
141
124
138
153
151
126
142
134
153
134
139
141
130
137
130
142
139
139
112
163
152
140
159
152
129
155
148
145
132
126
124
130
156
145
157
142
145
133
156
161
158
168
157
169
184
173
180
153
170
158
158
159
140
146
156
136
133
152
132
139
133
139
151
139
132
171
119
141
137
147
148
138
142
151
120
154
138
156
158
133
142
150
144
137
133
123
142
135
142
138
146
156
132
133
153
135
136
147
148
151
156
154
154
142
144
128
150
133
142
153
159
150
147
176
156
153
146
167
156
134
147
148
120
139
135
156
149
141
149
124
133
139
147
137
157
151
135
165
141
133
145
152
127
141
161
128
138
119
153
116
131
140
154
152
143
131
136
131
148
133
137
144
150
160
151
129
137
143
136
152
135
157
132
156
153
154
167
142
183
156
167
137
141
164
144
162
124
150
141
134
157
146
138
130
139
130
148
157
143
153
143
153
143
152
154
135
135
135
133
155
120
148
123
126
141
139
157
147
136
148
141
150
146
153
162
161
120
164
138
162
151
136
161
153
153
155
145
124
139
145
140
137
155
143
150
155
146
138
143
146
149
137
123
134
143
155
134
154
141
157
148
129
173
166
134
157
145
159
140
203
143
147
157
153
140
159
156
146
124
166
151
132
150
147
152
161
149
162
160
157
160
142
144
146
136
123
148
146
152
115
158
156
131
129
127
148
134
138
157
146
150
146
142
136
143
150
150
170
125
157
156
150
133
156
134
149
142
166
149
129
144
141
159
167
121
156
142
171
147
119
146
181
158
154
172
154
120
156
141
174
128
130
152
145
150
141
157
135
133
140
160
152
140
115
138
142
131
147
157
148
159
152
158
172
144
174
123
165
146
138
165
125
149
137
151
163
175
154
131
134
153
162
126
146
154
127
159
145
149
147
150
136
131
145
159
152
161
166
148
136
141
172
142
149
132
120
142
170
136
152
155
139
119
143
149
137
140
137
130
167
149
142
164
160
140
134
129
144
126
150
153
147
142
169
146
145
148
165
128
155
160
149
152
134
138
165
156
132
144
145
162
175
148
159
175
154
132
142
135
155
135
141
162
160
140
128
165
143
141
145
141
139
152
137
159
130
136
143
154
162
171
155
130
163
152
163
165
127
157
128
124
140
135
138
158
133
136
128
145
144
142
167
136
154
169
161
130
145
132
152
176
148
148
142
154
137
149
179
190
147
155
137
152
142
131
164
143
148
146
141
137
144
172
143
139
137
138
144
145
122
152
148
140
147
145
167
130
156
153
151
150
141
136
134
137
149
154
135
144
163
180
153
127
146
135
146
141
137
153
136
148
123
141
152
145
150
158
128
166
140
155
166
147
157
166
138
154
157
135
153
160
131
133
169
142
149
131
156
162
159
139
143
154
151
140
170
155
145
146
153
144
145
145
163
167
150
135
164
148
138
149
158
154
160
146
146
163
166
147
162
152
149
166
146
151
149
139
154
150
171
160
137
144
149
137
153
153
176
144
180
149
167
148
146
163
165
153
175
162
162
153
169
159
129
164
171
143
160
140
133
152
170
166
164
153
145
139
140
144
168
147
152
159
163
153
163
148
140
149
144
159
155
151
149
143
164
148
142
178
167
175
174
166
128
193
148
142
151
149
142
134
165
155
136
141
149
176
152
163
158
152
154
144
146
178
138
153
146
160
153
142
163
134
164
132
131
155
137
163
169
148
157
158
149
154
161
166
151
142
154
158
133
160
144
156
158
178
146
181
145
175
163
152
155
164
155
174
171
185
157
169
162
173
153
157
148
168
164
168
156
170
164
173
159
171
155
149
136
175
154
174
146
165
143
182
159
148
174
187
157
137
186
150
135
152
150
147
173
163
144
157
155
172
162
150
139
147
148
154
146
163
173
136
164
167
153
184
157
167
149
163
173
170
155
170
170
179
170
183
158
143
149
144
164
152
159
186
169
170
151
174
185
142
170
150
159
173
159
159
160
160
160
151
163
159
155
149
159
163
147
156
168
168
148
149
189
140
159
157
180
175
158
150
180
143
138
157
148
171
166
192
152
163
164
135
155
153
175
174
158
140
179
173
165
165
152
163
163
168
157
163
160
161
187
173
144
144
165
198
158
166
185
166
184
165
146
142
189
158
161
174
155
151
136
165
191
147
174
180
165
162
164
157
184
142
186
156
162
161
171
165
173
163
179
154
185
162
178
156
158
161
169
155
189
162
148
176
146
170
177
157
168
173
166
169
187
179
152
159
166
139
163
179
194
153
178
167
156
142
187
180
181
151
181
175
142
151
156
155
166
159
163
165
154
183
159
177
155
182
146
169
180
164
173
181
178
170
141
183
164
149
145
153
161
162
167
181
173
151
179
155
161
191
160
166
136
182
182
146
161
151
159
177
188
168
164
160
157
155
199
162
153
189
185
186
173
156
164
155
160
182
165
161
160
193
168
172
156
141
181
166
151
168
164
162
179
163
177
178
149
177
178
151
170
155
172
170
165
162
157
178
194
179
181
152
160
173
160
159
154
177
164
177
173
185
182
160
187
177
174
184
137
174
179
183
185
177
176
166
190
148
190
173
195
186
194
189
184
174
181
159
183
183
163
178
172
166
169
174
175
180
182
178
175
188
177
182
170
172
186
165
141
166
178
147
168
166
205
180
180
170
163
180
180
190
167
177
174
162
157
188
147
164
202
192
181
163
182
169
159
163
178
201
182
177
197
191
170
176
171
172
178
185
173
182
170
176
176
187
175
162
190
170
177
170
179
211
200
162
190
187
183
172
161
180
153
169
182
165
192
186
164
176
185
178
192
174
186
196
175
164
195
168
188
157
148
188
176
162
189
187
183
182
207
158
174
200
165
170
186
172
174
215
191
190
164
182
201
192
188
189
205
187
187
165
197
188
210
219
184
178
191
197
194
202
191
207
198
193
180
178
188
149
169
215
203
195
191
173
177
208
185
164
192
164
183
170
219
185
191
188
177
151
180
200
188
204
192
179
173
194
208
178
153
191
182
164
200
157
177
167
214
177
177
190
191
182
182
162
173
163
167
193
178
161
174
194
163
172
205
180
172
188
225
178
214
202
194
205
206
175
186
193
176
201
191
216
186
197
166
186
191
165
197
182
195
165
188
196
184
202
199
187
180
208
172
178
190
209
183
214
202
208
195
196
203
204
184
192
184
184
187
164
178
194
163
174
181
177
194
191
197
183
179
181
223
179
192
196
190
183
195
187
190
208
185
228
156
200
199
215
183
190
205
191
184
205
186
175
200
180
223
202
203
194
195
194
192
209
200
192
167
206
201
191
209
197
169
183
186
196
182
203
215
178
203
180
183
201
189
181
205
204
211
184
193
217
197
242
170
192
177
212
204
201
183
188
183
206
211
223
209
210
170
172
205
182
221
161
215
195
200
197
197
176
218
191
205
200
202
190
196
203
223
186
202
189
211
180
195
196
191
215
200
192
199
204
203
174
218
207
222
199
215
213
204
192
181
228
187
199
203
199
170
203
187
184
207
199
211
177
213
195
205
221
218
197
177
213
206
204
197
219
184
232
224
181
217
213
200
208
205
213
215
196
195
204
215
201
209
240
216
207
188
198
201
219
204
230
211
184
210
221
194
224
200
185
205
199
217
205
209
218
193
216
199
204
213
216
235
213
196
245
209
214
219
214
210
231
240
191
216
193
222
220
226
232
230
221
221
193
235
200
209
214
225
224
189
227
211
226
211
216
199
201
193
217
203
200
221
212
212
216
214
215
214
199
183
242
224
213
214
201
223
237
227
210
227
203
237
232
227
232
210
192
214
238
247
255
212
219
223
200
216
226
216
224
210
218
249
205
223
222
226
214
230
229
241
259
216
210
242
226
255
220
223
235
225
219
204
234
215
236
236
247
211
216
225
217
241
185
208
224
226
197
210
203
238
230
238
257
196
223
208
254
229
218
244
248
231
252
219
247
229
222
216
233
235
252
253
233
251
240
251
262
213
237
231
240
235
227
229
221
239
238
247
242
252
213
222
236
226
234
198
236
247
232
230
228
247
235
229
229
229
248
233
240
224
227
227
217
216
227
250
253
242
253
255
224
235
266
223
253
240
249
246
221
271
245
233
240
241
248
263
227
202
261
234
241
243
216
240
241
252
254
259
283
231
214
251
233
257
228
246
277
271
243
254
261
236
247
244
239
271
269
244
229
237
240
270
262
250
242
269
252
241
214
285
255
235
231
228
228
208
229
241
234
241
254
245
244
278
254
234
223
257
243
263
256
236
232
247
247
268
253
283
239
256
257
241
266
227
224
264
250
231
254
263
268
261
244
252
247
261
230
267
231
266
265
249
244
235
261
260
244
213
244
247
263
262
238
259
251
242
260
277
227
257
251
251
269
270
249
245
246
267
231
258
263
243
259
258
267
238
260
239
270
257
250
256
259
263
259
250
245
261
281
225
273
233
264
274
250
265
254
268
228
244
234
270
250
238
247
243
226
256
254
234
258
230
278
253
274
248
254
252
246
247
243
263
234
242
227
235
273
273
248
237
232
233
258
243
234
252
245
246
250
245
222
234
252
267
258
210
246
216
221
235
236
227
256
225
194
247
222
215
207
220
207
188
195
220
201
201
224
207
218
213
243
222
212
214
185
226
217
226
230
212
185
197
229
211
215
189
192
198
180
212
208
201
173
193
184
190
213
194
198
173
198
175
187
191
198
192
179
209
186
201
166
212
199
176
193
209
175
186
176
198
205
196
176
208
185
202
195
181
190
194
181
188
185
167
192
179
205
205
166
182
195
189
225
211
165
166
194
193
203
195
202
199
177
206
177
159
199
187
200
191
173
184
206
208
198
200
196
191
193
209
216
186
188
190
162
195
161
185
168
190
198
195
203
199
190
162
203
182
184
190
201
180
182
211
184
202
178
183
179
189
209
186
187
167
170
186
198
181
177
167
172
187
169
182
180
177
187
179
152
159
165
182
173
182
171
192
183
154
190
189
186
190
186
159
168
186
199
195
184
182
164
178
192
178
180
205
176
175
173
217
169
167
182
179
183
183
174
164
178
206
183
187
181
178
204
186
182
174
164
177
172
176
169
198
183
227
194
184
206
187
167
179
163
169
223
162
187
167
187
184
175
176
162
182
168
178
162
162
171
169
168
193
185
193
196
179
174
173
151
175
186
176
178
178
181
190
150
143
195
145
176
189
174
180
188
190
184
171
173
174
168
159
202
164
167
160
155
184
177
181
184
174
172
177
160
186
168
179
189
189
188
202
152
165
180
171
185
175
194
155
158
172
162
181
176
149
186
193
164
193
161
162
182
201
178
184
185
160
177
163
159
168
162
168
176
180
191
184
176
209
173
201
187
165
177
175
168
174
153
195
171
171
184
186
179
165
175
166
170
143
184
183
179
182
195
147
167
185
167
170
174
169
163
149
173
176
178
151
147
174
168
169
153
178
163
184
182
135
159
137
164
151
163
156
167
165
172
154
179
175
145
152
163
170
164
173
144
159
157
182
153
162
167
166
153
160
167
155
168
161
163
162
169
164
145
156
175
168
172
172
147
160
169
174
186
149
168
184
160
166
174
169
168
172
165
157
162
172
165
161
171
172
165
149
154
143
174
143
167
140
166
170
164
149
172
184
165
127
157
161
149
163
157
157
132
185
158
182
146
174
152
170
142
160
149
167
192
180
145
172
152
167
178
161
146
171
159
180
165
152
156
157
160
175
173
136
182
165
190
180
159
168
162
174
168
174
161
156
163
154
175
158
133
159
163
140
161
152
165
156
169
165
163
162
152
142
175
159
171
168
159
158
146
153
157
160
168
165
157
154
149
171
171
175
163
142
160
170
153
166
170
172
155
161
172
148
174
158
161
165
170
147
164
144
156
185
149
155
159
169
154
187
157
171
153
135
172
167
176
169
185
179
164
176
159
162
166
164
172
168
175
153
165
149
149
163
157
167
156
148
157
152
173
161
156
151
154
177
149
156
170
166
130
161
138
145
157
157
156
203
156
159
147
162
165
165
181
162
157
154
168
177
167
159
159
148
172
169
142
148
169
150
146
172
161
167
184
153
165
175
165
164
156
165
181
156
169
152
173
168
164
175
170
153
171
182
175
173
156
155
174
176
189
174
161
154
163
175
179
187
174
181
151
173
158
158
157
166
144
158
164
165
173
167
164
189
150
169
177
162
158
170
162
202
165
153
152
170
145
165
164
171
185
162
167
155
147
157
168
169
158
160
151
162
162
164
144
169
165
158
174
165
184
147
165
151
159
157
147
188
157
142
177
152
155
157
163
147
174
148
176
181
168
161
164
133
169
144
168
168
146
184
139
150
139
151
163
130
140
154
153
160
171
144
141
163
151
163
142
152
125
135
134
148
126
137
158
138
151
129
125
139
153
121
137
122
118
125
136
130
123
143
127
124
111
102
144
134
136
116
127
103
125
93
106
91
118
123
128
113
111
106
107
106
118
116
105
121
114
126
104
89
110
117
109
101
100
125
113
100
117
127
102
106
110
113
105
113
106
94
104
113
100
101
114
117
92
105
93
96
99
103
106
96
111
107
111
104
111
95
91
73
107
87
92
97
93
106
91
100
109
95
98
105
103
98
101
93
83
98
103
94
111
108
104
90
95
86
109
115
76
100
94
96
95
101
102
94
110
95
91
81
94
88
95
74
105
91
106
80
101
92
100
82
88
88
80
91
95
95
86
87
100
101
108
78
74
91
99
97
81
84
90
101
86
89
79
78
91
84
72
84
81
75
89
89
91
84
81
97
78
96
83
97
82
84
91
76
74
109
75
73
87
76
79
90
73
103
95
83
96
77
88
77
90
89
85
75
91
88
73
86
93
103
80
95
91
76
88
100
86
95
81
88
82
85
86
75
80
73
91
78
95
86
68
69
71
78
97
94
89
88
105
73
81
89
100
90
101
92
92
109
109
87
107
136
114
129
138
129
151
153
166
185
172
216
223
253
260
318
339
412
452
535
633
794
942
1103
1284
1546
1774
1934
2154
2425
2554
2857
2848
2997
3202
3282
3385
3316
3321
3324
3385
3252
3195
3194
3229
3164
3156
2994
2805
2729
2493
2353
2051
1774
1525
1302
958
836
588
449
320
263
197
141
111
88
73
72
61
75
50
58
69
46
53
62
46
56
63
57
64
57
64
64
80
69
55
65
59
61
57
61
69
64
61
50
55
54
61
62
55
62
62
58
57
49
54
61
49
58
53
54
50
62
55
59
52
60
62
52
56
55
60
58
65
48
58
56
52
43
53
56
64
60
51
50
63
49
61
63
56
60
46
38
63
50
49
45
54
38
53
59
48
51
52
57
43
40
52
47
71
41
51
49
45
48
45
42
37
43
54
46
35
46
39
52
43
42
45
44
51
59
52
46
54
40
45
51
43
41
42
52
47
36
35
42
48
52
41
42
34
36
36
46
45
32
49
39
51
42
36
38
46
45
47
41
35
36
35
43
37
34
35
43
45
49
34
42
37
40
34
43
35
43
37
41
45
35
32
47
32
34
36
31
39
41
33
33
31
40
31
26
34
33
46
37
21
38
29
33
32
32
34
42
29
29
20
27
24
38
22
32
32
39
31
22
29
28
36
29
30
33
45
38
28
24
30
36
29
29
30
32
26
28
33
34
33
23
32
24
26
30
30
24
28
31
30
22
27
27
27
29
33
24
33
16
26
26
22
26
25
26
23
36
26
25
25
32
21
27
18
28
21
29
23
19
28
25
21
24
25
34
21
22
27
24
23
25
18
20
24
19
23
32
18
24
34
30
23
25
16
23
25
21
16
16
20
16
22
26
15
28
18
21
17
19
24
23
18
18
19
19
24
23
18
21
24
29
27
31
21
21
26
17
18
23
19
18
24
19
20
22
17
27
19
23
18
20
28
17
24
15
17
22
18
17
19
17
22
21
12
17
15
23
18
11
27
17
24
16
23
16
14
19
16
20
13
12
16
19
20
26
19
23
26
12
15
17
18
14
20
17
15
12
18
19
22
11
13
16
21
9
9
17
19
13
21
11
18
17
11
13
21
14
10
23
11
10
20
20
13
16
10
22
14
18
10
16
23
15
12
9
15
14
14
14
13
13
12
18
8
17
18
14
14
22
20
16
19
13
15
21
23
14
14
18
15
15
14
16
13
19
14
10
13
19
19
30
18
15
15
15
18
16
18
15
25
13
17
14
10
8
20
15
12
10
23
17
16
11
13
12
13
11
16
17
11
14
17
15
11
18
14
12
18
13
12
20
9
18
20
13
19
13
17
14
13
18
17
13
14
15
15
11
19
17
11
12
10
14
11
8
19
14
27
9
11
5
17
23
26
20
17
14
16
9
14
15
14
13
13
11
16
11
18
12
16
17
13
11
17
15
14
10
10
12
17
13
13
11
15
16
19
12
11
17
14
9
11
5
15
17
14
20
17
13
7
16
5
15
16
16
13
12
17
12
16
13
13
24
14
14
10
11
19
13
15
8
13
19
14
11
13
7
14
11
14
11
12
12
14
16
6
15
10
13
14
7
19
10
16
13
15
11
13
4
11
12
12
9
10
14
18
14
15
13
9
13
11
15
12
10
14
12
7
11
13
17
14
18
18
16
14
7
13
15
13
17
12
10
10
16
14
12
8
17
8
9
10
19
13
14
12
12
16
17
6
18
15
10
13
13
13
16
11
11
13
15
14
12
9
14
12
14
6
11
10
16
13
16
13
12
16
17
12
15
16
14
8
19
13
9
14
6
8
10
9
19
5
15
21
17
12
19
16
15
14
16
18
11
17
8
18
11
23
18
18
23
21
17
20
30
18
20
32
33
32
35
39
43
32
56
49
61
65
60
70
70
81
85
102
130
114
156
159
185
239
243
305
379
432
538
596
768
918
1083
1212
1380
1529
1715
1878
2092
2136
2306
2444
2459
2491
2556
2547
2518
2605
2627
2595
2607
2683
2652
2620
2493
2572
2488
2442
2306
2309
2216
2007
1847
1705
1398
1266
986
831
702
490
349
245
179
122
107
46
36
24
25
12
6
9
8
7
6
5
8
4
5
4
2
5
4
1
2
1
2
5
5
7
3
2
3
5
6
3
2
1
1
0
3
5
3
1
4
3
1
3
3
4
0
0
2
3
5
4
3
6
0
2
6
3
4
2
2
6
1
6
2
2
2
2
1
1
3
2
3
3
3
1
0
0
0
2
5
2
1
3
2
3
1
1
0
2
3
3
2
3
3
3
2
1
6
1
1
1
2
5
3
0
0
5
0
2
2
1
2
1
2
4
3
1
1
2
5
4
5
1
4
4
2
3
3
1
1
3
4
0
2
2
2
5
2
4
5
2
5
4
3
4
1
1
1
2
1
1
1
4
4
0
3
2
3
3
1
3
3
3
2
2
2
2
5
1
1
3
3
3
3
2
3
0
4
0
5
4
4
2
1
3
4
2
2
1
4
7
5
4
2
2
2
4
6
3
0
4
4
0
4
3
3
2
3
1
5
3
2
2
1
2
6
0
2
4
5
3
2
0
0
4
0
1
4
1
1
1
2
1
0
3
2
3
3
1
2
0
4
2
0
1
0
0
3
0
2
3
2
4
1
1
2
3
0
2
1
2
3
1
1
1
2
1
0
0
1
4
3
2
2
1
3
0
0
2
3
2
1
4
4
1
1
2
2
1
0
6
0
1
0
0
0
1
4
1
1
1
4
1
3
0
3
3
2
1
4
3
3
3
6
3
1
2
0
2
1
2
0
0
0
1
3
1
2
1
1
1
3
4
4
2
2
4
0
3
3
4
1
5
4
4
3
3
3
1
3
1
1
2
2
0
2
0
1
3
1
1
0
2
0
3
5
2
0
2
1
0
3
2
2
1
5
2
0
1
2
2
2
3
2
4
1
4
2
1
2
1
2
3
2
0
2
1
1
1
2
3
0
4
2
4
1
0
1
2
2
1
2
0
2
1
1
1
1
1
4
4
0
1
2
3
3
1
3
1
1
1
2
0
2
2
1
2
4
1
2
1
0
2
1
1
3
2
5
0
2
4
3
0
0
2
2
2
4
1
0
4
1
1
1
2
1
0
2
1
1
3
1
2
1
2
2
0
2
4
1
1
3
1
1
1
2
2
0
0
2
2
2
2
2
1
1
2
1
2
1
1
2
1
0
0
1
4
0
0
1
3
3
4
2
1
2
1
6
2
0
1
2
1
3
2
1
1
1
2
1
1
2
1
1
1
2
3
2
3
4
3
3
1
0
2
0
3
2
2
1
2
0
0
1
2
1
2
0
1
3
1
1
1
1
0
2
3
3
1
3
2
1
0
2
1
1
1
0
5
2
0
2
1
1
2
1
0
1
1
0
1
2
1
0
4
2
1
3
3
2
2
0
5
2
3
3
3
6
3
2
4
4
10
3
9
7
9
6
10
8
13
18
24
15
20
13
22
23
25
21
25
25
24
21
17
29
23
19
24
24
31
20
21
22
18
20
26
16
23
22
17
16
14
16
11
6
6
3
7
6
5
4
1
1
0
2
0
2
1
2
2
0
0
2
0
1
3
0
1
3
0
0
1
0
2
2
2
4
1
0
0
2
1
2
1
1
0
3
1
2
1
1
0
3
0
4
1
0
0
2
1
6
2
2
2
2
1
0
1
1
1
0
2
0
1
2
3
2
2
0
2
0
1
0
1
1
2
5
0
2
2
0
3
1
3
1
0
0
0
1
1
1
0
2
2
1
3
2
0
3
3
2
1
2
3
2
2
0
1
0
0
0
1
1
0
1
2
2
2
2
2
0
1
1
3
3
0
1
0
2
1
0
1
1
2
2
1
1
2
4
0
1
2
1
1
0
1
1
4
1
1
3
4
1
2
1
2
0
0
0
2
1
1
1
2
2
1
0
1
2
1
5
2
0
2
1
2
2
1
1
0
2
1
3
2
0
2
3
0
1
3
1
1
0
1
0
1
3
0
0
0
2
1
2
0
2
3
2
1
2
0
0
2
1
2
0
0
0
2
0
1
1
1
1
0
1
0
1
3
1
3
0
4
0
0
2
2
2
1
1
0
2
2
0
2
4
1
2
0
1
1
2
0
1
0
2
0
1
1
1
0
0
0
2
2
1
1
1
1
3
2
0
2
3
2
2
0
1
1
0
0
1
2
2
2
4
1
1
1
0
4
0
0
3
1
1
2
1
5
0
2
1
3
0
0
0
2
0
2
3
3
0
1
1
2
0
2
2
1
2
2
2
0
0
0
0
2
0
1
1
1
0
1
5
1
2
0
0
0
0
0
2
1
1
1
2
1
2
0
0
1
1
3
1
1
1
0
1
3
1
1
2
1
1
1
1
1
1
2
2
0
2
0
1
0
0
0
1
1
2
0
0
5
3
0
1
1
1
1
3
1
4
1
0
2
2
0
1
1
1
0
2
1
1
2
0
1
2
0
2
0
0
1
0
0
2
0
1
2
0
1
0
0
1
3
0
1
0
0
2
2
1
0
3
2
2
0
2
1
1
0
0
0
2
1
3
0
1
0
1
2
3
1
0
3
1
0
1
1
1
0
2
3
1
0
1
0
1
0
3
1
1
0
1
1
0
1
0
1
2
3
0
0
1
2
1
1
1
0
0
0
1
3
1
3
1
2
3
1
2
1
3
0
0
0
0
1
1
2
2
0
2
3
1
2
2
1
2
0
1
2
2
0
0
1
2
1
0
0
2
2
2
3
0
1
1
0
0
2
0
2
1
1
1
1
1
1
1
0
1
2
2
0
0
0
2
1
0
0
24
27
34
33
43
41
27
28
25
31
33
34
32
31
35
28
34
32
29
28
31
25
37
28
31
33
27
31
34
25
26
24
32
31
35
20
29
29
23
18
34
26
17
25
39
26
32
27
26
23
26
28
40
19
31
19
30
33
22
21
30
26
17
29
31
18
30
27
29
27
21
30
27
33
29
24
32
33
27
34
32
22
33
20
26
35
22
24
32
25
19
34
30
25
30
24
29
18
28
29
28
27
28
21
19
34
30
32
25
25
30
23
24
25
37
21
24
29
22
26
23
21
38
25
28
28
22
18
