22
13
19
13
18
16
30
24
18
16
21
24
20
23
22
28
15
20
17
17
22
18
14
28
18
14
8
13
16
19
20
11
9
11
13
15
20
20
18
8
17
17
16
11
12
11
13
16
8
14
17
15
12
16
14
11
18
27
44
122
262
392
485
582
547
566
654
792
918
1078
1174
1202
1133
952
755
658
592
521
504
535
505
467
457
437
451
451
476
421
435
470
443
414
435
459
459
470
410
463
424
446
517
459
464
457
416
438
461
421
478
430
438
432
452
419
460
400
437
420
453
452
467
407
448
446
422
427
458
411
451
445
385
421
406
482
462
451
405
432
439
415
465
427
432
429
448
433
461
466
425
396
452
397
468
422
396
450
427
430
420
443
457
419
450
466
450
449
437
442
450
460
490
447
436
435
464
439
487
473
427
425
463
421
475
449
479
475
445
390
464
413
447
468
490
426
456
466
479
448
491
473
461
485
491
468
469
479
499
472
457
443
455
453
433
459
486
511
496
492
486
469
501
474
477
484
491
444
467
496
491
497
502
507
460
492
498
466
498
499
458
508
535
503
515
530
496
510
481
501
524
515
511
503
526
532
525
534
518
530
492
528
527
514
524
527
526
475
519
585
539
535
556
543
530
494
545
508
566
533
527
547
543
564
565
543
510
572
572
557
548
571
563
573
585
575
569
559
520
609
523
562
577
579
569
608
599
554
552
585
618
594
594
589
589
587
595
605
622
576
542
613
562
605
616
626
599
563
609
612
612
615
599
592
601
603
626
630
599
605
621
601
598
634
615
633
630
636
649
572
621
690
636
663
677
627
622
648
648
627
620
614
646
644
655
630
635
620
620
638
609
668
590
624
642
642
626
612
663
663
647
672
608
648
643
664
676
647
664
640
645
617
618
625
576
633
632
649
655
616
632
662
662
694
621
654
630
628
669
611
639
569
632
644
672
641
642
624
677
648
669
692
686
647
698
605
649
631
678
679
654
685
647
676
656
679
611
678
660
671
670
682
641
669
634
651
644
656
669
650
617
687
670
683
644
665
646
636
690
657
638
674
663
668
627
692
655
614
630
635
683
707
667
689
713
692
632
658
697
703
692
654
713
661
653
643
700
693
701
711
667
755
679
643
633
681
680
676
657
669
699
663
652
694
652
626
698
673
685
669
646
674
728
650
650
648
697
655
663
667
680
687
675
703
677
670
703
694
665
665
662
693
643
673
668
725
693
650
725
660
662
719
680
700
707
682
691
675
642
678
666
709
665
693
705
664
759
665
659
701
687
634
688
683
690
699
707
650
703
678
700
653
705
715
706
716
724
711
694
640
654
674
660
676
666
714
695
665
630
707
742
687
728
681
716
689
726
701
700
690
662
673
695
668
693
690
740
663
670
721
717
676
671
692
714
691
715
659
660
658
705
667
697
685
697
673
680
741
678
705
677
652
680
689
695
718
679
684
662
701
722
639
707
709
684
652
724
677
669
646
713
672
698
673
694
682
708
664
688
728
637
669
710
743
709
682
700
680
719
715
671
670
693
696
685
642
715
705
690
698
661
728
661
676
673
703
684
678
685
687
698
674
646
640
646
668
682
748
684
704
670
679
701
725
692
666
696
684
669
716
689
685
655
670
686
646
693
659
727
724
707
692
719
668
673
699
673
715
682
630
726
664
716
660
684
716
694
670
672
714
666
761
678
719
688
722
691
703
722
740
723
726
691
698
699
659
680
726
716
707
709
705
705
710
704
767
731
717
727
714
731
734
718
771
683
777
695
710
736
720
712
717
722
704
752
724
765
729
799
803
705
766
740
747
775
717
817
787
766
803
740
732
755
821
804
815
768
753
829
805
773
808
753
842
810
755
808
807
762
785
807
835
848
802
782
795
818
828
815
827
848
812
894
795
804
795
839
837
843
862
816
845
834
847
837
837
860
836
854
865
855
800
802
884
833
842
847
886
839
777
833
832
834
827
842
927
810
877
819
862
835
829
823
825
826
853
829
787
827
881
852
817
828
853
817
844
818
849
848
809
809
786
827
822
778
858
856
837
866
807
777
799
865
840
795
841
767
841
841
889
868
839
830
851
815
846
848
823
807
813
786
837
811
835
789
759
799
819
844
787
819
828
765
824
785
777
797
812
779
852
811
795
772
782
782
745
799
764
795
779
804
756
820
756
815
836
803
827
809
770
765
800
727
767
792
828
762
794
795
755
767
777
722
770
761
739
809
778
728
764
734
725
726
790
791
789
729
744
767
780
757
736
767
789
757
720
766
758
725
759
818
734
811
773
766
737
778
785
766
750
770
750
730
753
720
764
746
725
787
756
781
787
707
777
759
756
732
715
703
689
704
701
724
765
776
721
724
774
795
719
730
704
739
729
744
712
769
773
707
717
710
730
724
727
725
769
697
735
697
723
725
717
727
741
731
720
710
703
719
736
699
713
733
701
682
706
687
735
684
722
725
731
711
692
749
742
695
657
675
726
690
687
698
703
706
693
733
688
698
685
684
712
664
695
696
639
711
723
664
681
688
679
660
678
662
646
634
706
683
684
730
693
699
690
690
666
668
674
710
723
700
668
722
687
674
687
641
694
658
749
680
679
616
669
650
706
674
643
664
647
725
673
660
665
678
636
713
625
590
636
659
665
668
654
678
640
686
636
659
637
648
619
661
668
611
673
666
690
638
649
629
616
682
658
633
662
642
627
657
631
673
614
643
648
651
643
642
642
617
641
656
691
635
613
626
663
617
627
588
635
612
667
640
582
588
669
620
663
666
605
648
617
603
656
594
585
621
590
574
524
588
603
591
644
613
630
641
668
602
636
607
637
616
596
631
617
596
615
623
586
628
564
568
613
567
593
596
595
591
612
619
596
649
597
610
594
599
595
623
566
609
563
576
609
596
583
635
591
608
561
573
619
607
594
617
588
564
528
560
589
580
598
569
562
607
608
604
596
604
616
563
598
618
558
547
597
595
571
564
601
545
566
592
553
605
557
560
584
560
574
586
591
585
598
579
600
577
600
591
526
570
568
582
548
608
590
617
559
603
597
590
569
553
581
593
577
612
563
564
522
568
542
601
559
613
528
569
567
613
577
542
593
608
558
544
596
550
603
554
608
545
558
544
564
563
539
579
583
589
579
545
536
553
559
596
579
576
547
558
592
529
585
582
560
568
592
551
573
532
560
573
617
580
540
578
568
543
598
568
547
536
553
590
519
546
587
533
562
547
619
567
582
528
590
572
571
606
569
541
590
601
572
535
570
590
546
587
588
578
586
567
592
562
540
531
597
613
545
574
607
540
550
582
581
543
581
572
585
565
582
562
580
535
579
540
536
564
540
501
541
575
624
566
572
557
583
524
591
583
554
520
545
591
562
629
576
565
534
567
579
585
548
612
607
572
537
564
514
564
553
560
529
579
549
600
527
538
574
526
554
537
531
556
520
522
547
511
540
557
528
521
554
524
525
544
526
538
551
531
521
512
538
552
456
523
542
553
524
560
516
535
524
494
539
494
524
532
515
535
554
476
533
522
525
539
487
501
502
496
498
536
528
488
485
480
469
505
515
459
455
492
449
459
476
497
439
462
427
457
484
477
496
499
459
513
478
457
467
468
488
475
454
443
479
459
485
435
466
461
448
413
445
492
436
443
430
445
449
447
454
436
401
419
436
420
407
390
393
436
420
407
409
445
392
416
451
441
426
421
410
414
396
393
390
406
394
412
344
350
375
384
349
383
392
382
390
362
382
380
347
364
374
380
365
370
378
345
366
371
355
378
391
377
350
363
355
345
394
359
380
394
377
351
393
363
376
375
365
327
353
349
349
337
374
381
346
333
342
345
344
356
338
342
335
335
348
304
328
309
318
302
324
318
330
321
314
316
333
308
292
321
293
322
320
306
307
305
328
346
347
321
296
300
321
304
266
284
304
326
302
312
315
292
296
327
286
349
310
281
292
309
291
311
269
294
269
324
277
282
287
318
289
296
297
275
313
320
283
311
293
314
274
293
260
270
261
282
286
304
277
256
289
284
274
293
281
266
274
283
264
299
243
287
294
269
262
266
305
288
299
269
283
268
291
289
240
290
277
258
260
257
261
252
261
276
234
259
268
290
236
275
288
284
256
237
250
252
234
254
264
248
291
259
277
261
231
275
271
233
281
274
268
261
235
233
268
245
282
266
252
259
283
250
264
244
242
235
245
213
259
260
248
242
279
248
258
258
230
243
238
234
232
259
251
235
265
228
245
224
253
218
221
254
252
237
244
238
219
232
244
241
259
257
245
246
206
263
220
257
238
252
231
234
254
213
245
242
252
235
225
228
189
228
234
229
223
250
244
260
216
240
239
223
215
238
268
228
248
209
246
208
239
246
220
244
260
243
243
247
227
241
215
221
227
230
250
245
229
211
238
262
228
214
234
244
202
236
225
226
234
233
223
244
238
234
218
233
224
229
242
243
226
253
198
207
220
244
211
240
216
225
222
205
223
221
249
234
238
232
225
229
239
228
212
217
220
209
220
230
222
210
205
233
220
219
224
228
213
227
216
221
224
247
209
226
226
227
225
202
191
215
239
210
230
219
233
260
216
199
182
229
230
230
211
210
233
212
253
226
242
204
234
221
220
213
222
217
240
207
248
228
185
223
230
209
196
253
202
208
186
221
225
216
213
220
197
221
183
194
206
219
186
203
206
188
227
222
202
200
222
228
243
214
234
202
225
217
216
222
223
221
222
211
213
228
232
220
243
217
218
222
219
216
213
197
217
184
213
222
209
225
224
220
242
211
214
217
222
248
227
193
232
226
216
203
225
202
199
211
224
228
189
205
211
239
214
223
218
215
222
209
221
231
215
211
205
210
222
205
192
197
229
228
204
215
198
216
211
203
222
210
236
221
239
235
192
219
214
225
209
229
204
203
214
251
209
224
247
203
242
225
240
197
197
242
225
232
214
230
218
211
228
222
205
217
235
210
235
238
215
219
242
219
251
207
243
247
231
256
253
218
270
271
234
230
239
241
234
242
228
283
239
272
272
283
250
282
248
272
284
257
266
281
286
300
286
267
282
297
303
289
290
311
308
298
303
319
294
322
291
314
302
331
342
327
342
355
389
327
347
400
393
378
395
376
375
395
402
377
371
396
434
401
393
451
456
449
404
413
439
493
460
468
443
463
507
504
482
519
521
542
571
523
562
558
556
567
606
544
591
575
626
631
659
655
638
671
666
705
669
702
698
669
776
748
685
726
777
766
808
804
850
862
838
844
856
871
827
876
947
926
920
911
939
992
965
1055
1002
1051
1018
1062
1023
1129
1094
1106
1177
1244
1209
1207
1201
1236
1241
1281
1238
1231
1308
1307
1346
1317
1320
1402
1407
1475
1382
1419
1437
1502
1566
1530
1448
1510
1544
1533
1648
1667
1587
1658
1732
1679
1783
1713
1801
1841
1748
1767
1875
1830
1852
1894
1960
1909
1937
2019
2042
2028
1930
2053
1974
2173
2152
2109
2089
2227
2123
2214
2217
2354
2222
2361
2266
2336
2341
2407
2371
2383
2447
2405
2399
2367
2481
2442
2565
2584
2547
2589
2644
2589
2536
2623
2563
2629
2658
2675
2776
2738
2701
2748
2740
2821
2780
2857
2841
2914
2963
2897
2857
2986
2924
2969
3036
3000
2911
2999
3058
2989
3030
3006
3033
3150
3032
3049
3045
3097
3157
3012
3132
3229
3141
2992
3054
2998
3294
3239
3183
3142
3175
3195
3136
3248
3148
3308
3278
3185
3162
3239
3277
3251
3250
3254
3235
3203
3200
3205
3273
3197
3213
3285
3253
3266
3243
3212
3217
3184
3348
3250
3234
3267
3208
3219
3150
3147
3214
3214
3066
3204
3165
3103
3182
3097
3122
3164
3187
3018
3063
3105
3107
3099
2994
2978
3048
3023
3004
2897
2919
3041
2933
2912
2823
2904
2875
2911
2863
2835
2891
2806
2803
2818
2786
2842
2748
2761
2792
2766
2712
2731
2690
2710
2723
2704
2568
2679
2576
2631
2545
2576
2541
2537
2483
2385
2456
2447
2389
2427
2308
2376
2319
2297
2294
2324
2242
2197
2184
2257
2242
2244
2118
2086
2189
2057
2000
2019
2099
2095
2027
1988
1894
1896
2013
1884
1830
1842
1885
1893
1732
1807
1848
1787
1711
1706
1779
1710
1695
1619
1701
1631
1577
1544
1539
1566
1583
1491
1478
1492
1504
1456
1433
1395
1354
1380
1359
1330
1391
1319
1334
1253
1230
1262
1187
1194
1142
1170
1147
1144
1124
1077
1066
1120
1101
1023
1040
963
1009
1024
943
960
976
936
909
922
872
879
875
822
869
851
800
847
818
833
762
820
739
726
758
826
711
695
725
707
656
680
678
675
638
658
640
592
603
602
601
572
564
567
575
614
523
511
523
493
479
503
480
461
480
467
478
444
463
451
456
431
420
423
404
410
433
413
410
376
384
359
382
384
340
351
364
342
343
331
325
356
312
316
297
317
319
336
294
303
283
280
315
285
271
295
261
262
264
249
263
251
269
257
238
239
244
238
228
238
240
275
222
216
221
231
248
205
223
213
196
227
202
200
209
197
215
194
200
217
212
175
198
185
186
182
164
192
191
177
200
175
177
171
162
203
183
166
138
163
152
165
173
156
165
149
164
146
157
176
152
139
136
155
151
162
157
158
135
138
171
146
138
150
153
145
137
148
159
150
143
132
144
125
115
152
134
137
128
122
129
146
157
132
127
121
147
124
110
121
125
136
122
120
116
119
140
123
132
108
150
102
133
116
125
123
141
131
131
110
107
130
108
113
122
122
122
149
122
126
101
112
114
133
102
115
115
126
106
117
132
109
114
99
97
99
101
113
110
120
102
123
109
111
119
119
110
121
108
126
102
115
106
100
95
106
115
117
96
120
94
103
120
101
120
108
123
113
94
112
98
121
110
106
99
105
95
105
106
101
98
89
102
105
92
113
87
107
93
97
112
114
104
103
110
141
107
107
95
93
93
87
116
117
103
96
94
128
87
102
94
92
101
121
119
110
79
110
92
86
110
94
115
110
98
100
116
132
94
82
111
102
88
115
98
102
91
98
95
98
88
106
92
93
96
96
120
92
107
98
100
91
84
100
113
113
94
91
94
116
98
102
106
107
111
96
92
113
88
108
111
110
102
98
94
95
92
105
107
91
88
93
103
92
94
87
107
98
98
93
109
111
100
101
100
90
108
109
105
105
91
91
85
91
117
101
92
100
77
74
104
84
101
108
103
103
113
87
91
101
80
115
100
94
107
95
111
86
93
102
101
111
76
115
93
77
102
77
107
82
78
105
106
82
121
97
100
96
119
84
99
99
88
94
104
109
92
94
103
85
90
108
98
89
96
110
88
105
69
104
81
105
77
98
101
118
97
98
75
97
93
107
95
100
106
97
98
82
93
120
119
75
83
110
101
92
111
98
99
92
103
102
90
93
96
85
91
122
97
111
115
106
99
94
70
97
91
81
105
94
103
103
94
100
107
92
110
97
88
89
99
87
98
99
116
80
112
108
80
65
101
98
100
77
103
80
93
110
113
88
87
91
97
95
99
95
100
102
111
98
89
113
98
102
98
112
81
100
95
97
97
93
81
101
99
99
106
110
98
92
118
92
99
83
105
95
77
102
91
94
98
116
82
96
92
102
88
103
95
94
110
89
72
99
90
98
109
95
83
90
112
114
95
89
88
116
105
102
107
86
99
111
95
116
106
98
95
86
90
87
86
117
110
99
111
103
100
114
86
103
105
110
100
88
101
92
105
97
104
102
96
100
121
101
109
96
97
94
87
107
96
103
100
115
110
93
99
99
83
79
88
121
98
99
86
113
113
121
99
125
97
94
89
104
108
81
99
112
107
120
109
100
103
108
93
110
92
102
112
99
105
94
115
105
97
103
113
102
95
87
105
86
87
100
89
110
106
96
116
100
77
100
113
110
101
106
106
100
107
88
100
106
106
102
100
111
107
121
110
104
106
105
99
101
100
100
108
101
103
100
79
123
94
112
99
119
122
99
91
95
93
108
102
99
83
86
104
105
110
101
103
120
117
107
73
110
107
89
113
91
104
102
101
104
101
96
98
123
91
102
99
83
87
106
95
86
114
105
124
106
104
97
106
100
85
90
104
88
94
91
109
105
95
78
112
98
94
103
100
94
97
86
95
120
92
82
83
99
101
97
92
86
99
97
94
92
103
98
94
96
90
115
98
132
85
101
112
109
109
111
100
100
88
102
106
87
83
93
97
96
100
90
106
89
86
96
81
98
125
111
98
99
108
87
87
90
107
81
94
104
95
101
85
102
105
90
101
105
89
94
90
108
100
107
90
106
91
109
95
111
105
99
104
100
99
98
101
79
102
99
93
89
90
106
106
94
95
97
97
87
91
96
98
106
121
109
114
102
112
101
104
100
97
89
105
112
98
99
98
98
99
100
102
101
108
103
86
95
111
111
85
114
88
99
98
102
80
98
106
93
92
103
84
89
106
98
91
97
98
91
90
93
99
89
104
103
100
93
94
80
94
93
83
93
91
91
101
98
103
83
95
89
109
105
109
97
104
108
77
117
106
82
75
108
96
95
99
93
116
113
95
92
97
103
104
114
100
119
108
102
94
86
89
95
97
97
112
110
88
103
100
86
105
103
105
106
94
99
110
85
74
108
84
87
88
109
102
95
125
96
87
90
82
82
82
87
110
102
82
103
99
107
99
90
94
86
117
90
89
98
95
87
89
93
113
97
89
88
109
103
109
102
116
97
117
91
103
114
83
94
104
115
86
105
123
102
103
96
84
104
107
102
109
100
80
97
107
92
99
107
116
107
127
96
84
100
109
103
96
97
97
88
83
87
103
113
94
96
92
112
85
115
117
93
121
117
120
97
96
103
105
103
113
89
91
97
92
85
94
92
115
93
99
96
96
96
105
92
107
100
110
81
102
106
108
84
93
99
108
99
82
103
108
87
94
85
100
101
120
112
108
103
106
102
90
98
81
97
92
105
88
94
102
101
85
115
108
101
103
98
85
100
95
78
112
91
76
84
102
120
87
103
97
73
95
101
97
92
89
80
94
99
82
114
99
91
105
93
88
112
101
96
99
81
97
103
118
86
112
85
72
84
105
105
102
93
97
109
92
103
89
91
95
85
79
106
92
91
96
104
100
102
77
121
102
123
100
90
101
88
94
111
85
109
112
108
105
84
107
105
99
108
102
107
95
115
112
103
89
105
100
89
94
111
89
102
113
77
85
91
104
104
101
89
98
100
101
98
106
95
87
76
91
106
99
101
106
80
107
96
96
95
86
97
98
92
105
101
96
92
104
92
104
89
115
97
91
85
113
93
132
97
102
96
108
105
88
92
88
99
102
110
85
103
110
98
110
97
107
96
111
109
97
109
90
91
100
94
104
104
96
107
109
89
84
96
104
102
101
89
101
102
101
86
76
109
128
110
97
106
104
92
94
96
99
95
97
86
92
100
99
94
101
93
101
114
95
88
105
82
106
97
97
126
95
94
92
119
105
98
88
81
110
89
122
100
100
91
100
111
107
113
107
101
108
94
83
103
103
88
91
86
101
86
100
96
88
88
88
97
101
106
113
80
97
92
100
109
93
109
89
97
98
85
101
77
114
100
81
103
90
123
108
93
112
97
120
90
108
118
96
110
103
106
92
98
112
120
82
96
96
105
98
93
113
112
91
124
134
94
91
101
97
86
94
99
95
108
84
109
91
89
110
123
116
97
111
102
102
92
92
89
107
87
121
104
85
116
109
75
97
110
105
100
95
89
111
110
103
109
111
106
103
101
124
87
107
125
100
94
108
85
96
113
92
99
92
104
86
114
107
107
98
95
99
110
95
83
98
114
92
87
117
109
98
101
109
95
96
118
97
99
111
106
120
83
109
96
103
96
98
99
105
102
91
102
119
104
88
97
89
96
103
114
118
118
108
108
83
97
107
113
120
97
103
77
103
93
116
97
90
110
89
100
98
100
116
93
81
105
90
106
118
116
104
93
95
116
99
99
100
96
109
82
92
103
117
113
111
105
103
94
123
115
92
101
83
115
104
100
100
102
78
111
103
111
110
97
113
105
112
105
100
98
112
124
111
83
115
97
87
77
114
109
94
103
107
93
102
108
103
113
104
122
111
113
103
96
115
101
105
92
117
114
119
98
110
118
101
79
103
100
125
104
116
117
126
96
107
107
99
111
102
92
96
100
111
102
129
105
108
100
126
109
97
97
115
104
102
82
104
100
87
106
120
115
96
106
101
110
100
99
108
106
97
100
108
96
96
105
93
116
114
79
104
76
107
95
133
104
106
87
94
93
108
89
110
89
105
110
108
101
103
110
102
106
107
116
107
99
114
133
95
115
106
107
101
105
105
106
109
115
85
89
103
109
113
96
110
87
134
89
99
109
117
111
125
99
97
107
111
101
121
122
111
81
110
103
112
118
108
109
115
123
123
107
104
107
99
116
109
100
112
110
91
109
120
117
108
123
97
90
122
108
112
107
114
120
110
122
123
102
108
99
104
110
99
120
93
119
109
117
135
119
98
129
116
110
132
120
119
109
118
112
110
99
102
109
133
140
117
116
112
104
107
131
118
120
123
133
123
115
115
142
119
108
114
107
103
119
112
118
102
104
95
121
127
92
126
104
104
117
130
102
123
110
110
122
116
110
109
118
106
116
100
113
114
115
121
113
137
116
109
100
110
118
107
122
101
115
116
102
120
107
140
118
124
116
130
108
111
104
102
118
125
98
117
94
108
132
115
113
109
101
113
117
119
95
127
120
104
125
105
106
114
104
121
120
107
127
102
105
141
117
108
106
129
98
113
99
124
123
115
135
117
129
97
92
118
122
127
93
117
133
105
115
97
117
105
97
114
105
129
124
109
114
104
103
112
113
99
114
111
95
107
92
135
116
106
116
118
112
124
122
110
107
107
114
128
127
115
109
110
117
115
101
135
123
115
103
106
111
116
100
113
108
113
124
101
95
127
111
103
119
117
121
130
105
118
109
123
104
122
96
98
107
112
121
99
112
122
125
112
112
110
129
120
101
110
112
145
106
106
124
126
110
107
118
147
125
104
114
113
123
122
122
126
102
133
99
95
123
120
113
122
104
121
115
117
103
112
110
126
101
120
113
105
123
111
103
119
132
118
124
100
108
100
105
106
125
125
109
108
102
128
118
121
91
118
113
92
107
121
120
117
91
104
116
109
124
116
100
123
100
113
100
110
110
123
110
120
110
112
120
122
112
102
113
94
87
104
110
105
101
115
111
99
115
112
118
110
97
104
116
115
96
95
89
115
109
98
84
109
86
106
128
99
119
106
105
114
106
92
98
107
109
122
114
106
98
109
99
106
82
111
112
116
112
106
100
89
107
89
111
100
84
101
108
93
97
83
95
100
97
86
87
109
94
103
99
80
78
95
77
102
92
90
95
99
87
109
94
77
98
94
102
83
97
113
94
87
111
91
95
84
83
101
83
93
97
101
87
86
98
79
88
82
83
86
84
102
87
93
89
101
84
90
82
92
103
86
73
90
93
88
93
77
101
87
83
106
86
89
80
99
89
83
78
93
96
87
88
78
91
62
71
71
94
82
85
78
73
67
77
85
76
63
81
80
82
85
78
71
74
83
80
98
69
87
61
77
62
75
68
76
67
68
69
76
72
82
77
77
85
86
58
80
83
75
68
71
83
64
78
63
79
79
82
75
69
75
65
70
66
78
71
67
77
72
66
79
85
61
87
61
69
77
69
74
65
55
62
54
64
59
54
63
62
71
71
64
77
58
71
76
67
78
62
70
66
67
68
56
59
64
61
76
63
65
70
52
67
70
61
62
71
56
60
59
71
67
62
51
51
62
64
72
72
49
60
50
51
49
72
65
54
64
48
63
62
66
59
56
60
56
55
43
54
52
67
68
45
46
42
56
67
41
60
62
55
81
63
56
60
53
53
54
44
45
58
51
52
51
61
44
48
52
58
42
50
55
51
59
53
56
45
57
51
53
41
55
61
58
49
53
50
49
59
56
49
45
58
54
59
46
41
56
41
53
37
55
48
44
57
50
49
41
47
48
47
53
50
49
50
54
46
41
49
48
43
35
42
43
57
38
50
36
43
54
57
42
37
41
52
39
59
57
45
49
46
52
45
40
46
43
46
35
37
43
55
38
41
39
28
45
44
47
29
36
42
36
42
44
29
43
46
46
50
37
47
40
35
45
47
43
42
48
40
26
37
35
51
43
46
44
39
38
44
40
39
31
35
32
48
42
37
40
55
38
36
40
33
42
27
35
39
26
40
40
39
35
35
38
39
43
56
43
38
44
40
42
32
48
48
27
34
32
34
30
30
39
35
32
42
32
28
32
42
38
40
45
29
33
37
29
41
33
30
27
36
40
34
36
22
36
37
36
40
35
44
35
42
32
36
36
36
39
39
27
32
35
37
28
39
51
40
25
29
43
31
24
27
33
29
28
24
30
35
30
36
31
37
38
31
34
40
33
30
23
26
35
27
44
37
29
36
29
36
23
31
40
34
27
29
26
37
35
44
33
36
31
32
29
24
30
34
27
31
25
43
27
28
34
33
22
37
30
30
34
24
25
41
25
17
27
29
38
37
39
31
23
34
35
29
18
26
30
32
32
33
24
25
32
27
31
24
35
38
29
30
27
41
28
20
30
30
30
28
28
28
29
27
34
29
31
40
31
22
41
29
27
28
19
31
27
23
38
33
28
28
31
25
30
29
32
32
34
24
30
37
28
27
32
35
34
20
30
25
30
35
35
25
26
18
26
27
39
38
36
20
24
26
25
26
41
44
34
40
22
25
31
31
28
30
23
17
26
28
26
26
29
30
30
22
37
32
27
26
27
26
31
31
20
33
38
27
23
30
25
34
27
28
31
30
21
37
37
37
33
41
36
16
38
27
38
32
39
28
26
30
29
36
29
33
29
36
25
33
27
38
31
33
39
30
54
43
36
27
34
37
40
32
33
25
25
43
33
35
43
32
41
32
32
34
42
32
36
43
30
45
44
47
34
21
28
38
33
33
36
38
44
39
40
44
51
50
46
45
35
47
48
48
58
40
54
48
44
52
47
46
35
38
43
50
46
57
37
45
46
50
65
42
54
44
39
52
54
60
49
55
48
51
60
57
71
47
47
45
51
50
51
57
62
64
59
80
52
61
66
61
63
60
71
78
66
76
67
63
69
61
68
76
71
72
78
65
82
88
67
78
71
75
77
83
80
82
72
77
67
94
74
84
90
95
94
80
87
95
104
89
84
87
94
74
103
119
75
102
90
90
114
92
100
110
92
102
100
101
106
104
125
89
113
91
103
122
126
104
125
114
138
110
141
101
135
109
144
124
128
144
141
130
124
134
124
115
134
149
123
143
113
165
125
123
143
149
130
153
162
155
168
155
171
153
172
154
164
176
148
171
156
168
156
173
194
166
149
156
167
171
185
196
191
163
175
196
192
168
198
200
174
185
168
186
193
178
191
185
208
213
209
195
186
202
190
189
202
221
204
201
218
215
193
234
203
244
236
225
245
210
228
212
237
251
228
251
255
227
247
220
220
255
259
249
263
246
275
276
261
273
270
257
262
244
288
297
242
273
260
289
253
261
303
263
283
293
308
286
286
316
279
276
284
300
282
268
297
325
309
287
292
285
311
293
326
270
335
294
311
312
329
303
331
298
315
317
336
300
320
344
335
339
316
342
299
336
342
344
333
311
344
356
348
333
356
342
372
337
352
364
350
356
352
359
360
360
337
353
341
367
365
364
345
340
367
403
366
360
406
394
357
389
355
380
362
349
403
400
397
358
394
392
359
393
373
372
366
367
405
386
375
356
388
422
416
378
401
406
397
410
414
392
349
390
456
414
426
404
370
421
372
407
365
399
383
430
441
367
406
421
404
409
409
426
396
408
400
398
419
408
387
426
389
462
447
443
391
433
428
387
411
431
398
430
387
429
422
422
465
453
398
454
403
416
407
486
389
429
391
428
427
421
427
430
454
427
439
435
439
404
426
445
414
428
456
418
439
407
413
409
408
381
409
436
461
420
458
422
435
406
381
400
412
420
392
456
412
464
418
477
399
415
420
449
381
405
467
396
417
387
425
411
400
453
411
381
436
407
431
427
389
425
405
360
414
381
369
429
429
380
410
381
387
439
397
377
407
378
399
394
404
390
383
377
409
384
392
404
402
415
369
399
398
387
403
343
375
402
368
338
406
364
372
354
384
355
382
358
401
361
380
381
365
387
365
339
362
354
351
340
356
356
406
367
338
363
339
322
334
322
343
356
346
352
309
360
327
324
337
319
329
322
299
353
321
355
316
326
323
312
299
324
293
321
302
387
303
332
316
306
310
288
263
326
309
317
304
278
274
303
288
264
269
283
301
268
283
263
312
265
268
299
258
308
231
280
272
255
274
252
273
276
288
276
254
246
255
248
235
275
269
245
239
274
243
224
237
264
219
212
254
249
256
247
239
226
232
245
254
243
217
229
203
210
232
206
238
202
225
222
192
231
197
219
206
202
212
205
202
200
204
204
184
232
187
190
170
203
180
189
179
177
189
172
168
179
171
166
174
172
163
177
165
177
159
180
187
159
142
176
176
184
146
160
177
154
167
158
151
151
158
144
145
142
152
121
147
140
128
165
144
124
145
153
136
133
142
131
133
136
120
139
145
136
124
134
124
96
122
116
107
116
130
113
132
109
131
121
135
125
111
122
121
119
114
112
116
103
103
109
121
110
93
88
102
103
112
107
112
99
92
107
97
96
107
93
112
99
91
90
97
76
103
81
61
97
97
62
78
87
77
77
89
84
76
83
84
90
75
77
82
76
74
73
71
97
78
76
94
88
93
69
62
79
66
71
70
75
71
63
82
80
61
86
73
65
69
61
73
63
66
52
74
65
72
70
62
49
57
55
84
54
59
58
71
67
58
59
46
62
68
46
59
51
44
41
74
43
61
62
52
51
62
58
56
35
47
78
47
64
51
45
44
53
43
42
51
41
53
39
51
47
50
56
56
48
60
46
47
58
56
48
47
55
43
54
46
48
42
51
60
42
45
51
50
38
50
41
42
39
45
35
38
45
52
46
44
41
42
43
57
39
36
50
51
44
55
37
40
24
45
49
32
48
44
47
35
27
32
38
42
34
33
45
43
35
29
29
37
42
39
39
38
44
22
30
42
35
33
35
35
27
37
29
29
48
42
26
30
28
25
40
45
30
42
37
23
25
32
28
36
34
28
35
24
36
34
33
25
36
25
25
30
35
22
24
31
30
35
33
31
22
34
32
38
27
26
35
26
38
32
31
30
24
32
36
30
35
36
27
34
24
33
30
30
34
24
24
29
27
28
20
31
24
25
28
32
44
34
20
29
18
41
27
29
23
31
33
24
26
23
36
17
28
16
16
23
17
21
27
27
30
32
27
25
27
21
35
32
26
33
20
21
30
22
33
30
26
30
26
19
25
17
24
7
29
32
25
21
21
16
29
21
21
20
32
35
19
22
23
21
30
29
17
20
26
20
26
27
23
29
15
17
22
27
18
18
30
38
38
24
23
24
35
26
24
30
19
16
26
19
22
18
22
20
22
31
18
16
32
30
12
14
24
20
28
25
26
29
21
19
23
23
33
21
28
20
26
24
28
24
26
25
17
27
28
21
31
25
28
17
15
26
19
25
15
25
22
20
25
30
26
23
29
22
24
23
21
21
25
20
22
25
21
30
21
24
31
22
21
21
19
25
29
17
17
24
26
28
27
17
20
23
19
34
29
21
13
23
23
22
20
19
21
23
32
20
11
22
26
23
22
20
12
19
18
14
17
24
18
21
19
24
23
23
18
20
19
26
19
21
32
29
17
17
23
19
23
18
20
15
24
21
20
16
19
21
21
21
29
19
19
21
23
16
16
22
21
27
26
19
29
16
23
21
18
18
19
18
23
20
22
14
20
12
18
29
28
15
22
27
18
16
19
27
26
19
19
20
17
13
28
24
24
9
21
21
28
22
20
18
15
26
14
20
26
19
14
14
23
17
15
24
24
28
25
20
22
22
24
21
22
26
25
11
29
16
27
24
21
20
30
23
20
18
20
22
22
16
30
20
22
17
27
14
16
30
26
21
21
22
19
15
23
18
25
28
19
23
15
24
18
20
17
22
17
20
27
24
21
19
23
18
15
18
22
22
20
15
20
27
16
21
19
18
29
25
14
22
20
19
15
19
14
23
24
18
21
16
19
21
23
15
23
20
32
22
26
14
17
12
14
20
18
16
18
20
25
22
21
18
18
19
18
26
17
17
13
21
14
16
19
27
20
20
20
18
30
16
18
22
11
23
17
22
25
20
17
28
21
11
16
12
23
22
17
18
17
19
25
13
25
27
15
18
18
24
16
13
14
12
10
13
19
9
14
11
8
24
17
18
20
16
18
19
23
17
15
20
13
24
20
16
21
14
15
20
22
25
13
25
12
18
24
22
20
25
23
14
16
16
15
13
13
17
22
13
22
23
19
19
12
15
14
14
14
19
17
19
11
17
18
11
11
19
21
12
18
17
19
17
17
14
21
14
15
21
18
11
25
20
18
13
18
12
15
17
22
17
13
11
14
20
17
12
15
17
12
14
14
19
12
8
16
19
12
12
18
12
15
14
15
15
17
18
16
16
17
14
17
18
7
22
12
23
7
12
12
9
17
20
18
22
18
14
14
17
20
17
13
14
20
12
21
15
14
17
22
21
17
15
18
15
12
14
12
19
6
14
10
11
11
13
12
13
21
20
12
15
11
19
23
12
15
19
21
13
10
21
11
18
18
11
19
11
15
12
12
20
12
15
16
12
18
12
13
8
8
13
18
18
12
10
16
11
12
13
12
13
13
9
15
11
8
12
13
20
8
10
20
13
11
15
14
7
14
14
18
16
13
9
11
14
10
12
8
10
16
19
19
11
7
11
14
17
10
11
12
15
16
12
15
14
8
8
12
10
18
11
14
22
15
13
15
16
5
9
19
10
12
13
19
9
15
11
19
14
16
12
16
13
10
20
9
17
9
15
6
15
15
12
11
21
16
4
13
17
10
12
17
11
6
20
10
15
12
10
13
12
13
9
12
6
14
12
12
9
18
10
13
19
12
12
15
10
13
7
5
12
14
13
6
14
10
13
7
18
10
11
14
13
13
15
13
7
9
8
8
6
12
15
8
10
9
17
13
10
11
7
16
15
10
9
8
18
17
10
16
12
17
16
14
11
11
7
6
16
18
9
12
12
8
8
11
15
11
10
13
13
4
9
14
11
8
14
8
10
6
12
11
11
11
15
17
11
9
11
11
10
13
8
14
12
10
10
9
13
10
11
9
7
15
10
5
11
8
14
9
6
9
9
9
9
9
6
8
14
15
18
10
10
9
8
11
7
8
7
8
7
9
11
15
20
12
12
7
7
8
9
10
8
7
13
7
10
8
12
4
10
10
5
10
8
11
6
12
10
7
16
9
9
12
12
7
8
7
7
14
5
7
12
6
9
14
4
8
5
10
4
7
12
9
8
13
6
7
12
9
11
9
6
5
8
7
8
10
7
5
8
8
7
7
5
6
7
12
7
10
13
7
7
7
10
11
7
9
5
10
9
4
3
11
7
8
8
10
3
8
7
12
8
8
10
10
5
7
6
3
2
11
9
9
7
8
11
6
4
7
8
6
9
8
7
6
4
9
6
2
12
6
9
12
10
13
5
5
4
7
8
6
10
5
5
9
2
13
8
8
8
1
7
5
6
9
7
7
13
6
9
7
5
4
8
8
8
11
8
7
6
6
4
9
5
14
8
7
6
3
8
11
8
4
7
7
9
6
6
5
9
9
7
7
9
5
8
10
4
7
8
12
7
7
5
11
10
8
8
6
9
10
11
6
8
7
4
5
3
6
5
5
9
5
10
7
8
2
3
5
3
8
2
1
4
5
6
3
5
3
10
6
9
6
5
6
4
7
7
9
4
6
5
6
4
7
4
10
6
8
11
5
8
11
8
3
7
7
5
6
6
7
5
7
5
4
4
2
4
4
6
4
6
5
4
8
3
5
7
6
6
9
8
4
6
4
4
3
7
7
2
7
7
6
5
7
8
5
7
4
7
3
7
3
4
8
4
8
7
5
2
5
5
4
10
2
8
3
6
4
5
5
8
4
8
4
4
9
4
3
6
10
7
5
2
5
8
5
7
1
4
3
5
6
7
6
6
5
3
4
4
5
6
12
4
0
5
1
2
6
10
2
5
5
4
6
6
4
8
8
7
3
5
2
8
6
5
4
5
7
2
3
1
6
6
5
4
2
4
4
8
4
3
8
6
5
4
5
1
7
6
1
7
3
5
5
3
7
4
7
5
5
6
3
6
3
3
2
5
2
5
7
5
3
7
8
6
3
5
10
9
3
4
1
4
8
9
7
6
4
5
6
2
1
4
5
13
7
5
5
8
5
5
2
4
5
2
8
7
8
6
5
5
8
6
4
5
3
7
2
8
2
4
3
3
5
10
5
2
6
7
5
5
1
7
4
6
7
7
8
7
5
6
6
8
11
11
9
7
94
107
123
123
133
119
118
135
123
124
126
146
113
120
131
124
88
103
118
118
137
103
107
112
106
109
140
129
106
131
112
119
117
94
104
92
110
117
112
134
115
123
138
108
101
106
107
124
113
124
108
126
126
113
110
117
113
122
115
101
132
119
106
106
128
115
115
126
118
121
100
115
101
114
102
123
106
102
107
110
118
107
114
100
101
114
98
117
102
126
93
102
117
117
117
115
123
142
100
108
118
103
122
116
103
114
101
115
100
112
118
95
108
121
124
119
124
112
116
119
83
117
113
115
127
123
110
70
