2290
1915
1639
1334
1148
955
818
696
658
564
481
429
390
371
303
298
290
269
239
243
229
219
189
208
191
174
182
209
202
156
158
160
170
156
170
175
140
141
162
145
167
139
117
139
143
146
133
150
142
146
145
132
131
121
143
149
110
125
139
102
113
100
109
123
112
108
125
113
120
125
109
110
115
100
111
111
112
122
91
118
104
115
113
115
110
114
111
103
117
86
106
122
104
108
104
112
88
108
115
103
109
91
101
97
94
88
83
90
96
99
88
92
87
100
100
108
97
96
99
102
105
90
103
91
114
89
97
105
99
99
92
76
104
81
107
89
94
96
84
83
93
84
73
85
81
95
86
104
89
90
94
89
86
80
76
95
84
87
75
88
81
81
82
90
85
84
87
88
85
67
80
86
71
62
79
77
61
83
72
68
73
88
68
69
79
85
84
64
74
79
74
90
82
77
67
74
68
68
76
78
63
63
66
63
71
61
79
54
58
67
50
64
75
61
52
63
66
76
64
75
66
54
71
64
54
59
65
60
58
70
60
59
54
63
60
62
66
64
56
53
60
74
61
62
52
61
54
52
52
52
73
43
58
61
46
60
67
61
59
64
56
51
54
65
52
68
56
43
58
48
62
65
64
63
49
51
51
56
54
64
48
49
53
66
59
58
72
59
72
54
63
42
48
66
51
66
64
48
59
64
57
55
45
61
45
53
57
66
45
46
56
52
55
55
43
70
52
44
62
63
45
61
44
44
48
58
53
48
53
58
58
53
56
49
55
53
52
46
60
51
51
59
55
44
59
50
41
39
50
45
44
44
55
40
53
47
57
54
60
55
41
51
46
51
51
58
47
52
43
55
50
53
37
56
43
49
48
45
47
57
56
45
57
50
40
48
47
50
43
54
50
46
42
41
60
42
45
46
54
47
53
58
49
58
50
45
38
51
50
41
34
65
46
35
40
52
58
39
32
44
40
42
50
55
46
41
54
43
39
47
48
40
31
50
36
47
39
49
32
42
45
35
41
36
46
50
41
41
41
55
46
50
48
48
40
43
39
30
44
40
49
38
45
41
26
50
34
51
44
37
40
37
36
48
43
45
32
50
46
32
43
36
50
42
34
40
38
47
52
42
44
46
34
44
41
45
45
40
29
39
50
35
37
31
37
34
36
41
52
47
45
52
40
38
27
37
47
42
43
39
51
40
44
50
26
48
31
36
38
39
36
37
34
31
40
44
30
50
27
38
59
46
34
41
35
27
35
38
44
35
54
39
25
55
27
30
41
47
36
34
41
45
38
30
35
39
39
42
38
36
38
59
26
43
37
33
36
38
29
38
43
35
29
31
46
44
41
37
40
20
37
45
33
34
41
39
35
34
38
44
38
38
36
40
35
40
40
32
33
30
41
37
38
39
35
30
42
43
33
38
45
33
36
28
36
44
39
32
30
36
36
40
29
44
41
47
40
33
35
35
44
39
30
36
40
33
43
24
37
31
36
39
36
36
35
36
23
31
31
32
24
34
38
33
26
33
32
29
37
28
35
34
29
32
26
41
36
33
27
31
39
35
39
42
37
39
33
47
39
29
29
36
32
33
23
32
39
36
30
35
25
25
36
27
48
42
42
39
32
30
35
32
31
33
43
50
33
29
24
29
41
42
28
31
34
31
37
32
37
32
23
31
28
24
24
35
22
37
35
28
37
20
27
39
31
22
28
27
31
35
30
38
35
33
33
34
23
22
23
40
39
36
25
25
32
35
36
31
26
36
25
28
35
28
44
31
45
29
29
32
32
34
33
36
38
36
33
44
28
31
34
31
26
37
25
39
36
29
35
29
23
35
30
44
22
31
33
25
32
40
37
33
29
30
38
29
25
36
33
29
34
36
30
28
28
29
29
35
33
41
26
23
32
25
35
34
35
25
27
32
37
37
26
32
26
20
33
26
41
23
31
26
33
31
26
27
33
22
29
35
27
37
22
41
28
34
24
35
28
25
34
25
39
31
20
18
32
30
34
24
33
49
37
32
41
26
27
27
33
21
36
28
31
36
31
35
21
19
22
28
35
30
29
32
27
25
29
24
33
48
24
28
40
40
36
26
29
26
35
29
27
27
26
21
20
31
28
39
30
37
29
28
26
34
33
27
29
37
22
24
25
29
22
37
25
33
32
26
19
22
29
29
29
41
31
38
8
33
31
24
19
25
35
17
27
28
37
29
32
25
27
22
31
35
31
28
24
27
24
24
23
33
36
32
37
24
27
32
23
34
21
28
22
29
28
24
26
30
25
21
33
31
24
20
28
20
26
28
21
23
25
31
36
30
23
26
34
39
22
23
16
24
28
32
17
34
31
28
22
34
29
22
28
35
30
23
24
25
25
21
30
29
33
43
21
23
36
24
31
26
28
31
24
17
23
22
24
23
26
22
36
31
30
25
31
26
31
22
31
25
31
23
21
21
25
33
27
25
18
34
23
30
22
16
24
23
27
26
22
24
25
21
27
25
23
31
20
25
25
26
28
30
16
23
31
31
25
26
20
29
22
29
22
30
29
37
31
24
25
34
30
20
30
12
24
27
39
27
26
26
27
32
20
16
24
23
20
15
17
29
31
23
25
14
31
25
23
33
25
23
32
27
29
22
21
20
29
35
29
31
29
30
25
32
29
22
26
18
26
14
27
22
25
26
27
19
21
27
28
31
14
22
30
22
26
32
26
28
31
32
23
39
28
24
24
25
16
19
27
26
25
20
22
24
16
31
29
19
26
24
27
24
19
20
19
24
26
25
27
21
27
21
26
25
18
28
25
20
40
21
24
25
16
21
18
26
30
21
29
21
19
22
26
23
25
25
13
25
16
27
27
29
22
19
26
18
23
30
25
28
21
18
19
22
17
23
21
22
22
24
24
24
25
19
28
19
28
26
22
14
31
26
20
22
21
23
21
23
24
15
28
24
25
22
28
24
17
23
16
21
24
25
25
28
21
23
19
25
24
20
27
19
25
17
31
16
25
26
14
33
27
27
21
29
19
19
19
24
22
29
19
20
19
32
26
22
20
21
18
23
22
21
24
23
18
18
15
25
19
27
18
22
14
25
24
24
21
26
26
20
16
11
23
25
17
17
18
26
24
22
26
24
23
26
20
31
12
24
22
25
31
27
18
18
19
25
24
26
26
22
21
30
23
17
25
16
19
23
12
22
18
24
17
20
20
21
30
22
20
15
21
22
18
25
20
12
18
28
15
22
28
23
24
19
14
29
13
17
15
17
24
12
11
21
23
25
20
23
23
24
23
21
24
15
21
18
16
21
17
19
17
19
20
23
10
15
22
26
27
20
14
19
12
20
18
18
14
22
27
21
28
21
27
19
14
22
27
22
23
27
16
24
25
17
10
14
26
19
25
19
20
17
19
23
17
16
15
18
20
16
20
16
20
23
21
12
19
24
14
14
17
19
29
33
14
31
18
24
23
18
17
16
22
23
19
16
33
21
20
24
22
19
20
19
13
18
22
19
15
24
19
22
29
22
15
11
18
18
18
22
22
13
24
27
19
17
20
26
12
33
21
20
11
15
18
18
26
22
22
24
25
17
17
14
25
14
28
18
17
11
15
26
18
25
14
23
13
17
13
11
17
24
20
23
26
14
24
13
17
18
23
21
17
20
32
14
22
13
16
20
32
25
22
21
19
22
19
17
25
18
14
18
20
19
14
21
18
23
21
8
18
17
17
23
19
23
14
20
21
13
18
22
14
13
20
16
23
18
20
12
17
20
27
23
23
20
14
16
23
24
13
32
17
15
18
28
22
21
27
10
21
19
13
20
16
18
17
13
26
25
11
15
17
8
19
22
16
23
11
8
14
20
13
23
12
20
17
17
21
24
15
18
15
13
24
19
18
14
14
19
23
20
12
15
17
19
17
19
24
20
17
16
20
14
23
20
19
22
14
18
19
20
17
20
22
12
17
18
17
26
17
13
21
12
16
20
15
21
16
9
11
17
16
12
21
16
10
22
15
24
16
20
17
15
17
12
17
10
14
20
15
15
15
11
18
14
22
17
18
24
19
15
15
12
13
17
26
17
14
17
19
17
14
10
16
10
18
16
23
29
17
18
20
16
17
11
14
13
14
14
11
14
14
13
16
15
16
25
19
14
14
11
13
21
16
19
14
18
19
12
21
17
8
15
12
18
19
10
11
19
18
16
15
18
13
20
19
16
16
16
13
12
17
14
25
10
20
16
15
24
8
16
17
16
13
14
22
26
14
17
18
19
13
17
17
18
14
16
14
16
20
23
14
14
13
13
12
19
10
18
15
10
13
13
15
12
16
15
18
17
16
16
11
20
19
19
15
16
13
20
14
10
19
16
13
20
12
11
18
16
10
21
17
25
23
19
18
18
12
20
12
23
12
15
14
11
25
17
18
13
19
11
20
9
24
15
21
14
8
15
20
10
26
18
19
12
13
20
6
24
11
17
17
10
16
20
18
15
15
14
16
17
11
19
16
14
10
16
10
14
14
19
14
17
20
14
10
15
19
21
14
19
13
14
15
12
9
16
18
15
13
18
9
18
17
20
17
13
18
20
18
15
13
16
12
14
20
8
12
15
13
14
9
12
16
10
11
14
18
23
15
13
16
11
15
19
14
11
14
15
13
19
17
10
18
18
17
15
13
8
16
9
14
9
24
12
10
11
15
16
12
21
12
12
13
18
15
9
13
14
17
19
16
13
12
14
12
16
18
14
5
17
17
11
10
20
11
10
18
12
23
14
17
14
9
16
14
15
12
11
12
14
10
13
16
7
9
24
16
12
14
13
19
18
16
13
15
21
16
18
16
17
20
20
19
21
17
15
13
14
9
13
10
20
13
14
19
10
26
14
11
13
16
19
17
14
20
17
16
17
18
15
12
15
15
17
12
13
16
14
15
18
18
16
18
6
18
17
16
15
13
15
20
14
18
19
14
24
13
14
13
14
16
8
20
14
14
14
16
14
14
15
13
12
12
13
15
13
21
20
13
12
17
17
11
12
13
13
20
8
14
11
17
17
16
15
13
13
13
13
17
12
20
17
9
9
10
18
13
10
12
9
16
15
13
22
13
12
14
12
12
13
25
20
12
17
16
10
16
16
13
17
12
12
15
17
14
15
15
18
16
13
9
11
13
19
11
15
15
13
10
12
17
12
15
8
11
18
15
18
11
12
7
15
14
11
12
7
12
12
20
13
15
15
18
9
15
10
10
16
15
14
10
16
14
8
14
10
13
9
11
11
20
14
14
12
14
10
13
19
15
15
10
15
22
20
11
9
12
13
16
10
19
16
15
21
15
12
14
6
15
15
10
14
20
17
12
12
3
23
14
25
16
11
13
12
13
7
12
11
24
11
20
8
17
18
12
18
19
15
13
12
12
14
19
11
7
13
11
12
14
9
21
12
18
21
13
12
11
21
9
16
11
21
18
17
12
9
15
7
19
13
10
15
16
12
6
15
17
17
13
12
20
15
17
14
18
14
11
9
16
18
10
7
13
10
9
21
10
17
14
15
15
12
15
12
13
11
12
18
17
10
18
11
13
15
18
16
11
10
8
19
13
13
14
11
11
12
14
11
11
13
13
14
15
10
14
11
16
15
16
17
19
18
17
18
10
13
15
19
12
20
14
8
14
11
19
10
20
13
10
19
17
9
14
14
17
16
7
17
14
14
9
15
9
9
13
27
18
10
12
12
10
14
11
13
11
11
18
17
18
8
13
18
13
14
16
10
14
12
11
10
12
16
14
16
12
9
12
15
13
14
8
20
15
15
14
16
9
22
10
13
17
9
11
8
13
14
15
19
8
19
19
11
18
9
16
22
16
9
17
14
13
15
13
9
11
11
15
9
8
16
19
18
16
10
12
12
14
11
13
11
8
17
12
16
16
17
12
18
16
11
15
20
14
8
7
8
15
13
11
11
11
17
13
7
19
12
14
7
15
10
10
17
9
14
15
11
14
14
14
11
11
14
12
15
11
15
14
11
12
6
13
6
11
15
16
17
15
17
8
6
13
10
15
10
12
13
8
12
10
11
11
14
9
12
10
14
18
10
11
20
11
13
13
9
13
9
14
10
13
11
12
12
11
12
16
11
12
11
17
11
14
13
10
7
20
16
13
15
11
18
13
17
21
17
14
13
15
15
16
16
14
12
13
11
7
12
9
20
19
12
11
15
12
12
10
17
8
9
19
10
12
14
15
13
18
7
13
12
19
16
8
9
13
8
16
22
12
9
12
16
15
15
18
14
16
9
13
17
18
16
13
24
18
11
9
18
7
13
9
12
11
13
11
13
16
16
12
16
10
15
9
13
12
9
10
14
11
12
7
11
18
15
14
10
7
16
13
10
17
15
14
17
16
12
10
12
9
9
14
8
13
11
11
14
13
9
10
14
7
9
12
6
10
12
14
13
13
9
15
13
17
13
19
15
11
19
13
12
10
9
10
15
14
11
13
11
5
13
5
13
17
13
7
12
10
8
12
16
16
22
14
13
13
8
13
10
10
12
17
11
16
6
11
18
19
9
8
15
15
11
13
19
16
18
12
12
9
13
9
13
12
12
16
19
10
8
16
9
12
17
10
18
12
8
10
15
12
6
12
13
14
12
9
10
10
11
9
14
10
11
8
16
9
12
12
10
15
12
9
6
5
14
12
10
7
12
15
13
15
15
7
14
10
8
13
11
7
8
10
12
13
6
13
15
12
13
16
14
6
17
15
10
9
14
14
11
14
10
6
10
14
8
10
14
11
12
14
17
12
14
12
13
11
5
15
16
9
17
7
18
9
18
15
15
13
13
21
16
13
15
10
16
11
15
16
11
15
10
14
7
8
13
11
16
14
12
11
14
11
18
9
12
10
10
14
9
7
16
12
12
10
11
11
14
13
7
12
12
13
8
12
14
8
12
10
5
17
9
11
11
10
14
8
16
13
10
13
12
16
12
12
9
14
6
13
9
10
12
11
15
16
8
12
10
12
10
10
9
11
10
14
11
8
8
9
12
11
14
9
15
14
9
14
6
9
12
14
9
14
12
7
5
9
12
16
8
7
18
11
10
14
14
15
6
12
9
16
9
10
15
16
13
9
16
14
14
12
9
11
10
9
13
7
14
14
12
12
7
11
8
14
10
16
6
12
12
11
9
8
13
15
8
13
9
12
7
12
19
12
13
7
9
7
21
12
7
15
11
11
18
17
9
11
14
10
12
8
7
9
9
4
11
11
13
6
14
8
11
19
11
12
12
12
10
10
3
6
12
10
11
21
16
7
13
8
9
15
18
15
12
21
10
14
6
13
9
9
8
13
12
12
9
11
15
13
14
14
10
5
15
10
4
12
14
9
11
13
11
13
12
16
8
10
10
9
10
16
17
11
7
6
6
13
7
14
13
7
12
13
11
12
10
7
12
6
8
10
11
9
7
8
6
18
13
11
14
10
10
15
9
12
14
11
11
9
8
15
7
11
5
19
8
16
5
17
7
11
8
12
6
14
12
8
16
5
11
15
15
14
13
8
13
14
9
14
10
9
11
10
9
15
14
7
10
8
11
6
8
17
10
17
14
8
7
8
13
7
11
13
18
13
14
12
10
17
11
11
11
5
12
7
13
13
13
12
14
9
8
12
10
17
9
15
7
13
12
8
16
11
9
14
12
18
12
8
9
19
10
14
9
14
12
14
7
10
9
8
13
9
8
14
14
10
10
9
10
15
11
15
8
12
12
8
12
15
12
8
11
13
7
13
14
10
5
8
11
5
10
17
13
11
5
12
11
6
13
7
15
9
11
11
11
3
12
13
8
8
12
9
13
9
16
7
7
12
13
12
11
8
9
2
6
12
7
24
10
17
11
15
15
13
10
7
11
9
11
24
10
15
3
12
11
9
10
9
16
10
8
12
16
12
10
9
10
9
10
14
12
8
7
8
13
11
6
9
12
7
9
6
21
11
8
17
15
17
13
7
16
10
21
11
10
10
6
10
8
10
16
12
7
12
8
14
6
7
17
9
14
10
13
8
11
10
9
11
8
11
9
10
11
12
12
11
11
10
11
11
9
6
13
15
14
9
8
6
12
11
14
12
8
6
10
11
11
12
12
12
8
8
14
9
6
11
10
14
6
16
5
8
10
10
17
10
10
4
9
6
12
11
10
21
10
18
15
11
6
10
5
10
9
14
9
9
9
9
10
11
13
8
12
4
11
8
7
11
7
9
12
6
8
8
6
14
11
10
6
13
10
8
13
6
15
10
12
13
16
15
10
10
8
12
13
10
12
16
14
9
9
12
10
10
11
17
6
9
5
5
9
11
10
10
9
6
10
7
8
8
11
10
10
11
14
13
25
8
11
13
5
10
8
3
10
12
16
11
6
10
10
12
12
10
12
9
7
9
11
11
9
14
7
15
8
9
13
13
11
11
14
12
8
8
9
13
11
11
9
12
6
11
10
4
12
10
10
13
14
5
6
11
13
7
9
11
13
14
8
17
9
11
12
10
17
7
16
11
7
12
7
11
10
8
14
13
4
9
13
10
4
5
14
9
14
5
4
8
7
13
12
6
19
14
10
11
6
9
14
12
7
7
15
6
9
8
10
19
6
10
4
9
11
12
10
14
13
13
11
10
9
8
15
11
10
10
11
3
13
9
13
11
9
12
13
11
5
5
10
7
5
8
13
15
18
9
15
17
11
8
17
10
12
13
12
9
13
5
8
14
11
11
7
18
12
12
13
4
9
14
8
11
5
8
13
7
6
10
8
20
9
8
6
9
11
10
10
7
13
6
16
12
11
12
11
5
11
8
9
12
12
8
15
11
12
12
3
10
17
7
11
13
6
10
13
7
6
13
15
7
10
14
9
6
12
10
11
9
9
12
9
8
9
13
8
8
7
9
5
8
5
11
13
11
11
4
9
18
12
13
12
10
11
19
8
8
15
7
12
10
9
13
13
9
9
8
10
6
10
6
7
3
13
17
8
10
12
17
6
14
10
6
11
2
12
6
4
11
6
7
9
14
12
11
11
17
7
13
7
6
6
12
10
15
10
12
11
8
7
8
3
10
15
18
10
8
15
8
8
9
12
13
14
19
9
13
11
9
6
4
12
9
7
13
14
15
14
8
6
6
8
7
9
10
14
10
11
8
9
12
14
11
16
6
13
10
14
14
8
12
15
14
5
17
10
7
9
19
12
12
9
12
9
11
7
11
8
9
13
5
9
13
13
5
9
13
12
10
8
16
3
11
8
5
10
5
6
4
5
8
14
12
13
7
7
14
15
5
9
6
12
3
11
11
12
14
11
3
7
6
9
13
10
9
10
10
11
7
12
13
14
11
6
8
11
11
6
16
4
17
9
10
8
5
17
10
11
11
12
18
16
12
7
15
12
12
9
6
8
9
7
14
11
10
6
10
7
17
13
12
5
11
8
7
7
6
12
7
14
10
5
8
2
5
9
6
12
11
11
8
11
5
14
9
12
11
8
14
9
12
8
11
8
7
12
14
13
7
7
9
12
5
8
6
3
6
8
12
12
10
10
7
10
7
15
20
11
13
8
7
12
6
14
14
9
12
11
14
17
8
7
16
10
9
15
11
9
11
6
6
8
7
9
11
6
8
11
8
9
11
10
6
8
12
17
6
11
14
6
16
8
10
14
19
9
9
10
11
11
8
5
11
12
16
10
17
8
8
15
12
10
10
15
10
11
4
10
10
15
8
12
12
7
10
7
10
10
10
9
13
19
12
6
11
9
17
12
10
10
4
8
9
14
10
12
10
7
3
13
6
14
9
12
14
9
17
8
9
13
8
9
7
8
11
10
8
14
2
11
13
13
12
12
10
8
14
10
13
12
12
11
9
13
10
17
6
10
7
1
14
11
10
12
15
12
9
8
18
10
14
8
13
8
10
11
13
8
5
18
10
9
13
7
7
16
10
6
7
10
11
10
9
9
9
6
9
10
8
10
6
8
12
14
9
12
8
11
12
9
10
15
9
11
15
11
14
12
9
6
13
8
11
14
13
10
14
8
8
8
7
12
11
10
11
14
14
11
10
7
14
9
15
8
9
5
11
7
11
14
10
12
9
8
15
9
7
11
11
8
9
12
10
8
11
12
7
16
7
13
10
7
14
19
10
9
11
6
14
13
12
8
14
15
12
10
7
10
8
10
8
10
5
13
13
10
6
19
12
13
8
10
8
17
8
14
9
8
8
13
11
8
11
10
12
20
12
9
9
12
5
12
4
11
11
8
11
10
8
5
7
14
9
11
13
11
9
15
11
11
9
12
14
10
9
13
13
10
12
12
6
14
16
8
6
9
14
12
17
9
2
17
9
8
8
5
5
14
13
10
16
10
5
14
8
10
14
7
12
12
12
10
13
9
10
6
17
22
13
12
9
14
11
15
13
12
11
13
11
8
11
15
10
11
11
11
4
16
5
12
5
12
7
5
7
9
11
11
6
8
13
10
7
14
8
9
4
8
8
11
9
12
7
13
3
9
7
14
11
12
8
11
10
6
11
11
6
11
17
8
6
13
11
6
7
12
11
11
11
9
9
9
14
9
8
8
12
6
12
7
10
8
18
9
13
9
8
7
7
12
11
7
8
2
11
7
11
12
7
20
7
7
5
7
12
12
9
16
12
10
7
11
10
9
11
5
11
9
10
10
19
12
10
6
8
13
9
17
12
11
12
15
10
12
12
12
12
12
14
9
11
12
10
15
7
10
14
10
16
10
8
6
18
9
6
4
15
8
11
11
9
11
11
11
13
8
7
15
12
12
10
8
9
10
18
11
6
6
16
11
8
11
13
12
8
15
8
10
7
11
16
9
11
13
15
13
13
14
13
10
11
10
10
12
9
5
5
10
10
5
12
13
6
6
8
8
13
3
11
11
11
14
9
8
14
9
20
15
9
8
7
9
15
9
12
18
12
13
15
17
7
7
11
14
9
11
16
13
11
10
13
9
10
14
12
8
14
9
9
10
10
19
13
7
5
12
10
12
7
5
13
13
8
12
10
9
10
14
9
8
5
11
4
10
8
8
7
9
5
9
14
15
8
8
9
12
15
11
5
7
10
12
7
7
8
2
10
10
8
6
10
11
11
7
10
7
14
6
4
7
8
11
7
10
8
6
7
4
8
9
12
9
5
8
9
13
9
11
9
8
8
13
5
12
10
8
9
9
7
10
11
14
10
6
13
11
12
10
12
8
11
10
13
6
9
5
13
5
7
12
12
7
7
7
7
11
7
15
12
9
9
9
14
14
8
13
7
10
7
13
13
10
4
8
10
11
8
8
11
10
12
14
3
9
19
10
7
14
14
6
16
9
13
15
7
10
11
10
2
10
9
10
6
11
14
4
15
9
14
6
7
16
13
7
15
12
13
5
8
14
4
10
9
10
4
10
13
11
6
7
9
6
9
14
10
9
9
9
8
10
9
7
8
13
6
5
10
11
10
5
11
8
7
18
9
12
12
7
7
5
13
8
4
7
9
6
6
5
6
6
7
6
9
6
8
12
8
6
6
9
4
9
3
8
8
7
9
9
11
9
9
11
9
5
9
7
8
5
8
6
7
2
13
12
8
12
8
6
5
9
10
9
9
15
11
10
8
8
10
5
5
5
8
7
11
5
5
11
5
10
13
8
9
11
6
6
6
10
7
7
2
8
5
6
6
8
10
11
7
8
8
8
13
6
10
13
11
11
7
3
8
4
4
8
4
8
10
12
13
8
3
6
11
8
8
10
11
9
7
8
3
5
8
7
8
7
7
6
5
7
8
8
10
1
5
7
9
7
3
8
2
12
10
16
9
4
5
7
4
8
7
7
8
12
4
5
8
11
9
8
8
6
8
9
8
12
8
7
5
4
9
5
11
5
5
6
7
9
9
9
6
9
9
5
4
8
4
3
9
10
10
12
8
6
9
10
11
8
9
7
11
6
12
8
8
8
6
8
6
8
7
10
8
6
7
5
9
12
6
6
9
4
2
8
9
8
9
8
8
4
5
5
9
10
6
4
10
6
8
9
6
10
3
7
8
11
7
9
8
14
9
8
7
5
13
10
6
6
11
6
7
5
8
14
6
10
5
4
6
11
9
8
10
6
8
7
6
7
14
6
11
7
8
6
9
6
5
7
11
8
10
7
4
5
10
8
11
10
13
7
9
13
11
12
5
5
5
5
8
8
6
7
8
7
14
14
8
7
6
10
10
8
5
7
5
9
9
6
9
5
9
8
8
7
12
7
6
9
3
9
5
11
11
6
6
7
5
5
5
11
8
10
8
8
7
5
9
6
2
10
4
3
7
6
6
7
8
2
9
5
6
8
12
2
7
14
8
8
13
2
12
10
9
4
7
6
4
8
4
10
3
11
7
6
5
5
8
5
4
10
3
2
9
15
10
9
7
10
5
11
10
5
2
6
8
6
7
6
9
5
7
6
9
7
7
10
11
8
11
4
8
8
10
5
8
8
7
11
8
10
8
10
10
7
8
5
5
8
5
8
5
4
6
7
5
7
6
2
8
7
6
7
7
5
9
1
5
8
4
8
10
8
8
10
10
4
9
10
10
8
10
11
7
8
8
3
9
8
9
9
4
7
6
7
7
6
9
7
11
7
8
10
4
8
4
7
6
4
11
7
5
9
6
10
9
10
6
9
5
4
5
6
9
9
7
7
7
8
6
4
7
7
6
9
3
4
5
8
8
7
5
8
8
7
4
9
12
11
9
5
10
9
9
3
6
9
5
7
11
7
11
8
7
7
4
7
7
6
10
6
4
13
5
4
7
6
10
8
8
9
3
10
5
8
2
4
6
2
6
6
5
4
3
8
7
6
5
7
6
4
4
7
6
3
6
10
7
5
4
4
3
11
10
4
7
5
6
5
7
6
5
8
6
3
4
7
4
3
6
8
4
8
3
7
5
5
8
7
13
5
5
9
8
2
8
2
7
4
7
7
7
4
8
5
2
3
9
5
9
7
6
5
8
8
9
5
3
9
6
4
8
9
8
6
2
2
9
7
4
5
1
8
6
5
6
6
5
6
3
6
8
6
9
9
6
6
4
7
6
11
3
7
1
4
7
7
6
2
5
6
7
7
8
8
5
11
4
5
6
5
4
7
5
9
8
7
8
7
2
8
6
6
6
4
7
5
6
4
4
7
5
2
8
7
12
10
7
6
3
5
9
4
7
6
9
10
1
5
5
3
6
9
6
7
5
5
6
6
9
9
13
4
9
8
9
9
3
10
11
6
7
6
5
7
9
7
8
6
7
8
10
3
6
5
7
9
13
6
8
5
8
9
7
7
7
3
6
5
14
6
12
12
9
4
7
15
8
7
10
10
10
14
8
6
11
9
8
8
12
8
6
9
12
8
10
8
12
17
14
10
14
23
15
16
17
8
23
37
30
39
30
42
48
57
76
75
95
83
86
80
61
56
59
34
50
35
22
26
21
13
20
19
12
13
8
11
5
11
7
3
3
3
4
3
9
6
9
3
13
7
9
5
4
4
5
3
10
8
6
1
5
11
4
6
2
4
6
3
3
6
4
5
6
10
8
8
8
5
2
0
6
5
5
4
5
5
5
2
5
4
5
5
7
6
9
4
6
7
5
9
7
5
9
5
1
3
4
3
4
7
4
5
8
8
5
4
9
7
9
7
7
6
6
3
7
5
6
8
9
5
6
2
6
3
7
4
5
5
6
6
2
4
3
11
5
4
5
3
3
7
4
10
4
5
6
2
6
4
8
3
3
3
5
4
11
10
6
4
11
4
8
7
4
6
8
8
7
6
4
3
2
9
7
2
5
4
7
4
3
5
9
7
8
5
4
10
5
6
9
8
9
8
4
4
5
4
6
5
8
7
8
4
8
5
8
4
7
7
6
9
8
5
11
11
11
7
7
9
5
9
7
11
10
9
8
17
10
8
7
17
13
11
9
5
3
6
7
9
5
5
3
3
4
2
1
0
4
5
2
3
3
3
3
0
1
5
1
4
1
3
6
6
2
5
1
3
5
4
3
2
2
1
2
3
4
3
1
4
1
3
2
2
1
2
2
2
3
2
1
4
2
1
3
1
1
2
2
3
2
2
1
3
2
2
1
2
1
5
2
3
4
2
2
1
2
2
1
2
3
0
2
5
4
5
3
3
3
4
1
2
4
2
2
2
0
2
3
1
1
5
2
1
1
2
2
2
1
0
1
1
2
3
1
3
1
4
0
3
0
2
4
2
4
2
4
1
3
2
0
4
2
0
1
4
4
2
1
1
3
1
4
3
4
4
3
3
1
4
1
1
3
3
0
1
1
5
0
2
2
2
2
2
3
2
2
1
3
0
3
4
1
1
3
3
3
2
2
0
1
1
1
4
1
4
2
3
2
3
2
5
1
1
3
2
1
3
1
2
3
3
2
0
1
1
0
0
5
3
5
0
2
3
3
1
2
1
3
1
2
0
1
2
2
2
5
2
0
5
4
3
2
2
2
2
0
1
2
4
1
2
2
2
0
3
1
3
3
3
0
0
1
1
3
1
1
5
3
3
2
2
1
2
1
2
4
1
4
1
2
1
1
1
0
1
1
1
1
0
2
0
3
3
2
2
1
0
0
3
3
2
2
2
4
3
2
2
0
4
2
3
2
2
7
2
1
3
1
2
3
0
1
2
2
6
1
1
2
3
4
3
5
3
2
1
3
1
3
1
6
2
4
2
0
2
2
0
1
3
1
4
2
2
1
2
0
1
3
2
0
1
8
2
3
1
3
4
4
0
4
2
5
0
2
1
1
0
3
1
3
1
0
1
0
2
5
3
4
2
2
3
1
2
5
1
1
1
2
2
2
2
8
3
3
3
3
1
1
1
1
1
3
2
2
1
4
0
2
0
2
3
1
1
2
3
0
3
0
3
4
2
3
3
0
4
3
3
4
5
3
4
1
1
2
2
2
2
3
2
3
1
3
3
0
3
4
3
1
6
3
3
2
4
2
4
2
3
1
4
2
3
5
4
7
1
3
3
5
0
3
3
5
4
4
0
4
3
1
4
1
1
4
3
5
2
1
5
1
2
4
3
2
4
5
7
1
3
4
1
8
1
1
5
4
4
5
2
3
6
6
8
2
2
6
1
2
2
5
5
4
3
5
4
7
3
5
1
4
2
7
7
2
6
3
6
7
6
9
6
2
4
9
5
4
8
7
5
8
5
8
11
8
7
5
7
7
8
6
5
15
12
8
8
8
10
10
15
8
13
12
20
24
28
37
60
64
62
82
88
93
95
84
82
72
49
42
38
32
33
24
22
20
15
15
10
13
4
7
8
9
4
2
5
3
4
2
3
1
4
0
2
3
2
3
3
2
0
3
4
2
1
3
3
3
2
2
0
0
3
2
1
4
4
7
2
4
1
4
3
4
2
2
0
1
4
2
4
4
5
5
3
1
2
3
3
4
4
2
3
3
3
1
2
0
3
4
4
3
1
1
0
1
1
4
1
6
4
1
3
1
5
1
3
3
1
1
2
4
2
2
0
3
5
2
2
4
2
3
0
3
5
4
5
6
2
1
3
2
1
3
2
2
2
2
1
3
3
1
3
5
3
5
10
2
6
2
1
1
2
4
4
6
4
4
1
1
5
3
3
2
5
2
2
2
3
2
2
4
5
2
5
1
2
4
4
2
1
0
2
0
4
4
3
4
4
3
3
2
4
2
3
0
5
4
4
8
6
3
4
6
1
3
11
2
3
4
0
2
4
4
6
4
7
7
5
5
8
4
7
7
11
7
7
9
4
5
9
1
5
4
2
6
3
5
2
1
1
0
1
1
1
0
3
0
1
1
0
0
1
0
2
0
1
0
0
1
0
0
0
1
0
1
0
1
0
0
1
0
0
0
1
0
0
1
2
1
1
0
0
0
0
1
0
1
0
0
1
1
0
2
1
0
1
1
1
0
1
1
1
0
0
0
0
1
1
1
0
0
0
0
1
1
2
1
0
0
0
1
0
1
0
0
1
1
0
0
0
1
0
0
1
0
0
1
0
0
1
0
0
2
0
0
1
0
0
2
1
1
0
0
1
0
0
1
0
1
1
1
1
1
1
1
0
0
1
0
1
0
1
0
0
0
0
1
0
0
0
0
0
0
2
0
0
1
1
1
0
0
0
1
1
1
0
1
0
0
0
1
0
1
0
1
0
0
0
0
0
0
0
1
2
1
0
0
1
0
0
1
0
0
0
1
1
0
0
0
0
0
0
1
1
1
0
2
0
0
0
0
0
0
1
1
1
0
2
0
1
1
1
0
1
0
1
1
0
0
0
0
0
0
0
0
0
0
1
1
1
0
0
1
1
0
1
1
1
1
1
0
0
0
0
0
1
0
0
1
0
0
0
2
0
1
0
1
1
1
0
1
1
1
0
0
0
0
2
2
0
0
0
1
0
1
1
0
1
2
0
1
0
0
0
1
0
0
1
3
1
0
1
0
0
0
0
0
1
1
1
0
1
1
1
2
2
2
1
0
0
1
0
0
0
1
1
0
0
0
0
1
0
0
0
1
0
0
0
0
0
0
0
0
0
0
0
0
0
0
1
0
1
0
0
0
1
0
0
0
0
0
0
0
1
1
0
1
1
0
0
0
0
0
1
0
0
0
0
1
0
1
0
0
0
0
3
1
1
0
0
2
0
3
0
1
0
1
1
0
0
0
1
1
0
1
2
0
0
1
1
0
0
0
0
0
0
0
0
1
0
1
1
0
0
0
0
1
0
1
1
0
0
0
0
1
0
0
1
0
0
0
0
2
0
0
0
1
0
0
0
0
0
0
0
0
0
0
0
0
0
0
0
0
1
0
0
1
1
0
0
0
1
0
1
0
0
0
0
1
1
0
0
0
1
0
0
0
0
0
0
0
2
0
1
0
0
1
0
0
0
0
0
0
0
0
0
0
2
1
0
0
3
1
1
0
0
1
0
1
0
0
1
1
0
0
0
0
0
0
0
0
0
0
1
3
0
0
0
2
0
1
0
1
0
0
0
1
0
0
0
0
0
0
0
0
0
1
0
0
0
2
1
1
0
0
0
0
0
0
0
0
1
1
0
1
1
1
0
0
0
1
1
2
0
0
1
0
0
0
1
0
0
0
0
0
0
1
0
0
1
1
0
0
1
0
3
2
0
1
0
0
0
1
0
0
0
2
0
1
0
1
0
0
0
0
0
0
1
2
0
0
1
0
2
0
1
0
2
1
0
1
0
1
0
0
2
0
1
0
0
0
0
0
0
0
0
1
0
1
0
0
0
0
0
1
0
0
0
0
0
0
0
0
1
0
1
1
1
1
0
1
0
1
0
0
0
2
0
1
0
0
0
0
0
1
2
0
0
0
0
0
1
1
1
2
0
0
0
1
1
0
0
0
0
1
0
0
0
0
0
0
0
0
0
0
0
0
0
0
0
0
0
0
1
0
1
0
0
0
0
1
0
1
0
0
0
1
0
0
1
0
0
0
0
0
0
1
0
0
0
0
0
0
1
0
0
0
0
0
1
0
1
1
1
1
0
0
0
0
0
0
0
0
0
0
0
0
0
1
0
1
0
0
0
0
0
0
0
0
0
1
0
0
0
0
0
0
1
0
0
0
1
0
0
0
0
0
1
0
0
0
0
1
0
0
0
0
0
0
1
0
0
0
1
0
0
0
1
1
2
0
0
0
1
0
0
1
0
0
0
0
0
0
0
1
0
0
0
1
0
0
1
0
1
1
0
1
0
0
0
1
2
0
0
1
0
0
0
1
0
0
0
0
0
0
0
0
0
0
1
2
1
1
0
0
0
0
0
1
1
1
0
0
0
0
0
0
0
0
0
0
0
3
1
0
1
1
0
1
0
0
0
1
1
0
0
0
0
0
1
0
0
0
0
0
2
0
1
0
0
2
1
1
1
0
0
2
1
0
0
0
0
0
0
0
1
1
1
0
1
1
1
0
1
0
0
0
0
0
1
0
0
0
0
0
1
0
0
0
0
0
0
0
0
0
1
2
1
1
0
0
0
0
0
1
0
0
1
0
0
0
2
0
0
0
1
0
0
2
1
2
0
1
0
0
0
0
0
1
0
1
1
0
1
1
0
0
0
0
0
1
0
0
0
0
0
0
0
0
0
0
0
1
0
0
0
0
0
0
1
1
1
1
0
0
1
0
0
0
0
1
0
0
0
0
1
1
0
0
1
0
0
0
0
0
0
1
1
1
0
0
0
0
0
1
0
0
0
0
0
0
0
0
0
1
0
1
0
1
0
0
1
1
0
0
0
0
0
0
2
14
22
23
23
33
17
32
36
40
36
30
45
39
40
47
55
58
66
66
81
70
80
89
87
111
115
107
139
139
155
150
172
176
195
206
205
247
249
291
276
293
336
332
323
427
388
382
444
463
496
484
504
558
540
546
616
635
679
638
750
751
763
777
808
837
931
875
883
939
947
1007
1013
1083
1128
1109
1170
1271
1300
1333
1337
1357
1432
1447
1542
1617
1564
1654
1831
1786
1825
1864
2008
2111
2220
2285
2339
2490
2618
2688
2890
3146
3278
3432
4069
5183
8285
14989
27861
48072
70982
88014
93695
86006
70635
55502
43223
35037
29459
25591
22265
19506
16755
14903
13208
12014
11140
10444
9931
