5
3
6
7
3
2
4
5
2
3
5
4
3
3
3
3
3
1
2
2
2
4
1
2
2
4
2
0
3
1
2
3
3
2
4
3
0
0
1
1
1
1
1
3
1
0
1
2
3
1
1
4
0
2
3
1
2
1
32
92
123
167
218
240
241
256
283
253
276
266
279
331
267
258
248
235
250
256
238
225
230
262
238
251
261
211
236
268
272
248
225
240
257
247
264
232
242
237
228
194
239
234
198
219
221
193
233
232
212
246
226
220
217
246
260
307
268
278
262
269
316
298
319
285
328
294
312
289
284
317
310
318
329
366
315
321
361
376
312
300
295
334
337
347
357
369
304
370
341
350
338
341
299
359
321
311
321
355
350
299
360
320
353
320
296
299
344
340
342
343
353
314
326
330
332
325
308
351
333
362
347
363
331
345
352
360
364
407
350
385
365
394
407
394
381
386
409
394
443
454
481
449
474
474
456
456
463
508
481
526
485
504
508
528
555
513
501
532
526
573
559
562
583
553
551
640
611
657
631
690
643
660
689
656
780
673
734
810
742
820
767
878
885
889
945
921
982
1040
1072
1041
1144
1156
1214
1226
1268
1242
1421
1395
1450
1455
1528
1535
1606
1628
1770
1673
1746
1809
1846
1865
1916
1936
1949
1993
1900
1986
2003
2077
2089
2091
2128
2013
2067
2043
2070
2065
2020
2021
2010
1989
1867
1931
1827
1875
1882
1855
1882
1825
1700
1683
1621
1632
1682
1566
1573
1533
1504
1480
1457
1399
1403
1472
1363
1347
1391
1314
1297
1227
1253
1210
1264
1272
1258
1242
1185
1189
1151
1146
1168
1085
1145
1134
1058
1097
1118
1074
1056
1022
1062
1038
1020
980
942
931
926
983
972
996
838
858
846
830
836
832
801
787
742
665
752
720
724
699
740
668
694
661
670
657
687
613
643
627
528
548
608
603
563
580
591
567
560
570
528
542
556
544
555
527
560
531
538
538
524
531
548
525
534
502
514
523
547
536
540
523
521
521
541
512
503
517
529
525
521
545
506
569
563
518
491
520
512
543
500
530
528
554
511
528
511
551
541
511
539
569
534
523
544
538
520
573
547
547
584
558
557
539
538
549
540
553
556
565
546
546
538
536
555
568
589
577
525
560
547
570
541
535
561
529
575
558
569
595
610
570
524
581
593
560
553
552
566
585
601
607
577
519
575
525
580
603
603
555
592
558
573
594
587
643
613
579
591
618
593
570
558
586
586
600
613
597
603
596
636
565
570
620
564
547
606
632
601
569
537
581
572
593
540
582
593
598
623
605
596
525
571
581
547
562
550
573
590
555
547
572
530
518
559
557
554
536
546
600
559
566
578
533
511
524
540
530
540
509
516
555
514
578
501
541
525
510
482
562
453
514
531
531
479
525
546
506
509
515
526
498
505
479
529
482
482
504
543
522
501
522
518
487
457
526
506
483
497
503
531
478
510
489
465
471
471
468
507
488
510
478
496
469
484
501
471
502
471
510
486
490
460
451
477
442
438
421
438
467
439
501
492
483
481
486
434
475
462
491
470
439
423
447
446
450
424
493
466
449
375
416
456
450
431
438
436
470
423
413
411
438
431
413
456
432
437
414
439
456
422
448
458
433
435
428
427
440
470
451
429
456
462
465
444
426
457
463
440
460
433
472
430
452
451
447
444
445
413
430
435
447
441
425
401
447
422
430
422
404
405
415
457
426
438
465
444
434
425
428
415
434
479
443
449
437
402
439
399
443
427
411
435
439
446
455
437
451
422
436
458
428
449
442
455
411
432
463
412
441
453
472
380
429
442
417
413
470
428
434
460
433
439
456
414
422
447
421
432
435
414
416
424
422
412
425
422
406
458
427
432
410
411
406
416
399
397
441
445
408
424
425
432
433
459
402
421
404
431
383
442
419
410
411
444
456
427
440
394
444
443
417
419
432
428
377
413
417
405
438
392
426
435
406
409
420
414
405
416
401
402
457
427
424
419
426
402
405
439
428
426
435
418
377
461
421
484
460
405
455
417
424
457
430
438
434
458
452
475
503
438
446
478
500
505
478
498
467
507
459
475
465
458
484
578
484
574
531
537
585
534
599
587
625
601
608
639
633
593
625
681
664
661
703
757
714
771
736
812
812
809
822
838
875
869
919
918
876
935
1008
995
1005
998
1050
1057
1068
1045
1053
1137
1185
1136
1212
1247
1230
1197
1333
1262
1329
1309
1383
1326
1421
1396
1440
1476
1534
1512
1514
1556
1552
1554
1691
1578
1628
1664
1698
1639
1741
1703
1711
1704
1759
1756
1754
1759
1799
1674
1853
1834
1851
1862
1799
1808
1840
1843
1786
1803
1850
1865
1852
1818
1894
1792
1873
1875
1805
1804
1780
1799
1804
1716
1733
1854
1717
1786
1733
1679
1717
1687
1714
1683
1723
1618
1745
1636
1671
1633
1590
1555
1521
1506
1453
1508
1450
1483
1439
1393
1368
1372
1290
1341
1291
1223
1269
1287
1255
1209
1133
1159
1172
1110
1067
1099
1045
1055
1024
1007
977
916
984
962
886
882
883
786
850
799
841
831
778
750
692
641
695
666
663
684
656
647
614
556
555
582
530
538
485
506
522
483
475
459
453
438
452
433
405
446
423
402
419
370
366
395
386
364
356
351
355
360
360
315
345
317
301
312
325
310
304
297
281
315
265
294
270
269
268
269
285
281
282
256
239
242
289
294
261
273
264
255
245
255
273
256
253
247
264
234
239
254
218
277
271
252
265
241
241
246
264
243
278
223
263
257
243
222
241
275
258
263
221
255
265
256
274
256
257
279
243
269
272
269
251
260
259
266
274
246
271
259
229
266
249
246
240
275
261
263
256
233
263
268
259
268
265
237
270
263
283
256
261
265
283
272
261
255
244
250
252
255
239
270
256
246
237
231
253
257
267
246
264
295
278
288
251
239
293
285
282
228
242
225
256
272
259
257
247
238
255
256
269
240
238
250
270
247
259
268
248
229
253
238
254
265
225
249
248
224
227
261
206
255
237
215
233
259
232
214
220
212
252
224
245
229
213
203
241
216
232
220
200
228
240
239
243
211
229
210
211
202
229
210
194
221
234
202
215
197
199
194
213
198
207
192
208
225
173
212
190
188
198
162
185
198
169
146
178
186
174
191
190
177
177
184
154
176
187
176
184
195
184
182
183
157
171
194
150
168
157
139
164
171
166
144
153
163
157
144
140
141
137
141
158
165
162
145
144
152
142
126
135
143
130
140
139
157
144
138
146
138
141
130
144
156
144
133
128
120
134
129
142
129
118
124
138
156
147
141
135
154
143
112
143
155
127
134
137
132
115
118
138
148
146
131
148
156
130
130
128
125
124
147
126
118
131
136
134
130
114
153
137
144
122
153
130
130
111
148
119
105
110
127
113
131
116
125
126
114
131
123
100
128
122
128
123
130
119
114
128
125
130
117
116
118
121
119
113
120
128
111
137
117
107
121
112
124
107
118
150
109
101
117
124
112
117
109
124
127
111
96
121
124
125
132
125
119
117
119
134
107
111
119
113
118
131
104
99
137
113
115
110
123
125
127
120
110
112
113
95
122
127
122
113
99
114
117
103
127
107
117
124
129
119
110
124
114
107
113
125
113
127
104
120
115
89
103
103
113
106
111
104
119
117
108
121
109
100
96
110
130
120
103
121
98
109
129
123
110
103
105
121
117
106
116
109
108
104
85
100
101
108
104
114
102
95
137
120
102
86
98
90
88
95
115
98
119
109
83
112
102
105
108
117
116
90
104
119
94
103
91
121
101
88
90
87
106
108
100
90
99
115
103
104
110
104
99
106
101
114
102
109
90
115
93
87
92
105
99
88
92
96
92
106
80
98
94
97
86
97
119
76
89
99
95
101
85
82
87
92
109
79
94
97
90
70
94
91
87
91
86
93
101
101
93
78
95
92
83
91
86
84
80
104
93
80
70
70
103
76
82
96
81
78
74
84
99
67
90
98
81
86
92
100
61
94
80
90
84
85
87
91
82
95
79
93
70
84
77
79
78
78
81
89
80
82
64
86
95
85
76
84
74
79
63
91
83
97
83
94
87
78
85
84
92
79
64
75
76
70
93
75
84
81
69
86
76
75
85
81
66
76
72
80
70
76
76
70
68
82
87
74
76
79
77
81
71
67
86
69
72
64
57
88
69
81
55
78
95
86
67
86
76
74
69
71
76
70
81
69
79
64
97
82
87
73
64
74
75
68
79
70
71
72
74
79
70
76
71
60
84
67
90
71
73
85
69
64
68
79
69
83
71
70
78
76
72
75
86
82
71
87
73
78
63
76
70
76
74
71
73
55
77
78
60
72
47
80
84
81
68
82
89
65
65
73
68
70
64
70
72
58
73
63
70
57
73
88
81
62
81
72
78
99
71
79
70
77
71
85
79
74
68
67
72
67
59
68
76
69
65
59
70
66
74
71
64
77
70
93
60
64
66
59
61
82
66
63
82
63
82
68
67
86
68
80
61
67
66
81
82
65
59
61
78
62
78
76
79
91
68
76
58
79
76
66
84
72
74
78
54
70
72
78
68
91
75
86
78
76
79
71
85
93
60
81
64
77
79
76
72
76
73
76
73
92
68
73
67
71
75
106
85
81
74
78
72
83
77
81
89
77
83
76
74
89
87
90
86
101
76
80
80
95
88
98
71
74
81
103
80
64
79
83
86
79
79
80
97
105
81
87
100
91
99
77
83
77
95
82
83
87
79
99
93
86
106
95
102
98
89
102
122
101
104
98
118
98
90
99
106
107
116
117
100
95
92
114
105
104
114
124
125
112
101
121
116
121
130
106
126
137
139
110
127
118
109
124
131
102
94
129
117
129
125
121
132
122
135
148
132
125
141
135
157
123
111
115
117
127
133
155
118
130
137
125
138
159
135
131
140
139
140
143
152
142
159
128
118
151
166
145
146
155
177
136
149
127
156
145
160
148
159
119
159
136
149
161
148
147
135
149
131
161
153
133
132
133
141
159
183
151
165
169
150
160
136
175
161
151
143
147
138
152
162
133
157
146
151
163
119
148
140
134
139
135
135
128
148
117
131
149
164
146
141
150
128
132
151
131
140
135
140
148
134
119
130
130
125
143
127
118
116
145
118
139
117
135
107
105
126
126
133
100
113
124
128
133
111
129
127
124
129
100
104
116
130
119
135
110
125
99
113
114
105
110
107
107
116
113
107
107
109
109
114
97
115
104
112
92
101
129
113
100
112
108
89
117
109
109
82
106
112
109
103
96
110
94
126
106
97
117
117
104
94
102
111
112
124
113
94
127
124
113
128
119
109
122
119
110
122
138
118
117
120
112
131
124
130
135
119
114
138
131
130
127
133
122
140
117
132
141
161
157
153
148
129
147
152
151
150
154
156
166
141
156
173
148
172
146
148
168
163
163
210
185
207
178
154
179
176
158
183
194
174
185
176
188
190
211
213
199
201
211
199
192
202
226
240
204
185
197
224
230
200
220
243
210
231
233
217
261
226
240
232
239
257
262
261
262
255
244
252
250
239
258
283
232
287
287
271
269
276
296
267
258
259
267
272
257
265
306
278
273
309
263
298
316
311
313
330
292
300
316
320
303
302
318
291
337
316
293
311
327
336
314
349
300
373
288
299
327
282
328
333
314
305
331
301
284
309
293
291
325
277
341
327
287
298
325
319
318
295
309
312
316
312
310
272
314
349
320
328
304
305
292
331
294
276
294
319
267
279
287
285
284
278
275
294
298
296
270
266
280
299
272
271
289
258
274
280
268
270
305
255
247
305
254
249
269
260
254
256
246
216
233
253
277
270
227
216
224
216
244
203
239
214
216
234
230
172
219
221
208
217
228
193
209
186
189
204
208
187
173
206
184
176
184
179
180
186
170
192
179
171
167
149
169
178
185
156
153
149
139
147
150
172
146
123
140
147
133
147
138
112
119
137
117
121
117
113
108
104
135
104
104
120
122
102
91
111
109
99
134
102
117
95
116
111
102
89
100
85
89
93
98
85
99
96
76
84
88
85
82
80
85
58
98
79
95
77
76
67
81
82
63
83
69
76
65
80
74
65
63
64
57
60
67
73
60
48
52
62
57
58
64
49
82
55
62
47
60
61
43
57
46
48
54
66
51
39
57
47
52
50
45
58
49
65
55
41
47
48
53
57
44
37
48
38
36
38
46
44
45
49
42
44
38
31
40
42
47
26
40
43
42
29
43
39
46
35
25
55
30
44
33
45
37
35
30
30
46
37
31
22
33
37
42
42
41
25
34
30
40
34
37
46
31
38
38
35
22
29
31
28
37
33
34
25
31
37
30
36
34
39
43
39
38
31
33
28
38
32
24
31
38
28
24
26
23
35
21
23
31
28
36
29
27
26
34
29
40
33
29
20
38
34
30
24
28
30
31
44
34
30
29
22
28
23
34
42
20
31
27
23
30
34
33
22
31
33
25
24
29
40
23
29
33
33
34
25
30
33
26
26
40
22
29
24
33
26
40
27
19
28
36
26
29
34
28
39
28
25
33
31
29
34
27
36
34
22
24
27
26
36
41
40
42
32
32
32
34
19
21
27
30
36
35
29
25
40
35
29
34
39
39
25
23
35
33
42
32
30
38
33
20
34
43
36
47
37
43
38
44
35
36
38
41
41
52
39
39
43
24
35
33
28
39
39
33
46
34
42
40
46
43
52
44
28
41
42
42
45
38
37
44
46
47
50
43
32
48
53
37
48
57
44
36
52
44
52
48
51
66
58
49
57
60
38
47
44
56
59
48
57
53
60
54
42
58
42
51
43
61
62
55
64
59
65
45
50
49
46
55
52
57
55
62
63
60
58
50
54
54
54
63
55
65
57
66
63
61
67
62
69
64
56
66
70
59
55
60
65
75
64
55
57
80
77
49
67
71
71
70
65
55
62
54
57
73
64
57
53
70
51
67
79
68
78
63
75
63
76
76
76
68
60
62
74
66
78
75
57
75
80
67
53
67
65
75
61
67
63
76
64
71
59
71
73
77
69
75
57
61
65
58
75
71
80
79
70
64
76
77
58
78
60
56
62
78
52
58
75
62
65
50
61
74
63
62
66
63
61
85
68
60
66
57
64
74
58
62
68
69
68
70
69
57
70
61
57
59
72
51
52
65
61
71
48
64
69
55
69
60
63
63
60
56
47
56
55
51
57
68
64
43
62
59
53
52
47
59
47
51
53
47
47
49
48
64
58
44
57
60
63
46
55
58
60
53
57
46
34
49
45
43
46
44
33
54
38
59
48
39
46
44
57
44
52
46
42
38
44
58
50
47
58
33
44
52
50
57
37
33
52
43
44
43
39
41
47
39
45
29
38
31
49
34
34
38
44
30
30
42
49
46
43
30
45
31
50
39
39
34
44
31
44
28
44
41
38
45
30
46
30
34
36
45
35
35
31
28
39
25
31
30
42
31
37
33
39
36
34
38
27
31
51
41
34
37
31
28
33
40
41
26
39
48
32
34
44
31
30
36
34
28
32
32
29
37
33
32
31
33
23
27
32
37
29
29
32
41
41
41
29
26
40
41
37
37
42
37
26
32
23
37
33
34
28
30
31
27
33
26
29
26
35
31
22
23
31
28
30
29
29
32
31
44
27
23
34
28
30
32
25
33
27
37
23
30
31
30
26
33
23
40
39
28
29
33
24
38
28
25
27
24
30
35
19
27
32
44
34
34
29
35
28
38
33
18
32
25
30
39
22
23
30
35
36
27
25
36
28
30
26
23
34
31
22
26
20
25
19
27
25
26
27
29
32
33
32
32
30
30
27
20
26
26
23
37
25
23
30
34
30
31
19
34
19
23
33
29
22
32
35
30
32
31
29
26
26
29
36
30
28
33
30
31
19
25
31
38
33
30
32
28
27
33
23
34
34
32
33
32
27
34
28
24
28
24
35
28
33
28
32
41
41
32
32
36
25
27
38
32
36
39
31
45
29
36
30
38
29
33
35
38
35
35
37
51
39
40
31
40
32
31
28
43
46
43
50
38
42
34
42
33
33
45
30
37
40
27
44
40
36
36
30
33
49
42
33
39
27
40
35
45
34
41
46
36
31
33
41
40
39
29
42
43
40
47
38
32
46
41
41
44
51
36
34
50
36
35
58
54
28
49
35
50
41
38
48
43
49
47
38
35
43
36
33
45
44
54
45
50
40
39
54
37
38
33
46
42
35
44
57
37
44
39
49
36
51
35
30
43
45
49
34
33
47
38
47
40
47
46
40
45
40
42
44
46
32
45
32
40
37
49
38
54
45
54
49
40
39
37
36
43
37
42
36
40
36
32
35
43
41
51
38
34
39
42
45
47
38
57
30
45
42
40
38
37
39
29
26
49
39
35
42
51
47
31
43
45
31
31
37
50
32
45
38
32
36
47
40
39
31
41
37
25
42
31
32
40
33
38
34
32
33
28
36
30
31
43
30
25
41
26
36
31
35
41
35
35
32
32
28
32
34
27
31
24
28
30
31
32
25
30
32
27
30
36
25
28
18
25
48
32
31
28
25
23
29
31
29
36
25
27
27
29
30
29
17
35
33
26
33
27
27
26
28
41
25
25
18
23
34
29
33
20
33
32
22
16
28
23
23
25
27
33
29
28
29
32
23
34
24
22
17
20
28
27
30
18
21
22
22
23
19
35
28
32
24
42
22
38
25
21
24
19
31
19
26
21
26
22
17
23
17
21
16
20
24
15
22
23
20
20
18
17
20
20
25
15
18
27
25
20
20
23
27
23
21
24
20
21
19
29
15
23
19
24
19
18
22
21
31
21
20
19
25
11
17
19
21
21
21
17
19
29
27
23
30
20
20
26
20
21
13
22
21
16
15
14
16
16
29
22
24
18
8
21
26
11
20
26
20
28
15
22
26
27
20
20
22
14
20
14
22
26
28
22
22
23
19
24
22
21
18
16
22
30
21
17
13
19
16
21
26
14
28
21
16
21
18
13
17
21
11
14
19
15
16
23
18
13
15
21
15
28
25
8
20
17
20
19
19
23
21
20
19
21
9
18
25
23
18
20
27
26
15
16
23
18
20
25
18
18
15
19
25
14
15
20
23
20
18
18
23
21
21
19
21
22
19
17
13
15
20
19
19
21
21
14
12
20
16
22
18
18
17
16
24
24
18
17
22
14
19
27
13
26
18
14
15
11
21
19
10
18
24
28
23
27
13
15
24
20
10
13
24
17
20
19
21
21
10
16
20
17
17
16
15
15
26
17
15
14
14
17
20
23
17
16
16
20
13
20
9
14
17
23
20
21
17
23
11
17
18
20
22
24
11
14
15
15
15
22
19
16
14
14
17
13
12
11
13
17
7
18
15
14
13
17
12
17
18
20
15
20
22
22
18
16
15
13
13
14
17
13
13
21
18
13
14
23
21
18
24
19
15
13
9
13
10
16
15
19
18
19
20
20
16
16
20
20
19
16
16
12
22
13
17
12
17
14
13
15
16
15
23
14
21
12
15
21
18
9
8
18
13
8
13
16
16
17
24
20
23
13
21
16
14
16
23
9
18
6
17
12
11
10
10
14
16
15
20
23
13
15
10
15
14
14
33
7
27
21
26
16
17
10
18
21
12
11
22
11
13
17
18
17
14
17
14
15
14
16
23
18
14
7
16
23
9
14
11
11
19
12
17
17
18
12
13
18
10
12
14
19
14
21
19
12
18
12
16
10
10
10
14
11
21
15
14
10
13
17
13
18
16
20
15
19
15
15
13
13
11
15
10
13
10
10
11
11
13
18
17
14
15
24
15
15
13
17
18
8
20
20
14
16
21
15
15
22
17
20
21
18
16
19
11
15
17
9
9
17
11
12
15
18
13
19
11
11
22
15
9
16
13
14
18
18
12
19
20
23
9
14
7
15
14
13
14
20
17
10
13
19
18
15
19
12
18
12
14
7
12
14
13
14
13
11
14
8
12
14
18
15
13
14
12
15
15
13
16
8
9
14
16
23
16
19
28
9
10
8
10
18
19
17
10
16
14
20
15
15
18
20
12
16
12
15
18
12
10
14
15
12
11
15
15
8
11
14
16
13
19
10
28
15
14
21
16
22
15
20
12
16
16
13
8
13
15
17
11
16
19
21
8
16
19
17
19
15
13
12
18
24
12
15
19
10
16
19
14
19
13
14
15
18
25
18
19
23
12
17
14
15
18
11
8
12
19
15
14
18
11
13
14
13
15
17
18
16
11
20
19
13
27
13
13
14
23
11
14
16
21
14
16
14
28
17
16
21
17
20
14
15
17
11
21
10
16
13
13
23
19
12
16
12
14
19
17
16
23
15
14
16
13
15
15
20
19
16
16
14
17
14
27
20
19
20
15
23
15
17
8
20
13
12
23
17
16
15
26
18
19
9
14
15
29
13
20
17
13
20
15
18
17
15
21
22
12
15
18
14
19
9
19
18
15
17
13
19
17
17
13
19
18
11
9
12
20
14
18
13
18
9
14
16
11
7
16
15
12
19
22
16
12
24
15
16
18
20
13
21
19
21
18
22
10
15
14
22
16
12
15
18
16
13
15
22
11
15
13
16
19
17
19
16
11
14
15
20
19
18
16
15
11
15
13
15
14
12
11
12
12
15
13
19
13
14
20
23
14
21
11
16
18
20
17
12
17
11
19
20
13
19
21
21
15
19
14
13
18
13
12
18
12
16
14
10
16
13
19
15
12
12
8
10
15
23
10
11
10
14
20
19
11
18
9
15
18
17
15
10
17
18
8
9
19
13
23
9
17
9
11
12
13
10
18
14
11
17
15
14
18
12
9
15
28
12
21
13
18
18
17
19
17
10
18
12
11
12
11
15
15
13
10
12
16
12
17
16
13
16
11
18
14
16
11
11
11
15
19
16
11
14
19
11
21
5
16
11
16
9
15
18
15
20
18
16
10
18
14
9
16
15
5
18
10
15
13
10
14
12
9
12
23
13
13
12
5
19
10
11
16
9
19
28
16
11
8
12
15
12
21
8
8
6
18
18
10
14
15
12
19
10
10
16
7
14
12
14
12
13
13
16
13
23
11
12
12
12
14
10
9
15
11
10
8
11
13
15
9
9
5
15
8
10
21
13
8
8
17
11
18
11
13
19
16
6
12
19
7
13
12
14
14
12
13
8
14
9
7
18
11
12
14
8
17
8
15
15
13
7
14
17
14
9
11
7
15
9
12
9
10
8
7
12
11
12
10
11
9
18
9
11
7
12
16
10
20
7
8
7
8
13
11
7
12
9
14
16
13
16
11
10
14
10
7
10
12
15
10
8
11
12
17
14
10
11
7
15
11
6
15
15
16
11
7
7
12
17
13
8
9
22
12
16
11
10
9
18
13
9
13
15
9
18
10
13
10
19
14
19
10
11
9
15
14
16
4
10
9
14
13
11
14
14
9
15
15
17
16
20
13
18
11
5
19
12
13
11
8
12
20
12
14
15
13
7
9
16
11
9
15
6
11
8
9
17
13
11
16
13
11
14
8
10
20
14
10
9
13
9
11
12
14
6
5
13
13
9
18
11
11
11
9
8
14
10
13
4
16
16
13
17
5
11
7
15
14
5
17
10
8
11
14
14
17
6
17
11
20
11
11
11
11
12
16
14
13
10
10
9
19
8
7
6
15
9
11
12
13
17
5
20
10
22
9
15
9
6
11
9
11
10
8
10
15
13
16
15
15
15
16
14
7
8
12
15
11
13
13
15
7
15
13
11
10
22
17
15
16
12
11
8
8
16
9
11
10
11
18
12
20
6
11
11
12
14
11
10
11
16
13
20
7
9
15
9
11
11
12
13
14
15
10
10
16
13
14
11
15
5
9
13
8
12
9
14
14
11
15
12
13
15
16
9
6
15
14
14
12
6
11
10
14
19
16
14
11
12
16
10
15
10
17
12
11
9
10
13
13
16
18
13
19
21
19
14
12
18
9
11
16
13
12
11
17
12
13
10
19
10
9
11
14
8
13
13
12
11
11
11
11
15
14
13
21
9
10
10
17
10
12
13
17
8
14
21
10
12
15
7
7
18
8
15
14
9
9
9
8
6
15
15
15
9
15
12
9
10
13
14
12
13
15
18
9
5
8
9
10
15
11
7
18
15
13
10
10
9
9
14
12
7
6
7
21
5
15
14
11
14
12
10
11
13
12
3
16
18
17
15
12
13
18
10
11
12
13
10
11
19
10
12
10
12
12
6
12
10
13
8
13
6
9
11
7
12
14
6
9
15
13
15
10
8
9
4
19
7
12
16
19
10
9
8
13
14
10
11
12
12
10
8
8
10
10
13
9
11
10
14
9
13
8
6
11
12
8
5
13
11
9
11
11
9
9
10
9
17
10
11
9
13
12
11
13
8
15
10
19
14
13
16
10
10
13
15
10
16
5
13
14
7
14
13
16
16
7
9
7
9
10
14
7
14
17
13
13
10
3
17
11
8
15
10
12
11
14
11
7
13
9
9
9
15
11
17
12
14
6
7
14
13
8
17
7
9
13
8
13
11
5
15
13
11
11
9
6
5
10
12
8
6
17
9
10
9
13
15
14
9
7
12
13
15
4
13
13
9
14
5
6
6
6
16
6
14
10
10
12
11
10
12
9
11
9
11
12
9
18
7
5
12
8
11
10
9
14
5
13
12
16
15
13
7
10
8
5
11
16
9
8
9
8
8
10
9
6
6
12
15
15
7
11
9
16
10
6
5
5
13
11
3
14
4
9
12
16
9
7
11
11
6
10
9
15
14
7
5
10
11
9
5
7
10
13
12
9
6
9
8
16
11
13
9
8
11
7
12
9
11
10
8
5
8
5
6
12
10
9
12
12
12
12
15
11
12
9
9
13
5
13
13
12
8
10
8
16
12
9
12
9
13
5
5
8
11
7
10
7
11
6
5
7
10
9
13
8
17
13
12
9
8
11
11
8
13
8
9
15
15
6
11
15
5
9
11
11
13
10
8
10
15
17
8
7
10
11
15
12
15
17
18
6
9
13
10
8
16
10
15
7
6
11
11
9
15
17
8
19
14
8
17
12
16
10
14
11
16
11
10
10
6
13
16
5
12
8
16
8
6
18
16
12
14
11
6
17
12
15
14
11
13
15
5
3
12
17
13
14
13
14
13
13
10
12
14
13
18
15
11
13
9
12
13
7
13
15
10
13
7
9
9
10
9
12
8
12
20
13
11
10
16
16
13
8
16
16
9
13
9
11
14
22
17
19
12
17
13
13
14
14
17
15
13
20
14
15
16
9
17
6
11
7
13
20
15
14
10
15
14
21
15
13
12
16
17
20
14
12
14
13
12
21
16
18
17
14
16
16
12
19
18
21
22
19
12
22
11
16
8
15
23
15
16
17
12
16
17
17
17
15
9
8
13
18
21
15
13
19
17
13
10
16
24
14
14
19
21
17
18
11
12
11
13
19
13
15
18
8
15
27
9
19
13
20
19
17
13
14
14
22
13
14
12
9
17
10
12
26
21
17
17
14
9
11
18
17
14
23
22
17
19
20
9
17
13
13
14
19
17
20
18
15
17
13
18
18
16
19
21
19
23
20
20
22
16
12
18
16
16
11
15
15
11
12
16
7
17
15
24
17
22
11
17
24
26
13
20
20
19
16
21
18
15
14
16
21
17
18
16
11
22
21
20
23
13
19
16
9
24
16
17
15
19
16
15
20
20
10
18
14
19
18
22
12
15
19
20
23
12
20
14
20
12
22
8
17
13
13
24
16
23
14
10
17
8
18
9
24
13
16
16
17
9
16
23
10
11
20
8
21
21
18
13
18
15
17
11
11
16
19
11
18
17
13
18
10
26
18
24
14
21
19
14
11
16
11
21
22
18
17
17
11
19
20
12
10
21
22
15
14
17
19
19
11
12
15
7
15
12
23
12
15
11
12
14
19
9
19
15
11
16
13
17
11
11
16
11
14
13
5
14
15
15
20
14
20
15
12
8
18
11
24
13
14
12
16
11
11
16
9
11
15
17
17
11
18
3
15
12
9
9
13
15
22
16
17
8
21
17
16
22
21
14
14
16
9
11
20
13
10
15
9
12
14
18
9
13
12
11
21
13
13
16
18
9
18
10
15
20
13
15
17
20
19
18
7
9
10
10
15
5
11
11
9
14
12
12
18
11
17
16
11
20
18
12
14
11
16
12
18
14
12
16
18
16
20
15
18
10
14
9
21
9
15
16
13
18
14
13
15
9
15
14
13
6
19
13
12
16
13
18
14
12
12
14
16
15
12
14
7
13
12
11
16
12
14
13
7
19
7
19
16
12
11
16
13
18
16
13
16
11
12
10
18
16
17
19
13
13
11
9
16
14
16
20
17
11
10
13
14
12
15
22
12
16
10
9
20
13
16
19
17
13
17
16
24
13
17
14
7
15
17
19
16
12
18
11
20
15
10
12
13
10
9
14
13
14
16
11
8
12
10
12
14
9
15
16
18
19
23
19
10
16
18
15
24
22
21
11
20
17
16
15
10
18
15
19
13
14
13
15
19
16
16
20
12
13
18
19
18
17
11
16
24
12
13
20
13
11
13
16
15
14
10
16
17
18
23
13
16
21
12
16
13
13
17
20
17
15
22
13
13
17
15
12
15
14
13
16
18
16
16
11
16
15
17
20
15
13
18
16
11
9
9
20
15
18
18
15
13
15
20
21
11
26
15
15
17
19
21
14
21
9
15
19
11
12
18
14
23
14
18
19
17
21
7
20
18
15
17
19
17
16
13
17
17
19
20
11
20
11
20
14
12
22
16
16
16
20
14
20
23
15
17
12
12
13
16
10
14
18
15
14
19
22
21
18
15
19
20
24
17
24
16
12
16
13
15
13
17
18
10
15
15
16
16
11
16
9
13
20
18
20
14
13
17
11
15
15
9
16
15
14
15
11
7
15
13
19
15
16
17
7
8
13
13
15
17
20
13
10
13
21
10
17
11
20
12
13
23
14
14
13
17
10
17
9
15
15
13
16
12
15
15
11
16
11
12
11
9
17
17
19
19
22
12
14
12
6
18
14
12
14
15
10
16
19
11
19
25
15
13
18
12
15
10
11
16
9
22
6
9
12
18
11
11
17
17
16
16
18
12
14
10
8
19
13
15
11
17
14
16
15
12
16
16
14
10
9
18
16
11
11
8
25
6
20
15
14
15
18
12
12
15
15
15
15
16
14
11
13
16
11
17
10
18
11
13
14
13
14
14
7
8
9
16
26
9
15
19
13
10
13
11
6
11
11
14
11
23
13
14
11
14
10
12
13
11
14
9
7
14
9
12
9
12
8
11
10
7
16
16
11
12
18
7
9
15
5
19
13
14
9
20
8
13
7
18
13
15
13
7
16
6
13
12
13
12
7
7
11
10
12
17
8
8
14
14
9
13
7
14
5
16
7
12
15
8
10
18
14
12
13
17
13
12
13
10
17
9
16
17
7
13
6
9
15
9
18
14
10
15
13
11
16
16
12
10
13
10
10
10
9
11
11
11
17
12
7
7
14
18
14
15
18
12
13
16
6
13
12
7
10
7
5
13
5
9
9
18
13
7
7
7
8
12
14
13
8
8
8
20
12
12
9
12
9
12
15
15
10
8
9
10
6
14
7
13
9
6
9
13
9
8
4
13
8
13
5
7
13
9
12
14
13
7
13
13
13
8
11
11
13
16
6
11
9
10
6
7
10
10
16
10
8
13
16
12
12
17
7
5
8
9
14
15
8
13
11
11
7
6
8
8
7
9
12
10
6
11
6
7
11
10
9
8
14
2
9
15
8
9
13
8
6
11
6
16
12
10
12
9
4
10
7
7
9
12
6
7
14
7
7
12
11
13
8
11
15
11
9
7
11
14
6
8
11
4
8
10
16
20
9
9
6
7
9
12
8
5
14
6
8
7
8
11
13
11
15
11
8
10
12
10
9
7
6
5
16
8
11
10
10
11
18
9
14
6
11
6
5
11
6
14
9
20
10
11
7
11
7
12
12
12
8
10
12
13
14
9
7
11
18
8
17
13
8
10
13
12
6
9
7
6
10
18
10
8
10
7
8
15
12
13
9
14
10
15
11
14
14
9
5
9
18
7
12
12
15
9
12
12
13
13
11
11
9
11
5
8
5
9
15
12
7
10
13
10
9
13
9
11
11
8
8
15
11
10
7
17
9
16
8
11
10
7
19
6
16
6
12
7
9
11
12
10
8
10
12
13
8
16
9
9
10
13
10
12
11
10
12
7
6
12
8
12
9
13
12
12
5
8
14
10
12
8
11
14
10
17
8
13
9
10
14
9
10
10
13
9
16
9
10
16
10
17
12
10
10
9
9
13
12
14
4
7
13
1
11
8
10
13
8
7
12
11
10
17
9
15
10
10
15
14
12
11
12
10
15
5
11
11
7
10
11
8
14
8
12
15
17
7
13
7
9
15
8
7
20
10
12
9
8
11
14
16
10
11
10
9
16
6
7
18
8
11
13
7
7
15
10
12
9
7
10
5
12
10
11
10
8
8
11
7
12
12
7
18
14
14
13
11
13
9
10
4
12
8
12
12
5
11
20
13
5
6
4
3
9
15
16
10
15
11
7
20
10
7
10
7
10
7
14
11
9
11
11
14
13
9
7
9
10
6
11
9
9
5
12
8
9
13
13
16
11
16
9
7
9
9
7
8
13
9
6
9
12
12
14
5
12
4
13
8
15
21
6
13
10
12
12
10
7
6
14
15
14
12
8
8
11
15
5
9
10
9
9
6
4
12
12
7
12
10
13
14
10
14
13
11
12
13
16
15
12
5
6
8
11
11
5
7
13
8
9
9
5
14
13
16
5
8
12
8
11
11
16
8
5
14
10
12
15
14
5
10
18
8
8
9
10
11
6
9
7
9
9
5
12
7
11
8
13
15
16
8
13
11
12
12
18
13
11
12
5
9
6
10
9
9
12
4
16
12
9
13
10
7
10
8
6
8
8
9
13
13
10
12
14
13
11
6
15
13
10
13
6
12
10
13
7
6
7
16
8
12
10
13
13
18
11
6
4
11
8
10
7
5
9
14
8
9
12
15
13
10
6
5
7
8
14
6
9
15
5
15
22
14
13
11
7
7
6
10
15
7
6
5
12
9
8
9
12
8
7
16
11
7
6
14
12
7
8
7
8
9
7
8
4
13
14
11
12
12
10
10
9
11
6
13
14
12
11
10
7
10
9
15
9
11
11
11
8
7
10
11
13
9
5
8
9
11
12
10
11
15
6
12
5
15
7
12
10
9
16
4
14
6
10
8
8
11
7
11
13
11
7
12
6
10
11
8
10
9
10
8
6
9
16
12
17
5
14
10
6
13
10
12
7
8
11
11
8
9
9
6
10
13
12
9
10
15
15
10
8
7
9
7
5
6
16
12
11
12
19
9
13
5
11
9
10
5
10
14
11
15
8
11
8
18
9
7
10
14
7
12
8
7
10
11
7
7
11
13
12
10
13
11
15
11
11
11
13
9
13
15
7
15
21
10
9
19
6
10
11
8
13
8
12
7
13
8
12
12
6
6
15
10
13
8
12
5
12
13
11
5
12
10
14
10
9
13
6
5
13
12
7
14
12
13
9
8
7
11
9
11
16
9
4
10
8
16
10
16
14
12
10
12
11
9
7
13
7
6
7
13
12
11
9
11
14
11
8
9
7
11
11
6
17
11
5
15
12
9
7
8
8
11
7
12
9
12
13
9
9
8
12
9
8
6
8
16
9
11
9
6
6
11
8
14
7
6
7
12
11
14
11
11
10
15
10
6
13
11
2
12
11
8
12
9
15
13
12
10
4
10
13
16
9
10
8
10
9
8
17
14
10
8
12
11
11
9
11
9
10
7
10
7
8
8
14
8
14
6
13
14
6
13
6
15
5
5
14
7
11
9
12
16
11
20
11
12
6
8
7
6
11
10
12
9
10
13
7
13
12
12
8
14
11
4
7
15
8
16
8
8
5
13
16
16
7
3
10
4
4
15
6
13
6
16
12
11
9
7
10
14
16
11
14
8
6
10
7
14
13
12
10
6
12
8
11
11
11
13
12
10
4
7
16
8
4
8
18
9
15
8
7
16
10
15
8
6
15
9
11
5
10
11
10
15
14
10
11
9
13
6
5
6
9
9
10
16
5
11
14
10
4
9
11
14
11
6
9
6
6
7
12
9
10
15
7
8
18
7
11
9
11
10
13
11
16
9
15
11
8
12
10
11
7
13
7
7
6
14
10
15
15
9
9
14
11
7
18
10
19
7
14
10
18
12
9
6
9
13
11
9
8
7
8
12
10
9
5
6
10
9
21
8
10
11
3
12
12
10
8
11
10
5
7
7
11
14
11
11
7
14
8
15
14
5
5
9
13
12
9
8
7
12
12
9
5
7
9
12
9
6
7
7
15
8
18
10
5
15
10
16
11
12
12
6
14
6
14
15
9
8
12
10
12
14
12
15
9
11
14
12
6
398
383
366
365
349
348
414
366
353
388
373
354
370
366
361
403
376
391
401
377
378
403
360
403
338
373
411
422
381
372
344
375
367
375
402
348
346
341
385
319
344
389
347
359
340
403
334
356
372
382
381
370
401
413
388
352
341
346
364
344
363
363
385
381
355
355
376
368
367
345
368
366
371
389
389
363
370
372
362
337
347
395
389
367
380
382
319
371
343
332
375
346
352
365
349
391
378
346
349
350
376
366
346
370
344
361
358
359
374
366
342
355
363
329
362
339
386
331
378
334
339
345
366
332
338
327
352
205
