0
0
0
0
0
0
0
0
0
0
0
0
0
0
0
0
0
0
0
0
0
0
0
0
0
0
0
0
0
0
0
0
0
0
0
0
0
0
0
0
0
1
0
1
0
2
0
3
4
2
1
2
2
4
4
6
6
3
6
6
6
3
4
6
7
6
11
6
8
2
7
3
1
8
10
4
16
8
11
7
8
10
9
19
15
23
37
33
40
50
66
53
80
112
148
170
191
261
315
386
518
622
753
960
1223
1471
2045
2231
2157
1837
1681
1403
1014
407
144
104
82
85
131
155
149
201
219
266
287
307
373
426
432
517
551
572
639
666
671
735
691
589
624
482
441
352
299
243
200
177
196
237
266
303
340
404
453
518
527
513
565
541
580
528
483
388
376
305
315
266
284
305
318
371
403
467
490
530
528
534
492
455
428
361
313
297
308
320
334
374
385
447
455
453
510
448
398
423
381
322
332
322
330
306
357
384
414
456
474
458
465
405
368
386
344
332
346
398
345
368
370
432
417
403
425
422
414
380
385
314
335
348
386
366
404
400
412
402
494
444
418
450
430
382
399
386
352
379
391
388
357
383
437
390
378
436
437
405
373
417
381
401
398
350
394
356
384
381
382
406
443
370
408
408
405
417
412
399
395
404
395
382
394
415
438
420
399
411
440
415
407
393
437
416
420
446
439
468
490
474
450
470
442
424
458
414
368
426
399
432
434
421
446
422
436
407
403
375
412
430
390
371
404
399
396
428
403
375
428
412
394
402
455
403
409
433
413
388
406
411
392
389
444
414
400
441
422
426
447
472
476
469
432
410
389
416
419
444
426
415
471
404
423
445
428
426
420
409
398
438
448
401
422
436
402
409
436
387
426
414
405
407
435
431
417
392
423
433
425
437
413
380
431
417
426
429
394
432
414
425
410
410
406
421
460
427
406
403
390
436
380
380
445
392
401
453
422
391
438
433
453
453
417
429
441
460
403
423
427
436
434
399
409
408
417
438
393
429
443
440
423
380
465
428
408
459
416
423
412
405
444
423
428
418
404
434
414
405
463
400
414
454
389
439
450
443
415
419
454
422
496
399
402
408
405
397
403
407
455
448
428
443
409
415
438
419
431
446
394
458
400
445
451
402
485
391
451
460
421
453
399
424
446
443
439
416
434
428
414
444
400
465
429
432
432
432
413
439
445
445
455
441
428
413
424
443
443
426
433
436
440
459
422
449
422
482
430
432
428
393
450
482
470
452
406
439
436
408
425
397
430
435
428
433
447
450
458
442
440
453
461
439
436
456
404
451
474
444
475
467
484
476
461
432
407
460
432
453
456
417
466
474
463
457
457
452
431
421
446
432
438
431
468
416
446
435
434
394
449
454
447
456
456
438
457
419
417
462
445
453
415
415
466
462
447
445
408
460
436
424
442
435
433
425
432
404
467
419
468
452
468
467
458
470
429
443
428
429
415
446
436
437
427
447
453
433
464
443
444
466
453
403
469
416
448
441
415
417
400
434
449
439
443
424
421
422
465
458
428
451
435
468
460
439
418
466
454
433
457
429
417
408
466
453
424
417
430
489
428
460
418
463
463
437
456
452
428
507
407
434
429
486
427
455
426
440
437
440
421
413
446
435
427
443
397
423
431
406
420
421
461
420
396
420
437
401
420
447
393
397
451
426
416
405
405
445
426
422
438
411
403
438
403
406
394
407
415
431
418
440
379
413
421
427
427
449
430
440
443
404
402
431
418
421
410
415
409
411
398
379
406
447
437
399
427
432
409
420
418
439
393
419
388
393
433
412
429
430
424
440
379
402
403
386
408
383
420
427
413
434
403
402
412
374
423
418
403
411
389
380
423
454
370
371
398
399
387
397
393
379
412
389
369
400
398
431
400
436
388
376
404
420
354
395
420
395
415
406
403
422
406
424
405
430
413
402
402
385
364
412
418
414
409
431
414
428
428
441
389
406
404
361
408
374
404
376
357
362
366
396
402
391
368
396
422
434
386
379
389
391
391
387
428
380
393
378
383
398
388
372
371
385
394
403
412
380
374
387
365
367
395
377
387
396
405
353
406
392
371
386
402
387
362
346
391
383
389
393
365
408
398
378
373
383
370
428
377
388
375
407
380
403
352
384
391
362
390
398
365
396
362
397
383
389
412
366
395
423
382
400
345
402
360
400
407
376
376
424
391
371
359
384
380
364
383
368
404
373
368
401
398
395
386
336
403
408
405
401
408
376
366
410
371
373
358
411
388
401
407
374
403
406
428
404
424
424
421
405
404
383
425
437
411
356
441
400
439
427
419
426
423
433
423
414
399
458
426
408
415
426
429
377
437
417
411
402
412
433
378
380
400
433
445
462
458
428
427
421
374
426
387
384
416
432
394
407
407
377
381
395
375
444
416
395
406
395
357
416
396
373
397
392
401
440
416
406
390
374
370
345
384
372
400
334
353
405
437
395
419
386
397
424
396
368
397
397
396
390
412
411
382
374
417
381
386
415
385
406
385
402
359
348
399
400
382
384
389
350
356
350
418
363
347
377
380
379
362
368
376
413
370
393
360
345
387
385
411
387
350
363
375
381
354
400
399
427
415
418
372
393
371
375
364
372
320
400
366
369
382
398
383
350
383
365
387
387
352
321
372
340
376
389
357
362
351
386
396
375
350
386
355
366
378
374
346
357
361
349
368
353
362
374
356
361
333
358
375
345
392
383
348
363
369
363
327
349
340
348
364
358
325
359
374
361
399
365
346
361
329
350
361
390
356
347
346
348
355
402
376
381
370
340
341
369
362
345
383
398
328
356
350
381
345
362
391
369
384
352
338
339
362
329
354
325
324
346
364
348
335
371
353
372
378
376
334
335
349
346
347
334
365
362
358
356
363
345
363
340
338
334
349
342
343
340
357
351
338
339
343
315
340
328
312
357
343
342
321
364
326
338
348
349
310
307
326
334
364
339
332
359
319
322
333
357
315
332
311
341
362
351
334
328
360
318
381
361
344
306
308
335
340
350
359
336
330
334
312
320
324
342
353
361
330
339
324
336
330
326
296
342
314
319
337
342
324
317
330
322
332
351
319
353
331
344
335
332
329
345
305
324
335
313
321
298
335
306
326
346
302
333
351
305
361
335
353
288
298
358
335
337
300
287
315
332
301
290
343
330
325
320
320
337
306
308
321
292
326
330
314
320
300
279
333
298
302
330
305
315
341
302
316
309
304
314
313
325
286
328
313
310
313
329
304
334
295
329
327
327
315
318
337
320
317
307
291
322
301
315
308
339
330
326
307
331
314
311
305
345
318
321
310
314
285
293
313
302
326
339
316
350
304
337
311
304
282
318
328
304
314
325
301
314
281
329
326
313
300
290
290
286
307
326
326
317
324
337
322
281
294
296
320
310
297
299
304
301
300
302
321
335
332
336
369
349
333
327
311
323
320
318
311
318
333
298
289
315
293
273
295
317
319
304
307
314
301
307
305
309
281
319
270
295
285
270
287
280
277
261
285
294
274
303
333
281
314
298
278
297
319
279
300
277
318
296
295
287
301
267
286
295
315
266
293
273
305
303
288
259
317
287
297
279
285
276
300
309
279
269
262
275
286
270
307
288
268
296
329
302
276
306
314
306
295
267
283
302
297
297
330
298
301
290
242
317
304
279
300
296
299
285
277
286
289
300
297
269
300
302
273
294
289
287
276
313
291
299
294
269
284
273
297
294
281
267
312
302
288
287
285
294
281
313
291
283
274
266
292
299
307
299
293
267
306
303
305
283
287
283
300
307
295
287
277
282
283
283
275
273
292
259
269
292
270
281
249
310
292
245
344
263
301
279
275
282
271
273
262
297
298
278
266
276
320
269
263
245
258
239
261
266
261
274
274
265
289
270
286
274
266
280
296
299
295
288
295
297
299
310
299
260
251
292
275
271
284
267
257
277
266
299
262
282
273
242
285
264
267
303
270
274
283
279
284
292
272
268
287
285
254
283
269
285
282
262
300
264
247
246
254
270
262
243
255
256
276
273
267
275
286
265
276
283
275
276
232
284
281
260
249
276
262
244
266
270
274
266
264
293
284
269
263
260
246
271
251
257
270
258
271
260
264
258
253
272
267
262
268
267
262
252
259
265
256
289
242
277
256
292
247
264
281
244
256
234
228
258
272
244
244
277
264
264
287
228
260
249
280
244
246
253
245
272
271
264
243
236
232
245
238
268
256
239
268
269
254
275
263
246
228
240
239
250
243
243
241
262
248
255
248
255
278
242
281
288
262
249
291
237
244
244
253
257
226
248
239
269
250
247
243
279
270
278
234
279
282
276
236
242
244
244
258
256
233
277
240
256
233
248
236
266
244
248
269
228
245
270
238
257
237
247
224
244
241
245
252
240
248
245
243
264
257
257
252
231
259
252
245
251
234
278
262
233
232
252
241
222
256
240
227
249
277
258
256
244
245
242
237
246
269
259
216
231
231
271
259
268
259
267
246
242
264
244
268
246
257
251
249
246
258
261
243
262
245
251
244
232
237
239
239
246
246
277
240
255
254
225
225
272
249
221
241
272
246
250
257
274
274
249
227
255
252
215
257
249
218
235
238
239
229
253
274
229
219
238
235
239
250
218
226
236
247
225
245
240
245
255
262
248
260
245
260
239
259
248
245
246
254
252
241
258
275
231
240
241
270
246
256
223
240
251
254
252
247
270
221
238
251
249
243
244
245
222
221
216
216
244
257
242
213
223
227
241
215
255
254
235
257
188
240
228
255
222
229
237
213
271
252
241
242
233
230
238
212
270
262
235
218
257
223
212
271
224
238
255
234
221
233
254
252
218
246
228
220
236
241
262
238
248
251
225
238
224
264
234
210
249
237
251
245
210
252
217
233
230
236
234
227
257
235
254
213
236
257
221
237
257
252
229
246
244
239
226
225
204
252
238
230
232
229
204
230
242
213
222
241
259
259
208
241
236
242
225
230
225
236
237
219
218
238
238
203
233
226
229
214
242
228
264
189
218
228
240
224
237
190
240
251
223
254
243
232
225
222
228
234
225
255
210
246
200
242
222
244
236
225
247
226
209
215
222
211
214
232
235
235
245
203
240
226
215
210
242
208
238
228
249
223
241
244
222
236
213
214
247
204
233
218
203
239
219
213
218
214
237
231
200
202
223
216
198
234
235
222
206
213
232
208
251
228
200
234
243
201
229
240
224
206
213
217
254
216
228
217
251
202
237
214
211
218
232
246
220
222
223
227
225
225
225
221
209
236
250
224
231
216
242
252
245
213
220
229
240
238
247
215
224
216
236
242
256
250
274
225
213
206
210
222
220
213
220
234
237
248
230
227
231
224
255
195
211
225
269
210
214
214
241
216
202
228
234
222
209
202
222
216
207
199
229
224
216
212
210
249
209
199
210
199
239
214
216
222
227
241
217
213
241
211
246
210
218
231
243
216
217
231
210
219
210
240
226
223
217
249
231
233
189
205
217
237
216
205
221
202
244
212
227
207
221
202
210
220
224
213
220
224
217
184
198
184
228
205
224
209
229
219
225
202
207
224
219
203
221
190
216
233
231
223
199
224
203
221
202
230
218
223
224
216
203
218
224
216
233
221
197
234
202
224
208
237
223
246
231
191
212
219
241
233
254
204
222
226
234
213
224
221
225
220
226
209
213
219
198
204
221
199
182
221
226
208
218
209
238
223
211
202
206
223
191
234
222
209
229
212
239
208
209
237
205
210
247
234
217
241
247
241
284
231
272
238
236
251
234
258
241
220
233
221
260
213
226
221
224
208
220
213
196
233
205
204
186
230
213
211
208
223
241
218
203
211
215
197
218
194
212
188
196
207
204
218
208
208
243
192
238
221
175
211
194
222
240
224
240
198
210
227
228
203
214
204
210
214
220
208
210
190
238
223
222
202
204
219
220
218
227
251
223
216
242
219
224
207
215
221
231
235
189
212
216
193
214
227
222
237
208
200
196
209
211
207
220
213
215
195
208
207
212
205
232
210
221
211
214
213
205
177
196
212
225
201
217
217
214
214
176
203
229
224
232
213
200
198
221
231
197
206
204
213
216
213
226
225
214
208
206
222
195
225
203
212
179
205
223
202
216
218
218
183
199
218
215
219
229
222
197
216
232
211
205
170
194
185
234
209
189
202
223
192
219
199
216
218
215
224
219
206
182
204
186
188
177
197
251
214
215
197
204
199
205
188
206
214
219
227
181
188
188
205
195
198
217
230
194
224
175
172
215
201
220
198
208
223
206
182
201
207
203
196
205
229
186
228
228
196
222
232
241
208
194
197
202
200
196
222
210
216
217
208
200
199
228
202
203
218
212
199
214
229
215
202
255
181
208
220
221
201
208
224
223
198
204
218
184
220
209
203
197
205
194
195
198
214
194
211
203
221
205
209
218
205
226
215
203
191
239
179
199
198
188
200
213
215
218
211
212
183
212
209
190
196
207
208
210
232
214
221
196
198
212
215
183
215
230
205
190
190
188
175
190
207
223
197
230
209
185
208
212
206
193
209
206
221
213
204
232
233
238
206
209
210
223
199
220
216
209
208
159
211
217
195
214
227
190
198
213
236
204
235
188
203
226
202
199
218
199
209
198
195
224
191
212
187
192
204
194
219
218
225
198
169
190
222
196
187
206
193
227
198
196
188
190
207
219
193
209
212
210
192
220
199
186
204
213
227
194
184
197
208
190
190
191
225
201
201
212
216
229
197
195
223
244
188
185
219
207
201
185
192
207
187
214
180
196
202
186
198
191
207
202
211
213
210
190
201
217
216
234
204
194
206
209
209
195
204
218
200
185
199
206
191
219
216
174
183
225
203
179
226
187
215
234
178
188
198
193
205
209
201
206
189
188
185
212
188
199
223
233
198
233
233
227
232
220
209
227
207
199
233
206
188
218
186
192
183
198
210
211
214
200
170
175
197
203
202
190
208
232
205
198
183
191
222
185
194
204
204
205
173
226
204
206
217
204
190
223
211
205
196
211
176
203
191
187
187
208
219
192
204
178
211
193
212
171
229
206
211
211
187
211
195
203
214
197
173
199
221
204
193
200
220
220
193
174
199
229
205
211
204
175
230
182
205
199
192
211
194
198
204
201
227
206
236
202
212
181
192
202
182
208
202
189
225
204
198
203
206
193
207
189
190
183
160
190
214
206
200
171
204
214
201
226
179
210
179
195
186
197
224
215
189
184
207
202
198
196
207
196
199
203
196
192
160
220
200
204
211
189
200
220
198
198
198
194
201
232
194
174
208
190
199
178
182
202
191
190
223
200
202
211
181
203
199
202
178
201
188
209
201
204
210
183
219
206
219
193
196
193
205
215
209
214
205
199
186
189
213
189
205
209
176
179
187
210
191
189
203
199
203
214
190
189
203
190
191
213
198
200
206
221
227
210
205
206
199
194
206
223
206
192
187
201
206
196
211
187
203
195
184
204
202
227
185
171
208
208
210
195
191
212
196
202
197
203
213
220
215
239
204
221
208
197
222
193
179
190
200
211
197
192
195
193
208
217
189
187
185
200
169
216
206
198
181
191
215
224
191
181
205
180
211
187
185
193
201
197
223
212
167
203
208
195
203
209
208
212
182
207
203
188
205
194
195
200
207
199
175
208
208
196
186
190
206
191
220
213
210
179
211
185
209
194
209
218
207
226
188
229
205
216
209
203
213
191
207
209
210
219
182
206
201
185
220
214
195
234
198
182
183
214
190
201
186
225
213
219
196
182
191
212
226
177
198
209
189
176
223
195
184
183
183
192
213
202
209
191
217
182
198
214
214
192
195
212
201
188
199
187
191
212
210
204
192
200
195
179
203
212
220
200
237
195
193
215
204
182
183
193
205
205
229
202
211
195
223
225
216
214
202
203
212
193
185
205
169
184
228
201
191
221
219
201
222
205
190
192
207
181
192
210
219
187
215
207
190
199
195
189
193
212
219
202
196
191
186
220
194
220
200
215
197
186
177
211
196
225
205
215
197
194
191
208
191
208
234
196
219
223
207
229
181
230
190
182
197
184
205
204
184
198
184
191
227
219
209
185
209
202
224
195
207
208
207
175
183
213
234
216
193
201
217
195
194
194
198
183
189
210
203
223
207
213
215
168
192
221
176
190
203
212
190
200
192
187
198
200
207
190
200
246
185
207
208
225
203
213
189
172
212
192
207
218
186
195
196
224
234
171
209
204
222
195
206
189
183
188
179
227
202
207
183
184
210
200
183
214
211
194
198
181
234
227
213
207
214
170
198
230
210
210
210
205
179
203
214
189
233
202
216
212
199
204
206
228
200
234
183
221
203
208
177
223
209
199
214
185
190
201
209
208
203
200
187
218
190
187
216
195
213
211
207
222
212
219
168
190
212
184
199
196
188
183
196
205
207
194
222
219
220
192
226
198
208
210
219
177
204
219
213
194
180
205
192
197
185
206
228
219
211
228
202
200
197
218
205
195
237
202
228
209
196
200
182
221
194
227
192
194
209
208
230
223
198
210
228
209
216
192
213
201
217
194
198
217
214
187
246
208
194
199
208
228
195
223
209
210
198
213
208
213
244
225
207
163
204
221
224
192
206
208
181
198
197
169
214
184
193
231
220
195
226
217
222
196
240
178
191
223
190
234
182
202
202
217
198
183
195
196
227
196
213
204
206
209
203
194
197
185
222
230
203
215
196
212
205
216
197
216
165
200
197
222
231
230
214
219
189
213
219
211
194
197
226
219
214
212
174
214
207
209
211
225
200
217
209
199
190
200
219
226
214
234
181
208
237
202
205
211
224
229
220
194
188
230
178
228
232
209
231
203
196
197
191
205
231
205
221
215
226
208
218
207
218
226
196
244
195
223
226
211
220
199
226
205
194
229
208
208
191
202
258
200
246
197
213
207
228
235
206
225
204
189
214
197
218
218
216
223
227
207
231
214
208
238
226
223
189
217
204
192
204
228
198
218
227
203
216
199
233
223
219
228
228
192
237
208
217
224
199
217
233
233
232
208
220
242
211
226
211
197
228
217
241
220
212
212
197
241
197
251
225
225
235
185
223
219
229
197
233
201
232
224
231
212
214
224
216
224
234
210
242
218
241
207
220
216
226
221
213
250
208
219
226
189
211
192
213
231
210
217
207
201
226
233
244
209
226
223
215
213
244
212
222
216
235
229
226
222
238
220
224
244
247
209
222
230
230
208
212
222
235
221
201
222
236
240
216
210
232
214
222
207
234
243
220
234
236
234
238
227
231
232
243
244
213
220
204
253
241
243
195
217
214
217
228
216
199
221
224
188
224
216
196
218
213
209
229
225
214
222
232
200
239
239
269
233
236
238
268
219
237
238
250
225
252
216
242
222
244
232
236
239
221
241
210
215
227
231
239
254
240
247
247
231
241
221
244
240
233
242
231
209
200
251
221
226
228
230
224
239
234
222
239
236
218
228
257
188
236
248
216
228
233
208
213
228
204
214
231
194
222
214
246
214
229
230
255
229
218
257
263
242
243
207
244
244
234
264
198
211
237
237
229
224
243
246
223
231
216
238
242
204
208
248
225
250
239
257
229
190
256
254
218
224
240
249
243
238
234
214
254
219
241
235
242
219
248
220
234
246
218
268
215
237
234
246
215
258
251
226
215
212
213
249
236
238
252
240
243
246
232
258
237
242
240
240
227
229
236
196
245
270
231
223
283
243
233
261
223
237
276
252
240
224
225
262
251
245
230
240
258
240
236
246
228
225
237
232
216
238
239
239
220
237
268
253
257
250
240
252
250
264
219
262
243
237
234
236
252
230
222
258
231
230
261
244
256
270
248
242
275
247
249
231
238
247
245
237
249
253
243
232
239
240
238
254
236
218
244
245
236
222
263
251
245
243
231
217
240
232
258
252
242
261
254
218
248
243
270
244
255
254
249
261
227
266
243
258
270
247
238
274
256
251
260
243
250
264
237
269
240
214
266
249
241
246
240
242
262
260
257
272
242
253
245
261
272
249
252
249
250
255
252
296
291
239
248
259
246
265
259
260
241
248
255
249
234
266
252
266
226
278
258
270
256
267
305
255
259
268
276
282
249
261
245
255
268
263
256
264
241
254
259
238
278
249
271
273
271
269
222
215
273
263
251
254
275
271
260
257
273
265
276
291
258
270
263
289
253
236
255
244
237
292
296
307
247
243
281
242
280
274
278
250
248
246
284
250
307
258
287
276
240
283
282
253
270
281
285
236
276
274
243
290
280
257
271
322
285
310
265
273
278
297
287
294
268
288
262
275
277
296
265
289
271
275
273
246
273
287
271
307
265
284
258
276
271
252
254
275
288
283
284
296
305
270
291
279
325
272
277
284
272
300
283
258
255
248
289
277
281
286
265
280
277
279
268
311
300
283
270
269
267
283
275
279
295
271
299
320
287
267
305
288
273
318
272
303
291
287
297
287
279
263
284
308
295
277
271
285
281
285
292
293
317
301
310
290
266
315
329
267
293
277
279
292
277
266
281
301
273
281
301
290
286
282
269
300
297
315
290
303
292
287
321
275
286
275
286
274
303
259
343
310
288
308
292
290
293
301
288
303
258
297
277
322
292
290
302
284
287
295
318
309
290
289
290
263
289
307
285
306
309
315
301
288
297
299
275
309
264
316
299
285
305
274
308
296
293
329
299
311
303
317
309
305
297
290
295
311
263
307
315
303
328
315
267
295
280
283
318
320
317
314
302
313
291
307
290
291
321
301
296
322
295
305
302
287
334
317
323
271
283
309
307
284
297
279
303
291
293
310
303
319
293
308
283
304
314
314
299
316
312
283
310
323
300
308
302
286
292
316
291
303
317
307
312
345
296
296
295
337
313
302
330
330
328
359
302
292
315
311
301
300
291
322
336
298
307
298
311
287
320
307
291
307
284
284
308
324
299
296
295
302
278
300
319
284
301
303
288
293
332
292
290
316
281
293
309
286
277
290
272
285
318
309
309
234
294
276
263
277
329
261
261
253
259
264
295
252
271
283
266
264
271
259
254
270
267
268
253
254
243
265
233
261
250
257
251
239
224
243
272
262
258
246
235
254
249
270
250
215
240
220
253
232
266
231
233
236
257
261
262
227
213
229
253
236
221
253
230
229
236
235
240
272
236
233
218
258
213
221
222
208
232
274
218
224
261
242
237
230
231
222
244
251
243
214
219
236
236
216
227
227
231
240
221
251
247
222
224
232
229
218
217
231
233
245
235
235
227
215
256
245
219
226
214
228
205
241
228
210
229
236
200
207
234
223
235
234
218
244
229
251
241
220
235
231
227
265
216
234
202
221
235
253
216
228
231
219
200
189
240
240
240
229
208
229
241
247
228
200
211
207
218
199
226
246
231
220
223
215
220
230
211
209
222
226
211
219
212
225
216
224
232
228
250
226
215
204
206
209
211
227
208
217
233
195
232
211
218
228
225
219
236
228
230
213
221
191
216
214
210
219
228
222
200
199
205
217
222
225
203
225
244
191
243
225
214
207
231
204
230
230
213
214
228
220
222
208
225
222
219
240
230
232
222
211
224
197
240
219
224
210
168
234
213
241
238
200
208
193
200
224
226
220
228
183
214
213
217
234
200
227
209
218
219
215
214
242
190
222
227
203
213
244
197
226
210
189
223
220
224
218
197
225
201
233
226
192
197
221
208
200
209
235
211
210
207
197
211
211
210
240
213
205
228
202
213
219
193
240
217
245
206
207
210
205
193
240
210
190
218
220
236
205
202
239
178
203
194
200
245
188
210
198
222
215
213
207
220
213
190
207
208
202
202
195
196
234
202
230
226
206
211
214
205
225
185
198
210
220
209
210
210
219
218
174
224
201
225
220
207
223
191
213
218
226
190
206
212
239
234
215
210
245
182
201
204
191
220
188
221
218
213
192
202
200
180
221
195
208
216
215
171
174
204
215
183
205
203
221
221
216
199
201
196
205
200
218
214
216
183
188
189
166
208
191
198
218
193
198
212
200
194
218
202
211
218
214
221
194
221
190
201
212
193
197
217
199
222
203
216
188
194
198
208
201
186
235
184
203
181
184
197
225
182
178
219
224
218
194
184
190
201
217
199
196
180
206
197
198
198
198
188
176
210
191
194
190
192
194
210
215
227
209
209
177
204
183
189
203
229
213
192
199
224
200
219
172
211
205
191
222
196
198
199
210
186
194
198
211
229
209
181
207
187
211
192
202
205
191
197
198
187
196
194
197
179
210
203
198
223
201
185
191
206
191
174
192
195
211
211
192
192
175
176
208
187
198
194
184
204
191
205
195
197
186
196
176
194
189
205
200
212
182
205
244
179
215
200
205
215
197
200
187
200
201
204
194
191
216
210
189
194
189
171
208
201
220
179
189
199
210
216
210
204
177
183
214
206
192
207
193
210
199
179
223
195
194
197
214
208
200
191
200
197
188
177
225
191
179
217
207
160
185
188
187
233
196
195
198
207
174
202
197
178
227
218
200
206
173
190
205
220
195
188
204
218
195
213
210
190
207
218
188
199
207
201
186
201
198
188
222
219
213
219
217
181
200
216
185
221
225
170
197
179
205
181
187
222
210
216
218
204
225
205
219
205
207
227
219
213
222
207
210
168
191
210
193
192
215
193
219
219
210
189
188
212
221
199
186
209
248
194
215
206
202
207
206
197
213
183
206
197
195
212
215
205
170
219
205
171
203
180
202
189
175
211
206
208
208
210
193
175
173
203
199
196
203
187
172
189
213
196
212
160
176
171
204
181
190
199
194
177
170
191
168
191
149
178
173
165
173
152
187
175
170
149
150
158
188
163
130
154
156
168
153
158
171
143
174
150
146
158
158
148
167
158
141
142
128
151
135
126
157
147
144
135
146
141
141
137
138
125
123
137
132
117
145
133
133
115
134
140
135
143
122
136
137
141
134
135
150
111
109
120
135
131
127
129
143
120
133
147
132
128
123
127
132
145
125
128
122
111
135
129
124
125
128
141
135
160
125
98
113
109
111
141
127
126
125
117
103
123
115
126
116
112
142
132
107
103
120
129
137
137
138
121
107
113
125
119
118
120
112
123
126
120
119
109
117
120
116
120
114
116
106
117
136
97
127
117
108
119
107
131
116
128
124
105
110
103
102
112
110
122
123
117
135
114
145
125
120
128
114
117
113
106
133
114
129
136
105
117
121
120
129
132
111
112
116
117
124
157
127
117
111
131
128
125
135
148
128
132
142
120
122
127
143
155
151
125
148
152
135
151
142
135
107
168
146
131
130
147
156
155
153
167
145
143
157
163
176
149
162
170
173
154
161
156
173
187
158
196
185
180
176
179
175
198
197
202
213
191
172
218
228
176
215
215
220
222
218
238
228
204
220
274
225
265
248
262
282
261
281
322
303
322
317
388
428
479
645
898
1338
2040
2976
4030
5442
6765
7965
8703
8733
8521
7978
6896
5745
4550
3620
2873
2312
1821
1424
1182
923
734
643
476
410
318
289
225
176
163
138
135
119
109
102
112
87
112
82
102
108
95
80
82
84
85
89
74
94
87
89
94
68
73
66
87
91
85
71
73
70
81
50
60
71
74
76
80
78
62
81
76
71
73
64
84
80
68
63
77
60
62
74
77
71
69
67
80
83
76
68
78
62
78
63
78
69
69
70
70
61
78
56
59
69
77
71
67
65
72
69
60
84
67
64
68
64
65
64
65
69
80
58
77
57
71
48
68
61
58
61
77
68
60
69
57
50
56
55
74
53
50
43
56
84
56
55
69
54
59
58
60
52
55
59
56
73
52
67
71
54
62
57
69
59
65
67
59
54
47
55
64
49
66
64
61
69
54
56
52
68
63
59
53
55
49
49
67
70
61
55
49
59
53
52
53
37
52
61
55
42
53
50
53
51
49
42
47
49
59
39
60
54
50
43
49
43
44
58
39
51
54
49
49
41
47
47
51
55
57
53
54
49
58
56
43
43
51
42
47
42
49
47
39
57
45
55
41
36
44
39
52
36
30
36
43
40
55
47
46
41
39
37
46
44
34
46
50
37
42
31
47
39
41
32
45
36
37
31
38
46
39
45
34
25
47
48
40
36
37
43
38
44
33
35
36
43
41
40
38
51
41
40
43
31
37
55
52
40
42
39
33
45
38
43
40
35
29
38
29
24
45
43
41
25
40
37
29
30
36
38
42
47
31
34
45
25
34
39
45
40
28
33
38
30
27
32
28
38
26
30
47
42
38
37
41
40
28
37
22
28
43
25
37
33
34
27
30
35
29
34
29
38
22
37
34
32
31
21
30
34
24
35
31
30
24
32
38
32
20
35
24
38
30
33
27
32
31
35
32
33
27
30
33
30
25
35
25
26
27
23
25
33
17
11
34
29
28
24
30
26
23
21
25
26
27
31
30
27
20
28
25
36
31
21
19
33
28
33
24
28
16
38
28
29
15
28
22
32
26
19
35
30
33
25
25
24
23
27
21
25
29
29
26
27
26
24
31
23
25
31
21
28
28
27
27
16
21
21
27
36
21
24
24
23
33
27
18
17
26
27
28
26
30
21
33
25
30
26
22
28
29
23
31
30
15
26
22
25
30
22
26
27
28
29
14
21
18
28
24
33
29
38
23
24
25
25
29
34
32
21
28
31
22
34
27
19
25
11
19
19
18
22
31
36
27
28
21
29
30
24
24
33
39
28
18
20
29
21
25
19
26
23
31
25
15
23
19
20
17
28
29
23
25
22
28
22
22
23
32
28
21
35
13
25
27
16
28
21
21
11
28
27
22
19
16
23
22
29
21
26
22
28
25
28
27
28
19
22
33
23
29
24
14
17
24
29
32
23
29
22
20
26
23
17
18
20
28
20
20
28
19
22
16
33
29
18
22
23
26
21
20
19
24
25
21
23
30
37
20
20
25
27
31
23
29
14
18
27
24
27
24
31
23
30
20
18
14
18
26
27
19
31
23
25
25
20
23
24
18
14
15
20
21
24
23
19
30
26
22
23
30
22
34
28
22
16
25
25
19
21
20
30
23
27
26
36
33
30
21
23
24
22
29
20
15
36
28
24
34
38
39
32
43
40
28
38
37
44
40
43
43
45
56
45
55
54
42
42
45
57
62
65
51
69
68
59
56
66
55
63
55
58
56
75
62
84
70
81
67
70
83
77
87
85
87
77
78
86
107
87
95
89
106
93
104
92
116
88
94
103
110
118
127
120
119
138
135
145
131
176
115
153
169
133
168
179
168
169
187
193
212
217
207
183
296
307
444
665
896
1358
1961
2927
3876
5018
6175
7082
7568
7683
7491
6815
6013
4959
4154
3249
2634
1923
1580
1257
970
764
584
470
415
301
223
163
126
104
87
57
54
40
41
34
28
20
19
27
19
17
14
21
20
17
8
10
17
10
8
14
11
16
5
8
8
5
9
7
5
10
9
13
10
10
10
11
4
10
9
13
10
12
7
7
12
10
6
9
8
10
9
13
8
11
6
9
12
11
6
4
8
8
5
5
8
6
11
10
11
12
7
9
11
8
5
12
8
9
5
7
8
7
8
6
6
11
7
8
2
5
8
12
6
4
8
3
5
4
4
8
12
7
7
7
7
9
8
8
8
9
5
5
8
8
7
3
8
6
5
6
3
12
6
2
10
9
13
9
4
4
7
8
9
4
8
6
5
2
9
9
8
14
9
5
5
6
1
9
6
6
6
6
10
5
13
6
9
4
7
6
9
5
10
7
4
7
4
9
6
8
8
9
9
6
4
10
9
7
12
3
2
8
4
6
6
10
4
4
8
6
6
5
7
8
9
5
8
6
4
6
8
6
9
7
7
6
7
14
5
7
10
5
6
5
1
8
1
7
4
4
7
8
7
12
9
7
8
9
4
7
3
7
13
5
9
3
2
5
2
13
5
12
2
5
4
6
8
10
2
8
9
9
5
7
6
8
6
6
4
6
8
9
7
8
4
9
3
3
6
3
6
8
6
12
5
3
8
5
4
6
6
5
9
9
10
7
7
9
4
4
5
3
9
12
8
5
6
10
5
3
5
6
4
4
4
7
2
6
2
6
5
6
6
5
7
9
6
11
8
3
4
9
11
7
5
9
8
6
11
7
10
8
8
6
9
5
8
7
4
8
5
6
5
5
9
8
9
3
7
5
10
9
9
5
7
7
12
7
10
9
11
5
7
12
8
4
12
4
3
3
7
7
6
6
4
2
4
8
2
11
4
3
4
10
3
6
6
9
5
6
8
8
6
9
3
11
4
8
7
8
10
5
8
4
3
3
1
9
10
10
7
12
8
6
4
4
1
5
6
4
3
2
3
11
8
7
7
12
5
8
7
7
9
9
7
7
6
7
1
5
3
6
5
7
8
4
7
5
3
1
6
3
8
4
9
4
6
4
5
5
1
3
8
7
5
7
10
9
9
8
2
4
3
4
3
4
8
6
3
9
6
4
6
8
9
4
6
7
8
7
6
6
5
5
9
9
4
7
4
7
7
4
4
5
3
7
5
9
5
13
5
3
7
11
5
12
2
7
9
4
3
5
4
6
5
4
11
5
4
2
10
5
7
8
8
8
7
4
8
10
6
2
8
5
4
9
10
11
7
2
4
6
3
5
10
4
7
6
2
6
2
4
8
3
6
6
5
7
5
10
6
6
4
9
7
5
6
8
6
11
2
5
4
7
5
12
4
1
7
6
7
5
6
4
11
6
4
5
1
8
6
6
12
5
7
5
6
6
10
9
5
7
8
2
3
7
5
9
6
12
13
13
23
27
35
37
41
52
51
52
42
51
32
35
19
22
18
12
9
9
10
6
10
13
9
5
8
4
6
11
6
2
5
6
9
2
5
9
7
1
7
6
5
3
3
8
9
2
7
2
9
9
5
3
4
7
4
10
5
8
6
4
7
8
6
5
7
8
5
5
7
6
4
7
5
8
8
4
3
4
4
6
3
5
6
6
8
2
3
2
4
3
5
6
1
5
13
4
8
4
7
4
6
0
3
6
3
7
3
11
3
6
5
2
5
2
0
3
7
5
5
5
5
6
9
3
8
5
3
3
5
6
6
5
3
2
5
6
6
8
3
2
2
3
10
9
4
5
8
5
3
4
8
3
4
6
4
5
7
5
7
2
2
4
8
7
1
9
4
1
5
4
8
6
11
5
8
6
5
6
4
9
5
8
12
4
1
1
2
1
8
7
5
10
6
7
5
4
3
6
5
7
4
5
3
3
6
5
8
4
1
4
0
3
5
5
3
2
1
4
6
6
7
5
5
8
8
4
6
4
4
5
2
4
4
3
6
5
3
5
3
3
4
5
6
5
2
4
6
10
4
6
2
5
4
4
9
3
6
6
2
12
5
2
7
4
4
4
3
8
7
2
4
7
3
11
3
8
5
7
7
2
6
6
6
1
2
4
6
4
5
5
6
5
6
2
2
5
3
5
7
3
4
4
8
6
7
6
4
7
3
3
1
5
4
4
4
5
5
7
2
5
7
8
3
6
9
3
4
5
6
1
4
4
5
7
5
7
4
3
4
3
5
2
6
5
4
6
4
6
5
2
1
4
7
3
7
7
5
4
4
8
6
1
3
3
5
4
5
1
1
6
9
6
3
1
2
5
5
1
5
3
4
7
2
5
3
2
5
3
4
2
3
6
12
3
4
7
0
7
8
6
5
5
7
3
1
3
3
6
4
1
9
4
0
5
6
5
6
5
2
3
8
2
5
6
6
6
6
3
7
5
9
2
3
2
6
4
4
8
7
1
8
5
4
3
4
7
5
3
5
0
3
10
8
5
7
5
3
2
4
7
7
4
2
2
5
5
4
6
8
4
1
1
4
9
2
3
4
2
5
4
5
6
1
3
3
4
2
4
6
3
5
2
3
4
6
5
2
4
6
6
0
2
7
5
5
2
3
5
3
7
5
4
4
3
3
8
4
5
10
3
4
8
5
4
3
5
11
2
2
2
5
5
5
2
3
0
4
4
3
4
4
7
5
7
4
4
3
2
1
1
6
3
6
5
1
9
5
2
5
2
1
2
5
2
7
6
5
2
4
3
7
5
5
3
4
4
4
5
2
3
5
5
3
3
2
4
6
5
6
6
4
7
4
1
4
5
7
4
2
3
5
6
0
5
1
4
2
7
10
8
4
2
1
9
6
4
0
6
6
2
9
7
1
4
2
4
3
6
4
3
3
3
2
6
6
2
5
4
5
5
4
5
2
5
7
6
2
7
2
5
7
2
3
2
8
7
3
7
2
3
7
2
3
2
4
2
5
7
5
3
4
6
6
1
4
5
6
5
4
7
8
3
4
5
5
5
3
8
3
8
2
5
2
5
3
2
4
7
3
0
2
6
4
5
3
3
5
4
5
2
5
1
69
70
76
69
64
83
80
82
77
82
84
87
85
82
70
82
76
65
65
84
83
72
74
78
72
61
82
76
85
67
75
58
78
74
90
86
71
79
81
80
76
65
69
79
78
101
68
82
73
71
86
67
74
74
68
86
79
74
79
72
79
65
75
64
71
80
65
54
81
71
69
72
86
76
59
61
76
72
78
74
66
86
68
59
77
61
70
73
68
73
71
70
69
61
64
80
76
84
63
75
87
73
61
65
61
75
76
75
68
62
70
70
65
62
63
66
74
80
66
76
64
59
84
80
67
69
65
37
