17
20
24
19
18
11
18
21
25
16
27
26
12
10
22
11
18
12
17
21
16
10
14
14
16
17
7
11
11
14
18
8
15
16
14
17
13
13
15
12
11
7
21
7
14
8
13
19
15
13
14
6
10
8
15
12
18
48
81
213
378
541
608
630
580
673
712
810
916
1039
1169
1197
1180
987
819
682
648
655
576
584
533
536
586
515
521
489
500
490
498
483
504
503
527
544
506
515
509
542
550
525
519
498
503
521
493
491
517
557
521
546
530
482
531
536
516
537
523
524
508
549
527
584
559
530
556
509
512
564
524
560
542
492
527
571
546
509
537
530
556
528
512
517
553
531
545
529
575
565
570
559
565
572
557
597
547
530
564
576
548
569
605
583
571
555
549
587
565
619
581
596
581
584
558
577
599
584
622
573
588
604
621
541
587
614
647
601
587
613
632
603
586
605
576
609
626
613
660
563
577
642
628
610
618
598
647
663
635
675
660
637
642
676
624
670
605
614
653
637
698
670
653
710
655
625
604
652
653
660
663
650
693
675
650
697
666
730
701
688
690
706
720
690
707
683
718
722
702
688
633
718
688
663
654
706
700
748
734
744
688
779
693
725
717
698
726
742
702
682
690
746
733
750
721
723
763
684
726
755
735
683
757
707
761
712
794
750
757
758
743
740
745
765
755
767
782
667
756
743
718
782
736
794
785
810
734
770
783
780
784
725
761
805
746
782
774
720
774
742
840
775
816
808
793
770
769
762
789
729
734
791
756
776
781
750
786
726
770
739
778
741
787
780
764
788
770
808
765
772
814
830
812
763
769
799
745
802
803
781
751
802
758
784
787
737
756
774
761
802
748
804
771
818
800
805
806
821
801
779
817
775
777
816
769
810
812
720
820
785
764
778
782
799
820
805
781
824
799
760
811
779
804
755
786
804
814
765
801
815
760
751
801
785
822
799
814
785
791
801
756
763
787
784
805
912
829
843
820
798
780
849
812
808
811
787
773
806
758
838
774
894
863
818
846
753
820
780
783
831
796
784
812
857
799
825
794
854
762
837
789
790
772
825
825
841
761
804
859
786
836
845
831
800
832
836
875
928
791
816
811
783
791
808
805
804
789
873
840
796
740
807
844
811
830
819
846
828
813
809
771
856
820
805
760
869
776
829
807
831
778
852
823
814
822
790
844
827
801
825
808
868
802
793
805
819
818
836
814
809
859
820
841
804
830
822
834
814
784
791
843
851
808
780
840
818
787
781
789
789
824
782
823
786
784
780
783
796
840
853
791
748
829
823
773
813
824
815
818
861
820
796
775
825
867
859
837
808
803
821
845
788
800
767
810
846
809
823
849
892
778
787
778
818
790
833
852
814
774
793
799
813
850
876
827
776
865
803
791
830
806
853
869
867
857
841
805
798
856
838
847
866
873
828
849
873
878
869
848
869
897
791
841
888
899
859
887
877
820
912
908
855
918
902
926
888
901
866
900
914
930
930
913
870
940
876
908
900
1013
935
927
891
961
951
943
970
935
950
975
967
959
974
970
924
937
928
981
987
987
983
922
948
997
997
998
952
964
1030
984
1015
995
947
935
985
943
960
999
1003
1033
969
996
985
1050
1018
965
1031
937
945
1003
975
1011
1040
985
974
1007
1049
988
965
953
989
1004
1034
959
1046
953
967
974
977
932
963
1006
1011
1012
1024
970
979
1023
975
976
955
969
998
1034
939
977
976
988
1017
979
966
957
1056
992
962
932
966
933
961
912
970
999
958
954
942
974
976
939
943
988
972
955
987
957
926
947
966
911
921
940
919
915
934
956
908
904
980
933
938
918
975
929
934
922
917
910
867
911
927
927
946
925
942
915
914
927
863
860
944
914
933
823
858
969
931
884
889
969
972
905
892
892
870
886
921
857
924
866
905
895
876
880
919
911
895
873
902
874
899
844
880
894
901
873
910
833
836
829
860
866
883
869
956
845
870
881
884
886
888
840
935
912
890
866
909
800
876
881
838
864
840
823
785
843
874
882
871
840
857
871
828
928
808
883
866
833
844
852
847
832
800
868
866
873
805
868
831
832
814
835
794
809
859
803
768
750
800
807
843
801
770
769
784
806
876
818
744
811
805
819
786
810
758
763
770
856
825
757
788
802
859
814
793
759
800
783
800
745
785
779
806
786
832
781
813
817
774
789
728
768
815
775
739
710
751
727
769
765
820
764
776
787
817
717
758
750
767
785
752
780
755
786
763
804
809
713
752
714
705
718
761
789
718
772
713
702
780
763
715
741
722
732
721
768
713
757
790
737
792
718
704
686
727
765
774
728
753
764
778
733
744
712
751
695
754
700
738
734
741
688
707
708
717
685
737
728
723
679
739
711
704
683
720
732
688
708
681
686
764
695
745
729
739
683
707
687
627
720
692
711
677
717
681
686
679
686
708
660
708
672
694
678
712
678
726
700
666
684
715
692
724
649
726
655
716
704
702
689
703
680
661
673
704
677
688
671
684
681
638
616
670
690
724
686
680
656
643
688
699
687
669
678
687
686
691
686
703
678
693
647
716
715
683
673
636
688
700
736
658
701
701
660
695
703
660
652
658
684
668
655
680
718
681
654
657
652
664
631
685
632
664
652
643
647
646
716
690
660
696
699
677
637
707
711
638
624
699
658
692
702
711
662
668
674
722
652
659
665
695
639
681
707
674
663
666
683
665
676
664
670
683
636
689
663
635
682
660
690
637
670
675
679
647
666
668
684
656
654
671
671
715
641
724
714
679
647
714
722
673
642
686
663
619
640
665
681
662
648
675
645
698
649
672
646
677
638
648
720
632
669
754
650
642
624
634
659
648
675
708
659
647
640
630
640
629
662
628
670
620
633
613
620
638
663
606
652
654
659
681
648
656
603
578
624
613
627
684
635
635
633
610
642
603
576
610
643
632
612
613
617
619
650
592
618
612
602
573
605
608
595
600
577
617
581
546
604
591
589
525
543
549
614
564
516
553
571
576
593
579
548
544
534
517
552
511
554
537
504
518
534
504
541
510
511
493
526
514
519
478
519
521
534
544
491
505
558
459
509
528
455
510
476
488
457
506
494
486
493
481
483
522
471
499
472
474
452
446
498
456
467
461
472
471
445
496
428
486
409
434
454
476
420
427
417
474
435
402
424
421
431
383
440
423
416
406
409
439
407
403
386
422
411
385
427
410
418
400
425
376
402
379
408
375
379
401
410
380
351
364
421
385
389
397
382
402
401
382
346
356
404
389
377
373
418
367
369
364
355
337
381
352
366
361
355
363
353
354
370
335
348
353
327
374
346
351
334
326
352
350
326
346
355
342
351
360
350
349
347
371
344
328
336
339
327
326
364
299
330
320
345
326
307
354
336
313
330
314
324
336
328
317
333
321
345
331
322
314
312
319
310
339
323
349
318
344
301
298
319
293
332
318
300
327
310
300
327
290
283
286
343
311
286
330
335
317
301
320
317
336
310
302
302
320
326
304
330
313
310
297
336
281
297
299
305
273
277
310
306
306
295
315
291
280
310
318
278
329
281
260
301
276
318
299
302
294
282
281
279
273
264
282
299
261
305
281
309
285
278
290
282
295
258
303
292
292
289
275
289
292
303
283
290
290
273
295
293
279
307
264
243
283
243
248
280
284
301
302
302
277
265
258
273
267
242
272
287
270
278
269
248
262
282
269
258
257
245
278
262
269
259
270
265
254
284
258
252
273
235
276
279
260
267
260
256
267
265
253
254
217
275
258
262
254
272
275
268
269
278
271
307
248
295
243
283
263
256
281
262
287
262
254
270
273
283
251
251
256
256
254
276
266
262
255
257
293
276
271
246
241
238
263
251
260
275
261
251
237
265
268
245
260
253
253
247
265
239
256
249
263
283
251
266
264
257
279
243
284
248
238
256
250
270
265
248
266
256
238
272
292
248
260
256
263
251
259
256
240
269
251
280
255
232
231
239
273
228
258
256
262
247
278
257
231
244
222
265
260
230
265
274
269
248
240
254
264
262
224
277
257
251
270
249
255
264
234
265
275
253
249
288
255
256
268
289
246
229
240
263
263
236
256
241
230
262
252
246
279
261
273
262
269
253
240
256
247
262
281
258
255
260
300
276
256
260
271
265
237
307
263
303
246
289
253
295
270
271
269
277
283
277
278
277
297
287
262
272
262
297
304
274
295
288
306
281
301
297
292
271
296
321
309
293
315
316
296
342
340
324
366
306
342
357
324
320
335
375
399
344
364
366
388
375
382
397
409
399
385
429
416
428
433
420
412
387
442
447
462
512
473
517
478
516
504
508
551
513
502
547
564
567
567
557
598
624
599
629
669
652
709
672
685
651
725
749
755
792
748
765
807
788
854
818
803
942
876
914
905
959
916
918
948
1030
985
1013
1066
1083
1068
1079
1102
1071
1108
1170
1185
1190
1234
1262
1205
1278
1313
1290
1287
1375
1352
1420
1404
1435
1409
1386
1570
1579
1502
1608
1649
1506
1616
1687
1681
1750
1715
1753
1723
1843
1789
1870
1878
1859
1916
1962
1989
2046
2040
2089
2048
2090
2106
2143
2185
2186
2375
2208
2314
2325
2333
2428
2401
2413
2424
2448
2462
2545
2502
2504
2650
2587
2696
2614
2753
2742
2757
2811
2779
2849
2892
2869
2830
3001
2882
2921
3006
3010
3087
3016
3092
3086
3116
3274
3210
3193
3283
3238
3310
3206
3248
3292
3389
3341
3485
3498
3433
3392
3440
3420
3456
3475
3634
3687
3550
3495
3487
3646
3669
3571
3616
3801
3649
3543
3670
3672
3729
3795
3762
3724
3770
3760
3790
3764
3771
3705
3853
3773
3843
3821
3818
3711
3825
3738
3822
3775
3793
3721
3809
3683
3779
3801
3746
3753
3731
3772
3783
3712
3744
3763
3694
3580
3722
3748
3684
3644
3719
3628
3617
3658
3691
3538
3649
3520
3503
3514
3576
3509
3569
3541
3547
3428
3346
3300
3340
3287
3391
3390
3379
3209
3270
3237
3190
3179
3147
3261
3167
3161
3131
3076
3221
3026
3062
2958
2984
2937
2995
3052
2831
2823
2822
2869
2780
2779
2742
2705
2588
2626
2605
2575
2497
2665
2548
2521
2506
2510
2322
2423
2329
2350
2349
2366
2188
2279
2206
2249
2061
2060
2094
2021
2000
2062
1987
2049
1936
1919
1966
1884
1759
1867
1778
1770
1769
1703
1804
1655
1677
1634
1651
1560
1520
1560
1537
1519
1443
1456
1431
1431
1429
1382
1353
1317
1252
1222
1213
1237
1276
1245
1196
1182
1168
1146
1085
1127
1118
1018
1022
997
1038
984
997
974
979
913
914
917
887
857
882
845
800
865
799
769
733
743
757
714
694
684
647
695
647
631
655
659
619
647
586
597
626
598
597
523
533
543
555
537
534
512
495
485
469
497
458
423
468
452
446
427
438
410
416
401
397
401
376
344
363
371
343
338
371
366
346
342
310
312
338
307
337
318
279
310
297
299
285
268
314
278
276
282
269
274
233
274
265
256
257
264
232
241
233
252
241
232
243
215
241
208
239
220
196
194
207
224
213
203
204
197
230
209
204
201
191
193
170
197
202
186
189
209
178
183
183
179
164
174
180
171
180
194
188
168
171
172
182
157
144
133
151
162
144
178
149
167
169
165
129
154
176
161
145
151
156
127
164
137
167
160
136
154
152
148
158
143
157
170
140
140
147
137
150
135
138
149
172
123
141
114
137
119
147
133
139
119
112
141
146
116
145
139
118
143
128
153
127
139
144
134
154
124
122
145
146
157
141
131
118
142
150
138
120
145
124
127
136
118
122
143
133
128
135
105
133
130
121
134
133
115
122
118
125
129
125
107
128
119
126
121
121
130
112
130
112
103
113
108
129
134
117
122
120
114
129
138
125
131
136
122
124
128
111
120
126
116
113
102
123
100
124
131
121
111
112
111
130
131
145
126
105
117
139
123
147
116
142
110
126
110
129
93
119
124
110
112
126
114
139
120
119
119
108
111
138
119
111
116
120
100
122
138
118
123
103
128
114
125
106
129
116
125
104
118
118
112
121
122
107
122
115
113
118
122
117
84
116
108
139
125
115
107
101
102
111
115
97
131
114
121
136
104
121
130
109
90
99
99
98
130
101
110
121
107
112
108
97
108
128
136
99
108
119
119
119
133
116
112
121
119
109
112
129
117
115
109
121
120
124
128
126
114
108
138
124
109
97
124
122
104
98
116
135
97
113
117
123
116
111
111
102
126
109
130
107
128
111
126
124
116
121
101
115
120
105
118
126
110
99
118
104
115
124
106
120
127
115
125
121
112
144
119
114
104
112
119
105
115
113
108
116
133
113
102
130
115
120
101
118
140
110
106
108
144
116
109
117
114
125
101
112
124
87
117
113
129
130
129
119
101
109
137
107
119
115
119
122
136
110
118
106
131
128
112
114
122
135
102
123
113
113
107
115
111
111
96
139
132
120
125
121
114
104
113
123
106
119
122
117
104
111
116
114
117
130
96
114
122
93
133
121
116
111
133
111
140
109
124
130
145
114
117
123
108
125
124
95
103
121
105
140
112
129
116
136
110
114
113
125
110
127
129
117
111
138
126
118
115
124
105
125
122
106
129
132
132
119
120
119
126
128
124
111
113
109
114
138
120
124
134
107
100
115
112
122
116
133
108
131
126
127
126
125
127
89
127
120
111
107
120
145
151
137
138
116
114
113
106
129
109
134
104
120
124
118
123
130
125
119
110
127
120
129
124
115
107
131
122
129
115
129
105
118
127
112
117
123
95
125
124
123
118
121
108
124
111
131
97
117
111
122
125
102
108
129
109
144
116
115
94
105
126
121
113
118
112
124
112
100
125
108
127
101
132
116
119
127
114
104
116
139
124
124
119
126
126
99
115
129
104
120
106
116
114
115
112
116
102
109
117
109
111
114
118
100
115
109
125
119
108
105
105
106
107
111
113
131
119
125
108
115
139
134
116
110
123
110
107
111
111
113
101
108
133
115
112
119
118
121
112
128
116
110
115
122
114
117
125
126
131
111
122
135
112
120
125
124
119
124
119
107
124
105
150
98
111
104
110
121
125
118
102
101
117
111
118
108
136
119
112
111
133
104
125
106
134
97
127
121
137
115
121
110
118
123
108
117
113
119
96
119
116
108
124
113
110
115
130
120
96
103
118
120
124
124
107
111
105
132
102
121
142
127
119
117
90
119
114
102
101
103
116
130
126
96
96
111
126
125
121
98
124
112
118
127
121
120
117
114
108
137
119
113
105
100
142
113
107
114
108
125
122
103
131
113
101
121
130
106
119
122
135
99
116
131
100
114
110
130
120
111
100
109
125
119
122
97
119
115
127
110
130
109
106
124
134
112
106
117
119
104
101
114
98
112
113
102
89
111
109
113
125
106
126
128
123
113
111
100
103
117
116
121
114
114
124
115
89
117
116
99
138
100
113
110
121
106
107
108
116
104
86
117
118
106
111
132
118
146
118
122
105
123
119
127
97
113
103
112
114
107
131
113
99
121
121
137
112
122
121
101
108
99
131
98
105
125
117
127
127
114
112
119
131
130
114
122
112
102
124
132
110
105
123
130
127
109
115
116
124
111
109
137
109
113
124
128
107
108
108
107
111
107
122
99
126
113
109
123
129
117
112
136
111
108
122
115
118
118
117
113
119
116
126
136
126
121
94
109
103
115
130
126
119
112
93
113
114
100
107
114
99
109
101
123
106
118
115
102
120
108
108
113
109
109
111
111
116
108
108
114
108
106
110
117
112
101
103
105
124
99
124
128
122
115
120
120
145
121
107
118
116
108
122
95
129
99
111
145
122
119
117
125
106
115
107
105
125
111
102
126
112
120
110
114
105
108
122
109
111
114
138
116
107
101
104
114
102
106
101
119
124
117
110
103
101
118
83
111
129
112
105
99
113
130
115
104
113
119
100
101
119
116
120
132
114
126
121
114
121
104
126
123
125
137
124
101
149
101
111
119
118
103
131
123
114
122
123
125
118
111
116
113
120
116
98
126
93
103
117
96
116
109
118
142
108
116
127
118
128
113
123
134
109
112
94
110
114
120
115
117
131
129
125
95
127
119
96
117
121
115
125
125
102
115
128
114
94
110
99
115
110
100
109
107
97
116
114
140
119
119
115
111
110
119
113
112
117
120
115
104
119
121
115
109
88
117
118
132
105
107
106
97
111
130
116
108
134
108
120
126
109
120
97
121
135
105
136
100
101
129
123
121
95
111
126
117
99
120
116
135
115
121
128
116
135
123
124
125
139
111
124
149
112
104
119
128
119
118
123
124
115
106
129
109
113
124
118
123
126
128
127
112
121
128
100
106
121
127
110
119
106
110
113
113
109
135
118
117
132
118
97
103
113
127
108
127
122
115
130
110
132
124
126
118
137
115
97
135
144
119
93
136
139
120
122
110
124
126
125
130
125
124
126
121
144
133
121
117
121
114
127
122
117
116
119
100
122
120
118
134
124
116
129
102
152
140
123
133
125
108
118
116
138
127
134
96
122
126
137
108
120
129
120
136
117
120
135
122
111
127
132
139
133
141
122
112
130
108
109
103
125
114
121
124
128
107
122
115
132
107
133
124
113
113
114
130
107
126
110
120
111
139
126
124
128
125
122
133
117
120
130
116
119
130
120
138
121
125
139
129
125
114
108
123
141
121
116
123
134
130
127
130
118
121
149
122
134
137
111
127
116
123
111
110
146
106
117
136
117
121
117
139
141
130
126
115
130
125
110
133
140
115
118
118
140
118
152
150
115
137
105
137
109
128
113
140
123
140
135
139
122
134
134
145
128
146
122
136
140
126
130
118
136
113
156
129
132
124
138
142
115
133
109
140
129
150
122
144
122
149
132
125
132
142
110
142
120
135
135
138
129
140
130
133
130
140
129
128
125
152
116
134
151
129
105
127
131
146
122
122
125
144
118
127
124
137
138
119
128
113
130
131
121
141
123
136
128
129
145
140
122
119
153
126
143
128
132
128
134
129
146
148
125
131
119
142
127
146
151
137
130
132
118
133
142
126
142
136
124
132
126
126
131
138
124
141
136
126
123
138
130
135
153
127
131
141
141
142
127
121
109
119
136
134
162
139
123
156
119
130
139
124
161
140
148
143
122
125
156
144
160
124
149
134
122
125
134
129
150
118
138
150
169
121
144
151
139
109
131
138
126
116
132
148
158
143
147
157
132
121
166
126
142
132
128
126
139
142
140
124
144
140
135
129
132
121
128
134
128
138
142
142
136
116
124
147
144
121
134
130
153
133
123
155
150
124
135
120
133
148
142
116
136
148
134
147
121
132
139
137
130
141
136
150
143
131
126
121
128
122
143
151
144
123
124
138
134
134
118
108
140
129
125
135
115
137
132
165
138
141
138
160
131
136
119
139
134
129
124
116
117
137
129
114
136
127
126
131
133
126
127
148
140
136
125
125
134
128
115
99
126
118
125
127
152
134
114
115
117
134
114
112
137
126
119
111
131
108
127
128
126
137
129
109
110
101
124
123
107
154
122
131
123
105
124
122
109
118
118
130
108
121
139
108
121
118
154
118
114
106
109
132
100
108
105
108
114
115
91
108
115
106
109
94
91
94
109
104
108
123
110
102
111
120
108
108
102
114
131
113
103
106
104
104
106
126
128
96
110
99
94
118
122
100
97
105
123
93
100
126
108
120
105
87
92
84
101
98
94
97
116
102
104
111
78
95
90
81
102
95
102
94
90
102
111
105
92
106
83
105
102
91
84
102
116
100
101
83
94
88
99
93
103
95
102
90
98
96
110
69
107
93
85
95
88
82
82
93
87
91
97
87
102
84
73
73
65
94
90
87
93
84
88
86
75
83
86
79
84
79
86
84
93
93
84
83
85
80
95
96
88
68
93
75
78
83
72
75
65
67
78
82
82
91
73
69
71
71
79
95
83
73
63
79
83
76
67
65
66
84
89
75
79
75
62
62
72
72
81
72
76
53
59
64
64
66
59
76
67
74
68
73
70
94
76
83
63
68
61
73
65
65
59
70
65
69
64
67
51
49
61
48
46
55
46
53
65
73
69
51
77
68
61
54
63
65
52
66
55
67
58
60
51
49
53
52
57
63
66
49
62
59
61
69
55
58
49
61
63
52
63
60
57
62
61
54
69
58
54
53
60
46
55
58
53
55
43
49
52
68
57
54
56
64
45
62
59
54
55
51
45
50
58
63
66
42
50
55
53
57
58
61
51
57
52
52
44
37
54
51
43
54
52
36
49
55
57
40
42
39
42
57
48
58
46
60
48
46
55
54
47
43
39
50
59
53
59
46
48
42
44
46
32
48
40
40
42
48
51
39
59
49
61
38
37
39
33
43
52
30
48
38
51
44
41
39
39
41
47
48
41
37
37
39
34
41
40
31
32
30
43
33
38
37
30
50
30
53
49
46
47
32
40
36
35
49
37
45
38
31
38
45
49
46
30
43
38
35
39
33
34
40
38
42
23
38
44
37
34
36
34
35
50
37
30
41
38
39
44
35
40
29
36
35
41
36
33
39
45
36
41
35
46
30
35
30
30
42
39
47
38
31
34
26
33
39
41
35
37
37
25
32
40
35
48
43
41
36
33
30
28
40
37
38
33
31
33
44
29
51
35
29
37
39
37
35
41
30
41
40
34
34
29
39
30
32
39
33
33
50
31
41
31
42
33
31
46
42
37
26
37
34
44
39
41
38
30
43
32
30
29
30
31
41
25
30
27
30
28
26
25
33
44
43
24
23
36
39
33
27
29
29
33
25
39
36
34
29
25
37
40
29
29
25
27
34
38
30
35
24
29
37
37
35
35
38
30
43
38
36
34
37
29
34
21
34
40
36
32
43
28
31
34
35
35
38
20
34
49
32
38
46
32
27
39
39
52
32
52
34
35
46
43
46
49
46
36
34
53
34
45
53
48
40
48
50
54
49
47
46
52
40
60
43
46
48
61
37
55
36
61
63
51
54
68
60
51
56
52
61
45
63
43
57
64
57
66
64
59
50
67
51
62
58
66
56
52
63
68
59
76
64
58
68
78
65
69
78
84
81
75
74
75
75
77
69
76
72
76
73
68
87
63
80
79
89
99
80
84
100
97
86
90
100
107
99
97
91
103
106
94
109
117
109
101
105
109
96
109
113
105
106
105
120
133
117
114
100
130
113
138
114
125
135
157
151
126
136
124
145
154
123
130
160
145
177
155
159
161
141
155
150
163
160
158
171
155
161
151
181
156
195
180
170
160
175
184
171
173
183
167
163
206
191
196
201
169
191
218
219
199
188
205
198
215
207
189
228
226
216
233
215
219
198
227
236
225
229
255
231
215
244
219
229
240
240
251
262
263
248
259
268
268
220
290
250
269
289
261
277
292
288
297
286
295
278
285
322
255
322
289
295
302
289
305
300
317
316
322
295
298
311
316
296
331
308
363
293
322
340
287
347
345
341
310
340
341
346
335
353
336
356
376
366
349
391
350
395
380
377
373
380
383
400
384
368
378
385
394
410
433
348
365
346
388
420
364
424
425
413
423
412
396
414
387
421
477
411
401
389
415
400
420
448
422
422
408
422
453
423
377
417
445
468
456
429
437
434
447
433
421
463
431
458
436
452
460
444
425
476
458
451
456
511
442
413
438
448
442
447
458
423
486
435
466
457
497
458
462
461
451
461
485
477
454
473
458
488
464
482
456
478
490
500
479
511
491
493
469
462
497
463
448
495
495
483
474
478
467
515
474
484
481
463
505
493
503
476
478
468
476
525
491
498
486
476
475
484
531
481
460
517
521
465
509
482
460
465
502
505
483
498
495
476
512
461
462
504
473
472
484
477
470
492
427
484
480
436
442
508
489
488
468
468
465
449
483
498
448
454
458
433
467
473
443
524
491
467
449
432
477
455
452
471
461
430
483
416
440
463
476
443
434
432
467
430
442
425
435
480
448
435
401
407
452
472
424
440
432
433
394
406
436
371
432
390
422
386
432
400
401
398
395
424
413
384
437
405
384
390
410
398
375
402
408
370
372
391
376
353
355
403
380
377
377
363
381
375
374
406
348
379
357
391
384
359
358
336
356
352
327
331
330
323
339
334
342
327
336
322
318
336
350
310
289
324
319
335
297
327
315
286
313
274
264
335
305
288
257
348
296
294
296
308
313
290
283
288
261
266
292
269
244
243
280
258
258
232
248
279
267
274
250
249
252
270
238
244
229
238
242
249
230
238
231
216
241
238
231
252
243
218
214
224
213
183
191
198
204
203
195
206
240
203
208
236
180
196
190
187
207
175
181
196
180
169
187
159
205
181
177
206
171
187
164
187
193
175
191
174
158
179
158
155
162
149
155
173
142
150
153
127
128
159
129
140
145
152
127
135
119
141
141
139
150
130
127
136
132
138
128
115
129
129
129
117
121
125
128
125
118
113
116
99
102
117
95
104
117
120
121
92
130
123
90
108
101
90
88
88
88
95
79
114
120
92
82
90
98
101
80
95
82
114
82
105
80
72
79
92
91
71
83
82
87
84
83
70
77
64
73
68
64
80
84
78
79
74
49
71
76
66
70
71
76
90
75
78
59
63
66
66
75
57
58
72
67
58
70
69
49
54
64
57
51
51
64
56
52
63
66
63
45
57
60
39
63
58
51
53
55
53
51
50
53
49
60
57
61
47
52
62
49
58
63
50
54
60
46
56
48
39
46
59
62
54
43
51
41
42
48
40
44
58
48
48
37
45
47
53
50
37
51
44
39
45
45
46
38
35
40
38
48
48
38
46
49
49
41
39
30
41
31
40
50
38
35
32
38
43
46
31
32
41
42
38
34
40
36
44
40
32
42
30
29
34
36
39
45
32
46
48
34
34
41
28
37
32
31
41
38
35
38
22
31
40
25
33
23
25
32
30
40
31
31
45
45
33
38
37
36
27
28
30
32
33
31
28
31
37
26
29
30
25
33
35
33
30
42
34
26
24
39
26
33
27
35
42
35
49
30
40
22
32
33
38
33
29
32
41
28
34
27
28
34
27
26
26
28
33
38
35
26
35
25
28
32
26
45
20
36
27
25
24
30
24
25
29
33
18
21
24
24
31
24
16
38
31
24
28
29
38
27
31
28
34
38
23
26
31
27
33
25
22
29
20
24
32
34
31
20
27
25
24
28
32
27
24
31
31
22
21
28
24
30
28
24
22
35
24
28
36
34
33
29
17
24
24
25
20
27
27
28
24
25
42
32
20
27
19
23
34
34
25
23
25
21
20
30
27
29
31
22
27
36
28
25
15
22
27
26
17
31
32
23
23
19
31
30
24
24
33
20
24
20
27
18
17
20
32
28
26
17
23
27
29
30
21
29
21
24
26
24
16
34
29
34
33
25
29
23
26
33
22
22
24
22
22
26
28
20
27
21
23
25
20
20
25
24
23
23
22
22
18
22
25
42
25
22
25
26
19
32
19
29
21
28
25
18
33
21
22
19
19
23
29
28
15
27
28
28
24
19
30
12
29
28
24
27
20
29
23
25
23
23
25
24
23
17
23
34
25
34
21
30
20
25
25
27
23
29
20
22
22
29
38
14
25
20
27
24
27
16
26
25
12
36
27
16
27
21
16
28
14
28
26
29
21
25
27
24
22
12
14
12
22
12
28
11
20
23
23
22
18
25
22
20
24
24
28
15
23
19
27
19
18
22
15
20
24
27
26
22
19
12
22
22
24
24
25
21
21
23
23
26
26
19
22
23
21
28
24
28
30
28
22
24
29
26
18
22
35
23
18
21
24
21
24
16
18
25
21
21
20
28
37
20
25
18
24
14
22
28
22
22
18
16
26
14
30
18
30
17
18
15
21
24
24
17
22
15
10
15
21
20
20
26
26
20
27
21
13
25
22
16
22
28
16
18
15
22
16
24
22
13
19
22
23
21
23
21
16
25
17
22
15
14
20
28
21
17
25
18
18
16
16
17
12
18
25
21
14
19
17
18
21
17
22
16
16
22
20
23
15
13
12
20
15
24
13
15
16
13
19
14
9
16
19
20
26
14
21
15
20
14
19
9
18
16
19
24
14
15
18
16
23
20
19
11
21
19
15
18
21
20
20
13
18
12
15
17
13
14
13
15
16
24
27
21
22
22
23
6
13
14
19
9
15
15
15
19
15
9
19
12
19
10
22
27
14
15
11
20
22
16
17
12
21
12
18
10
11
16
12
11
24
13
16
14
15
12
11
17
11
14
24
16
15
9
13
12
17
21
10
16
17
10
19
14
17
11
14
17
15
21
14
17
12
17
16
18
13
13
13
14
12
19
22
19
17
19
30
17
22
13
13
14
12
20
16
21
19
18
12
13
25
17
20
14
18
12
13
17
15
17
13
13
17
6
13
15
13
15
15
12
17
14
14
19
14
15
11
15
10
13
16
14
10
19
10
10
14
14
11
6
9
12
12
14
9
13
11
16
17
22
17
18
13
8
6
20
14
8
11
12
13
12
8
13
18
10
14
12
19
9
11
14
12
12
15
12
18
5
14
20
6
19
16
12
15
13
10
15
13
12
9
10
18
15
15
13
7
11
10
14
15
15
11
15
9
14
9
11
9
9
15
11
10
10
7
8
2
11
12
9
16
8
8
10
11
8
11
9
14
17
8
7
11
8
19
12
11
16
7
6
8
13
16
7
8
18
10
5
6
19
9
14
15
10
7
10
17
3
9
10
8
8
2
8
8
6
12
12
15
8
9
13
9
14
10
11
7
6
11
13
9
12
10
13
8
12
8
12
8
8
9
15
7
4
13
6
8
10
12
12
10
11
14
12
11
13
5
7
19
3
8
11
5
6
14
11
9
9
8
10
9
7
14
11
11
7
8
10
11
6
10
15
5
11
9
8
5
15
5
10
9
6
8
12
12
7
8
10
10
9
10
11
10
12
8
7
7
8
11
12
16
12
7
11
9
6
7
12
11
6
5
5
8
10
4
8
4
7
9
6
10
14
6
6
8
7
7
10
11
6
6
9
7
7
5
3
9
8
9
12
8
3
8
10
4
3
11
13
7
10
6
10
8
11
6
6
12
3
6
5
5
8
10
7
8
16
6
8
10
12
11
6
5
7
8
10
2
10
5
9
7
11
8
7
5
10
5
6
3
6
7
8
2
10
6
10
8
2
6
7
8
4
6
5
2
6
7
5
9
6
6
4
7
9
4
8
4
5
5
3
5
9
11
8
7
7
4
6
8
4
9
4
5
8
9
8
8
10
3
7
10
5
6
7
6
9
7
3
9
5
7
8
6
8
7
3
7
7
3
7
6
4
4
7
8
2
11
1
12
7
11
8
6
8
3
7
2
6
3
4
2
9
8
3
4
7
5
9
6
7
6
4
7
4
2
10
4
8
2
8
7
7
11
5
7
10
8
5
4
10
8
7
5
10
7
4
3
4
10
7
11
7
6
9
9
6
7
3
8
4
5
8
5
7
6
9
9
4
5
7
3
4
3
8
4
4
11
9
6
4
8
5
8
5
6
6
8
9
6
4
6
5
9
5
2
3
5
6
4
5
3
11
9
10
2
6
4
10
3
5
8
3
8
6
7
2
6
4
8
7
6
7
7
5
6
11
10
7
12
7
5
4
6
3
6
3
7
3
1
5
5
12
12
7
5
8
9
9
8
7
5
5
6
6
7
11
9
15
7
7
6
8
8
12
7
3
6
3
10
10
7
7
8
11
9
8
11
7
4
5
17
10
10
3
11
7
8
8
4
6
9
7
11
6
8
8
5
13
10
6
11
12
10
8
9
10
4
5
13
12
8
8
10
12
9
17
6
4
5
12
10
7
9
10
5
7
14
14
13
4
17
6
10
10
12
10
13
11
5
14
9
15
19
15
9
19
14
12
9
8
13
15
14
9
14
17
12
12
14
7
12
12
10
11
17
18
16
14
9
11
13
13
9
13
19
16
11
13
11
5
5
12
8
13
16
16
9
22
16
16
16
6
14
11
19
10
16
8
17
21
15
15
14
11
15
9
17
16
14
24
13
8
15
11
11
14
15
12
15
20
18
16
15
14
18
16
15
17
7
15
19
12
11
22
16
16
23
16
16
16
12
18
20
12
14
17
19
8
23
18
20
10
22
11
19
13
17
19
21
15
17
16
16
14
15
23
14
15
14
10
22
15
17
17
19
9
26
16
17
19
20
21
13
16
26
23
23
20
8
14
24
24
12
31
15
18
21
19
21
21
20
13
22
26
22
20
20
28
25
18
20
17
28
24
24
17
15
22
19
15
22
7
26
19
31
22
16
18
25
27
21
23
29
15
24
24
18
20
17
23
27
30
18
20
23
16
23
24
23
23
18
24
16
19
16
14
24
19
28
17
13
25
15
25
21
20
26
21
24
27
24
19
22
19
16
21
22
24
21
24
17
18
24
19
17
20
16
20
24
27
18
19
16
23
13
25
17
30
25
21
17
14
26
19
19
26
18
22
22
16
31
24
19
25
22
21
25
18
29
30
19
20
30
23
20
19
20
23
20
15
16
22
16
20
20
14
22
22
17
23
16
25
28
24
22
18
19
21
34
20
20
20
19
18
19
21
25
15
21
33
17
23
15
23
22
21
16
14
22
21
16
19
17
17
17
18
17
24
23
28
16
14
14
23
21
20
21
24
20
28
19
20
19
25
24
23
23
21
18
16
21
20
23
19
26
10
28
23
21
18
21
17
26
18
19
20
16
28
8
20
16
22
18
16
21
24
12
12
30
19
13
24
21
26
18
19
17
20
22
22
13
15
18
19
8
16
12
19
17
17
25
22
16
19
12
16
20
16
18
17
15
21
12
13
12
22
15
10
22
21
15
13
12
15
17
14
10
18
21
23
9
27
9
9
20
20
18
17
14
10
20
17
13
20
15
14
14
18
18
14
12
19
16
21
9
12
13
18
15
16
21
20
14
13
17
12
12
15
14
12
14
6
13
19
12
19
14
10
10
20
13
13
18
17
12
16
8
10
5
11
16
11
11
13
8
10
12
13
16
8
7
8
11
13
15
9
17
14
7
7
3
10
7
14
8
6
16
9
8
8
9
10
13
12
18
7
11
8
5
5
9
6
12
10
11
11
13
15
7
6
8
11
8
9
9
7
10
4
10
8
7
11
14
10
15
14
9
13
10
7
12
7
9
14
3
6
6
5
5
5
9
11
8
8
12
3
13
5
4
7
6
8
4
7
9
7
4
3
12
6
10
6
6
8
5
6
6
5
3
6
2
6
6
6
5
8
7
5
5
6
5
5
4
7
6
4
11
1
6
5
0
8
10
4
4
7
8
6
7
7
8
5
7
4
8
5
5
3
6
5
3
5
8
14
5
3
7
4
3
8
6
3
4
3
7
3
6
1
3
2
5
3
3
5
7
4
8
5
0
5
4
2
2
2
1
4
3
4
1
3
4
4
6
3
1
3
3
6
5
3
3
4
2
4
5
2
6
5
4
1
2
3
3
5
2
1
5
5
5
3
2
3
4
0
3
1
2
2
2
7
2
1
2
3
2
5
3
0
3
2
2
0
1
5
5
1
2
4
5
4
0
2
3
1
1
3
2
4
4
1
2
3
0
2
2
1
2
4
2
6
1
3
3
0
3
4
3
3
2
1
1
3
2
2
3
2
2
0
3
4
4
1
3
2
3
0
1
4
2
1
2
2
3
2
2
2
3
3
2
1
4
1
4
0
2
2
2
2
1
1
1
2
0
0
0
0
2
1
2
3
1
4
3
3
1
3
2
2
1
2
1
1
2
1
2
3
0
1
4
0
1
0
2
2
0
0
2
3
1
0
1
0
0
1
1
2
0
0
2
1
0
0
1
0
1
2
1
1
0
1
1
2
2
3
1
1
1
0
0
0
1
2
0
2
1
0
2
2
4
0
5
2
0
1
1
2
2
0
2
0
1
0
0
2
1
1
3
0
0
2
1
4
1
1
1
2
2
3
0
0
0
2
0
0
1
0
1
1
0
0
1
1
0
0
0
0
1
2
1
0
0
1
1
2
5
0
0
2
2
1
1
5
1
1
0
1
1
0
0
1
0
2
3
0
2
1
0
0
2
1
1
1
1
1
0
1
0
0
3
3
1
0
0
3
3
2
2
2
0
0
2
0
0
1
1
0
0
1
1
4
1
0
4
3
2
0
1
2
0
0
2
0
1
0
0
0
0
0
0
2
2
0
4
3
0
0
1
1
2
0
2
1
0
1
0
1
1
1
1
2
3
0
1
1
1
1
0
1
2
0
0
1
0
0
1
0
2
0
0
0
0
1
3
1
0
1
0
1
1
1
2
0
1
2
0
1
2
0
1
0
0
3
1
2
2
1
0
1
2
1
1
0
0
2
0
0
0
1
1
3
1
0
0
1
1
0
1
0
1
2
2
0
1
2
1
1
0
1
2
2
2
0
3
1
0
3
0
1
0
2
0
3
0
1
1
0
2
1
1
2
2
0
0
2
0
1
0
0
1
3
1
0
1
0
0
1
0
1
0
2
2
0
0
1
0
1
2
2
0
1
1
1
0
0
0
1
1
1
1
3
0
1
1
1
0
2
0
0
0
23
24
14
22
22
22
18
33
24
25
21
16
15
14
25
25
28
21
21
23
19
15
14
17
23
18
30
19
28
14
23
19
17
20
26
16
28
15
15
18
21
26
22
23
24
22
20
26
15
23
15
18
14
23
21
24
19
15
20
24
15
25
20
21
18
20
24
22
18
20
20
13
17
17
23
14
19
23
15
24
24
26
18
26
25
21
25
14
26
19
28
18
26
19
19
22
28
17
24
18
14
24
19
20
16
16
23
20
20
16
21
22
20
19
19
19
11
23
20
27
18
28
31
31
28
34
28
22
