17480
14242
12187
10165
8592
7393
6282
5291
4662
4205
3585
3264
2831
2636
2484
2321
2127
2076
1939
1798
1711
1536
1539
1522
1459
1418
1367
1234
1388
1272
1177
1202
1236
1156
1202
1197
1204
1225
1141
1176
1132
1130
1138
1115
1065
1098
1112
1097
1008
1021
1046
1033
1058
1007
990
976
1006
962
934
970
951
895
941
903
976
949
910
889
906
918
901
898
930
840
885
865
927
866
836
925
859
862
845
852
886
821
831
823
791
772
862
827
759
856
751
800
772
755
773
779
721
746
751
743
742
719
727
762
677
763
741
781
758
785
783
801
787
749
747
746
703
779
699
770
730
712
739
672
680
667
719
676
619
650
698
666
667
684
638
664
630
717
695
678
660
656
651
642
618
647
658
680
673
643
639
658
626
589
594
589
633
635
625
592
602
625
587
577
604
591
573
588
608
618
601
551
538
552
584
532
571
559
588
567
593
569
581
552
602
573
610
566
550
523
546
579
537
532
556
509
530
567
500
484
573
538
497
549
508
497
554
534
497
489
506
521
507
478
540
489
486
514
448
455
426
476
491
472
518
481
449
463
482
466
475
449
430
461
420
467
451
423
446
406
459
446
472
437
426
447
458
427
425
440
457
443
438
422
459
456
426
421
435
458
438
452
437
426
441
405
401
429
458
431
471
422
435
442
437
410
430
437
436
446
462
418
433
446
450
444
390
410
400
414
413
395
430
441
414
431
442
423
395
404
402
422
405
404
400
421
413
439
397
377
427
412
409
402
429
399
452
373
405
382
386
326
380
436
400
396
385
372
369
399
372
366
375
353
426
413
353
416
335
428
366
391
363
373
399
393
389
387
358
394
419
368
425
368
365
393
393
411
378
350
353
382
383
367
373
388
386
382
384
422
365
355
367
380
359
394
334
404
382
359
354
345
375
390
352
350
345
356
367
383
387
343
381
374
372
365
359
369
350
355
353
345
335
320
369
345
340
367
355
359
313
298
345
368
354
349
352
358
394
372
354
293
349
320
322
374
356
302
340
303
365
344
319
319
352
320
357
331
319
323
307
326
335
372
317
334
327
329
303
316
328
342
318
356
346
322
321
337
300
317
343
343
315
320
335
308
333
322
337
333
313
308
306
343
325
305
273
308
342
328
337
316
331
321
321
308
316
323
335
303
316
314
292
327
298
300
303
328
299
322
284
319
297
315
301
317
320
313
322
321
315
314
310
299
309
302
294
285
303
300
294
299
318
300
292
297
301
322
270
287
292
317
276
270
307
293
312
294
317
317
302
284
280
296
263
325
299
319
276
294
279
285
274
269
275
290
303
290
287
299
263
304
290
282
289
309
298
280
298
288
309
304
262
277
319
264
297
285
265
307
309
261
286
295
268
275
268
273
298
246
253
263
260
284
279
275
251
272
253
262
272
305
299
259
279
284
255
292
307
264
293
281
275
275
288
276
241
267
253
251
269
258
268
273
277
268
268
273
269
258
271
278
262
282
273
257
266
287
269
254
284
282
278
255
221
267
243
276
248
245
266
273
270
260
240
284
259
264
253
268
277
265
263
265
235
258
219
268
246
274
262
268
247
261
238
243
271
260
288
274
221
273
251
245
254
259
239
237
243
233
267
244
252
222
291
256
238
261
259
250
240
260
255
262
240
262
252
240
240
250
264
249
274
260
264
239
243
235
223
256
244
250
231
261
286
273
261
207
221
235
239
258
257
252
240
284
256
257
252
258
246
261
234
242
217
249
244
224
245
242
251
254
235
194
255
234
259
275
224
249
244
262
231
220
232
255
233
238
266
241
233
233
216
249
241
253
222
252
253
237
257
252
267
213
234
245
238
235
245
217
223
235
228
242
251
238
235
240
262
253
246
228
229
233
226
227
209
256
232
226
234
250
225
249
268
255
214
248
236
216
246
231
228
240
241
228
245
225
222
198
228
243
229
248
218
220
226
236
239
235
230
222
203
200
219
213
224
223
210
236
240
230
243
219
219
219
251
212
222
248
211
249
220
240
244
207
224
231
240
215
236
230
211
217
213
243
211
207
240
234
223
207
210
229
212
215
237
222
226
229
212
216
191
234
217
231
232
226
204
229
209
240
218
198
206
208
208
215
221
222
205
246
218
197
212
233
211
221
233
211
235
238
231
240
208
235
228
216
193
211
200
204
231
223
206
210
227
205
216
229
218
220
193
228
254
232
217
204
191
228
211
199
209
194
187
211
215
221
208
216
199
198
206
209
180
215
213
209
209
208
197
207
220
224
220
194
209
198
217
197
240
203
238
195
230
217
232
201
182
192
204
191
212
212
208
212
222
198
196
187
175
201
205
207
200
191
239
215
214
223
194
223
207
202
200
173
210
215
216
214
242
211
230
201
204
197
217
189
189
227
189
212
205
200
197
192
202
200
204
201
197
204
212
204
202
216
173
207
207
208
196
193
209
190
204
186
195
205
195
208
201
199
205
200
231
199
234
183
189
184
207
203
163
216
201
215
195
205
201
188
196
196
192
217
206
195
206
234
218
195
241
201
202
215
198
202
186
187
190
203
202
189
185
191
225
185
188
193
215
220
217
212
214
216
194
206
181
206
176
194
195
197
218
183
192
184
178
205
219
201
212
171
196
228
219
212
203
197
210
212
207
196
187
216
213
201
194
213
208
185
214
212
209
184
192
197
159
196
189
207
188
219
185
180
204
197
169
188
189
204
193
193
206
189
170
204
183
186
201
176
193
224
199
206
196
195
197
166
177
176
163
194
201
199
198
189
190
186
153
199
196
172
173
195
184
196
172
205
193
178
202
161
167
186
166
182
171
161
182
186
176
185
183
150
174
199
189
196
198
197
162
184
155
211
174
171
175
179
161
169
158
181
172
160
158
165
185
184
154
169
178
156
177
178
168
182
178
152
195
183
194
163
161
183
179
171
164
163
179
164
181
184
165
164
178
161
163
189
169
161
180
203
162
188
168
170
172
178
151
152
154
176
154
147
176
151
134
180
152
159
169
172
175
162
177
165
175
181
163
155
198
167
161
165
158
160
165
149
175
173
158
164
160
172
153
149
158
161
142
178
156
206
168
152
162
187
184
168
172
165
145
152
163
167
175
175
173
187
160
176
203
184
170
148
146
172
172
165
160
174
161
156
183
168
159
159
179
165
172
162
148
161
138
173
169
147
158
169
166
151
134
168
137
145
163
156
159
140
173
166
177
157
131
168
148
144
154
149
144
173
176
144
166
148
156
159
133
159
163
145
163
166
179
164
153
158
140
180
174
166
169
148
154
152
140
142
145
177
180
162
141
161
167
158
172
161
178
149
156
170
141
163
172
161
137
160
149
154
159
135
147
143
170
177
160
145
156
147
141
153
172
162
148
143
154
127
152
152
136
152
137
162
157
144
156
153
145
159
129
153
143
145
127
170
142
152
145
172
157
153
139
130
143
138
156
161
153
157
156
154
151
136
152
127
140
147
170
125
152
140
144
132
148
141
123
145
150
167
154
135
144
139
143
147
140
159
133
160
142
140
146
139
143
147
148
134
141
156
122
133
115
133
133
163
161
152
130
144
155
132
141
147
154
144
159
163
134
164
130
138
150
155
155
126
149
147
159
134
156
126
150
153
152
141
150
155
134
133
134
145
136
142
148
136
135
155
133
128
134
146
130
150
147
154
156
163
136
144
130
136
149
145
142
158
125
133
150
155
154
128
152
146
148
127
138
123
138
143
109
134
139
134
126
119
148
135
137
136
138
133
149
127
151
155
114
148
150
123
139
151
133
153
129
154
135
147
148
131
143
130
140
133
143
132
144
129
130
132
141
161
132
138
139
123
143
139
138
137
139
150
135
142
146
137
146
124
128
133
143
114
145
132
140
120
137
129
142
123
135
136
135
140
139
125
123
115
153
100
136
133
125
150
119
113
131
151
129
128
120
106
140
134
122
128
123
158
117
120
128
132
110
132
134
130
132
132
141
131
134
132
125
124
126
131
153
128
112
120
133
153
137
119
109
123
128
118
148
122
132
118
134
120
127
133
100
129
124
127
133
131
129
119
145
124
130
106
115
131
119
133
114
137
135
120
153
126
143
122
145
150
132
121
126
122
114
122
128
141
130
130
114
128
119
119
118
113
113
145
135
114
137
134
119
138
129
113
131
116
138
120
122
126
113
122
129
134
128
105
114
137
100
121
140
119
144
119
130
129
138
128
139
147
123
145
123
98
129
134
117
128
111
141
144
120
125
131
101
125
122
134
132
134
118
113
120
117
125
110
147
127
111
110
130
108
124
121
113
120
114
124
123
137
118
112
118
127
129
130
123
120
120
94
118
119
110
107
149
116
134
124
125
121
137
120
114
123
135
127
115
131
125
117
131
110
138
125
135
134
120
113
116
116
93
120
127
120
126
115
126
109
110
114
123
109
118
132
109
122
124
121
112
104
112
126
128
101
123
115
120
119
137
121
145
109
112
116
96
119
115
109
109
139
140
107
121
135
117
107
127
105
116
119
128
129
124
98
125
103
131
115
105
111
108
109
113
109
118
107
99
120
127
127
126
111
121
129
119
106
119
89
112
121
134
128
120
114
121
111
109
112
104
106
115
107
135
132
109
113
112
115
103
111
126
111
114
122
113
121
119
113
122
108
122
99
121
103
115
114
139
97
121
115
106
112
110
113
101
117
115
98
113
132
123
96
93
123
105
117
121
119
127
106
118
122
134
120
107
112
115
103
123
132
118
123
91
110
136
110
127
123
105
105
116
116
115
117
117
102
105
125
110
119
132
109
140
104
118
114
137
114
120
106
112
121
122
115
99
104
114
120
107
99
106
116
141
120
123
111
123
82
100
120
118
114
111
114
110
104
122
118
140
119
105
107
122
101
99
107
113
110
107
120
113
105
113
108
103
100
101
112
111
104
102
125
104
97
113
112
117
102
112
121
110
130
96
127
131
106
122
118
125
121
108
107
123
88
116
109
99
105
92
119
113
111
96
124
98
108
112
108
119
101
103
93
102
90
125
94
115
132
104
116
94
102
113
102
118
108
113
106
102
99
98
97
112
113
106
119
96
111
93
114
118
107
106
96
114
112
91
96
105
107
102
129
111
103
97
100
117
109
95
113
98
106
108
109
94
111
107
96
103
107
117
97
101
118
116
106
102
103
120
109
102
110
119
123
133
118
88
121
106
93
109
111
92
102
110
106
123
129
95
128
92
96
116
91
101
93
115
103
110
102
110
84
96
109
126
110
105
92
95
121
100
117
100
100
90
109
105
122
96
104
102
100
102
117
107
111
87
88
106
97
88
92
88
113
102
97
110
121
119
90
107
116
88
103
102
86
93
102
111
103
120
100
108
111
103
111
110
103
90
100
101
114
99
113
128
97
104
92
111
109
112
92
105
110
103
90
122
102
112
103
108
99
112
85
124
91
95
87
101
109
94
108
103
107
103
100
103
108
97
99
109
100
114
90
104
97
102
120
121
96
88
100
96
93
100
102
104
94
95
112
107
97
101
100
107
109
114
96
98
94
114
110
95
96
95
103
111
104
96
96
97
106
99
106
101
99
119
108
93
100
99
91
108
128
105
96
103
99
92
93
112
111
90
111
86
122
83
83
98
96
100
115
87
95
103
122
96
97
95
102
110
91
108
110
98
93
92
95
96
92
100
107
113
94
88
95
97
114
95
111
92
98
93
129
105
113
94
108
87
95
116
91
106
77
106
86
80
92
108
93
99
103
92
74
106
106
105
102
76
95
88
102
104
92
100
106
101
108
114
120
125
112
101
95
102
88
120
113
106
88
102
94
98
98
95
98
115
108
99
95
93
105
90
84
93
117
101
98
99
104
76
120
100
107
105
101
99
105
107
107
105
104
117
89
93
104
108
92
73
111
91
86
87
89
93
111
113
113
105
98
91
105
92
107
109
113
109
112
92
84
95
122
102
102
98
98
96
93
102
91
93
114
93
99
104
104
98
101
100
87
95
104
83
108
110
90
97
93
94
97
85
113
91
111
106
114
85
88
87
96
93
87
92
98
104
98
98
93
108
89
97
80
108
92
94
107
110
100
105
82
91
77
94
88
88
95
85
87
92
92
87
90
80
96
96
92
91
95
100
102
84
92
88
89
95
90
95
81
91
110
108
87
112
109
81
87
99
98
117
80
99
91
92
101
94
94
112
111
101
106
85
105
100
87
91
96
85
93
87
77
101
92
96
96
94
92
90
90
91
97
86
107
95
82
103
83
85
90
92
100
85
100
87
101
93
95
96
97
85
101
93
87
93
82
104
85
85
89
79
110
86
94
98
95
104
103
98
80
82
106
81
88
99
92
84
109
76
99
97
74
105
87
95
85
108
90
82
93
92
84
98
90
79
96
104
98
87
105
80
87
73
87
98
121
81
99
102
94
100
82
70
93
83
101
101
96
107
88
91
96
106
95
94
101
88
109
64
112
81
85
91
90
88
80
94
76
87
104
91
90
99
100
96
89
92
97
102
97
111
81
89
97
77
92
93
96
75
83
90
80
91
81
85
96
92
87
109
112
89
98
89
80
88
86
95
75
77
70
78
81
84
79
89
108
82
76
80
82
106
92
103
91
81
80
93
101
91
105
80
89
97
92
98
89
85
91
96
109
102
96
104
98
95
90
102
86
81
90
101
103
92
86
95
82
92
81
95
87
86
87
82
78
100
93
77
87
85
82
99
94
80
108
88
78
86
74
81
75
90
80
82
76
73
81
96
90
92
84
89
103
87
109
87
86
107
86
82
95
91
94
94
84
84
90
78
93
88
89
95
96
85
99
93
88
82
96
87
81
88
88
104
91
85
78
87
79
79
87
91
103
101
83
72
99
85
81
87
84
97
92
84
87
99
80
94
84
99
108
74
80
89
83
88
102
81
76
107
72
91
94
98
81
88
80
91
87
106
79
82
93
82
85
105
69
80
79
68
83
88
89
73
82
77
95
81
86
89
93
87
78
102
93
89
81
77
91
88
93
94
81
73
83
95
81
90
81
73
91
91
77
91
80
79
76
76
91
82
82
87
78
79
89
79
105
110
90
80
95
78
88
94
86
79
86
72
72
69
88
89
76
68
73
98
82
78
88
89
74
83
64
66
92
78
96
90
79
79
86
90
81
73
73
77
72
94
77
72
80
79
85
89
79
85
84
91
100
76
74
78
91
93
74
80
71
79
99
75
95
87
83
97
97
95
80
78
83
85
80
82
75
81
94
96
91
69
97
104
81
83
71
99
94
89
83
77
78
85
81
75
90
80
91
88
69
82
101
82
82
90
89
77
103
68
81
96
78
84
76
104
95
95
91
89
78
94
86
72
83
97
78
89
96
86
67
86
89
76
75
85
89
92
77
92
83
77
86
107
96
81
83
89
89
71
89
95
77
84
82
96
78
91
81
70
76
63
78
83
77
71
92
81
87
78
84
79
87
76
86
75
88
76
82
88
84
81
76
77
76
85
85
75
71
70
74
85
88
87
84
97
85
75
70
70
93
100
71
75
82
103
78
92
81
85
68
80
74
86
89
65
101
84
88
84
82
85
83
71
71
100
77
76
93
61
85
95
79
88
110
81
84
67
78
80
104
83
73
83
91
72
86
92
78
86
85
69
63
64
76
79
86
68
80
90
84
87
81
86
90
97
76
97
84
76
77
84
67
78
81
65
96
70
83
90
68
82
90
76
71
86
88
74
81
79
80
72
84
74
79
75
83
68
85
87
74
71
68
94
85
89
89
78
83
81
88
80
90
86
78
58
71
81
89
84
70
72
87
82
84
88
78
93
76
104
85
81
83
71
84
86
80
74
84
76
79
86
87
64
65
89
52
89
96
71
69
88
85
80
87
83
94
92
79
67
85
77
93
69
82
82
82
84
83
62
81
75
77
65
85
95
71
88
83
82
73
89
73
87
86
81
66
64
77
74
86
88
80
65
77
63
72
70
86
86
86
95
77
83
76
82
84
77
110
84
78
85
85
63
86
72
84
64
83
76
84
87
82
80
70
67
72
86
74
71
67
74
76
94
75
93
69
70
77
74
82
72
72
97
82
74
77
81
84
77
84
96
89
82
88
81
75
75
83
82
89
81
85
88
103
71
72
66
75
70
69
77
85
71
70
100
82
92
74
73
72
81
70
72
76
74
81
61
73
79
74
85
85
72
76
93
77
75
82
73
72
75
82
77
75
78
60
60
75
79
78
81
86
89
81
70
67
80
84
66
98
75
88
86
89
62
60
76
90
74
82
83
52
70
77
76
81
81
71
94
81
89
83
72
81
90
95
73
99
79
76
81
62
88
72
70
66
84
95
87
84
80
72
69
82
71
82
77
76
61
71
90
87
63
82
70
75
75
76
68
65
81
76
81
72
74
86
88
74
68
88
74
74
92
71
75
83
88
65
78
75
74
76
95
81
70
81
64
69
68
86
84
81
87
83
80
61
70
71
79
87
81
86
55
82
88
70
82
67
73
75
81
70
91
78
86
54
72
74
75
79
70
72
80
81
69
89
66
76
78
85
76
79
99
88
74
92
75
73
80
70
77
83
82
81
75
77
67
80
67
84
83
68
78
74
70
78
97
81
78
69
83
69
67
72
84
65
77
59
78
78
68
81
82
81
72
82
95
76
82
76
70
68
81
71
80
82
71
76
83
77
74
70
73
75
83
85
109
95
76
106
78
73
70
83
84
82
67
85
57
70
72
70
80
81
52
74
78
86
67
77
66
73
93
99
70
72
73
67
85
90
70
86
59
65
85
82
68
82
69
81
71
75
70
88
88
94
91
78
85
63
77
79
70
81
62
66
68
74
81
79
66
70
81
71
74
69
69
73
61
94
87
67
101
86
68
81
104
86
77
74
79
82
79
72
66
75
62
69
61
64
82
71
80
73
83
71
72
79
79
76
88
66
71
79
77
73
75
62
73
67
63
88
77
72
73
80
89
82
82
67
91
75
76
71
83
94
65
86
78
76
86
79
77
71
69
81
83
65
83
83
81
67
86
77
77
73
68
72
72
78
65
60
80
85
72
80
71
64
75
81
75
88
75
58
71
70
79
74
73
90
74
86
86
88
83
73
80
73
89
82
80
71
73
86
67
70
82
77
105
79
74
73
78
77
83
73
70
69
83
65
71
72
64
85
75
84
88
75
68
71
75
74
76
68
78
73
86
72
77
68
73
61
84
66
67
60
87
76
72
64
70
74
71
68
77
70
67
80
69
85
79
84
68
84
82
86
64
74
61
77
74
78
69
81
66
70
79
75
85
79
77
74
86
74
79
69
72
80
85
69
74
78
63
81
84
63
90
71
82
77
77
72
73
79
73
75
76
72
91
82
83
68
68
69
99
65
78
69
74
76
65
60
75
84
70
83
79
75
74
77
73
68
90
73
77
73
76
72
83
68
72
85
81
86
69
66
81
74
70
64
67
81
76
78
75
69
62
72
73
59
65
66
77
73
81
71
64
73
92
60
96
73
79
80
77
81
75
91
72
67
84
75
79
80
69
76
76
61
80
83
75
89
59
73
80
70
78
67
71
68
95
72
74
65
62
78
75
78
63
84
77
69
72
83
69
83
75
65
81
75
76
79
78
76
88
81
73
77
79
69
82
63
76
83
95
65
73
64
84
79
77
81
83
69
78
77
77
58
67
67
68
74
66
72
76
79
69
83
84
64
74
75
72
83
84
75
81
77
68
67
86
70
85
59
77
76
74
70
72
92
67
78
65
65
80
69
73
72
78
72
74
77
79
65
63
74
83
64
80
80
73
75
82
63
74
85
85
69
76
85
75
97
89
73
92
82
77
61
77
78
67
80
79
64
72
70
77
79
73
79
64
79
76
65
64
81
82
73
68
75
74
63
72
57
82
87
89
72
72
68
60
84
87
86
71
70
65
65
73
78
72
86
71
89
79
78
71
83
73
84
60
77
87
97
69
78
79
80
86
79
61
83
72
89
83
75
72
65
79
79
69
76
64
77
79
75
90
74
79
91
67
72
79
60
90
67
70
85
70
77
64
69
82
77
68
68
84
74
72
81
76
74
76
72
87
75
72
67
81
64
91
78
70
83
80
69
63
91
78
77
73
60
80
70
88
78
74
82
77
98
79
78
70
76
69
87
56
75
90
69
67
79
71
82
61
88
63
60
65
74
72
70
73
86
75
73
84
70
63
68
79
82
72
70
73
71
71
65
68
81
75
78
59
69
66
79
81
75
67
67
81
83
69
75
70
65
92
65
81
77
79
70
65
69
76
88
82
73
84
84
67
95
75
77
66
68
69
64
68
76
89
71
80
68
79
63
72
74
68
69
76
72
61
78
83
63
70
82
76
66
73
81
72
84
72
75
76
76
104
104
87
82
79
81
76
79
67
87
63
75
91
74
73
78
47
72
78
85
69
90
76
74
78
100
74
90
87
79
74
83
79
77
80
68
79
68
67
68
86
69
82
81
72
87
83
82
67
78
72
79
87
76
71
81
71
73
71
78
80
67
54
87
87
80
88
78
77
67
70
64
64
65
79
73
75
76
86
71
73
72
89
69
88
71
72
56
85
80
92
88
77
79
69
71
79
60
92
73
77
67
77
65
61
82
85
90
83
77
83
75
76
65
77
77
86
78
65
81
76
63
70
72
76
68
75
76
83
90
71
68
76
81
80
69
79
75
78
74
65
70
62
83
65
75
75
64
72
89
96
106
71
71
67
73
66
70
82
83
74
68
75
74
52
66
79
72
98
88
65
66
91
71
84
92
86
68
82
76
72
78
70
73
72
66
68
84
88
83
88
77
83
81
78
69
75
78
71
65
74
67
80
76
67
66
83
77
80
72
71
66
67
55
77
69
99
74
74
74
80
82
81
92
80
85
85
76
79
76
81
80
64
74
80
77
69
74
72
69
91
80
83
61
76
77
90
74
84
82
73
78
96
74
75
59
66
76
91
77
75
79
55
90
75
82
78
75
82
63
71
81
64
79
70
81
79
74
73
66
75
65
68
67
69
54
79
81
91
101
53
76
67
69
77
88
64
85
65
76
83
73
62
76
70
66
62
90
79
71
66
81
66
61
68
89
64
88
67
57
67
68
62
88
64
73
57
70
71
58
63
81
83
70
57
81
87
66
75
72
59
62
70
76
80
66
76
73
79
62
58
71
67
54
85
59
80
67
66
72
63
58
57
71
79
65
73
68
58
63
75
61
63
60
75
65
70
77
64
59
63
70
64
57
55
67
54
57
62
66
67
68
73
84
55
72
59
71
64
76
77
57
69
71
78
64
78
63
76
65
64
53
57
83
65
67
73
68
65
64
74
73
84
74
64
64
67
76
61
77
61
66
61
64
62
56
66
49
50
61
55
66
83
65
55
63
58
56
63
64
78
69
52
63
73
73
70
70
73
59
69
53
78
69
69
65
54
53
48
52
52
72
75
73
64
65
60
57
64
62
57
62
59
67
69
64
55
57
66
75
60
50
50
69
59
50
60
69
61
69
64
61
77
71
66
74
51
59
50
61
67
68
42
67
61
75
62
68
68
55
46
57
53
66
55
60
60
75
66
54
54
57
63
50
54
50
69
61
40
66
57
56
69
55
70
75
64
65
61
65
55
72
54
72
69
71
68
58
57
55
66
66
51
68
56
64
56
65
66
55
59
75
45
63
56
53
51
58
51
66
52
64
54
60
55
60
66
51
51
59
73
63
57
70
65
65
61
64
54
54
57
58
63
64
45
75
61
53
54
61
69
47
60
57
53
60
76
59
62
67
64
60
72
53
77
62
62
61
56
60
56
64
53
48
70
59
49
48
65
61
54
76
60
49
58
80
74
51
51
69
52
57
62
54
53
60
50
70
51
51
42
60
57
66
50
50
64
56
60
59
61
50
71
55
59
59
67
55
48
55
48
53
58
60
47
71
60
67
78
50
64
58
54
49
57
56
63
51
64
54
44
58
62
54
64
48
53
45
60
58
51
66
51
60
53
45
65
49
56
54
60
54
55
64
59
53
51
57
58
56
58
53
56
58
50
64
54
48
60
61
53
61
59
45
69
53
59
52
62
59
53
57
69
67
61
67
59
55
57
53
46
48
59
53
52
47
66
52
60
58
43
51
52
46
58
61
54
45
63
57
58
59
52
50
50
50
61
56
62
56
55
48
57
54
57
48
60
65
54
59
62
61
64
50
50
56
60
56
62
49
57
56
51
45
56
65
56
65
50
57
49
56
56
60
45
59
48
72
52
57
57
52
49
56
54
48
63
39
50
52
61
58
61
60
53
50
50
63
62
61
55
47
60
47
53
64
62
45
61
54
57
67
36
57
60
52
56
47
57
62
63
56
59
49
57
55
47
59
58
61
52
49
58
49
43
52
58
55
45
62
47
66
62
44
50
59
56
53
55
53
59
61
45
53
56
69
53
49
43
50
59
60
62
61
50
63
54
51
51
53
63
61
49
62
51
39
54
56
52
58
51
59
43
59
57
41
59
57
51
61
54
52
58
63
52
61
67
50
53
51
62
44
59
51
49
44
50
71
44
53
51
48
39
53
57
55
53
65
56
48
68
46
50
57
63
38
52
51
52
53
57
56
51
57
52
56
55
65
49
55
52
61
55
47
48
53
60
57
51
59
49
56
56
64
56
61
56
58
50
49
56
50
53
53
40
52
58
50
50
52
55
48
55
53
56
54
70
66
52
60
42
59
57
49
60
53
51
54
65
52
55
67
55
64
51
54
56
56
54
47
48
57
66
45
43
56
41
51
58
57
59
42
38
68
50
60
61
59
56
48
62
44
43
53
67
54
37
55
52
50
54
55
56
55
54
51
54
51
55
45
49
51
38
42
48
56
47
46
48
66
60
50
48
54
33
57
54
52
42
48
43
61
40
53
46
41
50
48
47
38
45
49
56
53
54
51
36
54
44
46
52
38
49
51
39
40
49
42
49
52
47
32
57
48
48
54
57
43
52
39
42
43
49
44
56
60
53
51
54
45
45
46
44
40
34
48
45
45
44
49
45
44
52
46
47
47
43
56
48
54
45
51
38
50
48
51
49
42
51
50
37
45
41
55
38
47
40
43
41
44
40
53
45
46
53
42
37
52
47
44
41
37
40
43
46
46
49
50
45
38
55
51
49
43
51
46
49
47
48
38
55
46
62
39
56
57
33
49
49
44
46
52
38
33
37
46
53
53
41
49
44
41
42
42
43
43
40
38
49
61
46
59
31
47
50
46
50
40
46
43
51
44
59
49
51
56
50
46
47
42
43
51
63
37
40
65
53
54
40
41
41
62
40
46
57
43
43
62
53
37
51
54
43
52
53
63
46
57
53
46
49
70
53
52
46
60
54
47
47
50
63
63
58
55
73
56
57
64
66
73
62
61
62
63
71
80
71
68
76
83
71
66
85
97
67
71
69
72
87
88
82
94
95
93
106
121
150
181
226
293
315
354
408
467
484
499
547
531
475
426
415
354
300
256
250
177
170
147
125
129
94
85
61
80
53
62
48
47
46
42
53
48
41
48
36
49
44
30
45
39
32
35
39
36
50
47
41
29
38
42
43
36
46
57
38
34
33
45
38
34
45
41
40
42
42
42
42
38
50
34
32
30
41
53
45
36
44
42
40
38
42
46
31
41
29
34
30
43
34
38
43
40
50
43
42
40
48
33
39
46
47
33
37
43
38
39
31
34
46
50
41
36
41
34
50
33
38
43
32
43
42
42
34
32
29
36
39
38
36
49
39
36
43
42
40
44
42
52
43
42
40
46
33
39
43
44
38
49
43
27
34
41
34
46
34
33
42
40
40
45
52
45
35
41
43
36
38
43
29
50
44
43
54
46
54
47
45
41
61
39
35
37
51
40
42
40
56
42
55
42
52
40
43
54
53
35
55
53
51
45
46
38
42
42
40
49
61
53
55
49
60
66
46
54
59
55
65
58
66
64
72
74
81
71
89
74
59
78
76
84
84
87
69
73
68
67
56
47
45
42
33
34
30
27
21
30
29
20
38
24
27
18
22
18
12
19
19
19
19
19
21
18
19
14
14
24
12
20
17
20
14
21
13
15
20
21
15
26
17
17
19
17
18
14
19
19
14
10
15
23
22
20
24
25
20
17
10
18
19
11
15
15
26
23
21
24
15
18
22
19
18
17
16
23
21
14
14
16
17
16
22
17
16
22
18
14
20
20
9
23
14
12
13
13
12
21
15
22
13
24
12
13
26
16
24
14
19
15
11
15
25
18
18
18
16
17
22
17
21
21
11
18
11
20
17
19
11
23
23
14
13
16
17
12
6
13
12
24
15
20
23
17
15
16
22
10
17
15
23
14
17
12
19
18
20
14
13
15
18
17
15
19
23
15
15
13
14
12
15
19
15
12
13
13
16
15
11
13
14
12
20
16
18
15
17
25
19
18
22
16
11
16
17
12
12
14
17
10
15
8
12
15
19
12
20
14
17
10
14
13
21
14
10
21
12
8
23
11
13
13
19
6
13
15
12
15
16
14
12
16
16
12
22
14
14
16
18
14
19
15
26
17
13
15
9
19
18
14
13
18
9
18
12
17
10
20
12
15
17
16
14
17
12
17
22
10
16
14
9
18
9
16
14
18
17
20
14
15
16
12
19
17
18
20
20
20
21
14
13
16
17
18
13
15
21
14
12
13
14
10
13
18
12
29
22
21
11
12
25
15
11
17
16
16
16
10
16
21
17
18
15
23
14
14
19
9
8
11
24
22
22
12
17
15
19
9
7
14
14
15
10
19
16
19
10
15
11
14
11
17
15
8
28
20
14
14
17
16
19
14
18
21
13
19
22
16
15
9
13
13
16
19
8
13
20
13
20
15
23
26
21
13
19
13
20
14
17
13
13
18
14
17
16
9
18
18
13
18
27
15
20
11
11
24
14
20
15
15
13
7
24
14
21
14
17
13
16
20
17
25
22
21
13
20
25
15
19
22
15
17
15
20
15
14
18
16
24
17
15
13
20
25
14
9
22
27
20
22
15
25
21
26
12
9
20
15
24
20
14
14
20
10
28
16
20
11
17
25
20
19
22
19
16
15
28
13
26
15
27
16
28
20
31
19
16
18
27
18
20
18
21
16
26
25
23
26
21
21
26
25
37
29
25
26
22
29
26
26
23
22
28
23
27
31
30
36
31
35
29
28
25
32
34
28
23
31
32
34
38
46
33
29
30
38
36
57
27
30
40
35
41
38
54
40
43
48
35
28
41
49
68
48
58
51
41
63
65
54
65
65
68
70
72
73
78
108
125
122
157
191
243
312
334
429
516
538
580
645
618
647
599
563
465
423
385
303
216
222
194
136
136
121
90
77
80
54
49
50
33
31
23
24
34
13
28
21
16
17
17
19
26
22
24
22
12
20
13
21
16
21
11
15
15
17
9
23
17
19
11
24
14
11
17
15
19
17
16
12
17
24
15
11
22
17
14
20
14
20
14
16
13
27
13
26
16
14
15
10
21
19
9
19
13
17
19
19
17
15
18
16
20
20
20
19
19
30
21
16
22
18
16
18
16
19
17
14
19
20
22
20
22
16
14
16
27
21
24
22
11
24
14
22
22
17
26
25
29
20
25
20
14
21
17
16
26
21
24
20
17
21
23
15
15
14
22
20
13
26
24
18
22
17
21
21
21
26
23
24
27
27
18
24
22
25
19
24
23
26
22
30
24
27
32
28
23
18
33
34
29
26
24
26
27
25
25
25
26
32
32
28
27
32
24
31
29
30
29
30
39
36
31
30
36
28
24
31
42
32
26
36
44
34
35
41
44
53
50
64
53
53
66
64
72
53
32
48
29
27
27
29
20
21
11
10
14
11
15
8
5
5
8
9
3
12
6
6
6
6
2
2
5
10
5
2
7
4
7
5
6
6
7
6
7
4
4
2
5
3
3
4
5
2
3
1
2
3
5
3
5
3
2
3
8
7
4
4
4
5
3
4
4
4
3
8
5
1
1
9
2
4
4
5
4
3
7
3
1
2
7
6
4
4
4
6
0
4
1
3
1
4
2
1
4
4
3
0
5
4
6
8
5
4
5
3
1
5
3
2
4
6
1
2
4
3
6
3
4
2
6
6
4
5
5
4
3
1
5
3
6
3
2
4
2
3
1
3
3
5
2
5
4
5
3
4
3
2
4
5
5
3
5
2
1
2
3
4
4
10
5
4
4
3
4
4
2
6
7
4
5
4
4
5
4
0
7
1
3
3
1
6
0
4
6
5
3
2
0
4
5
1
3
2
2
2
2
5
4
1
4
4
4
2
3
2
3
3
2
4
1
4
6
2
0
3
4
3
6
11
2
3
2
2
5
2
2
4
1
3
1
1
3
2
7
6
1
1
3
5
2
6
1
2
5
1
1
2
0
2
0
7
3
3
5
0
3
3
2
6
1
6
4
2
4
3
6
3
2
2
1
6
1
2
1
3
5
5
4
1
2
4
5
1
4
5
7
7
5
0
1
5
3
2
1
5
2
2
3
1
3
6
1
2
1
3
2
6
3
3
1
3
4
4
1
3
3
3
3
3
1
1
1
3
4
2
1
2
3
3
4
0
2
4
2
4
3
2
2
5
6
2
5
2
5
5
2
2
5
2
2
4
5
1
2
5
3
2
4
3
2
2
3
2
1
1
2
0
3
2
2
2
3
5
2
2
3
4
6
1
3
3
2
6
8
3
3
3
8
3
5
1
2
1
5
1
0
2
2
7
2
2
4
2
4
2
2
5
4
7
2
1
4
4
5
6
2
4
3
4
5
4
6
7
1
6
8
3
3
1
4
4
3
2
5
6
3
1
5
4
4
1
1
3
2
2
0
4
2
0
2
1
2
3
3
1
2
0
3
2
2
0
4
6
1
1
5
4
5
3
2
3
2
1
3
0
1
1
2
3
0
1
3
1
4
5
3
4
6
0
8
4
0
4
4
3
1
1
1
0
2
2
3
1
1
3
5
4
3
6
0
0
3
2
2
5
5
3
1
1
4
3
4
3
1
3
3
3
3
2
1
2
2
1
2
2
4
3
3
4
3
2
1
2
5
1
2
3
4
4
2
3
3
2
4
0
2
1
0
3
0
4
3
3
4
4
1
7
3
1
5
1
2
3
2
2
3
5
8
1
1
1
1
2
2
1
2
4
5
2
3
0
2
0
0
6
5
6
3
3
0
5
4
1
2
3
3
1
3
1
3
2
3
2
3
2
6
3
2
3
5
2
1
2
2
8
4
3
4
1
2
4
7
5
3
5
2
2
3
2
2
2
1
3
6
0
2
4
5
3
2
1
1
0
2
4
4
1
1
3
9
4
2
3
2
4
5
5
2
3
1
3
3
1
5
2
2
1
3
3
3
1
5
1
4
3
1
1
5
1
2
2
2
2
5
1
4
2
2
0
2
2
5
2
1
1
2
4
0
2
1
4
3
2
2
2
1
2
0
2
2
5
2
4
2
0
3
1
1
3
2
1
1
2
2
1
2
2
2
3
1
1
3
4
6
2
1
1
1
0
1
2
5
3
3
2
4
1
1
5
2
2
5
3
5
1
0
1
2
2
2
4
3
4
5
3
1
3
1
3
2
1
1
3
3
1
0
1
2
1
2
2
0
2
3
3
3
0
4
1
0
3
3
0
2
4
4
4
6
2
3
2
1
1
2
0
2
0
6
2
1
3
1
1
1
2
0
5
2
5
2
2
2
3
5
3
2
1
1
0
6
0
2
2
2
3
2
2
1
2
1
1
3
1
2
1
2
5
2
1
1
1
1
0
3
2
2
3
3
3
4
5
2
3
3
3
2
2
3
3
3
1
2
3
1
2
2
1
4
1
2
3
1
3
2
3
3
1
1
0
2
0
3
2
0
1
1
5
1
4
2
1
1
6
5
0
3
3
1
4
6
3
2
5
2
0
1
1
2
3
2
1
2
3
3
5
2
2
4
1
5
2
1
2
1
4
0
2
3
1
1
3
4
4
1
3
1
3
1
4
3
2
3
2
0
1
2
4
0
2
4
2
1
1
0
1
4
1
1
2
2
1
1
1
1
0
4
1
2
4
2
0
1
6
3
0
4
3
1
1
2
2
3
3
4
2
1
0
2
2
0
2
3
1
2
3
2
4
2
1
4
2
3
3
3
0
0
0
1
4
2
6
2
0
3
2
0
2
2
0
2
3
0
0
1
5
3
0
3
1
3
1
2
3
2
3
2
5
6
1
0
3
2
6
4
1
2
0
1
3
1
5
2
2
1
2
5
2
3
1
3
1
3
0
0
0
1
3
0
2
4
2
2
1
4
1
1
0
1
1
0
5
1
2
3
0
1
0
88
176
172
188
200
185
212
228
228
262
255
281
287
299
347
418
412
467
504
542
578
628
685
676
825
785
918
988
1084
1182
1272
1312
1416
1538
1691
1762
1787
1884
2051
2178
2224
2470
2513
2656
2862
3002
3131
3378
3418
3631
3879
3918
4142
4242
4533
4537
4763
4794
5093
5287
5521
5628
5992
5879
6281
6515
6636
7009
7155
7387
7702
7943
8230
8324
8684
9027
9218
9339
9839
10128
10473
10763
11007
11562
11863
12239
12709
13189
13583
14022
14462
15208
15964
16528
17097
18038
18906
19925
21114
21941
23263
24681
26878
31220
41129
64082
116476
214536
363981
536390
671711
716785
666540
555347
437564
342663
277960
233148
200973
173407
150919
131629
114892
102669
93432
86189
80920
76553
