7
9
11
12
6
15
14
21
8
31
19
16
16
17
24
17
15
17
23
15
18
22
21
18
18
17
14
26
15
14
24
14
15
22
13
19
21
18
20
30
11
19
21
10
14
21
11
13
24
18
19
10
16
25
16
20
19
20
67
83
112
169
277
294
299
309
316
368
367
420
566
689
834
939
1018
963
950
848
773
688
652
543
519
490
459
453
454
432
426
388
384
399
372
407
390
460
430
402
412
377
418
437
419
419
384
398
404
396
385
386
398
382
437
367
380
424
421
382
387
377
444
424
395
425
401
415
398
396
401
397
393
400
403
438
410
425
376
420
402
386
397
434
370
388
397
367
373
353
381
391
347
389
368
405
377
403
395
390
395
388
361
366
378
390
406
366
372
366
394
363
405
388
405
372
401
397
383
384
381
416
433
382
404
384
376
374
391
385
326
400
386
389
390
380
427
384
393
383
390
414
378
379
414
371
393
389
390
379
406
368
358
384
394
422
427
377
357
407
427
391
386
412
409
404
410
391
412
399
389
413
409
410
440
379
364
420
362
379
422
409
416
451
399
425
402
429
377
369
448
400
417
427
427
405
376
440
394
408
463
401
433
407
384
398
399
417
381
446
436
434
382
407
398
425
422
432
437
433
416
402
441
424
436
428
417
410
440
477
411
442
408
418
424
470
430
474
484
438
401
466
396
426
444
411
449
434
444
422
454
442
412
455
452
478
416
431
482
461
486
476
425
460
484
462
453
405
468
452
465
489
477
517
461
505
452
469
459
473
455
450
464
452
475
497
460
481
460
465
505
489
479
475
469
489
450
502
457
495
502
458
460
463
474
512
484
472
463
507
529
486
505
512
488
497
533
484
495
466
500
529
483
519
500
521
509
507
516
516
494
508
524
519
495
523
514
489
502
496
562
520
508
501
504
557
520
527
526
507
511
548
536
549
517
504
538
529
555
554
565
559
533
519
525
561
539
540
546
558
510
502
574
544
523
505
534
524
562
552
498
542
542
559
519
579
559
576
581
523
533
526
555
526
512
544
574
553
531
562
560
509
511
567
554
502
581
526
549
592
524
518
561
531
625
545
565
564
554
563
561
569
568
543
531
546
546
564
533
557
530
540
521
554
554
518
557
539
582
565
570
563
601
530
543
552
569
567
548
551
540
572
522
575
562
531
533
620
550
557
537
550
557
558
498
601
561
557
563
571
586
570
547
544
597
549
559
579
531
525
573
525
580
562
574
577
579
556
583
631
568
550
540
564
558
555
564
569
601
592
592
565
567
556
585
576
602
581
563
558
562
543
539
535
569
603
561
550
565
593
590
555
588
627
560
549
534
574
573
573
559
584
575
593
565
562
604
534
554
570
568
603
555
585
537
566
598
578
560
594
575
552
627
564
597
546
629
603
578
615
564
587
592
541
583
567
603
602
598
603
565
546
600
586
578
619
575
615
603
602
568
560
595
635
587
643
591
582
615
608
588
561
656
643
569
625
621
563
589
588
618
571
613
601
600
622
550
561
579
617
580
587
579
600
570
569
619
588
583
576
621
649
611
573
598
563
578
608
596
598
588
553
598
627
598
602
573
615
610
590
610
591
553
601
574
650
613
560
653
593
607
582
592
599
582
617
627
638
619
578
565
575
634
629
612
582
619
614
625
550
602
601
625
628
608
591
619
681
632
593
644
605
622
544
605
601
626
571
619
625
576
593
579
562
561
626
611
577
660
607
632
598
625
633
598
591
565
556
635
603
608
614
612
581
635
625
609
601
662
588
643
555
612
587
639
581
607
581
606
621
643
564
616
624
588
584
645
586
606
603
537
654
651
608
634
584
589
584
621
615
615
567
590
618
610
629
614
581
599
587
616
582
640
575
600
583
601
611
662
594
593
601
596
648
599
619
600
571
597
643
600
587
571
626
594
618
604
629
575
593
616
634
617
604
623
582
581
590
632
563
624
633
604
595
601
568
608
601
638
569
630
601
563
612
589
577
614
571
623
591
640
621
634
619
597
572
598
617
601
593
596
591
580
609
572
630
589
588
605
576
626
595
647
614
617
594
593
621
610
615
622
612
625
634
600
608
619
630
583
602
617
618
614
634
608
610
613
638
628
635
650
606
591
644
598
634
639
646
607
672
604
661
638
654
650
630
669
632
700
623
609
666
655
650
641
688
663
617
693
709
659
679
670
662
663
709
659
657
678
685
681
684
668
677
675
700
686
699
749
707
645
661
695
710
692
745
730
723
708
706
697
734
720
706
710
668
720
715
700
810
720
677
723
704
687
737
748
745
758
752
722
765
699
721
721
754
722
732
782
697
778
713
750
786
764
749
786
763
735
727
778
718
734
782
803
793
755
728
740
749
770
776
696
710
780
785
751
783
764
749
765
746
709
725
730
767
745
733
748
746
756
787
701
742
777
748
781
742
790
797
790
734
755
786
722
756
727
763
747
735
743
754
727
730
749
743
741
808
690
770
737
743
744
753
740
734
754
739
714
729
730
752
746
694
705
774
752
726
712
714
704
724
764
759
711
749
719
729
670
718
723
704
728
746
706
737
727
641
701
734
707
725
706
688
762
720
698
749
730
713
695
789
684
711
663
696
703
727
712
656
668
698
730
678
687
697
694
674
713
691
673
692
744
710
691
684
673
729
663
681
729
650
715
663
695
668
680
723
684
695
648
676
698
733
677
702
706
679
691
686
660
642
680
739
670
717
735
636
714
680
641
690
659
660
660
680
639
691
669
656
673
718
706
653
684
726
676
638
680
635
680
689
679
647
655
641
659
698
646
664
657
657
669
660
670
682
649
606
666
673
651
661
684
621
663
663
660
668
656
638
651
676
621
602
675
671
597
630
653
644
619
650
651
604
618
639
648
638
646
630
634
690
672
594
600
688
639
661
621
623
615
680
624
658
639
613
648
598
662
610
657
627
624
637
620
609
640
635
656
643
580
652
637
623
717
623
621
612
595
620
608
607
662
619
646
650
592
622
612
675
605
609
595
655
633
618
593
631
646
606
643
586
652
583
594
657
580
627
596
577
629
631
636
615
618
578
606
628
602
605
555
599
646
612
598
595
612
642
589
646
573
632
592
629
618
616
603
581
604
599
616
587
571
615
614
613
627
581
587
630
619
570
576
621
611
578
634
640
627
587
576
604
617
627
560
618
590
632
614
534
560
586
575
593
570
584
575
579
530
576
589
565
544
566
597
566
591
591
590
562
569
599
602
581
560
542
548
572
549
565
570
576
552
572
513
571
563
557
572
565
556
541
544
577
501
546
562
577
557
569
594
525
531
573
526
561
556
564
582
565
563
539
575
540
550
563
539
553
573
532
568
546
572
571
559
569
521
525
539
554
567
529
526
516
570
531
527
586
579
523
567
492
560
566
534
570
540
545
506
527
529
552
540
513
520
525
569
565
532
498
512
542
510
568
520
586
540
537
530
518
550
479
548
515
530
545
567
504
524
506
520
518
528
535
499
555
518
521
530
513
514
511
572
513
531
466
521
542
529
508
533
509
519
522
529
545
521
518
512
506
482
504
519
509
523
510
511
543
544
510
544
489
533
536
517
523
446
502
528
526
520
500
523
551
503
512
535
507
509
536
533
525
557
556
544
527
504
472
527
497
512
517
517
529
520
510
515
479
511
509
529
536
502
514
521
514
481
497
511
489
486
484
468
520
508
523
503
534
491
504
500
519
503
527
501
498
517
497
495
510
509
515
492
549
499
510
483
480
467
519
557
502
523
457
540
521
481
528
530
497
494
540
549
483
552
500
518
494
555
485
497
457
532
537
469
501
498
488
525
534
531
485
534
483
562
529
493
525
510
521
559
534
496
518
445
558
488
488
504
509
505
511
538
487
493
519
505
520
520
503
534
499
516
512
506
513
526
509
504
474
547
513
503
489
525
520
540
525
520
500
498
492
478
498
509
507
466
504
503
521
531
495
528
500
487
518
501
525
486
512
547
490
545
536
512
516
517
523
518
504
543
504
531
495
508
479
481
521
508
531
512
507
496
508
509
470
490
539
512
508
500
535
512
504
490
513
500
480
510
515
476
509
510
462
521
501
472
512
515
479
501
510
535
497
514
494
460
490
470
507
520
501
493
551
515
522
513
460
503
520
462
510
477
482
502
494
486
455
517
468
490
483
464
469
448
499
493
498
515
459
487
470
452
508
490
482
519
460
465
449
479
482
476
477
488
458
491
486
459
472
493
461
488
483
507
425
432
448
479
440
465
442
444
445
484
451
447
477
431
454
478
422
457
474
465
422
411
478
443
457
443
460
423
457
406
425
429
439
462
442
417
419
409
438
421
441
418
453
447
413
408
401
411
447
402
421
401
385
373
391
402
402
378
415
376
392
410
399
402
404
369
418
410
408
371
403
403
395
347
378
374
391
370
369
414
346
392
357
379
342
360
398
370
392
375
366
366
327
366
347
386
384
369
351
362
368
391
366
365
355
360
357
340
339
355
301
345
340
344
331
365
335
318
355
331
335
353
314
340
345
337
302
298
287
314
337
309
330
356
338
339
311
330
333
331
331
319
333
324
335
312
310
318
340
289
277
300
268
298
318
296
319
298
314
299
311
306
289
287
303
260
330
294
296
281
289
300
279
277
320
288
282
270
276
267
277
300
272
296
292
305
250
289
291
285
295
287
273
300
304
282
265
276
294
280
258
255
275
293
293
271
276
276
267
256
254
266
306
257
286
281
294
242
262
278
261
273
258
265
250
257
290
261
297
274
236
246
241
257
283
296
257
265
282
255
240
253
241
272
285
239
249
259
273
278
256
260
249
263
252
229
239
239
246
276
263
254
224
251
259
245
257
271
235
213
252
241
232
241
246
249
261
236
235
228
263
218
258
228
235
242
245
236
250
255
228
223
259
267
217
226
244
259
228
229
243
217
214
257
235
218
222
253
225
251
227
257
246
204
240
236
229
224
246
222
188
204
242
239
245
256
256
236
236
237
230
208
190
205
246
231
260
233
245
238
239
218
230
218
216
207
209
211
224
257
247
210
204
219
239
216
249
195
212
241
213
216
233
190
222
225
225
217
202
242
229
214
231
195
231
226
217
229
220
192
238
221
222
232
228
199
221
196
207
203
226
202
225
200
179
226
218
199
210
205
213
198
216
226
218
237
247
211
206
208
216
222
210
238
222
221
195
198
175
207
212
246
200
225
248
208
215
207
224
204
220
197
204
208
190
227
198
226
205
187
219
190
201
224
197
189
201
232
226
205
196
198
201
202
183
206
214
210
196
187
208
208
226
198
218
212
235
220
215
194
189
183
175
222
206
202
225
186
212
200
193
215
195
192
204
197
178
219
193
223
233
189
206
202
199
195
187
199
192
208
191
184
197
204
187
180
224
209
190
186
176
210
203
184
193
208
191
203
194
181
195
167
207
197
202
180
169
184
196
185
207
176
185
215
189
203
202
200
210
185
194
202
195
190
167
217
178
191
208
176
201
194
188
196
189
211
191
203
201
205
202
193
208
196
205
170
192
183
203
210
214
192
202
186
169
183
176
190
210
179
205
191
184
216
196
188
183
203
170
167
192
173
184
174
175
166
186
204
201
182
181
195
205
201
169
189
191
202
164
194
197
198
193
174
203
192
169
183
176
187
178
186
181
180
178
197
214
186
170
206
190
204
175
192
185
187
189
179
186
175
173
178
196
182
166
201
170
172
209
212
196
179
170
181
175
193
187
178
192
169
178
188
169
185
200
169
232
167
189
205
172
191
193
170
196
177
185
204
211
206
187
193
211
190
192
203
185
180
164
189
204
199
183
182
176
188
174
210
197
183
183
187
192
208
175
191
168
187
202
168
186
202
196
208
166
199
184
197
203
162
176
178
182
178
194
195
182
180
171
173
211
182
196
187
207
188
186
199
193
183
183
186
190
166
192
183
190
179
205
178
189
189
190
187
201
197
189
187
208
199
190
200
200
189
194
190
191
185
188
217
201
221
184
249
190
236
216
213
197
195
214
190
206
184
199
212
216
207
234
233
253
205
207
222
207
216
252
223
225
229
232
209
245
217
228
231
245
222
265
237
266
243
236
241
262
246
237
225
244
278
268
236
267
259
266
255
261
283
221
263
275
289
279
311
274
270
315
312
322
295
289
331
311
306
339
331
363
313
343
353
345
312
357
361
367
380
346
373
368
382
403
378
365
378
375
409
388
410
403
431
431
432
440
482
453
477
454
491
473
530
487
532
538
495
513
552
575
580
510
609
599
586
565
570
644
620
628
665
623
681
623
649
677
677
659
714
716
725
754
725
757
727
788
792
785
799
842
848
797
827
800
897
834
915
903
926
902
935
966
954
968
994
1006
968
984
1038
1000
1065
1103
1100
1046
1049
1100
1179
1155
1209
1227
1185
1185
1251
1251
1214
1282
1260
1336
1275
1265
1301
1311
1369
1327
1386
1384
1385
1513
1455
1529
1532
1535
1490
1556
1508
1569
1595
1629
1674
1639
1759
1734
1693
1701
1727
1657
1788
1744
1781
1819
1865
1825
1838
1914
1853
1910
1963
2031
1954
2083
2104
1965
2030
2038
2086
2111
2135
2189
2144
2185
2193
2259
2166
2217
2260
2231
2314
2351
2299
2326
2400
2374
2401
2319
2410
2422
2440
2526
2464
2530
2495
2569
2569
2558
2621
2609
2642
2685
2626
2739
2588
2733
2674
2810
2719
2827
2826
2813
2818
2886
2859
2840
2802
2815
2837
2895
2936
2931
2982
2920
2899
2947
2939
2939
2966
3057
3028
3011
3080
3032
3046
3058
3105
3107
3113
3068
3048
3190
3236
3195
3072
3059
3235
3228
3164
3244
3125
3236
3136
3074
3319
3233
3270
3238
3180
3255
3185
3169
3291
3212
3292
3262
3315
3305
3235
3294
3226
3289
3322
3301
3188
3241
3334
3240
3265
3251
3284
3156
3206
3259
3185
3297
3323
3245
3269
3162
3076
3204
3226
3081
3169
3162
3262
3153
3157
3127
3171
3096
3066
3064
3150
3161
3089
3019
2949
2980
3108
2965
3038
3002
2940
2960
2951
2966
2930
2962
2952
2925
2871
2873
2826
2848
2770
2856
2792
2761
2780
2809
2756
2736
2762
2669
2673
2636
2641
2648
2685
2618
2606
2570
2581
2495
2449
2529
2577
2590
2563
2437
2457
2360
2375
2400
2344
2346
2316
2323
2326
2275
2208
2234
2241
2120
2178
2124
2101
2149
2101
2117
2018
2039
2001
2005
1926
2058
1957
1993
1935
1880
1828
1842
1789
1788
1858
1882
1735
1699
1811
1780
1697
1663
1626
1710
1615
1635
1608
1632
1574
1556
1503
1529
1495
1527
1476
1525
1478
1466
1383
1408
1381
1389
1348
1310
1268
1327
1260
1250
1264
1248
1255
1251
1233
1131
1089
1185
1148
1094
1110
1081
1088
1035
1077
1051
994
941
1015
952
969
972
999
909
931
927
826
909
866
830
773
817
803
820
776
812
805
790
768
772
766
762
771
676
658
699
699
681
681
616
635
623
619
636
588
629
598
564
566
585
584
579
586
549
487
543
535
486
469
535
440
487
479
444
472
496
405
453
432
432
450
442
434
432
392
430
434
406
376
383
384
402
366
389
369
343
342
340
353
346
350
334
328
298
316
335
328
339
295
294
289
297
288
288
296
258
299
276
293
256
275
263
239
263
271
254
238
257
242
241
255
254
221
215
245
221
222
230
229
216
223
228
215
204
255
220
195
191
217
189
203
201
221
208
197
188
191
205
193
225
193
194
186
181
206
181
146
162
178
170
161
190
149
176
193
152
143
182
164
166
171
163
167
159
156
172
153
160
144
164
154
155
172
160
144
141
138
156
152
151
140
138
116
162
168
112
129
134
147
154
158
151
155
120
136
134
122
151
139
125
116
139
119
134
116
131
126
135
121
109
122
134
110
129
108
130
148
112
124
130
124
130
135
119
118
119
137
124
113
121
121
131
110
117
124
114
103
117
102
123
118
114
118
118
119
106
123
97
132
109
136
116
98
109
108
105
103
114
98
93
85
126
106
111
101
99
117
99
101
98
95
112
92
91
96
112
105
108
85
106
123
88
111
93
115
101
115
108
99
96
113
97
100
93
97
110
109
109
86
91
104
118
106
98
87
120
91
90
94
99
92
103
94
98
84
85
101
104
89
107
86
100
88
97
88
97
95
97
98
94
91
95
104
92
99
84
92
93
85
85
87
88
80
102
88
90
93
92
102
86
79
100
83
96
101
89
92
102
105
76
95
99
102
93
92
86
77
91
91
98
76
88
89
100
122
98
75
99
97
87
71
85
91
90
126
84
89
86
77
85
99
93
86
88
96
97
101
83
97
104
94
104
105
97
88
94
77
95
98
102
113
84
102
82
88
81
89
88
89
66
127
95
85
106
90
101
84
94
89
70
98
101
93
96
105
92
79
89
83
96
88
90
102
90
81
86
112
92
92
75
88
102
94
88
94
93
92
112
107
83
99
83
85
79
108
69
96
83
95
87
78
86
87
105
101
68
90
90
93
79
97
82
80
96
73
92
68
84
88
99
98
93
99
94
94
82
81
87
93
79
97
85
86
87
78
91
90
88
92
85
78
99
94
90
89
72
78
95
82
77
85
75
73
99
86
99
86
85
91
69
92
92
91
97
113
97
99
92
100
107
95
95
79
92
70
96
107
77
75
94
87
85
96
91
84
60
94
83
84
86
109
70
78
93
81
75
88
86
86
85
68
91
108
97
86
93
102
92
86
79
88
90
79
76
86
87
83
82
97
76
85
90
106
105
86
91
76
79
98
86
87
83
65
86
91
80
82
83
76
75
88
88
86
95
84
90
83
103
81
100
83
85
83
79
81
92
87
66
95
93
99
83
98
94
71
96
98
88
72
96
61
94
75
77
71
94
89
92
88
96
90
80
83
75
89
108
76
77
85
89
76
103
97
93
95
83
95
78
88
89
90
78
89
77
88
84
76
91
109
90
76
76
85
83
82
93
79
92
85
87
92
93
92
76
84
106
88
86
92
94
82
97
96
97
91
108
84
104
78
86
76
91
85
72
91
79
91
69
81
100
120
82
92
87
70
87
80
99
81
97
87
89
85
94
95
91
90
76
79
91
98
91
94
95
71
93
89
88
105
81
75
91
77
96
98
89
82
98
76
87
76
94
97
99
92
77
93
99
77
95
87
107
85
78
92
80
81
100
86
82
100
84
95
87
86
105
109
100
81
87
92
89
78
96
94
88
80
86
88
89
67
94
77
96
79
96
91
102
76
79
91
95
105
99
95
107
98
83
89
91
108
75
94
79
101
109
79
88
81
67
101
96
88
91
93
104
96
96
88
97
87
88
88
88
93
114
92
84
80
102
108
101
81
84
95
95
97
87
95
86
94
104
78
91
100
103
85
103
80
83
89
78
98
82
66
92
88
90
104
87
100
98
92
107
86
90
93
95
93
80
74
101
101
89
96
96
94
68
96
85
81
99
76
83
79
95
105
77
86
93
81
99
83
88
97
86
108
91
89
95
86
101
98
97
108
89
81
86
106
92
93
90
88
101
103
91
105
87
98
79
86
101
106
109
97
90
77
88
96
88
84
78
86
83
105
90
92
91
103
72
94
103
79
73
75
98
90
76
95
90
80
90
102
85
82
95
87
119
83
79
84
69
77
102
94
100
77
84
85
82
82
89
91
70
84
81
87
95
82
75
103
91
87
79
82
102
92
85
100
100
85
87
94
89
81
87
89
84
82
102
85
83
87
81
82
80
89
81
98
94
82
98
95
94
90
88
92
82
92
80
92
89
106
103
104
94
87
104
81
84
107
92
79
87
109
78
93
105
98
73
63
88
89
87
97
90
87
98
97
80
83
88
81
81
88
88
76
97
93
81
87
83
103
93
96
83
96
79
90
76
104
84
84
91
92
91
96
96
83
84
100
81
69
81
85
89
95
85
67
93
92
78
75
81
88
101
62
85
100
85
84
87
98
95
88
86
80
85
101
102
78
111
91
86
99
96
75
85
72
72
86
77
95
98
82
93
75
78
83
87
81
88
87
90
89
85
90
86
78
91
108
89
75
114
76
92
92
90
89
72
93
98
69
80
86
77
89
77
87
95
85
87
65
96
99
89
87
84
89
77
101
87
99
71
77
115
93
80
94
83
87
85
88
81
91
84
94
81
79
98
93
101
83
88
81
99
101
100
69
81
75
72
92
85
74
87
97
83
70
87
87
95
88
109
84
104
89
74
80
103
84
78
88
99
89
92
91
83
101
66
90
80
82
106
105
86
82
72
97
82
94
98
100
87
104
88
94
98
90
106
83
102
94
97
77
95
86
85
95
96
84
98
77
98
79
94
84
69
85
80
101
96
84
89
76
105
86
97
71
90
92
90
98
81
95
81
79
74
81
89
86
83
92
72
95
92
101
87
69
93
88
64
77
107
90
78
89
74
75
85
95
90
98
82
90
91
89
79
80
89
92
96
83
81
83
78
99
89
97
88
102
86
99
78
85
88
85
102
83
87
76
86
87
75
95
79
80
86
90
89
97
88
85
97
73
105
86
78
90
86
84
105
103
95
85
91
90
90
77
110
82
86
94
94
81
96
90
102
96
81
83
98
87
85
81
78
88
92
87
92
76
88
94
93
102
73
78
98
105
105
90
85
87
89
91
96
94
110
86
92
79
93
102
90
92
91
108
84
102
81
81
91
101
92
100
76
81
80
87
96
81
90
107
90
81
86
80
88
93
96
90
85
100
106
83
84
75
90
96
88
100
85
101
76
84
84
97
79
68
98
79
85
68
83
88
94
80
101
86
89
71
85
87
91
101
94
88
95
102
83
84
69
85
99
71
87
94
90
98
78
100
97
82
81
93
87
101
79
84
74
92
84
94
90
101
84
84
85
89
84
97
86
73
88
88
103
100
84
99
89
82
111
90
85
111
82
87
78
93
81
88
88
84
83
99
78
93
95
89
83
89
85
87
88
99
87
79
91
97
77
95
97
93
74
89
69
75
87
71
82
82
84
77
81
88
90
108
70
95
98
82
93
95
82
84
83
93
87
87
74
71
95
102
76
91
88
83
74
83
104
74
94
86
84
80
91
88
86
78
94
95
70
71
90
93
73
100
88
91
95
74
68
89
101
82
85
95
86
89
86
91
95
98
95
85
81
93
78
90
77
87
88
78
86
88
101
73
107
84
97
95
101
101
98
78
116
94
82
83
93
96
79
98
79
93
92
102
114
73
81
94
95
71
94
79
77
86
97
92
82
92
88
75
92
87
93
71
101
96
97
82
85
76
88
90
97
90
89
84
83
85
85
108
87
69
66
82
88
89
81
83
94
84
100
100
83
97
97
80
85
104
96
84
87
81
92
95
88
91
94
87
86
89
79
90
93
94
92
101
79
97
88
87
82
99
79
76
84
100
88
90
97
81
80
85
97
86
94
88
74
62
104
92
100
96
78
87
91
90
91
89
93
88
106
111
83
86
90
88
86
86
87
108
91
92
98
76
80
90
94
77
90
115
98
72
103
79
92
86
100
80
91
95
86
90
101
101
100
77
103
77
75
80
87
94
75
104
89
92
81
83
80
84
105
98
102
76
91
85
93
87
79
87
82
91
86
86
89
93
103
83
70
84
79
78
87
88
82
99
74
90
86
89
87
94
94
99
92
94
93
78
88
100
101
94
101
88
92
82
96
74
87
96
77
91
81
102
92
104
96
97
70
94
97
86
99
97
101
91
95
104
106
99
85
97
88
100
99
97
95
101
103
95
98
88
76
105
106
112
95
98
112
93
100
78
82
85
81
87
104
105
75
82
94
87
117
88
94
93
99
78
82
95
100
84
98
78
101
92
98
71
96
102
87
87
105
104
78
103
88
109
75
106
90
97
80
101
89
92
92
81
93
114
88
104
101
96
75
91
89
87
100
83
90
115
104
106
73
86
88
106
88
106
95
81
90
68
81
101
84
87
66
97
101
95
90
98
95
102
96
96
82
107
93
91
107
81
83
84
94
104
104
100
93
89
102
79
107
97
90
98
103
81
74
98
90
79
97
94
71
89
89
88
99
82
79
98
103
98
74
82
113
105
103
87
102
88
94
98
87
104
82
92
108
102
96
97
97
95
103
86
101
94
98
84
92
88
80
87
99
91
98
104
93
88
107
80
95
100
80
96
103
94
94
98
116
90
98
95
105
108
88
87
88
84
96
95
92
79
101
115
119
94
103
96
109
100
84
109
91
84
85
87
106
113
94
110
107
103
85
102
96
109
78
88
105
101
94
80
96
114
90
90
93
93
88
107
89
99
92
96
95
112
107
95
110
94
111
98
94
89
83
94
101
81
101
93
95
90
99
89
90
115
71
101
87
98
112
105
101
102
88
116
100
78
101
93
115
98
104
96
96
82
125
86
92
103
110
106
103
93
89
91
89
84
100
88
91
101
92
119
105
98
105
96
106
103
98
102
112
82
101
88
98
109
85
86
95
110
105
99
103
81
108
89
112
88
110
92
125
100
88
105
109
98
111
94
105
103
103
109
94
110
106
97
97
91
101
98
106
105
100
111
90
92
113
113
87
97
86
106
103
108
89
94
92
97
108
94
93
97
94
95
110
97
97
91
96
102
102
89
131
95
107
91
113
102
86
113
103
109
90
102
98
98
108
101
107
103
104
114
96
107
91
91
98
116
97
105
102
88
86
103
113
100
109
96
98
118
117
105
90
103
94
117
99
93
93
112
93
88
93
99
102
119
112
98
107
90
112
111
111
85
104
89
94
84
80
103
115
132
85
105
112
121
98
89
100
106
99
90
93
87
106
100
106
120
117
99
96
96
100
108
103
107
95
101
127
105
119
107
102
108
121
109
101
97
95
83
92
107
83
97
96
104
95
91
101
91
112
112
108
110
115
97
95
90
128
96
91
112
113
94
98
84
111
111
97
89
96
130
111
102
97
105
99
98
111
116
104
106
102
104
102
121
99
102
112
106
96
107
101
111
91
109
114
116
104
96
111
105
99
95
96
96
103
98
128
109
113
112
119
104
104
102
108
91
113
127
121
111
99
109
86
106
107
118
116
96
106
106
106
122
78
110
93
100
128
102
112
124
113
119
102
97
106
119
97
91
92
109
104
95
121
111
103
102
104
97
108
106
88
98
91
109
107
126
106
114
105
104
105
119
112
90
114
91
110
95
116
101
112
105
112
113
117
87
106
93
112
112
106
109
114
117
89
124
109
95
114
105
110
117
94
116
106
89
108
107
107
100
102
101
99
82
103
99
101
98
88
102
95
101
106
92
111
108
101
102
96
105
102
104
96
106
104
99
101
107
102
105
108
108
106
98
93
92
80
98
116
91
101
86
88
87
81
81
110
82
112
96
91
102
102
119
104
107
86
108
108
109
95
92
103
112
80
110
110
87
103
94
83
80
106
100
94
108
109
91
89
98
105
107
95
88
88
112
113
98
98
97
95
107
90
88
97
72
87
95
89
94
86
97
92
103
84
95
110
90
91
85
98
84
86
98
93
79
73
99
79
97
88
87
80
79
90
111
78
93
68
77
88
85
87
81
92
93
80
93
86
78
88
90
77
99
82
94
84
79
86
91
88
70
65
81
85
71
83
81
75
87
77
82
80
82
99
74
103
87
78
54
105
78
87
78
66
83
90
80
70
73
78
79
89
87
81
79
68
74
80
79
81
85
79
86
82
79
73
84
76
71
64
87
88
82
83
66
89
76
60
80
60
78
78
74
66
68
75
72
71
79
86
63
76
69
81
63
77
69
76
76
69
83
71
56
70
64
63
75
73
75
76
58
73
80
61
56
59
72
60
62
66
60
56
59
74
70
69
63
64
69
64
68
59
73
66
70
72
79
81
53
67
66
55
56
57
59
71
64
58
61
45
67
69
66
67
67
58
62
58
62
60
67
74
57
67
43
55
62
68
53
58
60
64
64
76
58
51
51
61
49
64
48
48
56
64
61
53
62
51
60
74
44
64
46
50
57
48
49
52
54
74
63
66
66
60
58
58
48
46
50
48
51
57
49
63
60
57
54
44
60
69
52
54
57
51
48
50
58
53
54
61
47
52
43
50
62
56
48
46
69
64
43
61
51
58
47
59
44
56
42
50
52
43
48
36
46
46
52
45
54
45
54
43
51
55
35
56
40
43
51
46
49
60
52
53
55
41
52
48
45
40
47
50
36
46
46
41
37
41
49
51
58
51
47
52
41
53
41
53
36
37
44
48
50
54
33
48
49
41
38
33
47
44
43
47
31
45
48
27
54
37
43
26
37
54
51
64
40
36
36
28
41
45
35
37
43
43
39
42
44
35
41
52
49
42
34
44
39
30
40
55
50
47
34
42
38
35
33
38
36
39
44
32
37
44
36
40
25
40
39
29
42
36
31
38
35
35
42
44
36
32
43
37
38
22
39
37
26
29
41
23
29
51
45
32
47
34
29
30
40
43
32
37
37
24
33
34
25
43
48
43
35
32
30
41
32
47
37
41
45
40
46
28
39
34
26
32
29
30
33
38
32
34
22
43
41
36
24
29
40
34
33
33
37
33
45
35
34
38
26
37
30
36
31
34
31
35
36
28
32
28
28
35
27
30
33
30
34
37
31
37
22
30
30
36
42
37
43
24
27
33
31
37
29
27
28
23
26
38
34
30
36
34
29
38
28
32
31
35
27
32
34
25
24
27
27
33
30
39
29
22
30
30
27
30
27
30
35
38
25
26
33
30
33
35
30
27
30
33
30
26
24
28
28
29
27
22
32
29
30
37
32
14
33
24
36
27
27
31
24
30
28
27
22
28
23
33
32
27
29
28
31
30
35
34
30
31
33
32
24
26
36
27
27
24
30
26
24
25
28
27
28
28
23
36
26
31
23
36
31
25
24
28
18
23
26
38
26
28
24
33
20
35
35
20
27
30
23
18
21
30
22
28
19
29
28
31
26
30
23
29
24
31
29
30
17
43
32
27
26
23
23
25
32
20
22
26
23
19
24
34
28
21
26
22
26
28
26
36
25
27
28
21
29
34
28
21
25
28
29
19
20
27
27
22
22
21
19
26
29
27
28
26
22
24
30
31
20
23
20
29
21
20
27
27
26
25
19
28
20
32
24
23
27
29
22
16
21
28
38
27
22
32
21
29
27
31
21
23
40
26
26
29
19
19
30
33
24
22
20
28
18
30
23
30
15
30
32
27
22
26
27
20
23
20
26
19
31
18
19
26
16
27
24
19
27
22
26
24
25
14
26
22
30
28
35
22
25
31
23
22
26
29
22
28
20
19
26
21
27
28
20
27
18
25
18
28
30
21
18
28
30
24
29
31
29
25
22
30
19
29
23
24
32
17
28
23
21
28
27
17
30
22
32
28
28
25
30
27
21
29
34
30
30
22
31
26
29
32
36
33
18
33
26
27
27
30
33
36
25
21
23
26
31
27
30
31
38
32
28
20
29
33
32
38
38
28
33
31
25
26
30
31
27
26
36
35
32
29
32
56
35
33
37
29
43
33
37
36
35
23
29
33
38
39
42
39
41
47
42
42
34
41
37
38
29
29
35
43
35
31
35
43
45
38
41
48
48
35
60
41
54
30
47
52
54
31
42
37
41
46
40
38
41
44
59
43
44
46
47
40
55
42
43
52
57
68
48
42
62
55
52
50
57
48
57
55
36
62
49
49
56
68
48
64
54
64
62
58
54
70
55
65
45
79
65
72
85
48
59
68
72
75
66
85
56
76
103
99
81
80
72
77
77
86
97
74
68
83
99
92
68
85
67
82
75
100
80
90
94
91
102
93
84
98
118
84
102
91
87
106
98
104
105
113
101
104
106
118
112
90
109
132
98
121
130
123
122
102
117
102
114
103
117
137
117
127
132
141
121
111
140
124
135
126
118
120
131
130
149
135
144
136
117
136
156
138
136
144
154
154
165
154
152
143
167
160
175
163
151
164
167
150
170
161
160
165
188
173
179
159
164
172
178
175
197
185
180
188
174
202
187
194
208
176
199
196
200
209
211
216
204
214
169
213
193
208
215
211
191
230
212
232
275
236
259
230
229
216
250
216
243
249
240
253
215
238
233
263
234
239
275
278
254
285
260
260
252
270
244
274
277
259
273
283
286
263
262
272
297
300
279
280
283
299
298
289
304
318
312
337
303
288
290
326
302
329
286
322
339
306
309
315
327
313
321
327
322
364
322
372
315
340
311
320
351
334
353
380
355
381
346
343
354
349
380
335
335
368
361
346
356
366
360
355
372
355
350
410
372
419
342
401
392
408
371
409
434
373
386
366
394
403
431
395
374
369
389
363
421
401
398
391
425
419
436
422
447
409
417
419
398
436
440
430
441
389
407
410
405
401
410
416
454
438
483
415
447
452
444
417
417
455
450
469
433
431
442
442
485
461
465
451
456
454
428
409
421
441
462
442
427
434
420
458
442
467
477
433
472
454
465
466
456
469
471
442
446
478
466
440
460
412
463
463
489
461
468
474
453
472
442
485
476
483
442
492
453
440
497
471
434
455
471
456
459
437
419
485
475
429
476
473
406
513
489
454
425
479
451
473
456
445
469
443
482
446
454
474
436
464
429
481
458
466
410
459
473
464
443
425
470
462
451
457
413
459
455
454
457
439
425
417
436
488
448
423
464
420
465
438
414
445
425
413
430
420
460
435
434
432
458
380
430
441
447
458
419
422
424
422
420
425
424
428
384
416
433
373
412
416
383
413
420
398
416
392
349
436
387
431
394
396
406
385
378
384
394
372
365
384
385
359
384
410
389
391
344
388
366
373
364
394
394
397
384
363
350
352
354
390
343
307
373
343
340
340
346
326
316
379
342
355
314
317
317
357
322
329
325
314
307
317
322
317
318
326
314
306
320
301
319
314
293
284
300
291
296
302
295
322
287
292
312
293
267
278
276
289
261
271
288
277
283
257
268
261
254
300
263
263
288
268
262
265
255
254
265
262
244
257
250
272
258
221
236
255
251
277
236
218
219
232
222
243
233
196
250
247
201
232
259
232
214
224
204
204
213
218
214
212
207
215
219
222
192
207
230
187
212
211
212
206
191
189
228
210
170
192
191
208
214
183
174
170
169
185
181
173
169
151
168
159
175
164
159
154
160
154
163
165
180
162
162
164
147
154
145
163
143
168
154
149
167
166
160
157
154
142
145
150
142
116
157
140
142
138
133
144
142
126
116
126
139
129
137
155
116
135
136
129
125
111
117
102
129
122
120
111
107
124
109
112
85
113
111
100
128
97
89
123
97
113
89
110
91
108
106
96
105
95
96
86
96
98
93
97
123
90
91
97
85
84
104
111
76
80
81
92
81
95
103
83
93
91
95
77
63
86
74
66
85
89
78
72
73
100
68
75
79
75
103
59
64
58
72
80
64
73
75
84
70
63
68
82
70
77
76
68
71
55
77
65
69
65
57
55
68
59
51
71
66
73
63
58
55
64
65
51
74
56
62
66
58
52
61
49
65
56
59
48
63
57
68
47
65
55
46
49
54
70
55
53
48
43
44
62
49
57
48
60
56
49
46
44
60
45
40
56
56
44
37
61
57
44
45
46
43
45
46
36
50
39
54
53
36
38
45
41
49
44
49
41
38
47
41
40
37
44
48
43
39
46
42
39
53
45
44
43
38
39
43
58
32
51
47
40
54
37
48
44
29
30
38
43
31
35
40
44
38
46
30
27
41
39
38
44
38
46
40
35
49
44
39
33
40
34
30
29
36
36
36
44
31
29
25
37
44
26
28
25
39
36
42
41
36
40
36
26
38
39
34
30
27
32
41
30
40
36
29
35
28
45
33
24
29
39
32
32
35
44
34
38
42
33
29
31
35
30
24
35
27
33
28
28
33
19
22
35
36
38
20
31
26
22
22
34
38
19
25
27
36
31
28
36
23
27
19
28
20
25
30
23
29
28
28
24
24
28
21
30
24
30
23
31
36
32
23
21
24
33
20
25
22
25
31
37
25
26
29
22
22
32
24
24
28
21
22
27
25
26
25
28
33
25
30
34
24
31
28
25
19
39
20
25
23
23
23
15
26
25
22
18
21
23
21
19
24
23
27
22
32
23
22
23
32
21
26
19
30
19
16
25
32
31
20
24
25
25
26
26
22
18
26
19
21
19
20
20
23
27
27
20
22
23
29
28
11
21
28
31
22
32
20
27
18
29
26
23
15
28
23
29
18
18
17
27
22
28
17
33
24
21
18
20
29
22
29
22
16
21
23
18
19
14
25
19
29
16
24
20
26
23
20
14
25
23
22
22
14
22
21
20
24
20
19
15
20
19
19
24
24
15
16
15
25
25
24
16
23
26
24
14
27
13
23
21
26
27
16
26
26
21
21
25
13
29
27
20
11
10
19
25
16
18
24
15
25
13
13
14
17
29
18
15
21
16
18
22
20
17
35
16
24
17
20
13
22
25
25
16
27
22
20
17
31
23
29
21
22
16
21
16
27
24
32
26
26
20
18
26
25
15
16
25
31
17
28
21
10
26
12
20
22
20
24
20
31
18
24
20
21
21
22
30
18
12
17
18
17
11
21
23
20
15
19
21
24
21
27
14
21
33
17
22
20
23
248
259
287
261
311
283
285
261
292
267
267
284
286
259
259
266
290
232
255
249
260
275
248
261
307
260
295
246
263
257
285
250
295
270
261
263
247
236
288
264
254
266
279
269
256
255
290
271
265
242
262
259
251
281
240
278
268
235
279
240
285
245
247
296
252
243
276
250
244
262
245
266
236
262
236
258
264
260
243
251
219
231
227
234
255
264
242
252
253
259
270
225
252
259
221
242
247
225
246
238
231
248
256
237
243
236
259
237
205
240
226
259
234
259
263
246
205
246
227
222
235
226
227
251
244
244
199
121
