19214
15887
13544
11399
9586
8336
7140
6124
5309
4820
4112
3807
3455
3036
2781
2552
2486
2318
2160
2012
1935
1814
1699
1632
1627
1580
1528
1426
1430
1424
1369
1344
1321
1298
1293
1332
1312
1287
1293
1307
1150
1241
1248
1249
1253
1221
1229
1190
1157
1251
1173
1106
1215
1131
1125
1122
1061
1062
1104
1019
1098
1041
1056
1066
993
991
1021
1019
948
1034
937
1036
957
961
959
943
947
951
923
903
957
963
902
910
884
915
872
898
949
941
898
928
889
906
900
873
891
838
882
807
840
838
863
832
791
821
798
804
851
826
865
834
790
853
800
834
848
841
829
820
784
754
813
751
795
736
775
735
778
731
778
776
706
754
716
708
730
730
671
715
707
746
744
754
738
674
720
730
704
764
694
694
704
696
671
719
671
668
723
704
692
725
677
624
669
669
614
641
652
656
667
626
643
675
649
666
674
647
612
650
634
661
600
638
631
602
616
613
624
642
581
617
626
626
598
547
580
552
577
556
606
589
611
595
625
610
588
562
561
596
552
532
567
546
565
578
537
545
547
566
565
523
580
548
522
543
546
569
483
534
513
536
496
545
519
473
516
496
514
474
529
519
495
477
516
458
496
474
513
502
463
495
504
484
499
484
446
462
429
448
425
478
491
460
474
480
512
440
466
486
497
529
482
444
491
518
513
481
476
478
506
474
486
490
518
519
489
505
442
507
513
475
470
512
470
503
474
494
457
459
474
464
479
485
465
514
471
468
423
464
449
471
473
514
451
449
458
465
483
424
437
415
440
471
434
481
447
430
430
416
450
427
432
452
450
460
389
423
409
449
423
444
427
461
453
414
427
423
443
425
403
409
432
441
405
418
427
399
422
380
454
421
388
400
433
456
380
388
420
406
437
435
420
414
412
430
413
405
427
413
408
409
408
411
405
394
373
412
391
402
400
440
403
409
412
386
387
396
372
387
386
406
411
408
438
378
409
418
379
384
375
377
438
373
375
438
371
382
377
382
394
393
383
393
381
362
350
381
361
381
344
369
398
357
380
365
367
407
373
403
363
373
358
357
397
356
379
345
347
328
378
367
372
375
372
317
382
349
377
341
339
361
366
368
368
377
360
326
403
362
365
336
336
353
403
360
356
334
375
363
338
356
340
337
377
331
329
341
378
378
331
352
340
351
316
372
355
345
373
323
353
372
332
348
307
336
341
360
350
355
325
350
350
381
369
319
320
349
338
354
355
318
349
334
346
344
301
345
333
312
366
340
328
351
311
318
325
327
325
326
322
308
347
330
335
358
296
304
338
339
326
310
294
318
346
316
309
306
290
302
320
303
312
305
358
323
344
309
331
326
334
312
319
315
343
345
313
308
269
295
301
314
326
316
312
316
308
271
274
324
329
305
305
325
324
325
284
294
318
303
286
319
305
318
316
319
320
273
311
282
304
318
307
339
324
312
301
303
318
292
309
305
323
295
320
276
316
300
343
302
307
291
317
258
308
304
281
286
271
303
303
305
276
298
292
298
306
273
293
325
304
289
302
275
281
323
266
286
279
273
303
280
288
287
281
287
293
286
275
301
300
290
286
293
264
293
300
283
276
235
284
315
299
281
272
283
300
294
292
271
290
269
275
288
282
287
266
305
281
290
265
282
280
264
288
274
268
299
293
251
243
291
283
293
270
258
290
275
268
269
283
293
275
291
279
287
257
273
284
269
270
298
279
278
288
269
283
311
310
267
251
282
250
286
273
256
279
273
322
253
265
267
272
257
245
261
274
260
287
272
289
254
274
229
308
250
267
266
282
291
289
244
263
265
267
295
290
285
275
265
283
260
259
282
280
264
258
287
270
255
246
276
276
283
267
266
281
315
252
303
279
246
245
271
252
242
295
258
266
263
267
245
259
276
248
275
263
264
258
281
249
252
245
257
245
275
256
270
241
257
278
271
282
266
246
245
266
275
240
258
238
272
217
236
235
266
254
288
255
232
269
269
258
238
278
262
247
234
231
244
246
235
253
260
246
257
229
265
241
250
267
221
294
247
235
266
216
224
239
246
271
251
243
236
239
237
237
244
242
229
216
251
255
286
261
258
213
256
251
248
257
224
216
245
252
260
255
252
239
240
221
227
240
218
237
263
235
277
249
230
256
249
246
233
248
254
275
239
265
237
246
243
255
217
244
248
255
207
242
245
242
225
220
210
258
221
195
255
242
251
257
230
219
244
239
227
220
208
244
219
249
241
217
248
235
231
240
208
227
223
198
224
272
234
231
236
249
234
258
266
242
233
213
242
253
218
227
247
246
241
202
246
227
264
222
220
228
241
245
232
229
225
232
222
219
226
238
242
257
228
209
252
254
245
227
250
234
222
264
261
221
229
246
224
229
215
231
212
273
226
238
205
235
212
223
206
202
223
223
223
235
213
224
212
221
235
216
224
240
216
224
245
242
239
243
205
232
214
235
217
224
231
234
223
234
232
213
237
233
232
252
227
239
217
229
237
223
224
257
216
233
215
226
237
239
219
239
228
257
252
235
227
218
230
229
220
221
219
236
232
223
240
226
227
233
221
217
240
226
234
274
228
226
240
222
262
225
255
259
246
212
236
247
229
264
240
227
234
232
226
233
256
235
224
261
263
252
245
234
278
249
264
262
213
228
232
211
220
241
240
235
233
232
237
237
203
249
220
238
219
216
239
240
218
213
201
201
201
182
226
223
224
231
219
214
193
215
198
217
225
219
217
221
184
223
222
211
198
207
211
201
231
216
199
196
189
203
191
208
218
213
195
225
203
197
202
181
218
200
218
199
208
189
229
220
206
198
193
191
195
201
200
181
210
197
203
173
217
202
214
190
184
210
199
174
199
184
199
212
190
200
199
207
193
203
193
203
188
226
201
194
166
202
196
185
206
189
189
174
178
201
216
182
197
196
181
205
197
211
205
193
180
160
196
197
182
175
198
188
184
197
181
171
198
194
192
191
173
196
206
197
200
203
188
170
193
193
204
188
187
193
192
179
188
194
184
186
185
208
192
213
166
208
180
222
186
193
179
213
163
160
204
170
203
175
178
174
175
193
188
183
182
189
199
176
172
189
194
173
189
195
206
183
179
175
160
186
188
213
192
203
181
158
185
181
186
183
208
182
175
157
191
161
194
162
186
153
201
189
175
172
149
192
172
201
202
181
170
160
173
161
184
163
171
192
173
184
157
163
206
179
175
180
165
197
168
174
162
186
175
164
165
175
175
181
162
196
162
190
167
156
166
165
187
205
150
166
196
163
178
182
158
171
175
141
143
158
174
167
182
181
164
190
172
160
146
154
172
175
168
171
188
163
141
143
170
159
192
179
177
174
173
170
165
171
178
178
175
165
171
149
179
167
181
171
155
156
185
163
173
188
158
177
166
168
185
169
179
158
141
165
156
154
177
161
196
165
156
165
152
182
162
161
148
178
145
168
182
171
186
161
165
194
159
172
161
150
179
182
165
182
166
152
145
167
162
186
163
168
155
148
181
168
153
150
165
166
160
152
162
165
153
156
168
155
163
169
173
182
152
162
147
161
129
164
160
178
163
129
170
159
161
160
159
149
165
143
164
171
148
162
170
161
154
142
152
169
139
159
177
177
140
149
153
146
143
142
139
153
159
156
164
168
161
173
169
167
147
157
159
166
157
160
158
160
152
174
170
127
137
134
151
136
142
150
136
137
161
162
166
163
163
150
142
155
136
177
155
167
156
161
149
169
152
134
143
155
155
170
164
139
148
159
153
137
147
146
155
163
178
159
137
158
178
163
192
134
148
128
167
160
151
147
156
150
169
141
157
155
165
166
145
158
152
154
149
149
131
137
159
163
140
152
143
162
138
144
149
177
151
131
163
136
140
182
124
143
153
164
139
140
138
152
176
136
153
161
148
151
139
132
166
147
162
144
147
137
149
137
139
151
149
139
129
163
139
160
134
138
153
147
163
144
159
144
140
136
161
140
124
157
164
133
133
150
137
150
170
133
147
120
143
145
151
128
165
170
128
140
145
161
145
138
122
141
133
149
162
170
154
142
149
121
145
146
148
121
144
149
147
134
150
139
148
137
159
159
137
164
139
136
170
135
129
141
140
138
149
121
149
134
146
115
134
148
151
147
126
151
155
131
123
147
136
127
140
132
171
139
167
137
123
131
146
130
138
156
126
120
148
142
134
140
143
133
115
144
132
141
129
118
153
134
150
135
126
122
125
139
143
126
139
155
132
143
109
153
148
138
128
145
146
136
129
148
124
155
147
125
123
155
122
143
135
125
120
119
153
115
141
145
132
127
146
147
133
135
135
133
161
123
121
138
133
148
108
148
137
144
137
134
124
141
117
139
146
136
159
151
144
141
148
130
123
132
144
132
125
138
135
111
144
141
130
128
135
147
131
137
136
134
163
130
136
138
126
134
120
144
118
120
128
128
126
119
136
117
138
142
138
125
142
145
128
133
137
138
137
126
127
137
135
138
123
130
142
152
132
124
146
118
123
137
118
116
133
118
131
127
157
136
121
117
124
110
128
135
132
152
127
144
128
126
125
125
124
126
124
127
136
139
121
153
134
151
119
127
129
136
167
127
127
127
123
128
132
126
116
134
121
140
133
131
127
128
113
118
148
129
127
128
123
123
139
142
123
144
134
112
125
117
112
107
127
116
116
131
118
134
118
123
128
126
119
119
123
132
133
134
134
141
116
133
123
121
146
122
113
139
157
114
148
135
152
134
121
130
105
120
133
114
144
139
136
133
118
123
117
110
138
101
146
121
136
108
133
117
124
116
143
130
117
126
123
117
116
126
127
110
117
116
114
131
103
136
117
131
115
132
123
127
121
122
122
124
111
124
129
120
98
114
122
126
129
126
134
135
112
109
151
106
128
110
130
115
129
116
118
99
134
119
128
124
115
125
124
111
128
108
124
115
105
134
115
128
138
105
122
94
116
117
114
136
137
106
122
126
102
121
113
103
102
132
123
124
119
146
123
96
125
111
121
122
104
114
120
138
111
131
141
125
107
105
131
118
125
124
120
129
130
119
132
127
121
128
112
117
116
112
110
122
115
117
113
124
116
119
128
117
119
135
131
107
115
117
118
108
128
132
103
118
124
131
106
119
120
121
99
130
111
124
126
119
116
120
134
107
121
109
118
109
114
117
127
131
119
130
104
126
116
128
110
113
137
110
104
134
119
112
127
117
107
124
104
119
111
127
127
143
114
123
102
124
116
146
131
120
107
98
116
114
118
117
118
109
125
133
118
122
97
110
137
102
102
106
118
123
109
129
112
115
120
119
111
100
97
131
147
119
93
114
111
115
111
107
108
118
119
102
121
135
113
110
130
108
118
121
110
116
116
97
96
108
118
118
100
130
108
106
129
105
107
96
103
104
104
101
111
114
110
115
105
97
115
113
110
119
124
95
101
132
100
115
130
125
105
109
110
100
108
140
109
113
105
121
102
102
98
120
126
101
100
125
110
116
108
110
100
111
107
102
118
109
106
108
112
124
122
97
115
111
104
99
108
120
99
109
109
108
104
97
117
104
116
105
99
88
104
99
134
109
117
121
112
123
113
107
118
110
114
106
102
129
119
108
87
110
92
105
116
104
124
107
123
115
135
127
106
106
129
104
119
111
106
122
108
104
116
105
114
110
111
122
102
131
110
110
116
104
104
110
104
129
111
119
119
110
99
116
100
108
105
106
105
99
125
97
110
139
109
106
89
119
108
101
122
118
96
117
105
108
125
89
109
106
106
95
101
111
108
103
118
108
104
124
110
98
93
108
88
93
113
114
119
98
120
112
113
96
109
98
112
113
108
123
107
101
104
98
102
94
97
118
104
89
104
109
116
120
131
94
110
115
101
119
107
113
126
123
113
127
99
92
104
116
109
96
120
89
109
120
91
95
106
96
86
100
110
108
109
102
119
84
94
110
107
101
95
123
120
92
108
95
115
104
85
114
123
117
98
119
101
106
109
96
96
109
110
108
111
105
119
102
99
117
93
96
109
118
101
117
88
101
115
113
93
107
113
94
115
116
103
96
115
97
99
107
112
102
110
105
97
106
118
98
102
107
89
113
113
115
96
120
90
108
105
109
108
110
98
95
96
99
98
98
118
99
91
103
114
101
91
106
106
117
105
91
103
113
113
98
112
115
88
96
96
89
103
100
93
110
103
106
113
129
119
101
97
92
89
114
106
105
109
98
108
102
105
95
104
119
116
116
100
103
119
113
103
106
93
110
105
112
118
109
117
103
105
95
95
100
100
92
94
105
101
96
99
89
102
121
114
99
89
119
94
101
94
115
111
104
102
98
105
111
117
98
113
115
86
93
116
85
97
96
96
102
91
92
77
89
96
94
104
98
106
106
130
105
100
109
100
105
106
111
91
108
103
86
96
95
113
114
102
93
90
110
77
88
116
100
105
106
111
108
115
100
106
114
118
92
119
86
99
85
101
88
124
87
89
96
103
90
87
106
92
100
98
104
98
104
98
103
110
115
82
132
86
90
118
102
111
99
98
99
108
95
95
94
91
110
97
97
76
99
97
102
90
102
106
102
98
113
112
95
116
100
112
91
92
85
79
83
89
103
110
106
100
95
98
89
105
68
105
95
101
93
84
107
86
98
120
94
97
116
91
108
104
106
106
111
106
100
75
77
87
96
85
95
100
92
86
108
103
91
88
108
98
94
80
108
89
91
98
119
91
98
87
96
96
96
90
77
100
98
112
92
107
99
100
96
104
111
88
104
98
96
83
92
105
113
85
98
103
78
88
88
84
92
73
89
101
103
83
103
105
78
107
90
93
112
84
94
99
97
99
87
96
96
101
81
112
94
111
99
90
102
110
92
106
95
84
103
102
87
95
110
92
109
103
91
104
102
107
78
112
87
88
93
86
85
91
99
93
109
84
86
94
104
100
78
92
104
94
104
115
91
96
100
99
105
80
97
105
87
104
98
108
91
95
103
76
112
94
110
91
89
88
86
105
109
90
97
67
95
101
72
96
102
100
100
97
81
86
104
86
118
79
67
113
83
111
95
100
79
95
87
101
93
81
96
74
93
93
90
83
98
85
85
93
99
79
90
113
112
102
92
89
110
92
68
106
83
87
84
97
76
84
83
91
84
90
104
102
106
97
88
90
98
109
96
110
101
90
104
78
87
106
93
92
99
84
92
79
82
100
102
91
67
88
90
104
84
98
86
103
94
83
83
101
99
113
99
103
96
110
89
94
107
88
91
84
99
92
82
101
95
98
89
88
93
100
87
86
90
90
103
95
92
88
95
88
114
90
88
91
79
91
106
103
88
114
82
102
87
97
101
83
76
106
105
81
91
114
92
84
86
114
86
103
72
105
104
98
97
74
103
105
111
82
87
102
96
92
85
86
94
93
108
88
117
90
71
119
78
85
99
89
91
110
91
92
90
80
74
85
87
85
104
81
120
102
97
82
99
100
100
76
92
82
71
72
82
83
86
97
74
99
90
94
97
98
84
87
74
75
90
80
85
81
125
75
95
99
98
89
98
115
80
90
104
91
79
79
104
79
93
90
80
96
94
74
87
78
80
81
99
79
84
100
94
80
86
95
75
76
101
84
74
93
96
87
95
88
79
78
84
83
87
88
87
76
75
84
95
90
97
94
83
84
85
110
107
89
78
95
101
85
96
84
91
87
96
98
74
84
98
91
75
64
98
82
85
79
77
82
89
78
87
92
119
95
84
92
79
106
89
87
88
90
103
71
106
91
96
93
90
91
89
102
92
100
77
116
82
84
89
104
90
101
97
89
95
75
81
98
78
92
76
83
80
83
95
98
99
85
87
92
81
76
85
80
93
86
83
83
92
78
91
69
88
73
92
77
93
72
88
87
84
89
92
90
80
84
75
104
81
81
90
90
96
87
73
86
95
88
88
98
89
93
102
86
96
103
81
85
105
81
88
98
75
81
93
84
78
89
94
83
104
91
98
81
84
88
88
71
72
73
89
95
80
93
91
91
88
103
76
88
86
86
79
87
87
99
87
96
83
86
75
94
73
98
86
77
97
81
87
80
88
99
69
90
81
82
86
85
70
70
80
87
79
72
86
78
99
74
94
89
84
84
99
83
87
85
103
106
81
83
98
77
69
88
89
91
101
85
83
73
78
97
86
78
89
105
97
93
85
83
84
102
106
88
77
88
90
92
83
92
83
73
81
82
75
79
106
77
86
77
87
72
72
96
102
67
85
100
79
98
97
89
92
76
87
84
87
81
89
73
77
87
73
75
89
96
96
88
86
81
92
88
87
82
100
86
99
86
75
94
94
87
90
75
79
99
85
87
82
101
90
92
66
87
78
91
71
96
85
63
81
88
76
85
102
73
80
99
88
84
84
83
100
68
96
101
78
84
72
85
80
90
82
71
75
78
80
80
89
81
88
87
87
87
78
88
87
72
77
86
74
92
100
98
97
89
76
80
96
92
95
79
64
95
75
82
89
65
83
86
72
88
72
91
97
80
82
96
73
83
79
66
89
94
87
88
73
78
95
80
92
87
90
79
79
76
84
71
78
77
91
86
83
89
78
74
87
74
91
71
63
68
90
76
76
87
82
88
87
86
73
92
69
82
86
70
100
91
85
90
80
81
68
92
84
96
80
91
80
72
76
86
106
83
91
89
96
92
82
86
95
97
87
87
91
83
73
86
103
90
85
86
85
92
61
82
82
90
62
78
80
87
80
97
84
102
78
78
81
78
81
94
82
92
86
64
80
83
92
89
89
76
83
65
84
79
69
78
80
92
79
82
77
77
80
93
98
91
66
85
98
83
78
75
81
84
87
94
78
85
84
83
75
91
73
82
84
80
65
92
83
89
94
87
105
77
84
87
80
84
98
85
82
80
85
82
80
84
82
73
65
72
82
71
86
88
81
79
97
93
73
78
92
65
79
85
100
80
90
94
79
91
83
83
75
89
80
82
93
99
74
84
89
84
68
62
102
81
84
95
68
91
80
85
75
93
84
94
89
86
81
75
81
88
87
78
82
75
77
65
86
85
88
87
81
87
89
91
88
81
94
75
67
73
82
84
91
88
61
87
86
61
81
84
84
78
81
84
92
78
77
83
76
102
88
91
90
88
89
86
67
81
68
86
95
90
92
73
76
87
87
67
70
85
93
86
101
87
85
79
80
90
85
81
73
81
87
78
79
95
79
99
89
88
80
71
79
87
95
83
84
76
75
77
100
86
91
73
89
83
81
73
95
74
80
78
67
81
95
89
83
86
80
76
88
83
72
66
85
91
71
85
82
93
57
88
87
72
89
82
76
91
83
76
83
111
81
80
90
94
91
85
98
75
84
76
74
83
74
71
83
88
83
84
70
75
100
88
73
67
73
79
98
88
82
80
96
83
87
96
75
79
86
97
87
77
75
102
79
76
73
77
91
86
92
101
79
92
92
78
86
72
80
75
71
86
84
94
78
81
93
87
84
90
98
97
77
92
85
64
75
75
82
92
81
78
86
81
95
74
94
79
97
80
84
79
65
82
94
83
80
86
87
85
81
78
76
89
75
79
74
73
85
74
83
95
80
92
79
77
91
77
82
88
70
90
80
77
97
83
79
73
72
80
90
81
97
78
83
89
76
85
101
85
58
80
59
80
79
80
80
68
65
91
86
84
59
78
80
78
68
86
98
90
88
86
62
79
88
80
88
79
76
71
88
76
87
83
90
80
93
73
78
91
82
77
85
73
78
66
79
81
86
77
77
82
73
65
72
105
76
90
72
86
83
86
85
64
78
102
75
85
81
78
76
76
82
67
84
90
98
71
73
89
81
65
81
72
84
78
76
87
81
74
78
69
80
92
67
87
75
92
84
90
77
79
80
82
95
86
86
88
79
72
81
75
98
81
89
99
93
84
79
89
88
91
80
85
86
85
98
86
94
91
78
81
79
100
79
85
76
79
88
77
90
79
77
82
76
94
70
89
100
78
80
92
72
95
88
76
77
82
88
64
68
96
83
69
71
72
65
85
90
80
84
65
73
97
81
97
69
84
92
70
85
101
85
85
79
82
78
66
90
91
89
86
89
87
80
82
81
78
90
80
91
87
85
71
92
83
78
93
87
94
81
90
87
87
99
81
79
65
82
94
74
77
82
89
71
85
89
88
70
80
63
97
67
85
86
75
95
89
82
70
79
97
91
79
78
91
82
98
69
85
84
79
63
86
84
76
74
88
78
81
84
99
80
88
81
81
81
84
77
101
82
73
81
75
73
90
85
88
77
73
78
81
67
90
74
86
92
85
75
66
93
98
78
71
78
82
77
97
75
66
82
92
71
88
77
84
85
71
81
95
82
83
84
92
72
77
97
87
86
84
110
81
92
85
94
82
84
79
90
73
93
70
75
68
90
83
84
79
93
79
91
70
80
86
97
74
73
77
79
70
98
70
86
67
89
84
84
91
97
68
81
85
84
82
100
95
73
81
85
74
87
97
93
88
82
74
74
83
85
80
88
90
97
102
86
90
75
87
99
88
86
91
79
84
92
94
72
86
83
92
73
79
77
89
75
85
87
92
82
87
87
79
79
77
92
84
80
77
88
86
89
99
79
74
103
98
68
108
76
77
84
74
60
75
103
88
95
87
102
82
67
88
74
76
91
77
80
86
92
87
80
81
76
81
84
68
85
75
95
81
90
97
70
74
80
95
86
93
68
101
82
75
81
84
80
82
73
77
70
81
85
77
79
90
95
86
82
72
91
69
67
81
117
91
75
67
89
92
80
94
78
90
85
85
90
80
75
77
74
94
88
83
69
78
85
89
78
82
85
87
91
77
62
84
87
85
87
87
77
67
76
79
95
73
95
87
83
97
66
85
88
87
68
71
82
86
85
92
87
87
85
94
81
98
77
92
73
80
79
77
72
84
82
68
48
63
91
86
81
96
69
72
86
84
71
74
85
79
70
98
71
91
86
77
67
87
83
79
77
77
87
69
85
91
88
78
87
81
84
85
68
67
77
66
98
89
102
80
92
74
71
85
82
71
61
80
91
76
86
85
88
82
74
81
78
78
81
73
78
81
81
64
67
63
90
67
75
87
69
78
73
76
83
68
72
78
79
84
76
69
74
60
57
72
64
83
69
86
79
85
76
94
72
72
88
73
79
77
75
80
82
73
68
71
73
72
68
59
73
73
70
71
61
74
86
74
71
78
76
64
63
65
70
61
74
77
64
77
75
73
67
66
65
65
73
76
72
74
82
78
71
76
82
68
85
72
73
59
85
68
70
71
81
81
62
82
74
83
83
73
57
78
61
83
64
77
76
80
81
73
82
75
62
67
80
80
77
80
88
76
67
90
69
81
78
75
69
74
75
84
72
74
76
74
67
65
81
74
79
78
73
67
71
78
76
76
71
77
84
70
69
80
70
61
81
77
70
73
70
59
82
90
64
62
85
77
80
89
74
75
72
63
60
81
59
61
65
68
77
75
67
64
77
61
63
73
67
83
63
67
74
59
81
65
66
73
72
95
73
55
63
59
76
80
73
70
66
60
78
69
85
83
77
72
70
59
73
67
73
79
59
75
59
63
65
62
62
57
57
62
85
72
70
71
61
68
67
61
69
55
74
87
87
75
78
75
61
87
68
66
63
58
73
84
60
81
69
78
69
70
76
64
72
65
68
74
79
61
69
59
63
69
65
80
67
88
69
59
76
70
74
62
73
80
71
59
61
67
64
76
63
56
67
65
65
70
64
69
71
67
56
69
61
66
55
71
66
69
75
59
69
82
79
72
72
72
74
63
52
73
70
63
71
80
51
57
71
66
60
78
73
66
69
68
55
71
72
68
55
75
73
73
60
66
64
81
63
59
67
76
56
59
84
62
70
69
65
65
78
64
67
63
57
76
59
80
59
57
76
59
68
55
72
66
55
71
69
64
69
64
69
51
72
58
51
69
56
75
58
57
81
68
58
49
84
61
70
64
70
76
62
62
74
78
56
58
57
62
57
73
92
67
63
61
51
75
55
77
60
85
63
71
61
57
58
76
66
71
51
63
63
78
81
72
65
73
73
49
69
73
74
62
62
67
66
57
88
80
59
79
70
75
68
64
70
74
75
82
62
59
65
62
64
43
66
84
63
75
45
73
73
55
77
68
59
64
68
63
63
63
53
69
66
75
65
67
73
76
80
64
58
66
63
54
67
69
71
71
67
83
65
49
70
53
72
76
59
71
63
55
66
67
54
80
52
55
74
57
50
60
58
68
64
69
64
61
65
45
75
65
76
69
63
67
68
61
54
66
69
77
58
66
62
51
64
77
63
60
83
64
57
71
72
72
75
58
66
65
68
58
66
67
71
66
63
82
81
73
61
70
65
59
57
49
55
59
58
78
76
75
65
67
53
55
82
74
62
55
63
70
65
75
63
72
77
56
54
61
75
83
76
71
72
64
60
67
67
67
58
62
63
77
55
58
63
53
67
61
71
65
60
74
73
51
71
80
59
57
62
47
78
73
69
88
68
73
62
50
60
63
56
69
64
68
62
59
89
76
66
81
73
74
69
73
69
68
60
51
63
62
70
58
67
76
74
59
49
66
74
60
64
73
64
70
67
68
66
55
63
63
48
83
64
79
64
70
66
63
66
61
54
66
67
82
55
72
60
62
63
58
57
67
65
76
68
54
67
73
52
76
60
68
70
83
68
52
67
81
57
60
54
64
58
58
48
72
60
59
76
82
68
62
63
60
75
60
52
68
82
80
71
57
74
63
57
68
59
64
77
58
66
72
66
56
57
66
56
75
59
65
62
74
73
46
55
54
57
75
50
56
60
65
53
64
61
52
57
71
61
60
62
74
52
51
58
44
80
56
50
50
41
64
57
68
55
60
63
50
59
51
69
53
64
52
56
54
44
46
64
59
55
60
59
50
40
51
50
61
67
51
59
55
56
74
56
49
61
49
44
62
49
54
53
44
46
56
61
67
52
58
49
57
62
47
51
51
59
55
43
45
56
44
42
57
51
50
53
50
60
57
61
55
70
60
59
53
61
48
52
66
71
52
43
51
55
68
60
55
43
59
59
45
53
44
48
45
58
51
38
55
70
50
57
41
60
53
46
43
48
50
55
58
59
51
65
44
52
49
48
55
51
66
55
62
53
63
47
50
57
54
41
57
42
51
41
38
47
54
60
55
58
51
59
58
44
52
59
58
47
56
52
61
53
58
63
50
70
53
53
46
56
69
60
54
42
55
61
52
53
50
46
45
58
50
50
66
52
54
54
60
44
53
54
60
48
59
57
72
64
51
58
52
47
55
57
73
61
64
55
54
47
42
43
57
44
49
52
64
56
57
68
52
42
71
49
61
54
63
61
70
80
54
84
65
49
52
64
57
63
71
62
78
54
60
61
81
76
73
59
70
74
66
58
73
74
63
70
77
81
80
85
94
91
79
97
100
85
101
88
111
148
143
176
222
280
325
369
365
430
464
414
410
367
376
346
298
248
199
175
173
124
131
110
117
89
65
79
66
88
62
61
58
64
46
62
52
55
42
47
42
45
45
55
40
51
37
41
52
41
44
35
47
37
35
46
51
42
44
45
42
37
52
43
48
41
56
43
39
43
45
44
32
38
45
41
49
42
40
52
37
44
46
52
38
38
42
55
54
43
45
40
46
39
39
31
46
44
34
43
50
38
48
51
50
35
38
48
51
46
50
43
51
38
60
35
47
40
47
45
49
54
37
38
44
35
32
39
47
48
45
47
54
43
47
49
46
39
51
45
44
52
47
42
55
50
43
60
41
38
43
49
49
45
49
49
35
56
38
53
45
44
53
54
42
50
49
57
45
52
51
44
46
44
61
54
42
46
40
55
44
49
46
48
51
57
42
60
45
42
44
50
44
39
44
60
48
60
52
55
45
54
50
52
54
45
47
63
56
49
63
52
57
52
53
60
53
53
58
66
64
55
64
57
64
95
62
74
86
76
86
91
105
105
103
107
75
97
73
71
71
53
66
43
46
40
46
30
44
34
23
37
31
26
22
25
23
22
25
24
26
25
26
22
20
17
33
22
19
22
24
21
20
17
23
20
25
22
12
14
27
19
24
21
19
18
18
26
15
17
17
23
22
33
18
19
19
20
18
25
16
24
24
14
21
26
17
18
15
18
12
23
14
34
13
21
19
22
23
18
27
18
12
20
18
17
15
23
19
21
22
14
18
20
23
21
15
16
15
20
20
27
13
22
20
23
19
12
17
20
16
19
30
22
22
16
11
26
16
14
29
21
20
18
14
17
12
18
21
25
17
28
13
8
16
14
21
19
10
12
12
22
16
23
18
21
19
27
37
10
22
16
17
20
16
9
16
19
18
17
27
19
22
10
16
20
16
17
22
12
16
23
13
11
27
22
16
19
17
24
22
27
21
14
18
21
13
11
17
18
20
20
17
15
23
27
15
17
15
15
14
17
21
23
11
18
11
14
24
15
21
17
18
22
22
22
15
21
10
14
17
14
21
21
19
14
19
20
12
15
16
20
21
15
18
14
18
9
14
14
21
24
15
14
19
19
22
20
22
20
20
22
16
17
13
21
11
14
16
18
12
10
19
14
18
16
15
13
20
19
23
21
18
17
14
16
17
18
12
16
15
14
13
17
18
25
23
20
17
18
28
30
16
19
18
19
15
17
21
14
11
13
25
25
19
16
10
12
20
21
13
12
14
18
26
18
8
28
17
13
23
19
24
26
17
16
19
20
16
20
20
16
10
15
11
9
18
18
19
16
12
22
25
19
15
22
20
20
28
14
15
21
17
18
16
10
10
25
24
14
20
17
19
14
19
18
19
17
13
23
19
21
13
17
22
21
21
20
13
23
22
21
16
13
14
18
14
25
14
13
17
19
13
14
21
13
20
14
13
11
26
23
16
14
22
21
26
19
24
18
22
11
22
16
18
20
24
21
19
13
18
19
19
16
16
16
10
10
15
29
26
16
13
19
22
18
8
20
16
25
22
18
13
17
15
12
24
18
22
21
16
14
27
33
18
19
16
25
19
26
17
22
27
21
14
23
15
23
19
17
22
21
21
17
14
17
35
17
27
15
26
20
30
20
21
21
23
16
26
23
20
37
22
34
17
20
25
11
35
26
21
26
31
36
30
30
28
30
22
34
31
38
49
39
26
30
30
26
42
36
35
40
42
34
38
51
43
44
59
46
40
39
51
43
40
46
44
43
41
43
60
46
54
57
39
48
47
47
49
41
62
55
54
60
62
58
60
61
69
72
78
80
68
76
85
75
92
86
91
101
114
117
137
207
258
349
465
515
603
747
846
834
906
899
823
777
657
622
452
393
360
308
256
230
166
143
131
101
78
76
65
61
52
55
32
37
35
28
20
19
28
28
26
28
17
20
30
18
15
17
12
21
26
25
14
21
21
22
18
17
14
20
14
21
16
26
15
16
25
16
19
21
27
31
22
16
23
19
30
22
22
22
15
25
13
23
17
23
14
11
20
17
22
22
26
19
19
13
13
20
15
17
18
29
20
17
22
20
18
24
21
22
27
17
21
19
24
24
34
23
15
18
21
26
7
26
23
18
21
18
14
23
29
16
27
25
29
26
25
18
36
22
24
17
22
16
30
26
17
25
25
16
28
19
35
23
17
27
33
15
18
28
24
27
26
24
20
24
18
21
21
20
22
28
27
28
26
20
21
29
25
27
29
31
23
22
21
33
33
24
21
27
31
34
28
31
32
32
27
34
35
37
29
27
37
30
31
22
32
26
33
34
40
38
38
38
33
44
31
48
37
39
39
39
48
45
42
50
51
53
55
60
64
51
62
59
64
69
65
60
58
51
37
39
23
27
22
11
14
19
11
12
13
6
12
6
5
5
4
8
5
6
5
4
12
3
7
5
4
5
8
5
5
5
4
8
5
3
6
7
6
7
6
3
4
6
7
6
6
4
5
3
5
3
4
4
5
7
5
6
8
7
4
4
9
3
3
6
7
1
5
4
4
4
9
1
5
2
4
4
5
2
2
5
5
5
7
3
7
5
6
3
6
3
6
7
5
3
4
5
5
5
2
8
3
2
5
5
4
6
8
5
3
5
2
7
4
4
5
4
3
6
5
7
8
6
6
4
1
8
5
6
5
1
2
3
3
5
7
6
3
3
6
7
5
1
4
4
8
4
4
5
7
3
4
4
4
2
4
3
4
2
4
5
5
4
6
2
5
3
6
6
5
2
3
6
3
0
8
4
2
4
3
3
1
6
3
4
4
6
2
4
4
5
1
4
5
7
1
6
3
1
3
7
8
4
3
4
1
3
2
5
4
2
3
5
2
4
2
2
4
4
2
9
4
2
2
4
5
5
5
7
7
3
3
6
4
1
0
4
3
4
2
3
3
5
3
7
2
2
8
3
6
3
4
3
7
2
7
2
5
2
4
2
5
3
3
3
4
6
2
2
5
3
2
3
2
5
3
4
7
4
3
4
3
0
4
6
3
4
4
7
6
8
5
3
4
3
2
3
5
8
0
2
8
5
4
5
2
4
6
7
3
3
5
4
3
4
3
3
8
7
2
7
3
4
4
3
7
6
5
7
2
9
1
3
1
4
4
3
1
4
4
2
5
2
2
1
5
2
4
4
7
4
2
7
3
1
5
4
5
5
6
2
7
1
12
7
4
1
5
1
3
4
4
3
5
2
1
4
7
1
1
3
8
4
3
4
5
0
5
4
8
2
5
3
3
3
2
0
1
3
4
2
3
2
6
4
1
3
4
4
4
6
2
0
3
4
4
1
8
6
4
3
4
3
5
5
7
4
3
2
4
2
5
1
2
4
3
3
3
4
5
1
1
6
7
2
4
4
6
3
3
6
1
3
4
5
4
3
2
5
2
0
5
2
1
5
7
3
2
2
3
1
1
4
4
4
1
2
3
3
2
1
5
7
5
6
0
3
5
3
1
4
2
2
1
6
3
5
1
3
7
3
3
3
3
2
5
5
6
6
2
3
3
2
4
1
3
2
1
5
3
4
2
2
4
1
3
2
2
3
4
4
4
1
3
1
4
4
2
1
5
5
2
7
5
5
7
2
0
1
0
3
1
3
4
2
2
6
4
5
4
3
2
2
1
4
1
6
3
3
3
3
7
4
1
3
0
4
3
2
2
3
2
4
1
5
2
6
3
2
2
4
2
6
0
3
1
6
3
4
5
1
1
1
1
0
2
1
2
3
7
2
2
3
3
4
1
2
1
3
5
4
2
5
2
1
4
2
3
5
2
2
6
3
0
1
9
1
1
2
3
6
3
4
3
0
4
1
6
2
1
1
2
2
3
2
4
3
6
4
2
2
0
2
1
2
3
8
1
3
3
4
1
1
1
3
2
4
4
1
1
3
3
3
3
3
3
5
1
1
3
2
3
2
4
2
9
2
1
3
1
4
0
2
5
1
3
3
2
5
2
2
5
3
1
3
2
2
5
4
8
1
1
4
5
5
1
7
2
0
3
1
2
1
3
7
3
3
1
0
1
4
1
2
3
3
0
2
1
3
1
3
7
3
5
4
5
4
2
5
2
2
2
2
3
1
1
3
4
1
5
6
3
2
2
1
4
2
3
3
2
3
3
3
1
4
0
5
1
1
6
3
4
4
3
3
2
1
4
1
3
2
2
4
5
3
6
1
3
1
1
2
1
7
2
1
4
2
3
2
1
4
2
5
3
7
1
2
3
0
1
4
3
2
0
2
4
7
0
3
4
4
3
6
2
3
1
4
1
1
3
1
2
2
2
2
2
4
1
1
4
2
3
2
2
3
2
0
0
3
2
5
3
2
5
3
5
1
1
4
0
3
4
5
4
4
3
1
1
3
2
0
2
4
2
1
1
3
2
1
9
2
1
1
1
4
3
5
1
5
4
1
2
5
1
0
5
1
3
1
5
3
6
2
2
1
2
4
4
2
1
4
4
2
1
4
1
1
2
3
1
4
2
2
4
3
0
1
1
0
2
6
0
0
4
2
3
4
2
2
3
0
2
4
4
2
1
1
0
4
1
3
4
1
2
5
2
1
3
5
3
2
2
2
5
1
0
3
0
3
1
5
3
4
3
3
0
5
3
3
4
2
1
2
2
3
4
1
4
4
3
0
3
1
1
1
4
3
2
0
5
1
2
1
5
2
2
2
6
2
2
3
1
2
2
2
1
0
5
2
1
1
2
2
2
3
3
0
2
2
1
0
4
4
0
3
4
1
4
1
2
4
2
7
1
1
1
3
2
2
2
1
1
1
2
0
2
2
4
1
1
0
2
0
1
3
2
6
3
3
1
2
3
0
0
2
0
3
1
5
0
2
5
2
3
2
0
3
4
4
1
107
183
195
201
213
232
237
241
272
291
301
331
317
365
421
488
510
549
618
630
618
683
706
807
914
952
1036
1107
1275
1362
1469
1529
1660
1748
1853
1989
2052
2199
2307
2411
2653
2739
2946
3026
3269
3281
3582
3669
3904
4092
4204
4441
4673
4813
5076
5136
5395
5600
5811
6070
6150
6413
6652
6781
7175
7308
7491
7795
8033
8230
8595
8736
9173
9610
10017
9952
10526
10770
10989
11366
11845
12189
12383
12967
13245
13833
14362
14640
15271
15845
16448
16950
17739
18679
19264
20132
21552
22360
23717
24692
25867
27582
30069
35074
46851
76508
142599
265948
443427
632878
767626
792642
712813
580451
453205
356205
291151
247949
215020
187757
163338
141960
125528
112271
102034
94940
89031
84478
